0,1,2,3,4,5,6,7,8,9,10,11
7oAd7xG4m3oC2qeWB1szghTebAZyyGPAFDJ4wwwbRSNi,D9yh4KAysxt9GLacVe4Wwh2XqghhcjTCSTV9HuM7TBJd,HDYfJLpZKaMFb84jM4mRytn7XLR8UFZUnQpSfhJJaNEy,1.800135339999997,72.89176041894825,1.800135339999997,1.0,0.0007200541359999988,0.02469883552152437,1005.798589426,299479.106006799,8402.58377082109
parEAJhzYzHW87y9VoZAQ22dzQ2MD2ekEtTReaxbMcz,3oyc6hpjYSJEquK6dSvG72NXyz3pqLZz5D8AC71pwgQb,Di2vordgFJVZ1aj1aBpvzXtLfZgJsuLLXawGtVFwX6Rz,8.737372175999951,10.000204831000275,1224.250901755416,140.11660223404712,0.4897003607021664,167.52568252475945,1299.876220211,176.15578074,211644.85669995172
BUSD5rCfUDpCxKGMvYU2yThChxgHoioK74PTPociGnv2,CcFHbafgYDZ8yA8Me1PdtDiVb2eeaS61LbqyKKK5CsNZ,26R9s4nmF3CFDTkiePDwRmtscn8i7r2eygbSijditJ58,20.569525430000006,20.546962249999993,20.563624081161194,0.9997131023338922,0.0020563624081161194,1.0,72.50017904,73.56265224,146.04203114784104
BSCuChvaSj9b5HUSqgDVRzcnr2sSn7cXaamt1jbKH6hn,GnKpRj5kBVPMJfiwZtEuD9GYApLzPdW5JFuZTcyX4BTc,3dmwD9okkomV9nDwyuh4UMhKdUR13QpuKxRo89ycZB5t,365.6339398189998,365.9964018979997,366.27703108260016,1.0017588390834797,0.14651081243304007,0.998377636340946,1594.472422246,1501.000946047,3095.8426193197047
SoN9GaFpSXfpyR5dth3x7PHPVhvJMpQqqDJfCSmPv1t,9kZ9iS68ViMPtoeqtnhAKuF2iqVyfHPdZHoUNdwCELr,BBhm5fJLjw3HRzjtKB8uMEYjGhY6EDm9co3cqpjrSzB9,137.22972275699988,134.41120288400003,23502.34103467709,171.2627597178343,9.400936413870836,170.75902043063377,34.223141761,45.824952401,13686.173687478702
wrmcMSHFi3sWpAEy4rGDvQb3ezh3PhXoV2xNjgLBkKU,8p4mGnARWPBu6P2Gcw4adodLkNDorrXniZMhaY7eJXUn,AyY89zccbsgp9LKFgH4CFZMJmpSgqmPSdTfukhP227rc,0.02587894000000579,0.1978488400000191,6.133903768666933,237.02299123014933,0.0024535615074667734,3907.6237739830412,49.66310874,0.1304627,12281.09773548099
MARpDPs5A7XiyCWPNH8GsMWPLxmwNn9SBmKvPa9LzgA,6YjT74rmcfCpw8LSjPNx5JTmZoYLGrTKnf9arfSgZ4SR,F8GSmi3vA8M8TsybLya1LQ4n1aFHCRbZ6k437PeTdXtg,174367.4542539996,191073.66520700062,160169.8395099942,0.9185764636827016,64.06793580399768,1.0,379186.454062,15278.41764,363590.1696886551
BUSDTd9WiT6uBHJRgNvFXBsA7JrifsAtWzKfioN7ERcy,DyBxrn7gSc1EwnpWhDyhzvMHPtxpmBqRqotapLcKcfTM,Cds99GeBgoCpqBsoRWu1C6fF9LiUMd4pXQQD24s9LPff,9410.468973609994,9426.10870179,9431.604066530599,1.0022459128211225,0.9431604066530601,1.0014410737050616,300.59090012,322.08486195,623.8150110518468
Cob4usZcpHEY7Qt4ZCwj6WVg9S44zvzYV2v9qYF65dTf,NhFM9UXE48PyNAyeyPYA3iXztqKVJwA4bTdLj4ysM8w,6TuFuynuBoeskxyR2cz4wxyidk8dpDK7kAWw3UkjQGx,141.05021999999303,2751.397919999974,1.1792271580481128,0.008360335475181613,0.00047169086321924514,1.0,71897.48422,178.293124,779.3802119007762
BUSDgu5JdqP1rndBvXvanbEufS94FNh1w5FJcAj6vawb,Bgzr8cWubt89JQFXndVjtdKmDbGzuPxNhvjH1EhWCwbo,Dxaf8xPBBQsasRKW5Aa4Sw2YrbfGofY9xZueyyF23FBW,14057.630666439994,13893.629250839997,14155.635510218734,1.0069716473639265,5.6622542040874935,1.0,4650.17635521,10114.71527198,14797.311016918593
vEnkoSUkpnbRrPgBz9DfcVxNz67zjwMYBZraAvDDNSf,DtfyjjsZ5yCjWKLKHvwsfXs5QVsmm1QkK6Sh9JZHoq1g,e5wrKCRv4GhHvEf1VD5Pq2KGaZDXP77nTL612Jyrxwy,16188.054365000013,16198.795701999994,16189.00951656149,1.0000590034812054,1.618900951656149,1.000064004096262,4380.127263,2477.18796,6857.732215933292
BSC8REUo9LpiiWUuqMuLXs2D2yJsJfGd4HdiF3wCLxk5,AZjEH1zWVx1UJ6udMyRijGTzPteuLnaY18yNNmprJEsh,Caf8ypkSVR8xYnXNhjvfvdGCC7mrM3C11rz8Xi6NA6aK,1104.129904557,1103.674631297,1103.6398476299778,0.9995561600813458,0.4414559390519911,1.0,3310.686932182,2990.902550706,6300.120067869331
Sid7E679i9ABqptiAVhkmQ27YHN8vaYT4fppPwmxFsJ,GP7KB8o1bv527HG8kTzzzf4wJ5aEGHvcMQvVhLziUfmT,9gYxhAZ1M9wu5pxr8SBoa5NDm21gi3s9vMHaYTME77sa,595.0555919999997,2534.128911000007,4.9748643755027935,0.008360335475181613,0.0019899457502011177,0.03561849993542366,142747.987377,6710.183551,1432.4277352566846
RoBgmK8CvjdHvPrqdDyVw54VwjZv2TqJ493xnqJAQHx,ExiHJxM7qPAcy27NDHAF6G7vnW7muNHi2sVJpnaNynGQ,6rkPHSqZb7StM4HwS9EuVrmfkV7tRdc7dnsFhyB6cefE,1.6311100000000032,61.90907199999947,0.040222188066218356,0.024659396402583685,4.022218806621835e-06,0.9220124951133338,6010.114517,24.406018,170.70844985158672
ALLwa5WNZbvQsRKAqe1jdRGemdYQnW8E5k4msbRFcYtu,CGoM82Hbz7QVqTgvQatYtjvDWBvoUJp5qm21P8iMs9yb,3dxNNww8TivyN5FMy5dCNdi3Zcxv6e4kUfSPxfFwpdNq,3.191165983999994,3.0521172249999995,12469.876065804363,3907.6237739830412,4.987950426321746,3822.7761000038226,0.686532076,7.857150112,32718.834724075492
oKQqupM9E7SSLAFDLxr7mdsXP7znck9qRbVWc6Yyj7Q,CMR2J7CwfW98RpvnJmFBgRFTLAd3x8CJ1SWs8Bt3uunG,FmRb5jHfSNj1YWP3b45d9vvYuhwjp4om8bALmtqZpr1v,2.6679676600001585,2.72909005999918,2.6092394209610514,0.977987649580766,0.0010436957683844206,1.0,4151.95823951,1746.93542155,5807.49930136588
Dg3mAgpwDfVNnbGWcsxL8sUcSkEbjSJQhKAWNigG44Ju,EATxwd8YA2wV93VJcKMmH2Kn2Y9XfJVUB9hHVu3udwEy,GiGvrRi7NMHfHKanG2B8xyCEqe8jaafWins8bhrLVEaa,0.593657976,0.5849897079999999,101.51879863824874,171.0055330550275,0.040607519455299494,172.69352684218663,0.265898586,0.192593782,78.72982889896332
MATSnbbiTCv7Dc3trJrkrqjx7ckKdr6fwPoVwv9q3sD,631WX9JizSHJm4w6VanZeJAst9T8DeUUnPLesdGkCVtK,211maUSfpnXbPuW1iBu8b4dtJv5EbN1j7JJiEX5TZKEP,483968.59750499984,484016.77919000085,484933.6153996452,1.0019939679963128,193.97344615985807,1.0020672647672149,23590.012589,20913.484626,44593.7686550621
SUiuyGR7SFq3xeRVJonq84fjjeFwRSsFekcevJ53tzy,49GjCCPsv7fBqo6t3iKDrP1xxGDS8uWZbVCdfnp2gjMf,CEwj5xEbbJEjYqM8D6Ai8ByGz1mrh8mkAVsE5fzDSSSx,0.06907400000000008,7.714319000000046,0.0005774818126126954,0.008360335475181613,2.3099272504507818e-07,0.9227620482733737,639.655884,1.708228,6.924025747111783
JSoLLrxK5bYdHwTEWYaGgmeycBCNXKDiBCTw5hXGBg7,xG4wXczA7Dk4hccJ61CHKpDHW4NrNfQwgmWgkb9BuF2,BVR6WgfhsRr9Lob4QDnkEAiNGgAbv7ZieKcY9kSg3QYR,111.50272879399975,96.96633967900006,19080.886569386716,171.12483950629115,7.632354627754687,147.3065585004428,17.596977193,162.701036115,26978.209592504896
BSCNHw8CmxbZ8hCWWzMf5FaG2ajPT6JxfznKUNuRVrn4,7n9kgNL633yGzCYksgnzHyjG73ZLBAwvEae5sbAekbzW,SscdxE99omdG9AiMVwmaEMQySQnCgeAh1sPj2Leutm2,2587.0027462060007,2586.879440698999,2590.1365653871453,1.0012113706433983,1.0360546261548582,1.0,5242.516430294,6416.972513146,11665.839573941192
TETFuZgEmET6d9vYmz9iMFCxK1jKdKYxf3oPz8hSzJK,Eu1Ze6Z84LWNkq7SNoAHBJbXx5t1P95EwyqYohrfCRFV,ASMbv7WNu3qe4pkhREmvyEdwFNDZQ6B6iSrjkj4u8bdC,24.915027609,25.086325889000022,24.815840654355952,0.9960189907793553,0.009926336261742382,1.0016146027396162,305.762094377,46.588646431,351.208721247124
AUSejoEUCh2DBs9mof6BNC8Pubs22w4cJa1ccV9h44R,4xkyD7AfGQDwsQMy9MosRRNGoVJ1zosNinesxg1TzHG7,Cbm5gsQe3nSiCsFrvepVzMCD9xLK3ri9g3ypS2hdmVJ7,1539.2979289999967,1539.877952999992,1538.7055273719584,0.9996151481679553,0.15387055273719583,1.0,14593.883387,14259.373511,28847.640415241865
7dwD9TF6uikvHXxPFK9AsSim54yJoujQjY9vU6gNFumk,CquVr6atkvwueDYficKjn6SSEWq4F4rH4VSiBbW4GBWU,8BCa6ge3b7ho3TfZuM64Vk1hgbrJ3J7EPiAb9uP86CGd,0.3511007469999998,0.3528812240000003,60.3865811361046,171.9921750440042,0.02415463245444184,172.82744665767274,2.212753142,1.958249718,719.015524408082
ercAoEmXjQzEvAFbdjAo81KtMxRGn9AW1ju882upmPH,CMRhskR2Eg6V42RTSdRTXGdozyPbWB8U9dVpijPWb9T4,7TKLLgrWswt6ZJ1pXhVR3FyufHGjJFqiEXxvWJfDcgRm,15.325900265999962,15.00876574299997,2255.5711934927926,147.17381389311973,0.902228477397117,144.204798501193,344.837502289,997.236073166,194557.27737427352
ZUCKWFa4LTL833dPhhpeeRWZcaAEoMeYJPi2iKn4F8N,7eEYpq6ShaJ9opZWMxitRFrdCHh6vfyHhGfoSvFht3N2,H8VggnHmuwd1wvwpT8eg9cUJFEfZ7HAaeYjgXrSm7A2u,1.5158485600002223,1.5164551650002522,1.5165744289196894,1.0004788531906295,0.0006066297715678758,1.0,1916.072738944,1930.351224557,3847.3414810455215
STK75uPSyBnEhGTTzb1nwmP3n427XoXmfRhXxxhyady,6TYyD5fUmDe6N65avW1Ny2RxzRNobw2RRgKwH9CTzSAU,54zDfk4cx2vGrEajPtodWpArNe5eUurytyxd4X3aZAxK,527.1554908460018,587.349072940001,77649.84663832647,147.29970186540342,7.764984663832648,164.0755581071128,470.168424011,87.953780234,83686.73426287078
Lee1XZJfJ9Hm2K1qTyeCz1LXNc1YBZaKZszvNY4KCDw,9DgFSWkPDGijNKcLGbr3p5xoJbHsPgXUTr6QvGBJ5vGN,2hNHZg7XBhuhHVZ3JDEi4buq2fPQwuWBdQ9xkH7t1GQX,7568.870251240995,6452.253688539013,1308230.1603713015,172.84351784955007,130.82301603713015,147.34658273805314,7433.088590201,57112.061569658,9700028.285832092
KZMu9QBEdL97EFgamLbN5DE1AoKBG4HdrKKJo4Vuon3,DD4ACBWyVqdaKWh7v5btsgqQCCMwbKnuL2xd9pv7Gyuw,GcYqiJ1MAuYbNTNYXm1F1gQYTfTgkErACAhNU5dpVj9T,267.8104475399996,268.94191914000044,266.90075368716236,0.9966032174577456,0.10676030147486495,1.0,1687.95293139,1393.37883397,3075.598156310507
NorjjEePhxfwLF4vZjUHCrVVKLzQjEEGQFd3wgjEJmh,34M8pFVqgbV7aqHxvRT5tCv3vu2P1JJYT8J3VaxBK2oG,3AZWBSze3ucsY3xSeuLne3b2pauVqiaJ1SZSV5T9WGWw,2.1281309999999394,3.1999999999970896,1.4162312201198528,0.665481222781818,0.0005664924880479411,1.0,37493.824193,2653.92598,27605.36195072415
C98Sspw7XqnMsgxea3SLQVdbMDL8pKUc3RE82UvX9eq2,CSqgQJurPCzGxb4Cgwx5R61hWQUiaoUHcShNc8r1cKEL,6S2CR5EnukPhC914XkAns8m5GixjMAoUuZMsS5ubHuWc,118.40992600000027,118.38698399999976,0.0,0.0,0.0,1.0,991.002229,992.89171,992.89171
BkMBnJpvHKtWhUvrgRrLesXfi9RUV3ELgdBaJcdH7hcY,5uerVwBnZQsuVhZ15igs7ZgmcqhHnYWbwoRtLyRqLvR,9YWiQh5d4jCtgMdzcGLv9bWgnLaFtzvDDh2nnhJdzhBX,1011.0199146570001,1011.4250931650001,1011.0842671373506,1.0000636510511984,0.40443370685494023,1.0,1473.060029311,1399.195791861,2872.3495829913445
KysFMBBoavfov2tLpvefWW6tPFt6rAeZWDJVy1mMQae,B8ka2V21TH3x64dFV8ETcjuQcwmrciJ2qzy1mJUttRew,7fSf7EYxBANyxzk2s5pymFgshA91tFYQNKKs5UnLWcYS,121.9863060000007,177.7246279999381,3.00810867534089,0.024659396402583685,0.001203243470136356,0.03564853835110752,135008.91371,2242.105896,3409.1661190779055
FrnkTEL6yZ5Aycq2TrEgu29dCrwKG4LPUZydfiwqspkc,DjvZuMZ46fxKBoBpGMPcRcos4xdTtHFxwMh69DpA2ZFY,9rvDPJLAng4uVVqnnSoEXgNDFhBZQTny9AoQioYDZbQX,803.4798180990006,676.8193112679991,139022.59179900106,173.02561765387296,55.60903671960043,147.083048972772,328.336823167,2553.261064182,432352.1037703337
SAMyS8Jr2HJrkFwYVKbpUwsNStnQmvz3f8Tup8bWUWF,6jPzm5TFfquvgm25sTyN3MMGBfufRaFHMxobDWv6hMFW,Cj9ECoDmxsHTDzCY5ZA6RWrPbg9uFzEC1Qc2kso2vJG6,3712.5683090099774,133.00021157999947,3699.9575217910055,0.9966032174577456,1.4799830087164023,0.03572372060406668,702.90166709,110877.04479532,4661.454632650904
heyk4SZTeCUV6a65WiVA5bzic3KcxgVf1qxobfeV4tQ,9ZDpBKPqMABtGfq66FbVribaArMvtk63xxy91onZAtDt,DaTP4s6N7xxSPinbNZ3FB52EpRDRt87QShTuN3VPCW52,87.89507183199657,76.8913118190003,14732.036522748878,167.60935756338904,5.892814609099551,147.20559616794392,652.858445317,4499.325061221,771751.0125898235
Lid8SLUxQ9RmF7XMqUA8c24RitTwzja8VSKngJxRcUa,4PgzyzLtds9bKZ2to9PMnKqJzKEUpjvNUaeN23phegax,AtymwxoVN9peZo7EXTcDz9jKVc4vRmisJKKrNfe3ewBa,465.525545777994,398.74157102099855,79932.90224785326,171.70465288702485,7.9932902247853255,147.0455245591759,1025.321670142,7721.684594184,1311491.6631015702
DFWzVTzNBrQZLjoQ4yQwkj9HuoXmfkuZP9V5vbymZe23,DhgiEgiNdqZdRdo195UUHnoEJUtefK8buko8nU97XJUZ,2K2kkXsouBHtWVjtcgkyiXd8eP3oVBvq1bTJzcVdLLr2,168.51002291299483,150.78824715499468,150.53710849815215,0.8933421638419545,0.060214843399260864,1.0,65342.733044411,10522.828475535,68896.2470047763
moFiBS1R4Lf3E3zzmBPnw3NF4RhWPkhREFviuzUaCAU,44ALBrpqi9PfZkBRTvbtRNtFJGsatfY4QydjtMbFWq8S,2ho8qEEie1UjVwWNBo9y4oAJZMyMLx8zPj9bxyUz6uWs,1244.635427416004,1247.5238044529979,1241.5684045759797,0.9975358062509986,0.4966273618303919,1.0,42888.518968196,25578.287852242,68361.12120009263
SERgf3DMJpQxUifu7VoFKmfne73d2fDJxSrxUMrcNJB,AJfM2GZ2tTB8UtN2krcyR9xufRJEx2mhSCbJyMgPo3GU,F4yRYkufQvERZcEKnKjJwRLU1btiMBUuEwq46hfm11QD,0.035620440999995395,0.03531498199999916,5.258857640263069,147.63594982621774,0.002103543056105228,147.06120246062804,26.171410496,31.064081743,8432.162261329628
RajgMbScQbqqrdJfR2rxfHJiTiY5b6bJ2tTXiF4aPxy,725ZA3fhyBAKb5iopNRrcbSuQa3LXA1656Q3mBvYPxeg,GLA6i1dSZpUfk2f9Nj8uiG7xyDdAR2reff8oEiZH3617,141967.43756434,142181.41686654993,141973.7028638474,1.0000441319475428,56.78948114553896,1.0,102480.18788636,129980.43067543,232465.141212066
MATgk4zXLXtYkwBH678J1xZbRDZ45LicNzkRBHkxTuY,y8dALFo1bJrSzPYjMX14HJX448pXqYmrfXHD1K8MXih,GN7Yuet3UyiWS5YVkEHv6oQKi4HGBJc3XDPt9zQhAqZz,63586.18302699999,63627.34535499997,63627.09524924525,1.0006434137150186,25.4508380996981,1.0,8698.794168,9359.395278,18063.786369471818
KEVpg4SYCVrqFxKijQH6hm4QxsRdoE51ud64bEEFUC9,2bPenuBYfqzD8p5dFjCcggwkHDsc2RQDnx9AoyYGUBjA,AE6n6iLuX8oYu61vt5hoDYkjswpnxFxrhSehxrnQTnbx,398.9541292390004,399.10569731299984,398.6075113081771,0.9991311834985028,0.15944300452327084,1.0,4998.428746107,2595.366093682,7589.452122412824
SAMGk1Nd4haC8zQA63DG37pzuEZy8j4q13tSFtCbcRE,9U9TnkHD3jXMAVZtynCVLgDruuqN4pTvLJTmVHCLWS8g,C6zoEbvqSknmi96QWq96UBiPCyNW3YSTvKhavR2BfifE,0.23960409000000005,0.40763199999999955,0.49158430650045554,2.0516524008436394,0.00019663372260018223,0.0,53.56477961,1.17570795,109.89630868751694
KEN5P7p3asnb23Sw6yAmJRGvijfAzso3RqfyLAQhznt,9zj4aX38Uxf3h6AUjS4EipWS8mwbEofasHAf3a1uKGds,CwQDG1MWunn9cLNwcZLd8YBacweSR7ARo32w4mLua1Yr,185137.6550930026,185153.0510719954,185102.11548682913,0.9998080368569235,18.510211548682914,1.0,2285848.268095,2203129.155233,4488538.624709861
WiiQFxXqp8P9Fs1rt9SVcDyA3KUdJmUsog6wnVQAwba,3S2jpqSYxho6wiz3cafhjXruVY8cg4HYa2v3BqBHYFSj,Dfe67M6TfrG74gKRtdqys4e6E9QirPD53BkF4FujFjuv,464.10665031400003,464.78386706600213,463.502921536097,0.9986991593904234,0.0463502921536097,1.0,19339.75909221,7366.198114138,26680.799262341425
KwnjUuZhTMTSGAaavkLEmSyfobY16JNH4poL9oeeEvE,J63v6qEZmQpDqCD8bd4PXu2Pq5ZbyXrFcSa3Xt1HdAPQ,BnKQtTdLw9qPCDgZkWX3sURkBAoKCUYL1yahh6Mw7mRK,1088.295771,30638.14005799993,38.68278031280177,0.03554436334642503,0.003868278031280177,1.0,270307.943645,777.096931,10385.02069534286
YAkoNb6HKmSxQN9L8hiBE5tPJRsniSSMzND1boHmZxe,CfWX7o2TswwbxusJ4hCaPobu2jLCb1hfXuXJQjVq3jQF,EnTrdMMpdhugeH6Ban6gYZWXughWxKtVGfCwFn78ZmY3,8189247.084727961,8204013.761035932,8189247.084727961,1.0,818.924708472796,1.0011032157437496,1110799.624263,128322.003834,1239263.1949518991
SoNcU2iwHMw6dGzsYNQkYFkUjwN1UdAjrWVRnStrZu2,8ivTTid27jZnYNc4w3CTA1Z6QS2twsFb8WMwUabeDJgc,CyXm53PMvHCbeXJBykU46Rcbo28xk5srhMZFg7gv6EYB,77.05506262700007,76.13148324600003,13287.151681710091,172.43710184273183,5.314860672684037,170.5869247851543,10.938537713,13.717669186,4226.264743286954
AURHmCnNwiW4uA2Qj1XvEh4iKgRUZYXtiY7FKAapUV5Y,BKWm4TRnTeKwfWXRyuzjRHU7iZDkPuXBX5b5V5jSVfGJ,A5Ww74HVrkj9nPeC7pHKLfgeDMEhBCpW1efQdz3TGLEg,1.02130341999964,0.9072460199998886,168.46619899426034,164.9521539782171,0.06738647959770414,146.92784167996118,285.900319205,1821.226297671,314748.7226035111
ALBpShJ9NLpE739pcHDF2LNVk5J4VYPvvKuV6jMPitZi,D6d156U1bPiJpDYRLextvDRccgFk7QzkQbJg42ceKEu5,GNcM8U5g8RwTZffwwm3kSQqUNPSwv5d2fbN9sLxPJqt2,8576.707221000004,8579.081834000004,8591.501787077352,1.0017249703990272,3.436600714830941,1.001971880661141,50352.097131,49854.169081,100391.428560968
HEDSDjj84KS7LKhZY7ejkCACTdPen62rKhCby1wXtgxc,EnnjMSFttpCTywBrYNt1J5QQeoSVkvzPipJDa8Y7kJow,6bjVT6JN2rSvpyn9PdfLYC8wJn4LWh49jpY47fnLDXZk,4.367353430996445,4.389671898996312,4.241840233252967,0.9712610394998782,0.001696736093301187,1.0,38647.909308263,9559.29312906,47096.50169830054
B2izdXFYb2sNwbWWHmh75T4aQFtfXsUxem9u2p61HGzf,4DYwgJtxwuJdAjkj5RJSNH4e7U329V5cNp7d3a1nLrZv,EXNW64GEf1ACC6xY9BtKRiunrs6GoJSXBdxWN2eTPmrF,12235.214041000008,12078.161983999988,10823.446918711019,0.8846144319536887,1.082344691871102,1.0,9447.727462,30571.575719,38929.1717810504
SEQV6QiTpvTzrceiaYg9Avnwf7oc8ZALpnQMz6TyT4A,3dFMPj4r9mMmPHF32mz1gNDX7f8ftidWof7S8YiYTs1j,Fc1ED3YPeQfXQosHbd8DTaBd2AV5gHQtwiSAL5C5pUhi,1883.6142089700006,1886.4660109760005,1884.9253291002667,1.0006960661710993,0.7539701316401066,1.0019769004245376,4174.231510549,1428.22099005,5608.181492625393
GokA1R67GqSavkd15zR62QD68Tuc5AEfvjssntVDEbM8,3YB7hfpBdbQEuZqLGWVDpRPmeZWCUsrrWyqGXegnQ6Cg,4DPCj6Z1DsG6HUtwSogBGqXEUxdEV5a8YVrrFtcnz7UW,38954.75582400002,38967.02215999999,38948.5240601504,0.9998400255959047,3.89485240601504,1.0,18760.450379,15038.688177,33796.13736413006
CZgvH45CRmoaNJ7395Ao5CQZXkGznvqU7cErD6n7FaRg,4ZjU6MKvtqVQKCiowhvZ5yUsPxXX5SCzd5eFsPeXyey5,BsyWeshjDbCvjDojry3vKDCesmFRM37WtwcR4Kfgzqr,739.65525668,740.0,738.0669881861128,0.99785269085896,0.2952267952744451,1.0,588.64445487,516.3742847,1103.7547379512353
SRMuKizofcAMicegrfSv7xs9q76tH1w8aAF7oX9FEWu,72Hj2KWntXPfbie4UgKeTPnm1XVkomDfCnRPKbvfTtPi,6aqJQ5wedqpUt4fFEDUqUmXhrdxCu4bEJsQdVPCADLko,567.8251350000019,565.891437000002,39.58841410381158,0.06971937602552844,0.015835365641524633,0.06969863633921015,18090.832658,4908.625951,1603.4060997819706
DEDaBEWzMCXohXYXoLzB4jK1xqMsd3SS9izXp2xvg9pe,GC5zHpW5GuVdw3C7covC6viyGdLS8ZAaVGDKMeru7p78,F8juxtAFueW19vxkdDArUkjVWAv9QV6yy1wCXUWQiXvh,0.17134496999999982,21895.134399641305,0.17134496999999982,1.0,6.853798799999993e-05,0.0,32.14413399,8633348.72245931,32.14413399
daob129AwBGn9Y5r91uLoWZeYiGzbPmksauMhFZKTze,6VW5GQNyj4LStgmxEHLr5zUfW92vQnmbw8jTnCH7a38F,4VPCCUifPeBA1c7HWK358CHn2nyjm8pdTRk6Ps3KmnMQ,56.84892676999963,51.32694099299988,9198.87928026992,161.81271666722762,3.679551712107969,146.5582409259198,53.252944023,234.745013989,43020.819859247706
