0,1,2,3,4,5,6,7,8,9,10,11
YAkoNb6HKmSxQN9L8hiBE5tPJRsniSSMzND1boHmZxe,CfWX7o2TswwbxusJ4hCaPobu2jLCb1hfXuXJQjVq3jQF,EnTrdMMpdhugeH6Ban6gYZWXughWxKtVGfCwFn78ZmY3,18895007.3920601,18906705.593190014,18895007.3920601,1.0,1889.5007392060102,1.000033001089036,1050908.89938,167918.518751,1218832.959624988
Dg3mAgpwDfVNnbGWcsxL8sUcSkEbjSJQhKAWNigG44Ju,EATxwd8YA2wV93VJcKMmH2Kn2Y9XfJVUB9hHVu3udwEy,GiGvrRi7NMHfHKanG2B8xyCEqe8jaafWins8bhrLVEaa,0.21895689299999996,0.21779360100000006,32.20575216780764,147.08718107270386,0.012882300867123055,144.87775287651155,0.195734068,0.262211925,66.77864677343732
MAR3XM1n9xWPQ3HJjAcC85o8DopWFP5p2WxGTaZ3fPB,6qG7GUhER8Cg9gDEgnebph9LdS6eu2eoWcA4R7z9uizK,4QV4CwRXVMY227KkFF9voNAfwWHVvVajXSXDKbUHkWZR,0.2510500000000029,0.010394000000000014,0.2386769850927925,0.9507149376331,9.5470794037117e-05,0.035037378576212676,0.164885,22.609135,0.9489234547673338
BUSDTd9WiT6uBHJRgNvFXBsA7JrifsAtWzKfioN7ERcy,DyBxrn7gSc1EwnpWhDyhzvMHPtxpmBqRqotapLcKcfTM,Cds99GeBgoCpqBsoRWu1C6fF9LiUMd4pXQQD24s9LPff,5830.623513709999,5831.131610859997,5840.362083870369,1.001670245066839,0.584036208387037,1.0005933518576515,290.08013239,329.00366977,619.7635220087446
7oAd7xG4m3oC2qeWB1szghTebAZyyGPAFDJ4wwwbRSNi,D9yh4KAysxt9GLacVe4Wwh2XqghhcjTCSTV9HuM7TBJd,HDYfJLpZKaMFb84jM4mRytn7XLR8UFZUnQpSfhJJaNEy,30809.555716979026,1125.7527307859998,30623.19836581664,0.9939513132589677,12.249279346326656,0.025391321474029546,1028.030578959,298594.263920648,8603.51528953707
GokA1R67GqSavkd15zR62QD68Tuc5AEfvjssntVDEbM8,3YB7hfpBdbQEuZqLGWVDpRPmeZWCUsrrWyqGXegnQ6Cg,4DPCj6Z1DsG6HUtwSogBGqXEUxdEV5a8YVrrFtcnz7UW,46982.537758000006,46995.86706999992,46964.78506924383,0.9996221428300103,4.696478506924383,1.0,23579.190555,11724.531491,35294.81247978624
RoBgmK8CvjdHvPrqdDyVw54VwjZv2TqJ493xnqJAQHx,ExiHJxM7qPAcy27NDHAF6G7vnW7muNHi2sVJpnaNynGQ,6rkPHSqZb7StM4HwS9EuVrmfkV7tRdc7dnsFhyB6cefE,18.317283999999354,310.77835099999754,0.45210895921079675,0.02468209583968959,4.521089592107968e-05,0.9542021152752492,6041.456516,23.600049,171.63502541562872
SERgf3DMJpQxUifu7VoFKmfne73d2fDJxSrxUMrcNJB,AJfM2GZ2tTB8UtN2krcyR9xufRJEx2mhSCbJyMgPo3GU,F4yRYkufQvERZcEKnKjJwRLU1btiMBUuEwq46hfm11QD,0.002548351999998033,0.0001598280000010277,0.31580631453484087,123.92570356649499,0.00012632252581393637,123.73272938563235,26.126720889,31.107669268,7086.809091409963
wrmcMSHFi3sWpAEy4rGDvQb3ezh3PhXoV2xNjgLBkKU,8p4mGnARWPBu6P2Gcw4adodLkNDorrXniZMhaY7eJXUn,AyY89zccbsgp9LKFgH4CFZMJmpSgqmPSdTfukhP227rc,0.02433491000000007,0.4047390799999988,5.190893771331073,213.31058020477815,0.0020763575085324293,3561.1267405006947,49.68733714,0.12896792,11058.105822742575
SoNcU2iwHMw6dGzsYNQkYFkUjwN1UdAjrWVRnStrZu2,8ivTTid27jZnYNc4w3CTA1Z6QS2twsFb8WMwUabeDJgc,CyXm53PMvHCbeXJBykU46Rcbo28xk5srhMZFg7gv6EYB,15.687906446,15.562536470000001,2277.7439000876375,145.1910685423804,0.9110975600350549,142.8811673048454,11.02419564,13.569687176,3539.467488460323
STK75uPSyBnEhGTTzb1nwmP3n427XoXmfRhXxxhyady,6TYyD5fUmDe6N65avW1Ny2RxzRNobw2RRgKwH9CTzSAU,54zDfk4cx2vGrEajPtodWpArNe5eUurytyxd4X3aZAxK,1197.3385127770002,1310.481733210996,148655.73043349144,124.15513979310043,14.865573043349144,138.2990052152555,462.410540715,86.97225598,69438.82180763455
Lee1XZJfJ9Hm2K1qTyeCz1LXNc1YBZaKZszvNY4KCDw,9DgFSWkPDGijNKcLGbr3p5xoJbHsPgXUTr6QvGBJ5vGN,2hNHZg7XBhuhHVZ3JDEi4buq2fPQwuWBdQ9xkH7t1GQX,11975.158852622048,10223.735117626002,1741169.3862167876,145.39843751931073,174.11693862167877,124.019255725721,7469.475335549,57124.267629456,8170559.198159884
ALBpShJ9NLpE739pcHDF2LNVk5J4VYPvvKuV6jMPitZi,D6d156U1bPiJpDYRLextvDRccgFk7QzkQbJg42ceKEu5,GNcM8U5g8RwTZffwwm3kSQqUNPSwv5d2fbN9sLxPJqt2,8316.49351500001,8308.064011000017,8306.807777131873,0.9988353579726039,3.3227231108527495,0.9943787767748916,44437.459342,55767.679716,99839.90274882963
FrnkTEL6yZ5Aycq2TrEgu29dCrwKG4LPUZydfiwqspkc,DjvZuMZ46fxKBoBpGMPcRcos4xdTtHFxwMh69DpA2ZFY,9rvDPJLAng4uVVqnnSoEXgNDFhBZQTny9AoQioYDZbQX,168.4000282610018,143.10239062099964,24773.57387738904,147.111459144132,9.909429550955617,124.25285206890318,318.28180058,2568.156212582,365923.6340741314
moFiBS1R4Lf3E3zzmBPnw3NF4RhWPkhREFviuzUaCAU,44ALBrpqi9PfZkBRTvbtRNtFJGsatfY4QydjtMbFWq8S,2ho8qEEie1UjVwWNBo9y4oAJZMyMLx8zPj9bxyUz6uWs,1522.0816556890022,1526.3801434359993,1509.0635933487013,0.9914471984524326,0.6036254373394806,0.9999265703923033,43018.818903124,25447.420471444,68096.43935957673
SUiuyGR7SFq3xeRVJonq84fjjeFwRSsFekcevJ53tzy,49GjCCPsv7fBqo6t3iKDrP1xxGDS8uWZbVCdfnp2gjMf,CEwj5xEbbJEjYqM8D6Ai8ByGz1mrh8mkAVsE5fzDSSSx,7.502912000000076,21.002750000000056,0.05545773815042848,0.0073914952155147125,2.2183095260171395e-05,0.9535615523982074,663.010887,1.514404,6.344719228292721
KZMu9QBEdL97EFgamLbN5DE1AoKBG4HdrKKJo4Vuon3,DD4ACBWyVqdaKWh7v5btsgqQCCMwbKnuL2xd9pv7Gyuw,GcYqiJ1MAuYbNTNYXm1F1gQYTfTgkErACAhNU5dpVj9T,616.4440287299974,619.7756985499989,613.1725996178861,0.9946930638311947,0.24526903984715445,1.0,1757.38809965,1323.82187832,3071.8836315013396
HEDSDjj84KS7LKhZY7ejkCACTdPen62rKhCby1wXtgxc,EnnjMSFttpCTywBrYNt1J5QQeoSVkvzPipJDa8Y7kJow,6bjVT6JN2rSvpyn9PdfLYC8wJn4LWh49jpY47fnLDXZk,27.155256720998295,27.959544054006983,26.05059117134893,0.9593203790706512,0.010420236468539573,0.9999265703923033,38673.437997878,9534.455254118,46633.972342898734
WiiQFxXqp8P9Fs1rt9SVcDyA3KUdJmUsog6wnVQAwba,3S2jpqSYxho6wiz3cafhjXruVY8cg4HYa2v3BqBHYFSj,Dfe67M6TfrG74gKRtdqys4e6E9QirPD53BkF4FujFjuv,5015.646021348004,5018.909247563995,5011.297613171804,0.9991330312869585,0.5011297613171805,0.9999265703923033,17976.981059754,8722.869915141,26683.6249778454
ACUSESXyNnwRLAg1dpSGMLSzUDdLjUMybY8rkXiAKhCP,AhFPQdu8GKBsxuhiH46UmCu1YpaLgNpoP325HnYtsgas,A8wxWpT3aFEr2XqZp1kDmbxbFfcBE95UUmdsNTDBJYbT,0.0,0.025910594000379206,0.0,0.9999265703923033,0.0,0.9870916748333779,1027.12796296,1857.75618587,2860.828206299112
vEnkoSUkpnbRrPgBz9DfcVxNz67zjwMYBZraAvDDNSf,DtfyjjsZ5yCjWKLKHvwsfXs5QVsmm1QkK6Sh9JZHoq1g,e5wrKCRv4GhHvEf1VD5Pq2KGaZDXP77nTL612Jyrxwy,17388.813853999996,17395.555807,17381.02715383508,0.9995522006141249,1.738102715383508,0.9997330712699709,4057.921996,2793.150064,6848.509353022898
SAMGk1Nd4haC8zQA63DG37pzuEZy8j4q13tSFtCbcRE,9U9TnkHD3jXMAVZtynCVLgDruuqN4pTvLJTmVHCLWS8g,C6zoEbvqSknmi96QWq96UBiPCyNW3YSTvKhavR2BfifE,7.443296769999999,9.778042290000002,17.782765930505914,2.389098067697483,0.007113106372202366,0.0,53.15706693,1.41535968,126.99744588692877
BSCuChvaSj9b5HUSqgDVRzcnr2sSn7cXaamt1jbKH6hn,GnKpRj5kBVPMJfiwZtEuD9GYApLzPdW5JFuZTcyX4BTc,3dmwD9okkomV9nDwyuh4UMhKdUR13QpuKxRo89ycZB5t,501.4427849579995,501.867630897,501.73071717851246,1.000574207525066,0.200692286871405,0.999419337364991,1656.782835433,1437.493719423,3094.393193136577
KEVpg4SYCVrqFxKijQH6hm4QxsRdoE51ud64bEEFUC9,2bPenuBYfqzD8p5dFjCcggwkHDsc2RQDnx9AoyYGUBjA,AE6n6iLuX8oYu61vt5hoDYkjswpnxFxrhSehxrnQTnbx,812.1033630670004,812.6471497739999,811.6319939887476,0.999419570094535,0.32465279759549903,0.999925570540157,4747.223693571,2843.680507535,7587.937116902176
MATSnbbiTCv7Dc3trJrkrqjx7ckKdr6fwPoVwv9q3sD,631WX9JizSHJm4w6VanZeJAst9T8DeUUnPLesdGkCVtK,211maUSfpnXbPuW1iBu8b4dtJv5EbN1j7JJiEX5TZKEP,110701.97782400002,110495.90394699998,110562.33759162179,0.9987385931568429,44.22493503664872,0.9993094771512885,23199.766562,20978.072119,44134.08849857896
7dwD9TF6uikvHXxPFK9AsSim54yJoujQjY9vU6gNFumk,CquVr6atkvwueDYficKjn6SSEWq4F4rH4VSiBbW4GBWU,8BCa6ge3b7ho3TfZuM64Vk1hgbrJ3J7EPiAb9uP86CGd,0.18268841799999969,0.18327406600000073,26.447068923085787,144.7659857839802,0.010578827569234315,145.48309188231988,2.183931682,1.985886571,605.0719413062541
SAMyS8Jr2HJrkFwYVKbpUwsNStnQmvz3f8Tup8bWUWF,6jPzm5TFfquvgm25sTyN3MMGBfufRaFHMxobDWv6hMFW,Cj9ECoDmxsHTDzCY5ZA6RWrPbg9uFzEC1Qc2kso2vJG6,17054.782929510046,639.1721583399996,16964.322376867636,0.9946958836699186,6.785728950747055,0.035379097823806924,721.97255973,114533.45301942,4770.233371758521
KysFMBBoavfov2tLpvefWW6tPFt6rAeZWDJVy1mMQae,B8ka2V21TH3x64dFV8ETcjuQcwmrciJ2qzy1mJUttRew,7fSf7EYxBANyxzk2s5pymFgshA91tFYQNKKs5UnLWcYS,222.46882800000003,320.4581369999796,5.510895501827682,0.02477154013607552,0.002204358200731073,0.03534514355960234,134931.202996,2295.485636,3423.5879799677928
DFWzVTzNBrQZLjoQ4yQwkj9HuoXmfkuZP9V5vbymZe23,DhgiEgiNdqZdRdo195UUHnoEJUtefK8buko8nU97XJUZ,2K2kkXsouBHtWVjtcgkyiXd8eP3oVBvq1bTJzcVdLLr2,1332.846624373,1521.2909800750203,1180.5492518866529,0.8857352603807725,0.4722197007546612,0.9999265713921565,65769.010078057,10131.113892338,68384.30124522245
ZUCKWFa4LTL833dPhhpeeRWZcaAEoMeYJPi2iKn4F8N,7eEYpq6ShaJ9opZWMxitRFrdCHh6vfyHhGfoSvFht3N2,H8VggnHmuwd1wvwpT8eg9cUJFEfZ7HAaeYjgXrSm7A2u,12.933304211999939,12.938567000000148,12.93854503435883,1.000405219136037,0.0051754180137435326,0.9999265713921565,1916.072738944,1930.318117126,3847.0255448378234
ercAoEmXjQzEvAFbdjAo81KtMxRGn9AW1ju882upmPH,CMRhskR2Eg6V42RTSdRTXGdozyPbWB8U9dVpijPWb9T4,7TKLLgrWswt6ZJ1pXhVR3FyufHGjJFqiEXxvWJfDcgRm,0.0,0.0028158459999758634,0.0,124.40032821782597,0.0,120.59518547841014,289.551710367,1012.341113288,158103.79213007426
MATgk4zXLXtYkwBH678J1xZbRDZ45LicNzkRBHkxTuY,y8dALFo1bJrSzPYjMX14HJX448pXqYmrfXHD1K8MXih,GN7Yuet3UyiWS5YVkEHv6oQKi4HGBJc3XDPt9zQhAqZz,65934.023663,65988.17370299998,65931.25455030888,0.9999580017639258,26.372501820123553,1.0,9563.525785,8378.463533,17941.587666786378
ALLwa5WNZbvQsRKAqe1jdRGemdYQnW8E5k4msbRFcYtu,CGoM82Hbz7QVqTgvQatYtjvDWBvoUJp5qm21P8iMs9yb,3dxNNww8TivyN5FMy5dCNdi3Zcxv6e4kUfSPxfFwpdNq,2.025129006,2.0280335959999984,7237.514763589577,3573.8536864300772,2.895005905435831,3584.9489503269474,6.271884859,2.249133475,30477.827514548582
Lid8SLUxQ9RmF7XMqUA8c24RitTwzja8VSKngJxRcUa,4PgzyzLtds9bKZ2to9PMnKqJzKEUpjvNUaeN23phegax,AtymwxoVN9peZo7EXTcDz9jKVc4vRmisJKKrNfe3ewBa,1443.7470194770092,1237.047712614005,209357.78968137805,145.0100238178964,20.935778968137807,123.94602497661138,1027.996794291,7739.218460766,1108315.2042624136
SEQV6QiTpvTzrceiaYg9Avnwf7oc8ZALpnQMz6TyT4A,3dFMPj4r9mMmPHF32mz1gNDX7f8ftidWof7S8YiYTs1j,Fc1ED3YPeQfXQosHbd8DTaBd2AV5gHQtwiSAL5C5pUhi,5462.65140655,5463.367300953,5458.89887212292,0.999313056216148,2.1835595488491677,0.9975181747811445,1997.248636069,3603.383436962,5590.317107608586
JSoLLrxK5bYdHwTEWYaGgmeycBCNXKDiBCTw5hXGBg7,xG4wXczA7Dk4hccJ61CHKpDHW4NrNfQwgmWgkb9BuF2,BVR6WgfhsRr9Lob4QDnkEAiNGgAbv7ZieKcY9kSg3QYR,15.283484657000002,13.173683055999987,2206.936700194926,144.4000991739881,0.8827746800779704,124.15513979310043,17.637691434,162.568382247,22730.58461608427
parEAJhzYzHW87y9VoZAQ22dzQ2MD2ekEtTReaxbMcz,3oyc6hpjYSJEquK6dSvG72NXyz3pqLZz5D8AC71pwgQb,Di2vordgFJVZ1aj1aBpvzXtLfZgJsuLLXawGtVFwX6Rz,55.23656332999997,64.43673500700152,6727.766397271305,121.7991488188284,2.691106558908522,141.8399478028992,1304.164041298,175.866129867,183790.91283085296
C98Sspw7XqnMsgxea3SLQVdbMDL8pKUc3RE82UvX9eq2,CSqgQJurPCzGxb4Cgwx5R61hWQUiaoUHcShNc8r1cKEL,6S2CR5EnukPhC914XkAns8m5GixjMAoUuZMsS5ubHuWc,100.56356900000003,100.6535970000001,0.0,0.0,0.0,1.0,970.756802,978.560226,978.560226
BSC8REUo9LpiiWUuqMuLXs2D2yJsJfGd4HdiF3wCLxk5,AZjEH1zWVx1UJ6udMyRijGTzPteuLnaY18yNNmprJEsh,Caf8ypkSVR8xYnXNhjvfvdGCC7mrM3C11rz8Xi6NA6aK,1307.4652254409998,1308.7437677119997,1306.594474298682,0.9993340158304982,0.5226377897194728,0.9999265713921565,3381.553404363,2913.767427274,6292.854816715605
daob129AwBGn9Y5r91uLoWZeYiGzbPmksauMhFZKTze,6VW5GQNyj4LStgmxEHLr5zUfW92vQnmbw8jTnCH7a38F,4VPCCUifPeBA1c7HWK358CHn2nyjm8pdTRk6Ps3KmnMQ,154.35597786199983,139.17863607699996,21156.615234667577,137.06378935049995,8.462646093867031,123.73791962157975,53.62356912,234.243750303,36334.683928935665
FTMDfFPjYWvSsDXMGR8Mdt4fLjDtSDwfz7GAqe5V6qwq,2n895yX1VzrWuwrMCixUcD3SkRysj51jigxtV5N81vk6,HuEnD3eWBSuJtTCZMDG3P74sHPhi5UyVRV4SVefva6jS,13.245930334000128,25.996035141,0.0,0.0,0.0,0.9999265713921565,1592.815543175,12.559088265,12.558166068632916
iLiUBQ7Z7im6Ew3b4ewwPcehzWgEQRJ1iQz7g6D62NW,GpugBvKWM3TVhYcZjemSdtehBWgfvuGr6uAm9iPjXT6v,92fMXJ3xy8tEyMUWLHKRLyhPw2nECBo77GtDiBBbYrjX,3.24169430500001,3.1594310000000405,3.1597387671516026,0.9747183015616252,0.001263895506860641,0.9999265713921565,1908.453288944,1055.937957059,2916.064769414037
MARpDPs5A7XiyCWPNH8GsMWPLxmwNn9SBmKvPa9LzgA,6YjT74rmcfCpw8LSjPNx5JTmZoYLGrTKnf9arfSgZ4SR,F8GSmi3vA8M8TsybLya1LQ4n1aFHCRbZ6k437PeTdXtg,775340.0402530006,812789.1980949988,742251.9335588156,0.9573243931999333,296.9007734235263,1.0,373268.991302,21244.088329,378583.5989275384
4vezWG46exH6pf9nry3n1VJ7hZHvjBJNgNeF4qEFCML5,,,0.6005179999999992,0.6001399999999997,0.0,0.0,0.0,1.0,373268.991302,21244.088329,21244.088329
B2izdXFYb2sNwbWWHmh75T4aQFtfXsUxem9u2p61HGzf,4DYwgJtxwuJdAjkj5RJSNH4e7U329V5cNp7d3a1nLrZv,EXNW64GEf1ACC6xY9BtKRiunrs6GoJSXBdxWN2eTPmrF,22348.475143000025,22161.997930000012,22444.19965452658,1.0042832681386111,2.2444199654526584,1.0,11092.645483,28902.349835,40042.508092970245
BUSDgu5JdqP1rndBvXvanbEufS94FNh1w5FJcAj6vawb,Bgzr8cWubt89JQFXndVjtdKmDbGzuPxNhvjH1EhWCwbo,Dxaf8xPBBQsasRKW5Aa4Sw2YrbfGofY9xZueyyF23FBW,20908.631833320003,20831.90540283001,20979.42564639823,1.003385865399639,8.391770258559294,0.9999797404104592,5500.2834146,9208.49213462,14727.212208250767
heyk4SZTeCUV6a65WiVA5bzic3KcxgVf1qxobfeV4tQ,9ZDpBKPqMABtGfq66FbVribaArMvtk63xxy91onZAtDt,DaTP4s6N7xxSPinbNZ3FB52EpRDRt87QShTuN3VPCW52,357.63565199199627,311.0178233490004,50617.97766690185,141.53504379377327,20.247191066760738,123.61471173296455,650.920334702,4501.250477982,648548.818351919
Cob4usZcpHEY7Qt4ZCwj6WVg9S44zvzYV2v9qYF65dTf,NhFM9UXE48PyNAyeyPYA3iXztqKVJwA4bTdLj4ysM8w,6TuFuynuBoeskxyR2cz4wxyidk8dpDK7kAWw3UkjQGx,97.07855999999995,12785.088776999983,0.713900047480793,0.007353838452906526,0.00028556001899231724,1.0,73533.162645,165.379635,706.1306340226308
HDSBGqAuMRr6X2AfmmbXQPpRgU6VEhtfNVVZ3wUTZXg,DCZ1d8kNLgDcdSd99y4udLgwq46mfDXNS9KXj96kQf5L,Fq8GGYQM5Pz3q7LmVMbrXHJgsxA5ev86kTq8yGgGuYsa,27.821280330999798,27.906767748001585,27.654120574527774,0.9939916583822432,0.01106164822981111,0.9986596998155374,12497.079781264,12135.361184738,24541.08921461738
KEnkcdADoLR5jS2CLLLesy8TtFsyWL37BhXNfDMzWzP,3qsjFRuw1qeLMPo4DLwaQevenGAGBj9dA3Q6rb8ax2YR,77iEv8zPQAEyCcEbvBRSB6AFcUdfkhiqnAKtPxk76rNN,0.01682699999999998,2.2146060000000034,0.00012380150111545674,0.007357312718574724,4.95206004461827e-08,1.0002490620164421,122.516686,0.271036,1.1724970769181144
RajgMbScQbqqrdJfR2rxfHJiTiY5b6bJ2tTXiF4aPxy,725ZA3fhyBAKb5iopNRrcbSuQa3LXA1656Q3mBvYPxeg,GLA6i1dSZpUfk2f9Nj8uiG7xyDdAR2reff8oEiZH3617,66668.26874234999,66823.58473433004,66409.37709848172,0.9961167186616351,26.563750839392693,0.9999797404104592,187801.15904283,44642.82764856,231713.7975097916
ionytDfEj1mXodptgrsKEZro7DGsfpzANUfarJdm6Qb,3gkSjY95an9xNFSjCfsay6JZez7uv7yfW3Ad4ubc4fMK,9wXqANaSuEqkKL9yHzCPEDGHwbkStVAqV5rB3QDs3Jr6,0.013678812999999845,0.0034931100000000076,12.822356518690436,937.3880992956465,0.0051289426074761744,3551.514721028519,3.155511352,0.083251006,3253.6059619065495
DA1mL7dfBow33EH5yjUuZE6SH2KeUK5zEXzsyhE5r5j5,B4UtLRZND3D83CitRCBUyeiNr7H8m7YFRqBmiPmXjhW4,AAmpYbuixWiSqDaJBCqYEs1pb5SrbdPr9mgXrB58Q2e,0.012386221000042497,0.012386221000042497,0.01238354413599143,0.9997838837163443,4.953417654396572e-06,0.9999265703923033,1637.997734332,1468.523063078,3106.0589663546043
TETFuZgEmET6d9vYmz9iMFCxK1jKdKYxf3oPz8hSzJK,Eu1Ze6Z84LWNkq7SNoAHBJbXx5t1P95EwyqYohrfCRFV,ASMbv7WNu3qe4pkhREmvyEdwFNDZQ6B6iSrjkj4u8bdC,26.650829179,26.730741826999974,26.56145318266054,0.9966464084198219,0.010624581273064216,0.9987555505839723,290.032723812,62.213892293,351.1965427625151
AUSejoEUCh2DBs9mof6BNC8Pubs22w4cJa1ccV9h44R,4xkyD7AfGQDwsQMy9MosRRNGoVJ1zosNinesxg1TzHG7,Cbm5gsQe3nSiCsFrvepVzMCD9xLK3ri9g3ypS2hdmVJ7,648.688543000002,648.1470309999986,648.8961897807319,1.0003201024327786,0.0648896189780732,1.0,14337.258703,14515.21402,28857.062114390203
AURHmCnNwiW4uA2Qj1XvEh4iKgRUZYXtiY7FKAapUV5Y,BKWm4TRnTeKwfWXRyuzjRHU7iZDkPuXBX5b5V5jSVfGJ,A5Ww74HVrkj9nPeC7pHKLfgeDMEhBCpW1efQdz3TGLEg,2.288103421000642,2.0293858869999326,317.76627916125744,138.87758579648934,0.12710651166450299,123.11757839542584,285.359330878,1829.027260733,264815.42211750435
Sid7E679i9ABqptiAVhkmQ27YHN8vaYT4fppPwmxFsJ,GP7KB8o1bv527HG8kTzzzf4wJ5aEGHvcMQvVhLziUfmT,9gYxhAZ1M9wu5pxr8SBoa5NDm21gi3s9vMHaYTME77sa,3051.3521539999956,14540.872678000007,22.444743032386437,0.007355671158100773,0.008977897212954574,0.03506104829729525,145128.290684,6181.152283,1284.233660735964
SoN9GaFpSXfpyR5dth3x7PHPVhvJMpQqqDJfCSmPv1t,9kZ9iS68ViMPtoeqtnhAKuF2iqVyfHPdZHoUNdwCELr,BBhm5fJLjw3HRzjtKB8uMEYjGhY6EDm9co3cqpjrSzB9,24.088797251999964,23.805492139,3514.730176201968,145.9072505544111,1.4058920704807873,143.4811835188904,29.593140751,50.420572231,11552.25717965169
KEN5P7p3asnb23Sw6yAmJRGvijfAzso3RqfyLAQhznt,9zj4aX38Uxf3h6AUjS4EipWS8mwbEofasHAf3a1uKGds,CwQDG1MWunn9cLNwcZLd8YBacweSR7ARo32w4mLua1Yr,1453316.0642100014,1454904.5657529957,1451303.1068008686,0.9986149211044282,145.13031068008686,1.0,2599770.814836,2050766.720253,4646936.647400048
BSCNHw8CmxbZ8hCWWzMf5FaG2ajPT6JxfznKUNuRVrn4,7n9kgNL633yGzCYksgnzHyjG73ZLBAwvEae5sbAekbzW,SscdxE99omdG9AiMVwmaEMQySQnCgeAh1sPj2Leutm2,223.69102377799982,224.93163958499917,222.22928046257508,0.9934653465716379,0.08889171218503004,0.9999265703923033,8025.561041086,3637.364973457,11610.214664288287
KwnjUuZhTMTSGAaavkLEmSyfobY16JNH4poL9oeeEvE,J63v6qEZmQpDqCD8bd4PXu2Pq5ZbyXrFcSa3Xt1HdAPQ,BnKQtTdLw9qPCDgZkWX3sURkBAoKCUYL1yahh6Mw7mRK,3709.820438999999,101183.20958299853,130.32652692644749,0.035130144186055985,0.01303265269264475,1.0,270437.398359,771.957317,10272.46211465353
