0,1,2,3,4,5,6,7,8,9,10,11
wrmcMSHFi3sWpAEy4rGDvQb3ezh3PhXoV2xNjgLBkKU,8p4mGnARWPBu6P2Gcw4adodLkNDorrXniZMhaY7eJXUn,AyY89zccbsgp9LKFgH4CFZMJmpSgqmPSdTfukhP227rc,0.0329717400000005,0.3759441399999983,7.175569096844505,217.6278563656148,0.002870227638737802,3828.0442521915556,49.74279081,0.12573275,11306.727464573243
7oAd7xG4m3oC2qeWB1szghTebAZyyGPAFDJ4wwwbRSNi,D9yh4KAysxt9GLacVe4Wwh2XqghhcjTCSTV9HuM7TBJd,HDYfJLpZKaMFb84jM4mRytn7XLR8UFZUnQpSfhJJaNEy,13342.831847665948,422.5038881060002,13342.831847665948,1.0,5.337132739066379,0.025599373925655346,1027.024493463,298633.586520056,8671.857341549461
BSC8REUo9LpiiWUuqMuLXs2D2yJsJfGd4HdiF3wCLxk5,AZjEH1zWVx1UJ6udMyRijGTzPteuLnaY18yNNmprJEsh,Caf8ypkSVR8xYnXNhjvfvdGCC7mrM3C11rz8Xi6NA6aK,11780.100602891001,11824.690640855,11775.622733936458,0.9996198785472643,4.710249093574583,1.0,3300.214688893,2999.301454238,6298.261660729118
Lid8SLUxQ9RmF7XMqUA8c24RitTwzja8VSKngJxRcUa,4PgzyzLtds9bKZ2to9PMnKqJzKEUpjvNUaeN23phegax,AtymwxoVN9peZo7EXTcDz9jKVc4vRmisJKKrNfe3ewBa,976.6773262469978,836.6469712929982,148041.14542685903,151.57631025973055,14.804114542685902,129.51837813978452,1027.249135126,7740.123920602,1158194.9304172196
ALBpShJ9NLpE739pcHDF2LNVk5J4VYPvvKuV6jMPitZi,D6d156U1bPiJpDYRLextvDRccgFk7QzkQbJg42ceKEu5,GNcM8U5g8RwTZffwwm3kSQqUNPSwv5d2fbN9sLxPJqt2,5574.904568000005,5567.884496000013,5580.959909501815,1.0010861785036764,2.232383963800726,0.9994383156665955,46166.922375,54036.766856,100223.48314429377
BkMBnJpvHKtWhUvrgRrLesXfi9RUV3ELgdBaJcdH7hcY,5uerVwBnZQsuVhZ15igs7ZgmcqhHnYWbwoRtLyRqLvR,9YWiQh5d4jCtgMdzcGLv9bWgnLaFtzvDDh2nnhJdzhBX,16.078324142000156,15.99849857800018,16.0793158177239,1.0000616778039169,0.006431726327089559,1.0,1473.060029311,1398.780274237,2871.931158655646
KEN5P7p3asnb23Sw6yAmJRGvijfAzso3RqfyLAQhznt,9zj4aX38Uxf3h6AUjS4EipWS8mwbEofasHAf3a1uKGds,CwQDG1MWunn9cLNwcZLd8YBacweSR7ARo32w4mLua1Yr,1380809.009158001,1381850.136910996,1376115.080618013,0.9966005953691957,137.6115080618013,1.0,2172060.271291,1740779.619226,3905456.178772387
KysFMBBoavfov2tLpvefWW6tPFt6rAeZWDJVy1mMQae,B8ka2V21TH3x64dFV8ETcjuQcwmrciJ2qzy1mJUttRew,7fSf7EYxBANyxzk2s5pymFgshA91tFYQNKKs5UnLWcYS,524.6121530000196,652.4585199999797,14.48957759219732,0.02761959956386443,0.005795831036878928,0.03716005609087506,134568.170991,2556.809675,3811.7301877497493
KZMu9QBEdL97EFgamLbN5DE1AoKBG4HdrKKJo4Vuon3,DD4ACBWyVqdaKWh7v5btsgqQCCMwbKnuL2xd9pv7Gyuw,GcYqiJ1MAuYbNTNYXm1F1gQYTfTgkErACAhNU5dpVj9T,489.85762603999797,492.75476303000005,487.56119331702706,0.9953120404768724,0.19502447732681083,1.0,1735.30217384,1345.87223386,3073.0393813486426
7dwD9TF6uikvHXxPFK9AsSim54yJoujQjY9vU6gNFumk,CquVr6atkvwueDYficKjn6SSEWq4F4rH4VSiBbW4GBWU,8BCa6ge3b7ho3TfZuM64Vk1hgbrJ3J7EPiAb9uP86CGd,0.28071345900000044,0.2816410740000004,42.57120462240158,151.65359286318193,0.017028481848960633,152.22973171488772,2.204516155,1.965402291,633.5154589014329
ACUSESXyNnwRLAg1dpSGMLSzUDdLjUMybY8rkXiAKhCP,AhFPQdu8GKBsxuhiH46UmCu1YpaLgNpoP325HnYtsgas,A8wxWpT3aFEr2XqZp1kDmbxbFfcBE95UUmdsNTDBJYbT,0.0,0.010874499999772524,0.0,1.0,0.0,0.987164308224685,1027.13340021,1857.75618587,2861.044000284488
DFWzVTzNBrQZLjoQ4yQwkj9HuoXmfkuZP9V5vbymZe23,DhgiEgiNdqZdRdo195UUHnoEJUtefK8buko8nU97XJUZ,2K2kkXsouBHtWVjtcgkyiXd8eP3oVBvq1bTJzcVdLLr2,10756.022779833997,11673.743542253003,10419.585926429552,0.9687210728081372,4.167834370571821,1.0,56011.105668153,19289.124012157,73548.26238418011
BUSDgu5JdqP1rndBvXvanbEufS94FNh1w5FJcAj6vawb,Bgzr8cWubt89JQFXndVjtdKmDbGzuPxNhvjH1EhWCwbo,Dxaf8xPBBQsasRKW5Aa4Sw2YrbfGofY9xZueyyF23FBW,27764.833886540007,27669.853556599977,27873.13271384905,1.003900575373568,11.14925308553962,1.0,5613.49639668,9102.94955366,14738.341816144502
heyk4SZTeCUV6a65WiVA5bzic3KcxgVf1qxobfeV4tQ,9ZDpBKPqMABtGfq66FbVribaArMvtk63xxy91onZAtDt,DaTP4s6N7xxSPinbNZ3FB52EpRDRt87QShTuN3VPCW52,346.35952579299374,301.1148407539994,50856.695660082776,146.83209749651274,20.34267826403311,130.0093918784693,649.141338323,4503.342990202,680791.667853989
DA1mL7dfBow33EH5yjUuZE6SH2KeUK5zEXzsyhE5r5j5,B4UtLRZND3D83CitRCBUyeiNr7H8m7YFRqBmiPmXjhW4,AAmpYbuixWiSqDaJBCqYEs1pb5SrbdPr9mgXrB58Q2e,0.012386221000042497,0.012386221000042497,0.012384453527988344,0.9998573033652357,4.953781411195338e-06,1.0,1637.997734332,1468.523063078,3106.287060645559
AURHmCnNwiW4uA2Qj1XvEh4iKgRUZYXtiY7FKAapUV5Y,BKWm4TRnTeKwfWXRyuzjRHU7iZDkPuXBX5b5V5jSVfGJ,A5Ww74HVrkj9nPeC7pHKLfgeDMEhBCpW1efQdz3TGLEg,2.2795175320004546,2.021464134000098,331.6977558953864,145.51226355530406,0.13267910235815455,129.95308044030702,285.403166244,1828.978221389,279211.01467374957
parEAJhzYzHW87y9VoZAQ22dzQ2MD2ekEtTReaxbMcz,3oyc6hpjYSJEquK6dSvG72NXyz3pqLZz5D8AC71pwgQb,Di2vordgFJVZ1aj1aBpvzXtLfZgJsuLLXawGtVFwX6Rz,38.52219033800003,44.82708672699917,4912.854755728823,127.5331104649717,1.9651419022915295,120.45638515206414,1304.761248722,175.358477239,187523.30873765767
SoNcU2iwHMw6dGzsYNQkYFkUjwN1UdAjrWVRnStrZu2,8ivTTid27jZnYNc4w3CTA1Z6QS2twsFb8WMwUabeDJgc,CyXm53PMvHCbeXJBykU46Rcbo28xk5srhMZFg7gv6EYB,20.701027910999997,20.467752462999982,3155.761877575934,152.44469458924996,1.2623047510303735,149.93250038832517,10.739675116,13.863031061,3715.725402983134
B2izdXFYb2sNwbWWHmh75T4aQFtfXsUxem9u2p61HGzf,4DYwgJtxwuJdAjkj5RJSNH4e7U329V5cNp7d3a1nLrZv,EXNW64GEf1ACC6xY9BtKRiunrs6GoJSXBdxWN2eTPmrF,25795.33247400001,25572.613932000007,25999.401778559928,1.0079110941782048,2.5999401778559927,1.0,10939.407139,29058.414714,40084.364533130356
MAR3XM1n9xWPQ3HJjAcC85o8DopWFP5p2WxGTaZ3fPB,6qG7GUhER8Cg9gDEgnebph9LdS6eu2eoWcA4R7z9uizK,4QV4CwRXVMY227KkFF9voNAfwWHVvVajXSXDKbUHkWZR,0.3202430000000016,0.4906160000000024,0.2997222185825301,0.9359212178955625,0.00011988888743301205,0.0369011506000164,0.157424,22.786969,0.9882018365928961
NorjjEePhxfwLF4vZjUHCrVVKLzQjEEGQFd3wgjEJmh,34M8pFVqgbV7aqHxvRT5tCv3vu2P1JJYT8J3VaxBK2oG,3AZWBSze3ucsY3xSeuLne3b2pauVqiaJ1SZSV5T9WGWw,5.069390999996813,6.280855999997584,3.4828345022018095,0.6870321311187082,0.0013931338008807237,1.0,37290.526898,2791.291497,28411.081662272445
SUiuyGR7SFq3xeRVJonq84fjjeFwRSsFekcevJ53tzy,49GjCCPsv7fBqo6t3iKDrP1xxGDS8uWZbVCdfnp2gjMf,CEwj5xEbbJEjYqM8D6Ai8ByGz1mrh8mkAVsE5fzDSSSx,0.39168899999999973,47.91916800000013,0.0031281596687562016,0.007986335252601435,1.2512638675024806e-06,0.9352813373026674,650.999432,1.609447,6.704385455682877
STK75uPSyBnEhGTTzb1nwmP3n427XoXmfRhXxxhyady,6TYyD5fUmDe6N65avW1Ny2RxzRNobw2RRgKwH9CTzSAU,54zDfk4cx2vGrEajPtodWpArNe5eUurytyxd4X3aZAxK,351.82853472500005,391.73406561899947,45779.623048131725,130.11913056999336,4.577962304813172,144.80774454987093,462.382331641,87.022823203,72766.36573644186
FrnkTEL6yZ5Aycq2TrEgu29dCrwKG4LPUZydfiwqspkc,DjvZuMZ46fxKBoBpGMPcRcos4xdTtHFxwMh69DpA2ZFY,9rvDPJLAng4uVVqnnSoEXgNDFhBZQTny9AoQioYDZbQX,431.98055887699957,368.9004906609995,65366.38583231792,151.317888013868,26.146554332927174,130.10633200195522,338.293186143,2540.987061473,381788.3166893198
BkwbeSfcX1h4thMDd7obGkHrPevf3QwgzJ4pCEqG18Lu,35yX27bmurdebhfAb8EPmjLETDiUaEUCn9zHaDPbakH2,2CxECn1ZJFoESyUnQysQU8rRgT3iJ5GRs2Mdd6gZjx5g,0.00014909000000074002,0.0001316300000000492,0.23182298793497333,1554.9197661400674,9.272919517398934e-05,1371.7421124828531,1.80646777,21.52258474,32332.348299806785
SAMyS8Jr2HJrkFwYVKbpUwsNStnQmvz3f8Tup8bWUWF,6jPzm5TFfquvgm25sTyN3MMGBfufRaFHMxobDWv6hMFW,Cj9ECoDmxsHTDzCY5ZA6RWrPbg9uFzEC1Qc2kso2vJG6,14228.065551310006,492.74109379999993,14161.364955913059,0.9953120404768724,5.664545982365224,0.03718150093911176,743.97740885,113931.01246011,4976.615719650724
BSCNHw8CmxbZ8hCWWzMf5FaG2ajPT6JxfznKUNuRVrn4,7n9kgNL633yGzCYksgnzHyjG73ZLBAwvEae5sbAekbzW,SscdxE99omdG9AiMVwmaEMQySQnCgeAh1sPj2Leutm2,3179.5769804089996,3188.7828570739994,3174.2427828593873,0.9983223562183023,1.2696971131437549,1.0,6704.627384585,4954.069894874,11647.449303018651
daob129AwBGn9Y5r91uLoWZeYiGzbPmksauMhFZKTze,6VW5GQNyj4LStgmxEHLr5zUfW92vQnmbw8jTnCH7a38F,4VPCCUifPeBA1c7HWK358CHn2nyjm8pdTRk6Ps3KmnMQ,97.66766981399991,87.90769942499996,14023.013943662221,143.5788728283157,5.609205577464888,130.10633200195522,53.674345081,234.209820945,38178.68268851668
HEDSDjj84KS7LKhZY7ejkCACTdPen62rKhCby1wXtgxc,EnnjMSFttpCTywBrYNt1J5QQeoSVkvzPipJDa8Y7kJow,6bjVT6JN2rSvpyn9PdfLYC8wJn4LWh49jpY47fnLDXZk,27.15492105699923,27.90812736799853,26.388905696875902,0.9717909192770094,0.010555562278750362,1.0,38668.801248144,9538.985621641,47116.975533914825
MNkYtBe2HtgL15osfaMmyqNW3vo4J399FXXCS4a39Wf,2mUxDu8NrhSKhQJMgKfYLxJqZzeEbmwhQdHeHMyohyuk,AZCBmDBcFsA2jHHhfFJBTsWCHx9XnnKmGfFsue3ZVW1t,0.021154179999939515,0.021154179999939515,0.021145465742052557,0.9995880597646903,8.458186296821022e-06,1.0,2194.39033408,1941.64693002,4135.133306429418
C98Sspw7XqnMsgxea3SLQVdbMDL8pKUc3RE82UvX9eq2,CSqgQJurPCzGxb4Cgwx5R61hWQUiaoUHcShNc8r1cKEL,6S2CR5EnukPhC914XkAns8m5GixjMAoUuZMsS5ubHuWc,188.686731,188.75864500000034,0.0,0.0,0.0,1.0,1003.480721,945.907836,945.907836
TETFuZgEmET6d9vYmz9iMFCxK1jKdKYxf3oPz8hSzJK,Eu1Ze6Z84LWNkq7SNoAHBJbXx5t1P95EwyqYohrfCRFV,ASMbv7WNu3qe4pkhREmvyEdwFNDZQ6B6iSrjkj4u8bdC,13.342863007999995,13.380063113999938,13.188950814002906,0.9884648299315666,0.0052755803256011626,1.0004001600640255,277.236635506,74.975210721,349.04387657236043
MARpDPs5A7XiyCWPNH8GsMWPLxmwNn9SBmKvPa9LzgA,6YjT74rmcfCpw8LSjPNx5JTmZoYLGrTKnf9arfSgZ4SR,F8GSmi3vA8M8TsybLya1LQ4n1aFHCRbZ6k437PeTdXtg,457376.38329500053,478358.3627839989,430435.0246661232,0.9410958684950277,172.1740098664493,1.0,376303.596452,17777.386206,371915.14612679736
BUSD5rCfUDpCxKGMvYU2yThChxgHoioK74PTPociGnv2,CcFHbafgYDZ8yA8Me1PdtDiVb2eeaS61LbqyKKK5CsNZ,26R9s4nmF3CFDTkiePDwRmtscn8i7r2eygbSijditJ58,10.592670100000007,10.499590000000005,10.58829565153453,0.999587030614172,0.001058829565153453,1.0,99.67405778,46.45492285,146.0878182955756
SERgf3DMJpQxUifu7VoFKmfne73d2fDJxSrxUMrcNJB,AJfM2GZ2tTB8UtN2krcyR9xufRJEx2mhSCbJyMgPo3GU,F4yRYkufQvERZcEKnKjJwRLU1btiMBUuEwq46hfm11QD,0.01239167200000324,0.009579876999996628,1.589822403977643,128.29765054927432,0.0006359289615910571,130.25519467485503,26.136193374,31.098768776,7403.988385251894
SEQV6QiTpvTzrceiaYg9Avnwf7oc8ZALpnQMz6TyT4A,3dFMPj4r9mMmPHF32mz1gNDX7f8ftidWof7S8YiYTs1j,Fc1ED3YPeQfXQosHbd8DTaBd2AV5gHQtwiSAL5C5pUhi,3291.398873409,3290.5201377810004,3293.8298351113567,1.0007385800979627,1.3175319340445426,0.9989071955280924,2375.124475364,3225.474145576,5598.82802803738
KEnkcdADoLR5jS2CLLLesy8TtFsyWL37BhXNfDMzWzP,3qsjFRuw1qeLMPo4DLwaQevenGAGBj9dA3Q6rb8ax2YR,77iEv8zPQAEyCcEbvBRSB6AFcUdfkhiqnAKtPxk76rNN,0.03164299999999998,4.173772000000014,0.00025271160639806704,0.007986335252601435,1.0108464255922682e-07,0.9948942029504584,120.55752,0.285852,1.247205269643997
ZUCKWFa4LTL833dPhhpeeRWZcaAEoMeYJPi2iKn4F8N,7eEYpq6ShaJ9opZWMxitRFrdCHh6vfyHhGfoSvFht3N2,H8VggnHmuwd1wvwpT8eg9cUJFEfZ7HAaeYjgXrSm7A2u,22.2616208500001,22.258711995999874,22.27228083132387,1.0004788501877557,0.008908912332529547,1.0,1916.072738944,1930.350617952,3847.340868686797
YAkoNb6HKmSxQN9L8hiBE5tPJRsniSSMzND1boHmZxe,CfWX7o2TswwbxusJ4hCaPobu2jLCb1hfXuXJQjVq3jQF,EnTrdMMpdhugeH6Ban6gYZWXughWxKtVGfCwFn78ZmY3,16475023.245990062,16483538.428571036,16475023.245990062,1.0,1647.5023245990062,1.000122014885816,1009469.77292,210307.183151,1219802.6166779385
GokA1R67GqSavkd15zR62QD68Tuc5AEfvjssntVDEbM8,3YB7hfpBdbQEuZqLGWVDpRPmeZWCUsrrWyqGXegnQ6Cg,4DPCj6Z1DsG6HUtwSogBGqXEUxdEV5a8YVrrFtcnz7UW,39896.29768299995,39907.304096000036,39881.661113371345,0.9996331346395873,3.9881661113371347,1.0,23948.765399,11358.069873,35298.04929955046
Lee1XZJfJ9Hm2K1qTyeCz1LXNc1YBZaKZszvNY4KCDw,9DgFSWkPDGijNKcLGbr3p5xoJbHsPgXUTr6QvGBJ5vGN,2hNHZg7XBhuhHVZ3JDEi4buq2fPQwuWBdQ9xkH7t1GQX,9046.383377501224,7718.603143089015,1380157.9619658294,152.5646111128063,138.01579619658295,130.10633200195522,7454.214448505,57142.561264276,8571858.375779588
WiiQFxXqp8P9Fs1rt9SVcDyA3KUdJmUsog6wnVQAwba,3S2jpqSYxho6wiz3cafhjXruVY8cg4HYa2v3BqBHYFSj,Dfe67M6TfrG74gKRtdqys4e6E9QirPD53BkF4FujFjuv,8069.235384756001,8076.586706342987,8062.814957142812,0.9992043325907536,0.8062814957142812,1.0,17984.245175154,8716.094758593,26686.030455981232
RajgMbScQbqqrdJfR2rxfHJiTiY5b6bJ2tTXiF4aPxy,725ZA3fhyBAKb5iopNRrcbSuQa3LXA1656Q3mBvYPxeg,GLA6i1dSZpUfk2f9Nj8uiG7xyDdAR2reff8oEiZH3617,76713.46967218997,76930.31500199018,76392.11173965588,0.9958109321100023,30.556844695862353,0.9996648423682991,187896.18554184,44553.65227779,231647.79544554258
SoN9GaFpSXfpyR5dth3x7PHPVhvJMpQqqDJfCSmPv1t,9kZ9iS68ViMPtoeqtnhAKuF2iqVyfHPdZHoUNdwCELr,BBhm5fJLjw3HRzjtKB8uMEYjGhY6EDm9co3cqpjrSzB9,55.79476612200002,55.30491101300004,8513.071784896305,152.57832188563614,3.4052287139585227,145.42679273424474,34.672979791,45.274878064,11874.525379566887
KwnjUuZhTMTSGAaavkLEmSyfobY16JNH4poL9oeeEvE,J63v6qEZmQpDqCD8bd4PXu2Pq5ZbyXrFcSa3Xt1HdAPQ,BnKQtTdLw9qPCDgZkWX3sURkBAoKCUYL1yahh6Mw7mRK,2696.9470229999642,77629.29339399963,100.27653826840783,0.03718150093911176,0.010027653826840784,1.0,269813.260693,794.625167,10826.687172841584
MATgk4zXLXtYkwBH678J1xZbRDZ45LicNzkRBHkxTuY,y8dALFo1bJrSzPYjMX14HJX448pXqYmrfXHD1K8MXih,GN7Yuet3UyiWS5YVkEHv6oQKi4HGBJc3XDPt9zQhAqZz,90565.60933700003,90537.82183299998,90573.57981202348,1.0000880077446814,36.2294319248094,1.0,9407.340182,8561.865,17970.03310079287
BUSDTd9WiT6uBHJRgNvFXBsA7JrifsAtWzKfioN7ERcy,DyBxrn7gSc1EwnpWhDyhzvMHPtxpmBqRqotapLcKcfTM,Cds99GeBgoCpqBsoRWu1C6fF9LiUMd4pXQQD24s9LPff,7889.203627300004,7896.776101719999,7881.123662887102,0.9989758200200408,0.7881123662887103,0.9994652860719515,355.72705568,263.95639079,619.1779767826899
4vezWG46exH6pf9nry3n1VJ7hZHvjBJNgNeF4qEFCML5,,,2.9887799999999967,2.9875659999999975,0.0,0.0,0.0,0.9994652860719515,355.72705568,263.95639079,263.81524963144716
ercAoEmXjQzEvAFbdjAo81KtMxRGn9AW1ju882upmPH,CMRhskR2Eg6V42RTSdRTXGdozyPbWB8U9dVpijPWb9T4,7TKLLgrWswt6ZJ1pXhVR3FyufHGjJFqiEXxvWJfDcgRm,0.0,0.002486766000060925,0.0,129.46227326948426,0.0,125.75833850095307,297.247279432,1012.033075385,165753.9065868637
KEVpg4SYCVrqFxKijQH6hm4QxsRdoE51ud64bEEFUC9,2bPenuBYfqzD8p5dFjCcggwkHDsc2RQDnx9AoyYGUBjA,AE6n6iLuX8oYu61vt5hoDYkjswpnxFxrhSehxrnQTnbx,783.1737401900004,783.7312463479998,782.7241935075981,0.9994259936724982,0.3130896774030393,1.0,4747.223693571,2843.680507535,7588.179264667824
iLiUBQ7Z7im6Ew3b4ewwPcehzWgEQRJ1iQz7g6D62NW,GpugBvKWM3TVhYcZjemSdtehBWgfvuGr6uAm9iPjXT6v,92fMXJ3xy8tEyMUWLHKRLyhPw2nECBo77GtDiBBbYrjX,0.2964735559999099,0.2889910000001237,0.28900626219538883,0.9748129515992201,0.00011560250487815553,1.0,1908.156815388,1056.226948059,2916.3229253815443
FTMDfFPjYWvSsDXMGR8Mdt4fLjDtSDwfz7GAqe5V6qwq,2n895yX1VzrWuwrMCixUcD3SkRysj51jigxtV5N81vk6,HuEnD3eWBSuJtTCZMDG3P74sHPhi5UyVRV4SVefva6jS,0.2979599999999998,2.6937585300001956,0.0,0.0,0.0,0.9975994156725029,1595.509301705,12.261128265,12.23169439264961
HDSBGqAuMRr6X2AfmmbXQPpRgU6VEhtfNVVZ3wUTZXg,DCZ1d8kNLgDcdSd99y4udLgwq46mfDXNS9KXj96kQf5L,Fq8GGYQM5Pz3q7LmVMbrXHJgsxA5ev86kTq8yGgGuYsa,88.79499391600075,89.0351076650004,88.26791924845286,0.9940641398315033,0.035307167699381144,1.0,12572.402241929,12060.311406458,24558.085626696815
Sid7E679i9ABqptiAVhkmQ27YHN8vaYT4fppPwmxFsJ,GP7KB8o1bv527HG8kTzzzf4wJ5aEGHvcMQvVhLziUfmT,9gYxhAZ1M9wu5pxr8SBoa5NDm21gi3s9vMHaYTME77sa,2100.032293999996,9904.50174899996,16.77156194117363,0.007986335252601435,0.006708624776469452,0.03701663812745561,144594.568882,6294.251327,1387.7727264518392
Dg3mAgpwDfVNnbGWcsxL8sUcSkEbjSJQhKAWNigG44Ju,EATxwd8YA2wV93VJcKMmH2Kn2Y9XfJVUB9hHVu3udwEy,GiGvrRi7NMHfHKanG2B8xyCEqe8jaafWins8bhrLVEaa,0.44731601000000004,0.44655164499999994,67.64964244367836,151.2345655673678,0.027059856977471347,151.72717875297556,0.239493744,0.218400446,69.357015839914
ALLwa5WNZbvQsRKAqe1jdRGemdYQnW8E5k4msbRFcYtu,CGoM82Hbz7QVqTgvQatYtjvDWBvoUJp5qm21P8iMs9yb,3dxNNww8TivyN5FMy5dCNdi3Zcxv6e4kUfSPxfFwpdNq,1.8408095869999999,1.8444440849999983,7062.922867666807,3836.8568468710437,2.825169147066723,3852.035608217162,6.54466313,1.977528659,32728.44635154291
BSCuChvaSj9b5HUSqgDVRzcnr2sSn7cXaamt1jbKH6hn,GnKpRj5kBVPMJfiwZtEuD9GYApLzPdW5JFuZTcyX4BTc,3dmwD9okkomV9nDwyuh4UMhKdUR13QpuKxRo89ycZB5t,2375.5695571059987,2378.8733609380006,2376.551890570655,1.0004135149239128,0.950620756228262,0.9981892846376673,1627.130359332,1468.060736065,3093.205697956105
moFiBS1R4Lf3E3zzmBPnw3NF4RhWPkhREFviuzUaCAU,44ALBrpqi9PfZkBRTvbtRNtFJGsatfY4QydjtMbFWq8S,2ho8qEEie1UjVwWNBo9y4oAJZMyMLx8zPj9bxyUz6uWs,1895.437060026008,1893.2922574609984,1889.26231598523,0.9967423112215115,0.755704926394092,1.0,43393.9307342,25073.583729429,68326.15054242169
AUSejoEUCh2DBs9mof6BNC8Pubs22w4cJa1ccV9h44R,4xkyD7AfGQDwsQMy9MosRRNGoVJ1zosNinesxg1TzHG7,Cbm5gsQe3nSiCsFrvepVzMCD9xLK3ri9g3ypS2hdmVJ7,787.5890369999979,787.238833999998,787.8450866531603,1.0003251056593394,0.07878450866531604,1.0,14338.840776,14513.667633,28857.170047284642
RoBgmK8CvjdHvPrqdDyVw54VwjZv2TqJ493xnqJAQHx,ExiHJxM7qPAcy27NDHAF6G7vnW7muNHi2sVJpnaNynGQ,6rkPHSqZb7StM4HwS9EuVrmfkV7tRdc7dnsFhyB6cefE,6.464402999999997,253.0645229999991,0.17776732494316894,0.027499418731036573,1.7776732494316894e-05,0.9369120876649901,5955.822154,25.914037,188.060821805928
vEnkoSUkpnbRrPgBz9DfcVxNz67zjwMYBZraAvDDNSf,DtfyjjsZ5yCjWKLKHvwsfXs5QVsmm1QkK6Sh9JZHoq1g,e5wrKCRv4GhHvEf1VD5Pq2KGaZDXP77nTL612Jyrxwy,18188.02356999999,18196.704219999992,18107.481492322142,0.9955716970913377,1.8107481492322144,1.0004311858410975,4744.86817,2107.434948,6832.200100592181
MATSnbbiTCv7Dc3trJrkrqjx7ckKdr6fwPoVwv9q3sD,631WX9JizSHJm4w6VanZeJAst9T8DeUUnPLesdGkCVtK,211maUSfpnXbPuW1iBu8b4dtJv5EbN1j7JJiEX5TZKEP,66083.15150100001,66155.87122399999,66016.80461236459,0.9989960090109441,26.40672184494584,1.000071005041358,23436.524039,20752.849889,44167.31742601471
Cob4usZcpHEY7Qt4ZCwj6WVg9S44zvzYV2v9qYF65dTf,NhFM9UXE48PyNAyeyPYA3iXztqKVJwA4bTdLj4ysM8w,6TuFuynuBoeskxyR2cz4wxyidk8dpDK7kAWw3UkjQGx,198.11608699999115,10118.599593000079,1.5772308379366022,0.007961144709751272,0.000630892335174641,1.0,72498.002697,173.330825,750.497915638755
JSoLLrxK5bYdHwTEWYaGgmeycBCNXKDiBCTw5hXGBg7,xG4wXczA7Dk4hccJ61CHKpDHW4NrNfQwgmWgkb9BuF2,BVR6WgfhsRr9Lob4QDnkEAiNGgAbv7ZieKcY9kSg3QYR,38.035600086999864,32.866969758999986,5673.858326432851,149.17230997946345,2.2695433305731405,129.4333008844048,17.552791239,162.678970341,23674.466531420734
