0,1,2,3,4,5,6,7,8,9,10,11
DA1mL7dfBow33EH5yjUuZE6SH2KeUK5zEXzsyhE5r5j5,B4UtLRZND3D83CitRCBUyeiNr7H8m7YFRqBmiPmXjhW4,AAmpYbuixWiSqDaJBCqYEs1pb5SrbdPr9mgXrB58Q2e,0.012386221000042497,0.012386221000042497,0.012384453527988344,0.9998573033652357,4.953781411195338e-06,1.0,1637.997734332,1468.523063078,3106.287060645559
C98Sspw7XqnMsgxea3SLQVdbMDL8pKUc3RE82UvX9eq2,CSqgQJurPCzGxb4Cgwx5R61hWQUiaoUHcShNc8r1cKEL,6S2CR5EnukPhC914XkAns8m5GixjMAoUuZMsS5ubHuWc,146.4647849999999,146.4997090000004,0.0,0.0,0.0,1.0,991.397835,957.964325,957.964325
BUSDgu5JdqP1rndBvXvanbEufS94FNh1w5FJcAj6vawb,Bgzr8cWubt89JQFXndVjtdKmDbGzuPxNhvjH1EhWCwbo,Dxaf8xPBBQsasRKW5Aa4Sw2YrbfGofY9xZueyyF23FBW,25694.746729980005,25608.098940129992,25786.370862930165,1.0035658702501729,10.314548345172067,1.0,5561.52677444,9153.2695757,14734.628033010515
Cob4usZcpHEY7Qt4ZCwj6WVg9S44zvzYV2v9qYF65dTf,NhFM9UXE48PyNAyeyPYA3iXztqKVJwA4bTdLj4ysM8w,6TuFuynuBoeskxyR2cz4wxyidk8dpDK7kAWw3UkjQGx,101.04052199999995,13396.32853600003,0.807202293963757,0.007988896711794079,0.0003228809175855028,1.0,72516.904931,173.180396,752.5104593527496
GokA1R67GqSavkd15zR62QD68Tuc5AEfvjssntVDEbM8,3YB7hfpBdbQEuZqLGWVDpRPmeZWCUsrrWyqGXegnQ6Cg,4DPCj6Z1DsG6HUtwSogBGqXEUxdEV5a8YVrrFtcnz7UW,49658.48746199999,49669.0696150001,49646.47301553023,0.9997580585498309,4.964647301553023,1.0,22352.035644,12953.92216,35300.549920082056
SUiuyGR7SFq3xeRVJonq84fjjeFwRSsFekcevJ53tzy,49GjCCPsv7fBqo6t3iKDrP1xxGDS8uWZbVCdfnp2gjMf,CEwj5xEbbJEjYqM8D6Ai8ByGz1mrh8mkAVsE5fzDSSSx,0.3009259999999998,37.143393000000174,0.002401450404988889,0.007980202458374785,9.605801619955556e-07,0.9318813379579497,643.748638,1.671341,6.694735950806997
YAkoNb6HKmSxQN9L8hiBE5tPJRsniSSMzND1boHmZxe,CfWX7o2TswwbxusJ4hCaPobu2jLCb1hfXuXJQjVq3jQF,EnTrdMMpdhugeH6Ban6gYZWXughWxKtVGfCwFn78ZmY3,19770456.70407297,19781194.776386864,19770456.70407297,1.0,1977.0456704072972,0.9963513613148649,953608.15299,266043.765276,1218681.2206920749
SoN9GaFpSXfpyR5dth3x7PHPVhvJMpQqqDJfCSmPv1t,9kZ9iS68ViMPtoeqtnhAKuF2iqVyfHPdZHoUNdwCELr,BBhm5fJLjw3HRzjtKB8uMEYjGhY6EDm9co3cqpjrSzB9,50.831979583000006,50.35799295900002,7451.87906450968,146.59824633313806,2.980751625803872,147.15217860271943,36.817392353,43.108949627,11740.941008396829
KwnjUuZhTMTSGAaavkLEmSyfobY16JNH4poL9oeeEvE,J63v6qEZmQpDqCD8bd4PXu2Pq5ZbyXrFcSa3Xt1HdAPQ,BnKQtTdLw9qPCDgZkWX3sURkBAoKCUYL1yahh6Mw7mRK,3122.8179959999934,87780.29336199968,115.0323349211886,0.036836067637798016,0.011503233492118861,1.0,269842.418623,793.540384,10733.473967943833
7dwD9TF6uikvHXxPFK9AsSim54yJoujQjY9vU6gNFumk,CquVr6atkvwueDYficKjn6SSEWq4F4rH4VSiBbW4GBWU,8BCa6ge3b7ho3TfZuM64Vk1hgbrJ3J7EPiAb9uP86CGd,0.2964220500000003,0.2974076490000006,43.9279336126986,148.19387968168547,0.01757117344507944,149.04075877246453,2.204516155,1.965402291,619.620850574182
ZUCKWFa4LTL833dPhhpeeRWZcaAEoMeYJPi2iKn4F8N,7eEYpq6ShaJ9opZWMxitRFrdCHh6vfyHhGfoSvFht3N2,H8VggnHmuwd1wvwpT8eg9cUJFEfZ7HAaeYjgXrSm7A2u,35.21852889999991,35.17367515800015,35.23539329917615,1.0004788501877557,0.014094157319670463,1.0,1916.072738944,1930.350617952,3847.340868686797
7oAd7xG4m3oC2qeWB1szghTebAZyyGPAFDJ4wwwbRSNi,D9yh4KAysxt9GLacVe4Wwh2XqghhcjTCSTV9HuM7TBJd,HDYfJLpZKaMFb84jM4mRytn7XLR8UFZUnQpSfhJJaNEy,13344.948082752948,474.5099698439856,13344.948082752948,1.0,5.337979233101179,0.025571083689631013,1027.024493463,298633.586520056,8663.408926902015
parEAJhzYzHW87y9VoZAQ22dzQ2MD2ekEtTReaxbMcz,3oyc6hpjYSJEquK6dSvG72NXyz3pqLZz5D8AC71pwgQb,Di2vordgFJVZ1aj1aBpvzXtLfZgJsuLLXawGtVFwX6Rz,63.348944347999975,73.87483904900046,7889.442883716016,124.53945310242723,3.1557771534864063,143.16416864280941,1305.420045235,174.792272919,187600.28894014843
SAMGk1Nd4haC8zQA63DG37pzuEZy8j4q13tSFtCbcRE,9U9TnkHD3jXMAVZtynCVLgDruuqN4pTvLJTmVHCLWS8g,C6zoEbvqSknmi96QWq96UBiPCyNW3YSTvKhavR2BfifE,1.1243267399999994,1.127103280000001,2.7712434929210854,2.464802618606302,0.0011084973971684342,0.0,53.15706693,1.41535968,131.02167776649446
BSCuChvaSj9b5HUSqgDVRzcnr2sSn7cXaamt1jbKH6hn,GnKpRj5kBVPMJfiwZtEuD9GYApLzPdW5JFuZTcyX4BTc,3dmwD9okkomV9nDwyuh4UMhKdUR13QpuKxRo89ycZB5t,2288.517890105999,2291.779588351,2288.7824710708724,1.0001156123646737,0.9155129884283489,1.0003421170040154,1597.224131919,1497.868766638,3095.7900037906556
SAMyS8Jr2HJrkFwYVKbpUwsNStnQmvz3f8Tup8bWUWF,6jPzm5TFfquvgm25sTyN3MMGBfufRaFHMxobDWv6hMFW,Cj9ECoDmxsHTDzCY5ZA6RWrPbg9uFzEC1Qc2kso2vJG6,16784.46207218001,616.6666255899923,16704.158999331394,0.9952156302356739,6.681663599732558,0.03694110868069852,740.51598421,114023.97287351,4949.145056050498
SEQV6QiTpvTzrceiaYg9Avnwf7oc8ZALpnQMz6TyT4A,3dFMPj4r9mMmPHF32mz1gNDX7f8ftidWof7S8YiYTs1j,Fc1ED3YPeQfXQosHbd8DTaBd2AV5gHQtwiSAL5C5pUhi,3291.398873409,3290.5201377810004,3288.63787774691,0.9991611482630088,1.315455151098764,0.9995671874078524,2375.124475364,3225.474145576,5597.2102178224195
daob129AwBGn9Y5r91uLoWZeYiGzbPmksauMhFZKTze,6VW5GQNyj4LStgmxEHLr5zUfW92vQnmbw8jTnCH7a38F,4VPCCUifPeBA1c7HWK358CHn2nyjm8pdTRk6Ps3KmnMQ,117.89504000400004,106.17780610199999,16500.512531679804,139.9593446095778,6.600205012671921,127.18932576302467,53.24811008,234.678628975,37301.18717881673
HDSBGqAuMRr6X2AfmmbXQPpRgU6VEhtfNVVZ3wUTZXg,DCZ1d8kNLgDcdSd99y4udLgwq46mfDXNS9KXj96kQf5L,Fq8GGYQM5Pz3q7LmVMbrXHJgsxA5ev86kTq8yGgGuYsa,88.79499391600075,89.0351076650004,88.24963219246379,0.9938581929060903,0.03529985287698552,1.0,12572.402241929,12060.311406458,24555.496379110034
KysFMBBoavfov2tLpvefWW6tPFt6rAeZWDJVy1mMQae,B8ka2V21TH3x64dFV8ETcjuQcwmrciJ2qzy1mJUttRew,7fSf7EYxBANyxzk2s5pymFgshA91tFYQNKKs5UnLWcYS,552.8400099999753,730.2442389999992,15.138324369015391,0.02738283064754316,0.006055329747606157,0.03662820790302668,134568.170991,2556.809675,3778.508793140553
KEVpg4SYCVrqFxKijQH6hm4QxsRdoE51ud64bEEFUC9,2bPenuBYfqzD8p5dFjCcggwkHDsc2RQDnx9AoyYGUBjA,AE6n6iLuX8oYu61vt5hoDYkjswpnxFxrhSehxrnQTnbx,783.1737401900004,783.7312463479998,782.7303093805907,0.9994338027609274,0.3130921237522363,1.0,4747.223693571,2843.680507535,7588.21633615744
MATSnbbiTCv7Dc3trJrkrqjx7ckKdr6fwPoVwv9q3sD,631WX9JizSHJm4w6VanZeJAst9T8DeUUnPLesdGkCVtK,211maUSfpnXbPuW1iBu8b4dtJv5EbN1j7JJiEX5TZKEP,61144.60772099999,61210.682513999986,60946.713741481406,0.9967635088866451,24.378685496592563,0.997435593090165,21867.537331,22318.047227,44057.577913234316
BSCNHw8CmxbZ8hCWWzMf5FaG2ajPT6JxfznKUNuRVrn4,7n9kgNL633yGzCYksgnzHyjG73ZLBAwvEae5sbAekbzW,SscdxE99omdG9AiMVwmaEMQySQnCgeAh1sPj2Leutm2,3163.8117074089996,3172.990747086,3158.374436323517,0.9982814176100462,1.2633497745294069,0.9987270235345299,6720.419494573,4938.304621874,11640.888176287557
SoNcU2iwHMw6dGzsYNQkYFkUjwN1UdAjrWVRnStrZu2,8ivTTid27jZnYNc4w3CTA1Z6QS2twsFb8WMwUabeDJgc,CyXm53PMvHCbeXJBykU46Rcbo28xk5srhMZFg7gv6EYB,20.87771225299999,20.645326177999983,3093.2391174353634,148.1598692400258,1.2372956469741454,145.40818403790385,10.888872064,13.711438837,3607.049283008568
MAR3XM1n9xWPQ3HJjAcC85o8DopWFP5p2WxGTaZ3fPB,6qG7GUhER8Cg9gDEgnebph9LdS6eu2eoWcA4R7z9uizK,4QV4CwRXVMY227KkFF9voNAfwWHVvVajXSXDKbUHkWZR,0.3202430000000016,0.4906160000000024,0.29854142661640215,0.9322340429498869,0.00011941657064656084,0.03614251644800746,0.157424,22.786969,0.970334413860079
MARpDPs5A7XiyCWPNH8GsMWPLxmwNn9SBmKvPa9LzgA,6YjT74rmcfCpw8LSjPNx5JTmZoYLGrTKnf9arfSgZ4SR,F8GSmi3vA8M8TsybLya1LQ4n1aFHCRbZ6k437PeTdXtg,532047.2737240004,557477.5159399977,494931.37969770975,0.9302394808519505,197.9725518790839,1.0,377160.031432,16966.550114,367815.701951409
ACUSESXyNnwRLAg1dpSGMLSzUDdLjUMybY8rkXiAKhCP,AhFPQdu8GKBsxuhiH46UmCu1YpaLgNpoP325HnYtsgas,A8wxWpT3aFEr2XqZp1kDmbxbFfcBE95UUmdsNTDBJYbT,0.0,0.010874499999772524,0.0,1.0,0.0,0.987164308224685,1027.13340021,1857.75618587,2861.044000284488
FrnkTEL6yZ5Aycq2TrEgu29dCrwKG4LPUZydfiwqspkc,DjvZuMZ46fxKBoBpGMPcRcos4xdTtHFxwMh69DpA2ZFY,9rvDPJLAng4uVVqnnSoEXgNDFhBZQTny9AoQioYDZbQX,376.2907921590013,321.1626496289996,55569.39827176881,147.6767421092994,22.227759308707522,126.1995902046907,332.76450605,2547.423630673,370625.39641175215
BUSDTd9WiT6uBHJRgNvFXBsA7JrifsAtWzKfioN7ERcy,DyBxrn7gSc1EwnpWhDyhzvMHPtxpmBqRqotapLcKcfTM,Cds99GeBgoCpqBsoRWu1C6fF9LiUMd4pXQQD24s9LPff,7425.61862139,7427.4639899500025,7421.050445367347,0.9993848086933128,0.7421050445367346,0.9981384717501859,321.18615924,298.33691369,618.7701194042111
KEN5P7p3asnb23Sw6yAmJRGvijfAzso3RqfyLAQhznt,9zj4aX38Uxf3h6AUjS4EipWS8mwbEofasHAf3a1uKGds,CwQDG1MWunn9cLNwcZLd8YBacweSR7ARo32w4mLua1Yr,1780933.2824819994,1782485.2507749982,1775810.0704288122,0.9971232992815726,177.58100704288123,1.0,2433853.163145,2145791.766904,4572643.462906035
MATgk4zXLXtYkwBH678J1xZbRDZ45LicNzkRBHkxTuY,y8dALFo1bJrSzPYjMX14HJX448pXqYmrfXHD1K8MXih,GN7Yuet3UyiWS5YVkEHv6oQKi4HGBJc3XDPt9zQhAqZz,84801.130806,84769.12525299998,84869.1959011127,1.0008026437202637,33.94767836044508,1.0,8443.682208,9522.526356,17972.985832500155
KZMu9QBEdL97EFgamLbN5DE1AoKBG4HdrKKJo4Vuon3,DD4ACBWyVqdaKWh7v5btsgqQCCMwbKnuL2xd9pv7Gyuw,GcYqiJ1MAuYbNTNYXm1F1gQYTfTgkErACAhNU5dpVj9T,597.1622252599971,600.5394933300001,594.3051803650654,0.9952156302356739,0.2377220721460262,1.0,1738.76359848,1342.4000326,3072.8447430921215
AUSejoEUCh2DBs9mof6BNC8Pubs22w4cJa1ccV9h44R,4xkyD7AfGQDwsQMy9MosRRNGoVJ1zosNinesxg1TzHG7,Cbm5gsQe3nSiCsFrvepVzMCD9xLK3ri9g3ypS2hdmVJ7,838.0769579999978,837.6976879999966,838.3561305914848,1.0003331109259384,0.08383561305914848,1.0,14338.840776,14513.667633,28857.284833527774
iLiUBQ7Z7im6Ew3b4ewwPcehzWgEQRJ1iQz7g6D62NW,GpugBvKWM3TVhYcZjemSdtehBWgfvuGr6uAm9iPjXT6v,92fMXJ3xy8tEyMUWLHKRLyhPw2nECBo77GtDiBBbYrjX,0.2964735559999099,0.2889910000001237,0.28900626219538883,0.9748129515992201,0.00011560250487815553,0.9877862726486268,1908.156815388,1056.226948059,2903.4224574167793
BkMBnJpvHKtWhUvrgRrLesXfi9RUV3ELgdBaJcdH7hcY,5uerVwBnZQsuVhZ15igs7ZgmcqhHnYWbwoRtLyRqLvR,9YWiQh5d4jCtgMdzcGLv9bWgnLaFtzvDDh2nnhJdzhBX,16.078324142000156,15.99849857800018,16.0793158177239,1.0000616778039169,0.006431726327089559,0.9924986869837871,1473.060029311,1398.780274237,2861.43846997769
heyk4SZTeCUV6a65WiVA5bzic3KcxgVf1qxobfeV4tQ,9ZDpBKPqMABtGfq66FbVribaArMvtk63xxy91onZAtDt,DaTP4s6N7xxSPinbNZ3FB52EpRDRt87QShTuN3VPCW52,425.01030299199556,369.85709932199995,61234.633612099606,144.0779980650325,24.493853444839843,124.75596174433286,643.273096919,4510.065977118,655339.1185189335
FTMDfFPjYWvSsDXMGR8Mdt4fLjDtSDwfz7GAqe5V6qwq,2n895yX1VzrWuwrMCixUcD3SkRysj51jigxtV5N81vk6,HuEnD3eWBSuJtTCZMDG3P74sHPhi5UyVRV4SVefva6jS,0.2979599999999998,2.6937585300001956,0.0,0.0,0.0,0.9966000669802945,1595.509301705,12.261128265,12.21944125015298
B2izdXFYb2sNwbWWHmh75T4aQFtfXsUxem9u2p61HGzf,4DYwgJtxwuJdAjkj5RJSNH4e7U329V5cNp7d3a1nLrZv,EXNW64GEf1ACC6xY9BtKRiunrs6GoJSXBdxWN2eTPmrF,29034.422912000042,28786.437801000007,29076.49660258398,1.001449096843132,2.907649660258398,1.0,11195.778416,28799.560557,40011.56274015903
RajgMbScQbqqrdJfR2rxfHJiTiY5b6bJ2tTXiF4aPxy,725ZA3fhyBAKb5iopNRrcbSuQa3LXA1656Q3mBvYPxeg,GLA6i1dSZpUfk2f9Nj8uiG7xyDdAR2reff8oEiZH3617,76158.62921810997,76371.61211879016,75841.43455272273,0.9958350791152132,30.336573821089093,1.0,188402.60244034,44049.01159631,231666.93210299805
Lid8SLUxQ9RmF7XMqUA8c24RitTwzja8VSKngJxRcUa,4PgzyzLtds9bKZ2to9PMnKqJzKEUpjvNUaeN23phegax,AtymwxoVN9peZo7EXTcDz9jKVc4vRmisJKKrNfe3ewBa,1456.6336662430144,1248.341682681998,213898.6670398986,146.84451691384515,21.389866703989863,125.53794578995318,1026.833281979,7740.605707268,1122524.5769036766
AURHmCnNwiW4uA2Qj1XvEh4iKgRUZYXtiY7FKAapUV5Y,BKWm4TRnTeKwfWXRyuzjRHU7iZDkPuXBX5b5V5jSVfGJ,A5Ww74HVrkj9nPeC7pHKLfgeDMEhBCpW1efQdz3TGLEg,2.2793431160005184,2.021464134000098,321.4494547817355,141.02723391016764,0.1285797819126942,125.92767771984265,285.403166244,1828.978134181,270568.58812237915
DFWzVTzNBrQZLjoQ4yQwkj9HuoXmfkuZP9V5vbymZe23,DhgiEgiNdqZdRdo195UUHnoEJUtefK8buko8nU97XJUZ,2K2kkXsouBHtWVjtcgkyiXd8eP3oVBvq1bTJzcVdLLr2,11216.098249574998,12074.269941253004,10005.476362069776,0.8920639013169224,4.0021905448279105,0.9981758715254703,65411.492810558,10452.817947157,68784.9821318507
ALBpShJ9NLpE739pcHDF2LNVk5J4VYPvvKuV6jMPitZi,D6d156U1bPiJpDYRLextvDRccgFk7QzkQbJg42ceKEu5,GNcM8U5g8RwTZffwwm3kSQqUNPSwv5d2fbN9sLxPJqt2,5699.501420000008,5692.450836000011,5685.809989545183,0.9975977845348402,2.2743239958180737,0.9979422430947387,46166.922375,54036.766856,99981.591805956
4vezWG46exH6pf9nry3n1VJ7hZHvjBJNgNeF4qEFCML5,,,2.9887799999999967,2.9875659999999975,0.0,0.0,0.0,0.9979422430947387,46166.922375,54036.766856,53925.57232586407
vEnkoSUkpnbRrPgBz9DfcVxNz67zjwMYBZraAvDDNSf,DtfyjjsZ5yCjWKLKHvwsfXs5QVsmm1QkK6Sh9JZHoq1g,e5wrKCRv4GhHvEf1VD5Pq2KGaZDXP77nTL612Jyrxwy,21424.552844999995,21433.926033999993,21328.59549387306,0.9955211503445996,2.132859549387306,0.9979780963767406,4791.768131,2060.49619,6826.636587245439
ercAoEmXjQzEvAFbdjAo81KtMxRGn9AW1ju882upmPH,CMRhskR2Eg6V42RTSdRTXGdozyPbWB8U9dVpijPWb9T4,7TKLLgrWswt6ZJ1pXhVR3FyufHGjJFqiEXxvWJfDcgRm,0.0,0.002374966000047607,0.0,126.50981558031633,0.0,122.23211487471941,297.247279432,1012.033075385,161307.64163016796
MNkYtBe2HtgL15osfaMmyqNW3vo4J399FXXCS4a39Wf,2mUxDu8NrhSKhQJMgKfYLxJqZzeEbmwhQdHeHMyohyuk,AZCBmDBcFsA2jHHhfFJBTsWCHx9XnnKmGfFsue3ZVW1t,0.021154179999939515,0.021154179999939515,0.021145465742052557,0.9995880597646903,8.458186296821022e-06,1.0,2194.39033408,1941.64693002,4135.133306429418
WiiQFxXqp8P9Fs1rt9SVcDyA3KUdJmUsog6wnVQAwba,3S2jpqSYxho6wiz3cafhjXruVY8cg4HYa2v3BqBHYFSj,Dfe67M6TfrG74gKRtdqys4e6E9QirPD53BkF4FujFjuv,8705.730126699003,8713.24300018999,8698.724695752526,0.9991953080506144,0.8698724695752525,0.9973580006509916,18014.310888043,8686.02584438,26662.89228685134
TETFuZgEmET6d9vYmz9iMFCxK1jKdKYxf3oPz8hSzJK,Eu1Ze6Z84LWNkq7SNoAHBJbXx5t1P95EwyqYohrfCRFV,ASMbv7WNu3qe4pkhREmvyEdwFNDZQ6B6iSrjkj4u8bdC,13.342863007999995,13.380063113999938,13.286517954540438,0.9957771391772684,0.005314607181816175,0.997523150018504,277.236635506,74.975210721,350.85541215100886
Lee1XZJfJ9Hm2K1qTyeCz1LXNc1YBZaKZszvNY4KCDw,9DgFSWkPDGijNKcLGbr3p5xoJbHsPgXUTr6QvGBJ5vGN,2hNHZg7XBhuhHVZ3JDEi4buq2fPQwuWBdQ9xkH7t1GQX,11671.343739715106,9960.046900361041,1728146.8254792069,148.06751167808466,172.81468254792068,126.35038553924892,7452.315121659,57144.730206568,8323704.449441241
SERgf3DMJpQxUifu7VoFKmfne73d2fDJxSrxUMrcNJB,AJfM2GZ2tTB8UtN2krcyR9xufRJEx2mhSCbJyMgPo3GU,F4yRYkufQvERZcEKnKjJwRLU1btiMBUuEwq46hfm11QD,0.012205979000004419,0.009577076000002904,1.545133586687627,126.58825536952568,0.0006180534346750509,126.26901942888776,26.136193374,31.098569938,7235.321052927164
Sid7E679i9ABqptiAVhkmQ27YHN8vaYT4fppPwmxFsJ,GP7KB8o1bv527HG8kTzzzf4wJ5aEGHvcMQvVhLziUfmT,9gYxhAZ1M9wu5pxr8SBoa5NDm21gi3s9vMHaYTME77sa,2834.071916000019,13065.157020000002,22.269616067574603,0.007857816148506816,0.00890784642702984,0.036270893666942375,144445.656563,6326.228765,1364.485383570478
JSoLLrxK5bYdHwTEWYaGgmeycBCNXKDiBCTw5hXGBg7,xG4wXczA7Dk4hccJ61CHKpDHW4NrNfQwgmWgkb9BuF2,BVR6WgfhsRr9Lob4QDnkEAiNGgAbv7ZieKcY9kSg3QYR,37.44086990599985,32.35660210499998,5485.281562600837,146.50518474523554,2.194112625040335,125.97438033832182,17.624215809,162.594772672,23064.814726692948
RoBgmK8CvjdHvPrqdDyVw54VwjZv2TqJ493xnqJAQHx,ExiHJxM7qPAcy27NDHAF6G7vnW7muNHi2sVJpnaNynGQ,6rkPHSqZb7StM4HwS9EuVrmfkV7tRdc7dnsFhyB6cefE,8.332555999999997,315.8924459999989,0.22473466047574592,0.02697067508166114,2.2473466047574596e-05,0.9319699234666299,5955.822154,25.914037,184.78364723929462
KEnkcdADoLR5jS2CLLLesy8TtFsyWL37BhXNfDMzWzP,3qsjFRuw1qeLMPo4DLwaQevenGAGBj9dA3Q6rb8ax2YR,77iEv8zPQAEyCcEbvBRSB6AFcUdfkhiqnAKtPxk76rNN,0.03164299999999998,4.173772000000014,0.00024881710243720593,0.007863258933641124,9.952684097488237e-08,0.9971958851708994,120.55752,0.285852,1.2330254343254905
BkwbeSfcX1h4thMDd7obGkHrPevf3QwgzJ4pCEqG18Lu,35yX27bmurdebhfAb8EPmjLETDiUaEUCn9zHaDPbakH2,2CxECn1ZJFoESyUnQysQU8rRgT3iJ5GRs2Mdd6gZjx5g,0.00014909000000074002,0.0001316300000000492,0.22745510854919374,1525.6228355226021,9.098204341967751e-05,1336.8983957219252,1.80646777,21.52258474,31529.49749224278
BSC8REUo9LpiiWUuqMuLXs2D2yJsJfGd4HdiF3wCLxk5,AZjEH1zWVx1UJ6udMyRijGTzPteuLnaY18yNNmprJEsh,Caf8ypkSVR8xYnXNhjvfvdGCC7mrM3C11rz8Xi6NA6aK,11764.338306891,11808.924102802,11757.89445162626,0.9994522551888051,4.703157780650504,1.0,3315.981226946,2983.539158238,6297.7040736729205
wrmcMSHFi3sWpAEy4rGDvQb3ezh3PhXoV2xNjgLBkKU,8p4mGnARWPBu6P2Gcw4adodLkNDorrXniZMhaY7eJXUn,AyY89zccbsgp9LKFgH4CFZMJmpSgqmPSdTfukhP227rc,0.06872009999999525,0.4262949100000072,14.416582402227778,209.78698229817442,0.005766632960891112,3771.0234557658946,49.77951491,0.1236658,10909.440845711933
STK75uPSyBnEhGTTzb1nwmP3n427XoXmfRhXxxhyady,6TYyD5fUmDe6N65avW1Ny2RxzRNobw2RRgKwH9CTzSAU,54zDfk4cx2vGrEajPtodWpArNe5eUurytyxd4X3aZAxK,562.8109276560006,626.4781969440004,71164.88736693519,126.44546129074516,7.11648873669352,141.15411841842456,462.425379532,86.979280966,70749.07415289583
NorjjEePhxfwLF4vZjUHCrVVKLzQjEEGQFd3wgjEJmh,34M8pFVqgbV7aqHxvRT5tCv3vu2P1JJYT8J3VaxBK2oG,3AZWBSze3ucsY3xSeuLne3b2pauVqiaJ1SZSV5T9WGWw,1.4437029999971855,1.0,0.992224145832788,0.687277193324889,0.0003968896583331152,1.0,37288.157754,2792.917185,28420.217590424814
Dg3mAgpwDfVNnbGWcsxL8sUcSkEbjSJQhKAWNigG44Ju,EATxwd8YA2wV93VJcKMmH2Kn2Y9XfJVUB9hHVu3udwEy,GiGvrRi7NMHfHKanG2B8xyCEqe8jaafWins8bhrLVEaa,0.44731601000000004,0.44655164499999994,66.15896959576882,147.90208290503355,0.02646358783830753,148.2083097435107,0.239493744,0.218400446,67.79038452921377
moFiBS1R4Lf3E3zzmBPnw3NF4RhWPkhREFviuzUaCAU,44ALBrpqi9PfZkBRTvbtRNtFJGsatfY4QydjtMbFWq8S,2ho8qEEie1UjVwWNBo9y4oAJZMyMLx8zPj9bxyUz6uWs,1895.437060026008,1893.2922574609984,1889.26231598523,0.9967423112215115,0.755704926394092,1.0,43393.9307342,25073.583729429,68326.15054242169
ALLwa5WNZbvQsRKAqe1jdRGemdYQnW8E5k4msbRFcYtu,CGoM82Hbz7QVqTgvQatYtjvDWBvoUJp5qm21P8iMs9yb,3dxNNww8TivyN5FMy5dCNdi3Zcxv6e4kUfSPxfFwpdNq,1.6615217159999998,1.663751186999999,6275.813847025494,3777.1482530689327,2.5103255388101977,3794.015320233863,6.402520068,2.118946238,32222.581979808892
HEDSDjj84KS7LKhZY7ejkCACTdPen62rKhCby1wXtgxc,EnnjMSFttpCTywBrYNt1J5QQeoSVkvzPipJDa8Y7kJow,6bjVT6JN2rSvpyn9PdfLYC8wJn4LWh49jpY47fnLDXZk,28.389068681995923,29.053569360003166,27.55766591643929,0.9707139823828072,0.011023066366575717,1.0,38668.801248144,9538.985621641,47075.331675196125
