0,1,2,3,4,5,6,7,8,9,10,11
Dg3mAgpwDfVNnbGWcsxL8sUcSkEbjSJQhKAWNigG44Ju,EATxwd8YA2wV93VJcKMmH2Kn2Y9XfJVUB9hHVu3udwEy,GiGvrRi7NMHfHKanG2B8xyCEqe8jaafWins8bhrLVEaa,0.456817362,0.4567189930000001,70.53461476640389,154.40440892525422,0.028213845906561556,153.20253819837185,0.20205665,0.255957446,70.41176801063966
moFiBS1R4Lf3E3zzmBPnw3NF4RhWPkhREFviuzUaCAU,44ALBrpqi9PfZkBRTvbtRNtFJGsatfY4QydjtMbFWq8S,2ho8qEEie1UjVwWNBo9y4oAJZMyMLx8zPj9bxyUz6uWs,508.6182712009977,510.25840075900487,506.96135116637197,0.9967423112215115,0.20278454046654878,1.0,43393.9307342,25073.583729429,68326.15054242169
MARpDPs5A7XiyCWPNH8GsMWPLxmwNn9SBmKvPa9LzgA,6YjT74rmcfCpw8LSjPNx5JTmZoYLGrTKnf9arfSgZ4SR,F8GSmi3vA8M8TsybLya1LQ4n1aFHCRbZ6k437PeTdXtg,295989.8784930006,309697.1688959986,273162.003059335,0.9228761620164475,109.26480122373401,1.0,379072.892995,15209.959201,365047.2958126971
vEnkoSUkpnbRrPgBz9DfcVxNz67zjwMYBZraAvDDNSf,DtfyjjsZ5yCjWKLKHvwsfXs5QVsmm1QkK6Sh9JZHoq1g,e5wrKCRv4GhHvEf1VD5Pq2KGaZDXP77nTL612Jyrxwy,12266.382551000002,12275.979181999995,12257.312140016391,0.9992605471950757,1.2257312140016392,0.9999840002559959,5108.164605,1745.021221,6849.380659462
RajgMbScQbqqrdJfR2rxfHJiTiY5b6bJ2tTXiF4aPxy,725ZA3fhyBAKb5iopNRrcbSuQa3LXA1656Q3mBvYPxeg,GLA6i1dSZpUfk2f9Nj8uiG7xyDdAR2reff8oEiZH3617,21712.88073409003,21814.580258550137,21600.570941542286,0.9948275038248879,8.640228376616916,0.9996771542630308,191019.98246861,41447.51571654,231466.06690270407
SUiuyGR7SFq3xeRVJonq84fjjeFwRSsFekcevJ53tzy,49GjCCPsv7fBqo6t3iKDrP1xxGDS8uWZbVCdfnp2gjMf,CEwj5xEbbJEjYqM8D6Ai8ByGz1mrh8mkAVsE5fzDSSSx,0.4535829999999996,55.169962000000055,0.0035955331752882936,0.007926957525498744,1.4382132701153175e-06,0.9106530930787634,650.999432,1.609447,6.626092735284144
SAMyS8Jr2HJrkFwYVKbpUwsNStnQmvz3f8Tup8bWUWF,6jPzm5TFfquvgm25sTyN3MMGBfufRaFHMxobDWv6hMFW,Cj9ECoDmxsHTDzCY5ZA6RWrPbg9uFzEC1Qc2kso2vJG6,5777.256707269975,213.41423213999997,5749.788472790452,0.9952454537038388,2.299915389116181,0.036779477169433784,741.57118738,113995.75887378,4930.749763748172
Cob4usZcpHEY7Qt4ZCwj6WVg9S44zvzYV2v9qYF65dTf,NhFM9UXE48PyNAyeyPYA3iXztqKVJwA4bTdLj4ysM8w,6TuFuynuBoeskxyR2cz4wxyidk8dpDK7kAWw3UkjQGx,166.9110779999988,3780.003118000037,1.321026609361071,0.00791455321713925,0.0005284106437444284,1.0,72549.513771,172.922173,747.1191606181565
parEAJhzYzHW87y9VoZAQ22dzQ2MD2ekEtTReaxbMcz,3oyc6hpjYSJEquK6dSvG72NXyz3pqLZz5D8AC71pwgQb,Di2vordgFJVZ1aj1aBpvzXtLfZgJsuLLXawGtVFwX6Rz,27.507164904000064,31.53067551099923,3509.2329901389526,127.57523366679797,1.403693196055581,148.9955687227906,1303.703137681,176.268681799,192583.4849144499
SoN9GaFpSXfpyR5dth3x7PHPVhvJMpQqqDJfCSmPv1t,9kZ9iS68ViMPtoeqtnhAKuF2iqVyfHPdZHoUNdwCELr,BBhm5fJLjw3HRzjtKB8uMEYjGhY6EDm9co3cqpjrSzB9,53.598881413000015,53.17486672800004,8247.847038176329,153.88095461589006,3.299138815270531,151.54998504959397,31.102312858,48.899795525,12196.816874093063
BSCuChvaSj9b5HUSqgDVRzcnr2sSn7cXaamt1jbKH6hn,GnKpRj5kBVPMJfiwZtEuD9GYApLzPdW5JFuZTcyX4BTc,3dmwD9okkomV9nDwyuh4UMhKdUR13QpuKxRo89ycZB5t,2323.9181948989985,2327.102455546001,2325.811251754384,1.0008145970282176,0.9303245007017538,1.0004812314723381,1627.891790727,1467.325744813,3097.249734683562
YAkoNb6HKmSxQN9L8hiBE5tPJRsniSSMzND1boHmZxe,CfWX7o2TswwbxusJ4hCaPobu2jLCb1hfXuXJQjVq3jQF,EnTrdMMpdhugeH6Ban6gYZWXughWxKtVGfCwFn78ZmY3,12053620.29210902,12061826.852551011,12053620.29210902,1.0,1205.3620292109022,0.9998670176866478,1038961.926546,180995.349678,1219933.2070436939
ALLwa5WNZbvQsRKAqe1jdRGemdYQnW8E5k4msbRFcYtu,CGoM82Hbz7QVqTgvQatYtjvDWBvoUJp5qm21P8iMs9yb,3dxNNww8TivyN5FMy5dCNdi3Zcxv6e4kUfSPxfFwpdNq,8.006334202999998,8.043704851000001,30507.293869074827,3810.394756896814,12.20291754762993,3812.501191406622,4.396670194,4.126553097,32485.537653737287
B2izdXFYb2sNwbWWHmh75T4aQFtfXsUxem9u2p61HGzf,4DYwgJtxwuJdAjkj5RJSNH4e7U329V5cNp7d3a1nLrZv,EXNW64GEf1ACC6xY9BtKRiunrs6GoJSXBdxWN2eTPmrF,20479.653612000006,20288.92128900005,20635.95029956894,1.0076318032780278,2.063595029956894,1.0,10830.810365,29168.440069,40081.9090480473
MATSnbbiTCv7Dc3trJrkrqjx7ckKdr6fwPoVwv9q3sD,631WX9JizSHJm4w6VanZeJAst9T8DeUUnPLesdGkCVtK,211maUSfpnXbPuW1iBu8b4dtJv5EbN1j7JJiEX5TZKEP,46790.49723999997,46809.037218,46780.39267518213,0.9997840466459245,18.712157070072852,0.9998130349624621,26230.001416,17968.399556,44189.37705271933
DA1mL7dfBow33EH5yjUuZE6SH2KeUK5zEXzsyhE5r5j5,B4UtLRZND3D83CitRCBUyeiNr7H8m7YFRqBmiPmXjhW4,AAmpYbuixWiSqDaJBCqYEs1pb5SrbdPr9mgXrB58Q2e,0.012386221000042497,0.012386221000042497,0.012384453527988344,0.9998573033652357,4.953781411195338e-06,1.0,1637.997734332,1468.523063078,3106.287060645559
4vezWG46exH6pf9nry3n1VJ7hZHvjBJNgNeF4qEFCML5,,,2.673391999999998,2.6757579999999983,0.0,0.0,0.0,1.0,1637.997734332,1468.523063078,1468.523063078
wrmcMSHFi3sWpAEy4rGDvQb3ezh3PhXoV2xNjgLBkKU,8p4mGnARWPBu6P2Gcw4adodLkNDorrXniZMhaY7eJXUn,AyY89zccbsgp9LKFgH4CFZMJmpSgqmPSdTfukhP227rc,0.019897939999998587,0.2877641900000101,4.295542319789515,215.87874522638123,0.001718216927915806,3812.5738686187046,49.75486746,0.12504723,11217.770157610857
ercAoEmXjQzEvAFbdjAo81KtMxRGn9AW1ju882upmPH,CMRhskR2Eg6V42RTSdRTXGdozyPbWB8U9dVpijPWb9T4,7TKLLgrWswt6ZJ1pXhVR3FyufHGjJFqiEXxvWJfDcgRm,0.0,0.001585832000046139,0.0,130.60409093806126,0.0,127.24767104950062,311.247391089,1012.033075385,169429.034437827
HEDSDjj84KS7LKhZY7ejkCACTdPen62rKhCby1wXtgxc,EnnjMSFttpCTywBrYNt1J5QQeoSVkvzPipJDa8Y7kJow,6bjVT6JN2rSvpyn9PdfLYC8wJn4LWh49jpY47fnLDXZk,9.740687958998024,9.97421728799236,9.453946857890468,0.9705625411352309,0.003781578743156187,1.0,38668.345007211,9539.428991641,47069.47618333352
BUSDgu5JdqP1rndBvXvanbEufS94FNh1w5FJcAj6vawb,Bgzr8cWubt89JQFXndVjtdKmDbGzuPxNhvjH1EhWCwbo,Dxaf8xPBBQsasRKW5Aa4Sw2YrbfGofY9xZueyyF23FBW,33502.505852780014,33425.22222864999,33470.831735292275,0.9990545746748937,13.38833269411691,0.9995620918475616,7269.61585376,7449.14488745,14708.625821003152
FTMDfFPjYWvSsDXMGR8Mdt4fLjDtSDwfz7GAqe5V6qwq,2n895yX1VzrWuwrMCixUcD3SkRysj51jigxtV5N81vk6,HuEnD3eWBSuJtTCZMDG3P74sHPhi5UyVRV4SVefva6jS,0.2979599999999998,2.6937585300001956,0.0,0.0,0.0,1.0,1595.509301705,12.261128265,12.261128265
MATgk4zXLXtYkwBH678J1xZbRDZ45LicNzkRBHkxTuY,y8dALFo1bJrSzPYjMX14HJX448pXqYmrfXHD1K8MXih,GN7Yuet3UyiWS5YVkEHv6oQKi4HGBJc3XDPt9zQhAqZz,96696.00619100002,96660.79055399999,96771.2942579327,1.0007786057552777,38.70851770317308,1.0,8477.619507,9495.696852,17979.917082339205
HDSBGqAuMRr6X2AfmmbXQPpRgU6VEhtfNVVZ3wUTZXg,DCZ1d8kNLgDcdSd99y4udLgwq46mfDXNS9KXj96kQf5L,Fq8GGYQM5Pz3q7LmVMbrXHJgsxA5ev86kTq8yGgGuYsa,88.79499391600075,89.0351076650004,88.34434130333304,0.9949247970770286,0.03533773652133322,1.0,12572.402241929,12060.311406458,24568.90615577999
C98Sspw7XqnMsgxea3SLQVdbMDL8pKUc3RE82UvX9eq2,CSqgQJurPCzGxb4Cgwx5R61hWQUiaoUHcShNc8r1cKEL,6S2CR5EnukPhC914XkAns8m5GixjMAoUuZMsS5ubHuWc,200.44720799999982,200.53430600000024,0.0,0.0,0.0,1.0,999.658792,949.743011,949.743011
iLiUBQ7Z7im6Ew3b4ewwPcehzWgEQRJ1iQz7g6D62NW,GpugBvKWM3TVhYcZjemSdtehBWgfvuGr6uAm9iPjXT6v,92fMXJ3xy8tEyMUWLHKRLyhPw2nECBo77GtDiBBbYrjX,0.2964735559999099,0.2889910000001237,0.28900626219538883,0.9748129515992201,0.00011560250487815553,1.0,1908.156815388,1056.226948059,2916.3229253815443
SRMuKizofcAMicegrfSv7xs9q76tH1w8aAF7oX9FEWu,72Hj2KWntXPfbie4UgKeTPnm1XVkomDfCnRPKbvfTtPi,6aqJQ5wedqpUt4fFEDUqUmXhrdxCu4bEJsQdVPCADLko,0.5630059999994046,0.18698800000038318,0.03861561147370793,0.06858827698772085,1.5446244589483172e-05,0.068954365656037,18557.976649,4443.87987,1579.2845602207499
RoBgmK8CvjdHvPrqdDyVw54VwjZv2TqJ493xnqJAQHx,ExiHJxM7qPAcy27NDHAF6G7vnW7muNHi2sVJpnaNynGQ,6rkPHSqZb7StM4HwS9EuVrmfkV7tRdc7dnsFhyB6cefE,46.36011200000003,95.39247299999946,1.273153487015075,0.027462260811947005,0.0001273153487015075,0.9195030270039648,5955.822154,25.914037,187.38837680611277
NorjjEePhxfwLF4vZjUHCrVVKLzQjEEGQFd3wgjEJmh,34M8pFVqgbV7aqHxvRT5tCv3vu2P1JJYT8J3VaxBK2oG,3AZWBSze3ucsY3xSeuLne3b2pauVqiaJ1SZSV5T9WGWw,8.897297999997136,11.859926000004634,6.107597756387388,0.6864553436773001,0.0024430391025549556,1.0,37296.105968,2787.46359,28389.574830088444
KwnjUuZhTMTSGAaavkLEmSyfobY16JNH4poL9oeeEvE,J63v6qEZmQpDqCD8bd4PXu2Pq5ZbyXrFcSa3Xt1HdAPQ,BnKQtTdLw9qPCDgZkWX3sURkBAoKCUYL1yahh6Mw7mRK,1388.912140999998,37766.40208999958,51.22618651354531,0.036882236825047224,0.005122618651354531,1.0,269881.419057,792.113573,10745.943985340089
BUSD5rCfUDpCxKGMvYU2yThChxgHoioK74PTPociGnv2,CcFHbafgYDZ8yA8Me1PdtDiVb2eeaS61LbqyKKK5CsNZ,26R9s4nmF3CFDTkiePDwRmtscn8i7r2eygbSijditJ58,31.562670100000005,31.538503510000005,31.558081554941914,0.9998546211380864,0.0031558081554941917,1.0,78.63514427,67.42492285,146.04863523221962
BSCNHw8CmxbZ8hCWWzMf5FaG2ajPT6JxfznKUNuRVrn4,7n9kgNL633yGzCYksgnzHyjG73ZLBAwvEae5sbAekbzW,SscdxE99omdG9AiMVwmaEMQySQnCgeAh1sPj2Leutm2,3456.0673805999995,3465.4340959010005,3447.6854917491364,0.997574732223708,1.3790741966996547,1.0,6974.933141515,4684.557354384,11642.574415309093
SEQV6QiTpvTzrceiaYg9Avnwf7oc8ZALpnQMz6TyT4A,3dFMPj4r9mMmPHF32mz1gNDX7f8ftidWof7S8YiYTs1j,Fc1ED3YPeQfXQosHbd8DTaBd2AV5gHQtwiSAL5C5pUhi,3291.398873409,3290.5201377810004,3290.30181439744,0.9996666891331759,1.316120725758976,0.9990179653400707,2375.124475364,3225.474145576,5596.63943873664
7dwD9TF6uikvHXxPFK9AsSim54yJoujQjY9vU6gNFumk,CquVr6atkvwueDYficKjn6SSEWq4F4rH4VSiBbW4GBWU,8BCa6ge3b7ho3TfZuM64Vk1hgbrJ3J7EPiAb9uP86CGd,0.19513979200000042,0.19562852499999983,29.954955766734308,153.50511271803674,0.011981982306693725,154.28520205884345,2.210084262,1.959864461,641.6373181280004
FrnkTEL6yZ5Aycq2TrEgu29dCrwKG4LPUZydfiwqspkc,DjvZuMZ46fxKBoBpGMPcRcos4xdTtHFxwMh69DpA2ZFY,9rvDPJLAng4uVVqnnSoEXgNDFhBZQTny9AoQioYDZbQX,431.5147958620005,368.609954772,66958.14768335086,155.16999260614983,26.78325907334035,131.35212299182308,320.045073942,2562.469408565,386247.1886738288
KZMu9QBEdL97EFgamLbN5DE1AoKBG4HdrKKJo4Vuon3,DD4ACBWyVqdaKWh7v5btsgqQCCMwbKnuL2xd9pv7Gyuw,GcYqiJ1MAuYbNTNYXm1F1gQYTfTgkErACAhNU5dpVj9T,212.38629432999915,213.42750144000092,211.37649386093705,0.9952454537038388,0.08455059754437481,1.0,1737.70839531,1343.48388096,3072.9302612552706
MAR3XM1n9xWPQ3HJjAcC85o8DopWFP5p2WxGTaZ3fPB,6qG7GUhER8Cg9gDEgnebph9LdS6eu2eoWcA4R7z9uizK,4QV4CwRXVMY227KkFF9voNAfwWHVvVajXSXDKbUHkWZR,0.3202430000000016,0.4906160000000024,0.2956144715331595,0.9230942488459014,0.00011824578861326379,0.03697141004558316,0.157424,22.786969,0.9877835636253092
SoNcU2iwHMw6dGzsYNQkYFkUjwN1UdAjrWVRnStrZu2,8ivTTid27jZnYNc4w3CTA1Z6QS2twsFb8WMwUabeDJgc,CyXm53PMvHCbeXJBykU46Rcbo28xk5srhMZFg7gv6EYB,22.53521074000001,22.28887777599997,3477.600701717243,154.31853475168526,1.3910402806868971,152.37461359702675,11.101248532,13.499482811,3770.1068844583665
GokA1R67GqSavkd15zR62QD68Tuc5AEfvjssntVDEbM8,3YB7hfpBdbQEuZqLGWVDpRPmeZWCUsrrWyqGXegnQ6Cg,4DPCj6Z1DsG6HUtwSogBGqXEUxdEV5a8YVrrFtcnz7UW,38359.83879700003,38372.697988000014,38342.39300818131,0.9995452069308464,3.834239300818131,1.0,23999.244261,11308.159245,35296.488816045174
WiiQFxXqp8P9Fs1rt9SVcDyA3KUdJmUsog6wnVQAwba,3S2jpqSYxho6wiz3cafhjXruVY8cg4HYa2v3BqBHYFSj,Dfe67M6TfrG74gKRtdqys4e6E9QirPD53BkF4FujFjuv,10786.797991787998,10793.968784614986,10782.53860869156,0.9996051299839229,1.0782538608691563,1.0,16091.431363952,10608.242046645,26693.319386835614
daob129AwBGn9Y5r91uLoWZeYiGzbPmksauMhFZKTze,6VW5GQNyj4LStgmxEHLr5zUfW92vQnmbw8jTnCH7a38F,4VPCCUifPeBA1c7HWK358CHn2nyjm8pdTRk6Ps3KmnMQ,76.55997886799983,69.04023377599995,10796.366021728372,141.0184038888363,4.31854640869135,131.51052728619874,53.814294515,234.058098848,38369.90991401476
Lid8SLUxQ9RmF7XMqUA8c24RitTwzja8VSKngJxRcUa,4PgzyzLtds9bKZ2to9PMnKqJzKEUpjvNUaeN23phegax,AtymwxoVN9peZo7EXTcDz9jKVc4vRmisJKKrNfe3ewBa,434.45864976000485,372.17307611899446,66700.5830231865,153.52573382997883,6.670058302318651,131.5332741696666,1027.580383658,7739.742782104,1175793.7418315695
DFWzVTzNBrQZLjoQ4yQwkj9HuoXmfkuZP9V5vbymZe23,DhgiEgiNdqZdRdo195UUHnoEJUtefK8buko8nU97XJUZ,2K2kkXsouBHtWVjtcgkyiXd8eP3oVBvq1bTJzcVdLLr2,28739.462734592995,30794.208269164992,26439.12850093827,0.9199590383822357,10.575651400375309,1.0,63411.637252694,12272.945117516,70609.05394674753
BkMBnJpvHKtWhUvrgRrLesXfi9RUV3ELgdBaJcdH7hcY,5uerVwBnZQsuVhZ15igs7ZgmcqhHnYWbwoRtLyRqLvR,9YWiQh5d4jCtgMdzcGLv9bWgnLaFtzvDDh2nnhJdzhBX,41.920965026000204,41.84845763000021,41.92355271536801,1.0000617278100874,0.016769421086147207,1.0,1473.060029311,1398.790613353,2871.9415714337365
ZUCKWFa4LTL833dPhhpeeRWZcaAEoMeYJPi2iKn4F8N,7eEYpq6ShaJ9opZWMxitRFrdCHh6vfyHhGfoSvFht3N2,H8VggnHmuwd1wvwpT8eg9cUJFEfZ7HAaeYjgXrSm7A2u,22.2616208500001,22.258711995999874,22.27228083132387,1.0004788501877557,0.008908912332529547,1.0,1916.072738944,1930.350617952,3847.340868686797
Lee1XZJfJ9Hm2K1qTyeCz1LXNc1YBZaKZszvNY4KCDw,9DgFSWkPDGijNKcLGbr3p5xoJbHsPgXUTr6QvGBJ5vGN,2hNHZg7XBhuhHVZ3JDEi4buq2fPQwuWBdQ9xkH7t1GQX,5640.70689376619,4812.471012287993,869985.3931357175,154.23339831700514,86.99853931357175,131.51052728619874,7450.969515298,57146.426542455,8664545.0362211
MNkYtBe2HtgL15osfaMmyqNW3vo4J399FXXCS4a39Wf,2mUxDu8NrhSKhQJMgKfYLxJqZzeEbmwhQdHeHMyohyuk,AZCBmDBcFsA2jHHhfFJBTsWCHx9XnnKmGfFsue3ZVW1t,0.046486019999974815,0.021154179999939515,0.046466872395866644,0.9995880997317435,1.858674895834666e-05,1.0,2194.39033408,1941.65959594,4135.1460600527325
heyk4SZTeCUV6a65WiVA5bzic3KcxgVf1qxobfeV4tQ,9ZDpBKPqMABtGfq66FbVribaArMvtk63xxy91onZAtDt,DaTP4s6N7xxSPinbNZ3FB52EpRDRt87QShTuN3VPCW52,224.93209762399601,196.29902539199986,33686.483886634276,149.76290286033665,13.47459355465371,131.36834317194644,651.728919263,4500.388729402,688813.4258380987
KysFMBBoavfov2tLpvefWW6tPFt6rAeZWDJVy1mMQae,B8ka2V21TH3x64dFV8ETcjuQcwmrciJ2qzy1mJUttRew,7fSf7EYxBANyxzk2s5pymFgshA91tFYQNKKs5UnLWcYS,409.73421499999995,572.1806479999796,11.25756827596977,0.02747529462720064,0.004503027310387908,0.03707377440126318,134568.170991,2556.809675,3792.090730499156
ALBpShJ9NLpE739pcHDF2LNVk5J4VYPvvKuV6jMPitZi,D6d156U1bPiJpDYRLextvDRccgFk7QzkQbJg42ceKEu5,GNcM8U5g8RwTZffwwm3kSQqUNPSwv5d2fbN9sLxPJqt2,5497.978889000005,5501.418356000009,5508.422858740177,1.0018996016447184,2.203369143496071,1.0008897910242205,46166.922375,54036.766856,100339.46942280151
Sid7E679i9ABqptiAVhkmQ27YHN8vaYT4fppPwmxFsJ,GP7KB8o1bv527HG8kTzzzf4wJ5aEGHvcMQvVhLziUfmT,9gYxhAZ1M9wu5pxr8SBoa5NDm21gi3s9vMHaYTME77sa,869.791201,4177.17145200001,6.932438724069913,0.007970233219305598,0.002772975489627965,0.037073749660914215,144543.057808,6305.309375,1385.8033422646965
KEnkcdADoLR5jS2CLLLesy8TtFsyWL37BhXNfDMzWzP,3qsjFRuw1qeLMPo4DLwaQevenGAGBj9dA3Q6rb8ax2YR,77iEv8zPQAEyCcEbvBRSB6AFcUdfkhiqnAKtPxk76rNN,0.03164299999999998,4.173772000000014,0.00025220208975848687,0.007970233219305598,1.0088083590339474e-07,0.9990648752767409,120.55752,0.285852,1.2464562434687059
STK75uPSyBnEhGTTzb1nwmP3n427XoXmfRhXxxhyady,6TYyD5fUmDe6N65avW1Ny2RxzRNobw2RRgKwH9CTzSAU,54zDfk4cx2vGrEajPtodWpArNe5eUurytyxd4X3aZAxK,320.6511202340003,356.9973669689994,42230.57804971143,131.7025744955857,4.223057804971144,146.60404914519577,462.428575743,86.986053709,73655.54163858094
BUSDTd9WiT6uBHJRgNvFXBsA7JrifsAtWzKfioN7ERcy,DyBxrn7gSc1EwnpWhDyhzvMHPtxpmBqRqotapLcKcfTM,Cds99GeBgoCpqBsoRWu1C6fF9LiUMd4pXQQD24s9LPff,9024.639354719995,9046.977594729997,9025.235652039526,1.0000660743655334,0.9025235652039526,0.9996691095247472,336.95247649,283.0525087,619.9335897319737
JSoLLrxK5bYdHwTEWYaGgmeycBCNXKDiBCTw5hXGBg7,xG4wXczA7Dk4hccJ61CHKpDHW4NrNfQwgmWgkb9BuF2,BVR6WgfhsRr9Lob4QDnkEAiNGgAbv7ZieKcY9kSg3QYR,38.93923340099971,33.63999723599997,5949.6526934167505,152.79326719523968,2.3798610773667,131.6975097844665,17.587846139,162.63911533,24106.47095701464
ACUSESXyNnwRLAg1dpSGMLSzUDdLjUMybY8rkXiAKhCP,AhFPQdu8GKBsxuhiH46UmCu1YpaLgNpoP325HnYtsgas,A8wxWpT3aFEr2XqZp1kDmbxbFfcBE95UUmdsNTDBJYbT,0.0,0.010874499999772524,0.0,1.0,0.0,0.987164308224685,1027.13340021,1857.75618587,2861.044000284488
SERgf3DMJpQxUifu7VoFKmfne73d2fDJxSrxUMrcNJB,AJfM2GZ2tTB8UtN2krcyR9xufRJEx2mhSCbJyMgPo3GU,F4yRYkufQvERZcEKnKjJwRLU1btiMBUuEwq46hfm11QD,0.010834457000001407,0.00956300800000065,1.4280584917788488,131.80711241723174,0.0005712233967115396,131.81460065514491,26.136193374,31.098879535,7544.222564933809
AUSejoEUCh2DBs9mof6BNC8Pubs22w4cJa1ccV9h44R,4xkyD7AfGQDwsQMy9MosRRNGoVJ1zosNinesxg1TzHG7,Cbm5gsQe3nSiCsFrvepVzMCD9xLK3ri9g3ypS2hdmVJ7,478.9141959999979,478.8265790000005,479.1480202338721,1.0004882382602711,0.04791480202338721,1.0,14284.048766,14568.488578,28859.51136311914
TETFuZgEmET6d9vYmz9iMFCxK1jKdKYxf3oPz8hSzJK,Eu1Ze6Z84LWNkq7SNoAHBJbXx5t1P95EwyqYohrfCRFV,ASMbv7WNu3qe4pkhREmvyEdwFNDZQ6B6iSrjkj4u8bdC,12.778410818999944,12.778995914999996,12.757253348068785,0.9983442799553994,0.005102901339227514,0.999701089374277,277.236635506,74.975210721,351.7304090853448
AURHmCnNwiW4uA2Qj1XvEh4iKgRUZYXtiY7FKAapUV5Y,BKWm4TRnTeKwfWXRyuzjRHU7iZDkPuXBX5b5V5jSVfGJ,A5Ww74HVrkj9nPeC7pHKLfgeDMEhBCpW1efQdz3TGLEg,1.6985328209993895,1.509563371000013,251.63054046845923,148.14582171005907,0.1006522161873837,131.86815505374156,286.868639619,1820.135577472,282516.3108881127
7oAd7xG4m3oC2qeWB1szghTebAZyyGPAFDJ4wwwbRSNi,D9yh4KAysxt9GLacVe4Wwh2XqghhcjTCSTV9HuM7TBJd,HDYfJLpZKaMFb84jM4mRytn7XLR8UFZUnQpSfhJJaNEy,209.68687041697558,5.356147495999949,209.68687041697558,1.0,0.08387474816679023,0.025602556361753622,1027.024493463,298633.586520056,8672.80772385536
KEN5P7p3asnb23Sw6yAmJRGvijfAzso3RqfyLAQhznt,9zj4aX38Uxf3h6AUjS4EipWS8mwbEofasHAf3a1uKGds,CwQDG1MWunn9cLNwcZLd8YBacweSR7ARo32w4mLua1Yr,1180141.9783470007,1181012.8912320007,1179680.7231842356,0.9996091528212468,117.96807231842357,1.0,2419177.608125,2173462.658926,4591694.738307961
BkwbeSfcX1h4thMDd7obGkHrPevf3QwgzJ4pCEqG18Lu,35yX27bmurdebhfAb8EPmjLETDiUaEUCn9zHaDPbakH2,2CxECn1ZJFoESyUnQysQU8rRgT3iJ5GRs2Mdd6gZjx5g,0.00014909000000074002,0.0001316300000000492,0.23836474970940252,1598.7977041264967,9.534589988376103e-05,1410.4372355430182,1.80646777,21.52258474,33244.431445680464
BSC8REUo9LpiiWUuqMuLXs2D2yJsJfGd4HdiF3wCLxk5,AZjEH1zWVx1UJ6udMyRijGTzPteuLnaY18yNNmprJEsh,Caf8ypkSVR8xYnXNhjvfvdGCC7mrM3C11rz8Xi6NA6aK,10815.093372630003,10858.593876099001,10809.82660890961,0.9995130172677269,4.323930643563844,1.0,3300.214688893,2999.301454238,6297.908995564716
