0,1,2,3,4,5,6,7,8,9,10,11
BkMBnJpvHKtWhUvrgRrLesXfi9RUV3ELgdBaJcdH7hcY,5uerVwBnZQsuVhZ15igs7ZgmcqhHnYWbwoRtLyRqLvR,9YWiQh5d4jCtgMdzcGLv9bWgnLaFtzvDDh2nnhJdzhBX,25.86384810200002,25.871166270000003,25.86304321823203,0.9999688799684866,0.010345217287292813,0.9999071576205077,1473.060029311,1398.790613353,2871.674933940512
vEnkoSUkpnbRrPgBz9DfcVxNz67zjwMYBZraAvDDNSf,DtfyjjsZ5yCjWKLKHvwsfXs5QVsmm1QkK6Sh9JZHoq1g,e5wrKCRv4GhHvEf1VD5Pq2KGaZDXP77nTL612Jyrxwy,13674.88701300001,13687.538350999992,13631.95997105117,0.9968608850729054,1.363195997105117,0.9973719249776839,4517.106067,2336.049175,6832.836214430091
MATSnbbiTCv7Dc3trJrkrqjx7ckKdr6fwPoVwv9q3sD,631WX9JizSHJm4w6VanZeJAst9T8DeUUnPLesdGkCVtK,211maUSfpnXbPuW1iBu8b4dtJv5EbN1j7JJiEX5TZKEP,52265.57473399998,52294.376821,52134.820603925335,0.9974982743279854,20.853928241570134,0.9989032042816987,23241.577269,20961.18287,44121.62595286568
JSoLLrxK5bYdHwTEWYaGgmeycBCNXKDiBCTw5hXGBg7,xG4wXczA7Dk4hccJ61CHKpDHW4NrNfQwgmWgkb9BuF2,BVR6WgfhsRr9Lob4QDnkEAiNGgAbv7ZieKcY9kSg3QYR,40.8110692889998,35.257573777000005,6671.067497959143,163.4622080278906,2.6684269991836573,140.58629263964684,17.561997354,162.676792696,25740.850048503835
SRMuKizofcAMicegrfSv7xs9q76tH1w8aAF7oX9FEWu,72Hj2KWntXPfbie4UgKeTPnm1XVkomDfCnRPKbvfTtPi,6aqJQ5wedqpUt4fFEDUqUmXhrdxCu4bEJsQdVPCADLko,0.5630059999994046,0.18698800000038318,0.03826881345847519,0.06797230128722546,1.5307525383390077e-05,0.06813519822096271,18557.976649,4443.87987,1564.2130158797188
STK75uPSyBnEhGTTzb1nwmP3n427XoXmfRhXxxhyady,6TYyD5fUmDe6N65avW1Ny2RxzRNobw2RRgKwH9CTzSAU,54zDfk4cx2vGrEajPtodWpArNe5eUurytyxd4X3aZAxK,427.7604062830007,476.3089078580016,60162.80147236709,140.64602658097385,6.016280147236709,156.64368964812343,463.999049825,87.189914969,78917.37267608386
KwnjUuZhTMTSGAaavkLEmSyfobY16JNH4poL9oeeEvE,J63v6qEZmQpDqCD8bd4PXu2Pq5ZbyXrFcSa3Xt1HdAPQ,BnKQtTdLw9qPCDgZkWX3sURkBAoKCUYL1yahh6Mw7mRK,947.3791170000303,24901.187436000175,34.8035743110908,0.03673669145389204,0.0034803574311090798,1.0,269888.843544,791.884393,10706.70756512367
TETFuZgEmET6d9vYmz9iMFCxK1jKdKYxf3oPz8hSzJK,Eu1Ze6Z84LWNkq7SNoAHBJbXx5t1P95EwyqYohrfCRFV,ASMbv7WNu3qe4pkhREmvyEdwFNDZQ6B6iSrjkj4u8bdC,7.234184486999993,7.216506999999993,7.217981828456801,0.9977602646749874,0.0028871927313827202,0.998721636305529,277.236635506,74.975210721,351.49506395369855
B2izdXFYb2sNwbWWHmh75T4aQFtfXsUxem9u2p61HGzf,4DYwgJtxwuJdAjkj5RJSNH4e7U329V5cNp7d3a1nLrZv,EXNW64GEf1ACC6xY9BtKRiunrs6GoJSXBdxWN2eTPmrF,21707.57897099997,21491.10431800003,21914.23016142218,1.0095197714447237,2.191423016142218,1.0,10268.95538,29737.280172,40103.993660193664
CZgvH45CRmoaNJ7395Ao5CQZXkGznvqU7cErD6n7FaRg,4ZjU6MKvtqVQKCiowhvZ5yUsPxXX5SCzd5eFsPeXyey5,BsyWeshjDbCvjDojry3vKDCesmFRM37WtwcR4Kfgzqr,39.91907475000016,39.935930889999895,39.95597169249989,1.000924293529617,0.015982388676999953,0.9996811117221718,540.97819476,563.69580149,1104.9942629117245
GokA1R67GqSavkd15zR62QD68Tuc5AEfvjssntVDEbM8,3YB7hfpBdbQEuZqLGWVDpRPmeZWCUsrrWyqGXegnQ6Cg,4DPCj6Z1DsG6HUtwSogBGqXEUxdEV5a8YVrrFtcnz7UW,32548.84449500001,32567.80293400001,32538.887595395823,0.9996940936073563,3.2538887595395822,1.0,23394.288249,11914.699833,35301.831619673285
SUiuyGR7SFq3xeRVJonq84fjjeFwRSsFekcevJ53tzy,49GjCCPsv7fBqo6t3iKDrP1xxGDS8uWZbVCdfnp2gjMf,CEwj5xEbbJEjYqM8D6Ai8ByGz1mrh8mkAVsE5fzDSSSx,11.224584999999951,47.97081099999987,0.09718093274755453,0.008657864210352093,3.8872373099021814e-05,0.9217006113640155,635.900874,1.742871,7.111948684564829
KEN5P7p3asnb23Sw6yAmJRGvijfAzso3RqfyLAQhznt,9zj4aX38Uxf3h6AUjS4EipWS8mwbEofasHAf3a1uKGds,CwQDG1MWunn9cLNwcZLd8YBacweSR7ARo32w4mLua1Yr,462627.5987830013,462795.1031280025,462192.6754753789,0.9990598846485457,46.219267547537896,1.0,2420759.043523,2172317.937574,4590801.188358013
SAMyS8Jr2HJrkFwYVKbpUwsNStnQmvz3f8Tup8bWUWF,6jPzm5TFfquvgm25sTyN3MMGBfufRaFHMxobDWv6hMFW,Cj9ECoDmxsHTDzCY5ZA6RWrPbg9uFzEC1Qc2kso2vJG6,3852.7688456000733,166.57868962999987,3833.0263451161277,0.9948757630485692,1.5332105380464514,0.03685065189908729,716.5869858,110493.08244956,4784.657142894335
DFWzVTzNBrQZLjoQ4yQwkj9HuoXmfkuZP9V5vbymZe23,DhgiEgiNdqZdRdo195UUHnoEJUtefK8buko8nU97XJUZ,2K2kkXsouBHtWVjtcgkyiXd8eP3oVBvq1bTJzcVdLLr2,20756.552603146996,22194.611047363982,18777.6549068805,0.9046615430750062,7.5110619627522,0.9999071576205077,64599.571561333,11190.13353967,69629.84271170515
ercAoEmXjQzEvAFbdjAo81KtMxRGn9AW1ju882upmPH,CMRhskR2Eg6V42RTSdRTXGdozyPbWB8U9dVpijPWb9T4,7TKLLgrWswt6ZJ1pXhVR3FyufHGjJFqiEXxvWJfDcgRm,0.0,0.0018937940000114395,0.0,140.19505899337986,0.0,135.89966256113786,310.947739423,1012.341113288,181170.1523648714
parEAJhzYzHW87y9VoZAQ22dzQ2MD2ekEtTReaxbMcz,3oyc6hpjYSJEquK6dSvG72NXyz3pqLZz5D8AC71pwgQb,Di2vordgFJVZ1aj1aBpvzXtLfZgJsuLLXawGtVFwX6Rz,15.295396670999992,17.75698353699954,2109.4590782447644,137.91463690799796,0.8437836312979059,159.00425177369243,1302.501972329,177.307144108,207826.67636872802
BSCuChvaSj9b5HUSqgDVRzcnr2sSn7cXaamt1jbKH6hn,GnKpRj5kBVPMJfiwZtEuD9GYApLzPdW5JFuZTcyX4BTc,3dmwD9okkomV9nDwyuh4UMhKdUR13QpuKxRo89ycZB5t,2188.8999122059986,2192.1324992950003,2189.0822430551048,1.0000832979379686,0.8756328972220421,0.9998860129945186,1521.667511395,1573.567758813,3095.1826556972237
BUSDgu5JdqP1rndBvXvanbEufS94FNh1w5FJcAj6vawb,Bgzr8cWubt89JQFXndVjtdKmDbGzuPxNhvjH1EhWCwbo,Dxaf8xPBBQsasRKW5Aa4Sw2YrbfGofY9xZueyyF23FBW,46684.19552185996,46626.90103565995,46699.634420999544,1.0003307093325053,18.67985376839982,0.9996811117221718,7224.98922578,7501.20605552,14726.192605983535
wrmcMSHFi3sWpAEy4rGDvQb3ezh3PhXoV2xNjgLBkKU,8p4mGnARWPBu6P2Gcw4adodLkNDorrXniZMhaY7eJXUn,AyY89zccbsgp9LKFgH4CFZMJmpSgqmPSdTfukhP227rc,0.016902309999999948,0.2903115500000055,3.8972354161862923,230.57412958266085,0.001558894166474517,3783.8655970939913,49.66681952,0.13021616,11944.604127972794
heyk4SZTeCUV6a65WiVA5bzic3KcxgVf1qxobfeV4tQ,9ZDpBKPqMABtGfq66FbVribaArMvtk63xxy91onZAtDt,DaTP4s6N7xxSPinbNZ3FB52EpRDRt87QShTuN3VPCW52,187.1729201189935,163.65437047799867,29823.75310374328,159.3379698558055,11.929501241497311,139.81213443495975,654.806580682,4496.914056756,733058.7038597217
Dg3mAgpwDfVNnbGWcsxL8sUcSkEbjSJQhKAWNigG44Ju,EATxwd8YA2wV93VJcKMmH2Kn2Y9XfJVUB9hHVu3udwEy,GiGvrRi7NMHfHKanG2B8xyCEqe8jaafWins8bhrLVEaa,0.34652297600000004,0.34780952100000007,57.10522815198312,164.79492589831364,0.02284209126079325,163.63928534142192,0.24956714,0.208449177,75.23787269724164
YAkoNb6HKmSxQN9L8hiBE5tPJRsniSSMzND1boHmZxe,CfWX7o2TswwbxusJ4hCaPobu2jLCb1hfXuXJQjVq3jQF,EnTrdMMpdhugeH6Ban6gYZWXughWxKtVGfCwFn78ZmY3,11973704.157699898,11981646.287755977,11973704.157699898,1.0,1197.37041576999,0.9989940130288799,968332.299702,251989.648472,1220068.44987078
WiiQFxXqp8P9Fs1rt9SVcDyA3KUdJmUsog6wnVQAwba,3S2jpqSYxho6wiz3cafhjXruVY8cg4HYa2v3BqBHYFSj,Dfe67M6TfrG74gKRtdqys4e6E9QirPD53BkF4FujFjuv,10732.483206201001,10739.178651806,10727.82684659737,0.9995661433133256,1.072782684659737,0.9999071576205077,16060.218659866,10639.511724173,26691.774753198857
KZMu9QBEdL97EFgamLbN5DE1AoKBG4HdrKKJo4Vuon3,DD4ACBWyVqdaKWh7v5btsgqQCCMwbKnuL2xd9pv7Gyuw,GcYqiJ1MAuYbNTNYXm1F1gQYTfTgkErACAhNU5dpVj9T,144.46912797999994,145.16042831000004,143.72883393606384,0.9948757630485692,0.05749153357442554,0.9996811117221718,1739.60969643,1341.62076325,3071.8884602577946
SoNcU2iwHMw6dGzsYNQkYFkUjwN1UdAjrWVRnStrZu2,8ivTTid27jZnYNc4w3CTA1Z6QS2twsFb8WMwUabeDJgc,CyXm53PMvHCbeXJBykU46Rcbo28xk5srhMZFg7gv6EYB,31.904134541000005,31.584706484999955,5234.58561663221,164.0723276760648,2.093834246652884,132.61705975247293,10.982404779,13.62691693,3609.0703723190627
AUSejoEUCh2DBs9mof6BNC8Pubs22w4cJa1ccV9h44R,4xkyD7AfGQDwsQMy9MosRRNGoVJ1zosNinesxg1TzHG7,Cbm5gsQe3nSiCsFrvepVzMCD9xLK3ri9g3ypS2hdmVJ7,132.6842740000011,132.64286400000128,132.7490555391042,1.0004882382602711,0.01327490555391042,1.0,14284.048766,14568.488578,28859.51136311914
C98Sspw7XqnMsgxea3SLQVdbMDL8pKUc3RE82UvX9eq2,CSqgQJurPCzGxb4Cgwx5R61hWQUiaoUHcShNc8r1cKEL,6S2CR5EnukPhC914XkAns8m5GixjMAoUuZMsS5ubHuWc,159.57463400000006,159.6709569999997,0.0,0.0,0.0,1.0,1010.576993,938.856785,938.856785
BSCNHw8CmxbZ8hCWWzMf5FaG2ajPT6JxfznKUNuRVrn4,7n9kgNL633yGzCYksgnzHyjG73ZLBAwvEae5sbAekbzW,SscdxE99omdG9AiMVwmaEMQySQnCgeAh1sPj2Leutm2,1349.1184442899985,1352.5767789890006,1344.8168579506662,0.9968115576823234,0.5379267431802666,0.9999071576205077,6934.838810582,4724.557354384,11636.846192289246
RajgMbScQbqqrdJfR2rxfHJiTiY5b6bJ2tTXiF4aPxy,725ZA3fhyBAKb5iopNRrcbSuQa3LXA1656Q3mBvYPxeg,GLA6i1dSZpUfk2f9Nj8uiG7xyDdAR2reff8oEiZH3617,88890.45380674001,89107.99982366996,88781.18281474346,0.9987707229818612,35.51247312589739,0.9996811117221718,137078.74047088,95314.2262343,232194.06437038735
Lee1XZJfJ9Hm2K1qTyeCz1LXNc1YBZaKZszvNY4KCDw,9DgFSWkPDGijNKcLGbr3p5xoJbHsPgXUTr6QvGBJ5vGN,2hNHZg7XBhuhHVZ3JDEi4buq2fPQwuWBdQ9xkH7t1GQX,4610.055371360984,3931.492381924977,756796.8688621367,164.16220802109683,75.67968688621367,140.1485518590285,7441.862489205,57102.164579107,9224458.251795026
MARpDPs5A7XiyCWPNH8GsMWPLxmwNn9SBmKvPa9LzgA,6YjT74rmcfCpw8LSjPNx5JTmZoYLGrTKnf9arfSgZ4SR,F8GSmi3vA8M8TsybLya1LQ4n1aFHCRbZ6k437PeTdXtg,261419.87135900022,282401.7697359979,240644.10334114576,0.92052720434047,96.25764133645832,1.0,378772.840851,15551.993756,364222.6980246688
HEDSDjj84KS7LKhZY7ejkCACTdPen62rKhCby1wXtgxc,EnnjMSFttpCTywBrYNt1J5QQeoSVkvzPipJDa8Y7kJow,6bjVT6JN2rSvpyn9PdfLYC8wJn4LWh49jpY47fnLDXZk,15.95462429500185,16.417479765013923,15.504407571515122,0.9717814274305557,0.006201763028606049,0.9999071576205077,38655.523461934,9551.889961681,47115.72290940187
ALBpShJ9NLpE739pcHDF2LNVk5J4VYPvvKuV6jMPitZi,D6d156U1bPiJpDYRLextvDRccgFk7QzkQbJg42ceKEu5,GNcM8U5g8RwTZffwwm3kSQqUNPSwv5d2fbN9sLxPJqt2,140.6110650000046,140.52189999999973,140.8142599771516,1.0014450852580272,0.05632570399086065,1.0000060000360003,46293.036304,53910.572733,100270.82988668943
daob129AwBGn9Y5r91uLoWZeYiGzbPmksauMhFZKTze,6VW5GQNyj4LStgmxEHLr5zUfW92vQnmbw8jTnCH7a38F,4VPCCUifPeBA1c7HWK358CHn2nyjm8pdTRk6Ps3KmnMQ,70.20626276599992,63.40462021399994,10804.899810577133,153.90222160934937,4.321959924230853,140.21937601816794,53.640217745,234.267177738,41104.14616252434
RoBgmK8CvjdHvPrqdDyVw54VwjZv2TqJ493xnqJAQHx,ExiHJxM7qPAcy27NDHAF6G7vnW7muNHi2sVJpnaNynGQ,6rkPHSqZb7StM4HwS9EuVrmfkV7tRdc7dnsFhyB6cefE,9.937759000000764,106.85120099999897,0.2538818189027329,0.02554719015652457,2.5388181890273295e-05,0.9249016829511023,5989.638871,24.95624,176.10051158247975
SoN9GaFpSXfpyR5dth3x7PHPVhvJMpQqqDJfCSmPv1t,9kZ9iS68ViMPtoeqtnhAKuF2iqVyfHPdZHoUNdwCELr,BBhm5fJLjw3HRzjtKB8uMEYjGhY6EDm9co3cqpjrSzB9,61.30793261999998,60.788312372000014,10064.890049968255,164.16945768425518,4.025956019987302,160.3257562846494,32.670595812,47.316208658,12949.520934293665
BUSD5rCfUDpCxKGMvYU2yThChxgHoioK74PTPociGnv2,CcFHbafgYDZ8yA8Me1PdtDiVb2eeaS61LbqyKKK5CsNZ,26R9s4nmF3CFDTkiePDwRmtscn8i7r2eygbSijditJ58,31.562670100000005,31.538503510000005,31.562276834030655,0.9999875401552497,0.0031562276834030656,0.9996811117221718,88.13514427,57.94457991,146.06014818248838
Lid8SLUxQ9RmF7XMqUA8c24RitTwzja8VSKngJxRcUa,4PgzyzLtds9bKZ2to9PMnKqJzKEUpjvNUaeN23phegax,AtymwxoVN9peZo7EXTcDz9jKVc4vRmisJKKrNfe3ewBa,532.075597139006,455.76071160500123,87074.71145691398,163.6510148654036,8.707471145691398,140.19505899337986,1026.430977305,7741.117956018,1253242.959643907
Sid7E679i9ABqptiAVhkmQ27YHN8vaYT4fppPwmxFsJ,GP7KB8o1bv527HG8kTzzzf4wJ5aEGHvcMQvVhLziUfmT,9gYxhAZ1M9wu5pxr8SBoa5NDm21gi3s9vMHaYTME77sa,2296.606090999998,9432.850416000005,19.905889328870707,0.008667524399102853,0.007962355731548283,0.036701592636251175,142587.786249,6745.515166,1483.4542660714558
moFiBS1R4Lf3E3zzmBPnw3NF4RhWPkhREFviuzUaCAU,44ALBrpqi9PfZkBRTvbtRNtFJGsatfY4QydjtMbFWq8S,2ho8qEEie1UjVwWNBo9y4oAJZMyMLx8zPj9bxyUz6uWs,197.19735256000058,197.8776355670052,196.55494495741823,0.9967423112215115,0.0786219779829673,0.999994415031192,43398.905261065,25068.626513064,68326.01163996421
ALLwa5WNZbvQsRKAqe1jdRGemdYQnW8E5k4msbRFcYtu,CGoM82Hbz7QVqTgvQatYtjvDWBvoUJp5qm21P8iMs9yb,3dxNNww8TivyN5FMy5dCNdi3Zcxv6e4kUfSPxfFwpdNq,7.505451804000001,7.541160807999997,28391.026645483435,3782.720532607051,11.356410658193374,3791.8142314371735,4.316526918,4.206836092,32279.75596523877
SERgf3DMJpQxUifu7VoFKmfne73d2fDJxSrxUMrcNJB,AJfM2GZ2tTB8UtN2krcyR9xufRJEx2mhSCbJyMgPo3GU,F4yRYkufQvERZcEKnKjJwRLU1btiMBUuEwq46hfm11QD,0.0009062969999966697,0.00011232299999974771,0.12277095074944575,135.46436846850082,4.910838029977831e-05,139.96316449436839,26.136193374,31.098879535,7893.220521527277
KEnkcdADoLR5jS2CLLLesy8TtFsyWL37BhXNfDMzWzP,3qsjFRuw1qeLMPo4DLwaQevenGAGBj9dA3Q6rb8ax2YR,77iEv8zPQAEyCcEbvBRSB6AFcUdfkhiqnAKtPxk76rNN,2.106004999999996,0.017394999999999994,0.01824601539722652,0.008663804405605187,7.298406158890608e-06,0.9990099811087213,118.451515,0.303247,1.3291875372488853
HDSBGqAuMRr6X2AfmmbXQPpRgU6VEhtfNVVZ3wUTZXg,DCZ1d8kNLgDcdSd99y4udLgwq46mfDXNS9KXj96kQf5L,Fq8GGYQM5Pz3q7LmVMbrXHJgsxA5ev86kTq8yGgGuYsa,75.04977827999937,75.32246066500011,74.68493869491272,0.9951386986950782,0.02987397547796509,0.999994415031192,12572.402241929,12060.311406458,24571.52805649929
NorjjEePhxfwLF4vZjUHCrVVKLzQjEEGQFd3wgjEJmh,34M8pFVqgbV7aqHxvRT5tCv3vu2P1JJYT8J3VaxBK2oG,3AZWBSze3ucsY3xSeuLne3b2pauVqiaJ1SZSV5T9WGWw,11.357113999997182,15.485450000000128,7.597290770556484,0.6689455411434955,0.0030389163082225933,1.0,37461.821412,2675.252396,27735.170792671324
7dwD9TF6uikvHXxPFK9AsSim54yJoujQjY9vU6gNFumk,CquVr6atkvwueDYficKjn6SSEWq4F4rH4VSiBbW4GBWU,8BCa6ge3b7ho3TfZuM64Vk1hgbrJ3J7EPiAb9uP86CGd,0.027682062999999646,0.02777785300000013,4.529208929861009,163.6152959358942,0.001811683571944404,164.53947293728794,2.20119956,1.968715476,684.0813242078821
FrnkTEL6yZ5Aycq2TrEgu29dCrwKG4LPUZydfiwqspkc,DjvZuMZ46fxKBoBpGMPcRcos4xdTtHFxwMh69DpA2ZFY,9rvDPJLAng4uVVqnnSoEXgNDFhBZQTny9AoQioYDZbQX,458.1869301410097,391.4939970040005,75694.99138965724,165.2054792710077,30.2779965558629,140.28834304876872,324.896585656,2556.800272713,412363.9699123603
7oAd7xG4m3oC2qeWB1szghTebAZyyGPAFDJ4wwwbRSNi,D9yh4KAysxt9GLacVe4Wwh2XqghhcjTCSTV9HuM7TBJd,HDYfJLpZKaMFb84jM4mRytn7XLR8UFZUnQpSfhJJaNEy,1007.372273675981,25.22219737699993,1007.3666475332544,0.999994415031192,0.4029466590133018,0.024775059216448445,1007.598724766,299406.21424638,8425.399785085267
BSC8REUo9LpiiWUuqMuLXs2D2yJsJfGd4HdiF3wCLxk5,AZjEH1zWVx1UJ6udMyRijGTzPteuLnaY18yNNmprJEsh,Caf8ypkSVR8xYnXNhjvfvdGCC7mrM3C11rz8Xi6NA6aK,11849.846974391003,11894.000910227,11846.350547719545,0.9997049390866385,4.738540219087818,0.999994415031192,3313.685908841,2986.409420291,6299.100910937685
KysFMBBoavfov2tLpvefWW6tPFt6rAeZWDJVy1mMQae,B8ka2V21TH3x64dFV8ETcjuQcwmrciJ2qzy1mJUttRew,7fSf7EYxBANyxzk2s5pymFgshA91tFYQNKKs5UnLWcYS,703.4938539999994,981.4943579999381,18.00370544319085,0.025591844677566814,0.00720148217727634,0.03677858033135221,134968.348337,2269.958518,3537.5748587313374
SAMGk1Nd4haC8zQA63DG37pzuEZy8j4q13tSFtCbcRE,9U9TnkHD3jXMAVZtynCVLgDruuqN4pTvLJTmVHCLWS8g,C6zoEbvqSknmi96QWq96UBiPCyNW3YSTvKhavR2BfifE,0.006510319999996739,0.004117040000000127,0.01557377323690525,2.3921670880867687,6.2295092947621e-06,0.0,53.15055661,1.41947672,127.14501223593466
BUSDTd9WiT6uBHJRgNvFXBsA7JrifsAtWzKfioN7ERcy,DyBxrn7gSc1EwnpWhDyhzvMHPtxpmBqRqotapLcKcfTM,Cds99GeBgoCpqBsoRWu1C6fF9LiUMd4pXQQD24s9LPff,12443.361590259996,12489.93786803,12448.476669323421,1.0004110689082144,1.244847666932342,1.0004251807017983,318.70819544,301.83612608,620.8036674458533
MATgk4zXLXtYkwBH678J1xZbRDZ45LicNzkRBHkxTuY,y8dALFo1bJrSzPYjMX14HJX448pXqYmrfXHD1K8MXih,GN7Yuet3UyiWS5YVkEHv6oQKi4HGBJc3XDPt9zQhAqZz,88354.02915600002,88353.02862300003,88410.43501353866,1.00063840730386,35.36417400541547,1.0,8676.714531,9318.391976,18000.6457849301
Cob4usZcpHEY7Qt4ZCwj6WVg9S44zvzYV2v9qYF65dTf,NhFM9UXE48PyNAyeyPYA3iXztqKVJwA4bTdLj4ysM8w,6TuFuynuBoeskxyR2cz4wxyidk8dpDK7kAWw3UkjQGx,40.49686399999999,4958.9155029999965,0.35189074241054086,0.008689333139734991,0.00014075629696421634,1.0,71359.008809,182.79714,802.859340062685
AURHmCnNwiW4uA2Qj1XvEh4iKgRUZYXtiY7FKAapUV5Y,BKWm4TRnTeKwfWXRyuzjRHU7iZDkPuXBX5b5V5jSVfGJ,A5Ww74HVrkj9nPeC7pHKLfgeDMEhBCpW1efQdz3TGLEg,1.7137176989995169,1.5228919990000236,270.16952209630546,157.651124367819,0.10806780883852218,140.68344297966405,286.882222877,1820.120634031,301288.14243150846
MNkYtBe2HtgL15osfaMmyqNW3vo4J399FXXCS4a39Wf,2mUxDu8NrhSKhQJMgKfYLxJqZzeEbmwhQdHeHMyohyuk,AZCBmDBcFsA2jHHhfFJBTsWCHx9XnnKmGfFsue3ZVW1t,0.01266592000001765,0.01266592000001765,0.012656665699191714,0.9992693542335714,5.062666279676686e-06,0.9996811117221718,2194.39033408,1941.65959594,4133.8274355278345
