0,1,2,3,4,5,6,7,8,9,10,11
SERgf3DMJpQxUifu7VoFKmfne73d2fDJxSrxUMrcNJB,AJfM2GZ2tTB8UtN2krcyR9xufRJEx2mhSCbJyMgPo3GU,F4yRYkufQvERZcEKnKjJwRLU1btiMBUuEwq46hfm11QD,0.0005580890000018712,9.948900000011918e-05,0.08334004078857439,149.33109376514312,3.3336016315429755e-05,148.74677126539623,26.136193374,31.099208324,8528.853170501641
MATgk4zXLXtYkwBH678J1xZbRDZ45LicNzkRBHkxTuY,y8dALFo1bJrSzPYjMX14HJX448pXqYmrfXHD1K8MXih,GN7Yuet3UyiWS5YVkEHv6oQKi4HGBJc3XDPt9zQhAqZz,98975.85879099998,99103.538554,99041.7215358213,1.0006654425192754,39.61668861432852,1.0,8661.46865,9377.386984,18044.61934351908
HEDSDjj84KS7LKhZY7ejkCACTdPen62rKhCby1wXtgxc,EnnjMSFttpCTywBrYNt1J5QQeoSVkvzPipJDa8Y7kJow,6bjVT6JN2rSvpyn9PdfLYC8wJn4LWh49jpY47fnLDXZk,12.471182131001115,12.83335193599487,12.121081656857118,0.971927242304183,0.004848432662742847,1.0,38646.355121292,9560.80206294,47122.24742108547
KysFMBBoavfov2tLpvefWW6tPFt6rAeZWDJVy1mMQae,B8ka2V21TH3x64dFV8ETcjuQcwmrciJ2qzy1mJUttRew,7fSf7EYxBANyxzk2s5pymFgshA91tFYQNKKs5UnLWcYS,221.8250720000001,317.53721900004894,5.421383596766994,0.024439904596388416,0.0021685534387067976,0.03519851310217132,134977.58499,2263.65477,3378.516581887147
KEN5P7p3asnb23Sw6yAmJRGvijfAzso3RqfyLAQhznt,9zj4aX38Uxf3h6AUjS4EipWS8mwbEofasHAf3a1uKGds,CwQDG1MWunn9cLNwcZLd8YBacweSR7ARo32w4mLua1Yr,334610.92598100007,334656.707715997,333629.05567016284,0.9970656358337414,33.362905567016284,1.0,2298305.095799,2211244.241179,4502805.272861758
SUiuyGR7SFq3xeRVJonq84fjjeFwRSsFekcevJ53tzy,49GjCCPsv7fBqo6t3iKDrP1xxGDS8uWZbVCdfnp2gjMf,CEwj5xEbbJEjYqM8D6Ai8ByGz1mrh8mkAVsE5fzDSSSx,0.14357900000000035,16.028497000000016,0.0012011864136755395,0.008366031339370915,4.804745654702158e-07,0.9415451131925535,639.780997,1.707062,6.959703755252676
ALLwa5WNZbvQsRKAqe1jdRGemdYQnW8E5k4msbRFcYtu,CGoM82Hbz7QVqTgvQatYtjvDWBvoUJp5qm21P8iMs9yb,3dxNNww8TivyN5FMy5dCNdi3Zcxv6e4kUfSPxfFwpdNq,9.682470497999992,9.375329938000002,38270.63437944661,3952.569169960474,15.308253751778642,3921.061196002086,1.047926563,7.488426506,33504.58081708652
Lid8SLUxQ9RmF7XMqUA8c24RitTwzja8VSKngJxRcUa,4PgzyzLtds9bKZ2to9PMnKqJzKEUpjvNUaeN23phegax,AtymwxoVN9peZo7EXTcDz9jKVc4vRmisJKKrNfe3ewBa,651.5783667779717,558.0618074420009,113380.36560952353,174.00879370839885,11.338036560952354,149.20482779077187,1024.364378007,7722.756723407,1330520.9967208195
4vezWG46exH6pf9nry3n1VJ7hZHvjBJNgNeF4qEFCML5,,,1.5733829999999998,1.5730820000000012,0.0,0.0,0.0,149.20482779077187,1024.364378007,7722.756723407,1152272.5869859671
RoBgmK8CvjdHvPrqdDyVw54VwjZv2TqJ493xnqJAQHx,ExiHJxM7qPAcy27NDHAF6G7vnW7muNHi2sVJpnaNynGQ,6rkPHSqZb7StM4HwS9EuVrmfkV7tRdc7dnsFhyB6cefE,85.90639700000035,210.0052469999993,2.101690386761999,0.02446488806604228,0.00021016903867619992,0.9403445422402769,6008.895255,24.438096,169.98718001049153
wrmcMSHFi3sWpAEy4rGDvQb3ezh3PhXoV2xNjgLBkKU,8p4mGnARWPBu6P2Gcw4adodLkNDorrXniZMhaY7eJXUn,AyY89zccbsgp9LKFgH4CFZMJmpSgqmPSdTfukhP227rc,0.048410479999996286,0.5631345699999978,12.293164042660306,253.93600812595227,0.0049172656170641225,3955.383276639506,49.59972063,0.13443506,13126.897249062671
parEAJhzYzHW87y9VoZAQ22dzQ2MD2ekEtTReaxbMcz,3oyc6hpjYSJEquK6dSvG72NXyz3pqLZz5D8AC71pwgQb,Di2vordgFJVZ1aj1aBpvzXtLfZgJsuLLXawGtVFwX6Rz,48.275172819000005,55.382315394999694,7048.418162354384,146.00503220944012,2.8193672649417536,169.64109711647455,1298.819326754,177.063295332,219671.36931613996
TETFuZgEmET6d9vYmz9iMFCxK1jKdKYxf3oPz8hSzJK,Eu1Ze6Z84LWNkq7SNoAHBJbXx5t1P95EwyqYohrfCRFV,ASMbv7WNu3qe4pkhREmvyEdwFNDZQ6B6iSrjkj4u8bdC,21.376214089000023,21.439041958999994,21.259571494116972,0.994543346431814,0.00850382859764679,0.999555197936918,293.597291182,58.677382915,350.64651556948513
AURHmCnNwiW4uA2Qj1XvEh4iKgRUZYXtiY7FKAapUV5Y,BKWm4TRnTeKwfWXRyuzjRHU7iZDkPuXBX5b5V5jSVfGJ,A5Ww74HVrkj9nPeC7pHKLfgeDMEhBCpW1efQdz3TGLEg,0.1373564840000654,0.12131477600001972,22.809015437672535,166.05707115844402,0.009123606175069014,149.43258207098916,286.791752996,1820.222971975,319624.41718206566
MARpDPs5A7XiyCWPNH8GsMWPLxmwNn9SBmKvPa9LzgA,6YjT74rmcfCpw8LSjPNx5JTmZoYLGrTKnf9arfSgZ4SR,F8GSmi3vA8M8TsybLya1LQ4n1aFHCRbZ6k437PeTdXtg,161097.09903299966,172652.62964500152,149747.58018332525,0.9295485833214816,59.8990320733301,1.0,377378.728826,17846.524455,368638.38721086987
Sid7E679i9ABqptiAVhkmQ27YHN8vaYT4fppPwmxFsJ,GP7KB8o1bv527HG8kTzzzf4wJ5aEGHvcMQvVhLziUfmT,9gYxhAZ1M9wu5pxr8SBoa5NDm21gi3s9vMHaYTME77sa,5145.043262000003,20449.61376100015,43.04359317231118,0.008366031339370915,0.017217437268924475,0.03537674732388173,142415.759272,6788.218946,1431.5998117216845
NorjjEePhxfwLF4vZjUHCrVVKLzQjEEGQFd3wgjEJmh,34M8pFVqgbV7aqHxvRT5tCv3vu2P1JJYT8J3VaxBK2oG,3AZWBSze3ucsY3xSeuLne3b2pauVqiaJ1SZSV5T9WGWw,9.656145999999353,13.252578000006906,6.429342553733639,0.6658290537170906,0.002571737021493455,1.0,37490.624193,2656.054111,27618.400940688254
SoNcU2iwHMw6dGzsYNQkYFkUjwN1UdAjrWVRnStrZu2,8ivTTid27jZnYNc4w3CTA1Z6QS2twsFb8WMwUabeDJgc,CyXm53PMvHCbeXJBykU46Rcbo28xk5srhMZFg7gv6EYB,59.854338143000014,59.204028193000006,10493.2427613268,175.31298627439568,4.19729710453072,172.39176856887767,10.606557052,14.031025945,4278.300568370229
SRMuKizofcAMicegrfSv7xs9q76tH1w8aAF7oX9FEWu,72Hj2KWntXPfbie4UgKeTPnm1XVkomDfCnRPKbvfTtPi,6aqJQ5wedqpUt4fFEDUqUmXhrdxCu4bEJsQdVPCADLko,467.1439910000008,464.70580100000006,33.15436613096883,0.07097247694441343,0.013261746452387533,0.07085949879375875,18090.832658,4908.585671,1631.7711241584325
vEnkoSUkpnbRrPgBz9DfcVxNz67zjwMYBZraAvDDNSf,DtfyjjsZ5yCjWKLKHvwsfXs5QVsmm1QkK6Sh9JZHoq1g,e5wrKCRv4GhHvEf1VD5Pq2KGaZDXP77nTL612Jyrxwy,22702.91047499999,22714.527438,22706.906890612736,1.0001760309814527,2.2706906890612735,1.001201441730076,4297.651497,2558.031097,6859.512439117727
STK75uPSyBnEhGTTzb1nwmP3n427XoXmfRhXxxhyady,6TYyD5fUmDe6N65avW1Ny2RxzRNobw2RRgKwH9CTzSAU,54zDfk4cx2vGrEajPtodWpArNe5eUurytyxd4X3aZAxK,790.6260975690025,880.6809805959949,118107.40660605869,149.3846547302352,11.810740660605871,166.46496661545095,458.387149852,85.924028369,82779.34662732825
FrnkTEL6yZ5Aycq2TrEgu29dCrwKG4LPUZydfiwqspkc,DjvZuMZ46fxKBoBpGMPcRcos4xdTtHFxwMh69DpA2ZFY,9rvDPJLAng4uVVqnnSoEXgNDFhBZQTny9AoQioYDZbQX,679.363019618997,571.475152634999,118406.25973741399,174.29011635608168,47.3625038949656,149.2146682793788,332.720571631,2547.872890896,438169.91537669755
BSCNHw8CmxbZ8hCWWzMf5FaG2ajPT6JxfznKUNuRVrn4,7n9kgNL633yGzCYksgnzHyjG73ZLBAwvEae5sbAekbzW,SscdxE99omdG9AiMVwmaEMQySQnCgeAh1sPj2Leutm2,230.99148658099966,231.79786021900054,230.1719616133948,0.9964521421125299,0.09206878464535792,1.0,7184.114707931,4476.142343172,11634.768833071977
WiiQFxXqp8P9Fs1rt9SVcDyA3KUdJmUsog6wnVQAwba,3S2jpqSYxho6wiz3cafhjXruVY8cg4HYa2v3BqBHYFSj,Dfe67M6TfrG74gKRtdqys4e6E9QirPD53BkF4FujFjuv,33672.386733852,33629.086013416,33624.119411309424,0.998566560697818,3.3624119411309423,1.0,19342.474183798,7363.440412452,26678.188333553506
BSC8REUo9LpiiWUuqMuLXs2D2yJsJfGd4HdiF3wCLxk5,AZjEH1zWVx1UJ6udMyRijGTzPteuLnaY18yNNmprJEsh,Caf8ypkSVR8xYnXNhjvfvdGCC7mrM3C11rz8Xi6NA6aK,2652.445805232999,2654.0812555040006,2651.308810008989,0.9995713408274857,1.0605235240035955,1.0,3346.744937721,2954.437300996,6299.747625801379
SAMGk1Nd4haC8zQA63DG37pzuEZy8j4q13tSFtCbcRE,9U9TnkHD3jXMAVZtynCVLgDruuqN4pTvLJTmVHCLWS8g,C6zoEbvqSknmi96QWq96UBiPCyNW3YSTvKhavR2BfifE,0.004164679999999921,0.0065910000000002356,0.00897345678081304,2.1546569678374357,3.5893827123252165e-06,0.0,53.19514161,1.39147859,114.6172825250856
KEnkcdADoLR5jS2CLLLesy8TtFsyWL37BhXNfDMzWzP,3qsjFRuw1qeLMPo4DLwaQevenGAGBj9dA3Q6rb8ax2YR,77iEv8zPQAEyCcEbvBRSB6AFcUdfkhiqnAKtPxk76rNN,0.04025400000000001,4.735892999999976,0.0003367662255350369,0.008366031339370915,1.3470649021401475e-07,1.0005643182755073,119.158694,0.297243,1.2942961080196755
HDSBGqAuMRr6X2AfmmbXQPpRgU6VEhtfNVVZ3wUTZXg,DCZ1d8kNLgDcdSd99y4udLgwq46mfDXNS9KXj96kQf5L,Fq8GGYQM5Pz3q7LmVMbrXHJgsxA5ev86kTq8yGgGuYsa,108.30367695600034,108.62905183000112,107.86453895287991,0.9959453084561586,0.04314581558115197,1.0,12681.031293759,12216.710121502,24846.323744907007
JSoLLrxK5bYdHwTEWYaGgmeycBCNXKDiBCTw5hXGBg7,xG4wXczA7Dk4hccJ61CHKpDHW4NrNfQwgmWgkb9BuF2,BVR6WgfhsRr9Lob4QDnkEAiNGgAbv7ZieKcY9kSg3QYR,72.23169215600012,62.35577022500001,12428.093156725392,172.05872915013828,4.971237262690157,149.44026401910324,17.669353532,162.583966441,27336.757383836488
7dwD9TF6uikvHXxPFK9AsSim54yJoujQjY9vU6gNFumk,CquVr6atkvwueDYficKjn6SSEWq4F4rH4VSiBbW4GBWU,8BCa6ge3b7ho3TfZuM64Vk1hgbrJ3J7EPiAb9uP86CGd,2.2371793949999983,2.2446039159999995,390.45900736070496,174.53182710039454,0.156183602944282,175.1665045208723,2.218797455,1.952135033,729.1994438702031
Lee1XZJfJ9Hm2K1qTyeCz1LXNc1YBZaKZszvNY4KCDw,9DgFSWkPDGijNKcLGbr3p5xoJbHsPgXUTr6QvGBJ5vGN,2hNHZg7XBhuhHVZ3JDEi4buq2fPQwuWBdQ9xkH7t1GQX,6758.754763017106,5763.382758294024,1185982.3977291456,175.4735064835706,118.59823977291458,149.6371150323351,7436.76683095,57108.051073533,9850439.560490232
moFiBS1R4Lf3E3zzmBPnw3NF4RhWPkhREFviuzUaCAU,44ALBrpqi9PfZkBRTvbtRNtFJGsatfY4QydjtMbFWq8S,2ho8qEEie1UjVwWNBo9y4oAJZMyMLx8zPj9bxyUz6uWs,734.7115998219997,737.3999999999942,732.0383349101913,0.9963614771939683,0.2928153339640765,1.0,44136.305261065,24333.914913242,68309.62922104064
daob129AwBGn9Y5r91uLoWZeYiGzbPmksauMhFZKTze,6VW5GQNyj4LStgmxEHLr5zUfW92vQnmbw8jTnCH7a38F,4VPCCUifPeBA1c7HWK358CHn2nyjm8pdTRk6Ps3KmnMQ,61.51485963,55.53872260199999,10191.529559645061,165.67589718882795,4.076611823858025,149.71077375618043,52.609480798,235.438679322,43963.829785276925
C98Sspw7XqnMsgxea3SLQVdbMDL8pKUc3RE82UvX9eq2,CSqgQJurPCzGxb4Cgwx5R61hWQUiaoUHcShNc8r1cKEL,6S2CR5EnukPhC914XkAns8m5GixjMAoUuZMsS5ubHuWc,342.44505100000026,342.5176229999996,0.0,0.0,0.0,1.0,997.071668,952.494275,952.494275
ercAoEmXjQzEvAFbdjAo81KtMxRGn9AW1ju882upmPH,CMRhskR2Eg6V42RTSdRTXGdozyPbWB8U9dVpijPWb9T4,7TKLLgrWswt6ZJ1pXhVR3FyufHGjJFqiEXxvWJfDcgRm,0.20447648399999707,0.20100069300002588,30.590848888212232,149.60570667976015,0.012236339555284892,145.8743240183825,329.845155584,1012.545589772,197051.1210418247
Cob4usZcpHEY7Qt4ZCwj6WVg9S44zvzYV2v9qYF65dTf,NhFM9UXE48PyNAyeyPYA3iXztqKVJwA4bTdLj4ysM8w,6TuFuynuBoeskxyR2cz4wxyidk8dpDK7kAWw3UkjQGx,121.96191999999996,16365.311171999987,1.029321616333581,0.008439696721186263,0.0004117286465334324,1.0,71767.977917,179.368911,785.068878912273
MAR3XM1n9xWPQ3HJjAcC85o8DopWFP5p2WxGTaZ3fPB,6qG7GUhER8Cg9gDEgnebph9LdS6eu2eoWcA4R7z9uizK,4QV4CwRXVMY227KkFF9voNAfwWHVvVajXSXDKbUHkWZR,0.33440700000000223,0.20905700000000185,0.31481955681414003,0.9414263362134702,0.000125927822725656,0.035689312118131054,0.152985,22.899566,0.9612938663893595
SAMyS8Jr2HJrkFwYVKbpUwsNStnQmvz3f8Tup8bWUWF,6jPzm5TFfquvgm25sTyN3MMGBfufRaFHMxobDWv6hMFW,Cj9ECoDmxsHTDzCY5ZA6RWrPbg9uFzEC1Qc2kso2vJG6,16221.037295610015,500.23205134000693,16137.157641163854,0.9948289586592061,6.454863056465542,0.03573917337692222,703.44292545,110860.79924017,4661.878717750213
GokA1R67GqSavkd15zR62QD68Tuc5AEfvjssntVDEbM8,3YB7hfpBdbQEuZqLGWVDpRPmeZWCUsrrWyqGXegnQ6Cg,4DPCj6Z1DsG6HUtwSogBGqXEUxdEV5a8YVrrFtcnz7UW,47543.15036300001,47568.89108,47522.05057254579,0.9995561970485104,4.75220505725458,1.0,23216.390628,10579.526856,33785.61398131636
ALBpShJ9NLpE739pcHDF2LNVk5J4VYPvvKuV6jMPitZi,D6d156U1bPiJpDYRLextvDRccgFk7QzkQbJg42ceKEu5,GNcM8U5g8RwTZffwwm3kSQqUNPSwv5d2fbN9sLxPJqt2,2578.3336870000057,2576.2346580000085,2582.152690829743,1.0014811906810173,1.0328610763318973,0.9996131497110619,47141.817148,53062.178059,100253.29410833202
KZMu9QBEdL97EFgamLbN5DE1AoKBG4HdrKKJo4Vuon3,DD4ACBWyVqdaKWh7v5btsgqQCCMwbKnuL2xd9pv7Gyuw,GcYqiJ1MAuYbNTNYXm1F1gQYTfTgkErACAhNU5dpVj9T,476.6924886900001,480.39786774000027,474.22749212413817,0.9948289586592061,0.1896909968496553,1.0,1752.75375678,1328.75480512,3072.4449997634583
RajgMbScQbqqrdJfR2rxfHJiTiY5b6bJ2tTXiF4aPxy,725ZA3fhyBAKb5iopNRrcbSuQa3LXA1656Q3mBvYPxeg,GLA6i1dSZpUfk2f9Nj8uiG7xyDdAR2reff8oEiZH3617,53116.83550724003,53172.469057800015,53031.51628258395,0.9983937442085674,21.212606513033585,1.0,166883.95542834,65561.40076091,232177.29786934605
YAkoNb6HKmSxQN9L8hiBE5tPJRsniSSMzND1boHmZxe,CfWX7o2TswwbxusJ4hCaPobu2jLCb1hfXuXJQjVq3jQF,EnTrdMMpdhugeH6Ban6gYZWXughWxKtVGfCwFn78ZmY3,9707798.745285973,9718118.894289976,9707798.745285973,1.0,970.7798745285974,1.001032064058044,1063127.910043,176630.61011,1239940.814257245
7oAd7xG4m3oC2qeWB1szghTebAZyyGPAFDJ4wwwbRSNi,D9yh4KAysxt9GLacVe4Wwh2XqghhcjTCSTV9HuM7TBJd,HDYfJLpZKaMFb84jM4mRytn7XLR8UFZUnQpSfhJJaNEy,1.800135339999997,72.89176041894825,1.800135339999997,1.0,0.0007200541359999988,0.02469883552152437,1005.798589426,299479.106006799,8402.58377082109
AUSejoEUCh2DBs9mof6BNC8Pubs22w4cJa1ccV9h44R,4xkyD7AfGQDwsQMy9MosRRNGoVJ1zosNinesxg1TzHG7,Cbm5gsQe3nSiCsFrvepVzMCD9xLK3ri9g3ypS2hdmVJ7,4870.700102999997,4864.773558999999,4869.4437865030795,0.9997420665468308,0.48694437865030793,1.0,14555.952088,14297.127954,28849.325575013776
SEQV6QiTpvTzrceiaYg9Avnwf7oc8ZALpnQMz6TyT4A,3dFMPj4r9mMmPHF32mz1gNDX7f8ftidWof7S8YiYTs1j,Fc1ED3YPeQfXQosHbd8DTaBd2AV5gHQtwiSAL5C5pUhi,701.4582200649998,701.7004312480003,697.0919144525429,0.9937753874891477,0.2788367657810172,1.0001020104050613,3076.824906612,2524.015925511,5581.946265202544
BUSD5rCfUDpCxKGMvYU2yThChxgHoioK74PTPociGnv2,CcFHbafgYDZ8yA8Me1PdtDiVb2eeaS61LbqyKKK5CsNZ,26R9s4nmF3CFDTkiePDwRmtscn8i7r2eygbSijditJ58,10.518120549999992,10.499514000000005,10.513281601877095,0.9995399417510102,0.0010513281601877095,1.0,77.61702372,68.44409391,146.0254092779756
SoN9GaFpSXfpyR5dth3x7PHPVhvJMpQqqDJfCSmPv1t,9kZ9iS68ViMPtoeqtnhAKuF2iqVyfHPdZHoUNdwCELr,BBhm5fJLjw3HRzjtKB8uMEYjGhY6EDm9co3cqpjrSzB9,95.15284414499982,93.00162995800011,16468.287706665174,173.07194393022846,6.587315082666071,170.61044074477599,40.671599561,39.30446687,13744.865214703243
heyk4SZTeCUV6a65WiVA5bzic3KcxgVf1qxobfeV4tQ,9ZDpBKPqMABtGfq66FbVribaArMvtk63xxy91onZAtDt,DaTP4s6N7xxSPinbNZ3FB52EpRDRt87QShTuN3VPCW52,365.941455066004,323.4974260739999,61929.06651636661,169.23216995242208,24.771626606546647,148.95238066866213,656.843505937,4494.748041777,780662.4731573665
DFWzVTzNBrQZLjoQ4yQwkj9HuoXmfkuZP9V5vbymZe23,DhgiEgiNdqZdRdo195UUHnoEJUtefK8buko8nU97XJUZ,2K2kkXsouBHtWVjtcgkyiXd8eP3oVBvq1bTJzcVdLLr2,465.112092940999,524.5882536999707,414.22603541528315,0.890593991646287,0.16569041416611327,0.9998380182423406,65506.787572466,10376.495723238,68714.7663443103
ACUSESXyNnwRLAg1dpSGMLSzUDdLjUMybY8rkXiAKhCP,AhFPQdu8GKBsxuhiH46UmCu1YpaLgNpoP325HnYtsgas,A8wxWpT3aFEr2XqZp1kDmbxbFfcBE95UUmdsNTDBJYbT,0.0,0.028802530000120896,0.0,1.0,0.0,0.9871647048436467,1027.147801475,1857.75618587,2861.059138370818
MATSnbbiTCv7Dc3trJrkrqjx7ckKdr6fwPoVwv9q3sD,631WX9JizSHJm4w6VanZeJAst9T8DeUUnPLesdGkCVtK,211maUSfpnXbPuW1iBu8b4dtJv5EbN1j7JJiEX5TZKEP,272023.68473000015,272441.4295649998,272529.22644505574,1.001858447419964,109.01169057802231,0.9992775223513399,19537.991708,24795.781609,44352.16924928746
B2izdXFYb2sNwbWWHmh75T4aQFtfXsUxem9u2p61HGzf,4DYwgJtxwuJdAjkj5RJSNH4e7U329V5cNp7d3a1nLrZv,EXNW64GEf1ACC6xY9BtKRiunrs6GoJSXBdxWN2eTPmrF,12723.86109199996,12568.967187999993,12843.977974012929,1.009440285550468,1.284397797401293,1.0,9554.80171,30461.875349,40106.8771155205
Dg3mAgpwDfVNnbGWcsxL8sUcSkEbjSJQhKAWNigG44Ju,EATxwd8YA2wV93VJcKMmH2Kn2Y9XfJVUB9hHVu3udwEy,GiGvrRi7NMHfHKanG2B8xyCEqe8jaafWins8bhrLVEaa,0.39205083900000015,0.38410992499999996,67.29385544304942,171.64573761580294,0.026917542177219776,174.7624803130066,0.282997831,0.175633407,79.26950127881112
BSCuChvaSj9b5HUSqgDVRzcnr2sSn7cXaamt1jbKH6hn,GnKpRj5kBVPMJfiwZtEuD9GYApLzPdW5JFuZTcyX4BTc,3dmwD9okkomV9nDwyuh4UMhKdUR13QpuKxRo89ycZB5t,228.30911659899994,228.47595913100008,228.60565287884302,1.001298836788738,0.09144226115153721,0.9991207737191272,1593.071282694,1502.26963285,3096.0892201908864
BUSDTd9WiT6uBHJRgNvFXBsA7JrifsAtWzKfioN7ERcy,DyBxrn7gSc1EwnpWhDyhzvMHPtxpmBqRqotapLcKcfTM,Cds99GeBgoCpqBsoRWu1C6fF9LiUMd4pXQQD24s9LPff,11079.408849249996,11113.092538870003,11088.160512579365,1.000789903454999,1.1088160512579366,0.999284512289201,325.3985623,296.3371251,621.7806952773499
KEVpg4SYCVrqFxKijQH6hm4QxsRdoE51ud64bEEFUC9,2bPenuBYfqzD8p5dFjCcggwkHDsc2RQDnx9AoyYGUBjA,AE6n6iLuX8oYu61vt5hoDYkjswpnxFxrhSehxrnQTnbx,6403.761899323999,6401.118467651001,6398.550689294813,0.9991862267662175,2.5594202757179256,1.0,5008.641871112,2585.001400603,7589.567373022688
KwnjUuZhTMTSGAaavkLEmSyfobY16JNH4poL9oeeEvE,J63v6qEZmQpDqCD8bd4PXu2Pq5ZbyXrFcSa3Xt1HdAPQ,BnKQtTdLw9qPCDgZkWX3sURkBAoKCUYL1yahh6Mw7mRK,2433.2851229999937,81024.39544199989,86.36954468351237,0.03549503667577907,0.008636954468351237,1.0,270288.841101,777.704256,10371.616583933817
BUSDgu5JdqP1rndBvXvanbEufS94FNh1w5FJcAj6vawb,Bgzr8cWubt89JQFXndVjtdKmDbGzuPxNhvjH1EhWCwbo,Dxaf8xPBBQsasRKW5Aa4Sw2YrbfGofY9xZueyyF23FBW,61744.952795510035,61685.931559680044,62685.96440387814,1.0152403000692962,25.07438576155126,1.0,3304.30906152,11468.686828,14823.354551139259
