0,1,2,3,4,5,6,7,8,9,10,11
BSCuChvaSj9b5HUSqgDVRzcnr2sSn7cXaamt1jbKH6hn,GnKpRj5kBVPMJfiwZtEuD9GYApLzPdW5JFuZTcyX4BTc,3dmwD9okkomV9nDwyuh4UMhKdUR13QpuKxRo89ycZB5t,399.155605916,399.5221512599999,399.9219319228093,1.0019198678296166,0.15996877276912372,1.000815664766785,1592.815067813,1502.656985682,3099.755712262007
moFiBS1R4Lf3E3zzmBPnw3NF4RhWPkhREFviuzUaCAU,44ALBrpqi9PfZkBRTvbtRNtFJGsatfY4QydjtMbFWq8S,2ho8qEEie1UjVwWNBo9y4oAJZMyMLx8zPj9bxyUz6uWs,1244.635427416004,1247.5238044529979,1241.3015038392489,0.9973213653546109,0.49652060153569955,0.9997850302219418,42888.518968196,25578.287852242,68346.42558877765
BUSDTd9WiT6uBHJRgNvFXBsA7JrifsAtWzKfioN7ERcy,DyBxrn7gSc1EwnpWhDyhzvMHPtxpmBqRqotapLcKcfTM,Cds99GeBgoCpqBsoRWu1C6fF9LiUMd4pXQQD24s9LPff,8070.308351409995,8086.71888693,8084.768201882108,1.0017917345710323,0.8084768201882108,1.0023891243105554,322.34492152,300.09252876,623.7319651755606
FrnkTEL6yZ5Aycq2TrEgu29dCrwKG4LPUZydfiwqspkc,DjvZuMZ46fxKBoBpGMPcRcos4xdTtHFxwMh69DpA2ZFY,9rvDPJLAng4uVVqnnSoEXgNDFhBZQTny9AoQioYDZbQX,859.2425770239988,722.7151491799993,145438.01841446545,169.26304899623628,58.17520736578618,145.90850661184396,343.409951589,2535.621475218,428095.3582435831
Sid7E679i9ABqptiAVhkmQ27YHN8vaYT4fppPwmxFsJ,GP7KB8o1bv527HG8kTzzzf4wJ5aEGHvcMQvVhLziUfmT,9gYxhAZ1M9wu5pxr8SBoa5NDm21gi3s9vMHaYTME77sa,4139.967621000001,16577.974525000172,34.62100322166008,0.008362626568875785,0.013848401288664033,0.035531750230414515,142770.111865,6704.971331,1432.172497358799
WiiQFxXqp8P9Fs1rt9SVcDyA3KUdJmUsog6wnVQAwba,3S2jpqSYxho6wiz3cafhjXruVY8cg4HYa2v3BqBHYFSj,Dfe67M6TfrG74gKRtdqys4e6E9QirPD53BkF4FujFjuv,464.10665031400003,464.78386706600213,463.40328198370014,0.9984844683224772,0.046340328198370015,0.9997850302219418,19339.75909221,7366.198114138,26675.063678834365
SERgf3DMJpQxUifu7VoFKmfne73d2fDJxSrxUMrcNJB,AJfM2GZ2tTB8UtN2krcyR9xufRJEx2mhSCbJyMgPo3GU,F4yRYkufQvERZcEKnKjJwRLU1btiMBUuEwq46hfm11QD,0.035620440999995395,0.03531498199999916,5.200770469566729,146.00522406691712,0.002080308187826692,146.0539082054108,26.171410496,31.064081743,8358.193196993245
CZgvH45CRmoaNJ7395Ao5CQZXkGznvqU7cErD6n7FaRg,4ZjU6MKvtqVQKCiowhvZ5yUsPxXX5SCzd5eFsPeXyey5,BsyWeshjDbCvjDojry3vKDCesmFRM37WtwcR4Kfgzqr,739.65525668,740.0,738.0669881861128,0.99785269085896,0.2952267952744451,1.0,588.64445487,516.3742847,1103.7547379512353
KEnkcdADoLR5jS2CLLLesy8TtFsyWL37BhXNfDMzWzP,3qsjFRuw1qeLMPo4DLwaQevenGAGBj9dA3Q6rb8ax2YR,77iEv8zPQAEyCcEbvBRSB6AFcUdfkhiqnAKtPxk76rNN,0.028442999999999996,3.326274999999981,0.0002378687024474283,0.008362996253820917,9.514748097897132e-08,1.0021104445963198,119.158694,0.297243,1.2943940264153366
YAkoNb6HKmSxQN9L8hiBE5tPJRsniSSMzND1boHmZxe,CfWX7o2TswwbxusJ4hCaPobu2jLCb1hfXuXJQjVq3jQF,EnTrdMMpdhugeH6Ban6gYZWXughWxKtVGfCwFn78ZmY3,8292081.581793928,8306243.43775796,8292081.581793928,1.0,829.2081581793929,1.0018534288433603,1120531.651698,119945.843308,1240699.8060916283
Lid8SLUxQ9RmF7XMqUA8c24RitTwzja8VSKngJxRcUa,4PgzyzLtds9bKZ2to9PMnKqJzKEUpjvNUaeN23phegax,AtymwxoVN9peZo7EXTcDz9jKVc4vRmisJKKrNfe3ewBa,478.08307857298973,409.5209821449997,81319.74291998894,170.0954218306928,8.131974291998894,145.83345789941194,1024.659758132,7722.454460116,1300482.1711818506
ercAoEmXjQzEvAFbdjAo81KtMxRGn9AW1ju882upmPH,CMRhskR2Eg6V42RTSdRTXGdozyPbWB8U9dVpijPWb9T4,7TKLLgrWswt6ZJ1pXhVR3FyufHGjJFqiEXxvWJfDcgRm,0.0,0.0009389059999875826,0.0,145.9152343384072,0.0,142.62108458770953,329.8455264,1012.545589772,192539.83748791594
BSC8REUo9LpiiWUuqMuLXs2D2yJsJfGd4HdiF3wCLxk5,AZjEH1zWVx1UJ6udMyRijGTzPteuLnaY18yNNmprJEsh,Caf8ypkSVR8xYnXNhjvfvdGCC7mrM3C11rz8Xi6NA6aK,347.9219751659998,348.0982740170002,347.89003016398,0.9999081834310565,0.139156012065592,0.9997850302219418,3055.25990782,3246.192703417,6300.474254430046
vEnkoSUkpnbRrPgBz9DfcVxNz67zjwMYBZraAvDDNSf,DtfyjjsZ5yCjWKLKHvwsfXs5QVsmm1QkK6Sh9JZHoq1g,e5wrKCRv4GhHvEf1VD5Pq2KGaZDXP77nTL612Jyrxwy,24613.27867299999,24625.883561,24660.454121734867,1.0019166665831736,2.466045412173487,1.00137889874357,4120.047561,2737.013483,6868.731865934097
Lee1XZJfJ9Hm2K1qTyeCz1LXNc1YBZaKZszvNY4KCDw,9DgFSWkPDGijNKcLGbr3p5xoJbHsPgXUTr6QvGBJ5vGN,2hNHZg7XBhuhHVZ3JDEi4buq2fPQwuWBdQ9xkH7t1GQX,7986.2224921102825,6807.993743379036,1365798.0070970063,171.0192783191678,136.57980070970063,145.68781548696444,7432.262111026,57112.992871642,9591727.269898657
DEDaBEWzMCXohXYXoLzB4jK1xqMsd3SS9izXp2xvg9pe,GC5zHpW5GuVdw3C7covC6viyGdLS8ZAaVGDKMeru7p78,F8juxtAFueW19vxkdDArUkjVWAv9QV6yy1wCXUWQiXvh,0.17134496999999982,21895.134399641305,0.17134496999999982,1.0,6.853798799999993e-05,0.0,32.14413399,8633348.72245931,32.14413399
SUiuyGR7SFq3xeRVJonq84fjjeFwRSsFekcevJ53tzy,49GjCCPsv7fBqo6t3iKDrP1xxGDS8uWZbVCdfnp2gjMf,CEwj5xEbbJEjYqM8D6Ai8ByGz1mrh8mkAVsE5fzDSSSx,4.698523000000028,3.836224000000052,0.03926379109990463,0.008356624219973893,1.5705516439961853e-05,0.9204492528713415,643.5756,1.673108,6.9181304549172955
BSCNHw8CmxbZ8hCWWzMf5FaG2ajPT6JxfznKUNuRVrn4,7n9kgNL633yGzCYksgnzHyjG73ZLBAwvEae5sbAekbzW,SscdxE99omdG9AiMVwmaEMQySQnCgeAh1sPj2Leutm2,2269.326720161999,2269.8801295310013,2271.669147259858,1.0010322123637145,0.9086676589039433,0.9997850302219418,5162.405306314,6497.066394585,11663.40372656181
KEN5P7p3asnb23Sw6yAmJRGvijfAzso3RqfyLAQhznt,9zj4aX38Uxf3h6AUjS4EipWS8mwbEofasHAf3a1uKGds,CwQDG1MWunn9cLNwcZLd8YBacweSR7ARo32w4mLua1Yr,208870.26732100174,208890.7707739938,208779.86563917997,0.9995671874078524,20.877986563918,1.0,2291500.099189,2224145.047435,4514653.356526164
SoNcU2iwHMw6dGzsYNQkYFkUjwN1UdAjrWVRnStrZu2,8ivTTid27jZnYNc4w3CTA1Z6QS2twsFb8WMwUabeDJgc,CyXm53PMvHCbeXJBykU46Rcbo28xk5srhMZFg7gv6EYB,82.18700504899999,81.24901529700003,14082.519313665065,171.34727449028043,5.633007725466026,169.4360422993691,10.732287724,13.924142539,4198.199854773344
MAR3XM1n9xWPQ3HJjAcC85o8DopWFP5p2WxGTaZ3fPB,6qG7GUhER8Cg9gDEgnebph9LdS6eu2eoWcA4R7z9uizK,4QV4CwRXVMY227KkFF9voNAfwWHVvVajXSXDKbUHkWZR,0.33440700000000223,0.20905700000000185,0.3054126500659877,0.9132962230634696,0.00012216506002639508,0.03563565310031608,0.152985,22.899566,0.9557616128091575
parEAJhzYzHW87y9VoZAQ22dzQ2MD2ekEtTReaxbMcz,3oyc6hpjYSJEquK6dSvG72NXyz3pqLZz5D8AC71pwgQb,Di2vordgFJVZ1aj1aBpvzXtLfZgJsuLLXawGtVFwX6Rz,11.072293086999991,12.851546590000225,1588.7484642409036,143.488656934692,0.6354993856963613,165.77677692811653,1300.189753867,175.885308366,215720.18107254695
GokA1R67GqSavkd15zR62QD68Tuc5AEfvjssntVDEbM8,3YB7hfpBdbQEuZqLGWVDpRPmeZWCUsrrWyqGXegnQ6Cg,4DPCj6Z1DsG6HUtwSogBGqXEUxdEV5a8YVrrFtcnz7UW,41259.32962,41273.20882099999,41248.563744862586,0.999739068103225,4.124856374486259,1.0,21337.167721,12460.718095,33792.31826835476
BUSD5rCfUDpCxKGMvYU2yThChxgHoioK74PTPociGnv2,CcFHbafgYDZ8yA8Me1PdtDiVb2eeaS61LbqyKKK5CsNZ,26R9s4nmF3CFDTkiePDwRmtscn8i7r2eygbSijditJ58,31.057763549999997,31.07635868,31.05320090319129,0.9998530915852533,0.003105320090319129,1.0,72.50017904,73.56265224,146.0521803936284
ZUCKWFa4LTL833dPhhpeeRWZcaAEoMeYJPi2iKn4F8N,7eEYpq6ShaJ9opZWMxitRFrdCHh6vfyHhGfoSvFht3N2,H8VggnHmuwd1wvwpT8eg9cUJFEfZ7HAaeYjgXrSm7A2u,1.5158485600002223,1.5164551650002522,1.5162484129016855,1.0002637815623634,0.0006064993651606742,0.9997850302219418,1916.072738944,1930.351224557,3846.5144209873633
MATgk4zXLXtYkwBH678J1xZbRDZ45LicNzkRBHkxTuY,y8dALFo1bJrSzPYjMX14HJX448pXqYmrfXHD1K8MXih,GN7Yuet3UyiWS5YVkEHv6oQKi4HGBJc3XDPt9zQhAqZz,93652.21998600003,93738.26083100002,93652.50094350286,1.000003000009,37.46100037740115,1.0,9563.503165,8489.419413,18052.951268595567
RajgMbScQbqqrdJfR2rxfHJiTiY5b6bJ2tTXiF4aPxy,725ZA3fhyBAKb5iopNRrcbSuQa3LXA1656Q3mBvYPxeg,GLA6i1dSZpUfk2f9Nj8uiG7xyDdAR2reff8oEiZH3617,148226.28258703998,148449.43204369003,148259.414118313,1.0002235199500031,59.3037656473252,1.0,101982.16353771,130478.03334499,232482.99193079516
SRMuKizofcAMicegrfSv7xs9q76tH1w8aAF7oX9FEWu,72Hj2KWntXPfbie4UgKeTPnm1XVkomDfCnRPKbvfTtPi,6aqJQ5wedqpUt4fFEDUqUmXhrdxCu4bEJsQdVPCADLko,567.8251350000019,565.891437000002,40.08721194769139,0.07059781167963136,0.016034884779076556,0.07084020808036,18090.832658,4908.625951,1624.9012808747038
SoN9GaFpSXfpyR5dth3x7PHPVhvJMpQqqDJfCSmPv1t,9kZ9iS68ViMPtoeqtnhAKuF2iqVyfHPdZHoUNdwCELr,BBhm5fJLjw3HRzjtKB8uMEYjGhY6EDm9co3cqpjrSzB9,146.37850990999988,143.14200357400003,24781.871416026286,169.29992955429933,9.912748566410514,157.80967742597267,39.532490479,40.480213675,13081.017315386907
MARpDPs5A7XiyCWPNH8GsMWPLxmwNn9SBmKvPa9LzgA,6YjT74rmcfCpw8LSjPNx5JTmZoYLGrTKnf9arfSgZ4SR,F8GSmi3vA8M8TsybLya1LQ4n1aFHCRbZ6k437PeTdXtg,196205.99909700017,214334.74655200305,178960.14664523845,0.9121033376597434,71.58405865809539,1.0,379316.276782,15151.784265,361127.4263465292
KZMu9QBEdL97EFgamLbN5DE1AoKBG4HdrKKJo4Vuon3,DD4ACBWyVqdaKWh7v5btsgqQCCMwbKnuL2xd9pv7Gyuw,GcYqiJ1MAuYbNTNYXm1F1gQYTfTgkErACAhNU5dpVj9T,591.8367739799999,596.1199421700014,589.7393659250873,0.9964561038665984,0.23589574637003494,1.0,1686.47365528,1394.78146219,3075.2784300039693
heyk4SZTeCUV6a65WiVA5bzic3KcxgVf1qxobfeV4tQ,9ZDpBKPqMABtGfq66FbVribaArMvtk63xxy91onZAtDt,DaTP4s6N7xxSPinbNZ3FB52EpRDRt87QShTuN3VPCW52,100.5906169529959,88.03593606400023,16762.124754667904,166.63706081552843,6.704849901867161,145.68214864852857,651.916169711,4500.407521822,764262.4319917868
STK75uPSyBnEhGTTzb1nwmP3n427XoXmfRhXxxhyady,6TYyD5fUmDe6N65avW1Ny2RxzRNobw2RRgKwH9CTzSAU,54zDfk4cx2vGrEajPtodWpArNe5eUurytyxd4X3aZAxK,599.2637301290022,667.6941481049996,87439.69172455023,145.91187039757483,8.743969172455023,162.66304123280366,470.134171267,87.977494226,82908.84303822434
C98Sspw7XqnMsgxea3SLQVdbMDL8pKUc3RE82UvX9eq2,CSqgQJurPCzGxb4Cgwx5R61hWQUiaoUHcShNc8r1cKEL,6S2CR5EnukPhC914XkAns8m5GixjMAoUuZMsS5ubHuWc,115.42250000000013,115.41721099999995,0.0,0.0,0.0,1.0,987.753507,996.118344,996.118344
ALBpShJ9NLpE739pcHDF2LNVk5J4VYPvvKuV6jMPitZi,D6d156U1bPiJpDYRLextvDRccgFk7QzkQbJg42ceKEu5,GNcM8U5g8RwTZffwwm3kSQqUNPSwv5d2fbN9sLxPJqt2,888.276346000006,887.9690120000014,890.9974522190831,1.0030633554876593,0.3563989808876333,1.0014230221144247,47730.460983,52473.35251,100424.69960362051
MATSnbbiTCv7Dc3trJrkrqjx7ckKdr6fwPoVwv9q3sD,631WX9JizSHJm4w6VanZeJAst9T8DeUUnPLesdGkCVtK,211maUSfpnXbPuW1iBu8b4dtJv5EbN1j7JJiEX5TZKEP,649829.6882010002,649818.486649,650688.5971492373,1.001321744703008,260.27543885969493,1.0016497170840373,24073.912659,20428.027819,44567.460511023906
NorjjEePhxfwLF4vZjUHCrVVKLzQjEEGQFd3wgjEJmh,34M8pFVqgbV7aqHxvRT5tCv3vu2P1JJYT8J3VaxBK2oG,3AZWBSze3ucsY3xSeuLne3b2pauVqiaJ1SZSV5T9WGWw,0.8515640000000531,1.2800000000061118,0.5669960522995758,0.6658290537170906,0.00022679842091983036,1.0,37490.624193,2656.054111,27618.400940688254
Dg3mAgpwDfVNnbGWcsxL8sUcSkEbjSJQhKAWNigG44Ju,EATxwd8YA2wV93VJcKMmH2Kn2Y9XfJVUB9hHVu3udwEy,GiGvrRi7NMHfHKanG2B8xyCEqe8jaafWins8bhrLVEaa,0.7309396910000003,0.7227201940000001,122.66293003323253,167.81539098720592,0.04906517201329302,171.38292481071184,0.265898586,0.192593782,77.62916083205182
AURHmCnNwiW4uA2Qj1XvEh4iKgRUZYXtiY7FKAapUV5Y,BKWm4TRnTeKwfWXRyuzjRHU7iZDkPuXBX5b5V5jSVfGJ,A5Ww74HVrkj9nPeC7pHKLfgeDMEhBCpW1efQdz3TGLEg,1.019405789999837,0.9055703779997657,166.20224484249957,163.03835672988097,0.06648089793699982,146.144154548028,285.898216468,1821.228662622,312774.29854247445
Cob4usZcpHEY7Qt4ZCwj6WVg9S44zvzYV2v9qYF65dTf,NhFM9UXE48PyNAyeyPYA3iXztqKVJwA4bTdLj4ysM8w,6TuFuynuBoeskxyR2cz4wxyidk8dpDK7kAWw3UkjQGx,271.54243999999414,16257.453764999984,2.2731973396914826,0.008371425622055733,0.000909278935876593,1.0,71871.440016,178.508348,780.174762443984
daob129AwBGn9Y5r91uLoWZeYiGzbPmksauMhFZKTze,6VW5GQNyj4LStgmxEHLr5zUfW92vQnmbw8jTnCH7a38F,4VPCCUifPeBA1c7HWK358CHn2nyjm8pdTRk6Ps3KmnMQ,63.98683514499979,57.71435680499988,10348.15194034612,161.72314065692262,4.139260776138448,145.5953334948471,52.672867015,235.384682425,42789.332818316776
AUSejoEUCh2DBs9mof6BNC8Pubs22w4cJa1ccV9h44R,4xkyD7AfGQDwsQMy9MosRRNGoVJ1zosNinesxg1TzHG7,Cbm5gsQe3nSiCsFrvepVzMCD9xLK3ri9g3ypS2hdmVJ7,1787.9663729999957,1788.5910159999967,1787.7357550875893,0.9998710166388536,0.17877357550875894,1.0,14511.635661,14341.564151,28851.328052456713
JSoLLrxK5bYdHwTEWYaGgmeycBCNXKDiBCTw5hXGBg7,xG4wXczA7Dk4hccJ61CHKpDHW4NrNfQwgmWgkb9BuF2,BVR6WgfhsRr9Lob4QDnkEAiNGgAbv7ZieKcY9kSg3QYR,120.59908268399977,104.77582472900006,20422.505685069318,169.34213122152406,8.169002274027727,146.12072845274514,17.730715872,162.544907844,26753.73755429739
KysFMBBoavfov2tLpvefWW6tPFt6rAeZWDJVy1mMQae,B8ka2V21TH3x64dFV8ETcjuQcwmrciJ2qzy1mJUttRew,7fSf7EYxBANyxzk2s5pymFgshA91tFYQNKKs5UnLWcYS,302.6219560000004,435.43192999999155,7.47628430824486,0.024705029360939195,0.002990513723297944,0.03534889429365627,135004.8779,2244.872397,3414.6532294538106
BUSDgu5JdqP1rndBvXvanbEufS94FNh1w5FJcAj6vawb,Bgzr8cWubt89JQFXndVjtdKmDbGzuPxNhvjH1EhWCwbo,Dxaf8xPBBQsasRKW5Aa4Sw2YrbfGofY9xZueyyF23FBW,13091.84280997,12914.657725240006,13181.732072772613,1.0068660511822032,5.272692829109046,1.0,4637.57025188,10126.21138462,14795.623431210472
TETFuZgEmET6d9vYmz9iMFCxK1jKdKYxf3oPz8hSzJK,Eu1Ze6Z84LWNkq7SNoAHBJbXx5t1P95EwyqYohrfCRFV,ASMbv7WNu3qe4pkhREmvyEdwFNDZQ6B6iSrjkj4u8bdC,0.8262911249999974,0.830137155999978,0.8222227970225732,0.9950763987965813,0.00032888911880902925,0.9999510024008824,293.597291182,58.677382915,350.8262430699305
wrmcMSHFi3sWpAEy4rGDvQb3ezh3PhXoV2xNjgLBkKU,8p4mGnARWPBu6P2Gcw4adodLkNDorrXniZMhaY7eJXUn,AyY89zccbsgp9LKFgH4CFZMJmpSgqmPSdTfukhP227rc,0.020308749999995546,0.21765910000002484,4.909052453467621,241.72105390379502,0.001963620981387048,3923.722828219415,49.6492841,0.13131105,12516.505442703396
ALLwa5WNZbvQsRKAqe1jdRGemdYQnW8E5k4msbRFcYtu,CGoM82Hbz7QVqTgvQatYtjvDWBvoUJp5qm21P8iMs9yb,3dxNNww8TivyN5FMy5dCNdi3Zcxv6e4kUfSPxfFwpdNq,4.663403357999993,4.4861728329999995,18326.665715633077,3929.890749037176,7.330666286253231,3846.035506599797,0.702926244,7.840301783,32916.50238342675
SAMyS8Jr2HJrkFwYVKbpUwsNStnQmvz3f8Tup8bWUWF,6jPzm5TFfquvgm25sTyN3MMGBfufRaFHMxobDWv6hMFW,Cj9ECoDmxsHTDzCY5ZA6RWrPbg9uFzEC1Qc2kso2vJG6,17669.129086379995,559.5363182800081,17606.5115281302,0.9964561038665984,7.04260461125208,0.035763005145295075,704.3809432,110835.51975505,4665.695953580259
B2izdXFYb2sNwbWWHmh75T4aQFtfXsUxem9u2p61HGzf,4DYwgJtxwuJdAjkj5RJSNH4e7U329V5cNp7d3a1nLrZv,EXNW64GEf1ACC6xY9BtKRiunrs6GoJSXBdxWN2eTPmrF,13179.723493999989,13012.92002199999,13185.841724560185,1.0004642153959438,1.3185841724560186,1.0,9477.966966,30540.78948,40023.15626418786
KwnjUuZhTMTSGAaavkLEmSyfobY16JNH4poL9oeeEvE,J63v6qEZmQpDqCD8bd4PXu2Pq5ZbyXrFcSa3Xt1HdAPQ,BnKQtTdLw9qPCDgZkWX3sURkBAoKCUYL1yahh6Mw7mRK,2796.5406210000006,92436.97352300002,99.69464332580351,0.035649274170083116,0.009969464332580351,1.0,270293.929208,777.572462,10413.35485084503
SAMGk1Nd4haC8zQA63DG37pzuEZy8j4q13tSFtCbcRE,9U9TnkHD3jXMAVZtynCVLgDruuqN4pTvLJTmVHCLWS8g,C6zoEbvqSknmi96QWq96UBiPCyNW3YSTvKhavR2BfifE,0.23960409000000005,0.40763199999999955,0.49419921911256054,2.0625658731975753,0.00019767968764502423,0.0,53.56477961,1.17570795,110.48088642893534
BkMBnJpvHKtWhUvrgRrLesXfi9RUV3ELgdBaJcdH7hcY,5uerVwBnZQsuVhZ15igs7ZgmcqhHnYWbwoRtLyRqLvR,9YWiQh5d4jCtgMdzcGLv9bWgnLaFtzvDDh2nnhJdzhBX,1011.0199146570001,1011.4250931650001,1010.8669159058101,0.9998486689045666,0.40434676636232403,0.9997850302219418,1473.060029311,1399.195791861,2871.732116575289
DFWzVTzNBrQZLjoQ4yQwkj9HuoXmfkuZP9V5vbymZe23,DhgiEgiNdqZdRdo195UUHnoEJUtefK8buko8nU97XJUZ,2K2kkXsouBHtWVjtcgkyiXd8eP3oVBvq1bTJzcVdLLr2,330.2091658539957,340.0099935650014,294.0190807815523,0.890402542343585,0.11760763231262092,0.9997850302219418,65506.787572466,10376.495723238,68701.67528554023
HEDSDjj84KS7LKhZY7ejkCACTdPen62rKhCby1wXtgxc,EnnjMSFttpCTywBrYNt1J5QQeoSVkvzPipJDa8Y7kJow,6bjVT6JN2rSvpyn9PdfLYC8wJn4LWh49jpY47fnLDXZk,4.205884470995443,4.223536907997186,4.083596105619122,0.9709244592380881,0.0016334384422476492,0.9997850302219418,38648.075443254,9559.1316601,47081.43848602282
7dwD9TF6uikvHXxPFK9AsSim54yJoujQjY9vU6gNFumk,CquVr6atkvwueDYficKjn6SSEWq4F4rH4VSiBbW4GBWU,8BCa6ge3b7ho3TfZuM64Vk1hgbrJ3J7EPiAb9uP86CGd,0.3692660759999997,0.37122919399999965,63.168211205458675,171.06421442694,0.02526728448218347,171.97422106426248,2.224244699,1.94680708,715.289303273112
7oAd7xG4m3oC2qeWB1szghTebAZyyGPAFDJ4wwwbRSNi,D9yh4KAysxt9GLacVe4Wwh2XqghhcjTCSTV9HuM7TBJd,HDYfJLpZKaMFb84jM4mRytn7XLR8UFZUnQpSfhJJaNEy,1.800135339999997,72.89176041894825,1.7997483653054824,0.9997850302219418,0.0007198993461221929,0.024693530571876256,1005.798589426,299479.106006799,8400.77883294352
RoBgmK8CvjdHvPrqdDyVw54VwjZv2TqJ493xnqJAQHx,ExiHJxM7qPAcy27NDHAF6G7vnW7muNHi2sVJpnaNynGQ,6rkPHSqZb7StM4HwS9EuVrmfkV7tRdc7dnsFhyB6cefE,86.70098900000035,240.57743899999892,2.1419504788674746,0.024705029360939195,0.0002141950478867475,0.9173781698855937,6014.150327,24.299728,170.87180041099478
