0,1,2,3,4,5,6,7,8,9,10,11
DFWzVTzNBrQZLjoQ4yQwkj9HuoXmfkuZP9V5vbymZe23,DhgiEgiNdqZdRdo195UUHnoEJUtefK8buko8nU97XJUZ,2K2kkXsouBHtWVjtcgkyiXd8eP3oVBvq1bTJzcVdLLr2,317.1338446709997,357.34629321697867,282.4374966116792,0.890593991646287,0.11297499864467167,1.0,65506.787572466,10376.495723238,68716.44714732589
B2izdXFYb2sNwbWWHmh75T4aQFtfXsUxem9u2p61HGzf,4DYwgJtxwuJdAjkj5RJSNH4e7U329V5cNp7d3a1nLrZv,EXNW64GEf1ACC6xY9BtKRiunrs6GoJSXBdxWN2eTPmrF,14145.906636999995,13968.253682999983,14291.855060881717,1.0103173608894025,1.4291855060881717,1.0,9625.962723,30390.768974,40116.04622832112
MARpDPs5A7XiyCWPNH8GsMWPLxmwNn9SBmKvPa9LzgA,6YjT74rmcfCpw8LSjPNx5JTmZoYLGrTKnf9arfSgZ4SR,F8GSmi3vA8M8TsybLya1LQ4n1aFHCRbZ6k437PeTdXtg,206312.96910300036,225196.8624990029,190887.00819661547,0.9252302898191359,76.35480327864619,1.0,378634.77139,15778.18954,366102.54880877194
KwnjUuZhTMTSGAaavkLEmSyfobY16JNH4poL9oeeEvE,J63v6qEZmQpDqCD8bd4PXu2Pq5ZbyXrFcSa3Xt1HdAPQ,BnKQtTdLw9qPCDgZkWX3sURkBAoKCUYL1yahh6Mw7mRK,2704.693703000027,89078.44414899987,95.4496151762675,0.035290360261642735,0.00954496151762675,1.0,270455.930349,771.813114,10316.300330913964
vEnkoSUkpnbRrPgBz9DfcVxNz67zjwMYBZraAvDDNSf,DtfyjjsZ5yCjWKLKHvwsfXs5QVsmm1QkK6Sh9JZHoq1g,e5wrKCRv4GhHvEf1VD5Pq2KGaZDXP77nTL612Jyrxwy,24587.289055999987,24600.17923700001,24604.43834952961,1.000697486147845,2.460443834952961,1.0013969487434973,4359.066451,2498.049703,6863.646189860909
AURHmCnNwiW4uA2Qj1XvEh4iKgRUZYXtiY7FKAapUV5Y,BKWm4TRnTeKwfWXRyuzjRHU7iZDkPuXBX5b5V5jSVfGJ,A5Ww74HVrkj9nPeC7pHKLfgeDMEhBCpW1efQdz3TGLEg,0.017171597000015026,0.014927653000029295,2.818209256130065,164.12039346879612,0.0011272837024520262,146.2520071259828,286.784881967,1820.230800148,313279.655623505
Sid7E679i9ABqptiAVhkmQ27YHN8vaYT4fppPwmxFsJ,GP7KB8o1bv527HG8kTzzzf4wJ5aEGHvcMQvVhLziUfmT,9gYxhAZ1M9wu5pxr8SBoa5NDm21gi3s9vMHaYTME77sa,4069.4167880000005,16276.476815000147,33.787881346424,0.008302880512524194,0.013515152538569601,0.035205260398172906,142649.932246,6733.069611,1421.4448114924899
BSCuChvaSj9b5HUSqgDVRzcnr2sSn7cXaamt1jbKH6hn,GnKpRj5kBVPMJfiwZtEuD9GYApLzPdW5JFuZTcyX4BTc,3dmwD9okkomV9nDwyuh4UMhKdUR13QpuKxRo89ycZB5t,416.75289341000007,417.1259790079996,417.65486042892746,1.0021642729617237,0.167061944171571,1.001946782598589,1592.815067813,1502.656985682,3101.8446865506676
NorjjEePhxfwLF4vZjUHCrVVKLzQjEEGQFd3wgjEJmh,34M8pFVqgbV7aqHxvRT5tCv3vu2P1JJYT8J3VaxBK2oG,3AZWBSze3ucsY3xSeuLne3b2pauVqiaJ1SZSV5T9WGWw,0.8515640000000531,1.2800000000061118,0.5669960522995758,0.6658290537170906,0.00022679842091983036,1.0,37490.624193,2656.054111,27618.400940688254
parEAJhzYzHW87y9VoZAQ22dzQ2MD2ekEtTReaxbMcz,3oyc6hpjYSJEquK6dSvG72NXyz3pqLZz5D8AC71pwgQb,Di2vordgFJVZ1aj1aBpvzXtLfZgJsuLLXawGtVFwX6Rz,11.60425013699998,13.416908382000258,1672.3881945255082,144.11859230723778,0.6689552778102034,165.83167653669167,1300.403153617,175.701608759,216549.16428187359
KEnkcdADoLR5jS2CLLLesy8TtFsyWL37BhXNfDMzWzP,3qsjFRuw1qeLMPo4DLwaQevenGAGBj9dA3Q6rb8ax2YR,77iEv8zPQAEyCcEbvBRSB6AFcUdfkhiqnAKtPxk76rNN,0.028442999999999996,3.326274999999981,0.00023615883041772562,0.008302880512524194,9.446353216709025e-08,1.001819303855802,119.158694,0.297243,1.2871441736464437
heyk4SZTeCUV6a65WiVA5bzic3KcxgVf1qxobfeV4tQ,9ZDpBKPqMABtGfq66FbVribaArMvtk63xxy91onZAtDt,DaTP4s6N7xxSPinbNZ3FB52EpRDRt87QShTuN3VPCW52,103.65598578699519,90.68787912700031,17296.433367189198,166.86381626558446,6.91857334687568,145.83071445675287,652.992299769,4499.175244021,765078.7274332138
SERgf3DMJpQxUifu7VoFKmfne73d2fDJxSrxUMrcNJB,AJfM2GZ2tTB8UtN2krcyR9xufRJEx2mhSCbJyMgPo3GU,F4yRYkufQvERZcEKnKjJwRLU1btiMBUuEwq46hfm11QD,0.035796163999993524,0.035294984999996615,5.24794183132532,146.60626293158867,0.002099176732530128,146.05158308231935,26.171410496,31.064081743,8373.85100403084
SUiuyGR7SFq3xeRVJonq84fjjeFwRSsFekcevJ53tzy,49GjCCPsv7fBqo6t3iKDrP1xxGDS8uWZbVCdfnp2gjMf,CEwj5xEbbJEjYqM8D6Ai8ByGz1mrh8mkAVsE5fzDSSSx,4.698523000000028,3.836224000000052,0.03901127505434695,0.008302880512524194,1.560451002173878e-05,0.9179482754505749,643.5756,1.673108,6.8793579108186265
daob129AwBGn9Y5r91uLoWZeYiGzbPmksauMhFZKTze,6VW5GQNyj4LStgmxEHLr5zUfW92vQnmbw8jTnCH7a38F,4VPCCUifPeBA1c7HWK358CHn2nyjm8pdTRk6Ps3KmnMQ,65.59776745499983,59.1723782019999,10632.731880867826,162.0898438069847,4.253092752347131,146.04473613148232,52.919062172,235.109165727,42914.09859256426
SoNcU2iwHMw6dGzsYNQkYFkUjwN1UdAjrWVRnStrZu2,8ivTTid27jZnYNc4w3CTA1Z6QS2twsFb8WMwUabeDJgc,CyXm53PMvHCbeXJBykU46Rcbo28xk5srhMZFg7gv6EYB,79.91824826,79.01911094600004,13709.456466118014,171.54350557730822,5.483782586447206,169.13036043878503,10.571696911,14.084734979,4195.662251696775
Lee1XZJfJ9Hm2K1qTyeCz1LXNc1YBZaKZszvNY4KCDw,9DgFSWkPDGijNKcLGbr3p5xoJbHsPgXUTr6QvGBJ5vGN,2hNHZg7XBhuhHVZ3JDEi4buq2fPQwuWBdQ9xkH7t1GQX,8776.957861232311,7482.172608368036,1498082.1761386315,170.68353293065672,149.80821761386318,146.11101427197775,7429.908807124,57115.720499873,9613398.937663762
Cob4usZcpHEY7Qt4ZCwj6WVg9S44zvzYV2v9qYF65dTf,NhFM9UXE48PyNAyeyPYA3iXztqKVJwA4bTdLj4ysM8w,6TuFuynuBoeskxyR2cz4wxyidk8dpDK7kAWw3UkjQGx,269.0406699999942,15955.956054999988,2.233725627790571,0.008302557482445383,0.0008934902511162283,1.0,71991.619635,177.510118,775.2246782739312
ACUSESXyNnwRLAg1dpSGMLSzUDdLjUMybY8rkXiAKhCP,AhFPQdu8GKBsxuhiH46UmCu1YpaLgNpoP325HnYtsgas,A8wxWpT3aFEr2XqZp1kDmbxbFfcBE95UUmdsNTDBJYbT,0.0,0.028802530000120896,0.0,1.0,0.0,0.9871647048436467,1027.147801475,1857.75618587,2861.059138370818
CZgvH45CRmoaNJ7395Ao5CQZXkGznvqU7cErD6n7FaRg,4ZjU6MKvtqVQKCiowhvZ5yUsPxXX5SCzd5eFsPeXyey5,BsyWeshjDbCvjDojry3vKDCesmFRM37WtwcR4Kfgzqr,739.65525668,740.0,737.9547727380842,0.9977009776831054,0.29518190909523373,0.9998479631187281,588.64445487,516.3742847,1103.5869248957229
BUSD5rCfUDpCxKGMvYU2yThChxgHoioK74PTPociGnv2,CcFHbafgYDZ8yA8Me1PdtDiVb2eeaS61LbqyKKK5CsNZ,26R9s4nmF3CFDTkiePDwRmtscn8i7r2eygbSijditJ58,21.01500354999999,21.026279430000002,21.0090930618489,0.9997187491243089,0.00210090930618489,0.9998479631187281,82.55025829,63.51989224,146.03727583125251
moFiBS1R4Lf3E3zzmBPnw3NF4RhWPkhREFviuzUaCAU,44ALBrpqi9PfZkBRTvbtRNtFJGsatfY4QydjtMbFWq8S,2ho8qEEie1UjVwWNBo9y4oAJZMyMLx8zPj9bxyUz6uWs,1244.635427416004,1247.5238044529979,1241.5684045759797,0.9975358062509986,0.4966273618303919,0.9996591222372717,42888.518968196,25578.287852242,68352.40213055514
ercAoEmXjQzEvAFbdjAo81KtMxRGn9AW1ju882upmPH,CMRhskR2Eg6V42RTSdRTXGdozyPbWB8U9dVpijPWb9T4,7TKLLgrWswt6ZJ1pXhVR3FyufHGjJFqiEXxvWJfDcgRm,0.0,0.0007444100000384424,0.0,145.79359242993013,0.0,142.57533252844806,329.845329503,1012.545589772,192453.35969643283
RoBgmK8CvjdHvPrqdDyVw54VwjZv2TqJ493xnqJAQHx,ExiHJxM7qPAcy27NDHAF6G7vnW7muNHi2sVJpnaNynGQ,6rkPHSqZb7StM4HwS9EuVrmfkV7tRdc7dnsFhyB6cefE,86.40957800000035,229.3494059999995,2.106367418185968,0.024376550226711667,0.00021063674181859683,0.9227194757477026,6025.37836,24.008317,169.03087990330621
BUSDgu5JdqP1rndBvXvanbEufS94FNh1w5FJcAj6vawb,Bgzr8cWubt89JQFXndVjtdKmDbGzuPxNhvjH1EhWCwbo,Dxaf8xPBBQsasRKW5Aa4Sw2YrbfGofY9xZueyyF23FBW,22521.81311437,22314.726612140006,22676.260215648374,1.0068576672976577,9.070504086259351,0.9998479631187281,4642.60242785,10120.82275357,14793.723865938136
BSCNHw8CmxbZ8hCWWzMf5FaG2ajPT6JxfznKUNuRVrn4,7n9kgNL633yGzCYksgnzHyjG73ZLBAwvEae5sbAekbzW,SscdxE99omdG9AiMVwmaEMQySQnCgeAh1sPj2Leutm2,2269.326720161999,2269.8801295310013,2271.9506709662705,1.0011562684125466,0.9087802683865083,0.9996591222372717,5162.405306314,6497.066394585,11663.22612163057
AUSejoEUCh2DBs9mof6BNC8Pubs22w4cJa1ccV9h44R,4xkyD7AfGQDwsQMy9MosRRNGoVJ1zosNinesxg1TzHG7,Cbm5gsQe3nSiCsFrvepVzMCD9xLK3ri9g3ypS2hdmVJ7,1865.5356499999907,1866.2528930000008,1865.0171752252782,0.999722077262521,0.18650171752252784,1.0,14566.522703,14286.669887,28849.144222134833
Lid8SLUxQ9RmF7XMqUA8c24RitTwzja8VSKngJxRcUa,4PgzyzLtds9bKZ2to9PMnKqJzKEUpjvNUaeN23phegax,AtymwxoVN9peZo7EXTcDz9jKVc4vRmisJKKrNfe3ewBa,457.21820344598564,391.6005754599995,78017.2602811181,170.63463285825807,7.801726028111811,145.74049360264817,1024.93205458,7722.132687796,1300316.3344224517
FrnkTEL6yZ5Aycq2TrEgu29dCrwKG4LPUZydfiwqspkc,DjvZuMZ46fxKBoBpGMPcRcos4xdTtHFxwMh69DpA2ZFY,9rvDPJLAng4uVVqnnSoEXgNDFhBZQTny9AoQioYDZbQX,834.9732566430002,701.3491051449992,143735.21724475038,172.1434981314684,57.49408689790016,145.53168253835196,323.691648501,2558.699097917,428093.1975181282
SAMGk1Nd4haC8zQA63DG37pzuEZy8j4q13tSFtCbcRE,9U9TnkHD3jXMAVZtynCVLgDruuqN4pTvLJTmVHCLWS8g,C6zoEbvqSknmi96QWq96UBiPCyNW3YSTvKhavR2BfifE,0.23960409000000005,0.40763199999999955,0.4807697200507249,2.0065171677608875,0.00019230788802028997,0.0,53.56477961,1.17570795,107.47864987479335
BUSDTd9WiT6uBHJRgNvFXBsA7JrifsAtWzKfioN7ERcy,DyBxrn7gSc1EwnpWhDyhzvMHPtxpmBqRqotapLcKcfTM,Cds99GeBgoCpqBsoRWu1C6fF9LiUMd4pXQQD24s9LPff,8690.532901619998,8709.375097679998,8707.053054592066,1.001900936704237,0.8707053054592068,1.0005252757697791,305.55376058,316.81716436,623.1181796784927
MATSnbbiTCv7Dc3trJrkrqjx7ckKdr6fwPoVwv9q3sD,631WX9JizSHJm4w6VanZeJAst9T8DeUUnPLesdGkCVtK,211maUSfpnXbPuW1iBu8b4dtJv5EbN1j7JJiEX5TZKEP,656477.9057469999,656468.980637,657117.2808612778,1.0009739476510644,262.84691234451117,0.9993873755387948,23441.374604,21059.052939,44510.35692377304
BSC8REUo9LpiiWUuqMuLXs2D2yJsJfGd4HdiF3wCLxk5,AZjEH1zWVx1UJ6udMyRijGTzPteuLnaY18yNNmprJEsh,Caf8ypkSVR8xYnXNhjvfvdGCC7mrM3C11rz8Xi6NA6aK,382.6732181459997,382.90216890100055,382.59380544536623,0.9997924790738734,0.1530375221781465,0.9980488125753175,3256.136220432,3045.024523996,6294.54361446487
MATgk4zXLXtYkwBH678J1xZbRDZ45LicNzkRBHkxTuY,y8dALFo1bJrSzPYjMX14HJX448pXqYmrfXHD1K8MXih,GN7Yuet3UyiWS5YVkEHv6oQKi4HGBJc3XDPt9zQhAqZz,98694.46798400003,98781.64257600001,98737.02364118939,1.0004311858410975,39.49480945647576,1.0,8983.83857,9068.460069,18056.17234299009
SRMuKizofcAMicegrfSv7xs9q76tH1w8aAF7oX9FEWu,72Hj2KWntXPfbie4UgKeTPnm1XVkomDfCnRPKbvfTtPi,6aqJQ5wedqpUt4fFEDUqUmXhrdxCu4bEJsQdVPCADLko,567.8251350000019,565.891437000002,39.62327974681314,0.06978077810312679,0.015849311898725255,0.06977549038214641,18090.832658,4908.625951,1604.8941622422522
TETFuZgEmET6d9vYmz9iMFCxK1jKdKYxf3oPz8hSzJK,Eu1Ze6Z84LWNkq7SNoAHBJbXx5t1P95EwyqYohrfCRFV,ASMbv7WNu3qe4pkhREmvyEdwFNDZQ6B6iSrjkj4u8bdC,0.8262911249999974,0.830137155999978,0.8215718462497665,0.9942886004612105,0.0003286287384999066,1.0012826430657673,293.597291182,58.677382915,350.6730848018666
7oAd7xG4m3oC2qeWB1szghTebAZyyGPAFDJ4wwwbRSNi,D9yh4KAysxt9GLacVe4Wwh2XqghhcjTCSTV9HuM7TBJd,HDYfJLpZKaMFb84jM4mRytn7XLR8UFZUnQpSfhJJaNEy,1.800135339999997,72.89176041894825,1.7935969455523082,0.9963678317388687,0.0007174387782209233,0.02469883552152437,1005.798589426,299479.106006799,8398.930541107486
JSoLLrxK5bYdHwTEWYaGgmeycBCNXKDiBCTw5hXGBg7,xG4wXczA7Dk4hccJ61CHKpDHW4NrNfQwgmWgkb9BuF2,BVR6WgfhsRr9Lob4QDnkEAiNGgAbv7ZieKcY9kSg3QYR,116.61524318699978,101.31522883700009,19655.928536441603,168.55368131353208,7.862371414576643,145.7320192191387,17.870161423,162.380778423,26676.160215473057
KysFMBBoavfov2tLpvefWW6tPFt6rAeZWDJVy1mMQae,B8ka2V21TH3x64dFV8ETcjuQcwmrciJ2qzy1mJUttRew,7fSf7EYxBANyxzk2s5pymFgshA91tFYQNKKs5UnLWcYS,294.8931870000006,424.2038969999994,7.180389603451707,0.024349120020367553,0.002872155841380683,0.03511608693577271,134993.649867,2252.601166,3366.0791209759363
KEN5P7p3asnb23Sw6yAmJRGvijfAzso3RqfyLAQhznt,9zj4aX38Uxf3h6AUjS4EipWS8mwbEofasHAf3a1uKGds,CwQDG1MWunn9cLNwcZLd8YBacweSR7ARo32w4mLua1Yr,230347.84517000057,230370.9986869963,229906.6543003981,0.9980846755077007,22.99066543003981,1.0,2293668.259267,2220971.31642,4510246.456692817
4vezWG46exH6pf9nry3n1VJ7hZHvjBJNgNeF4qEFCML5,,,1.5710940000000004,1.569697999999999,0.0,0.0,0.0,1.0,2293668.259267,2220971.31642,2220971.31642
ALLwa5WNZbvQsRKAqe1jdRGemdYQnW8E5k4msbRFcYtu,CGoM82Hbz7QVqTgvQatYtjvDWBvoUJp5qm21P8iMs9yb,3dxNNww8TivyN5FMy5dCNdi3Zcxv6e4kUfSPxfFwpdNq,8.304989730999996,7.863540270999996,32407.186682015043,3902.1344675537516,12.962874672806018,3823.872435615548,0.702737541,7.840492777,32723.22059199317
MAR3XM1n9xWPQ3HJjAcC85o8DopWFP5p2WxGTaZ3fPB,6qG7GUhER8Cg9gDEgnebph9LdS6eu2eoWcA4R7z9uizK,4QV4CwRXVMY227KkFF9voNAfwWHVvVajXSXDKbUHkWZR,0.33440700000000223,0.20905700000000185,0.3081461673279774,0.9214704456783959,0.00012325846693119096,0.03496801458222157,0.152985,22.899566,0.9417235139466547
KZMu9QBEdL97EFgamLbN5DE1AoKBG4HdrKKJo4Vuon3,DD4ACBWyVqdaKWh7v5btsgqQCCMwbKnuL2xd9pv7Gyuw,GcYqiJ1MAuYbNTNYXm1F1gQYTfTgkErACAhNU5dpVj9T,513.12754486,517.062080290001,510.3328600517844,0.9945536254363854,0.20413314402071378,0.9998479631187281,1757.17153468,1324.38776755,3071.7877320938383
7dwD9TF6uikvHXxPFK9AsSim54yJoujQjY9vU6gNFumk,CquVr6atkvwueDYficKjn6SSEWq4F4rH4VSiBbW4GBWU,8BCa6ge3b7ho3TfZuM64Vk1hgbrJ3J7EPiAb9uP86CGd,0.33435975299999954,0.3361338639999998,56.7849261690118,169.83182233960997,0.02271397046760472,170.71669257577005,2.215132877,1.955859599,710.0979351091449
HEDSDjj84KS7LKhZY7ejkCACTdPen62rKhCby1wXtgxc,EnnjMSFttpCTywBrYNt1J5QQeoSVkvzPipJDa8Y7kJow,6bjVT6JN2rSvpyn9PdfLYC8wJn4LWh49jpY47fnLDXZk,3.58891039199807,3.6937952149892226,3.450361790568695,0.9613953578394472,0.001380144716227478,0.9965791106542368,38648.075443254,9559.1316601,46682.51124902234
STK75uPSyBnEhGTTzb1nwmP3n427XoXmfRhXxxhyady,6TYyD5fUmDe6N65avW1Ny2RxzRNobw2RRgKwH9CTzSAU,54zDfk4cx2vGrEajPtodWpArNe5eUurytyxd4X3aZAxK,632.479334354,704.7570045729974,92046.26394259036,145.53244500328904,9.204626394259037,162.246898893898,470.031843193,88.064433533,82693.0646128569
ZUCKWFa4LTL833dPhhpeeRWZcaAEoMeYJPi2iKn4F8N,7eEYpq6ShaJ9opZWMxitRFrdCHh6vfyHhGfoSvFht3N2,H8VggnHmuwd1wvwpT8eg9cUJFEfZ7HAaeYjgXrSm7A2u,1.5158485600002223,1.5164551650002522,1.5165744289196894,1.0004788531906295,0.0006066297715678758,1.0,1916.072738944,1930.351224557,3847.3414810455215
BkMBnJpvHKtWhUvrgRrLesXfi9RUV3ELgdBaJcdH7hcY,5uerVwBnZQsuVhZ15igs7ZgmcqhHnYWbwoRtLyRqLvR,9YWiQh5d4jCtgMdzcGLv9bWgnLaFtzvDDh2nnhJdzhBX,1011.0199146570001,1011.4250931650001,1011.0842671373506,1.0000636510511984,0.40443370685494023,1.0,1473.060029311,1399.195791861,2872.3495829913445
SoN9GaFpSXfpyR5dth3x7PHPVhvJMpQqqDJfCSmPv1t,9kZ9iS68ViMPtoeqtnhAKuF2iqVyfHPdZHoUNdwCELr,BBhm5fJLjw3HRzjtKB8uMEYjGhY6EDm9co3cqpjrSzB9,138.2140962309999,134.92271903900007,23508.821241472524,170.0898959117873,9.40352849658901,168.35989014180447,32.270466314,47.797024791,13535.982099290963
SAMyS8Jr2HJrkFwYVKbpUwsNStnQmvz3f8Tup8bWUWF,6jPzm5TFfquvgm25sTyN3MMGBfufRaFHMxobDWv6hMFW,Cj9ECoDmxsHTDzCY5ZA6RWrPbg9uFzEC1Qc2kso2vJG6,17288.50977901002,539.9499122699932,17194.350079106815,0.9945536254363854,6.877740031642727,0.035079449164247906,699.02514755,110985.33972313,4588.52257756138
C98Sspw7XqnMsgxea3SLQVdbMDL8pKUc3RE82UvX9eq2,CSqgQJurPCzGxb4Cgwx5R61hWQUiaoUHcShNc8r1cKEL,6S2CR5EnukPhC914XkAns8m5GixjMAoUuZMsS5ubHuWc,182.94996700000013,182.96540700000003,0.0,0.0,0.0,1.0,990.584426,959.022214,959.022214
ALBpShJ9NLpE739pcHDF2LNVk5J4VYPvvKuV6jMPitZi,D6d156U1bPiJpDYRLextvDRccgFk7QzkQbJg42ceKEu5,GNcM8U5g8RwTZffwwm3kSQqUNPSwv5d2fbN9sLxPJqt2,888.276346000006,887.9690120000014,889.4076725595019,1.001273620044697,0.3557630690238008,0.9980727215746394,47730.460983,52473.35251,100163.4732046517
GokA1R67GqSavkd15zR62QD68Tuc5AEfvjssntVDEbM8,3YB7hfpBdbQEuZqLGWVDpRPmeZWCUsrrWyqGXegnQ6Cg,4DPCj6Z1DsG6HUtwSogBGqXEUxdEV5a8YVrrFtcnz7UW,50876.67077599997,50892.38539899999,50862.83608458496,0.9997280739638817,5.086283608458496,1.0,22069.150946,11728.908074,33792.05784326276
YAkoNb6HKmSxQN9L8hiBE5tPJRsniSSMzND1boHmZxe,CfWX7o2TswwbxusJ4hCaPobu2jLCb1hfXuXJQjVq3jQF,EnTrdMMpdhugeH6Ban6gYZWXughWxKtVGfCwFn78ZmY3,9324390.331982953,9338958.420586966,9324390.331982953,1.0,932.4390331982954,0.998864291300791,1110233.985975,130576.576985,1240662.2660056052
wrmcMSHFi3sWpAEy4rGDvQb3ezh3PhXoV2xNjgLBkKU,8p4mGnARWPBu6P2Gcw4adodLkNDorrXniZMhaY7eJXUn,AyY89zccbsgp9LKFgH4CFZMJmpSgqmPSdTfukhP227rc,0.015440089999999906,0.24298335000001714,3.7385205811137787,242.13075060532688,0.0014954082324455116,3894.080996884735,49.62579887,0.13277563,12532.970987414481
Dg3mAgpwDfVNnbGWcsxL8sUcSkEbjSJQhKAWNigG44Ju,EATxwd8YA2wV93VJcKMmH2Kn2Y9XfJVUB9hHVu3udwEy,GiGvrRi7NMHfHKanG2B8xyCEqe8jaafWins8bhrLVEaa,0.7004866640000003,0.692030149,119.42779680759419,170.49260599141707,0.04777111872303769,167.48920615810914,0.235208541,0.223046809,77.45925008203847
WiiQFxXqp8P9Fs1rt9SVcDyA3KUdJmUsog6wnVQAwba,3S2jpqSYxho6wiz3cafhjXruVY8cg4HYa2v3BqBHYFSj,Dfe67M6TfrG74gKRtdqys4e6E9QirPD53BkF4FujFjuv,464.10665031400003,464.78386706600213,463.50103661505153,0.9986950979940952,0.04635010366150515,0.9964560790434799,19339.75909221,7366.198114138,26654.615492048288
RajgMbScQbqqrdJfR2rxfHJiTiY5b6bJ2tTXiF4aPxy,725ZA3fhyBAKb5iopNRrcbSuQa3LXA1656Q3mBvYPxeg,GLA6i1dSZpUfk2f9Nj8uiG7xyDdAR2reff8oEiZH3617,119530.58156795999,119772.95824749,119451.07612620114,0.999334852715381,47.78043045048045,0.9998479631187281,121148.77196794,111301.4727378,232352.7410002346
