0,1,2,3,4,5,6,7,8,9,10,11
BUSDgu5JdqP1rndBvXvanbEufS94FNh1w5FJcAj6vawb,Bgzr8cWubt89JQFXndVjtdKmDbGzuPxNhvjH1EhWCwbo,Dxaf8xPBBQsasRKW5Aa4Sw2YrbfGofY9xZueyyF23FBW,15213.651884429997,15020.829931090004,15319.369782946225,1.0069488837604088,6.12774791317849,1.0,4658.69213258,10105.79515264,14796.85999532483
Lid8SLUxQ9RmF7XMqUA8c24RitTwzja8VSKngJxRcUa,4PgzyzLtds9bKZ2to9PMnKqJzKEUpjvNUaeN23phegax,AtymwxoVN9peZo7EXTcDz9jKVc4vRmisJKKrNfe3ewBa,485.62379425698987,416.0148297869987,84461.17407054038,173.92305539675414,8.446117407054038,148.92502935312328,1024.886365943,7722.191733881,1328278.9988379562
Lee1XZJfJ9Hm2K1qTyeCz1LXNc1YBZaKZszvNY4KCDw,9DgFSWkPDGijNKcLGbr3p5xoJbHsPgXUTr6QvGBJ5vGN,2hNHZg7XBhuhHVZ3JDEi4buq2fPQwuWBdQ9xkH7t1GQX,7777.700760507076,6630.271774073021,1360830.8422021244,174.96569797491202,136.08308422021244,149.11276414207822,7432.544599668,57112.680215825,9816669.968154825
BSCuChvaSj9b5HUSqgDVRzcnr2sSn7cXaamt1jbKH6hn,GnKpRj5kBVPMJfiwZtEuD9GYApLzPdW5JFuZTcyX4BTc,3dmwD9okkomV9nDwyuh4UMhKdUR13QpuKxRo89ycZB5t,365.6339398189998,365.9964018979997,366.31670690581706,1.001867351502312,0.14652668276232683,1.0007786057552777,1594.472422246,1501.000946047,3099.6194967413458
Sid7E679i9ABqptiAVhkmQ27YHN8vaYT4fppPwmxFsJ,GP7KB8o1bv527HG8kTzzzf4wJ5aEGHvcMQvVhLziUfmT,9gYxhAZ1M9wu5pxr8SBoa5NDm21gi3s9vMHaYTME77sa,621.8589530000008,2633.1680990000605,5.231707618915678,0.008413013262375063,0.0020926830475662714,0.035071880344844965,142829.935937,6691.037719,1436.2974195657741
BSCNHw8CmxbZ8hCWWzMf5FaG2ajPT6JxfznKUNuRVrn4,7n9kgNL633yGzCYksgnzHyjG73ZLBAwvEae5sbAekbzW,SscdxE99omdG9AiMVwmaEMQySQnCgeAh1sPj2Leutm2,2604.603753600999,2604.7641599550007,2608.1099192249303,1.0013461416613119,1.0432439676899723,1.0,5242.516430294,6416.972513146,11666.546113216931
TETFuZgEmET6d9vYmz9iMFCxK1jKdKYxf3oPz8hSzJK,Eu1Ze6Z84LWNkq7SNoAHBJbXx5t1P95EwyqYohrfCRFV,ASMbv7WNu3qe4pkhREmvyEdwFNDZQ6B6iSrjkj4u8bdC,0.8262911249999974,0.830137155999978,0.8241505382033584,0.9974094036207408,0.0003296602152813434,1.001880529754349,293.597291182,58.677382915,351.62442658198256
HEDSDjj84KS7LKhZY7ejkCACTdPen62rKhCby1wXtgxc,EnnjMSFttpCTywBrYNt1J5QQeoSVkvzPipJDa8Y7kJow,6bjVT6JN2rSvpyn9PdfLYC8wJn4LWh49jpY47fnLDXZk,4.367352470995684,4.3896709109940275,4.243449677013002,0.9716297700253091,0.001697379870805201,1.0,38647.909309251,9559.2931281,47110.75236220656
MAR3XM1n9xWPQ3HJjAcC85o8DopWFP5p2WxGTaZ3fPB,6qG7GUhER8Cg9gDEgnebph9LdS6eu2eoWcA4R7z9uizK,4QV4CwRXVMY227KkFF9voNAfwWHVvVajXSXDKbUHkWZR,0.3267620000000022,0.012005999999999989,0.30114537022701166,0.9216046242433625,0.00012045814809080467,0.03510784656508866,0.152985,22.899566,0.9449461329749919
DFWzVTzNBrQZLjoQ4yQwkj9HuoXmfkuZP9V5vbymZe23,DhgiEgiNdqZdRdo195UUHnoEJUtefK8buko8nU97XJUZ,2K2kkXsouBHtWVjtcgkyiXd8eP3oVBvq1bTJzcVdLLr2,371.84328456500043,364.94236320999516,332.19770342349506,0.8933809408770562,0.13287908136939802,1.0,65340.378925256,10524.929851238,68898.77905274658
RoBgmK8CvjdHvPrqdDyVw54VwjZv2TqJ493xnqJAQHx,ExiHJxM7qPAcy27NDHAF6G7vnW7muNHi2sVJpnaNynGQ,6rkPHSqZb7StM4HwS9EuVrmfkV7tRdc7dnsFhyB6cefE,0.8497969999999988,32.67347599999994,0.021255770757028745,0.025012762762199412,2.1255770757028747e-06,0.9152463568618765,6012.049043,24.354933,172.6687201271321
MATgk4zXLXtYkwBH678J1xZbRDZ45LicNzkRBHkxTuY,y8dALFo1bJrSzPYjMX14HJX448pXqYmrfXHD1K8MXih,GN7Yuet3UyiWS5YVkEHv6oQKi4HGBJc3XDPt9zQhAqZz,72597.03690700002,72638.87623599997,72655.23374923316,1.0008016421153345,29.062093499693265,1.0,8485.807456,9570.381585,18062.991621639347
KwnjUuZhTMTSGAaavkLEmSyfobY16JNH4poL9oeeEvE,J63v6qEZmQpDqCD8bd4PXu2Pq5ZbyXrFcSa3Xt1HdAPQ,BnKQtTdLw9qPCDgZkWX3sURkBAoKCUYL1yahh6Mw7mRK,894.0602670000004,24493.225937000127,31.385158965821315,0.03510407533390733,0.0031385158965821316,1.0,270138.456532,783.163037,10266.123765684779
ZUCKWFa4LTL833dPhhpeeRWZcaAEoMeYJPi2iKn4F8N,7eEYpq6ShaJ9opZWMxitRFrdCHh6vfyHhGfoSvFht3N2,H8VggnHmuwd1wvwpT8eg9cUJFEfZ7HAaeYjgXrSm7A2u,1.5158485600002223,1.5164551650002522,1.5165744289196894,1.0004788531906295,0.0006066297715678758,1.0,1916.072738944,1930.351224557,3847.3414810455215
MARpDPs5A7XiyCWPNH8GsMWPLxmwNn9SBmKvPa9LzgA,6YjT74rmcfCpw8LSjPNx5JTmZoYLGrTKnf9arfSgZ4SR,F8GSmi3vA8M8TsybLya1LQ4n1aFHCRbZ6k437PeTdXtg,177306.95788199987,194040.77610200175,160494.6606906701,0.9051797098536958,64.19786427626805,1.0,378754.479154,15674.406662,358515.2762084054
SAMyS8Jr2HJrkFwYVKbpUwsNStnQmvz3f8Tup8bWUWF,6jPzm5TFfquvgm25sTyN3MMGBfufRaFHMxobDWv6hMFW,Cj9ECoDmxsHTDzCY5ZA6RWrPbg9uFzEC1Qc2kso2vJG6,3116.8660836799827,111.2727879499995,3106.626518410242,0.9967147881895358,1.2426506073640968,0.03611783629737698,707.12876861,110759.35564203,4705.193976309641
ALBpShJ9NLpE739pcHDF2LNVk5J4VYPvvKuV6jMPitZi,D6d156U1bPiJpDYRLextvDRccgFk7QzkQbJg42ceKEu5,GNcM8U5g8RwTZffwwm3kSQqUNPSwv5d2fbN9sLxPJqt2,856.2411500000017,855.9460699999981,858.1109738119379,1.0021837584095745,0.34324438952477515,1.000834696136578,47730.460983,52473.35251,100351.84459317788
SoNcU2iwHMw6dGzsYNQkYFkUjwN1UdAjrWVRnStrZu2,8ivTTid27jZnYNc4w3CTA1Z6QS2twsFb8WMwUabeDJgc,CyXm53PMvHCbeXJBykU46Rcbo28xk5srhMZFg7gv6EYB,78.37900592800003,77.43770163200001,13692.73209073446,174.69897619411992,5.477092836293785,172.28297685688315,11.255642564,13.397724952,4274.549170178061
vEnkoSUkpnbRrPgBz9DfcVxNz67zjwMYBZraAvDDNSf,DtfyjjsZ5yCjWKLKHvwsfXs5QVsmm1QkK6Sh9JZHoq1g,e5wrKCRv4GhHvEf1VD5Pq2KGaZDXP77nTL612Jyrxwy,16642.272550000016,16652.994845999994,16489.20327598901,0.9908023814926042,1.6489203275989013,1.0015764813816947,3994.861917,2862.195419,6824.826317886536
SoN9GaFpSXfpyR5dth3x7PHPVhvJMpQqqDJfCSmPv1t,9kZ9iS68ViMPtoeqtnhAKuF2iqVyfHPdZHoUNdwCELr,BBhm5fJLjw3HRzjtKB8uMEYjGhY6EDm9co3cqpjrSzB9,142.90705481899985,139.91674191800004,24970.087140952564,174.72956231991935,9.988034856381027,173.06253891743845,35.023489507,45.015601915,13910.153350781002
BkMBnJpvHKtWhUvrgRrLesXfi9RUV3ELgdBaJcdH7hcY,5uerVwBnZQsuVhZ15igs7ZgmcqhHnYWbwoRtLyRqLvR,9YWiQh5d4jCtgMdzcGLv9bWgnLaFtzvDDh2nnhJdzhBX,1011.0199146570001,1011.4250931650001,1011.0842671373506,1.0000636510511984,0.40443370685494023,1.0,1473.060029311,1399.195791861,2872.3495829913445
KEN5P7p3asnb23Sw6yAmJRGvijfAzso3RqfyLAQhznt,9zj4aX38Uxf3h6AUjS4EipWS8mwbEofasHAf3a1uKGds,CwQDG1MWunn9cLNwcZLd8YBacweSR7ARo32w4mLua1Yr,187391.83597400226,187406.57780199545,187235.49433623152,0.9991656966433029,18.723549433623152,1.0,2278729.209794,2232218.612679,4509046.671044265
SERgf3DMJpQxUifu7VoFKmfne73d2fDJxSrxUMrcNJB,AJfM2GZ2tTB8UtN2krcyR9xufRJEx2mhSCbJyMgPo3GU,F4yRYkufQvERZcEKnKjJwRLU1btiMBUuEwq46hfm11QD,0.035620440999995395,0.03531498199999916,5.32275902590164,149.4299025074487,0.0021291036103606564,148.94574710739911,26.171410496,31.064081743,8537.654182316151
YAkoNb6HKmSxQN9L8hiBE5tPJRsniSSMzND1boHmZxe,CfWX7o2TswwbxusJ4hCaPobu2jLCb1hfXuXJQjVq3jQF,EnTrdMMpdhugeH6Ban6gYZWXughWxKtVGfCwFn78ZmY3,8132848.052492935,8147355.94431695,8132848.052492935,1.0,813.2848052492935,1.0013377872838112,1105887.611294,134645.400419,1240713.1386175042
ercAoEmXjQzEvAFbdjAo81KtMxRGn9AW1ju882upmPH,CMRhskR2Eg6V42RTSdRTXGdozyPbWB8U9dVpijPWb9T4,7TKLLgrWswt6ZJ1pXhVR3FyufHGjJFqiEXxvWJfDcgRm,15.325900265999962,15.008963016999985,2279.551027857223,148.7384746274473,0.9118204111428893,142.9410696852009,344.837502289,997.236073166,193836.595111822
7oAd7xG4m3oC2qeWB1szghTebAZyyGPAFDJ4wwwbRSNi,D9yh4KAysxt9GLacVe4Wwh2XqghhcjTCSTV9HuM7TBJd,HDYfJLpZKaMFb84jM4mRytn7XLR8UFZUnQpSfhJJaNEy,1.800135339999997,72.89176041894825,1.800135339999997,1.0,0.0007200541359999988,0.02469883552152437,1005.798589426,299479.106006799,8402.58377082109
RajgMbScQbqqrdJfR2rxfHJiTiY5b6bJ2tTXiF4aPxy,725ZA3fhyBAKb5iopNRrcbSuQa3LXA1656Q3mBvYPxeg,GLA6i1dSZpUfk2f9Nj8uiG7xyDdAR2reff8oEiZH3617,142977.57067567,143192.57486263994,143008.31603353404,1.0002150362306392,57.20332641341362,1.0,102480.18788636,129980.43067543,232482.6555151083
GokA1R67GqSavkd15zR62QD68Tuc5AEfvjssntVDEbM8,3YB7hfpBdbQEuZqLGWVDpRPmeZWCUsrrWyqGXegnQ6Cg,4DPCj6Z1DsG6HUtwSogBGqXEUxdEV5a8YVrrFtcnz7UW,42993.92931399999,43007.803289999996,42986.57860905785,0.9998290292360007,4.298657860905785,1.0,20793.256106,13004.977785,33794.67885211752
MATSnbbiTCv7Dc3trJrkrqjx7ckKdr6fwPoVwv9q3sD,631WX9JizSHJm4w6VanZeJAst9T8DeUUnPLesdGkCVtK,211maUSfpnXbPuW1iBu8b4dtJv5EbN1j7JJiEX5TZKEP,483094.7488999997,483142.38420700084,483182.2048790828,1.0001810327669307,193.27288195163314,0.9988632935719151,23670.41153,20831.64557,44482.66275466666
oKQqupM9E7SSLAFDLxr7mdsXP7znck9qRbVWc6Yyj7Q,CMR2J7CwfW98RpvnJmFBgRFTLAd3x8CJ1SWs8Bt3uunG,FmRb5jHfSNj1YWP3b45d9vvYuhwjp4om8bALmtqZpr1v,2.6679676600001585,2.72909005999918,2.6092394209610514,0.977987649580766,0.0010436957683844206,1.0,4151.95823951,1746.93542155,5807.49930136588
CZgvH45CRmoaNJ7395Ao5CQZXkGznvqU7cErD6n7FaRg,4ZjU6MKvtqVQKCiowhvZ5yUsPxXX5SCzd5eFsPeXyey5,BsyWeshjDbCvjDojry3vKDCesmFRM37WtwcR4Kfgzqr,739.65525668,740.0,738.0669881861128,0.99785269085896,0.2952267952744451,1.0,588.64445487,516.3742847,1103.7547379512353
wrmcMSHFi3sWpAEy4rGDvQb3ezh3PhXoV2xNjgLBkKU,8p4mGnARWPBu6P2Gcw4adodLkNDorrXniZMhaY7eJXUn,AyY89zccbsgp9LKFgH4CFZMJmpSgqmPSdTfukhP227rc,0.013746669999999878,0.21757451000002703,3.3602224395013147,244.43901246638964,0.001344088975800526,3929.736314693284,49.64309574,0.13169448,12652.233878960684
KZMu9QBEdL97EFgamLbN5DE1AoKBG4HdrKKJo4Vuon3,DD4ACBWyVqdaKWh7v5btsgqQCCMwbKnuL2xd9pv7Gyuw,GcYqiJ1MAuYbNTNYXm1F1gQYTfTgkErACAhNU5dpVj9T,175.72482300999968,176.61043411000037,175.1475297460555,0.9967147881895358,0.0700590118984222,1.0,1683.72582987,1397.52012319,3075.7145570781277
7dwD9TF6uikvHXxPFK9AsSim54yJoujQjY9vU6gNFumk,CquVr6atkvwueDYficKjn6SSEWq4F4rH4VSiBbW4GBWU,8BCa6ge3b7ho3TfZuM64Vk1hgbrJ3J7EPiAb9uP86CGd,0.3692660759999997,0.37122919399999965,64.07255282567172,173.51323879985057,0.02562902113026869,173.48265563779597,2.224244699,1.94680708,723.6731638597519
DEDaBEWzMCXohXYXoLzB4jK1xqMsd3SS9izXp2xvg9pe,GC5zHpW5GuVdw3C7covC6viyGdLS8ZAaVGDKMeru7p78,F8juxtAFueW19vxkdDArUkjVWAv9QV6yy1wCXUWQiXvh,0.17134496999999982,21895.134399641305,0.17134496999999982,1.0,6.853798799999993e-05,0.0,32.14413399,8633348.72245931,32.14413399
BUSD5rCfUDpCxKGMvYU2yThChxgHoioK74PTPociGnv2,CcFHbafgYDZ8yA8Me1PdtDiVb2eeaS61LbqyKKK5CsNZ,26R9s4nmF3CFDTkiePDwRmtscn8i7r2eygbSijditJ58,31.057763549999997,31.07635868,31.05581138169654,0.9999371439511311,0.0031055811381696537,1.0,72.50017904,73.56265224,146.05827420520328
AUSejoEUCh2DBs9mof6BNC8Pubs22w4cJa1ccV9h44R,4xkyD7AfGQDwsQMy9MosRRNGoVJ1zosNinesxg1TzHG7,Cbm5gsQe3nSiCsFrvepVzMCD9xLK3ri9g3ypS2hdmVJ7,1574.763135999996,1575.3185499999927,1574.618271119053,0.9999080084632214,0.15746182711190532,1.0,14497.563887,14355.652199,28851.88243281849
C98Sspw7XqnMsgxea3SLQVdbMDL8pKUc3RE82UvX9eq2,CSqgQJurPCzGxb4Cgwx5R61hWQUiaoUHcShNc8r1cKEL,6S2CR5EnukPhC914XkAns8m5GixjMAoUuZMsS5ubHuWc,148.0983620000003,148.09776799999986,0.0,0.0,0.0,1.0,989.885046,994.007164,994.007164
SRMuKizofcAMicegrfSv7xs9q76tH1w8aAF7oX9FEWu,72Hj2KWntXPfbie4UgKeTPnm1XVkomDfCnRPKbvfTtPi,6aqJQ5wedqpUt4fFEDUqUmXhrdxCu4bEJsQdVPCADLko,567.8251350000019,565.891437000002,39.97560842534205,0.07040126609636947,0.01599024337013682,0.07059024670091188,18090.832658,4908.625951,1620.118640704337
heyk4SZTeCUV6a65WiVA5bzic3KcxgVf1qxobfeV4tQ,9ZDpBKPqMABtGfq66FbVribaArMvtk63xxy91onZAtDt,DaTP4s6N7xxSPinbNZ3FB52EpRDRt87QShTuN3VPCW52,98.10128690099646,85.81658186100015,16596.209025748733,169.17422339726878,6.638483610299493,148.7930060145109,655.742853487,4496.035258285,779913.3892144253
ALLwa5WNZbvQsRKAqe1jdRGemdYQnW8E5k4msbRFcYtu,CGoM82Hbz7QVqTgvQatYtjvDWBvoUJp5qm21P8iMs9yb,3dxNNww8TivyN5FMy5dCNdi3Zcxv6e4kUfSPxfFwpdNq,3.4215223409999957,3.2830569159999996,13456.785735074316,3932.9819869424996,5.382714294029727,3850.582015471639,0.709269152,7.83383384,32954.36249520711
Dg3mAgpwDfVNnbGWcsxL8sUcSkEbjSJQhKAWNigG44Ju,EATxwd8YA2wV93VJcKMmH2Kn2Y9XfJVUB9hHVu3udwEy,GiGvrRi7NMHfHKanG2B8xyCEqe8jaafWins8bhrLVEaa,0.6210065890000003,0.611608473,108.47437717415896,174.6750825121421,0.04338975086966359,174.7379585888512,0.265898586,0.192593782,80.09930175299814
daob129AwBGn9Y5r91uLoWZeYiGzbPmksauMhFZKTze,6VW5GQNyj4LStgmxEHLr5zUfW92vQnmbw8jTnCH7a38F,4VPCCUifPeBA1c7HWK358CHn2nyjm8pdTRk6Ps3KmnMQ,58.82500040999975,53.07447802399985,9665.937386415953,164.31682650312104,3.8663749545663815,148.94588021653158,53.062197283,234.954176782,43714.46853617065
moFiBS1R4Lf3E3zzmBPnw3NF4RhWPkhREFviuzUaCAU,44ALBrpqi9PfZkBRTvbtRNtFJGsatfY4QydjtMbFWq8S,2ho8qEEie1UjVwWNBo9y4oAJZMyMLx8zPj9bxyUz6uWs,1244.635427416004,1247.5238044529979,1241.5684045759797,0.9975358062509986,0.4966273618303919,1.0,42888.518968196,25578.287852242,68361.12120009263
Cob4usZcpHEY7Qt4ZCwj6WVg9S44zvzYV2v9qYF65dTf,NhFM9UXE48PyNAyeyPYA3iXztqKVJwA4bTdLj4ysM8w,6TuFuynuBoeskxyR2cz4wxyidk8dpDK7kAWw3UkjQGx,24.81703899999991,2971.4517999999516,0.2087860782398784,0.008413013262375063,8.351443129595136e-05,1.0,71811.615944,179.008348,783.1604253294565
STK75uPSyBnEhGTTzb1nwmP3n427XoXmfRhXxxhyady,6TYyD5fUmDe6N65avW1Ny2RxzRNobw2RRgKwH9CTzSAU,54zDfk4cx2vGrEajPtodWpArNe5eUurytyxd4X3aZAxK,542.9464164620007,604.9369848990027,80786.0163700824,148.7918769157884,8.07860163700824,165.93145205784037,470.158366366,87.9602503,84551.11783490812
AURHmCnNwiW4uA2Qj1XvEh4iKgRUZYXtiY7FKAapUV5Y,BKWm4TRnTeKwfWXRyuzjRHU7iZDkPuXBX5b5V5jSVfGJ,A5Ww74HVrkj9nPeC7pHKLfgeDMEhBCpW1efQdz3TGLEg,1.0211174519997712,0.9070810299999721,167.24003013573727,163.78138460782546,0.0668960120542949,148.82801657646448,285.900287099,1821.226333602,317874.64784766117
parEAJhzYzHW87y9VoZAQ22dzQ2MD2ekEtTReaxbMcz,3oyc6hpjYSJEquK6dSvG72NXyz3pqLZz5D8AC71pwgQb,Di2vordgFJVZ1aj1aBpvzXtLfZgJsuLLXawGtVFwX6Rz,9.824550400999982,11.31616482600026,1432.9579663930062,145.85481349326216,0.5731831865572026,169.02441642207424,1299.182891573,176.752761601,219367.61072461598
BUSDTd9WiT6uBHJRgNvFXBsA7JrifsAtWzKfioN7ERcy,DyBxrn7gSc1EwnpWhDyhzvMHPtxpmBqRqotapLcKcfTM,Cds99GeBgoCpqBsoRWu1C6fF9LiUMd4pXQQD24s9LPff,8915.285387629998,8933.694228670005,8930.565674805246,1.0017139425728816,0.8930565674805246,1.0009228508685006,313.76139667,308.78010283,623.3642265015519
BSC8REUo9LpiiWUuqMuLXs2D2yJsJfGd4HdiF3wCLxk5,AZjEH1zWVx1UJ6udMyRijGTzPteuLnaY18yNNmprJEsh,Caf8ypkSVR8xYnXNhjvfvdGCC7mrM3C11rz8Xi6NA6aK,1097.0646809929995,1096.6608378729998,1096.8110873015046,0.999768843445707,0.43872443492060187,1.0,3142.064676491,3159.403647169,6300.742014816016
SAMGk1Nd4haC8zQA63DG37pzuEZy8j4q13tSFtCbcRE,9U9TnkHD3jXMAVZtynCVLgDruuqN4pTvLJTmVHCLWS8g,C6zoEbvqSknmi96QWq96UBiPCyNW3YSTvKhavR2BfifE,0.23960409000000005,0.40763199999999955,0.4961188884310612,2.0705777118873936,0.00019844755537242451,0.0,53.56477961,1.17570795,110.91003880262632
JSoLLrxK5bYdHwTEWYaGgmeycBCNXKDiBCTw5hXGBg7,xG4wXczA7Dk4hccJ61CHKpDHW4NrNfQwgmWgkb9BuF2,BVR6WgfhsRr9Lob4QDnkEAiNGgAbv7ZieKcY9kSg3QYR,116.5397603699997,101.30961986000007,20008.938346280287,171.6919468750778,8.003575338512116,148.67825772275756,17.511807079,162.800055823,27211.464907625592
B2izdXFYb2sNwbWWHmh75T4aQFtfXsUxem9u2p61HGzf,4DYwgJtxwuJdAjkj5RJSNH4e7U329V5cNp7d3a1nLrZv,EXNW64GEf1ACC6xY9BtKRiunrs6GoJSXBdxWN2eTPmrF,12965.184108000001,12799.551303999988,13063.17095332086,1.0075576902344485,1.3063170953320862,1.0,9347.893355,30672.703451,40091.24528832175
KEVpg4SYCVrqFxKijQH6hm4QxsRdoE51ud64bEEFUC9,2bPenuBYfqzD8p5dFjCcggwkHDsc2RQDnx9AoyYGUBjA,AE6n6iLuX8oYu61vt5hoDYkjswpnxFxrhSehxrnQTnbx,398.9541292390004,399.10569731299984,398.6793805399395,0.999311327596521,0.1594717522159758,1.0,4998.428746107,2595.366093682,7590.3525598508
FrnkTEL6yZ5Aycq2TrEgu29dCrwKG4LPUZydfiwqspkc,DjvZuMZ46fxKBoBpGMPcRcos4xdTtHFxwMh69DpA2ZFY,9rvDPJLAng4uVVqnnSoEXgNDFhBZQTny9AoQioYDZbQX,848.7122502909976,714.6381812699984,148251.49782875,174.6781642163396,59.30059913150001,148.84682411485258,328.752918516,2552.765848757,437397.04558347433
WiiQFxXqp8P9Fs1rt9SVcDyA3KUdJmUsog6wnVQAwba,3S2jpqSYxho6wiz3cafhjXruVY8cg4HYa2v3BqBHYFSj,Dfe67M6TfrG74gKRtdqys4e6E9QirPD53BkF4FujFjuv,464.10665031400003,464.78386706600213,463.502921536097,0.9986991593904234,0.0463502921536097,1.0,19339.75909221,7366.198114138,26680.799262341425
KysFMBBoavfov2tLpvefWW6tPFt6rAeZWDJVy1mMQae,B8ka2V21TH3x64dFV8ETcjuQcwmrciJ2qzy1mJUttRew,7fSf7EYxBANyxzk2s5pymFgshA91tFYQNKKs5UnLWcYS,101.91556400000036,148.48903199995402,2.54918982410776,0.025012762762199412,0.0010196759296431039,0.03504916767339559,135006.979184,2243.427814,3455.527819186632
SUiuyGR7SFq3xeRVJonq84fjjeFwRSsFekcevJ53tzy,49GjCCPsv7fBqo6t3iKDrP1xxGDS8uWZbVCdfnp2gjMf,CEwj5xEbbJEjYqM8D6Ai8ByGz1mrh8mkAVsE5fzDSSSx,0.03395400000000004,3.794603000000052,0.0002856554523106832,0.008413013262375063,1.1426218092427328e-07,0.9268768328989371,643.5756,1.673108,6.965175102278864
