0,1,2,3,4,5,6,7,8,9,10,11
HDSBGqAuMRr6X2AfmmbXQPpRgU6VEhtfNVVZ3wUTZXg,DCZ1d8kNLgDcdSd99y4udLgwq46mfDXNS9KXj96kQf5L,Fq8GGYQM5Pz3q7LmVMbrXHJgsxA5ev86kTq8yGgGuYsa,75.04977827999937,75.32246066500011,74.48594389266367,0.9924871944960034,0.02979437755706547,0.999164369861718,12572.402241929,12060.311406458,24528.181675937074
GokA1R67GqSavkd15zR62QD68Tuc5AEfvjssntVDEbM8,3YB7hfpBdbQEuZqLGWVDpRPmeZWCUsrrWyqGXegnQ6Cg,4DPCj6Z1DsG6HUtwSogBGqXEUxdEV5a8YVrrFtcnz7UW,32016.99356300001,32035.34503299999,32008.127311734657,0.9997230767077518,3.2008127311734658,1.0,23132.065541,12176.628732,35302.288465253885
heyk4SZTeCUV6a65WiVA5bzic3KcxgVf1qxobfeV4tQ,9ZDpBKPqMABtGfq66FbVribaArMvtk63xxy91onZAtDt,DaTP4s6N7xxSPinbNZ3FB52EpRDRt87QShTuN3VPCW52,189.19258949999312,165.40182741299907,29414.636609285117,155.47457057923606,11.765854643714047,137.4575359307126,650.586355053,4501.736906878,719947.2968043733
BSCNHw8CmxbZ8hCWWzMf5FaG2ajPT6JxfznKUNuRVrn4,7n9kgNL633yGzCYksgnzHyjG73ZLBAwvEae5sbAekbzW,SscdxE99omdG9AiMVwmaEMQySQnCgeAh1sPj2Leutm2,1349.1184442899985,1352.5767789890006,1344.8168579506662,0.9968115576823234,0.5379267431802666,0.999164369861718,6934.838810582,4724.557354384,11633.33684892071
MATSnbbiTCv7Dc3trJrkrqjx7ckKdr6fwPoVwv9q3sD,631WX9JizSHJm4w6VanZeJAst9T8DeUUnPLesdGkCVtK,211maUSfpnXbPuW1iBu8b4dtJv5EbN1j7JJiEX5TZKEP,56896.40248699997,56924.84505299998,56875.47231318872,0.9996321353741824,22.75018892527549,0.9997840466459245,23394.420133,20807.733693,44189.05434650984
YAkoNb6HKmSxQN9L8hiBE5tPJRsniSSMzND1boHmZxe,CfWX7o2TswwbxusJ4hCaPobu2jLCb1hfXuXJQjVq3jQF,EnTrdMMpdhugeH6Ban6gYZWXughWxKtVGfCwFn78ZmY3,12486139.74007688,12494057.124229977,12486139.74007688,1.0,1248.613974007688,1.0001770313345462,945055.852568,275199.527775,1220304.0992826684
ALBpShJ9NLpE739pcHDF2LNVk5J4VYPvvKuV6jMPitZi,D6d156U1bPiJpDYRLextvDRccgFk7QzkQbJg42ceKEu5,GNcM8U5g8RwTZffwwm3kSQqUNPSwv5d2fbN9sLxPJqt2,162.5136960000018,162.41079500000342,162.41868107157492,0.9994153420249153,0.06496747242862996,0.9998510221976926,46293.036304,53910.572733,100168.5119654871
KysFMBBoavfov2tLpvefWW6tPFt6rAeZWDJVy1mMQae,B8ka2V21TH3x64dFV8ETcjuQcwmrciJ2qzy1mJUttRew,7fSf7EYxBANyxzk2s5pymFgshA91tFYQNKKs5UnLWcYS,703.4938539999994,981.4943579999381,17.659413533660175,0.02510244180990413,0.00706376541346407,0.03601569203702053,134968.348337,2269.958518,3469.789237229513
Cob4usZcpHEY7Qt4ZCwj6WVg9S44zvzYV2v9qYF65dTf,NhFM9UXE48PyNAyeyPYA3iXztqKVJwA4bTdLj4ysM8w,6TuFuynuBoeskxyR2cz4wxyidk8dpDK7kAWw3UkjQGx,35.598367999999994,4390.663309999989,0.31237202251063,0.008774897279297469,0.00012494880900425201,1.0,71192.018492,184.249162,808.951811373146
vEnkoSUkpnbRrPgBz9DfcVxNz67zjwMYBZraAvDDNSf,DtfyjjsZ5yCjWKLKHvwsfXs5QVsmm1QkK6Sh9JZHoq1g,e5wrKCRv4GhHvEf1VD5Pq2KGaZDXP77nTL612Jyrxwy,11149.425536,11159.803798999994,10945.23130085132,0.9816856721012786,1.094523130085132,0.999631136110775,4742.801738,2110.249283,6765.411400053881
MARpDPs5A7XiyCWPNH8GsMWPLxmwNn9SBmKvPa9LzgA,6YjT74rmcfCpw8LSjPNx5JTmZoYLGrTKnf9arfSgZ4SR,F8GSmi3vA8M8TsybLya1LQ4n1aFHCRbZ6k437PeTdXtg,274645.0258479987,295342.4693849991,248543.71095467193,0.9049634530509486,99.41748438186877,1.0,380282.882804,14155.488401,358297.59915947705
wrmcMSHFi3sWpAEy4rGDvQb3ezh3PhXoV2xNjgLBkKU,8p4mGnARWPBu6P2Gcw4adodLkNDorrXniZMhaY7eJXUn,AyY89zccbsgp9LKFgH4CFZMJmpSgqmPSdTfukhP227rc,0.017928819999999956,0.30876088000000834,4.072880508859599,227.1694684234439,0.0016291522035438398,3790.750568612585,49.67856319,0.12950484,11776.37333778085
BUSD5rCfUDpCxKGMvYU2yThChxgHoioK74PTPociGnv2,CcFHbafgYDZ8yA8Me1PdtDiVb2eeaS61LbqyKKK5CsNZ,26R9s4nmF3CFDTkiePDwRmtscn8i7r2eygbSijditJ58,31.562670100000005,31.538503510000005,31.562774572783844,1.0000033100109562,0.0031562774572783847,1.0,88.13514427,57.94457991,146.08001590829315
SoN9GaFpSXfpyR5dth3x7PHPVhvJMpQqqDJfCSmPv1t,9kZ9iS68ViMPtoeqtnhAKuF2iqVyfHPdZHoUNdwCELr,BBhm5fJLjw3HRzjtKB8uMEYjGhY6EDm9co3cqpjrSzB9,64.98899716899996,64.43150215700003,10408.021421893145,160.15051586082663,4.163208568757258,158.02356763487705,38.808073586,41.124120038,12713.713168612516
parEAJhzYzHW87y9VoZAQ22dzQ2MD2ekEtTReaxbMcz,3oyc6hpjYSJEquK6dSvG72NXyz3pqLZz5D8AC71pwgQb,Di2vordgFJVZ1aj1aBpvzXtLfZgJsuLLXawGtVFwX6Rz,15.42601646999995,17.908954404999577,2046.2400505232063,132.6486364449741,0.8184960202092826,156.61891095040272,1303.52707247,176.423864144,200542.40220014952
MATgk4zXLXtYkwBH678J1xZbRDZ45LicNzkRBHkxTuY,y8dALFo1bJrSzPYjMX14HJX448pXqYmrfXHD1K8MXih,GN7Yuet3UyiWS5YVkEHv6oQKi4HGBJc3XDPt9zQhAqZz,84222.904343,84216.79785900001,84226.61031385382,1.0000440019360852,33.690644125541525,1.0,9474.709741,8515.012353,17990.13899957245
7oAd7xG4m3oC2qeWB1szghTebAZyyGPAFDJ4wwwbRSNi,D9yh4KAysxt9GLacVe4Wwh2XqghhcjTCSTV9HuM7TBJd,HDYfJLpZKaMFb84jM4mRytn7XLR8UFZUnQpSfhJJaNEy,1007.372273675981,25.22219737699993,1007.2787468370584,0.9999071576205077,0.40291149873482335,0.024772899248367113,1007.598724766,299406.21424638,8424.665156763409
Lee1XZJfJ9Hm2K1qTyeCz1LXNc1YBZaKZszvNY4KCDw,9DgFSWkPDGijNKcLGbr3p5xoJbHsPgXUTr6QvGBJ5vGN,2hNHZg7XBhuhHVZ3JDEi4buq2fPQwuWBdQ9xkH7t1GQX,4981.32254141804,4248.549827667982,803041.4845258944,161.21049738274758,80.30414845258944,137.55612289814243,7443.363147451,57100.385535168,9054455.925407873
daob129AwBGn9Y5r91uLoWZeYiGzbPmksauMhFZKTze,6VW5GQNyj4LStgmxEHLr5zUfW92vQnmbw8jTnCH7a38F,4VPCCUifPeBA1c7HWK358CHn2nyjm8pdTRk6Ps3KmnMQ,71.30998895299989,64.43695923899996,10868.09248152224,152.40631279140086,4.347236992608897,137.89835732718785,52.846249978,235.14401217,40480.0751175669
B2izdXFYb2sNwbWWHmh75T4aQFtfXsUxem9u2p61HGzf,4DYwgJtxwuJdAjkj5RJSNH4e7U329V5cNp7d3a1nLrZv,EXNW64GEf1ACC6xY9BtKRiunrs6GoJSXBdxWN2eTPmrF,19855.19679299999,19659.790238000038,19386.394989367116,0.9763889621180611,1.9386394989367115,1.0,10454.873422,29549.067446,39757.090455582285
SUiuyGR7SFq3xeRVJonq84fjjeFwRSsFekcevJ53tzy,49GjCCPsv7fBqo6t3iKDrP1xxGDS8uWZbVCdfnp2gjMf,CEwj5xEbbJEjYqM8D6Ai8ByGz1mrh8mkAVsE5fzDSSSx,7.433422000000017,60.46430699999977,0.0652275144836701,0.008774897279297469,2.6091005793468042e-05,0.9107990713492669,633.794869,1.762831,7.167069709366494
KZMu9QBEdL97EFgamLbN5DE1AoKBG4HdrKKJo4Vuon3,DD4ACBWyVqdaKWh7v5btsgqQCCMwbKnuL2xd9pv7Gyuw,GcYqiJ1MAuYbNTNYXm1F1gQYTfTgkErACAhNU5dpVj9T,143.83141250999984,144.5122193499999,143.08005763414621,0.994776141993312,0.057232023053658494,1.0,1747.19707637,1334.07076325,3072.140730183343
7dwD9TF6uikvHXxPFK9AsSim54yJoujQjY9vU6gNFumk,CquVr6atkvwueDYficKjn6SSEWq4F4rH4VSiBbW4GBWU,8BCa6ge3b7ho3TfZuM64Vk1hgbrJ3J7EPiAb9uP86CGd,0.038497562999999735,0.038671755999999835,6.189955718916373,160.78824830850763,0.00247598228756655,162.050942658436,2.20119956,1.968715476,672.9592201419093
ZUCKWFa4LTL833dPhhpeeRWZcaAEoMeYJPi2iKn4F8N,7eEYpq6ShaJ9opZWMxitRFrdCHh6vfyHhGfoSvFht3N2,H8VggnHmuwd1wvwpT8eg9cUJFEfZ7HAaeYjgXrSm7A2u,22.238017012000228,22.235108158000003,22.246600061756453,1.0003859629098941,0.008898640024702583,0.9999071576205077,1916.072738944,1930.350617952,3846.9836715612664
AUSejoEUCh2DBs9mof6BNC8Pubs22w4cJa1ccV9h44R,4xkyD7AfGQDwsQMy9MosRRNGoVJ1zosNinesxg1TzHG7,Cbm5gsQe3nSiCsFrvepVzMCD9xLK3ri9g3ypS2hdmVJ7,147.21129199999996,147.16476800000055,147.2831661850983,1.0004882382602711,0.014728316618509832,1.0,14284.048766,14568.488578,28859.51136311914
BSC8REUo9LpiiWUuqMuLXs2D2yJsJfGd4HdiF3wCLxk5,AZjEH1zWVx1UJ6udMyRijGTzPteuLnaY18yNNmprJEsh,Caf8ypkSVR8xYnXNhjvfvdGCC7mrM3C11rz8Xi6NA6aK,11849.846974391003,11894.000910227,11843.626263663155,0.999475038729083,4.7374505054652625,0.9999071576205077,3313.685908841,2986.409420291,6298.078507009157
SAMGk1Nd4haC8zQA63DG37pzuEZy8j4q13tSFtCbcRE,9U9TnkHD3jXMAVZtynCVLgDruuqN4pTvLJTmVHCLWS8g,C6zoEbvqSknmi96QWq96UBiPCyNW3YSTvKhavR2BfifE,0.006510319999996739,0.004117040000000127,0.015503493472651701,2.381371956011297,6.201397389060681e-06,0.0,53.15055661,1.41947672,126.57124495744488
TETFuZgEmET6d9vYmz9iMFCxK1jKdKYxf3oPz8hSzJK,Eu1Ze6Z84LWNkq7SNoAHBJbXx5t1P95EwyqYohrfCRFV,ASMbv7WNu3qe4pkhREmvyEdwFNDZQ6B6iSrjkj4u8bdC,7.234184486999993,7.216506999999993,7.204604621057967,0.9959110987568561,0.0028818418484231867,0.9979183423378831,277.236635506,74.975210721,350.92218028156833
SERgf3DMJpQxUifu7VoFKmfne73d2fDJxSrxUMrcNJB,AJfM2GZ2tTB8UtN2krcyR9xufRJEx2mhSCbJyMgPo3GU,F4yRYkufQvERZcEKnKjJwRLU1btiMBUuEwq46hfm11QD,0.0009062969999966697,0.00011232299999974771,0.1253567901469029,138.31756052084862,5.014271605876116e-05,138.20179562829023,26.136193374,31.098879535,7913.015502557735
MNkYtBe2HtgL15osfaMmyqNW3vo4J399FXXCS4a39Wf,2mUxDu8NrhSKhQJMgKfYLxJqZzeEbmwhQdHeHMyohyuk,AZCBmDBcFsA2jHHhfFJBTsWCHx9XnnKmGfFsue3ZVW1t,0.01266592000001765,0.01266592000001765,0.012660702904171926,0.9995880997317435,5.064281161668771e-06,1.0,2194.39033408,1941.65959594,4135.1460600527325
JSoLLrxK5bYdHwTEWYaGgmeycBCNXKDiBCTw5hXGBg7,xG4wXczA7Dk4hccJ61CHKpDHW4NrNfQwgmWgkb9BuF2,BVR6WgfhsRr9Lob4QDnkEAiNGgAbv7ZieKcY9kSg3QYR,42.62016556599971,36.81929168799996,6831.007519368158,160.27641912347713,2.732403007747263,138.13444459731323,17.587344852,162.646685012,25285.946154495054
Sid7E679i9ABqptiAVhkmQ27YHN8vaYT4fppPwmxFsJ,GP7KB8o1bv527HG8kTzzzf4wJ5aEGHvcMQvVhLziUfmT,9gYxhAZ1M9wu5pxr8SBoa5NDm21gi3s9vMHaYTME77sa,2160.3809649999976,9453.058764000016,19.00044371404919,0.008794950530426105,0.007600177485619676,0.03617820661012013,141954.776566,6896.608315,1497.9921579848033
RoBgmK8CvjdHvPrqdDyVw54VwjZv2TqJ493xnqJAQHx,ExiHJxM7qPAcy27NDHAF6G7vnW7muNHi2sVJpnaNynGQ,6rkPHSqZb7StM4HwS9EuVrmfkV7tRdc7dnsFhyB6cefE,9.937759000000764,106.85120099999897,0.2500315440381004,0.025159751211322513,2.500315440381004e-05,0.9119444662297845,5989.638871,24.95624,173.45652880592908
FTMDfFPjYWvSsDXMGR8Mdt4fLjDtSDwfz7GAqe5V6qwq,2n895yX1VzrWuwrMCixUcD3SkRysj51jigxtV5N81vk6,HuEnD3eWBSuJtTCZMDG3P74sHPhi5UyVRV4SVefva6jS,0.2979599999999998,2.6937585300001956,0.0,0.0,0.0,0.9999071576205077,1595.509301705,12.261128265,12.259989912676618
BUSDTd9WiT6uBHJRgNvFXBsA7JrifsAtWzKfioN7ERcy,DyBxrn7gSc1EwnpWhDyhzvMHPtxpmBqRqotapLcKcfTM,Cds99GeBgoCpqBsoRWu1C6fF9LiUMd4pXQQD24s9LPff,11663.633502789993,11698.06946385,11665.120455694481,1.0001274862506724,1.1665120455694482,0.9980567834426373,315.61303053,304.76247017,619.8235175438285
NorjjEePhxfwLF4vZjUHCrVVKLzQjEEGQFd3wgjEJmh,34M8pFVqgbV7aqHxvRT5tCv3vu2P1JJYT8J3VaxBK2oG,3AZWBSze3ucsY3xSeuLne3b2pauVqiaJ1SZSV5T9WGWw,11.357113999997182,15.485450000000128,7.636338574786674,0.6723837213211533,0.0030545354299146696,1.0,37429.821412,2696.694001,27863.896610386742
WiiQFxXqp8P9Fs1rt9SVcDyA3KUdJmUsog6wnVQAwba,3S2jpqSYxho6wiz3cafhjXruVY8cg4HYa2v3BqBHYFSj,Dfe67M6TfrG74gKRtdqys4e6E9QirPD53BkF4FujFjuv,10762.047869535001,10768.772813366999,10757.378683104493,0.9995661433133256,1.0757378683104493,0.9999071576205077,16060.218659866,10639.511724173,26691.774753198857
MAR3XM1n9xWPQ3HJjAcC85o8DopWFP5p2WxGTaZ3fPB,6qG7GUhER8Cg9gDEgnebph9LdS6eu2eoWcA4R7z9uizK,4QV4CwRXVMY227KkFF9voNAfwWHVvVajXSXDKbUHkWZR,0.1837699999999991,0.007154999999999995,0.16711513821077503,0.9093711607486307,6.684605528431002e-05,0.03574830149988791,0.157424,22.786969,0.9577522836902918
CZgvH45CRmoaNJ7395Ao5CQZXkGznvqU7cErD6n7FaRg,4ZjU6MKvtqVQKCiowhvZ5yUsPxXX5SCzd5eFsPeXyey5,BsyWeshjDbCvjDojry3vKDCesmFRM37WtwcR4Kfgzqr,39.91907475000016,39.935930889999895,39.968716695510324,1.0012435645320201,0.01598748667820413,1.0,540.97819476,563.69580149,1105.3467375455998
KwnjUuZhTMTSGAaavkLEmSyfobY16JNH4poL9oeeEvE,J63v6qEZmQpDqCD8bd4PXu2Pq5ZbyXrFcSa3Xt1HdAPQ,BnKQtTdLw9qPCDgZkWX3sURkBAoKCUYL1yahh6Mw7mRK,934.2614929999633,24765.468436000054,33.799905321631975,0.03617820661012013,0.003379990532163198,1.0,270143.693666,782.57427,10555.888633869548
RajgMbScQbqqrdJfR2rxfHJiTiY5b6bJ2tTXiF4aPxy,725ZA3fhyBAKb5iopNRrcbSuQa3LXA1656Q3mBvYPxeg,GLA6i1dSZpUfk2f9Nj8uiG7xyDdAR2reff8oEiZH3617,23650.920346380022,23762.41341701997,23536.18193019396,0.99514867013606,9.414472772077586,1.0,190644.35025927,41824.8167445,231544.28837396577
Lid8SLUxQ9RmF7XMqUA8c24RitTwzja8VSKngJxRcUa,4PgzyzLtds9bKZ2to9PMnKqJzKEUpjvNUaeN23phegax,AtymwxoVN9peZo7EXTcDz9jKVc4vRmisJKKrNfe3ewBa,545.7578227990007,467.51991793000116,88429.47816564499,162.03061957430344,8.8429478165645,138.8216567892744,1027.347432746,7740.045897871,1240947.7362133837
C98Sspw7XqnMsgxea3SLQVdbMDL8pKUc3RE82UvX9eq2,CSqgQJurPCzGxb4Cgwx5R61hWQUiaoUHcShNc8r1cKEL,6S2CR5EnukPhC914XkAns8m5GixjMAoUuZMsS5ubHuWc,147.05171199999995,147.13087599999994,0.0,0.0,0.0,1.0,1010.647231,938.779067,938.779067
4vezWG46exH6pf9nry3n1VJ7hZHvjBJNgNeF4qEFCML5,,,0.6638219999999997,0.6720189999999988,0.0,0.0,0.0,1.0,1010.647231,938.779067,938.779067
ALLwa5WNZbvQsRKAqe1jdRGemdYQnW8E5k4msbRFcYtu,CGoM82Hbz7QVqTgvQatYtjvDWBvoUJp5qm21P8iMs9yb,3dxNNww8TivyN5FMy5dCNdi3Zcxv6e4kUfSPxfFwpdNq,7.513915490000001,7.5496746739999985,28581.975312868508,3803.872342044201,11.432790125147404,3811.353259088172,4.399494001,4.123836092,32452.509678582916
HEDSDjj84KS7LKhZY7ejkCACTdPen62rKhCby1wXtgxc,EnnjMSFttpCTywBrYNt1J5QQeoSVkvzPipJDa8Y7kJow,6bjVT6JN2rSvpyn9PdfLYC8wJn4LWh49jpY47fnLDXZk,7.684910295001828,7.9081663970082445,7.467655772022804,0.9717297255739831,0.0029870623088091215,0.9999071576205077,38664.032775302,9543.620247681,47113.72415359593
SRMuKizofcAMicegrfSv7xs9q76tH1w8aAF7oX9FEWu,72Hj2KWntXPfbie4UgKeTPnm1XVkomDfCnRPKbvfTtPi,6aqJQ5wedqpUt4fFEDUqUmXhrdxCu4bEJsQdVPCADLko,0.5630059999994046,0.18698800000038318,0.03817536449960866,0.06780631911498107,1.5270145799843466e-05,0.06740024645574119,18557.976649,4443.87987,1557.8666852481683
AURHmCnNwiW4uA2Qj1XvEh4iKgRUZYXtiY7FKAapUV5Y,BKWm4TRnTeKwfWXRyuzjRHU7iZDkPuXBX5b5V5jSVfGJ,A5Ww74HVrkj9nPeC7pHKLfgeDMEhBCpW1efQdz3TGLEg,1.7135702629996103,1.5227608200000304,264.50830917192775,154.3609356927711,0.10580332366877108,139.07900215822795,286.882091698,1820.120781467,297423.9702018871
DFWzVTzNBrQZLjoQ4yQwkj9HuoXmfkuZP9V5vbymZe23,DhgiEgiNdqZdRdo195UUHnoEJUtefK8buko8nU97XJUZ,2K2kkXsouBHtWVjtcgkyiXd8eP3oVBvq1bTJzcVdLLr2,25665.263343804992,27503.24921389598,23218.376740033018,0.9046615430750062,9.287350696013208,0.9999071576205077,64599.571561333,11190.13353967,69629.84271170515
SoNcU2iwHMw6dGzsYNQkYFkUjwN1UdAjrWVRnStrZu2,8ivTTid27jZnYNc4w3CTA1Z6QS2twsFb8WMwUabeDJgc,CyXm53PMvHCbeXJBykU46Rcbo28xk5srhMZFg7gv6EYB,33.56560234199999,33.221175678999955,5472.572549129579,163.0410946709529,2.189029019651832,159.83259773044105,10.974640696,13.634107544,3968.492259189952
BSCuChvaSj9b5HUSqgDVRzcnr2sSn7cXaamt1jbKH6hn,GnKpRj5kBVPMJfiwZtEuD9GYApLzPdW5JFuZTcyX4BTc,3dmwD9okkomV9nDwyuh4UMhKdUR13QpuKxRo89ycZB5t,2188.8999122059986,2192.1324992950003,2189.0822430551048,1.0000832979379686,0.8756328972220421,0.999001997004992,1521.667511395,1573.567758813,3093.7915966378296
FrnkTEL6yZ5Aycq2TrEgu29dCrwKG4LPUZydfiwqspkc,DjvZuMZ46fxKBoBpGMPcRcos4xdTtHFxwMh69DpA2ZFY,9rvDPJLAng4uVVqnnSoEXgNDFhBZQTny9AoQioYDZbQX,470.87156071000527,402.4157944430005,76119.00576496142,161.6555598520011,30.44760230598457,139.21178288530342,338.646477091,2540.65581468,408433.31150556926
moFiBS1R4Lf3E3zzmBPnw3NF4RhWPkhREFviuzUaCAU,44ALBrpqi9PfZkBRTvbtRNtFJGsatfY4QydjtMbFWq8S,2ho8qEEie1UjVwWNBo9y4oAJZMyMLx8zPj9bxyUz6uWs,197.19735256000058,197.8776355670052,196.55474825932646,0.9967413137532939,0.07862189930373059,0.9999071576205077,43398.905261065,25068.626513064,68323.78092749658
BUSDgu5JdqP1rndBvXvanbEufS94FNh1w5FJcAj6vawb,Bgzr8cWubt89JQFXndVjtdKmDbGzuPxNhvjH1EhWCwbo,Dxaf8xPBBQsasRKW5Aa4Sw2YrbfGofY9xZueyyF23FBW,43902.151017929995,43832.58624340994,43896.66744623261,0.9998750956030573,17.558666978493044,0.9998173333731927,7107.70444266,7616.49479309,14721.920172800992
SAMyS8Jr2HJrkFwYVKbpUwsNStnQmvz3f8Tup8bWUWF,6jPzm5TFfquvgm25sTyN3MMGBfufRaFHMxobDWv6hMFW,Cj9ECoDmxsHTDzCY5ZA6RWrPbg9uFzEC1Qc2kso2vJG6,3850.3227328700596,144.51610120999908,3826.7145065306304,0.9938685071415218,1.530685802612252,0.03621690090299233,708.99960586,110699.94020443,4713.861144191023
ercAoEmXjQzEvAFbdjAo81KtMxRGn9AW1ju882upmPH,CMRhskR2Eg6V42RTSdRTXGdozyPbWB8U9dVpijPWb9T4,7TKLLgrWswt6ZJ1pXhVR3FyufHGjJFqiEXxvWJfDcgRm,0.0,0.001205000000027212,0.0,138.8216567892744,0.0,133.81496013786153,310.947396084,1012.341113288,178632.61841924372
KEN5P7p3asnb23Sw6yAmJRGvijfAzso3RqfyLAQhznt,9zj4aX38Uxf3h6AUjS4EipWS8mwbEofasHAf3a1uKGds,CwQDG1MWunn9cLNwcZLd8YBacweSR7ARo32w4mLua1Yr,470717.8612169996,470885.81205200497,470295.06595270813,0.9991018074750799,47.02950659527081,1.0,2419279.146491,2173692.060615,4590798.228660926
iLiUBQ7Z7im6Ew3b4ewwPcehzWgEQRJ1iQz7g6D62NW,GpugBvKWM3TVhYcZjemSdtehBWgfvuGr6uAm9iPjXT6v,92fMXJ3xy8tEyMUWLHKRLyhPw2nECBo77GtDiBBbYrjX,0.2964735559999099,0.2889910000001237,0.2889794313121923,0.9747224515102458,0.00011559177252487693,0.9999071576205077,1908.156815388,1056.226948059,2916.0521743968334
Dg3mAgpwDfVNnbGWcsxL8sUcSkEbjSJQhKAWNigG44Ju,EATxwd8YA2wV93VJcKMmH2Kn2Y9XfJVUB9hHVu3udwEy,GiGvrRi7NMHfHKanG2B8xyCEqe8jaafWins8bhrLVEaa,0.386190088,0.3874716060000001,62.24887455111397,161.18713681515817,0.02489954982044559,162.89526127911225,0.24956714,0.208449177,74.18239589057865
KEnkcdADoLR5jS2CLLLesy8TtFsyWL37BhXNfDMzWzP,3qsjFRuw1qeLMPo4DLwaQevenGAGBj9dA3Q6rb8ax2YR,77iEv8zPQAEyCcEbvBRSB6AFcUdfkhiqnAKtPxk76rNN,1.9591660000000104,0.014815999999999996,0.017248208215756875,0.008803852361544037,6.899283286302751e-06,0.9993134716449797,120.55752,0.285852,1.3470263616505531
STK75uPSyBnEhGTTzb1nwmP3n427XoXmfRhXxxhyady,6TYyD5fUmDe6N65avW1Ny2RxzRNobw2RRgKwH9CTzSAU,54zDfk4cx2vGrEajPtodWpArNe5eUurytyxd4X3aZAxK,424.4574691540002,472.62887765800093,58986.966417279924,138.97026369885478,5.898696641727993,154.5913077327036,463.933255332,87.246217149,77960.4336359515
BkMBnJpvHKtWhUvrgRrLesXfi9RUV3ELgdBaJcdH7hcY,5uerVwBnZQsuVhZ15igs7ZgmcqhHnYWbwoRtLyRqLvR,9YWiQh5d4jCtgMdzcGLv9bWgnLaFtzvDDh2nnhJdzhBX,25.86384810200002,25.871166270000003,25.86304321823203,0.9999688799684866,0.010345217287292813,0.9999071576205077,1473.060029311,1398.790613353,2871.674933940512
