0,1,2,3,4,5,6,7,8,9,10,11
wrmcMSHFi3sWpAEy4rGDvQb3ezh3PhXoV2xNjgLBkKU,8p4mGnARWPBu6P2Gcw4adodLkNDorrXniZMhaY7eJXUn,AyY89zccbsgp9LKFgH4CFZMJmpSgqmPSdTfukhP227rc,0.021002459999999945,0.3220321500000125,5.2929586693548245,252.01612903225805,0.00211718346774193,3951.1636176854086,49.61014042,0.13376801,13031.09484371734
SoNcU2iwHMw6dGzsYNQkYFkUjwN1UdAjrWVRnStrZu2,8ivTTid27jZnYNc4w3CTA1Z6QS2twsFb8WMwUabeDJgc,CyXm53PMvHCbeXJBykU46Rcbo28xk5srhMZFg7gv6EYB,85.41739952800008,84.43991034400001,14940.059455620985,174.9065124690853,5.9760237822483955,172.29096153001265,10.752291541,13.900691012,4275.609234876241
MATgk4zXLXtYkwBH678J1xZbRDZ45LicNzkRBHkxTuY,y8dALFo1bJrSzPYjMX14HJX448pXqYmrfXHD1K8MXih,GN7Yuet3UyiWS5YVkEHv6oQKi4HGBJc3XDPt9zQhAqZz,107256.281185,107371.58514600003,107256.17392882607,0.9999990000010001,42.90246957153044,1.0,9564.923059,8481.296702,18046.210196086507
Dg3mAgpwDfVNnbGWcsxL8sUcSkEbjSJQhKAWNigG44Ju,EATxwd8YA2wV93VJcKMmH2Kn2Y9XfJVUB9hHVu3udwEy,GiGvrRi7NMHfHKanG2B8xyCEqe8jaafWins8bhrLVEaa,0.7004866640000003,0.692030149,122.25493422803663,174.52856779588396,0.048901973691214656,175.3877648092167,0.235208541,0.223046809,80.17029107242773
Cob4usZcpHEY7Qt4ZCwj6WVg9S44zvzYV2v9qYF65dTf,NhFM9UXE48PyNAyeyPYA3iXztqKVJwA4bTdLj4ysM8w,6TuFuynuBoeskxyR2cz4wxyidk8dpDK7kAWw3UkjQGx,131.68883699999995,17544.268357999972,1.0982841470911775,0.008339994278263525,0.00043931365883647104,1.0,71930.467057,178.015548,777.915231688203
GokA1R67GqSavkd15zR62QD68Tuc5AEfvjssntVDEbM8,3YB7hfpBdbQEuZqLGWVDpRPmeZWCUsrrWyqGXegnQ6Cg,4DPCj6Z1DsG6HUtwSogBGqXEUxdEV5a8YVrrFtcnz7UW,51202.59798899996,51228.619353000046,51196.505604832986,0.9998810141593151,5.119650560483299,1.0,19549.958426,14246.097363,33793.729620761325
BUSDTd9WiT6uBHJRgNvFXBsA7JrifsAtWzKfioN7ERcy,DyBxrn7gSc1EwnpWhDyhzvMHPtxpmBqRqotapLcKcfTM,Cds99GeBgoCpqBsoRWu1C6fF9LiUMd4pXQQD24s9LPff,9513.083608570005,9541.759368840003,9504.445398325282,0.9990919652764388,0.9504445398325283,1.0005653194054642,359.8493302,262.15080162,621.8215750682419
AUSejoEUCh2DBs9mof6BNC8Pubs22w4cJa1ccV9h44R,4xkyD7AfGQDwsQMy9MosRRNGoVJ1zosNinesxg1TzHG7,Cbm5gsQe3nSiCsFrvepVzMCD9xLK3ri9g3ypS2hdmVJ7,5209.101443999993,5203.371778000002,5207.091506678415,0.9996141489385098,0.5207091506678415,1.0,14605.648369,14247.494838,28847.50760207307
7dwD9TF6uikvHXxPFK9AsSim54yJoujQjY9vU6gNFumk,CquVr6atkvwueDYficKjn6SSEWq4F4rH4VSiBbW4GBWU,8BCa6ge3b7ho3TfZuM64Vk1hgbrJ3J7EPiAb9uP86CGd,0.2979687089999996,0.29956865799999877,51.93343543333759,174.29157446642378,0.020773374173335035,175.2201246621099,2.212897062,1.958067111,728.7820763543009
Lee1XZJfJ9Hm2K1qTyeCz1LXNc1YBZaKZszvNY4KCDw,9DgFSWkPDGijNKcLGbr3p5xoJbHsPgXUTr6QvGBJ5vGN,2hNHZg7XBhuhHVZ3JDEi4buq2fPQwuWBdQ9xkH7t1GQX,9032.422923148046,7700.409723468011,1583758.4206691217,175.34148191957541,158.37584206691216,149.57965872204227,7430.615675863,57114.758529787,9846101.253058039
SAMGk1Nd4haC8zQA63DG37pzuEZy8j4q13tSFtCbcRE,9U9TnkHD3jXMAVZtynCVLgDruuqN4pTvLJTmVHCLWS8g,C6zoEbvqSknmi96QWq96UBiPCyNW3YSTvKhavR2BfifE,0.10428574000000013,0.16959500000000105,0.20580829779382045,1.9735037388028334,8.232331911752818e-05,0.0,53.56477961,1.17570795,105.71029282848478
STK75uPSyBnEhGTTzb1nwmP3n427XoXmfRhXxxhyady,6TYyD5fUmDe6N65avW1Ny2RxzRNobw2RRgKwH9CTzSAU,54zDfk4cx2vGrEajPtodWpArNe5eUurytyxd4X3aZAxK,639.0001455649992,711.9689677409989,95511.74787729287,149.47061990548076,9.551174787729288,166.730163070436,458.54532937,85.794014577,82843.50467658733
BSC8REUo9LpiiWUuqMuLXs2D2yJsJfGd4HdiF3wCLxk5,AZjEH1zWVx1UJ6udMyRijGTzPteuLnaY18yNNmprJEsh,Caf8ypkSVR8xYnXNhjvfvdGCC7mrM3C11rz8Xi6NA6aK,2676.663080232999,2678.307707995001,2675.7640449200185,0.9996641208527065,1.0703056179680075,1.0,3322.51848523,2978.654575996,6300.057096550314
BSCuChvaSj9b5HUSqgDVRzcnr2sSn7cXaamt1jbKH6hn,GnKpRj5kBVPMJfiwZtEuD9GYApLzPdW5JFuZTcyX4BTc,3dmwD9okkomV9nDwyuh4UMhKdUR13QpuKxRo89ycZB5t,173.72336696999992,173.85800757700008,173.87001015365357,1.0008441189358193,0.06954800406146143,0.9988842462968863,1593.071282694,1502.26963285,3095.0094942739042
ZUCKWFa4LTL833dPhhpeeRWZcaAEoMeYJPi2iKn4F8N,7eEYpq6ShaJ9opZWMxitRFrdCHh6vfyHhGfoSvFht3N2,H8VggnHmuwd1wvwpT8eg9cUJFEfZ7HAaeYjgXrSm7A2u,1.5158485600002223,1.5164551650002522,1.5165744289196894,1.0004788531906295,0.0006066297715678758,0.9996602324812035,1916.072738944,1930.351224557,3846.685610399548
SRMuKizofcAMicegrfSv7xs9q76tH1w8aAF7oX9FEWu,72Hj2KWntXPfbie4UgKeTPnm1XVkomDfCnRPKbvfTtPi,6aqJQ5wedqpUt4fFEDUqUmXhrdxCu4bEJsQdVPCADLko,467.1439910000008,464.70580100000006,33.20998649900538,0.0710915416634468,0.013283994599602151,0.07082535190638475,18090.832658,4908.585671,1633.7574911438637
KysFMBBoavfov2tLpvefWW6tPFt6rAeZWDJVy1mMQae,B8ka2V21TH3x64dFV8ETcjuQcwmrciJ2qzy1mJUttRew,7fSf7EYxBANyxzk2s5pymFgshA91tFYQNKKs5UnLWcYS,202.15097500000002,289.0441820000415,4.937358617958534,0.024424114788259288,0.0019749434471834134,0.035433457844141966,135051.766759,2212.742739,3376.9249802413237
BUSD5rCfUDpCxKGMvYU2yThChxgHoioK74PTPociGnv2,CcFHbafgYDZ8yA8Me1PdtDiVb2eeaS61LbqyKKK5CsNZ,26R9s4nmF3CFDTkiePDwRmtscn8i7r2eygbSijditJ58,10.518120549999992,10.499514000000005,10.515008948551937,0.9997041675427408,0.0010515008948551938,1.0,93.07702372,53.02300924,146.07249775535854
RoBgmK8CvjdHvPrqdDyVw54VwjZv2TqJ493xnqJAQHx,ExiHJxM7qPAcy27NDHAF6G7vnW7muNHi2sVJpnaNynGQ,6rkPHSqZb7StM4HwS9EuVrmfkV7tRdc7dnsFhyB6cefE,85.90639700000035,210.0052469999993,2.098481179173604,0.02442753103908659,0.0002098481179173604,0.8898515104784465,6008.895255,24.438096,168.52875199094993
MATSnbbiTCv7Dc3trJrkrqjx7ckKdr6fwPoVwv9q3sD,631WX9JizSHJm4w6VanZeJAst9T8DeUUnPLesdGkCVtK,211maUSfpnXbPuW1iBu8b4dtJv5EbN1j7JJiEX5TZKEP,658650.6671360004,658636.3111790001,658601.2720405973,0.9999250056245781,263.44050881623895,1.0009639282629172,26341.579848,18151.244418,44508.345293173305
JSoLLrxK5bYdHwTEWYaGgmeycBCNXKDiBCTw5hXGBg7,xG4wXczA7Dk4hccJ61CHKpDHW4NrNfQwgmWgkb9BuF2,BVR6WgfhsRr9Lob4QDnkEAiNGgAbv7ZieKcY9kSg3QYR,121.17715437699991,105.26225249200007,21006.562560045528,173.35414969962926,8.402625024018212,149.4570822031887,17.648301946,162.636810416,27366.62952109967
KEVpg4SYCVrqFxKijQH6hm4QxsRdoE51ud64bEEFUC9,2bPenuBYfqzD8p5dFjCcggwkHDsc2RQDnx9AoyYGUBjA,AE6n6iLuX8oYu61vt5hoDYkjswpnxFxrhSehxrnQTnbx,6403.761899323999,6401.118467651001,6398.271107803958,0.9991425678208584,2.5593084431215836,1.0,5008.641871112,2585.001400603,7589.348701000914
MAR3XM1n9xWPQ3HJjAcC85o8DopWFP5p2WxGTaZ3fPB,6qG7GUhER8Cg9gDEgnebph9LdS6eu2eoWcA4R7z9uizK,4QV4CwRXVMY227KkFF9voNAfwWHVvVajXSXDKbUHkWZR,0.33440700000000223,0.20905700000000185,0.31148947347830913,0.9314681614867723,0.00012459578939132365,0.03528952336628739,0.152985,22.899566,0.9506154261198941
heyk4SZTeCUV6a65WiVA5bzic3KcxgVf1qxobfeV4tQ,9ZDpBKPqMABtGfq66FbVribaArMvtk63xxy91onZAtDt,DaTP4s6N7xxSPinbNZ3FB52EpRDRt87QShTuN3VPCW52,360.76268583300464,319.00440296300064,60728.42694631419,168.3334483611897,24.29137077852568,148.99470294032108,656.736170944,4494.888494045,780265.2402386293
ALBpShJ9NLpE739pcHDF2LNVk5J4VYPvvKuV6jMPitZi,D6d156U1bPiJpDYRLextvDRccgFk7QzkQbJg42ceKEu5,GNcM8U5g8RwTZffwwm3kSQqUNPSwv5d2fbN9sLxPJqt2,1133.668767999996,1133.255772000004,1131.9855055532382,0.9985152078858737,0.4527942022212953,0.9992795194664648,47718.8047,52485.011487,100095.14925300714
7oAd7xG4m3oC2qeWB1szghTebAZyyGPAFDJ4wwwbRSNi,D9yh4KAysxt9GLacVe4Wwh2XqghhcjTCSTV9HuM7TBJd,HDYfJLpZKaMFb84jM4mRytn7XLR8UFZUnQpSfhJJaNEy,1.800135339999997,72.89176041894825,1.800135339999997,1.0,0.0007200541359999988,0.02469883552152437,1005.798589426,299479.106006799,8402.58377082109
vEnkoSUkpnbRrPgBz9DfcVxNz67zjwMYBZraAvDDNSf,DtfyjjsZ5yCjWKLKHvwsfXs5QVsmm1QkK6Sh9JZHoq1g,e5wrKCRv4GhHvEf1VD5Pq2KGaZDXP77nTL612Jyrxwy,28213.400439,28228.93882400002,28153.770752546105,0.9978864764428939,2.815377075254611,0.9982490711292393,4377.081368,2479.642978,6843.131602938002
BkMBnJpvHKtWhUvrgRrLesXfi9RUV3ELgdBaJcdH7hcY,5uerVwBnZQsuVhZ15igs7ZgmcqhHnYWbwoRtLyRqLvR,9YWiQh5d4jCtgMdzcGLv9bWgnLaFtzvDDh2nnhJdzhBX,505.04868516500005,506.3764080000001,505.08083204471717,1.0000636510511984,0.2020323328178869,0.9918917098020203,1473.060029311,1399.195791861,2861.0044974671437
HDSBGqAuMRr6X2AfmmbXQPpRgU6VEhtfNVVZ3wUTZXg,DCZ1d8kNLgDcdSd99y4udLgwq46mfDXNS9KXj96kQf5L,Fq8GGYQM5Pz3q7LmVMbrXHJgsxA5ev86kTq8yGgGuYsa,108.30367695600034,108.62905183000112,107.609722623478,0.9935925136428723,0.0430438890493912,0.998236095855665,12681.031293759,12216.710121502,24794.93877463847
KEN5P7p3asnb23Sw6yAmJRGvijfAzso3RqfyLAQhznt,9zj4aX38Uxf3h6AUjS4EipWS8mwbEofasHAf3a1uKGds,CwQDG1MWunn9cLNwcZLd8YBacweSR7ARo32w4mLua1Yr,317176.3314339975,317209.29967199825,316144.75111112185,0.996747612540281,31.614475111112192,1.0,2303362.440837,2211362.138129,4507233.151848234
Lid8SLUxQ9RmF7XMqUA8c24RitTwzja8VSKngJxRcUa,4PgzyzLtds9bKZ2to9PMnKqJzKEUpjvNUaeN23phegax,AtymwxoVN9peZo7EXTcDz9jKVc4vRmisJKKrNfe3ewBa,556.3653835449845,476.5100194639999,97582.57343659265,175.3929635500097,9.758257343659265,150.26226023590274,1025.194876802,7721.81765303,1340109.7413323715
SEQV6QiTpvTzrceiaYg9Avnwf7oc8ZALpnQMz6TyT4A,3dFMPj4r9mMmPHF32mz1gNDX7f8ftidWof7S8YiYTs1j,Fc1ED3YPeQfXQosHbd8DTaBd2AV5gHQtwiSAL5C5pUhi,543.8438227459997,544.063208005,542.4275346892305,0.9973957816609591,0.21697101387569218,1.0009418863150223,3076.824906612,2524.015925511,5595.20544433432
FrnkTEL6yZ5Aycq2TrEgu29dCrwKG4LPUZydfiwqspkc,DjvZuMZ46fxKBoBpGMPcRcos4xdTtHFxwMh69DpA2ZFY,9rvDPJLAng4uVVqnnSoEXgNDFhBZQTny9AoQioYDZbQX,873.0122036519961,733.1443980479993,153313.26830553205,175.61411818092574,61.32530732221282,150.34663921136573,326.200448905,2555.710859174,441527.9426574765
SUiuyGR7SFq3xeRVJonq84fjjeFwRSsFekcevJ53tzy,49GjCCPsv7fBqo6t3iKDrP1xxGDS8uWZbVCdfnp2gjMf,CEwj5xEbbJEjYqM8D6Ai8ByGz1mrh8mkAVsE5fzDSSSx,0.14357900000000035,16.028497000000016,0.0011974480384788016,0.008339994278263525,4.789792153915206e-07,0.9282870412057335,639.780997,1.707062,6.920413387456476
B2izdXFYb2sNwbWWHmh75T4aQFtfXsUxem9u2p61HGzf,4DYwgJtxwuJdAjkj5RJSNH4e7U329V5cNp7d3a1nLrZv,EXNW64GEf1ACC6xY9BtKRiunrs6GoJSXBdxWN2eTPmrF,11960.335033999978,11812.471605999985,12014.701558552426,1.00454556869836,1.2014701558552427,1.0,9454.136888,30564.309588,40061.4209047081
SoN9GaFpSXfpyR5dth3x7PHPVhvJMpQqqDJfCSmPv1t,9kZ9iS68ViMPtoeqtnhAKuF2iqVyfHPdZHoUNdwCELr,BBhm5fJLjw3HRzjtKB8uMEYjGhY6EDm9co3cqpjrSzB9,144.4735493699999,140.99993305499999,24929.709397512008,172.55552664291844,9.971883759004804,173.91195463819705,33.880855324,46.160055054,13874.114234193272
NorjjEePhxfwLF4vZjUHCrVVKLzQjEEGQFd3wgjEJmh,34M8pFVqgbV7aqHxvRT5tCv3vu2P1JJYT8J3VaxBK2oG,3AZWBSze3ucsY3xSeuLne3b2pauVqiaJ1SZSV5T9WGWw,11.824142000000847,8.579941000005874,7.8728572788770705,0.6658290537170906,0.0031491429115508285,1.0,37490.624193,2656.054111,27618.400940688254
RajgMbScQbqqrdJfR2rxfHJiTiY5b6bJ2tTXiF4aPxy,725ZA3fhyBAKb5iopNRrcbSuQa3LXA1656Q3mBvYPxeg,GLA6i1dSZpUfk2f9Nj8uiG7xyDdAR2reff8oEiZH3617,51909.23889753003,51967.30418785999,51706.37668456464,0.9960919825203787,20.682550673825855,1.0,166437.25376791,66008.46562853,231795.27969945484
KZMu9QBEdL97EFgamLbN5DE1AoKBG4HdrKKJo4Vuon3,DD4ACBWyVqdaKWh7v5btsgqQCCMwbKnuL2xd9pv7Gyuw,GcYqiJ1MAuYbNTNYXm1F1gQYTfTgkErACAhNU5dpVj9T,511.7770402899994,515.6890449800005,509.1511441790105,0.9948690622981037,0.2036604576716042,1.0,1751.33648847,1330.18070243,3072.531192482603
ercAoEmXjQzEvAFbdjAo81KtMxRGn9AW1ju882upmPH,CMRhskR2Eg6V42RTSdRTXGdozyPbWB8U9dVpijPWb9T4,7TKLLgrWswt6ZJ1pXhVR3FyufHGjJFqiEXxvWJfDcgRm,0.20216632900002196,0.2029137400000991,30.30832220444194,149.91775511954143,0.012123328881776776,146.08633965629096,329.845155584,1012.545589772,197368.72420712098
AURHmCnNwiW4uA2Qj1XvEh4iKgRUZYXtiY7FKAapUV5Y,BKWm4TRnTeKwfWXRyuzjRHU7iZDkPuXBX5b5V5jSVfGJ,A5Ww74HVrkj9nPeC7pHKLfgeDMEhBCpW1efQdz3TGLEg,0.12974253400011548,0.11486013499984438,21.7958081435363,167.99277362284982,0.008718323257414519,149.7547840288919,286.792060178,1820.222626703,320766.0399887235
ACUSESXyNnwRLAg1dpSGMLSzUDdLjUMybY8rkXiAKhCP,AhFPQdu8GKBsxuhiH46UmCu1YpaLgNpoP325HnYtsgas,A8wxWpT3aFEr2XqZp1kDmbxbFfcBE95UUmdsNTDBJYbT,0.0,0.028802530000120896,0.0,0.9986293472674777,0.0,0.9871647048436467,1027.147801475,1857.75618587,2859.6512754300215
SAMyS8Jr2HJrkFwYVKbpUwsNStnQmvz3f8Tup8bWUWF,6jPzm5TFfquvgm25sTyN3MMGBfufRaFHMxobDWv6hMFW,Cj9ECoDmxsHTDzCY5ZA6RWrPbg9uFzEC1Qc2kso2vJG6,17250.727749469996,515.6930517199994,17162.21534007509,0.9948690622981037,6.864886136030036,0.0357739464358131,704.86019376,110821.81569086,4665.777298461649
C98Sspw7XqnMsgxea3SLQVdbMDL8pKUc3RE82UvX9eq2,CSqgQJurPCzGxb4Cgwx5R61hWQUiaoUHcShNc8r1cKEL,6S2CR5EnukPhC914XkAns8m5GixjMAoUuZMsS5ubHuWc,329.5446870000004,329.61793099999954,0.0,0.0,0.0,1.0,996.979524,952.59853,952.59853
WiiQFxXqp8P9Fs1rt9SVcDyA3KUdJmUsog6wnVQAwba,3S2jpqSYxho6wiz3cafhjXruVY8cg4HYa2v3BqBHYFSj,Dfe67M6TfrG74gKRtdqys4e6E9QirPD53BkF4FujFjuv,32847.27700576801,32803.817181329,32800.37863079715,0.9985722294434749,3.2800378630797153,0.99995428409004,19546.421878533,7159.814476138,26678.001231593495
BUSDgu5JdqP1rndBvXvanbEufS94FNh1w5FJcAj6vawb,Bgzr8cWubt89JQFXndVjtdKmDbGzuPxNhvjH1EhWCwbo,Dxaf8xPBBQsasRKW5Aa4Sw2YrbfGofY9xZueyyF23FBW,54043.75138572002,53887.15655594002,54872.04100362689,1.0153262791103308,21.948816401450756,1.0,3317.10204891,11458.26083739,14826.201718139046
KwnjUuZhTMTSGAaavkLEmSyfobY16JNH4poL9oeeEvE,J63v6qEZmQpDqCD8bd4PXu2Pq5ZbyXrFcSa3Xt1HdAPQ,BnKQtTdLw9qPCDgZkWX3sURkBAoKCUYL1yahh6Mw7mRK,2693.615517,89366.81293300021,95.65747933766313,0.035512670139427,0.009565747933766314,1.0,270249.509538,779.131628,10376.413315564923
daob129AwBGn9Y5r91uLoWZeYiGzbPmksauMhFZKTze,6VW5GQNyj4LStgmxEHLr5zUfW92vQnmbw8jTnCH7a38F,4VPCCUifPeBA1c7HWK358CHn2nyjm8pdTRk6Ps3KmnMQ,65.96558503300002,59.51952848199994,10912.9048290313,165.4333062243289,4.365161931612521,149.26832399286798,53.339891096,234.636674854,43848.01774037302
YAkoNb6HKmSxQN9L8hiBE5tPJRsniSSMzND1boHmZxe,CfWX7o2TswwbxusJ4hCaPobu2jLCb1hfXuXJQjVq3jQF,EnTrdMMpdhugeH6Ban6gYZWXughWxKtVGfCwFn78ZmY3,10258831.079523966,10272819.441767009,10258831.079523966,1.0,1025.8831079523966,1.0007415494881706,1094080.313171,146122.501836,1240311.1720734467
parEAJhzYzHW87y9VoZAQ22dzQ2MD2ekEtTReaxbMcz,3oyc6hpjYSJEquK6dSvG72NXyz3pqLZz5D8AC71pwgQb,Di2vordgFJVZ1aj1aBpvzXtLfZgJsuLLXawGtVFwX6Rz,48.068433699000025,55.234520893999616,7023.2660316348065,146.10973337749743,2.809306412653923,169.7349656405509,1298.632413119,177.226300324,219824.33563228927
ALLwa5WNZbvQsRKAqe1jdRGemdYQnW8E5k4msbRFcYtu,CGoM82Hbz7QVqTgvQatYtjvDWBvoUJp5qm21P8iMs9yb,3dxNNww8TivyN5FMy5dCNdi3Zcxv6e4kUfSPxfFwpdNq,8.071732037999997,7.762829044999999,31829.851484679984,3943.3731614022636,12.731940593871995,3911.6590910868936,1.069496239,7.466662141,33424.459609010235
Sid7E679i9ABqptiAVhkmQ27YHN8vaYT4fppPwmxFsJ,GP7KB8o1bv527HG8kTzzzf4wJ5aEGHvcMQvVhLziUfmT,9gYxhAZ1M9wu5pxr8SBoa5NDm21gi3s9vMHaYTME77sa,5341.860652000008,21287.567708000166,44.72757376976712,0.00837303267224333,0.017891029507906848,0.035758857853498034,142774.963522,6703.79388,1435.1794467821255
MARpDPs5A7XiyCWPNH8GsMWPLxmwNn9SBmKvPa9LzgA,6YjT74rmcfCpw8LSjPNx5JTmZoYLGrTKnf9arfSgZ4SR,F8GSmi3vA8M8TsybLya1LQ4n1aFHCRbZ6k437PeTdXtg,223704.8995890004,243807.90431600244,208050.9388955596,0.9300240597224251,83.22037555822385,1.0,377988.253649,16372.979333,367911.1495190328
KEnkcdADoLR5jS2CLLLesy8TtFsyWL37BhXNfDMzWzP,3qsjFRuw1qeLMPo4DLwaQevenGAGBj9dA3Q6rb8ax2YR,77iEv8zPQAEyCcEbvBRSB6AFcUdfkhiqnAKtPxk76rNN,0.04025400000000001,4.735892999999976,0.00033704805718848306,0.00837303267224333,1.3481922287539325e-07,1.0006834668078297,119.158694,0.297243,1.2951657937682048
TETFuZgEmET6d9vYmz9iMFCxK1jKdKYxf3oPz8hSzJK,Eu1Ze6Z84LWNkq7SNoAHBJbXx5t1P95EwyqYohrfCRFV,ASMbv7WNu3qe4pkhREmvyEdwFNDZQ6B6iSrjkj4u8bdC,0.8262911249999974,0.830137155999978,0.822982882771159,0.9959962752488255,0.0003291931531084636,1.0004001600640255,293.597291182,58.677382915,351.12267170072096
4vezWG46exH6pf9nry3n1VJ7hZHvjBJNgNeF4qEFCML5,,,1.5733829999999998,1.5730820000000012,0.0,0.0,0.0,1.0004001600640255,293.597291182,58.677382915,58.70086326030412
HEDSDjj84KS7LKhZY7ejkCACTdPen62rKhCby1wXtgxc,EnnjMSFttpCTywBrYNt1J5QQeoSVkvzPipJDa8Y7kJow,6bjVT6JN2rSvpyn9PdfLYC8wJn4LWh49jpY47fnLDXZk,10.361677954002516,10.662492941992241,9.9984697716543,0.9649469724922384,0.00399938790866172,1.0,38647.136063842,9560.043654973,46852.480595272944
BSCNHw8CmxbZ8hCWWzMf5FaG2ajPT6JxfznKUNuRVrn4,7n9kgNL633yGzCYksgnzHyjG73ZLBAwvEae5sbAekbzW,SscdxE99omdG9AiMVwmaEMQySQnCgeAh1sPj2Leutm2,213.01737335099915,213.766610529,212.22671910113365,0.996288310960615,0.08489068764045347,0.9996578211264597,7184.114707931,4476.142343172,11632.060209939096
DFWzVTzNBrQZLjoQ4yQwkj9HuoXmfkuZP9V5vbymZe23,DhgiEgiNdqZdRdo195UUHnoEJUtefK8buko8nU97XJUZ,2K2kkXsouBHtWVjtcgkyiXd8eP3oVBvq1bTJzcVdLLr2,368.5402198539996,411.88069019796967,328.2197054819737,0.890593991646287,0.1312878821927895,1.0,65506.787572466,10376.495723238,68716.44714732589
SERgf3DMJpQxUifu7VoFKmfne73d2fDJxSrxUMrcNJB,AJfM2GZ2tTB8UtN2krcyR9xufRJEx2mhSCbJyMgPo3GU,F4yRYkufQvERZcEKnKjJwRLU1btiMBUuEwq46hfm11QD,0.0004269179999987216,7.547200000246335e-05,0.06368420173282965,149.17197619453935,2.5473680693131863e-05,148.86138162118678,26.136193374,31.099306184,8528.273301812764
