0,1,2,3,4,5,6,7,8,9,10,11
FrnkTEL6yZ5Aycq2TrEgu29dCrwKG4LPUZydfiwqspkc,DjvZuMZ46fxKBoBpGMPcRcos4xdTtHFxwMh69DpA2ZFY,9rvDPJLAng4uVVqnnSoEXgNDFhBZQTny9AoQioYDZbQX,458.04077353800994,391.40770891200026,74148.55709521688,161.88200129537978,29.65942283808675,139.34240972632315,324.837802895,2556.870108637,408865.835923722
vEnkoSUkpnbRrPgBz9DfcVxNz67zjwMYBZraAvDDNSf,DtfyjjsZ5yCjWKLKHvwsfXs5QVsmm1QkK6Sh9JZHoq1g,e5wrKCRv4GhHvEf1VD5Pq2KGaZDXP77nTL612Jyrxwy,13855.265052000013,13868.331719999995,13845.559314920254,0.9992994910567692,1.3845559314920255,1.000475225732223,4278.991669,2574.083552,6851.301019808658
AUSejoEUCh2DBs9mof6BNC8Pubs22w4cJa1ccV9h44R,4xkyD7AfGQDwsQMy9MosRRNGoVJ1zosNinesxg1TzHG7,Cbm5gsQe3nSiCsFrvepVzMCD9xLK3ri9g3ypS2hdmVJ7,132.6842740000011,132.64286400000128,132.7490555391042,1.0004882382602711,0.01327490555391042,1.0,14284.048766,14568.488578,28859.51136311914
GokA1R67GqSavkd15zR62QD68Tuc5AEfvjssntVDEbM8,3YB7hfpBdbQEuZqLGWVDpRPmeZWCUsrrWyqGXegnQ6Cg,4DPCj6Z1DsG6HUtwSogBGqXEUxdEV5a8YVrrFtcnz7UW,30691.75217899999,30710.235054000008,30679.817729903058,0.999611151262159,3.0679817729903056,1.0,24134.448518,11174.967267,35300.03113515529
RajgMbScQbqqrdJfR2rxfHJiTiY5b6bJ2tTXiF4aPxy,725ZA3fhyBAKb5iopNRrcbSuQa3LXA1656Q3mBvYPxeg,GLA6i1dSZpUfk2f9Nj8uiG7xyDdAR2reff8oEiZH3617,87519.04676582,87730.00409650998,87447.89478622719,0.9991870114881027,34.97915791449088,1.0,137078.74047088,95314.2262343,232281.52326395182
B2izdXFYb2sNwbWWHmh75T4aQFtfXsUxem9u2p61HGzf,4DYwgJtxwuJdAjkj5RJSNH4e7U329V5cNp7d3a1nLrZv,EXNW64GEf1ACC6xY9BtKRiunrs6GoJSXBdxWN2eTPmrF,22042.86487799996,21822.334145000037,22219.80115459399,1.0080269183508277,2.2219801154593997,1.0,10349.052331,29656.343224,40088.46655306938
WiiQFxXqp8P9Fs1rt9SVcDyA3KUdJmUsog6wnVQAwba,3S2jpqSYxho6wiz3cafhjXruVY8cg4HYa2v3BqBHYFSj,Dfe67M6TfrG74gKRtdqys4e6E9QirPD53BkF4FujFjuv,10842.845887201,10849.577840262,10839.31344166487,0.9996742141709954,1.083931344166487,0.999994415031192,15949.81947141,10749.874405173,26694.43761371079
KysFMBBoavfov2tLpvefWW6tPFt6rAeZWDJVy1mMQae,B8ka2V21TH3x64dFV8ETcjuQcwmrciJ2qzy1mJUttRew,7fSf7EYxBANyxzk2s5pymFgshA91tFYQNKKs5UnLWcYS,820.7943859999905,852.6143809999699,20.788948683415587,0.02532783975866013,0.008315579473366235,0.03640470749272588,134968.348337,2269.958518,3501.0938750389696
BSCuChvaSj9b5HUSqgDVRzcnr2sSn7cXaamt1jbKH6hn,GnKpRj5kBVPMJfiwZtEuD9GYApLzPdW5JFuZTcyX4BTc,3dmwD9okkomV9nDwyuh4UMhKdUR13QpuKxRo89ycZB5t,2188.8999122059986,2192.1324992950003,2189.272620544738,1.000170271987614,0.8757090482178953,0.9968221310462246,1521.667511395,1573.567758813,3090.493775432259
BSC8REUo9LpiiWUuqMuLXs2D2yJsJfGd4HdiF3wCLxk5,AZjEH1zWVx1UJ6udMyRijGTzPteuLnaY18yNNmprJEsh,Caf8ypkSVR8xYnXNhjvfvdGCC7mrM3C11rz8Xi6NA6aK,11849.846974391003,11894.000910227,11846.0764038099,0.9996818042807429,4.73843056152396,0.999994415031192,3313.685908841,2986.409420291,6299.024249457385
MARpDPs5A7XiyCWPNH8GsMWPLxmwNn9SBmKvPa9LzgA,6YjT74rmcfCpw8LSjPNx5JTmZoYLGrTKnf9arfSgZ4SR,F8GSmi3vA8M8TsybLya1LQ4n1aFHCRbZ6k437PeTdXtg,242075.48792000048,262209.57135899796,221521.40301943882,0.9150922504497678,88.60856120777554,1.0,379504.607047,14877.56124,362159.28615869407
heyk4SZTeCUV6a65WiVA5bzic3KcxgVf1qxobfeV4tQ,9ZDpBKPqMABtGfq66FbVribaArMvtk63xxy91onZAtDt,DaTP4s6N7xxSPinbNZ3FB52EpRDRt87QShTuN3VPCW52,179.3447972439917,156.79044310199902,28436.04917938042,158.55519433158838,11.37441967175217,139.23372441301845,653.319350676,4498.614553854,729946.0356387221
AURHmCnNwiW4uA2Qj1XvEh4iKgRUZYXtiY7FKAapUV5Y,BKWm4TRnTeKwfWXRyuzjRHU7iZDkPuXBX5b5V5jSVfGJ,A5Ww74HVrkj9nPeC7pHKLfgeDMEhBCpW1efQdz3TGLEg,1.7175443469996026,1.5262967400000207,266.67976306089264,155.26805088134026,0.10667190522435704,139.3103219614782,286.885627618,1820.116807383,298105.23067014036
DFWzVTzNBrQZLjoQ4yQwkj9HuoXmfkuZP9V5vbymZe23,DhgiEgiNdqZdRdo195UUHnoEJUtefK8buko8nU97XJUZ,2K2kkXsouBHtWVjtcgkyiXd8eP3oVBvq1bTJzcVdLLr2,21763.330191167,23319.055759043982,19299.953919424846,0.8868106925684583,7.719981567769938,0.999994415031192,65724.010507304,10183.338618635,68468.03702136535
moFiBS1R4Lf3E3zzmBPnw3NF4RhWPkhREFviuzUaCAU,44ALBrpqi9PfZkBRTvbtRNtFJGsatfY4QydjtMbFWq8S,2ho8qEEie1UjVwWNBo9y4oAJZMyMLx8zPj9bxyUz6uWs,52.27201935100311,52.45400668500224,52.10173338013441,0.9967423112215115,0.020840693352053765,0.999994415031192,43398.905261065,25068.626513064,68326.01163996421
BkMBnJpvHKtWhUvrgRrLesXfi9RUV3ELgdBaJcdH7hcY,5uerVwBnZQsuVhZ15igs7ZgmcqhHnYWbwoRtLyRqLvR,9YWiQh5d4jCtgMdzcGLv9bWgnLaFtzvDDh2nnhJdzhBX,25.86384810200002,25.871166270000003,25.865300154085368,1.0000561421517642,0.01034612006163415,0.999994415031192,1473.060029311,1398.790613353,2871.9255312217792
SoNcU2iwHMw6dGzsYNQkYFkUjwN1UdAjrWVRnStrZu2,8ivTTid27jZnYNc4w3CTA1Z6QS2twsFb8WMwUabeDJgc,CyXm53PMvHCbeXJBykU46Rcbo28xk5srhMZFg7gv6EYB,31.986668119999997,31.666604253999964,5226.420915965626,163.3937269226785,2.0905683663862504,161.93453472564647,10.96236477,13.647389458,4001.165297757094
parEAJhzYzHW87y9VoZAQ22dzQ2MD2ekEtTReaxbMcz,3oyc6hpjYSJEquK6dSvG72NXyz3pqLZz5D8AC71pwgQb,Di2vordgFJVZ1aj1aBpvzXtLfZgJsuLLXawGtVFwX6Rz,14.905548888000055,17.23978764399959,2032.277027402901,136.34365582061974,0.8129108109611605,158.28875921873734,1303.031590535,176.851009052,205653.61749272153
YAkoNb6HKmSxQN9L8hiBE5tPJRsniSSMzND1boHmZxe,CfWX7o2TswwbxusJ4hCaPobu2jLCb1hfXuXJQjVq3jQF,EnTrdMMpdhugeH6Ban6gYZWXughWxKtVGfCwFn78ZmY3,11501242.23503886,11508980.086097997,11501242.23503886,1.0,1150.124223503886,1.0005472993727569,982582.127034,237765.819484,1220478.0756018667
BUSDgu5JdqP1rndBvXvanbEufS94FNh1w5FJcAj6vawb,Bgzr8cWubt89JQFXndVjtdKmDbGzuPxNhvjH1EhWCwbo,Dxaf8xPBBQsasRKW5Aa4Sw2YrbfGofY9xZueyyF23FBW,38993.98120303998,38962.407795639985,39019.30238913238,1.0006493613965848,15.607720955652955,1.0,7225.30800307,7501.04732335,14731.047162515628
MATgk4zXLXtYkwBH678J1xZbRDZ45LicNzkRBHkxTuY,y8dALFo1bJrSzPYjMX14HJX448pXqYmrfXHD1K8MXih,GN7Yuet3UyiWS5YVkEHv6oQKi4HGBJc3XDPt9zQhAqZz,93530.89278600001,93527.22261400003,93560.45789069346,1.0003160998875644,37.424183156277394,1.0,9113.531839,8883.409284,17999.821909389622
BUSDTd9WiT6uBHJRgNvFXBsA7JrifsAtWzKfioN7ERcy,DyBxrn7gSc1EwnpWhDyhzvMHPtxpmBqRqotapLcKcfTM,Cds99GeBgoCpqBsoRWu1C6fF9LiUMd4pXQQD24s9LPff,10780.936397860001,10823.418018940005,10788.597488822788,1.000710614614544,1.0788597488822789,0.993445248252033,307.7160155,312.831223,618.7153749919656
SAMGk1Nd4haC8zQA63DG37pzuEZy8j4q13tSFtCbcRE,9U9TnkHD3jXMAVZtynCVLgDruuqN4pTvLJTmVHCLWS8g,C6zoEbvqSknmi96QWq96UBiPCyNW3YSTvKhavR2BfifE,0.006510319999996739,0.004117040000000127,0.015470778063459718,2.3763467945458085,6.188311225383888e-06,0.0,53.15055661,1.41947672,126.30415482849904
KZMu9QBEdL97EFgamLbN5DE1AoKBG4HdrKKJo4Vuon3,DD4ACBWyVqdaKWh7v5btsgqQCCMwbKnuL2xd9pv7Gyuw,GcYqiJ1MAuYbNTNYXm1F1gQYTfTgkErACAhNU5dpVj9T,142.01398090999987,142.68440713000018,141.31520829433023,0.9950795505400805,0.056526083317732095,1.0,1743.68956571,1337.5640414,3072.6738707281347
CZgvH45CRmoaNJ7395Ao5CQZXkGznvqU7cErD6n7FaRg,4ZjU6MKvtqVQKCiowhvZ5yUsPxXX5SCzd5eFsPeXyey5,BsyWeshjDbCvjDojry3vKDCesmFRM37WtwcR4Kfgzqr,39.91907475000016,39.935930889999895,39.968716695510324,1.0012435645320201,0.01598748667820413,1.0,540.97819476,563.69580149,1105.3467375455998
Cob4usZcpHEY7Qt4ZCwj6WVg9S44zvzYV2v9qYF65dTf,NhFM9UXE48PyNAyeyPYA3iXztqKVJwA4bTdLj4ysM8w,6TuFuynuBoeskxyR2cz4wxyidk8dpDK7kAWw3UkjQGx,36.994125999999994,4510.457348999975,0.3180149682294724,0.008596363872185342,0.00012720598729178896,1.0,71417.063337,182.295995,796.2230581277593
KEN5P7p3asnb23Sw6yAmJRGvijfAzso3RqfyLAQhznt,9zj4aX38Uxf3h6AUjS4EipWS8mwbEofasHAf3a1uKGds,CwQDG1MWunn9cLNwcZLd8YBacweSR7ARo32w4mLua1Yr,457002.4842990013,457168.23362900177,456500.78993086726,0.9989022064750839,45.65007899308672,1.0,2417391.047028,2175687.352217,4590424.6030063825
BSCNHw8CmxbZ8hCWWzMf5FaG2ajPT6JxfznKUNuRVrn4,7n9kgNL633yGzCYksgnzHyjG73ZLBAwvEae5sbAekbzW,SscdxE99omdG9AiMVwmaEMQySQnCgeAh1sPj2Leutm2,1349.1184442899985,1352.5767789890006,1344.934214076847,0.9968985449492143,0.5379736856307389,0.999994415031192,6934.838810582,4724.557354384,11637.86168760508
Lee1XZJfJ9Hm2K1qTyeCz1LXNc1YBZaKZszvNY4KCDw,9DgFSWkPDGijNKcLGbr3p5xoJbHsPgXUTr6QvGBJ5vGN,2hNHZg7XBhuhHVZ3JDEi4buq2fPQwuWBdQ9xkH7t1GQX,4495.262671622899,3833.558551907977,731474.6238898993,162.7212194979074,73.14746238898994,138.85083990178802,7443.782747214,57099.920423379,9139633.31541558
7dwD9TF6uikvHXxPFK9AsSim54yJoujQjY9vU6gNFumk,CquVr6atkvwueDYficKjn6SSEWq4F4rH4VSiBbW4GBWU,8BCa6ge3b7ho3TfZuM64Vk1hgbrJ3J7EPiAb9uP86CGd,0.027682062999999646,0.02777785300000013,4.490901168115038,162.23144814442102,0.0017963604672460156,162.89218329280033,2.20119956,1.968715476,677.7921544416271
JSoLLrxK5bYdHwTEWYaGgmeycBCNXKDiBCTw5hXGBg7,xG4wXczA7Dk4hccJ61CHKpDHW4NrNfQwgmWgkb9BuF2,BVR6WgfhsRr9Lob4QDnkEAiNGgAbv7ZieKcY9kSg3QYR,40.7944695769998,35.23689525799998,6579.915532915539,161.29430290779757,2.6319662131662156,139.06165367946707,17.56207947,162.676769151,25454.763899095968
wrmcMSHFi3sWpAEy4rGDvQb3ezh3PhXoV2xNjgLBkKU,8p4mGnARWPBu6P2Gcw4adodLkNDorrXniZMhaY7eJXUn,AyY89zccbsgp9LKFgH4CFZMJmpSgqmPSdTfukhP227rc,0.016235649999999963,0.2785895500000066,3.7748546849569777,232.50406882120436,0.0015099418739827912,3799.969600243198,49.66078979,0.13058413,12042.551411323728
SRMuKizofcAMicegrfSv7xs9q76tH1w8aAF7oX9FEWu,72Hj2KWntXPfbie4UgKeTPnm1XVkomDfCnRPKbvfTtPi,6aqJQ5wedqpUt4fFEDUqUmXhrdxCu4bEJsQdVPCADLko,0.5630059999994046,0.18698800000038318,0.038928166198639716,0.06914343044067182,1.5571266479455886e-05,0.06935831971424927,18557.976649,4443.87987,1591.38220834492
ercAoEmXjQzEvAFbdjAo81KtMxRGn9AW1ju882upmPH,CMRhskR2Eg6V42RTSdRTXGdozyPbWB8U9dVpijPWb9T4,7TKLLgrWswt6ZJ1pXhVR3FyufHGjJFqiEXxvWJfDcgRm,0.0,0.00209965600004125,0.0,139.13571952019882,0.0,134.99577935695842,310.947842354,1012.341113288,179925.72934258165
SERgf3DMJpQxUifu7VoFKmfne73d2fDJxSrxUMrcNJB,AJfM2GZ2tTB8UtN2krcyR9xufRJEx2mhSCbJyMgPo3GU,F4yRYkufQvERZcEKnKjJwRLU1btiMBUuEwq46hfm11QD,0.0009062969999966697,0.00011232299999974771,0.12619677069939805,139.24438754609338,5.047870827975923e-05,139.27630915552317,26.136193374,31.098879535,7970.655399655927
RoBgmK8CvjdHvPrqdDyVw54VwjZv2TqJ493xnqJAQHx,ExiHJxM7qPAcy27NDHAF6G7vnW7muNHi2sVJpnaNynGQ,6rkPHSqZb7StM4HwS9EuVrmfkV7tRdc7dnsFhyB6cefE,30.958786999999262,78.79839799999971,0.7851575617579216,0.02536138001007405,7.851575617579217e-05,0.9190787889482613,5989.638871,24.95624,174.84225836644404
Lid8SLUxQ9RmF7XMqUA8c24RitTwzja8VSKngJxRcUa,4PgzyzLtds9bKZ2to9PMnKqJzKEUpjvNUaeN23phegax,AtymwxoVN9peZo7EXTcDz9jKVc4vRmisJKKrNfe3ewBa,526.8806177420099,451.33193110300203,85769.85513200804,162.78802492219546,8.576985513200805,139.36666491529226,1026.626425748,7740.890179485,1245944.5359708124
SoN9GaFpSXfpyR5dth3x7PHPVhvJMpQqqDJfCSmPv1t,9kZ9iS68ViMPtoeqtnhAKuF2iqVyfHPdZHoUNdwCELr,BBhm5fJLjw3HRzjtKB8uMEYjGhY6EDm9co3cqpjrSzB9,61.302295024999985,60.780826068,10058.23962538808,164.07606960369395,4.023295850155232,154.8920804918381,32.497767809,47.49175592,12688.202893653539
MATSnbbiTCv7Dc3trJrkrqjx7ckKdr6fwPoVwv9q3sD,631WX9JizSHJm4w6VanZeJAst9T8DeUUnPLesdGkCVtK,211maUSfpnXbPuW1iBu8b4dtJv5EbN1j7JJiEX5TZKEP,53408.35854399997,53434.81477899999,53467.54711866033,1.0011082268070755,21.38701884746413,0.9990229555494727,20816.712858,23387.907069,44204.83854141321
Sid7E679i9ABqptiAVhkmQ27YHN8vaYT4fppPwmxFsJ,GP7KB8o1bv527HG8kTzzzf4wJ5aEGHvcMQvVhLziUfmT,9gYxhAZ1M9wu5pxr8SBoa5NDm21gi3s9vMHaYTME77sa,2286.0122289999817,9362.77467700001,19.739983743182613,0.00863511729848352,0.007895993497273046,0.0364842759337895,142529.731721,6759.196794,1477.3653528553036
NorjjEePhxfwLF4vZjUHCrVVKLzQjEEGQFd3wgjEJmh,34M8pFVqgbV7aqHxvRT5tCv3vu2P1JJYT8J3VaxBK2oG,3AZWBSze3ucsY3xSeuLne3b2pauVqiaJ1SZSV5T9WGWw,11.357113999997182,15.485450000000128,7.587479615156355,0.6680816636302355,0.003034991846062542,1.0,37469.821412,2669.909211,27702.80983585678
BUSD5rCfUDpCxKGMvYU2yThChxgHoioK74PTPociGnv2,CcFHbafgYDZ8yA8Me1PdtDiVb2eeaS61LbqyKKK5CsNZ,26R9s4nmF3CFDTkiePDwRmtscn8i7r2eygbSijditJ58,31.562670100000005,31.538503510000005,31.541183299700748,0.9993192337583867,0.003154118329970075,1.0,88.13514427,57.94457991,146.01972474908126
daob129AwBGn9Y5r91uLoWZeYiGzbPmksauMhFZKTze,6VW5GQNyj4LStgmxEHLr5zUfW92vQnmbw8jTnCH7a38F,4VPCCUifPeBA1c7HWK358CHn2nyjm8pdTRk6Ps3KmnMQ,68.99726123999989,62.31467882299995,10644.443463265476,154.27342001648256,4.25777738530619,139.5960202849769,53.138836253,234.823155825,40978.28802837515
C98Sspw7XqnMsgxea3SLQVdbMDL8pKUc3RE82UvX9eq2,CSqgQJurPCzGxb4Cgwx5R61hWQUiaoUHcShNc8r1cKEL,6S2CR5EnukPhC914XkAns8m5GixjMAoUuZMsS5ubHuWc,162.682318,162.78225599999973,0.0,0.0,0.0,1.0,1013.688292,935.749101,935.749101
SUiuyGR7SFq3xeRVJonq84fjjeFwRSsFekcevJ53tzy,49GjCCPsv7fBqo6t3iKDrP1xxGDS8uWZbVCdfnp2gjMf,CEwj5xEbbJEjYqM8D6Ai8ByGz1mrh8mkAVsE5fzDSSSx,11.224584999999951,47.97081099999987,0.09695376421467032,0.008637625730899694,3.878150568586813e-05,0.9183470121120787,635.900874,1.742871,7.0932341269107955
MNkYtBe2HtgL15osfaMmyqNW3vo4J399FXXCS4a39Wf,2mUxDu8NrhSKhQJMgKfYLxJqZzeEbmwhQdHeHMyohyuk,AZCBmDBcFsA2jHHhfFJBTsWCHx9XnnKmGfFsue3ZVW1t,0.01266592000001765,0.01266592000001765,0.012660702904171926,0.9995880997317435,5.064281161668771e-06,1.0,2194.39033408,1941.65959594,4135.1460600527325
HEDSDjj84KS7LKhZY7ejkCACTdPen62rKhCby1wXtgxc,EnnjMSFttpCTywBrYNt1J5QQeoSVkvzPipJDa8Y7kJow,6bjVT6JN2rSvpyn9PdfLYC8wJn4LWh49jpY47fnLDXZk,15.95462429500185,16.417479765013923,15.505760576240569,0.9718662307264798,0.006202304230496227,0.999994415031192,38655.523461934,9551.889961681,47119.834498382304
Dg3mAgpwDfVNnbGWcsxL8sUcSkEbjSJQhKAWNigG44Ju,EATxwd8YA2wV93VJcKMmH2Kn2Y9XfJVUB9hHVu3udwEy,GiGvrRi7NMHfHKanG2B8xyCEqe8jaafWins8bhrLVEaa,0.329977152,0.331266445,54.37399938734386,164.78110395759722,0.021749599754937544,163.8453319727617,0.24956714,0.208449177,75.2773734457542
HDSBGqAuMRr6X2AfmmbXQPpRgU6VEhtfNVVZ3wUTZXg,DCZ1d8kNLgDcdSd99y4udLgwq46mfDXNS9KXj96kQf5L,Fq8GGYQM5Pz3q7LmVMbrXHJgsxA5ev86kTq8yGgGuYsa,75.04977827999937,75.32246066500011,74.57477358845475,0.9936708048653727,0.029829909435381902,0.999994415031192,12572.402241929,12060.311406458,24553.073104823787
7oAd7xG4m3oC2qeWB1szghTebAZyyGPAFDJ4wwwbRSNi,D9yh4KAysxt9GLacVe4Wwh2XqghhcjTCSTV9HuM7TBJd,HDYfJLpZKaMFb84jM4mRytn7XLR8UFZUnQpSfhJJaNEy,1007.372273675981,25.22219737699993,1007.3666475332544,0.999994415031192,0.4029466590133018,0.024775059216448445,1007.598724766,299406.21424638,8425.399785085267
ALBpShJ9NLpE739pcHDF2LNVk5J4VYPvvKuV6jMPitZi,D6d156U1bPiJpDYRLextvDRccgFk7QzkQbJg42ceKEu5,GNcM8U5g8RwTZffwwm3kSQqUNPSwv5d2fbN9sLxPJqt2,140.6110650000046,140.52189999999973,140.5079321777861,0.9992665383608431,0.05620317287111445,0.9974853394592234,46293.036304,53910.572733,100034.08808072857
SAMyS8Jr2HJrkFwYVKbpUwsNStnQmvz3f8Tup8bWUWF,6jPzm5TFfquvgm25sTyN3MMGBfufRaFHMxobDWv6hMFW,Cj9ECoDmxsHTDzCY5ZA6RWrPbg9uFzEC1Qc2kso2vJG6,3812.4776765000715,142.67077926999912,3793.7185727757815,0.9950795505400805,1.5174874291103126,0.03651780538861695,712.50711652,110603.94838356,4748.014723546808
KEnkcdADoLR5jS2CLLLesy8TtFsyWL37BhXNfDMzWzP,3qsjFRuw1qeLMPo4DLwaQevenGAGBj9dA3Q6rb8ax2YR,77iEv8zPQAEyCcEbvBRSB6AFcUdfkhiqnAKtPxk76rNN,2.106004999999996,0.017394999999999994,0.01820199952033607,0.008642904228782031,7.2807998081344275e-06,0.9974823545371483,118.451515,0.303247,1.326248631465465
STK75uPSyBnEhGTTzb1nwmP3n427XoXmfRhXxxhyady,6TYyD5fUmDe6N65avW1Ny2RxzRNobw2RRgKwH9CTzSAU,54zDfk4cx2vGrEajPtodWpArNe5eUurytyxd4X3aZAxK,427.5526620350005,476.08021832200177,59651.82442828508,139.5192445870021,5.9651824428285085,155.83414198266843,463.898275258,87.281106103,78324.11321006858
KwnjUuZhTMTSGAaavkLEmSyfobY16JNH4poL9oeeEvE,J63v6qEZmQpDqCD8bd4PXu2Pq5ZbyXrFcSa3Xt1HdAPQ,BnKQtTdLw9qPCDgZkWX3sURkBAoKCUYL1yahh6Mw7mRK,940.8418110000008,25347.838683000067,34.37070094446185,0.03653185959914979,0.003437070094446185,1.0,270028.869557,786.751398,10651.408148373457
ALLwa5WNZbvQsRKAqe1jdRGemdYQnW8E5k4msbRFcYtu,CGoM82Hbz7QVqTgvQatYtjvDWBvoUJp5qm21P8iMs9yb,3dxNNww8TivyN5FMy5dCNdi3Zcxv6e4kUfSPxfFwpdNq,7.588451804,7.624132296999997,28872.091481185562,3804.740706920824,11.548836592474224,3811.4549466968024,4.316527506,4.206836092,32457.434147417665
