0,1,2,3,4,5,6,7,8,9,10,11
YAkoNb6HKmSxQN9L8hiBE5tPJRsniSSMzND1boHmZxe,CfWX7o2TswwbxusJ4hCaPobu2jLCb1hfXuXJQjVq3jQF,EnTrdMMpdhugeH6Ban6gYZWXughWxKtVGfCwFn78ZmY3,10511274.964258015,10518346.595563078,10511274.964258015,1.0,1051.1274964258016,1.001342800695733,1062609.060101,158386.694117,1221208.435981055
Lee1XZJfJ9Hm2K1qTyeCz1LXNc1YBZaKZszvNY4KCDw,9DgFSWkPDGijNKcLGbr3p5xoJbHsPgXUTr6QvGBJ5vGN,2hNHZg7XBhuhHVZ3JDEi4buq2fPQwuWBdQ9xkH7t1GQX,7168.345806960793,6113.4353068069795,1240923.8978781353,173.11161198070846,124.09238978781353,147.69907730909415,7443.382513474,57100.887274676,9722284.309496744
GokA1R67GqSavkd15zR62QD68Tuc5AEfvjssntVDEbM8,3YB7hfpBdbQEuZqLGWVDpRPmeZWCUsrrWyqGXegnQ6Cg,4DPCj6Z1DsG6HUtwSogBGqXEUxdEV5a8YVrrFtcnz7UW,45286.80151600001,45316.61618599999,45257.06762257198,0.9993434313655929,4.525706762257198,1.0,24754.059895,9039.410625,33777.2177806987
MATgk4zXLXtYkwBH678J1xZbRDZ45LicNzkRBHkxTuY,y8dALFo1bJrSzPYjMX14HJX448pXqYmrfXHD1K8MXih,GN7Yuet3UyiWS5YVkEHv6oQKi4HGBJc3XDPt9zQhAqZz,93904.29206800002,93958.93855899994,93852.95450188749,0.9994532990454221,37.54118180075499,1.0,10242.514811,7767.909174,18004.824392375547
AUSejoEUCh2DBs9mof6BNC8Pubs22w4cJa1ccV9h44R,4xkyD7AfGQDwsQMy9MosRRNGoVJ1zosNinesxg1TzHG7,Cbm5gsQe3nSiCsFrvepVzMCD9xLK3ri9g3ypS2hdmVJ7,280.35323100000096,280.3372359999994,280.3439796486726,0.9999670010889641,0.028034397964867255,1.0,14475.851233,14376.682142,28852.05568767299
7dwD9TF6uikvHXxPFK9AsSim54yJoujQjY9vU6gNFumk,CquVr6atkvwueDYficKjn6SSEWq4F4rH4VSiBbW4GBWU,8BCa6ge3b7ho3TfZuM64Vk1hgbrJ3J7EPiAb9uP86CGd,2.2195678649999984,2.2268945570000005,382.06128888165904,172.1331863315922,0.15282451555266363,172.7745941179235,2.200166812,1.970620968,719.1949617170508
ALLwa5WNZbvQsRKAqe1jdRGemdYQnW8E5k4msbRFcYtu,CGoM82Hbz7QVqTgvQatYtjvDWBvoUJp5qm21P8iMs9yb,3dxNNww8TivyN5FMy5dCNdi3Zcxv6e4kUfSPxfFwpdNq,4.716187058000003,4.721247909999999,18468.054422994097,3915.8867525551163,7.38722176919764,3929.103260762796,4.951153767,3.573339825,33428.17860427972
FrnkTEL6yZ5Aycq2TrEgu29dCrwKG4LPUZydfiwqspkc,DjvZuMZ46fxKBoBpGMPcRcos4xdTtHFxwMh69DpA2ZFY,9rvDPJLAng4uVVqnnSoEXgNDFhBZQTny9AoQioYDZbQX,451.5911051010071,384.7911607440001,78381.62451043188,173.56768905556788,31.352649804172753,147.26599212951632,325.244493906,2556.495930514,432936.8447675274
KEN5P7p3asnb23Sw6yAmJRGvijfAzso3RqfyLAQhznt,9zj4aX38Uxf3h6AUjS4EipWS8mwbEofasHAf3a1uKGds,CwQDG1MWunn9cLNwcZLd8YBacweSR7ARo32w4mLua1Yr,402339.73110900214,402424.78369199764,402232.335075537,0.9997330712699709,40.2232335075537,1.0,2311254.68757,2234302.787792,4544940.535083473
KZMu9QBEdL97EFgamLbN5DE1AoKBG4HdrKKJo4Vuon3,DD4ACBWyVqdaKWh7v5btsgqQCCMwbKnuL2xd9pv7Gyuw,GcYqiJ1MAuYbNTNYXm1F1gQYTfTgkErACAhNU5dpVj9T,132.59978994999915,133.2927531999992,131.95314432949237,0.9951233284701988,0.052781257731796954,1.0,1742.13085495,1339.1358093,3072.770864308477
SAMGk1Nd4haC8zQA63DG37pzuEZy8j4q13tSFtCbcRE,9U9TnkHD3jXMAVZtynCVLgDruuqN4pTvLJTmVHCLWS8g,C6zoEbvqSknmi96QWq96UBiPCyNW3YSTvKhavR2BfifE,0.006510319999996739,0.004117040000000127,0.014746947124252754,2.2651647114519933,5.898778849701102e-06,0.0,53.15055661,1.41947672,120.39476522700349
RoBgmK8CvjdHvPrqdDyVw54VwjZv2TqJ493xnqJAQHx,ExiHJxM7qPAcy27NDHAF6G7vnW7muNHi2sVJpnaNynGQ,6rkPHSqZb7StM4HwS9EuVrmfkV7tRdc7dnsFhyB6cefE,23.700400000000002,56.5593199999997,0.5979344463489162,0.025228875729899757,5.979344463489163e-05,0.9271621421154131,5989.638871,24.95624,174.25033568098243
KEnkcdADoLR5jS2CLLLesy8TtFsyWL37BhXNfDMzWzP,3qsjFRuw1qeLMPo4DLwaQevenGAGBj9dA3Q6rb8ax2YR,77iEv8zPQAEyCcEbvBRSB6AFcUdfkhiqnAKtPxk76rNN,2.106004999999996,0.017394999999999994,0.018746897166667772,0.008901639438969901,7.498758866667109e-06,0.9985251783116338,118.451515,0.303247,1.357212442277203
JSoLLrxK5bYdHwTEWYaGgmeycBCNXKDiBCTw5hXGBg7,xG4wXczA7Dk4hccJ61CHKpDHW4NrNfQwgmWgkb9BuF2,BVR6WgfhsRr9Lob4QDnkEAiNGgAbv7ZieKcY9kSg3QYR,49.32158755300006,42.617309293000005,8371.346467539599,169.72986643108163,3.348538587015839,147.3182336072372,18.207770594,161.940353553,26947.169306086835
SAMyS8Jr2HJrkFwYVKbpUwsNStnQmvz3f8Tup8bWUWF,6jPzm5TFfquvgm25sTyN3MMGBfufRaFHMxobDWv6hMFW,Cj9ECoDmxsHTDzCY5ZA6RWrPbg9uFzEC1Qc2kso2vJG6,3575.7339022300557,152.7441857899994,3558.2962225109054,0.9951233284701988,1.4233184890043624,0.03650932849852465,714.06582728,110562.06733429,4747.130398573295
daob129AwBGn9Y5r91uLoWZeYiGzbPmksauMhFZKTze,6VW5GQNyj4LStgmxEHLr5zUfW92vQnmbw8jTnCH7a38F,4VPCCUifPeBA1c7HWK358CHn2nyjm8pdTRk6Ps3KmnMQ,71.69755325999994,64.77135838299998,11659.486691876074,162.6204265241071,4.66379467675043,147.49534467818359,54.096351282,233.774697856,43277.85135618571
parEAJhzYzHW87y9VoZAQ22dzQ2MD2ekEtTReaxbMcz,3oyc6hpjYSJEquK6dSvG72NXyz3pqLZz5D8AC71pwgQb,Di2vordgFJVZ1aj1aBpvzXtLfZgJsuLLXawGtVFwX6Rz,48.78914500399986,56.09222438899991,7072.951987021124,144.96978757142116,2.82918079480845,165.0550144868786,1288.484212897,186.028253617,217496.17872853053
vEnkoSUkpnbRrPgBz9DfcVxNz67zjwMYBZraAvDDNSf,DtfyjjsZ5yCjWKLKHvwsfXs5QVsmm1QkK6Sh9JZHoq1g,e5wrKCRv4GhHvEf1VD5Pq2KGaZDXP77nTL612Jyrxwy,21820.913716000006,21837.564642000012,21790.972919209013,0.9986278852856175,2.1790972919209013,1.0011823964101605,4422.973014,2431.422935,6851.2020283961
heyk4SZTeCUV6a65WiVA5bzic3KcxgVf1qxobfeV4tQ,9ZDpBKPqMABtGfq66FbVribaArMvtk63xxy91onZAtDt,DaTP4s6N7xxSPinbNZ3FB52EpRDRt87QShTuN3VPCW52,413.0041532250016,364.323595244,68246.53660158825,165.24418960118314,27.2986146406353,147.3182336072372,693.233367622,4453.432940312,770624.6602922449
MATSnbbiTCv7Dc3trJrkrqjx7ckKdr6fwPoVwv9q3sD,631WX9JizSHJm4w6VanZeJAst9T8DeUUnPLesdGkCVtK,211maUSfpnXbPuW1iBu8b4dtJv5EbN1j7JJiEX5TZKEP,97701.13090200006,98167.85204799997,97775.04883892229,1.0007565719684082,39.11001953556892,1.0001340179584064,19672.672168,24561.802853,44252.65053597913
WiiQFxXqp8P9Fs1rt9SVcDyA3KUdJmUsog6wnVQAwba,3S2jpqSYxho6wiz3cafhjXruVY8cg4HYa2v3BqBHYFSj,Dfe67M6TfrG74gKRtdqys4e6E9QirPD53BkF4FujFjuv,4184.641605184997,4186.767092956015,4182.627034508572,0.9995185798769651,0.41826270345085725,0.9995253533963819,16749.781400589,9950.594010821,26687.588713936104
MARpDPs5A7XiyCWPNH8GsMWPLxmwNn9SBmKvPa9LzgA,6YjT74rmcfCpw8LSjPNx5JTmZoYLGrTKnf9arfSgZ4SR,F8GSmi3vA8M8TsybLya1LQ4n1aFHCRbZ6k437PeTdXtg,270649.38203900197,293228.0922619981,251409.74823576366,0.9289130695282143,100.56389929430547,1.0,378214.086244,16106.944253,367434.95204472286
KysFMBBoavfov2tLpvefWW6tPFt6rAeZWDJVy1mMQae,B8ka2V21TH3x64dFV8ETcjuQcwmrciJ2qzy1mJUttRew,7fSf7EYxBANyxzk2s5pymFgshA91tFYQNKKs5UnLWcYS,385.1982259999995,540.4689809999836,9.694521160931794,0.025167616324722652,0.0038778084643727177,0.03632833051050096,134996.841374,2250.284421,3479.2977849389963
RajgMbScQbqqrdJfR2rxfHJiTiY5b6bJ2tTXiF4aPxy,725ZA3fhyBAKb5iopNRrcbSuQa3LXA1656Q3mBvYPxeg,GLA6i1dSZpUfk2f9Nj8uiG7xyDdAR2reff8oEiZH3617,88373.39274948998,88557.29395297993,88255.90648677478,0.9986705697375653,35.30236259470991,0.999456825199209,136546.13011518,95850.16316928,232162.7013335813
moFiBS1R4Lf3E3zzmBPnw3NF4RhWPkhREFviuzUaCAU,44ALBrpqi9PfZkBRTvbtRNtFJGsatfY4QydjtMbFWq8S,2ho8qEEie1UjVwWNBo9y4oAJZMyMLx8zPj9bxyUz6uWs,739.6688161870006,742.3745268649946,736.9775143303938,0.9963614771939683,0.2947910057321575,0.9970518701688468,44136.305261065,24333.914913242,68237.88968057616
SEQV6QiTpvTzrceiaYg9Avnwf7oc8ZALpnQMz6TyT4A,3dFMPj4r9mMmPHF32mz1gNDX7f8ftidWof7S8YiYTs1j,Fc1ED3YPeQfXQosHbd8DTaBd2AV5gHQtwiSAL5C5pUhi,230.65862776999984,230.69846974700022,230.94876778317075,1.00125787626492,0.0923795071132683,1.0016015608958726,2605.822945111,2994.815517806,5608.71264517391
wrmcMSHFi3sWpAEy4rGDvQb3ezh3PhXoV2xNjgLBkKU,8p4mGnARWPBu6P2Gcw4adodLkNDorrXniZMhaY7eJXUn,AyY89zccbsgp9LKFgH4CFZMJmpSgqmPSdTfukhP227rc,0.047954300000000144,0.6700202300000064,12.566640461215972,262.0545073375262,0.005026656184486389,3922.030042750128,49.55068322,0.13765888,13524.882142466262
AURHmCnNwiW4uA2Qj1XvEh4iKgRUZYXtiY7FKAapUV5Y,BKWm4TRnTeKwfWXRyuzjRHU7iZDkPuXBX5b5V5jSVfGJ,A5Ww74HVrkj9nPeC7pHKLfgeDMEhBCpW1efQdz3TGLEg,1.6701379730002373,1.483934247000036,274.071540054747,164.10113684344572,0.10962861602189879,146.94120573781896,286.892465586,1820.10947745,314528.4609458163
ercAoEmXjQzEvAFbdjAo81KtMxRGn9AW1ju882upmPH,CMRhskR2Eg6V42RTSdRTXGdozyPbWB8U9dVpijPWb9T4,7TKLLgrWswt6ZJ1pXhVR3FyufHGjJFqiEXxvWJfDcgRm,0.0,0.001870721999921443,0.0,146.89289935882718,0.0,143.17710277409932,330.044395775,1012.341113288,193425.2458322041
7oAd7xG4m3oC2qeWB1szghTebAZyyGPAFDJ4wwwbRSNi,D9yh4KAysxt9GLacVe4Wwh2XqghhcjTCSTV9HuM7TBJd,HDYfJLpZKaMFb84jM4mRytn7XLR8UFZUnQpSfhJJaNEy,1007.372273675981,25.22219737699993,1007.372273675981,1.0,0.4029489094703924,0.02477519746665075,1007.598724766,299406.21424638,8425.446805462407
SERgf3DMJpQxUifu7VoFKmfne73d2fDJxSrxUMrcNJB,AJfM2GZ2tTB8UtN2krcyR9xufRJEx2mhSCbJyMgPo3GU,F4yRYkufQvERZcEKnKjJwRLU1btiMBUuEwq46hfm11QD,0.00040236300000628944,9.948900000011918e-05,0.05927091834272015,147.30707928361622,2.3708367337088062e-05,146.7750296925885,26.136193374,31.099130461,8414.622106342702
Cob4usZcpHEY7Qt4ZCwj6WVg9S44zvzYV2v9qYF65dTf,NhFM9UXE48PyNAyeyPYA3iXztqKVJwA4bTdLj4ysM8w,6TuFuynuBoeskxyR2cz4wxyidk8dpDK7kAWw3UkjQGx,50.568967999997,4590.936286999994,0.44982873335443607,0.008895351262744036,0.00017993149334177442,1.0,70966.822835,186.246249,817.5210661182496
SUiuyGR7SFq3xeRVJonq84fjjeFwRSsFekcevJ53tzy,49GjCCPsv7fBqo6t3iKDrP1xxGDS8uWZbVCdfnp2gjMf,CEwj5xEbbJEjYqM8D6Ai8ByGz1mrh8mkAVsE5fzDSSSx,8.682155999999935,32.33401400000001,0.07718431624027723,0.00888999417198652,3.087372649611089e-05,0.9286102975453115,635.900874,1.742871,7.271603021714229
B2izdXFYb2sNwbWWHmh75T4aQFtfXsUxem9u2p61HGzf,4DYwgJtxwuJdAjkj5RJSNH4e7U329V5cNp7d3a1nLrZv,EXNW64GEf1ACC6xY9BtKRiunrs6GoJSXBdxWN2eTPmrF,26385.160437999944,26093.849864999996,26624.622290884156,1.0090756261818798,2.6624622290884155,1.0,9678.675037,30335.855723,40102.370796571704
BUSDgu5JdqP1rndBvXvanbEufS94FNh1w5FJcAj6vawb,Bgzr8cWubt89JQFXndVjtdKmDbGzuPxNhvjH1EhWCwbo,Dxaf8xPBBQsasRKW5Aa4Sw2YrbfGofY9xZueyyF23FBW,47882.704817239995,47886.76442576002,47902.50915159855,1.0004136009950595,19.16100366063942,1.0,7362.07361245,7376.02993534,14741.14850876181
BSC8REUo9LpiiWUuqMuLXs2D2yJsJfGd4HdiF3wCLxk5,AZjEH1zWVx1UJ6udMyRijGTzPteuLnaY18yNNmprJEsh,Caf8ypkSVR8xYnXNhjvfvdGCC7mrM3C11rz8Xi6NA6aK,1428.861572926001,1429.7268476059999,1428.2735113014662,0.9995884404510015,0.5713094045205865,1.0,3317.685908841,2982.413819312,6298.7343028366395
BUSDTd9WiT6uBHJRgNvFXBsA7JrifsAtWzKfioN7ERcy,DyBxrn7gSc1EwnpWhDyhzvMHPtxpmBqRqotapLcKcfTM,Cds99GeBgoCpqBsoRWu1C6fF9LiUMd4pXQQD24s9LPff,13056.706451559996,13107.367202359997,13058.793638547244,1.0001598555497124,1.3058793638547244,0.9990159692702688,347.84717294,273.45873362,621.0924200638508
STK75uPSyBnEhGTTzb1nwmP3n427XoXmfRhXxxhyady,6TYyD5fUmDe6N65avW1Ny2RxzRNobw2RRgKwH9CTzSAU,54zDfk4cx2vGrEajPtodWpArNe5eUurytyxd4X3aZAxK,712.2846869639976,793.1908175179972,104640.12263915577,146.907724613831,10.464012263915578,163.56075693301335,466.75290379,87.462296406,82875.00645595221
SoNcU2iwHMw6dGzsYNQkYFkUjwN1UdAjrWVRnStrZu2,8ivTTid27jZnYNc4w3CTA1Z6QS2twsFb8WMwUabeDJgc,CyXm53PMvHCbeXJBykU46Rcbo28xk5srhMZFg7gv6EYB,43.41602365599995,42.930805936,7454.895836706679,171.70839724462968,2.981958334682672,168.64177098143946,9.667709626,14.968107121,4184.275018032273
HEDSDjj84KS7LKhZY7ejkCACTdPen62rKhCby1wXtgxc,EnnjMSFttpCTywBrYNt1J5QQeoSVkvzPipJDa8Y7kJow,6bjVT6JN2rSvpyn9PdfLYC8wJn4LWh49jpY47fnLDXZk,23.8451337850056,24.511674553015837,23.06282234810869,0.967191987935549,0.009225128939243476,0.9976962694290747,38649.126437682,9558.108424229,46917.214548885924
CZgvH45CRmoaNJ7395Ao5CQZXkGznvqU7cErD6n7FaRg,4ZjU6MKvtqVQKCiowhvZ5yUsPxXX5SCzd5eFsPeXyey5,BsyWeshjDbCvjDojry3vKDCesmFRM37WtwcR4Kfgzqr,39.91907475000016,39.935930889999895,39.968716695510324,1.0012435645320201,0.01598748667820413,1.0,540.97819476,563.69580149,1105.3467375455998
Dg3mAgpwDfVNnbGWcsxL8sUcSkEbjSJQhKAWNigG44Ju,EATxwd8YA2wV93VJcKMmH2Kn2Y9XfJVUB9hHVu3udwEy,GiGvrRi7NMHfHKanG2B8xyCEqe8jaafWins8bhrLVEaa,0.20736641900000005,0.207995476,35.208124749988635,169.7870123801898,0.014083249899995454,171.84569493883495,0.257749749,0.200358652,78.19333161440201
C98Sspw7XqnMsgxea3SLQVdbMDL8pKUc3RE82UvX9eq2,CSqgQJurPCzGxb4Cgwx5R61hWQUiaoUHcShNc8r1cKEL,6S2CR5EnukPhC914XkAns8m5GixjMAoUuZMsS5ubHuWc,201.60909100000038,201.67449599999986,0.0,0.0,0.0,1.0,968.512685,980.521361,980.521361
BUSD5rCfUDpCxKGMvYU2yThChxgHoioK74PTPociGnv2,CcFHbafgYDZ8yA8Me1PdtDiVb2eeaS61LbqyKKK5CsNZ,26R9s4nmF3CFDTkiePDwRmtscn8i7r2eygbSijditJ58,10.492321959999998,10.471588000000004,10.451243764433642,0.9960849280337604,0.0010451243764433643,1.0,88.13514427,57.94457991,145.73466874742803
SoN9GaFpSXfpyR5dth3x7PHPVhvJMpQqqDJfCSmPv1t,9kZ9iS68ViMPtoeqtnhAKuF2iqVyfHPdZHoUNdwCELr,BBhm5fJLjw3HRzjtKB8uMEYjGhY6EDm9co3cqpjrSzB9,65.83109248099998,65.054725285,11295.450217540616,171.58229936409884,4.518180087016247,165.93717917083515,28.893961253,51.18233103,13450.743944033024
Sid7E679i9ABqptiAVhkmQ27YHN8vaYT4fppPwmxFsJ,GP7KB8o1bv527HG8kTzzzf4wJ5aEGHvcMQvVhLziUfmT,9gYxhAZ1M9wu5pxr8SBoa5NDm21gi3s9vMHaYTME77sa,2461.935075999998,10462.21395600005,21.788207042312973,0.008850033152666692,0.00871528281692519,0.036117922851033255,141862.496568,6919.320979,1505.3992990479226
KwnjUuZhTMTSGAaavkLEmSyfobY16JNH4poL9oeeEvE,J63v6qEZmQpDqCD8bd4PXu2Pq5ZbyXrFcSa3Xt1HdAPQ,BnKQtTdLw9qPCDgZkWX3sURkBAoKCUYL1yahh6Mw7mRK,926.0869279999707,24484.544617999403,33.52346016512449,0.03619904260772111,0.0033523460165124494,1.0,270012.132386,787.401346,10561.582030842448
BSCuChvaSj9b5HUSqgDVRzcnr2sSn7cXaamt1jbKH6hn,GnKpRj5kBVPMJfiwZtEuD9GYApLzPdW5JFuZTcyX4BTc,3dmwD9okkomV9nDwyuh4UMhKdUR13QpuKxRo89ycZB5t,264.41108520700004,264.5013843360002,264.49089745123314,1.0003018490853763,0.10579635898049326,0.9984484111690433,1682.002120479,1413.37216785,3093.6890266610462
TETFuZgEmET6d9vYmz9iMFCxK1jKdKYxf3oPz8hSzJK,Eu1Ze6Z84LWNkq7SNoAHBJbXx5t1P95EwyqYohrfCRFV,ASMbv7WNu3qe4pkhREmvyEdwFNDZQ6B6iSrjkj4u8bdC,20.549922964000025,20.608904803000016,20.43703489391945,0.9945066426634135,0.00817481395756778,0.9977660019216972,292.767154026,59.50367404,350.5296223790624
Lid8SLUxQ9RmF7XMqUA8c24RitTwzja8VSKngJxRcUa,4PgzyzLtds9bKZ2to9PMnKqJzKEUpjvNUaeN23phegax,AtymwxoVN9peZo7EXTcDz9jKVc4vRmisJKKrNfe3ewBa,1012.9131052539833,867.6169963170045,172866.78596931437,170.66299672958502,17.286678596931434,146.23904614704716,1023.45587287,7723.807282521,1304188.2559039749
ALBpShJ9NLpE739pcHDF2LNVk5J4VYPvvKuV6jMPitZi,D6d156U1bPiJpDYRLextvDRccgFk7QzkQbJg42ceKEu5,GNcM8U5g8RwTZffwwm3kSQqUNPSwv5d2fbN9sLxPJqt2,2148.0487830000056,2146.0571980000022,2146.269525563314,0.9991716866717492,0.8585078102253256,0.9966303926424757,46888.454151,53315.405451,99985.36928800857
DFWzVTzNBrQZLjoQ4yQwkj9HuoXmfkuZP9V5vbymZe23,DhgiEgiNdqZdRdo195UUHnoEJUtefK8buko8nU97XJUZ,2K2kkXsouBHtWVjtcgkyiXd8eP3oVBvq1bTJzcVdLLr2,4771.58244470799,5000.804800217997,4223.281412396529,0.8850903157044756,1.6893125649586116,1.0,65820.337781904,10098.076601097,68355.02014825764
NorjjEePhxfwLF4vZjUHCrVVKLzQjEEGQFd3wgjEJmh,34M8pFVqgbV7aqHxvRT5tCv3vu2P1JJYT8J3VaxBK2oG,3AZWBSze3ucsY3xSeuLne3b2pauVqiaJ1SZSV5T9WGWw,7.287723000000369,10.709235000002082,4.844687559622149,0.664773833970076,0.0019378750238488599,1.0,37500.316771,2649.605734,27578.835088950007
BSCNHw8CmxbZ8hCWWzMf5FaG2ajPT6JxfznKUNuRVrn4,7n9kgNL633yGzCYksgnzHyjG73ZLBAwvEae5sbAekbzW,SscdxE99omdG9AiMVwmaEMQySQnCgeAh1sPj2Leutm2,108.47343688600085,108.5981717529994,108.13903605760211,0.9969172099824755,0.04325561442304084,1.0,6970.348097402,4689.159716523,11638.019694391658
BkMBnJpvHKtWhUvrgRrLesXfi9RUV3ELgdBaJcdH7hcY,5uerVwBnZQsuVhZ15igs7ZgmcqhHnYWbwoRtLyRqLvR,9YWiQh5d4jCtgMdzcGLv9bWgnLaFtzvDDh2nnhJdzhBX,25.841130410000005,25.851469526000074,25.842725526390396,1.0000617278100874,0.01033709021055616,1.0,1473.060029311,1398.790613353,2871.9415714337365
