0,1,2,3,4,5,6,7,8,9,10,11
Lee1XZJfJ9Hm2K1qTyeCz1LXNc1YBZaKZszvNY4KCDw,9DgFSWkPDGijNKcLGbr3p5xoJbHsPgXUTr6QvGBJ5vGN,2hNHZg7XBhuhHVZ3JDEi4buq2fPQwuWBdQ9xkH7t1GQX,5531.690700555024,4717.318452579973,961694.6487975406,173.85184762789586,96.16946487975406,147.87940198161357,7445.44591938,57098.207192656,9738053.263370028
NorjjEePhxfwLF4vZjUHCrVVKLzQjEEGQFd3wgjEJmh,34M8pFVqgbV7aqHxvRT5tCv3vu2P1JJYT8J3VaxBK2oG,3AZWBSze3ucsY3xSeuLne3b2pauVqiaJ1SZSV5T9WGWw,10.913410999999996,15.990090999999666,7.254950072161198,0.664773833970076,0.002901980028864479,1.0,37500.316771,2649.605734,27578.835088950007
ercAoEmXjQzEvAFbdjAo81KtMxRGn9AW1ju882upmPH,CMRhskR2Eg6V42RTSdRTXGdozyPbWB8U9dVpijPWb9T4,7TKLLgrWswt6ZJ1pXhVR3FyufHGjJFqiEXxvWJfDcgRm,0.0,0.002074868000022434,0.0,148.26953147124593,0.0,143.800101752952,329.847942245,1012.341113288,194481.15495293183
AURHmCnNwiW4uA2Qj1XvEh4iKgRUZYXtiY7FKAapUV5Y,BKWm4TRnTeKwfWXRyuzjRHU7iZDkPuXBX5b5V5jSVfGJ,A5Ww74HVrkj9nPeC7pHKLfgeDMEhBCpW1efQdz3TGLEg,1.6759856019998551,1.489386550000006,276.94175712790013,165.24113142585583,0.11077670285116006,147.81057070252592,286.892465586,1820.10932419,316437.83356049674
parEAJhzYzHW87y9VoZAQ22dzQ2MD2ekEtTReaxbMcz,3oyc6hpjYSJEquK6dSvG72NXyz3pqLZz5D8AC71pwgQb,Di2vordgFJVZ1aj1aBpvzXtLfZgJsuLLXawGtVFwX6Rz,20.954028936999975,24.312304010999696,3042.8039379236293,145.21331182046524,1.2171215751694517,168.59519904939285,1299.850058253,176.157597664,218454.85707116773
Cob4usZcpHEY7Qt4ZCwj6WVg9S44zvzYV2v9qYF65dTf,NhFM9UXE48PyNAyeyPYA3iXztqKVJwA4bTdLj4ysM8w,6TuFuynuBoeskxyR2cz4wxyidk8dpDK7kAWw3UkjQGx,33.97723600000003,4079.796708000009,0.2941389339679867,0.008656941193450415,0.00011765557358719468,1.0,71418.500946,182.285215,800.5509778139049
AUSejoEUCh2DBs9mof6BNC8Pubs22w4cJa1ccV9h44R,4xkyD7AfGQDwsQMy9MosRRNGoVJ1zosNinesxg1TzHG7,Cbm5gsQe3nSiCsFrvepVzMCD9xLK3ri9g3ypS2hdmVJ7,118.26660399999855,118.25172300000304,118.32174193173874,1.0004662172572418,0.011832174193173874,1.0,14284.048766,14568.488578,28859.196814037994
KysFMBBoavfov2tLpvefWW6tPFt6rAeZWDJVy1mMQae,B8ka2V21TH3x64dFV8ETcjuQcwmrciJ2qzy1mJUttRew,7fSf7EYxBANyxzk2s5pymFgshA91tFYQNKKs5UnLWcYS,365.52412899999945,511.97594399997615,9.356465588461704,0.02559739520906353,0.0037425862353846827,0.036809812789341236,134968.348337,2269.958518,3538.3949011838918
7oAd7xG4m3oC2qeWB1szghTebAZyyGPAFDJ4wwwbRSNi,D9yh4KAysxt9GLacVe4Wwh2XqghhcjTCSTV9HuM7TBJd,HDYfJLpZKaMFb84jM4mRytn7XLR8UFZUnQpSfhJJaNEy,1007.372273675981,25.22219737699993,1007.372273675981,1.0,0.4029489094703924,0.02477519746665075,1007.598724766,299406.21424638,8425.446805462407
daob129AwBGn9Y5r91uLoWZeYiGzbPmksauMhFZKTze,6VW5GQNyj4LStgmxEHLr5zUfW92vQnmbw8jTnCH7a38F,4VPCCUifPeBA1c7HWK358CHn2nyjm8pdTRk6Ps3KmnMQ,68.08934700899985,61.50123736799995,11123.205756775656,163.3619096876553,4.449282302710262,147.94746563032427,53.793441857,234.102812379,43422.71717883572
SoNcU2iwHMw6dGzsYNQkYFkUjwN1UdAjrWVRnStrZu2,8ivTTid27jZnYNc4w3CTA1Z6QS2twsFb8WMwUabeDJgc,CyXm53PMvHCbeXJBykU46Rcbo28xk5srhMZFg7gv6EYB,30.324752518999997,30.027781064999985,5237.43566822107,172.71157167530225,2.0949742672884284,170.0326037517694,11.011608914,13.599808685,4214.243163447185
GokA1R67GqSavkd15zR62QD68Tuc5AEfvjssntVDEbM8,3YB7hfpBdbQEuZqLGWVDpRPmeZWCUsrrWyqGXegnQ6Cg,4DPCj6Z1DsG6HUtwSogBGqXEUxdEV5a8YVrrFtcnz7UW,39219.78252899998,39242.894438,39201.671356833125,0.9995382133454345,3.920167135683313,1.0,24365.572304,10945.133653,35299.45426087917
B2izdXFYb2sNwbWWHmh75T4aQFtfXsUxem9u2p61HGzf,4DYwgJtxwuJdAjkj5RJSNH4e7U329V5cNp7d3a1nLrZv,EXNW64GEf1ACC6xY9BtKRiunrs6GoJSXBdxWN2eTPmrF,24064.10178999998,23813.702392999996,24133.074115823,1.0028661915755228,2.4133074115823003,1.0,9780.021787,30232.702152,40040.75535505433
BSC8REUo9LpiiWUuqMuLXs2D2yJsJfGd4HdiF3wCLxk5,AZjEH1zWVx1UJ6udMyRijGTzPteuLnaY18yNNmprJEsh,Caf8ypkSVR8xYnXNhjvfvdGCC7mrM3C11rz8Xi6NA6aK,1440.6325100000008,1441.4891436060002,1440.2154783256658,0.9997105218218801,0.5760861913302663,0.9991856626857254,3313.685908841,2986.409420291,6296.704144745603
vEnkoSUkpnbRrPgBz9DfcVxNz67zjwMYBZraAvDDNSf,DtfyjjsZ5yCjWKLKHvwsfXs5QVsmm1QkK6Sh9JZHoq1g,e5wrKCRv4GhHvEf1VD5Pq2KGaZDXP77nTL612Jyrxwy,16602.22559900001,16616.32385,16457.53098656612,0.9912846255719713,1.645753098656612,0.9970646416948503,4115.98929,2737.508755,6809.590088136485
SAMyS8Jr2HJrkFwYVKbpUwsNStnQmvz3f8Tup8bWUWF,6jPzm5TFfquvgm25sTyN3MMGBfufRaFHMxobDWv6hMFW,Cj9ECoDmxsHTDzCY5ZA6RWrPbg9uFzEC1Qc2kso2vJG6,3341.2893334000773,146.9476388099988,3325.168616681231,0.9951753005770254,1.3300674466724924,0.036809812789341236,715.93893212,110510.97316275,4780.372975256057
WiiQFxXqp8P9Fs1rt9SVcDyA3KUdJmUsog6wnVQAwba,3S2jpqSYxho6wiz3cafhjXruVY8cg4HYa2v3BqBHYFSj,Dfe67M6TfrG74gKRtdqys4e6E9QirPD53BkF4FujFjuv,6966.733376224996,6969.500587568,6964.127371905919,0.9996259359762538,0.6964127371905919,0.9991527065150427,16034.04521523,10665.697224124,26684.707704113338
BSCuChvaSj9b5HUSqgDVRzcnr2sSn7cXaamt1jbKH6hn,GnKpRj5kBVPMJfiwZtEuD9GYApLzPdW5JFuZTcyX4BTc,3dmwD9okkomV9nDwyuh4UMhKdUR13QpuKxRo89ycZB5t,278.84752759599996,278.9327521400003,278.90969740428045,1.000222952696825,0.11156387896171219,0.9962084307127075,1542.456999133,1552.783819449,3089.6972260900657
SUiuyGR7SFq3xeRVJonq84fjjeFwRSsFekcevJ53tzy,49GjCCPsv7fBqo6t3iKDrP1xxGDS8uWZbVCdfnp2gjMf,CEwj5xEbbJEjYqM8D6Ai8ByGz1mrh8mkAVsE5fzDSSSx,11.224584999999951,47.97081099999987,0.0971705722658852,0.008656941193450415,3.8868228906354085e-05,0.9165365184810423,635.900874,1.742871,7.102361389583295
wrmcMSHFi3sWpAEy4rGDvQb3ezh3PhXoV2xNjgLBkKU,8p4mGnARWPBu6P2Gcw4adodLkNDorrXniZMhaY7eJXUn,AyY89zccbsgp9LKFgH4CFZMJmpSgqmPSdTfukhP227rc,0.03541264999999748,0.4737552900000077,9.148569819470058,258.3418586146676,0.0036594279277880233,3817.813919749551,49.54364049,0.13812673,13326.538319206991
SRMuKizofcAMicegrfSv7xs9q76tH1w8aAF7oX9FEWu,72Hj2KWntXPfbie4UgKeTPnm1XVkomDfCnRPKbvfTtPi,6aqJQ5wedqpUt4fFEDUqUmXhrdxCu4bEJsQdVPCADLko,0.5630059999994046,0.18698800000038318,0.04044152480015273,0.07183142772935901,1.6176609920061094e-05,0.07180279735082143,18557.976649,4443.87987,1652.1289642227803
7dwD9TF6uikvHXxPFK9AsSim54yJoujQjY9vU6gNFumk,CquVr6atkvwueDYficKjn6SSEWq4F4rH4VSiBbW4GBWU,8BCa6ge3b7ho3TfZuM64Vk1hgbrJ3J7EPiAb9uP86CGd,0.06760152099999983,0.06787342699999965,11.578880289232524,171.28135754863493,0.00463155211569301,171.5234385921219,2.205016124,1.965755453,714.8512898651234
BUSD5rCfUDpCxKGMvYU2yThChxgHoioK74PTPociGnv2,CcFHbafgYDZ8yA8Me1PdtDiVb2eeaS61LbqyKKK5CsNZ,26R9s4nmF3CFDTkiePDwRmtscn8i7r2eygbSijditJ58,31.562670100000005,31.538503510000005,31.539612120371043,0.9992694540875057,0.0031539612120371047,1.0,88.13514427,57.94457991,146.01533741060643
YAkoNb6HKmSxQN9L8hiBE5tPJRsniSSMzND1boHmZxe,CfWX7o2TswwbxusJ4hCaPobu2jLCb1hfXuXJQjVq3jQF,EnTrdMMpdhugeH6Ban6gYZWXughWxKtVGfCwFn78ZmY3,9045387.999086004,9051591.875482017,9045387.999086004,1.0,904.5387999086004,0.9984753281738784,990290.860537,230332.327045,1220272.0063723095
CZgvH45CRmoaNJ7395Ao5CQZXkGznvqU7cErD6n7FaRg,4ZjU6MKvtqVQKCiowhvZ5yUsPxXX5SCzd5eFsPeXyey5,BsyWeshjDbCvjDojry3vKDCesmFRM37WtwcR4Kfgzqr,39.91907475000016,39.935930889999895,39.968716695510324,1.0012435645320201,0.01598748667820413,1.0,540.97819476,563.69580149,1105.3467375455998
ALLwa5WNZbvQsRKAqe1jdRGemdYQnW8E5k4msbRFcYtu,CGoM82Hbz7QVqTgvQatYtjvDWBvoUJp5qm21P8iMs9yb,3dxNNww8TivyN5FMy5dCNdi3Zcxv6e4kUfSPxfFwpdNq,7.790304808999999,7.825741136999999,29746.476799419605,3818.3970369238996,11.89859071976784,3825.2620304490856,4.168636459,4.354836092,32575.898254615422
C98Sspw7XqnMsgxea3SLQVdbMDL8pKUc3RE82UvX9eq2,CSqgQJurPCzGxb4Cgwx5R61hWQUiaoUHcShNc8r1cKEL,6S2CR5EnukPhC914XkAns8m5GixjMAoUuZMsS5ubHuWc,171.70818900000017,171.81103499999983,0.0,0.0,0.0,1.0,1003.524222,945.912656,945.912656
DFWzVTzNBrQZLjoQ4yQwkj9HuoXmfkuZP9V5vbymZe23,DhgiEgiNdqZdRdo195UUHnoEJUtefK8buko8nU97XJUZ,2K2kkXsouBHtWVjtcgkyiXd8eP3oVBvq1bTJzcVdLLr2,21861.219224965993,23318.92947152699,19343.334065884526,0.8848241201384602,7.737333626353811,1.0,65835.027926355,10085.076601097,68337.49726032502
JSoLLrxK5bYdHwTEWYaGgmeycBCNXKDiBCTw5hXGBg7,xG4wXczA7Dk4hccJ61CHKpDHW4NrNfQwgmWgkb9BuF2,BVR6WgfhsRr9Lob4QDnkEAiNGgAbv7ZieKcY9kSg3QYR,33.115672276999945,28.577875258000017,5626.60622660583,169.90765518940455,2.250642490642332,147.29380046285604,17.70523213,162.51396096,26945.553413863025
KwnjUuZhTMTSGAaavkLEmSyfobY16JNH4poL9oeeEvE,J63v6qEZmQpDqCD8bd4PXu2Pq5ZbyXrFcSa3Xt1HdAPQ,BnKQtTdLw9qPCDgZkWX3sURkBAoKCUYL1yahh6Mw7mRK,785.4288,21335.1963879994,28.557134426090272,0.03635865456689425,0.0028557134426090273,1.0,269895.539135,791.653848,10604.692524555156
BUSDgu5JdqP1rndBvXvanbEufS94FNh1w5FJcAj6vawb,Bgzr8cWubt89JQFXndVjtdKmDbGzuPxNhvjH1EhWCwbo,Dxaf8xPBBQsasRKW5Aa4Sw2YrbfGofY9xZueyyF23FBW,44306.75862156998,44282.78585531001,44300.49054516274,0.9998585300165879,17.720196218065098,0.9997775694863408,7097.81492179,7632.42532615,14727.53843589499
ALBpShJ9NLpE739pcHDF2LNVk5J4VYPvvKuV6jMPitZi,D6d156U1bPiJpDYRLextvDRccgFk7QzkQbJg42ceKEu5,GNcM8U5g8RwTZffwwm3kSQqUNPSwv5d2fbN9sLxPJqt2,712.7276530000017,711.7688760000019,711.2184474545033,0.9978824933491133,0.2844873789818014,0.9955370075949518,45580.773593,54623.916422,99864.38629963889
RajgMbScQbqqrdJfR2rxfHJiTiY5b6bJ2tTXiF4aPxy,725ZA3fhyBAKb5iopNRrcbSuQa3LXA1656Q3mBvYPxeg,GLA6i1dSZpUfk2f9Nj8uiG7xyDdAR2reff8oEiZH3617,84596.39743152999,84786.94244650996,84565.26557466133,0.9996319954771851,33.826106229864536,0.9997775694863408,138317.47280439,94077.34363277,232322.98930971572
Sid7E679i9ABqptiAVhkmQ27YHN8vaYT4fppPwmxFsJ,GP7KB8o1bv527HG8kTzzzf4wJ5aEGHvcMQvVhLziUfmT,9gYxhAZ1M9wu5pxr8SBoa5NDm21gi3s9vMHaYTME77sa,2086.509512999998,8940.975800999993,18.062790153615847,0.008656941193450415,0.0072251160614463395,0.03679320438345407,142528.294112,6759.579922,1482.5656661468277
KEnkcdADoLR5jS2CLLLesy8TtFsyWL37BhXNfDMzWzP,3qsjFRuw1qeLMPo4DLwaQevenGAGBj9dA3Q6rb8ax2YR,77iEv8zPQAEyCcEbvBRSB6AFcUdfkhiqnAKtPxk76rNN,2.106004999999996,0.017394999999999994,0.01823156143811251,0.008656941193450415,7.292624575245004e-06,0.9976176889587665,118.451515,0.303247,1.3279523709537888
MATgk4zXLXtYkwBH678J1xZbRDZ45LicNzkRBHkxTuY,y8dALFo1bJrSzPYjMX14HJX448pXqYmrfXHD1K8MXih,GN7Yuet3UyiWS5YVkEHv6oQKi4HGBJc3XDPt9zQhAqZz,88186.08684399996,88221.45071399999,88197.3761081418,1.0001280163860975,35.278950443256726,1.0,9368.704667,8633.636192,18003.540206713886
BSCNHw8CmxbZ8hCWWzMf5FaG2ajPT6JxfznKUNuRVrn4,7n9kgNL633yGzCYksgnzHyjG73ZLBAwvEae5sbAekbzW,SscdxE99omdG9AiMVwmaEMQySQnCgeAh1sPj2Leutm2,408.71728310899925,409.7949960429996,407.51964847280107,0.9970697724669529,0.16300785938912044,1.0,6970.348097402,4689.159716523,11639.083108015071
MNkYtBe2HtgL15osfaMmyqNW3vo4J399FXXCS4a39Wf,2mUxDu8NrhSKhQJMgKfYLxJqZzeEbmwhQdHeHMyohyuk,AZCBmDBcFsA2jHHhfFJBTsWCHx9XnnKmGfFsue3ZVW1t,0.01266592000001765,0.01266592000001765,0.012660256181209861,0.9995528300504203,5.064102472483945e-06,0.9999647112453401,2194.39033408,1941.65959594,4135.000145855837
Lid8SLUxQ9RmF7XMqUA8c24RitTwzja8VSKngJxRcUa,4PgzyzLtds9bKZ2to9PMnKqJzKEUpjvNUaeN23phegax,AtymwxoVN9peZo7EXTcDz9jKVc4vRmisJKKrNfe3ewBa,700.4994129540012,600.0229697060031,119336.37894689878,170.35899922265187,11.933637894689879,145.93606015834646,1024.525847118,7722.529992115,1301532.7994966917
SAMGk1Nd4haC8zQA63DG37pzuEZy8j4q13tSFtCbcRE,9U9TnkHD3jXMAVZtynCVLgDruuqN4pTvLJTmVHCLWS8g,C6zoEbvqSknmi96QWq96UBiPCyNW3YSTvKhavR2BfifE,0.006510319999996739,0.004117040000000127,0.01542956548117671,2.3700164479141486,6.1718261924706844e-06,0.0,53.15055661,1.41947672,125.96769338149207
MATSnbbiTCv7Dc3trJrkrqjx7ckKdr6fwPoVwv9q3sD,631WX9JizSHJm4w6VanZeJAst9T8DeUUnPLesdGkCVtK,211maUSfpnXbPuW1iBu8b4dtJv5EbN1j7JJiEX5TZKEP,95660.53375500001,96138.20235699999,95286.81885146457,0.9960933219911507,38.114727540585825,0.9931423520590325,23725.543864,20499.96355,43992.237820709954
SoN9GaFpSXfpyR5dth3x7PHPVhvJMpQqqDJfCSmPv1t,9kZ9iS68ViMPtoeqtnhAKuF2iqVyfHPdZHoUNdwCELr,BBhm5fJLjw3HRzjtKB8uMEYjGhY6EDm9co3cqpjrSzB9,49.190287487999974,48.56582367700002,8228.606290338792,167.28111809361084,3.2914425161355165,168.2147752793585,35.403770649,43.237217015,13195.521082777563
heyk4SZTeCUV6a65WiVA5bzic3KcxgVf1qxobfeV4tQ,9ZDpBKPqMABtGfq66FbVribaArMvtk63xxy91onZAtDt,DaTP4s6N7xxSPinbNZ3FB52EpRDRt87QShTuN3VPCW52,200.2806555489915,175.19929719099935,33435.26630247557,166.94206542726653,13.374106520990226,145.75100830547547,652.785561732,4499.251845491,764747.8630572229
STK75uPSyBnEhGTTzb1nwmP3n427XoXmfRhXxxhyady,6TYyD5fUmDe6N65avW1Ny2RxzRNobw2RRgKwH9CTzSAU,54zDfk4cx2vGrEajPtodWpArNe5eUurytyxd4X3aZAxK,466.0457539620003,518.9882166760019,68092.19917701274,146.1062537275358,6.809219917701274,162.60350322743562,463.909943469,87.295409676,81974.68333620028
FrnkTEL6yZ5Aycq2TrEgu29dCrwKG4LPUZydfiwqspkc,DjvZuMZ46fxKBoBpGMPcRcos4xdTtHFxwMh69DpA2ZFY,9rvDPJLAng4uVVqnnSoEXgNDFhBZQTny9AoQioYDZbQX,360.05697982300444,306.2975557110006,60582.33288576879,168.2576266555078,24.232933154307517,146.12600240611076,348.694112847,2529.046785701,428229.940548895
KZMu9QBEdL97EFgamLbN5DE1AoKBG4HdrKKJo4Vuon3,DD4ACBWyVqdaKWh7v5btsgqQCCMwbKnuL2xd9pv7Gyuw,GcYqiJ1MAuYbNTNYXm1F1gQYTfTgkErACAhNU5dpVj9T,124.08844266000006,124.68460994999987,123.48539555652997,0.9951401831585361,0.049394158222611985,0.9999647112453401,1740.25775011,1340.98915347,3072.742247820289
BUSDTd9WiT6uBHJRgNvFXBsA7JrifsAtWzKfioN7ERcy,DyBxrn7gSc1EwnpWhDyhzvMHPtxpmBqRqotapLcKcfTM,Cds99GeBgoCpqBsoRWu1C6fF9LiUMd4pXQQD24s9LPff,12599.013921280008,12644.44229818,12595.992772413543,0.9997602075142277,1.2595992772413545,0.9981364791933459,331.56037044,289.28190519,620.2236870952785
BkMBnJpvHKtWhUvrgRrLesXfi9RUV3ELgdBaJcdH7hcY,5uerVwBnZQsuVhZ15igs7ZgmcqhHnYWbwoRtLyRqLvR,9YWiQh5d4jCtgMdzcGLv9bWgnLaFtzvDDh2nnhJdzhBX,25.841130410000005,25.851469526000074,25.842725526390396,1.0000617278100874,0.01033709021055616,0.9970180496229423,1473.060029311,1398.790613353,2867.770447236824
RoBgmK8CvjdHvPrqdDyVw54VwjZv2TqJ493xnqJAQHx,ExiHJxM7qPAcy27NDHAF6G7vnW7muNHi2sVJpnaNynGQ,6rkPHSqZb7StM4HwS9EuVrmfkV7tRdc7dnsFhyB6cefE,23.700400000000002,56.5593199999997,0.6048546293439379,0.02552086164553922,6.048546293439378e-05,0.9178892952078835,5989.638871,24.95624,175.76781047817354
SERgf3DMJpQxUifu7VoFKmfne73d2fDJxSrxUMrcNJB,AJfM2GZ2tTB8UtN2krcyR9xufRJEx2mhSCbJyMgPo3GU,F4yRYkufQvERZcEKnKjJwRLU1btiMBUuEwq46hfm11QD,0.0008831719999982113,8.692999999837525e-05,0.12610732942103753,142.78909365479538,5.044293176841502e-05,146.06116135858497,26.136193374,31.099054989,8274.327452307763
KEN5P7p3asnb23Sw6yAmJRGvijfAzso3RqfyLAQhznt,9zj4aX38Uxf3h6AUjS4EipWS8mwbEofasHAf3a1uKGds,CwQDG1MWunn9cLNwcZLd8YBacweSR7ARo32w4mLua1Yr,478987.20301199984,479158.19080100255,477482.6551655732,0.9968588976136196,47.74826551655732,1.0,2416699.529285,2176393.241613,4585501.670239398
Dg3mAgpwDfVNnbGWcsxL8sUcSkEbjSJQhKAWNigG44Ju,EATxwd8YA2wV93VJcKMmH2Kn2Y9XfJVUB9hHVu3udwEy,GiGvrRi7NMHfHKanG2B8xyCEqe8jaafWins8bhrLVEaa,0.17291563699999998,0.172546774,29.05910244902891,168.0536413778987,0.011623640979611565,171.24228917377135,0.282832898,0.175633415,77.60696645037079
HEDSDjj84KS7LKhZY7ejkCACTdPen62rKhCby1wXtgxc,EnnjMSFttpCTywBrYNt1J5QQeoSVkvzPipJDa8Y7kJow,6bjVT6JN2rSvpyn9PdfLYC8wJn4LWh49jpY47fnLDXZk,17.463336217995675,17.915473726021446,16.845376680186103,0.9646138899179657,0.006738150672074442,1.0,38655.582243526,9551.833679248,46839.54523421946
MARpDPs5A7XiyCWPNH8GsMWPLxmwNn9SBmKvPa9LzgA,6YjT74rmcfCpw8LSjPNx5JTmZoYLGrTKnf9arfSgZ4SR,F8GSmi3vA8M8TsybLya1LQ4n1aFHCRbZ6k437PeTdXtg,260209.01535700055,282005.32566999807,243141.45759935616,0.934408276614751,97.25658303974247,1.0,376618.288815,17585.546793,369500.7929862207
moFiBS1R4Lf3E3zzmBPnw3NF4RhWPkhREFviuzUaCAU,44ALBrpqi9PfZkBRTvbtRNtFJGsatfY4QydjtMbFWq8S,2ho8qEEie1UjVwWNBo9y4oAJZMyMLx8zPj9bxyUz6uWs,4.9572163650009315,4.974526865000371,4.943916142914938,0.9973169978660008,0.0019775664571659753,1.0,43398.905261065,25068.626513064,68351.09241870034
