0,1,2,3,4,5,6,7,8,9,10,11
GokA1R67GqSavkd15zR62QD68Tuc5AEfvjssntVDEbM8,3YB7hfpBdbQEuZqLGWVDpRPmeZWCUsrrWyqGXegnQ6Cg,4DPCj6Z1DsG6HUtwSogBGqXEUxdEV5a8YVrrFtcnz7UW,47493.95732900001,47519.837141000055,47483.22611989691,0.9997740510644594,4.748322611989692,1.0,21604.190294,12189.811545,33789.120395199854
ALLwa5WNZbvQsRKAqe1jdRGemdYQnW8E5k4msbRFcYtu,CGoM82Hbz7QVqTgvQatYtjvDWBvoUJp5qm21P8iMs9yb,3dxNNww8TivyN5FMy5dCNdi3Zcxv6e4kUfSPxfFwpdNq,9.493525214999998,9.189922191000003,37034.89589997659,3901.0688928766485,14.813958359990636,3894.642140806892,1.336469468,7.197426506,33245.06004352231
Sid7E679i9ABqptiAVhkmQ27YHN8vaYT4fppPwmxFsJ,GP7KB8o1bv527HG8kTzzzf4wJ5aEGHvcMQvVhLziUfmT,9gYxhAZ1M9wu5pxr8SBoa5NDm21gi3s9vMHaYTME77sa,5025.987838999999,20420.696161000145,43.86008075911808,0.00872665875129629,0.017544032303647233,0.036016269269154265,142188.113515,6842.371452,1487.263837790791
BSCNHw8CmxbZ8hCWWzMf5FaG2ajPT6JxfznKUNuRVrn4,7n9kgNL633yGzCYksgnzHyjG73ZLBAwvEae5sbAekbzW,SscdxE99omdG9AiMVwmaEMQySQnCgeAh1sPj2Leutm2,230.70590163700035,231.49928027299939,229.8759306813844,0.9964024719362322,0.09195037227255376,0.9999932100461038,7166.338090855,4493.851452747,11634.37792816152
MATgk4zXLXtYkwBH678J1xZbRDZ45LicNzkRBHkxTuY,y8dALFo1bJrSzPYjMX14HJX448pXqYmrfXHD1K8MXih,GN7Yuet3UyiWS5YVkEHv6oQKi4HGBJc3XDPt9zQhAqZz,92170.30828699998,92249.595894,92244.28820614131,1.0008026437202637,36.89771528245653,1.0,8471.111872,9554.918381,18032.82953774771
MATSnbbiTCv7Dc3trJrkrqjx7ckKdr6fwPoVwv9q3sD,631WX9JizSHJm4w6VanZeJAst9T8DeUUnPLesdGkCVtK,211maUSfpnXbPuW1iBu8b4dtJv5EbN1j7JJiEX5TZKEP,259716.43466200004,260116.88222299988,259894.98251498782,1.0006874722934656,103.95799300599514,1.0005212715824945,23484.699408,20823.884793,44335.5841805431
7dwD9TF6uikvHXxPFK9AsSim54yJoujQjY9vU6gNFumk,CquVr6atkvwueDYficKjn6SSEWq4F4rH4VSiBbW4GBWU,8BCa6ge3b7ho3TfZuM64Vk1hgbrJ3J7EPiAb9uP86CGd,2.2113200479999984,2.218539846000001,373.6726567305415,168.9817161783095,0.1494690626922166,169.80076427324,2.207928909,1.962896064,706.4008680986572
HEDSDjj84KS7LKhZY7ejkCACTdPen62rKhCby1wXtgxc,EnnjMSFttpCTywBrYNt1J5QQeoSVkvzPipJDa8Y7kJow,6bjVT6JN2rSvpyn9PdfLYC8wJn4LWh49jpY47fnLDXZk,18.971836042004725,19.45944369999961,18.42705094993247,0.9712845350937006,0.00737082037997299,0.9999971610080599,38648.207267645,9559.0019276,47097.380817830126
SAMGk1Nd4haC8zQA63DG37pzuEZy8j4q13tSFtCbcRE,9U9TnkHD3jXMAVZtynCVLgDruuqN4pTvLJTmVHCLWS8g,C6zoEbvqSknmi96QWq96UBiPCyNW3YSTvKhavR2BfifE,0.004164679999999921,0.0065910000000002356,0.009422225037668992,2.2624127274290395,3.7688900150675974e-06,0.0,53.15714761,1.41531204,120.26340730668815
vEnkoSUkpnbRrPgBz9DfcVxNz67zjwMYBZraAvDDNSf,DtfyjjsZ5yCjWKLKHvwsfXs5QVsmm1QkK6Sh9JZHoq1g,e5wrKCRv4GhHvEf1VD5Pq2KGaZDXP77nTL612Jyrxwy,28789.640762000003,28806.232462000004,28770.594628356033,0.9993384379540745,2.8770594628356037,1.0000860073966362,3650.331666,3204.963297,6853.155692664224
Lee1XZJfJ9Hm2K1qTyeCz1LXNc1YBZaKZszvNY4KCDw,9DgFSWkPDGijNKcLGbr3p5xoJbHsPgXUTr6QvGBJ5vGN,2hNHZg7XBhuhHVZ3JDEi4buq2fPQwuWBdQ9xkH7t1GQX,7374.329955967936,6288.375140355,1254036.2303949436,170.0542609135723,125.40362303949436,145.03803840114128,7432.901887804,57112.603813127,9547496.662011087
KEN5P7p3asnb23Sw6yAmJRGvijfAzso3RqfyLAQhznt,9zj4aX38Uxf3h6AUjS4EipWS8mwbEofasHAf3a1uKGds,CwQDG1MWunn9cLNwcZLd8YBacweSR7ARo32w4mLua1Yr,390365.1057750005,390434.67989299446,390056.18127942726,0.9992086267676001,39.005618127942725,1.0,2322059.267574,2187321.20877,4507542.860795597
STK75uPSyBnEhGTTzb1nwmP3n427XoXmfRhXxxhyady,6TYyD5fUmDe6N65avW1Ny2RxzRNobw2RRgKwH9CTzSAU,54zDfk4cx2vGrEajPtodWpArNe5eUurytyxd4X3aZAxK,769.1574050920009,856.7215423519945,111468.04899706545,144.92228542444113,11.146804899706545,161.24538193226147,458.508788232,85.799367355,80282.89323647591
parEAJhzYzHW87y9VoZAQ22dzQ2MD2ekEtTReaxbMcz,3oyc6hpjYSJEquK6dSvG72NXyz3pqLZz5D8AC71pwgQb,Di2vordgFJVZ1aj1aBpvzXtLfZgJsuLLXawGtVFwX6Rz,51.50794846400018,59.05634068799978,7246.5000534610945,140.68702539231984,2.898600021384438,165.07119850934106,1299.370332434,176.587094643,211953.99030717168
AURHmCnNwiW4uA2Qj1XvEh4iKgRUZYXtiY7FKAapUV5Y,BKWm4TRnTeKwfWXRyuzjRHU7iZDkPuXBX5b5V5jSVfGJ,A5Ww74HVrkj9nPeC7pHKLfgeDMEhBCpW1efQdz3TGLEg,0.13360743500015815,0.11779611400004342,21.711833216924433,162.5046781034209,0.008684733286769773,144.4728237227844,286.784870887,1820.230707478,309577.75326469133
KysFMBBoavfov2tLpvefWW6tPFt6rAeZWDJVy1mMQae,B8ka2V21TH3x64dFV8ETcjuQcwmrciJ2qzy1mJUttRew,7fSf7EYxBANyxzk2s5pymFgshA91tFYQNKKs5UnLWcYS,221.8250720000001,317.53721900004894,5.447077323818938,0.02455573337453458,0.0021788309295275757,0.035035806068264674,134977.58499,2263.65477,3393.7825580802432
heyk4SZTeCUV6a65WiVA5bzic3KcxgVf1qxobfeV4tQ,9ZDpBKPqMABtGfq66FbVribaArMvtk63xxy91onZAtDt,DaTP4s6N7xxSPinbNZ3FB52EpRDRt87QShTuN3VPCW52,387.90480604000277,342.7043957210002,64046.30000407863,165.1082920521326,25.618520001631452,144.85426936230806,656.0259325,4495.672441686,759532.6680896716
FrnkTEL6yZ5Aycq2TrEgu29dCrwKG4LPUZydfiwqspkc,DjvZuMZ46fxKBoBpGMPcRcos4xdTtHFxwMh69DpA2ZFY,9rvDPJLAng4uVVqnnSoEXgNDFhBZQTny9AoQioYDZbQX,447.0167616080025,379.39157738100016,78009.81588593796,174.5120599176687,31.203926354375188,144.90323868881697,302.281499224,2583.972630833,427177.76999554597
C98Sspw7XqnMsgxea3SLQVdbMDL8pKUc3RE82UvX9eq2,CSqgQJurPCzGxb4Cgwx5R61hWQUiaoUHcShNc8r1cKEL,6S2CR5EnukPhC914XkAns8m5GixjMAoUuZMsS5ubHuWc,324.1299210000002,324.2001679999996,0.0,0.0,0.0,1.0,988.354979,961.18752,961.18752
wrmcMSHFi3sWpAEy4rGDvQb3ezh3PhXoV2xNjgLBkKU,8p4mGnARWPBu6P2Gcw4adodLkNDorrXniZMhaY7eJXUn,AyY89zccbsgp9LKFgH4CFZMJmpSgqmPSdTfukhP227rc,0.05126797000000499,0.6045486099999922,12.704084945052099,247.79769795938597,0.00508163397802084,3923.568878251658,49.62450942,0.1328522,12818.09395396713
JSoLLrxK5bYdHwTEWYaGgmeycBCNXKDiBCTw5hXGBg7,xG4wXczA7Dk4hccJ61CHKpDHW4NrNfQwgmWgkb9BuF2,BVR6WgfhsRr9Lob4QDnkEAiNGgAbv7ZieKcY9kSg3QYR,44.8345394840002,38.69687378200001,7519.7677048028045,167.7226484613795,3.007907081921122,145.03892191989183,17.56595009,162.68959707,26542.531438449598
BUSDgu5JdqP1rndBvXvanbEufS94FNh1w5FJcAj6vawb,Bgzr8cWubt89JQFXndVjtdKmDbGzuPxNhvjH1EhWCwbo,Dxaf8xPBBQsasRKW5Aa4Sw2YrbfGofY9xZueyyF23FBW,66224.38855028001,66204.17639054001,67226.81225367136,1.0151367755193432,26.890724901468545,0.9996681401675086,3309.24137957,11462.74901144,14818.277608945047
ALBpShJ9NLpE739pcHDF2LNVk5J4VYPvvKuV6jMPitZi,D6d156U1bPiJpDYRLextvDRccgFk7QzkQbJg42ceKEu5,GNcM8U5g8RwTZffwwm3kSQqUNPSwv5d2fbN9sLxPJqt2,2310.918086000005,2308.9324230000057,2313.3656268331947,1.0010591205495414,0.9253462507332779,1.0001400196027443,47177.420136,53026.318856,100261.1302912416
Dg3mAgpwDfVNnbGWcsxL8sUcSkEbjSJQhKAWNigG44Ju,EATxwd8YA2wV93VJcKMmH2Kn2Y9XfJVUB9hHVu3udwEy,GiGvrRi7NMHfHKanG2B8xyCEqe8jaafWins8bhrLVEaa,0.16901063200000008,0.167924097,29.43880658057026,174.18316369925324,0.011775522632228105,169.82319876599672,0.147816647,0.311470373,78.64206628557388
KEnkcdADoLR5jS2CLLLesy8TtFsyWL37BhXNfDMzWzP,3qsjFRuw1qeLMPo4DLwaQevenGAGBj9dA3Q6rb8ax2YR,77iEv8zPQAEyCcEbvBRSB6AFcUdfkhiqnAKtPxk76rNN,2.146258999999996,4.753287999999976,0.018440618994231304,0.008591982139262473,7.376247597692522e-06,1.00054930156656,119.158694,0.297243,1.3212156466313913
ercAoEmXjQzEvAFbdjAo81KtMxRGn9AW1ju882upmPH,CMRhskR2Eg6V42RTSdRTXGdozyPbWB8U9dVpijPWb9T4,7TKLLgrWswt6ZJ1pXhVR3FyufHGjJFqiEXxvWJfDcgRm,0.20447648399999707,0.20169807500002435,29.541295028386322,144.4728237227844,0.011816518011354528,141.32499817337438,329.844816996,1012.545589772,190751.6157267234
NorjjEePhxfwLF4vZjUHCrVVKLzQjEEGQFd3wgjEJmh,34M8pFVqgbV7aqHxvRT5tCv3vu2P1JJYT8J3VaxBK2oG,3AZWBSze3ucsY3xSeuLne3b2pauVqiaJ1SZSV5T9WGWw,10.635329000002457,14.757219000006444,7.081311044041567,0.6658290537170906,0.002832524417616627,1.0,37490.624193,2656.054111,27618.400940688254
RoBgmK8CvjdHvPrqdDyVw54VwjZv2TqJ493xnqJAQHx,ExiHJxM7qPAcy27NDHAF6G7vnW7muNHi2sVJpnaNynGQ,6rkPHSqZb7StM4HwS9EuVrmfkV7tRdc7dnsFhyB6cefE,85.90639700000035,210.0052469999993,2.1137400514292075,0.024605153111347443,0.00021137400514292074,0.9305208031883364,6008.895255,24.438096,170.58994449763782
BUSDTd9WiT6uBHJRgNvFXBsA7JrifsAtWzKfioN7ERcy,DyBxrn7gSc1EwnpWhDyhzvMHPtxpmBqRqotapLcKcfTM,Cds99GeBgoCpqBsoRWu1C6fF9LiUMd4pXQQD24s9LPff,12545.47937924,12592.56585369,12562.105954576178,1.0013253041062498,1.256210595457618,0.9990049910289351,308.22578461,313.41429046,621.7367179373281
WiiQFxXqp8P9Fs1rt9SVcDyA3KUdJmUsog6wnVQAwba,3S2jpqSYxho6wiz3cafhjXruVY8cg4HYa2v3BqBHYFSj,Dfe67M6TfrG74gKRtdqys4e6E9QirPD53BkF4FujFjuv,33887.358009177,33844.09004459601,33836.352043180195,0.9984948379279673,3.3836352043180193,0.9999971610080599,19342.474183798,7363.440412452,26676.780132981294
RajgMbScQbqqrdJfR2rxfHJiTiY5b6bJ2tTXiF4aPxy,725ZA3fhyBAKb5iopNRrcbSuQa3LXA1656Q3mBvYPxeg,GLA6i1dSZpUfk2f9Nj8uiG7xyDdAR2reff8oEiZH3617,99601.34631606002,99735.50838080002,99441.36107670536,0.9983937442085674,39.77654443068215,0.999666411318543,148688.37904498,83725.86563044,232147.4831043408
SUiuyGR7SFq3xeRVJonq84fjjeFwRSsFekcevJ53tzy,49GjCCPsv7fBqo6t3iKDrP1xxGDS8uWZbVCdfnp2gjMf,CEwj5xEbbJEjYqM8D6Ai8ByGz1mrh8mkAVsE5fzDSSSx,0.16353900000000032,18.13450200000011,0.0014051241670728484,0.008591982139262473,5.620496668291393e-07,0.9265479141090084,639.780997,1.707062,7.078661634618289
KEVpg4SYCVrqFxKijQH6hm4QxsRdoE51ud64bEEFUC9,2bPenuBYfqzD8p5dFjCcggwkHDsc2RQDnx9AoyYGUBjA,AE6n6iLuX8oYu61vt5hoDYkjswpnxFxrhSehxrnQTnbx,6403.761899323999,6401.118467651001,6398.0940133822705,0.9991149130728413,2.5592376053529082,0.9999971610080599,5008.641871112,2585.001400603,7589.202849473918
MARpDPs5A7XiyCWPNH8GsMWPLxmwNn9SBmKvPa9LzgA,6YjT74rmcfCpw8LSjPNx5JTmZoYLGrTKnf9arfSgZ4SR,F8GSmi3vA8M8TsybLya1LQ4n1aFHCRbZ6k437PeTdXtg,184650.4966720009,198856.64851199958,172376.91553227208,0.9335307439679911,68.95076621290883,1.0,378650.39647,16642.012209,370123.7985294139
SoNcU2iwHMw6dGzsYNQkYFkUjwN1UdAjrWVRnStrZu2,8ivTTid27jZnYNc4w3CTA1Z6QS2twsFb8WMwUabeDJgc,CyXm53PMvHCbeXJBykU46Rcbo28xk5srhMZFg7gv6EYB,37.85943691300001,37.466520609000014,6444.950420809092,170.23365761142773,2.577980168323637,168.05321774857086,10.98424756,13.63953066,4162.055654241489
BSCuChvaSj9b5HUSqgDVRzcnr2sSn7cXaamt1jbKH6hn,GnKpRj5kBVPMJfiwZtEuD9GYApLzPdW5JFuZTcyX4BTc,3dmwD9okkomV9nDwyuh4UMhKdUR13QpuKxRo89ycZB5t,195.2884669629998,195.44892507400004,195.44681034631677,1.000810817893035,0.07817872413852671,1.0004512034927753,1646.887804489,1448.46504385,3097.341726925649
AUSejoEUCh2DBs9mof6BNC8Pubs22w4cJa1ccV9h44R,4xkyD7AfGQDwsQMy9MosRRNGoVJ1zosNinesxg1TzHG7,Cbm5gsQe3nSiCsFrvepVzMCD9xLK3ri9g3ypS2hdmVJ7,4445.0138849999985,4438.957604999998,4443.24991478383,0.9996031575464541,0.444324991478383,1.0,14591.879942,14261.111686,28847.20095056197
Lid8SLUxQ9RmF7XMqUA8c24RitTwzja8VSKngJxRcUa,4PgzyzLtds9bKZ2to9PMnKqJzKEUpjvNUaeN23phegax,AtymwxoVN9peZo7EXTcDz9jKVc4vRmisJKKrNfe3ewBa,758.259143330979,649.4514702500016,128409.00298931182,169.34712112434295,12.840900298931183,145.10111080704368,1024.437353643,7722.666842238,1294053.0538131406
KwnjUuZhTMTSGAaavkLEmSyfobY16JNH4poL9oeeEvE,J63v6qEZmQpDqCD8bd4PXu2Pq5ZbyXrFcSa3Xt1HdAPQ,BnKQtTdLw9qPCDgZkWX3sURkBAoKCUYL1yahh6Mw7mRK,2401.6996940000017,80607.33393799973,84.98930242978426,0.03538714796113231,0.008498930242978427,1.0,270388.022583,774.138844,10342.399806062605
ACUSESXyNnwRLAg1dpSGMLSzUDdLjUMybY8rkXiAKhCP,AhFPQdu8GKBsxuhiH46UmCu1YpaLgNpoP325HnYtsgas,A8wxWpT3aFEr2XqZp1kDmbxbFfcBE95UUmdsNTDBJYbT,0.0,0.028802530000120896,0.0,0.9999971610080599,0.0,0.9871619022064152,1027.147801475,1857.75618587,2861.0510156898345
daob129AwBGn9Y5r91uLoWZeYiGzbPmksauMhFZKTze,6VW5GQNyj4LStgmxEHLr5zUfW92vQnmbw8jTnCH7a38F,4VPCCUifPeBA1c7HWK358CHn2nyjm8pdTRk6Ps3KmnMQ,61.865118968000075,55.83307125399999,9731.658885287154,157.30445601051676,3.8926635541148618,145.16594499836543,53.190887184,234.786770913,42450.20704589627
TETFuZgEmET6d9vYmz9iMFCxK1jKdKYxf3oPz8hSzJK,Eu1Ze6Z84LWNkq7SNoAHBJbXx5t1P95EwyqYohrfCRFV,ASMbv7WNu3qe4pkhREmvyEdwFNDZQ6B6iSrjkj4u8bdC,20.549922964000025,20.608904803000016,20.447305503182587,0.9950064308758138,0.008178922201273035,1.0006474188800154,292.767154026,59.50367404,350.84739884708364
4vezWG46exH6pf9nry3n1VJ7hZHvjBJNgNeF4qEFCML5,,,1.5733829999999998,1.5730820000000012,0.0,0.0,0.0,1.0006474188800154,292.767154026,59.50367404,59.54219784200378
B2izdXFYb2sNwbWWHmh75T4aQFtfXsUxem9u2p61HGzf,4DYwgJtxwuJdAjkj5RJSNH4e7U329V5cNp7d3a1nLrZv,EXNW64GEf1ACC6xY9BtKRiunrs6GoJSXBdxWN2eTPmrF,19403.947670999925,19178.606477000012,19599.076072376505,1.010056118717956,1.9599076072376507,1.0,9868.010849,30144.537541,40111.78227860762
SoN9GaFpSXfpyR5dth3x7PHPVhvJMpQqqDJfCSmPv1t,9kZ9iS68ViMPtoeqtnhAKuF2iqVyfHPdZHoUNdwCELr,BBhm5fJLjw3HRzjtKB8uMEYjGhY6EDm9co3cqpjrSzB9,65.90140486299998,64.88744353700004,11530.866608039552,174.97148402239145,4.6123466432158216,168.21426594910946,25.127007219,55.077782923,13661.378566646614
KZMu9QBEdL97EFgamLbN5DE1AoKBG4HdrKKJo4Vuon3,DD4ACBWyVqdaKWh7v5btsgqQCCMwbKnuL2xd9pv7Gyuw,GcYqiJ1MAuYbNTNYXm1F1gQYTfTgkErACAhNU5dpVj9T,476.3562684000003,480.04206083999975,473.6982339218885,0.9944200703245919,0.1894792935687554,0.9996681401675086,1755.48296199,1326.02771061,3071.2751457917966
BSC8REUo9LpiiWUuqMuLXs2D2yJsJfGd4HdiF3wCLxk5,AZjEH1zWVx1UJ6udMyRijGTzPteuLnaY18yNNmprJEsh,Caf8ypkSVR8xYnXNhjvfvdGCC7mrM3C11rz8Xi6NA6aK,2472.9893700669995,2474.4606932370007,2472.0731505393614,0.9996295093142219,0.9888292602157447,0.9999971610080599,3203.165499988,3097.869536162,6299.839498340604
Cob4usZcpHEY7Qt4ZCwj6WVg9S44zvzYV2v9qYF65dTf,NhFM9UXE48PyNAyeyPYA3iXztqKVJwA4bTdLj4ysM8w,6TuFuynuBoeskxyR2cz4wxyidk8dpDK7kAWw3UkjQGx,237.10405299999584,16130.848083999983,2.037193788522707,0.008591982139262473,0.0008148775154090828,1.0,71524.906424,181.424333,795.9650515074277
SEQV6QiTpvTzrceiaYg9Avnwf7oc8ZALpnQMz6TyT4A,3dFMPj4r9mMmPHF32mz1gNDX7f8ftidWof7S8YiYTs1j,Fc1ED3YPeQfXQosHbd8DTaBd2AV5gHQtwiSAL5C5pUhi,701.4582200649998,701.7004312480003,699.6249605979966,0.9973865022683271,0.27984998423919866,0.9998690171587521,3076.824906612,2524.015925511,5592.468954431537
DFWzVTzNBrQZLjoQ4yQwkj9HuoXmfkuZP9V5vbymZe23,DhgiEgiNdqZdRdo195UUHnoEJUtefK8buko8nU97XJUZ,2K2kkXsouBHtWVjtcgkyiXd8eP3oVBvq1bTJzcVdLLr2,1488.8504073959957,1620.2317671059682,1320.1712103677976,0.8867050738003835,0.528068484147119,0.9999971610080599,65730.196729031,10177.962007238,68461.23205361505
YAkoNb6HKmSxQN9L8hiBE5tPJRsniSSMzND1boHmZxe,CfWX7o2TswwbxusJ4hCaPobu2jLCb1hfXuXJQjVq3jQF,EnTrdMMpdhugeH6Ban6gYZWXughWxKtVGfCwFn78ZmY3,10171596.11208699,10180722.44809896,10171596.11208699,1.0,1017.1596112086992,1.0004722228892038,1048579.729234,172771.799799,1221433.115831474
HDSBGqAuMRr6X2AfmmbXQPpRgU6VEhtfNVVZ3wUTZXg,DCZ1d8kNLgDcdSd99y4udLgwq46mfDXNS9KXj96kQf5L,Fq8GGYQM5Pz3q7LmVMbrXHJgsxA5ev86kTq8yGgGuYsa,108.30367695600034,108.62905183000112,107.81377150173776,0.9954765575091082,0.043125508600695105,0.9999971610080599,12681.031293759,12216.710121502,24840.34481633691
SERgf3DMJpQxUifu7VoFKmfne73d2fDJxSrxUMrcNJB,AJfM2GZ2tTB8UtN2krcyR9xufRJEx2mhSCbJyMgPo3GU,F4yRYkufQvERZcEKnKjJwRLU1btiMBUuEwq46hfm11QD,0.0005580890000018712,9.948900000011918e-05,0.08091734031477789,144.99002903570323,3.236693612591116e-05,145.17138207510877,26.136193374,31.099208324,8304.202490015821
moFiBS1R4Lf3E3zzmBPnw3NF4RhWPkhREFviuzUaCAU,44ALBrpqi9PfZkBRTvbtRNtFJGsatfY4QydjtMbFWq8S,2ho8qEEie1UjVwWNBo9y4oAJZMyMLx8zPj9bxyUz6uWs,734.7115998219997,737.3999999999942,732.0382984414533,0.9963614275571612,0.29281531937658134,0.9999971610080599,44136.305261065,24333.914913242,68309.55794646704
SAMyS8Jr2HJrkFwYVKbpUwsNStnQmvz3f8Tup8bWUWF,6jPzm5TFfquvgm25sTyN3MMGBfufRaFHMxobDWv6hMFW,Cj9ECoDmxsHTDzCY5ZA6RWrPbg9uFzEC1Qc2kso2vJG6,16216.021045820045,480.0463910100003,16125.563568194806,0.9944217217423656,6.450225427277923,0.03548137834368526,700.71372024,110936.76158971,4632.994154317271
