0,1,2,3,4,5,6,7,8,9,10,11
RajgMbScQbqqrdJfR2rxfHJiTiY5b6bJ2tTXiF4aPxy,725ZA3fhyBAKb5iopNRrcbSuQa3LXA1656Q3mBvYPxeg,GLA6i1dSZpUfk2f9Nj8uiG7xyDdAR2reff8oEiZH3617,72915.28244990003,73083.87144758,72611.49121905267,0.9958336411704077,29.04459648762107,1.0,189415.6853979,43108.3010558,231734.8127403792
KysFMBBoavfov2tLpvefWW6tPFt6rAeZWDJVy1mMQae,B8ka2V21TH3x64dFV8ETcjuQcwmrciJ2qzy1mJUttRew,7fSf7EYxBANyxzk2s5pymFgshA91tFYQNKKs5UnLWcYS,253.0630060000003,363.22595100002945,6.0755256217952756,0.024007956428824164,0.0024302102487181103,0.030805300458573867,135033.853127,2224.98081,3310.428064655869
SERgf3DMJpQxUifu7VoFKmfne73d2fDJxSrxUMrcNJB,AJfM2GZ2tTB8UtN2krcyR9xufRJEx2mhSCbJyMgPo3GU,F4yRYkufQvERZcEKnKjJwRLU1btiMBUuEwq46hfm11QD,0.03559740399999711,0.035294984999996615,5.162779216499402,145.0324640667567,0.002065111686599761,144.87279950893915,26.171410496,31.064081743,8296.044638620395
wrmcMSHFi3sWpAEy4rGDvQb3ezh3PhXoV2xNjgLBkKU,8p4mGnARWPBu6P2Gcw4adodLkNDorrXniZMhaY7eJXUn,AyY89zccbsgp9LKFgH4CFZMJmpSgqmPSdTfukhP227rc,0.015139759999999891,0.23769680000000903,3.7190751785871936,245.6495465309371,0.0014876300714348775,3896.660561898453,49.62918942,0.1325617,12707.935824129196
MATgk4zXLXtYkwBH678J1xZbRDZ45LicNzkRBHkxTuY,y8dALFo1bJrSzPYjMX14HJX448pXqYmrfXHD1K8MXih,GN7Yuet3UyiWS5YVkEHv6oQKi4HGBJc3XDPt9zQhAqZz,102574.78986500006,102661.72440900005,102582.68873203243,1.0000770059294566,41.03307549281297,1.0,9464.857929,8587.318597,18052.905376181996
BSCuChvaSj9b5HUSqgDVRzcnr2sSn7cXaamt1jbKH6hn,GnKpRj5kBVPMJfiwZtEuD9GYApLzPdW5JFuZTcyX4BTc,3dmwD9okkomV9nDwyuh4UMhKdUR13QpuKxRo89ycZB5t,380.4950554100001,380.8629648269996,381.2373806319855,1.0019509457782192,0.15249495225279422,0.997207818109294,1629.078081994,1466.399147682,3094.5610195377512
AURHmCnNwiW4uA2Qj1XvEh4iKgRUZYXtiY7FKAapUV5Y,BKWm4TRnTeKwfWXRyuzjRHU7iZDkPuXBX5b5V5jSVfGJ,A5Ww74HVrkj9nPeC7pHKLfgeDMEhBCpW1efQdz3TGLEg,0.017727427000124862,0.015338794999877337,2.881287070688062,162.5327279964412,0.0011525148282752248,145.00577630509912,286.784881967,1820.230800148,310555.9094441464
BSC8REUo9LpiiWUuqMuLXs2D2yJsJfGd4HdiF3wCLxk5,AZjEH1zWVx1UJ6udMyRijGTzPteuLnaY18yNNmprJEsh,Caf8ypkSVR8xYnXNhjvfvdGCC7mrM3C11rz8Xi6NA6aK,2638.6956782539996,2640.3386496480007,2638.583414445465,0.9999574548101702,1.0554333657781862,1.0,3256.136220432,3045.024523996,6301.02221149439
Dg3mAgpwDfVNnbGWcsxL8sUcSkEbjSJQhKAWNigG44Ju,EATxwd8YA2wV93VJcKMmH2Kn2Y9XfJVUB9hHVu3udwEy,GiGvrRi7NMHfHKanG2B8xyCEqe8jaafWins8bhrLVEaa,0.7004866640000003,0.692030149,117.30077227409086,167.45611059069472,0.046920308909636346,169.84667770556842,0.235208541,0.223046809,77.27086693505044
YAkoNb6HKmSxQN9L8hiBE5tPJRsniSSMzND1boHmZxe,CfWX7o2TswwbxusJ4hCaPobu2jLCb1hfXuXJQjVq3jQF,EnTrdMMpdhugeH6Ban6gYZWXughWxKtVGfCwFn78ZmY3,9562222.121086992,9576893.004232932,9562222.121086992,1.0,956.2222121086993,1.0023213763075283,1122231.118891,118099.634408,1240604.9069922424
BkMBnJpvHKtWhUvrgRrLesXfi9RUV3ELgdBaJcdH7hcY,5uerVwBnZQsuVhZ15igs7ZgmcqhHnYWbwoRtLyRqLvR,9YWiQh5d4jCtgMdzcGLv9bWgnLaFtzvDDh2nnhJdzhBX,1011.0199146570001,1011.4250931650001,1011.0842671373506,1.0000636510511984,0.40443370685494023,1.0,1473.060029311,1399.195791861,2872.3495829913445
KEVpg4SYCVrqFxKijQH6hm4QxsRdoE51ud64bEEFUC9,2bPenuBYfqzD8p5dFjCcggwkHDsc2RQDnx9AoyYGUBjA,AE6n6iLuX8oYu61vt5hoDYkjswpnxFxrhSehxrnQTnbx,6403.761899323999,6401.118467651001,6398.738032537561,0.9992154819517932,2.5594952130150244,1.0,5008.641871112,2585.001400603,7589.713901770108
SAMGk1Nd4haC8zQA63DG37pzuEZy8j4q13tSFtCbcRE,9U9TnkHD3jXMAVZtynCVLgDruuqN4pTvLJTmVHCLWS8g,C6zoEbvqSknmi96QWq96UBiPCyNW3YSTvKhavR2BfifE,0.24376876999999997,0.4142229999999998,0.4862732296030321,1.9948134849391583,0.00019450929184121283,0.0,53.56477961,1.17570795,106.85174468382208
KEnkcdADoLR5jS2CLLLesy8TtFsyWL37BhXNfDMzWzP,3qsjFRuw1qeLMPo4DLwaQevenGAGBj9dA3Q6rb8ax2YR,77iEv8zPQAEyCcEbvBRSB6AFcUdfkhiqnAKtPxk76rNN,0.028442999999999996,3.326274999999981,0.0002351168931789467,0.008266248046230943,9.404675727157867e-08,1.0024138124604047,119.158694,0.297243,1.282955810326099
Lid8SLUxQ9RmF7XMqUA8c24RitTwzja8VSKngJxRcUa,4PgzyzLtds9bKZ2to9PMnKqJzKEUpjvNUaeN23phegax,AtymwxoVN9peZo7EXTcDz9jKVc4vRmisJKKrNfe3ewBa,447.4559414159867,383.2477270789998,75458.01902032638,168.63787478502888,7.545801902032639,144.94812306675442,1024.952697891,7722.105648253,1292150.5645649754
MARpDPs5A7XiyCWPNH8GsMWPLxmwNn9SBmKvPa9LzgA,6YjT74rmcfCpw8LSjPNx5JTmZoYLGrTKnf9arfSgZ4SR,F8GSmi3vA8M8TsybLya1LQ4n1aFHCRbZ6k437PeTdXtg,209008.40198300045,228057.12153500295,189914.23489265775,0.9086440214403644,75.96569395706311,1.0,379178.444718,15272.484116,359810.7109680664
MAR3XM1n9xWPQ3HJjAcC85o8DopWFP5p2WxGTaZ3fPB,6qG7GUhER8Cg9gDEgnebph9LdS6eu2eoWcA4R7z9uizK,4QV4CwRXVMY227KkFF9voNAfwWHVvVajXSXDKbUHkWZR,0.33440700000000223,0.20905700000000185,0.30408210772501715,0.9093174117916645,0.00012163284309000687,0.034491021004238495,0.152985,22.899566,0.9289413361368936
C98Sspw7XqnMsgxea3SLQVdbMDL8pKUc3RE82UvX9eq2,CSqgQJurPCzGxb4Cgwx5R61hWQUiaoUHcShNc8r1cKEL,6S2CR5EnukPhC914XkAns8m5GixjMAoUuZMsS5ubHuWc,245.891343,245.92287599999975,0.0,0.0,0.0,1.0,990.584426,959.022214,959.022214
NorjjEePhxfwLF4vZjUHCrVVKLzQjEEGQFd3wgjEJmh,34M8pFVqgbV7aqHxvRT5tCv3vu2P1JJYT8J3VaxBK2oG,3AZWBSze3ucsY3xSeuLne3b2pauVqiaJ1SZSV5T9WGWw,0.8515640000000531,1.2800000000061118,0.5669960522995758,0.6658290537170906,0.00022679842091983036,1.0,37490.624193,2656.054111,27618.400940688254
Lee1XZJfJ9Hm2K1qTyeCz1LXNc1YBZaKZszvNY4KCDw,9DgFSWkPDGijNKcLGbr3p5xoJbHsPgXUTr6QvGBJ5vGN,2hNHZg7XBhuhHVZ3JDEi4buq2fPQwuWBdQ9xkH7t1GQX,8778.147683209198,7483.289373218031,1485724.0003874525,169.25256375320944,148.57240003874526,144.8270808103249,7432.61259446,57112.525567902,9529429.092701038
SAMyS8Jr2HJrkFwYVKbpUwsNStnQmvz3f8Tup8bWUWF,6jPzm5TFfquvgm25sTyN3MMGBfufRaFHMxobDWv6hMFW,Cj9ECoDmxsHTDzCY5ZA6RWrPbg9uFzEC1Qc2kso2vJG6,17244.703171720008,538.2597932199888,17152.012666151368,0.9946249868933292,6.860805066460546,0.03489706256418661,696.20313491,111065.02541263,4568.304174452478
daob129AwBGn9Y5r91uLoWZeYiGzbPmksauMhFZKTze,6VW5GQNyj4LStgmxEHLr5zUfW92vQnmbw8jTnCH7a38F,4VPCCUifPeBA1c7HWK358CHn2nyjm8pdTRk6Ps3KmnMQ,65.6165727899998,59.18295982399988,9716.321428021398,148.07724656875405,3.886528571208559,144.27886681069543,52.938822322,235.085077932,41756.84369416723
7dwD9TF6uikvHXxPFK9AsSim54yJoujQjY9vU6gNFumk,CquVr6atkvwueDYficKjn6SSEWq4F4rH4VSiBbW4GBWU,8BCa6ge3b7ho3TfZuM64Vk1hgbrJ3J7EPiAb9uP86CGd,0.3379544749999994,0.3397471759999995,57.002825393355515,168.67013047646614,0.022801130157342208,169.4976158465355,2.219281662,1.951729417,705.1400104526174
vEnkoSUkpnbRrPgBz9DfcVxNz67zjwMYBZraAvDDNSf,DtfyjjsZ5yCjWKLKHvwsfXs5QVsmm1QkK6Sh9JZHoq1g,e5wrKCRv4GhHvEf1VD5Pq2KGaZDXP77nTL612Jyrxwy,24899.836109999997,24913.23618600001,24871.38324756478,0.9988573072405168,2.4871383247564784,1.0021506152202626,4299.823644,2557.159154,6857.568886052173
CZgvH45CRmoaNJ7395Ao5CQZXkGznvqU7cErD6n7FaRg,4ZjU6MKvtqVQKCiowhvZ5yUsPxXX5SCzd5eFsPeXyey5,BsyWeshjDbCvjDojry3vKDCesmFRM37WtwcR4Kfgzqr,342.33373988999995,350.0,367.15472864662985,1.0725052364531917,0.14686189145865194,1.0,198.64445487,913.69580149,1126.7430195304648
BSCNHw8CmxbZ8hCWWzMf5FaG2ajPT6JxfznKUNuRVrn4,7n9kgNL633yGzCYksgnzHyjG73ZLBAwvEae5sbAekbzW,SscdxE99omdG9AiMVwmaEMQySQnCgeAh1sPj2Leutm2,213.01737335099915,213.766610529,212.37279727602194,0.9969740680544629,0.0849491189104088,1.0,7184.114707931,4476.142343172,11638.518408907868
SoN9GaFpSXfpyR5dth3x7PHPVhvJMpQqqDJfCSmPv1t,9kZ9iS68ViMPtoeqtnhAKuF2iqVyfHPdZHoUNdwCELr,BBhm5fJLjw3HRzjtKB8uMEYjGhY6EDm9co3cqpjrSzB9,141.12615573899984,137.74219723499996,24168.60768706989,171.25533931334147,9.667443074827956,167.90637540507413,31.534060772,48.543420113,13551.125998375996
KEN5P7p3asnb23Sw6yAmJRGvijfAzso3RqfyLAQhznt,9zj4aX38Uxf3h6AUjS4EipWS8mwbEofasHAf3a1uKGds,CwQDG1MWunn9cLNwcZLd8YBacweSR7ARo32w4mLua1Yr,226515.49200800154,226539.5561859957,226160.64595449896,0.9984334579045478,22.616064595449895,1.0,2300016.273451,2214722.649615,4511135.8507534135
SEQV6QiTpvTzrceiaYg9Avnwf7oc8ZALpnQMz6TyT4A,3dFMPj4r9mMmPHF32mz1gNDX7f8ftidWof7S8YiYTs1j,Fc1ED3YPeQfXQosHbd8DTaBd2AV5gHQtwiSAL5C5pUhi,470.7995922949999,471.0019615010001,471.0216413171496,1.0004716423416327,0.18840865652685987,1.002333432230232,3076.824906612,2524.015925511,5608.181613136954
7oAd7xG4m3oC2qeWB1szghTebAZyyGPAFDJ4wwwbRSNi,D9yh4KAysxt9GLacVe4Wwh2XqghhcjTCSTV9HuM7TBJd,HDYfJLpZKaMFb84jM4mRytn7XLR8UFZUnQpSfhJJaNEy,1.800135339999997,72.89176041894825,1.800135339999997,1.0,0.0007200541359999988,0.02469883552152437,1005.798589426,299479.106006799,8402.58377082109
Cob4usZcpHEY7Qt4ZCwj6WVg9S44zvzYV2v9qYF65dTf,NhFM9UXE48PyNAyeyPYA3iXztqKVJwA4bTdLj4ysM8w,6TuFuynuBoeskxyR2cz4wxyidk8dpDK7kAWw3UkjQGx,119.69041299999995,16166.814296999975,0.9846633434153547,0.008226751990699164,0.0003938653373661419,1.0,72052.240492,177.010118,769.766030901896
FrnkTEL6yZ5Aycq2TrEgu29dCrwKG4LPUZydfiwqspkc,DjvZuMZ46fxKBoBpGMPcRcos4xdTtHFxwMh69DpA2ZFY,9rvDPJLAng4uVVqnnSoEXgNDFhBZQTny9AoQioYDZbQX,867.1951978809997,728.2644847579993,148311.2566132444,171.02407505904606,59.324502645297756,144.2970209880017,320.355280798,2562.631266116,424568.52318000875
BUSDTd9WiT6uBHJRgNvFXBsA7JrifsAtWzKfioN7ERcy,DyBxrn7gSc1EwnpWhDyhzvMHPtxpmBqRqotapLcKcfTM,Cds99GeBgoCpqBsoRWu1C6fF9LiUMd4pXQQD24s9LPff,9221.397945740006,9241.529533609995,9219.199904098869,0.9997616368305468,0.921919990409887,1.0012204877745972,376.3006708,246.11899088,622.6303506789059
HEDSDjj84KS7LKhZY7ejkCACTdPen62rKhCby1wXtgxc,EnnjMSFttpCTywBrYNt1J5QQeoSVkvzPipJDa8Y7kJow,6bjVT6JN2rSvpyn9PdfLYC8wJn4LWh49jpY47fnLDXZk,3.810767600996769,3.9094212149902887,3.695093572448447,0.969645478113631,0.001478037428979379,1.0,38647.297249881,9559.887393795,47034.064413455475
JSoLLrxK5bYdHwTEWYaGgmeycBCNXKDiBCTw5hXGBg7,xG4wXczA7Dk4hccJ61CHKpDHW4NrNfQwgmWgkb9BuF2,BVR6WgfhsRr9Lob4QDnkEAiNGgAbv7ZieKcY9kSg3QYR,117.41481851099974,102.00481868000008,19479.091073497537,165.89976734216629,7.7916364293990155,144.6912281955745,17.613344205,162.678063099,26460.13845599847
GokA1R67GqSavkd15zR62QD68Tuc5AEfvjssntVDEbM8,3YB7hfpBdbQEuZqLGWVDpRPmeZWCUsrrWyqGXegnQ6Cg,4DPCj6Z1DsG6HUtwSogBGqXEUxdEV5a8YVrrFtcnz7UW,51131.38719199998,51147.19022500001,51118.352012236865,0.999745065008423,5.111835201223687,1.0,21199.244308,12598.440436,33792.2803148309
moFiBS1R4Lf3E3zzmBPnw3NF4RhWPkhREFviuzUaCAU,44ALBrpqi9PfZkBRTvbtRNtFJGsatfY4QydjtMbFWq8S,2ho8qEEie1UjVwWNBo9y4oAJZMyMLx8zPj9bxyUz6uWs,1244.635427416004,1247.5238044529979,1241.5684045759797,0.9975358062509986,0.4966273618303919,1.0,42888.518968196,25578.287852242,68361.12120009263
SoNcU2iwHMw6dGzsYNQkYFkUjwN1UdAjrWVRnStrZu2,8ivTTid27jZnYNc4w3CTA1Z6QS2twsFb8WMwUabeDJgc,CyXm53PMvHCbeXJBykU46Rcbo28xk5srhMZFg7gv6EYB,81.13900217600002,80.23256680700003,13754.063368125748,169.51235533179926,5.501625347250299,167.50646030540784,11.146044489,13.50411646,4151.419001730005
MATSnbbiTCv7Dc3trJrkrqjx7ckKdr6fwPoVwv9q3sD,631WX9JizSHJm4w6VanZeJAst9T8DeUUnPLesdGkCVtK,211maUSfpnXbPuW1iBu8b4dtJv5EbN1j7JJiEX5TZKEP,660774.335366,660768.619637,662353.3858378374,1.002389697037738,264.941354335135,0.9985471139492039,23177.221209,21323.016796,44524.64462820234
ACUSESXyNnwRLAg1dpSGMLSzUDdLjUMybY8rkXiAKhCP,AhFPQdu8GKBsxuhiH46UmCu1YpaLgNpoP325HnYtsgas,A8wxWpT3aFEr2XqZp1kDmbxbFfcBE95UUmdsNTDBJYbT,0.0,0.028802530000120896,0.0,1.0,0.0,0.9871647048436467,1027.147801475,1857.75618587,2861.059138370818
B2izdXFYb2sNwbWWHmh75T4aQFtfXsUxem9u2p61HGzf,4DYwgJtxwuJdAjkj5RJSNH4e7U329V5cNp7d3a1nLrZv,EXNW64GEf1ACC6xY9BtKRiunrs6GoJSXBdxWN2eTPmrF,14030.547854000008,13854.116163999986,14172.614138120529,1.0101254979918706,1.417261413812053,1.0,9646.337623,30370.11235,40114.12394523059
parEAJhzYzHW87y9VoZAQ22dzQ2MD2ekEtTReaxbMcz,3oyc6hpjYSJEquK6dSvG72NXyz3pqLZz5D8AC71pwgQb,Di2vordgFJVZ1aj1aBpvzXtLfZgJsuLLXawGtVFwX6Rz,12.135994165999989,14.084626701000161,1713.845575039526,141.22003946252784,0.6855382300158105,165.4654700865732,1300.403153617,175.701608759,212715.5339592635
DFWzVTzNBrQZLjoQ4yQwkj9HuoXmfkuZP9V5vbymZe23,DhgiEgiNdqZdRdo195UUHnoEJUtefK8buko8nU97XJUZ,2K2kkXsouBHtWVjtcgkyiXd8eP3oVBvq1bTJzcVdLLr2,353.8500754029992,398.88069019796967,315.1367510974967,0.890593991646287,0.12605470043899872,1.0,65506.787572466,10376.495723238,68716.44714732589
WiiQFxXqp8P9Fs1rt9SVcDyA3KUdJmUsog6wnVQAwba,3S2jpqSYxho6wiz3cafhjXruVY8cg4HYa2v3BqBHYFSj,Dfe67M6TfrG74gKRtdqys4e6E9QirPD53BkF4FujFjuv,31048.060587683,31003.746246878003,31007.17681886074,0.9986832102215595,3.100717681886074,1.0,19339.75909221,7366.198114138,26680.490809257877
heyk4SZTeCUV6a65WiVA5bzic3KcxgVf1qxobfeV4tQ,9ZDpBKPqMABtGfq66FbVribaArMvtk63xxy91onZAtDt,DaTP4s6N7xxSPinbNZ3FB52EpRDRt87QShTuN3VPCW52,104.02368508699601,91.01502520200017,17155.33423218845,164.91757831729646,6.86213369287538,144.86807733405652,649.205892056,4503.505851226,759479.6974769799
HDSBGqAuMRr6X2AfmmbXQPpRgU6VEhtfNVVZ3wUTZXg,DCZ1d8kNLgDcdSd99y4udLgwq46mfDXNS9KXj96kQf5L,Fq8GGYQM5Pz3q7LmVMbrXHJgsxA5ev86kTq8yGgGuYsa,108.30367695600034,108.62905183000112,107.89442391139514,0.9962212451496778,0.04315776956455805,1.0,12681.031293759,12216.710121502,24849.82290675262
4vezWG46exH6pf9nry3n1VJ7hZHvjBJNgNeF4qEFCML5,,,1.5733829999999998,1.5730820000000012,0.0,0.0,0.0,1.0,12681.031293759,12216.710121502,12216.710121502
RoBgmK8CvjdHvPrqdDyVw54VwjZv2TqJ493xnqJAQHx,ExiHJxM7qPAcy27NDHAF6G7vnW7muNHi2sVJpnaNynGQ,6rkPHSqZb7StM4HwS9EuVrmfkV7tRdc7dnsFhyB6cefE,85.90639700000035,210.0052469999993,2.0776826387690788,0.02418542403505842,0.00020776826387690792,0.9214254451636682,6026.808887,23.971616,167.84898545444597
TETFuZgEmET6d9vYmz9iMFCxK1jKdKYxf3oPz8hSzJK,Eu1Ze6Z84LWNkq7SNoAHBJbXx5t1P95EwyqYohrfCRFV,ASMbv7WNu3qe4pkhREmvyEdwFNDZQ6B6iSrjkj4u8bdC,0.8262911249999974,0.830137155999978,0.8218395464471928,0.9946125785233327,0.00032873581857887713,0.9994552968632096,293.597291182,58.677382915,350.6609799904623
Sid7E679i9ABqptiAVhkmQ27YHN8vaYT4fppPwmxFsJ,GP7KB8o1bv527HG8kTzzzf4wJ5aEGHvcMQvVhLziUfmT,9gYxhAZ1M9wu5pxr8SBoa5NDm21gi3s9vMHaYTME77sa,4130.422527999994,16290.333624000148,34.10882053301475,0.008257949471704702,0.0136435282132059,0.03469154188986338,142589.311389,6747.308932,1411.5698791138573
KZMu9QBEdL97EFgamLbN5DE1AoKBG4HdrKKJo4Vuon3,DD4ACBWyVqdaKWh7v5btsgqQCCMwbKnuL2xd9pv7Gyuw,GcYqiJ1MAuYbNTNYXm1F1gQYTfTgkErACAhNU5dpVj9T,511.615939,515.5414012800009,508.8440922226718,0.9945821727471078,0.20353763688906873,1.0,1761.50407317,1320.07781623,3072.038364626299
STK75uPSyBnEhGTTzb1nwmP3n427XoXmfRhXxxhyady,6TYyD5fUmDe6N65avW1Ny2RxzRNobw2RRgKwH9CTzSAU,54zDfk4cx2vGrEajPtodWpArNe5eUurytyxd4X3aZAxK,662.824568791999,738.5674492419982,95944.34056372869,144.75073055693713,9.59443405637287,161.30697362308368,458.560690035,85.79854523,80216.89855957401
BUSDgu5JdqP1rndBvXvanbEufS94FNh1w5FJcAj6vawb,Bgzr8cWubt89JQFXndVjtdKmDbGzuPxNhvjH1EhWCwbo,Dxaf8xPBBQsasRKW5Aa4Sw2YrbfGofY9xZueyyF23FBW,28869.238656870006,28683.194313810007,29302.034690596003,1.0149915984577933,11.720813876238402,1.0,3293.88596357,11482.50182183,14825.768401131601
BUSD5rCfUDpCxKGMvYU2yThChxgHoioK74PTPociGnv2,CcFHbafgYDZ8yA8Me1PdtDiVb2eeaS61LbqyKKK5CsNZ,26R9s4nmF3CFDTkiePDwRmtscn8i7r2eygbSijditJ58,21.01500354999999,21.026279430000002,21.016760971552426,1.000083626992889,0.002101676097155243,1.0,82.55025829,63.51989224,146.077053959863
ZUCKWFa4LTL833dPhhpeeRWZcaAEoMeYJPi2iKn4F8N,7eEYpq6ShaJ9opZWMxitRFrdCHh6vfyHhGfoSvFht3N2,H8VggnHmuwd1wvwpT8eg9cUJFEfZ7HAaeYjgXrSm7A2u,1.5158485600002223,1.5164551650002522,1.5165744289196894,1.0004788531906295,0.0006066297715678758,1.0,1916.072738944,1930.351224557,3847.3414810455215
SUiuyGR7SFq3xeRVJonq84fjjeFwRSsFekcevJ53tzy,49GjCCPsv7fBqo6t3iKDrP1xxGDS8uWZbVCdfnp2gjMf,CEwj5xEbbJEjYqM8D6Ai8ByGz1mrh8mkAVsE5fzDSSSx,4.698523000000028,3.836224000000052,0.038800165525642624,0.008257949471704702,1.552006621025705e-05,0.9198997309293286,643.5756,1.673108,6.853706385037744
SRMuKizofcAMicegrfSv7xs9q76tH1w8aAF7oX9FEWu,72Hj2KWntXPfbie4UgKeTPnm1XVkomDfCnRPKbvfTtPi,6aqJQ5wedqpUt4fFEDUqUmXhrdxCu4bEJsQdVPCADLko,567.8251350000019,565.891437000002,39.683056623006884,0.06988605149190297,0.015873222649202753,0.07019761611703572,18090.832658,4908.625951,1608.8707028388053
ALLwa5WNZbvQsRKAqe1jdRGemdYQnW8E5k4msbRFcYtu,CGoM82Hbz7QVqTgvQatYtjvDWBvoUJp5qm21P8iMs9yb,3dxNNww8TivyN5FMy5dCNdi3Zcxv6e4kUfSPxfFwpdNq,8.709538598999991,8.374080655999997,33957.96396990015,3898.939488459139,13.58318558796006,3752.035479247492,0.527791125,8.020039029,32149.296640678374
ALBpShJ9NLpE739pcHDF2LNVk5J4VYPvvKuV6jMPitZi,D6d156U1bPiJpDYRLextvDRccgFk7QzkQbJg42ceKEu5,GNcM8U5g8RwTZffwwm3kSQqUNPSwv5d2fbN9sLxPJqt2,1145.3277450000023,1144.9120550000007,1145.3334716673608,1.0000050000250003,0.45813338866694436,0.9991577100504275,47730.460983,52473.35251,100159.85436905862
KwnjUuZhTMTSGAaavkLEmSyfobY16JNH4poL9oeeEvE,J63v6qEZmQpDqCD8bd4PXu2Pq5ZbyXrFcSa3Xt1HdAPQ,BnKQtTdLw9qPCDgZkWX3sURkBAoKCUYL1yahh6Mw7mRK,2661.785854999999,88634.30532999989,92.4524286692274,0.03473323313953347,0.009245242866922741,1.0,270564.58908,767.995833,10165.578784817713
AUSejoEUCh2DBs9mof6BNC8Pubs22w4cJa1ccV9h44R,4xkyD7AfGQDwsQMy9MosRRNGoVJ1zosNinesxg1TzHG7,Cbm5gsQe3nSiCsFrvepVzMCD9xLK3ri9g3ypS2hdmVJ7,5668.802203999992,5663.258866999999,5667.498679303752,0.9997700528878358,0.5667498679303753,1.0,14543.870079,14309.309573,28849.835331075643
ercAoEmXjQzEvAFbdjAo81KtMxRGn9AW1ju882upmPH,CMRhskR2Eg6V42RTSdRTXGdozyPbWB8U9dVpijPWb9T4,7TKLLgrWswt6ZJ1pXhVR3FyufHGjJFqiEXxvWJfDcgRm,0.20216632900002196,0.2032615780001379,29.33900759879466,145.12311592100716,0.011735603039517864,139.89353821954415,329.845329503,1012.545589772,189516.7671512668
