0,1,2,3,4,5,6,7,8,9,10,11
STK75uPSyBnEhGTTzb1nwmP3n427XoXmfRhXxxhyady,6TYyD5fUmDe6N65avW1Ny2RxzRNobw2RRgKwH9CTzSAU,54zDfk4cx2vGrEajPtodWpArNe5eUurytyxd4X3aZAxK,481.7314408370023,536.7307819730026,70498.29851263747,146.3435693342904,7.049829851263747,162.71041711140847,470.141343293,87.98013872,83117.44733776634
C98Sspw7XqnMsgxea3SLQVdbMDL8pKUc3RE82UvX9eq2,CSqgQJurPCzGxb4Cgwx5R61hWQUiaoUHcShNc8r1cKEL,6S2CR5EnukPhC914XkAns8m5GixjMAoUuZMsS5ubHuWc,115.00027500000022,114.97434499999986,0.0,0.0,0.0,1.0,991.940069,991.95863,991.95863
heyk4SZTeCUV6a65WiVA5bzic3KcxgVf1qxobfeV4tQ,9ZDpBKPqMABtGfq66FbVribaArMvtk63xxy91onZAtDt,DaTP4s6N7xxSPinbNZ3FB52EpRDRt87QShTuN3VPCW52,85.32076822799559,74.86758718000044,14198.917222155567,166.41806581268682,5.679566888862228,146.30239710625563,651.076871105,4501.363735669,766911.2583602144
SAMGk1Nd4haC8zQA63DG37pzuEZy8j4q13tSFtCbcRE,9U9TnkHD3jXMAVZtynCVLgDruuqN4pTvLJTmVHCLWS8g,C6zoEbvqSknmi96QWq96UBiPCyNW3YSTvKhavR2BfifE,0.23960409000000005,0.40763199999999955,0.49149960204801696,2.051298882452369,0.0001965998408192068,0.0,53.56477961,1.17570795,109.87737255280045
Cob4usZcpHEY7Qt4ZCwj6WVg9S44zvzYV2v9qYF65dTf,NhFM9UXE48PyNAyeyPYA3iXztqKVJwA4bTdLj4ysM8w,6TuFuynuBoeskxyR2cz4wxyidk8dpDK7kAWw3UkjQGx,151.5358090000069,3828.5084899999783,1.255846179931294,0.008287454880920172,0.0005023384719725177,1.0,71958.011695,177.796185,774.1449602430386
DFWzVTzNBrQZLjoQ4yQwkj9HuoXmfkuZP9V5vbymZe23,DhgiEgiNdqZdRdo195UUHnoEJUtefK8buko8nU97XJUZ,2K2kkXsouBHtWVjtcgkyiXd8eP3oVBvq1bTJzcVdLLr2,168.51002291299483,150.78824715499468,150.53710849815215,0.8933421638419545,0.060214843399260864,1.0,65342.733044411,10522.828475535,68896.2470047763
Sid7E679i9ABqptiAVhkmQ27YHN8vaYT4fppPwmxFsJ,GP7KB8o1bv527HG8kTzzzf4wJ5aEGHvcMQvVhLziUfmT,9gYxhAZ1M9wu5pxr8SBoa5NDm21gi3s9vMHaYTME77sa,999.0599179999999,4221.750541000045,8.261243434080088,0.008269016988108302,0.003304497373632035,0.03526421981175607,142878.384857,6680.031747,1417.029899491726
WiiQFxXqp8P9Fs1rt9SVcDyA3KUdJmUsog6wnVQAwba,3S2jpqSYxho6wiz3cafhjXruVY8cg4HYa2v3BqBHYFSj,Dfe67M6TfrG74gKRtdqys4e6E9QirPD53BkF4FujFjuv,464.10665031400003,464.78386706600213,463.502921536097,0.9986991593904234,0.0463502921536097,1.0,19339.75909221,7366.198114138,26680.799262341425
MATgk4zXLXtYkwBH678J1xZbRDZ45LicNzkRBHkxTuY,y8dALFo1bJrSzPYjMX14HJX448pXqYmrfXHD1K8MXih,GN7Yuet3UyiWS5YVkEHv6oQKi4HGBJc3XDPt9zQhAqZz,51683.296124999986,51674.98784599999,51724.77939807725,1.0008026437202637,20.689911759230903,1.0,8488.043267,9572.430676,18067.286817625583
BkMBnJpvHKtWhUvrgRrLesXfi9RUV3ELgdBaJcdH7hcY,5uerVwBnZQsuVhZ15igs7ZgmcqhHnYWbwoRtLyRqLvR,9YWiQh5d4jCtgMdzcGLv9bWgnLaFtzvDDh2nnhJdzhBX,1011.0199146570001,1011.4250931650001,1011.0842671373506,1.0000636510511984,0.40443370685494023,1.0,1473.060029311,1399.195791861,2872.3495829913445
SoN9GaFpSXfpyR5dth3x7PHPVhvJMpQqqDJfCSmPv1t,9kZ9iS68ViMPtoeqtnhAKuF2iqVyfHPdZHoUNdwCELr,BBhm5fJLjw3HRzjtKB8uMEYjGhY6EDm9co3cqpjrSzB9,115.14721400500005,113.2708850640001,20123.02236147416,174.7590902251474,8.049208944589664,169.83528355189438,27.51067599,52.677262002,13754.198436338307
BSCNHw8CmxbZ8hCWWzMf5FaG2ajPT6JxfznKUNuRVrn4,7n9kgNL633yGzCYksgnzHyjG73ZLBAwvEae5sbAekbzW,SscdxE99omdG9AiMVwmaEMQySQnCgeAh1sPj2Leutm2,2587.0027462060007,2586.879440698999,2590.560515805427,1.0013752477088183,1.036224206322171,1.0,5242.516430294,6416.972513146,11666.698702149204
CZgvH45CRmoaNJ7395Ao5CQZXkGznvqU7cErD6n7FaRg,4ZjU6MKvtqVQKCiowhvZ5yUsPxXX5SCzd5eFsPeXyey5,BsyWeshjDbCvjDojry3vKDCesmFRM37WtwcR4Kfgzqr,739.65525668,740.0,738.0669881861128,0.99785269085896,0.2952267952744451,1.0,588.64445487,516.3742847,1103.7547379512353
Lid8SLUxQ9RmF7XMqUA8c24RitTwzja8VSKngJxRcUa,4PgzyzLtds9bKZ2to9PMnKqJzKEUpjvNUaeN23phegax,AtymwxoVN9peZo7EXTcDz9jKVc4vRmisJKKrNfe3ewBa,457.40955483399557,391.7930773549987,77785.75333418173,170.0571238884854,7.778575333418174,145.58333641484728,1025.594509569,7721.366700547,1298511.978521259
Lee1XZJfJ9Hm2K1qTyeCz1LXNc1YBZaKZszvNY4KCDw,9DgFSWkPDGijNKcLGbr3p5xoJbHsPgXUTr6QvGBJ5vGN,2hNHZg7XBhuhHVZ3JDEi4buq2fPQwuWBdQ9xkH7t1GQX,7344.508483680015,6261.369359904007,1256243.5349039307,171.0452833835494,125.62435349039309,145.7990766252879,7433.214191897,57111.921725051,9598281.679711798
7dwD9TF6uikvHXxPFK9AsSim54yJoujQjY9vU6gNFumk,CquVr6atkvwueDYficKjn6SSEWq4F4rH4VSiBbW4GBWU,8BCa6ge3b7ho3TfZuM64Vk1hgbrJ3J7EPiAb9uP86CGd,0.3737120589999998,0.3756183590000006,63.55328414645861,170.05949531443576,0.025421313658583446,171.06757973417123,2.235189781,1.935937352,711.2913634124645
BUSDTd9WiT6uBHJRgNvFXBsA7JrifsAtWzKfioN7ERcy,DyBxrn7gSc1EwnpWhDyhzvMHPtxpmBqRqotapLcKcfTM,Cds99GeBgoCpqBsoRWu1C6fF9LiUMd4pXQQD24s9LPff,9620.712367659999,9636.721072910004,9636.01069095317,1.001590144545283,0.9636010690953171,1.001606185695443,308.88268223,313.82910098,623.7070191350883
vEnkoSUkpnbRrPgBz9DfcVxNz67zjwMYBZraAvDDNSf,DtfyjjsZ5yCjWKLKHvwsfXs5QVsmm1QkK6Sh9JZHoq1g,e5wrKCRv4GhHvEf1VD5Pq2KGaZDXP77nTL612Jyrxwy,17159.068522000005,17170.471451999998,17178.583392734152,1.0011372919636707,1.717858339273415,1.0013047000241315,4416.715008,2440.760561,6865.683123847259
KysFMBBoavfov2tLpvefWW6tPFt6rAeZWDJVy1mMQae,B8ka2V21TH3x64dFV8ETcjuQcwmrciJ2qzy1mJUttRew,7fSf7EYxBANyxzk2s5pymFgshA91tFYQNKKs5UnLWcYS,121.9863060000007,177.7246279999381,2.986805261500422,0.024484758653978794,0.001194722104600169,0.03531355755276481,135008.91371,2242.105896,3384.837403922988
KZMu9QBEdL97EFgamLbN5DE1AoKBG4HdrKKJo4Vuon3,DD4ACBWyVqdaKWh7v5btsgqQCCMwbKnuL2xd9pv7Gyuw,GcYqiJ1MAuYbNTNYXm1F1gQYTfTgkErACAhNU5dpVj9T,255.19843863999927,256.2406670500013,254.32055967288682,0.9965600143488698,0.10172822386915474,1.0,1689.57326646,1391.7679905,3075.529149166844
ZUCKWFa4LTL833dPhhpeeRWZcaAEoMeYJPi2iKn4F8N,7eEYpq6ShaJ9opZWMxitRFrdCHh6vfyHhGfoSvFht3N2,H8VggnHmuwd1wvwpT8eg9cUJFEfZ7HAaeYjgXrSm7A2u,1.5158485600002223,1.5164551650002522,1.5165744289196894,1.0004788531906295,0.0006066297715678758,1.0,1916.072738944,1930.351224557,3847.3414810455215
BSC8REUo9LpiiWUuqMuLXs2D2yJsJfGd4HdiF3wCLxk5,AZjEH1zWVx1UJ6udMyRijGTzPteuLnaY18yNNmprJEsh,Caf8ypkSVR8xYnXNhjvfvdGCC7mrM3C11rz8Xi6NA6aK,1086.118519781,1085.6533538059998,1085.7819013328212,0.9996900720850919,0.4343127605331285,1.0,3310.686932182,2990.902550706,6300.563408590195
DEDaBEWzMCXohXYXoLzB4jK1xqMsd3SS9izXp2xvg9pe,GC5zHpW5GuVdw3C7covC6viyGdLS8ZAaVGDKMeru7p78,F8juxtAFueW19vxkdDArUkjVWAv9QV6yy1wCXUWQiXvh,0.17134496999999982,21895.134399641305,0.17134496999999982,1.0,6.853798799999993e-05,0.0,32.14413399,8633348.72245931,32.14413399
ercAoEmXjQzEvAFbdjAo81KtMxRGn9AW1ju882upmPH,CMRhskR2Eg6V42RTSdRTXGdozyPbWB8U9dVpijPWb9T4,7TKLLgrWswt6ZJ1pXhVR3FyufHGjJFqiEXxvWJfDcgRm,15.325900265999962,15.00876574299997,2237.567087080698,145.9990635620063,0.8950268348322792,142.65422740824232,344.837742241,997.236073166,192605.92900914763
NorjjEePhxfwLF4vZjUHCrVVKLzQjEEGQFd3wgjEJmh,34M8pFVqgbV7aqHxvRT5tCv3vu2P1JJYT8J3VaxBK2oG,3AZWBSze3ucsY3xSeuLne3b2pauVqiaJ1SZSV5T9WGWw,2.1281309999999394,3.1999999999970896,1.4162312201198528,0.665481222781818,0.0005664924880479411,1.0,37493.824193,2653.92598,27605.36195072415
ALLwa5WNZbvQsRKAqe1jdRGemdYQnW8E5k4msbRFcYtu,CGoM82Hbz7QVqTgvQatYtjvDWBvoUJp5qm21P8iMs9yb,3dxNNww8TivyN5FMy5dCNdi3Zcxv6e4kUfSPxfFwpdNq,3.7163589679999953,3.5681958299999996,14544.867003248384,3913.7411451606586,5.817946801299354,3835.2087504122846,0.712514942,7.830826413,32821.4530271444
daob129AwBGn9Y5r91uLoWZeYiGzbPmksauMhFZKTze,6VW5GQNyj4LStgmxEHLr5zUfW92vQnmbw8jTnCH7a38F,4VPCCUifPeBA1c7HWK358CHn2nyjm8pdTRk6Ps3KmnMQ,52.5519635159998,47.48288947399991,8470.56809453668,161.1846166691328,3.388227237814672,145.77378474226612,53.166884699,234.84077023,42803.31181791629
ALBpShJ9NLpE739pcHDF2LNVk5J4VYPvvKuV6jMPitZi,D6d156U1bPiJpDYRLextvDRccgFk7QzkQbJg42ceKEu5,GNcM8U5g8RwTZffwwm3kSQqUNPSwv5d2fbN9sLxPJqt2,8558.397840000005,8560.779599000001,8577.903993681637,1.0022791828618278,3.4311615974726553,1.0019186742612103,50352.097131,49854.169081,100416.6817598678
4vezWG46exH6pf9nry3n1VJ7hZHvjBJNgNeF4qEFCML5,,,0.03366299999999889,0.03317200000000042,0.0,0.0,0.0,1.0019186742612103,50352.097131,49854.169081,49949.82299202974
BUSD5rCfUDpCxKGMvYU2yThChxgHoioK74PTPociGnv2,CcFHbafgYDZ8yA8Me1PdtDiVb2eeaS61LbqyKKK5CsNZ,26R9s4nmF3CFDTkiePDwRmtscn8i7r2eygbSijditJ58,20.703171410000017,20.680610339999987,20.707517503773712,1.0002099240588616,0.0020707517503773714,1.0,72.63382713,73.42900626,146.0780809778018
JSoLLrxK5bYdHwTEWYaGgmeycBCNXKDiBCTw5hXGBg7,xG4wXczA7Dk4hccJ61CHKpDHW4NrNfQwgmWgkb9BuF2,BVR6WgfhsRr9Lob4QDnkEAiNGgAbv7ZieKcY9kSg3QYR,94.26038960599978,82.07496831300003,15895.697539482293,168.63602628765832,6.358279015792918,145.91069944190616,17.782599797,162.489766236,26707.78241047639
AURHmCnNwiW4uA2Qj1XvEh4iKgRUZYXtiY7FKAapUV5Y,BKWm4TRnTeKwfWXRyuzjRHU7iZDkPuXBX5b5V5jSVfGJ,A5Ww74HVrkj9nPeC7pHKLfgeDMEhBCpW1efQdz3TGLEg,1.0166607789997215,0.9031118419998734,166.88848392201615,164.15355777392674,0.06675539356880646,145.8523670672356,285.89783898,1821.22908963,312561.72112268634
parEAJhzYzHW87y9VoZAQ22dzQ2MD2ekEtTReaxbMcz,3oyc6hpjYSJEquK6dSvG72NXyz3pqLZz5D8AC71pwgQb,Di2vordgFJVZ1aj1aBpvzXtLfZgJsuLLXawGtVFwX6Rz,7.823645158000062,8.889373097000288,1122.186969361079,143.43531010140302,0.4488747877444317,166.10539653178577,1299.876220211,176.15578074,215708.57455058844
SoNcU2iwHMw6dGzsYNQkYFkUjwN1UdAjrWVRnStrZu2,8ivTTid27jZnYNc4w3CTA1Z6QS2twsFb8WMwUabeDJgc,CyXm53PMvHCbeXJBykU46Rcbo28xk5srhMZFg7gv6EYB,57.14524049800006,56.44706443300002,9790.463294183648,171.32596186249825,3.916185317673459,168.79648444185923,10.07649381,14.593366171,4189.673900037316
AUSejoEUCh2DBs9mof6BNC8Pubs22w4cJa1ccV9h44R,4xkyD7AfGQDwsQMy9MosRRNGoVJ1zosNinesxg1TzHG7,Cbm5gsQe3nSiCsFrvepVzMCD9xLK3ri9g3ypS2hdmVJ7,1727.2675059999983,1727.91298499999,1726.9773738011997,0.9998320282192592,0.17269773738011998,1.0,14525.870155,14327.373286,28850.803504723255
KEN5P7p3asnb23Sw6yAmJRGvijfAzso3RqfyLAQhznt,9zj4aX38Uxf3h6AUjS4EipWS8mwbEofasHAf3a1uKGds,CwQDG1MWunn9cLNwcZLd8YBacweSR7ARo32w4mLua1Yr,189162.8249200047,189179.19358099718,189088.70214876242,0.9996081536037874,18.90887021487624,1.0,2287791.248738,2201284.936562,4488179.722543895
Dg3mAgpwDfVNnbGWcsxL8sUcSkEbjSJQhKAWNigG44Ju,EATxwd8YA2wV93VJcKMmH2Kn2Y9XfJVUB9hHVu3udwEy,GiGvrRi7NMHfHKanG2B8xyCEqe8jaafWins8bhrLVEaa,0.3979663820000002,0.39542264499999996,67.7625226951262,170.2719771317924,0.027105009078050475,171.2624370781806,0.208809621,0.24957968,78.2980512538027
BSCuChvaSj9b5HUSqgDVRzcnr2sSn7cXaamt1jbKH6hn,GnKpRj5kBVPMJfiwZtEuD9GYApLzPdW5JFuZTcyX4BTc,3dmwD9okkomV9nDwyuh4UMhKdUR13QpuKxRo89ycZB5t,329.49935480299973,329.8646088979997,330.1561555732756,1.0019933294578636,0.13206246222931023,1.000979959380233,1594.472422246,1501.000946047,3100.1225970988316
SUiuyGR7SFq3xeRVJonq84fjjeFwRSsFekcevJ53tzy,49GjCCPsv7fBqo6t3iKDrP1xxGDS8uWZbVCdfnp2gjMf,CEwj5xEbbJEjYqM8D6Ai8ByGz1mrh8mkAVsE5fzDSSSx,0.06907400000000008,7.714319000000046,0.0005710440693509443,0.00826713480254428,2.2841762774037773e-07,0.9177755689979085,639.655884,1.708228,6.855891344946786
TETFuZgEmET6d9vYmz9iMFCxK1jKdKYxf3oPz8hSzJK,Eu1Ze6Z84LWNkq7SNoAHBJbXx5t1P95EwyqYohrfCRFV,ASMbv7WNu3qe4pkhREmvyEdwFNDZQ6B6iSrjkj4u8bdC,24.088736484000002,24.256188733000045,23.99149243945694,0.9959630906914668,0.009596596975782775,1.0019969799811024,305.762094377,46.588646431,351.2094435572822
GokA1R67GqSavkd15zR62QD68Tuc5AEfvjssntVDEbM8,3YB7hfpBdbQEuZqLGWVDpRPmeZWCUsrrWyqGXegnQ6Cg,4DPCj6Z1DsG6HUtwSogBGqXEUxdEV5a8YVrrFtcnz7UW,49117.454605999985,49130.118000999995,49108.36955763182,0.9998150342186695,4.910836955763182,1.0,19256.359458,14543.276192,33796.07388242727
FrnkTEL6yZ5Aycq2TrEgu29dCrwKG4LPUZydfiwqspkc,DjvZuMZ46fxKBoBpGMPcRcos4xdTtHFxwMh69DpA2ZFY,9rvDPJLAng4uVVqnnSoEXgNDFhBZQTny9AoQioYDZbQX,645.501931814998,547.4305125659995,111320.95966744158,172.45643146943573,44.52838386697663,145.9219413922033,323.082983568,2559.562324775,429214.04196014476
SRMuKizofcAMicegrfSv7xs9q76tH1w8aAF7oX9FEWu,72Hj2KWntXPfbie4UgKeTPnm1XVkomDfCnRPKbvfTtPi,6aqJQ5wedqpUt4fFEDUqUmXhrdxCu4bEJsQdVPCADLko,100.91325000000143,100.95353000000159,7.305457466464203,0.07239344155959797,0.0029221829865856814,0.07253528896209473,18090.832658,4908.625951,1665.7062385540112
KEVpg4SYCVrqFxKijQH6hm4QxsRdoE51ud64bEEFUC9,2bPenuBYfqzD8p5dFjCcggwkHDsc2RQDnx9AoyYGUBjA,AE6n6iLuX8oYu61vt5hoDYkjswpnxFxrhSehxrnQTnbx,398.9541292390004,399.10569731299984,398.65359147215423,0.9992466859099329,0.1594614365888617,1.0,4998.428746107,2595.366093682,7590.02945298636
oKQqupM9E7SSLAFDLxr7mdsXP7znck9qRbVWc6Yyj7Q,CMR2J7CwfW98RpvnJmFBgRFTLAd3x8CJ1SWs8Bt3uunG,FmRb5jHfSNj1YWP3b45d9vvYuhwjp4om8bALmtqZpr1v,2.6679676600001585,2.72909005999918,2.6092394209610514,0.977987649580766,0.0010436957683844206,1.0,4151.95823951,1746.93542155,5807.49930136588
HEDSDjj84KS7LKhZY7ejkCACTdPen62rKhCby1wXtgxc,EnnjMSFttpCTywBrYNt1J5QQeoSVkvzPipJDa8Y7kJow,6bjVT6JN2rSvpyn9PdfLYC8wJn4LWh49jpY47fnLDXZk,2.515207094998914,2.5895365419964946,2.442922657646114,0.9712610394998782,0.0009771690630584456,1.0,38647.892904858,9559.309071783,47096.50170903535
SEQV6QiTpvTzrceiaYg9Avnwf7oc8ZALpnQMz6TyT4A,3dFMPj4r9mMmPHF32mz1gNDX7f8ftidWof7S8YiYTs1j,Fc1ED3YPeQfXQosHbd8DTaBd2AV5gHQtwiSAL5C5pUhi,1883.6142089700006,1886.4660109760005,1884.914000426759,1.0006900518431898,0.7539656001707036,1.0016296514428977,4174.231510549,1428.22099005,5607.660439143967
KwnjUuZhTMTSGAaavkLEmSyfobY16JNH4poL9oeeEvE,J63v6qEZmQpDqCD8bd4PXu2Pq5ZbyXrFcSa3Xt1HdAPQ,BnKQtTdLw9qPCDgZkWX3sURkBAoKCUYL1yahh6Mw7mRK,903.8861730000012,25315.661034999823,31.9249571899166,0.035319665399856225,0.00319249571899166,1.0,270346.363247,775.735047,10324.278138952028
MARpDPs5A7XiyCWPNH8GsMWPLxmwNn9SBmKvPa9LzgA,6YjT74rmcfCpw8LSjPNx5JTmZoYLGrTKnf9arfSgZ4SR,F8GSmi3vA8M8TsybLya1LQ4n1aFHCRbZ6k437PeTdXtg,171885.73267999952,188560.73528300086,158831.381439488,0.9240521535035437,63.5325525757952,1.0,378904.558051,15541.689176,365669.2620153351
RoBgmK8CvjdHvPrqdDyVw54VwjZv2TqJ493xnqJAQHx,ExiHJxM7qPAcy27NDHAF6G7vnW7muNHi2sVJpnaNynGQ,6rkPHSqZb7StM4HwS9EuVrmfkV7tRdc7dnsFhyB6cefE,1.6311100000000032,61.90907199999947,0.03996297291923093,0.02450047692628385,3.996297291923093e-06,0.9220847598752971,6010.114517,24.406018,169.75508929512426
SERgf3DMJpQxUifu7VoFKmfne73d2fDJxSrxUMrcNJB,AJfM2GZ2tTB8UtN2krcyR9xufRJEx2mhSCbJyMgPo3GU,F4yRYkufQvERZcEKnKjJwRLU1btiMBUuEwq46hfm11QD,0.035620440999995395,0.03531498199999916,5.20648165322534,146.1655585124848,0.0020825926612901362,145.79352866264324,26.171410496,31.064081743,8354.30092418411
RajgMbScQbqqrdJfR2rxfHJiTiY5b6bJ2tTXiF4aPxy,725ZA3fhyBAKb5iopNRrcbSuQa3LXA1656Q3mBvYPxeg,GLA6i1dSZpUfk2f9Nj8uiG7xyDdAR2reff8oEiZH3617,123163.67854862,123345.89757069999,123226.6917497131,1.000511621622833,49.290676699885246,1.0,102480.18788636,129980.43067543,232513.04964182465
BUSDgu5JdqP1rndBvXvanbEufS94FNh1w5FJcAj6vawb,Bgzr8cWubt89JQFXndVjtdKmDbGzuPxNhvjH1EhWCwbo,Dxaf8xPBBQsasRKW5Aa4Sw2YrbfGofY9xZueyyF23FBW,14844.937340169996,14674.795797729998,14948.514099514121,1.0069772446303191,5.979405639805648,1.0,4651.71347498,10113.59817645,14797.767794295087
B2izdXFYb2sNwbWWHmh75T4aQFtfXsUxem9u2p61HGzf,4DYwgJtxwuJdAjkj5RJSNH4e7U329V5cNp7d3a1nLrZv,EXNW64GEf1ACC6xY9BtKRiunrs6GoJSXBdxWN2eTPmrF,12381.776039000002,12223.488595999988,12419.294728374422,1.0030301540955227,1.2419294728374424,1.0,9486.139751,30532.727653,40047.611869217195
MATSnbbiTCv7Dc3trJrkrqjx7ckKdr6fwPoVwv9q3sD,631WX9JizSHJm4w6VanZeJAst9T8DeUUnPLesdGkCVtK,211maUSfpnXbPuW1iBu8b4dtJv5EbN1j7JJiEX5TZKEP,470670.37767699984,470703.02726100077,469536.9155628312,0.9975918133625429,187.81476622513247,1.0006223871247917,23809.444336,20695.903978,44460.8915924766
moFiBS1R4Lf3E3zzmBPnw3NF4RhWPkhREFviuzUaCAU,44ALBrpqi9PfZkBRTvbtRNtFJGsatfY4QydjtMbFWq8S,2ho8qEEie1UjVwWNBo9y4oAJZMyMLx8zPj9bxyUz6uWs,1244.635427416004,1247.5238044529979,1241.5295116596278,0.9975045578102945,0.4966118046638512,1.0,42888.738980459,25460.179895905,68241.89250764888
wrmcMSHFi3sWpAEy4rGDvQb3ezh3PhXoV2xNjgLBkKU,8p4mGnARWPBu6P2Gcw4adodLkNDorrXniZMhaY7eJXUn,AyY89zccbsgp9LKFgH4CFZMJmpSgqmPSdTfukhP227rc,0.010782409999999909,0.1715518900000177,2.5562849691796843,237.07918444760548,0.0010225139876718736,3912.516139129074,49.67519674,0.12972873,12284.520880227268
YAkoNb6HKmSxQN9L8hiBE5tPJRsniSSMzND1boHmZxe,CfWX7o2TswwbxusJ4hCaPobu2jLCb1hfXuXJQjVq3jQF,EnTrdMMpdhugeH6Ban6gYZWXughWxKtVGfCwFn78ZmY3,7758354.111832949,7773022.470796957,7758354.111832949,1.0,775.8354111832949,1.0023404649857417,1113317.145122,125859.314634,1239471.0290750302
SAMyS8Jr2HJrkFwYVKbpUwsNStnQmvz3f8Tup8bWUWF,6jPzm5TFfquvgm25sTyN3MMGBfufRaFHMxobDWv6hMFW,Cj9ECoDmxsHTDzCY5ZA6RWrPbg9uFzEC1Qc2kso2vJG6,3357.609729619973,120.29901260999941,3346.059600327985,0.9965600143488698,1.3384238401311943,0.035465925438282586,701.28133202,110922.45666999,4632.836511989442
