0,1,2,3,4,5,6,7,8,9,10,11
ALBpShJ9NLpE739pcHDF2LNVk5J4VYPvvKuV6jMPitZi,D6d156U1bPiJpDYRLextvDRccgFk7QzkQbJg42ceKEu5,GNcM8U5g8RwTZffwwm3kSQqUNPSwv5d2fbN9sLxPJqt2,2405.100182000002,2403.0002410000016,2405.1771476687277,1.000032001024033,0.9620708590674911,0.997342083347878,47145.397194,53058.354052,100064.23526421965
Lid8SLUxQ9RmF7XMqUA8c24RitTwzja8VSKngJxRcUa,4PgzyzLtds9bKZ2to9PMnKqJzKEUpjvNUaeN23phegax,AtymwxoVN9peZo7EXTcDz9jKVc4vRmisJKKrNfe3ewBa,954.5101769779722,817.5526207420045,161526.91259752173,169.22492446222435,16.152691259752174,145.07029381086605,1023.47769356,7723.785561767,1293689.7761591263
Dg3mAgpwDfVNnbGWcsxL8sUcSkEbjSJQhKAWNigG44Ju,EATxwd8YA2wV93VJcKMmH2Kn2Y9XfJVUB9hHVu3udwEy,GiGvrRi7NMHfHKanG2B8xyCEqe8jaafWins8bhrLVEaa,0.12469057400000005,0.12556478600000004,21.446201396258424,171.9953698846427,0.00857848055850337,169.64291015626657,0.257749749,0.200358652,78.3211882171955
Cob4usZcpHEY7Qt4ZCwj6WVg9S44zvzYV2v9qYF65dTf,NhFM9UXE48PyNAyeyPYA3iXztqKVJwA4bTdLj4ysM8w,6TuFuynuBoeskxyR2cz4wxyidk8dpDK7kAWw3UkjQGx,102.68729100000257,4932.199797999987,0.8422516512554299,0.008202102159413367,0.00033690066050217195,1.0,72061.800041,176.878524,767.9367697275003
RoBgmK8CvjdHvPrqdDyVw54VwjZv2TqJ493xnqJAQHx,ExiHJxM7qPAcy27NDHAF6G7vnW7muNHi2sVJpnaNynGQ,6rkPHSqZb7StM4HwS9EuVrmfkV7tRdc7dnsFhyB6cefE,23.700400000000002,56.5593199999997,0.5895252044137927,0.024874061383512207,5.8952520441379284e-05,0.9176239778815916,5989.638871,24.95624,171.88708916409246
HEDSDjj84KS7LKhZY7ejkCACTdPen62rKhCby1wXtgxc,EnnjMSFttpCTywBrYNt1J5QQeoSVkvzPipJDa8Y7kJow,6bjVT6JN2rSvpyn9PdfLYC8wJn4LWh49jpY47fnLDXZk,19.706721116002882,20.27932148300897,19.149689806786217,0.9717339426514577,0.007659875922714486,1.0,38648.207267645,9559.0019276,47114.776752199396
BUSDgu5JdqP1rndBvXvanbEufS94FNh1w5FJcAj6vawb,Bgzr8cWubt89JQFXndVjtdKmDbGzuPxNhvjH1EhWCwbo,Dxaf8xPBBQsasRKW5Aa4Sw2YrbfGofY9xZueyyF23FBW,62875.097742990016,62883.87225925005,62912.681779084836,1.0005977571000915,25.165072711633933,1.0,7140.41402087,7607.50306083,14752.185314878569
BSCNHw8CmxbZ8hCWWzMf5FaG2ajPT6JxfznKUNuRVrn4,7n9kgNL633yGzCYksgnzHyjG73ZLBAwvEae5sbAekbzW,SscdxE99omdG9AiMVwmaEMQySQnCgeAh1sPj2Leutm2,270.80023256999993,271.4992802729994,269.8622547899799,0.9965362740972624,0.10794490191599196,1.0,7166.338090855,4493.851452747,11635.36731272893
KwnjUuZhTMTSGAaavkLEmSyfobY16JNH4poL9oeeEvE,J63v6qEZmQpDqCD8bd4PXu2Pq5ZbyXrFcSa3Xt1HdAPQ,BnKQtTdLw9qPCDgZkWX3sURkBAoKCUYL1yahh6Mw7mRK,731.6113009999824,19099.03285299975,25.844017970569517,0.035324793281959074,0.002584401797056952,1.0,270219.856599,779.883386,10325.343961040298
parEAJhzYzHW87y9VoZAQ22dzQ2MD2ekEtTReaxbMcz,3oyc6hpjYSJEquK6dSvG72NXyz3pqLZz5D8AC71pwgQb,Di2vordgFJVZ1aj1aBpvzXtLfZgJsuLLXawGtVFwX6Rz,56.81544047700001,65.31959596100003,8062.410002192439,141.9052626276172,3.2249640008769758,164.5867834837821,1298.974344657,176.927652469,213451.24875429767
ercAoEmXjQzEvAFbdjAo81KtMxRGn9AW1ju882upmPH,CMRhskR2Eg6V42RTSdRTXGdozyPbWB8U9dVpijPWb9T4,7TKLLgrWswt6ZJ1pXhVR3FyufHGjJFqiEXxvWJfDcgRm,0.20447648399999707,0.20207773500004578,29.67177128196751,145.1109227893802,0.011868708512787004,141.177334261339,329.844717347,1012.545589772,190812.55849351172
FrnkTEL6yZ5Aycq2TrEgu29dCrwKG4LPUZydfiwqspkc,DjvZuMZ46fxKBoBpGMPcRcos4xdTtHFxwMh69DpA2ZFY,9rvDPJLAng4uVVqnnSoEXgNDFhBZQTny9AoQioYDZbQX,429.11009777400454,365.4278069200003,73630.64091193538,171.58915927145986,29.452256364774154,145.0971527005337,316.250054159,2567.192161167,426757.35393315786
vEnkoSUkpnbRrPgBz9DfcVxNz67zjwMYBZraAvDDNSf,DtfyjjsZ5yCjWKLKHvwsfXs5QVsmm1QkK6Sh9JZHoq1g,e5wrKCRv4GhHvEf1VD5Pq2KGaZDXP77nTL612Jyrxwy,21306.968902000008,21322.01524900001,21306.45754701888,0.9999760005759861,2.130645754701888,0.997342083347878,4683.467499,2171.41532,6848.998977539935
SAMyS8Jr2HJrkFwYVKbpUwsNStnQmvz3f8Tup8bWUWF,6jPzm5TFfquvgm25sTyN3MMGBfufRaFHMxobDWv6hMFW,Cj9ECoDmxsHTDzCY5ZA6RWrPbg9uFzEC1Qc2kso2vJG6,2898.4055859200057,126.83126638000772,2883.65014995818,0.9949091196782448,1.153460059983272,0.03595555648720397,706.40003808,110772.48399929,4685.690145691221
GokA1R67GqSavkd15zR62QD68Tuc5AEfvjssntVDEbM8,3YB7hfpBdbQEuZqLGWVDpRPmeZWCUsrrWyqGXegnQ6Cg,4DPCj6Z1DsG6HUtwSogBGqXEUxdEV5a8YVrrFtcnz7UW,49794.770613000015,49828.83625000001,49786.306940820075,0.9998300288950879,4.978630694082008,1.0,19224.237223,14568.893157,33789.862815158114
moFiBS1R4Lf3E3zzmBPnw3NF4RhWPkhREFviuzUaCAU,44ALBrpqi9PfZkBRTvbtRNtFJGsatfY4QydjtMbFWq8S,2ho8qEEie1UjVwWNBo9y4oAJZMyMLx8zPj9bxyUz6uWs,734.7115998219997,737.3999999999942,732.0383356395661,0.9963614781867045,0.29281533425582645,1.0,44136.305261065,24333.914913242,68309.62926485634
YAkoNb6HKmSxQN9L8hiBE5tPJRsniSSMzND1boHmZxe,CfWX7o2TswwbxusJ4hCaPobu2jLCb1hfXuXJQjVq3jQF,EnTrdMMpdhugeH6Ban6gYZWXughWxKtVGfCwFn78ZmY3,10790978.104435964,10799122.758308072,10790978.104435964,1.0,1079.0978104435965,1.0011453102349088,1069835.852203,151348.574943,1221357.7682179213
BSC8REUo9LpiiWUuqMuLXs2D2yJsJfGd4HdiF3wCLxk5,AZjEH1zWVx1UJ6udMyRijGTzPteuLnaY18yNNmprJEsh,Caf8ypkSVR8xYnXNhjvfvdGCC7mrM3C11rz8Xi6NA6aK,3894.9571276740003,3897.2863055410007,3894.224869312249,0.999811998351266,1.5576899477248998,0.9999783404691454,3203.165499988,3097.869536162,6300.365737354032
ALLwa5WNZbvQsRKAqe1jdRGemdYQnW8E5k4msbRFcYtu,CGoM82Hbz7QVqTgvQatYtjvDWBvoUJp5qm21P8iMs9yb,3dxNNww8TivyN5FMy5dCNdi3Zcxv6e4kUfSPxfFwpdNq,4.5868861139999995,4.586954139000001,17925.926660934812,3908.081913396905,7.170370664373925,3910.343640999171,2.935760574,5.590065607,33332.27030041374
BSCuChvaSj9b5HUSqgDVRzcnr2sSn7cXaamt1jbKH6hn,GnKpRj5kBVPMJfiwZtEuD9GYApLzPdW5JFuZTcyX4BTc,3dmwD9okkomV9nDwyuh4UMhKdUR13QpuKxRo89ycZB5t,250.0631093359998,250.2260229640001,250.2727650837654,1.0008384113447293,0.10010910603350616,0.9982410991832391,1682.002120479,1413.37216785,3094.29851652825
STK75uPSyBnEhGTTzb1nwmP3n427XoXmfRhXxxhyady,6TYyD5fUmDe6N65avW1Ny2RxzRNobw2RRgKwH9CTzSAU,54zDfk4cx2vGrEajPtodWpArNe5eUurytyxd4X3aZAxK,752.4738554299985,838.0374942299993,109095.30613351474,144.98218821326705,10.909530613351475,161.52675084902498,466.831811965,87.40295647,81800.21319944799
HDSBGqAuMRr6X2AfmmbXQPpRgU6VEhtfNVVZ3wUTZXg,DCZ1d8kNLgDcdSd99y4udLgwq46mfDXNS9KXj96kQf5L,Fq8GGYQM5Pz3q7LmVMbrXHJgsxA5ev86kTq8yGgGuYsa,108.30367695600034,108.62905183000112,107.84518308188456,0.9957665899533397,0.04313807323275382,1.0,12681.031293759,12216.710121502,24844.057409979985
SEQV6QiTpvTzrceiaYg9Avnwf7oc8ZALpnQMz6TyT4A,3dFMPj4r9mMmPHF32mz1gNDX7f8ftidWof7S8YiYTs1j,Fc1ED3YPeQfXQosHbd8DTaBd2AV5gHQtwiSAL5C5pUhi,701.4582200649998,701.7004312480003,701.9367394654709,1.0006821780496447,0.28077469578618836,1.001201441730076,3076.824906612,2524.015925511,5605.972232597176
7dwD9TF6uikvHXxPFK9AsSim54yJoujQjY9vU6gNFumk,CquVr6atkvwueDYficKjn6SSEWq4F4rH4VSiBbW4GBWU,8BCa6ge3b7ho3TfZuM64Vk1hgbrJ3J7EPiAb9uP86CGd,2.214651392999998,2.2219848780000007,374.872987427675,169.26952413935757,0.14994919497107,170.0324881075027,2.207928909,1.962896064,707.4911774183047
wrmcMSHFi3sWpAEy4rGDvQb3ezh3PhXoV2xNjgLBkKU,8p4mGnARWPBu6P2Gcw4adodLkNDorrXniZMhaY7eJXUn,AyY89zccbsgp9LKFgH4CFZMJmpSgqmPSdTfukhP227rc,0.07133030000000362,0.6487014600000084,17.841495747874845,250.12506253126566,0.0071365982991499375,3904.8771916123237,49.59785822,0.13455188,12931.075955994907
daob129AwBGn9Y5r91uLoWZeYiGzbPmksauMhFZKTze,6VW5GQNyj4LStgmxEHLr5zUfW92vQnmbw8jTnCH7a38F,4VPCCUifPeBA1c7HWK358CHn2nyjm8pdTRk6Ps3KmnMQ,68.18793516700018,61.560196372000014,10907.109873384787,159.9565941786037,4.362843949353914,144.95362788490334,52.701051149,235.325343509,42541.142926317065
SUiuyGR7SFq3xeRVJonq84fjjeFwRSsFekcevJ53tzy,49GjCCPsv7fBqo6t3iKDrP1xxGDS8uWZbVCdfnp2gjMf,CEwj5xEbbJEjYqM8D6Ai8ByGz1mrh8mkAVsE5fzDSSSx,8.784113999999935,43.697942,0.07204831682462069,0.008202115412507309,2.8819326729848282e-05,0.920580591767616,644.445566,1.665441,6.818989570744646
heyk4SZTeCUV6a65WiVA5bzic3KcxgVf1qxobfeV4tQ,9ZDpBKPqMABtGfq66FbVribaArMvtk63xxy91onZAtDt,DaTP4s6N7xxSPinbNZ3FB52EpRDRt87QShTuN3VPCW52,453.5970561460008,400.20423742399987,74537.75628821926,164.32592601356643,29.815102515287705,145.17365818165348,655.727062964,4496.010181348,760455.2020819638
B2izdXFYb2sNwbWWHmh75T4aQFtfXsUxem9u2p61HGzf,4DYwgJtxwuJdAjkj5RJSNH4e7U329V5cNp7d3a1nLrZv,EXNW64GEf1ACC6xY9BtKRiunrs6GoJSXBdxWN2eTPmrF,23554.26780699993,23287.338544,23724.22817766472,1.007215693226273,2.372422817766472,1.0,9846.150742,30166.478134,40083.67567921391
SoN9GaFpSXfpyR5dth3x7PHPVhvJMpQqqDJfCSmPv1t,9kZ9iS68ViMPtoeqtnhAKuF2iqVyfHPdZHoUNdwCELr,BBhm5fJLjw3HRzjtKB8uMEYjGhY6EDm9co3cqpjrSzB9,60.39271444499997,59.68972343000005,10374.079544948969,171.77700390328886,4.1496318179795875,167.66235752052856,28.997572004,51.080345186,13545.36713616415
NorjjEePhxfwLF4vZjUHCrVVKLzQjEEGQFd3wgjEJmh,34M8pFVqgbV7aqHxvRT5tCv3vu2P1JJYT8J3VaxBK2oG,3AZWBSze3ucsY3xSeuLne3b2pauVqiaJ1SZSV5T9WGWw,10.771156999997856,14.961043000002974,7.173244209075182,0.6659678444086006,0.002869297683630073,1.0,37489.344193,2656.905675,27623.603415504294
TETFuZgEmET6d9vYmz9iMFCxK1jKdKYxf3oPz8hSzJK,Eu1Ze6Z84LWNkq7SNoAHBJbXx5t1P95EwyqYohrfCRFV,ASMbv7WNu3qe4pkhREmvyEdwFNDZQ6B6iSrjkj4u8bdC,20.549922964000025,20.608904803000016,20.47516522827812,0.9963621403421867,0.008190066091311248,1.0012295098380812,292.767154026,59.50367404,351.2789425998702
Lee1XZJfJ9Hm2K1qTyeCz1LXNc1YBZaKZszvNY4KCDw,9DgFSWkPDGijNKcLGbr3p5xoJbHsPgXUTr6QvGBJ5vGN,2hNHZg7XBhuhHVZ3JDEi4buq2fPQwuWBdQ9xkH7t1GQX,7214.621295484703,6152.566877640988,1230545.6209268044,170.56274619666397,123.05456209268044,145.33447275559973,7431.983232726,57114.373760327,9568306.867084691
MARpDPs5A7XiyCWPNH8GsMWPLxmwNn9SBmKvPa9LzgA,6YjT74rmcfCpw8LSjPNx5JTmZoYLGrTKnf9arfSgZ4SR,F8GSmi3vA8M8TsybLya1LQ4n1aFHCRbZ6k437PeTdXtg,246175.7456620009,266717.1407779986,226328.54306366222,0.9193779121295366,90.53141722546488,1.0,379071.248685,15322.88058,363832.6137443516
AUSejoEUCh2DBs9mof6BNC8Pubs22w4cJa1ccV9h44R,4xkyD7AfGQDwsQMy9MosRRNGoVJ1zosNinesxg1TzHG7,Cbm5gsQe3nSiCsFrvepVzMCD9xLK3ri9g3ypS2hdmVJ7,4296.560308,4290.437836999998,4295.580915551255,0.9997720519721505,0.42955809155512553,1.0,14547.699272,14305.263608,28849.646760641197
JSoLLrxK5bYdHwTEWYaGgmeycBCNXKDiBCTw5hXGBg7,xG4wXczA7Dk4hccJ61CHKpDHW4NrNfQwgmWgkb9BuF2,BVR6WgfhsRr9Lob4QDnkEAiNGgAbv7ZieKcY9kSg3QYR,46.783812610000155,40.438636280999965,7848.249010115859,167.75565248477156,3.139299604046344,145.44293117538686,17.75324447,162.46884562,26608.152241440723
MATgk4zXLXtYkwBH678J1xZbRDZ45LicNzkRBHkxTuY,y8dALFo1bJrSzPYjMX14HJX448pXqYmrfXHD1K8MXih,GN7Yuet3UyiWS5YVkEHv6oQKi4HGBJc3XDPt9zQhAqZz,92928.6713200001,93005.47482200002,92928.57839142172,0.9999990000010001,37.17143135656869,1.0,9547.887641,8466.607984,18014.486077121906
BUSDTd9WiT6uBHJRgNvFXBsA7JrifsAtWzKfioN7ERcy,DyBxrn7gSc1EwnpWhDyhzvMHPtxpmBqRqotapLcKcfTM,Cds99GeBgoCpqBsoRWu1C6fF9LiUMd4pXQQD24s9LPff,13592.505458270001,13646.02800525,13625.21974713507,1.0024067887237937,1.3625219747135071,1.0012114658737072,281.90517286,339.65636872,622.6515098707101
KEVpg4SYCVrqFxKijQH6hm4QxsRdoE51ud64bEEFUC9,2bPenuBYfqzD8p5dFjCcggwkHDsc2RQDnx9AoyYGUBjA,AE6n6iLuX8oYu61vt5hoDYkjswpnxFxrhSehxrnQTnbx,6403.761899323999,6401.118467651001,6398.700495238763,0.9992096201943782,2.5594801980955055,1.0,5008.641871112,2585.001400603,7589.684542326482
SAMGk1Nd4haC8zQA63DG37pzuEZy8j4q13tSFtCbcRE,9U9TnkHD3jXMAVZtynCVLgDruuqN4pTvLJTmVHCLWS8g,C6zoEbvqSknmi96QWq96UBiPCyNW3YSTvKhavR2BfifE,0.004164679999999921,0.0065910000000002356,0.009191220771768581,2.206945256722907,3.676488308707433e-06,0.0,53.15714761,1.41531204,117.31491477880893
KysFMBBoavfov2tLpvefWW6tPFt6rAeZWDJVy1mMQae,B8ka2V21TH3x64dFV8ETcjuQcwmrciJ2qzy1mJUttRew,7fSf7EYxBANyxzk2s5pymFgshA91tFYQNKKs5UnLWcYS,385.1982259999995,540.4689809999836,9.59241549216103,0.02490254327433232,0.0038369661968644117,0.035376261743017424,134996.841374,2250.284421,3441.371334887742
KEN5P7p3asnb23Sw6yAmJRGvijfAzso3RqfyLAQhznt,9zj4aX38Uxf3h6AUjS4EipWS8mwbEofasHAf3a1uKGds,CwQDG1MWunn9cLNwcZLd8YBacweSR7ARo32w4mLua1Yr,379406.93374900334,379482.4494049959,379367.47953113203,0.9998960108148751,37.936747953113205,1.0,2316914.375627,2223325.310023,4539998.751612075
RajgMbScQbqqrdJfR2rxfHJiTiY5b6bJ2tTXiF4aPxy,725ZA3fhyBAKb5iopNRrcbSuQa3LXA1656Q3mBvYPxeg,GLA6i1dSZpUfk2f9Nj8uiG7xyDdAR2reff8oEiZH3617,86899.35089325003,87025.37321684996,86890.59145272568,0.9998992001616318,34.75623658109028,1.0,132946.33492116,99451.78522708,232384.71917916834
KEnkcdADoLR5jS2CLLLesy8TtFsyWL37BhXNfDMzWzP,3qsjFRuw1qeLMPo4DLwaQevenGAGBj9dA3Q6rb8ax2YR,77iEv8zPQAEyCcEbvBRSB6AFcUdfkhiqnAKtPxk76rNN,2.117815999999996,1.4270129999999948,0.017430237622351137,0.008230288949725174,6.972095048940454e-06,1.0011032157437496,119.861133,0.291436,1.2782492752149346
DFWzVTzNBrQZLjoQ4yQwkj9HuoXmfkuZP9V5vbymZe23,DhgiEgiNdqZdRdo195UUHnoEJUtefK8buko8nU97XJUZ,2K2kkXsouBHtWVjtcgkyiXd8eP3oVBvq1bTJzcVdLLr2,1372.2495703959958,1488.5563172519724,1213.5300096598485,0.8843362285110099,0.4854120038639394,1.0,65861.872178885,10061.361170238,68305.40081558737
AURHmCnNwiW4uA2Qj1XvEh4iKgRUZYXtiY7FKAapUV5Y,BKWm4TRnTeKwfWXRyuzjRHU7iZDkPuXBX5b5V5jSVfGJ,A5Ww74HVrkj9nPeC7pHKLfgeDMEhBCpW1efQdz3TGLEg,0.14841278100038835,0.13096127900001875,24.232600686910306,163.27839505175027,0.009693040274764123,145.50377334935428,286.785330274,1820.23009012,311676.19492802006
Sid7E679i9ABqptiAVhkmQ27YHN8vaYT4fppPwmxFsJ,GP7KB8o1bv527HG8kTzzzf4wJ5aEGHvcMQvVhLziUfmT,9gYxhAZ1M9wu5pxr8SBoa5NDm21gi3s9vMHaYTME77sa,2787.822640999997,11816.649088000035,22.944585876015925,0.008230288949725174,0.009177834350406372,0.0354662336097678,143314.930918,6577.911806,1412.8170490410876
4vezWG46exH6pf9nry3n1VJ7hZHvjBJNgNeF4qEFCML5,,,0.0028100000000002012,0.002863000000001392,0.0,0.0,0.0,0.0354662336097678,143314.930918,6577.911806,233.2937567760456
C98Sspw7XqnMsgxea3SLQVdbMDL8pKUc3RE82UvX9eq2,CSqgQJurPCzGxb4Cgwx5R61hWQUiaoUHcShNc8r1cKEL,6S2CR5EnukPhC914XkAns8m5GixjMAoUuZMsS5ubHuWc,283.51800000000003,283.58747299999936,0.0,0.0,0.0,1.0,990.162131,959.358074,959.358074
SoNcU2iwHMw6dGzsYNQkYFkUjwN1UdAjrWVRnStrZu2,8ivTTid27jZnYNc4w3CTA1Z6QS2twsFb8WMwUabeDJgc,CyXm53PMvHCbeXJBykU46Rcbo28xk5srhMZFg7gv6EYB,37.06255208099999,36.60648054900003,6313.323001671058,170.34237113173768,2.525329200668423,168.37962061040642,10.780194383,13.842047301,4167.04254547494
MATSnbbiTCv7Dc3trJrkrqjx7ckKdr6fwPoVwv9q3sD,631WX9JizSHJm4w6VanZeJAst9T8DeUUnPLesdGkCVtK,211maUSfpnXbPuW1iBu8b4dtJv5EbN1j7JJiEX5TZKEP,93648.94024500006,94106.29484500003,93552.67454289543,0.9989720577525727,37.42106981715818,1.0013698739876151,23709.478999,20529.983527,44243.21404127224
KZMu9QBEdL97EFgamLbN5DE1AoKBG4HdrKKJo4Vuon3,DD4ACBWyVqdaKWh7v5btsgqQCCMwbKnuL2xd9pv7Gyuw,GcYqiJ1MAuYbNTNYXm1F1gQYTfTgkErACAhNU5dpVj9T,107.19057879999968,107.76129282999909,106.64488439170921,0.9949091196782448,0.04265795375668369,0.9986582227850306,1749.79664415,1331.51443217,3070.616475290735
SERgf3DMJpQxUifu7VoFKmfne73d2fDJxSrxUMrcNJB,AJfM2GZ2tTB8UtN2krcyR9xufRJEx2mhSCbJyMgPo3GU,F4yRYkufQvERZcEKnKjJwRLU1btiMBUuEwq46hfm11QD,0.0005580890000018712,9.948900000011918e-05,0.08127792208727322,145.63612987713555,3.2511168834909284e-05,145.42448753501276,26.136193374,31.099208324,8328.960485972097
WiiQFxXqp8P9Fs1rt9SVcDyA3KUdJmUsog6wnVQAwba,3S2jpqSYxho6wiz3cafhjXruVY8cg4HYa2v3BqBHYFSj,Dfe67M6TfrG74gKRtdqys4e6E9QirPD53BkF4FujFjuv,34326.513821604,34283.45961870101,34278.04076426668,0.9985878828945686,3.4278040764266686,1.0,19342.474183798,7363.440412452,26678.600757593693
