0,1,2,3,4,5,6,7,8,9,10,11
AURHmCnNwiW4uA2Qj1XvEh4iKgRUZYXtiY7FKAapUV5Y,BKWm4TRnTeKwfWXRyuzjRHU7iZDkPuXBX5b5V5jSVfGJ,A5Ww74HVrkj9nPeC7pHKLfgeDMEhBCpW1efQdz3TGLEg,0.3696818700004769,0.3285306209999703,62.23441252016396,168.34586050996677,0.02489376500806558,150.1843813650018,286.52619433,1818.374609719,321326.96459360444
BerKDkt6v49dT1bHRedgnpsJS263C1DSJtEGvY9Mg35V,78XKqNb8wbfsMMrvo8WPUpdx7GEkfQutpNVH943aCGFa,DKYQwn4nDvFHCszi5tXbqfVMAP7DaXXp1KGTXEnYnKVH,61.39499117799983,61.41960602599988,61.64266251945962,1.0040340642894097,0.02465706500778385,1.0,1340.351451808,2198.55836717,3544.3168829049973
Sid7E679i9ABqptiAVhkmQ27YHN8vaYT4fppPwmxFsJ,GP7KB8o1bv527HG8kTzzzf4wJ5aEGHvcMQvVhLziUfmT,9gYxhAZ1M9wu5pxr8SBoa5NDm21gi3s9vMHaYTME77sa,21582.17204399999,54013.70444300007,198.28943643361012,0.009187649696673421,0.07931577457344405,0.03577965258386697,140911.384384,7193.991098,1552.0429401713611
DFWzVTzNBrQZLjoQ4yQwkj9HuoXmfkuZP9V5vbymZe23,DhgiEgiNdqZdRdo195UUHnoEJUtefK8buko8nU97XJUZ,2K2kkXsouBHtWVjtcgkyiXd8eP3oVBvq1bTJzcVdLLr2,4.0319963170004485,4.624412661007227,3.5123484794505115,0.8711189701838512,0.0014049393917802049,1.0,66540.718157853,9467.012764829,67431.89464179179
KwnjUuZhTMTSGAaavkLEmSyfobY16JNH4poL9oeeEvE,J63v6qEZmQpDqCD8bd4PXu2Pq5ZbyXrFcSa3Xt1HdAPQ,BnKQtTdLw9qPCDgZkWX3sURkBAoKCUYL1yahh6Mw7mRK,1853.0771799999989,53157.6973029988,66.32270892322171,0.03579058100711259,0.006632270892322172,1.0,270301.127594,778.190317,10452.424720466934
daob129AwBGn9Y5r91uLoWZeYiGzbPmksauMhFZKTze,6VW5GQNyj4LStgmxEHLr5zUfW92vQnmbw8jTnCH7a38F,4VPCCUifPeBA1c7HWK358CHn2nyjm8pdTRk6Ps3KmnMQ,34.52239707699999,31.15394584300003,5714.862258041552,165.54071391088283,2.2859449032166212,150.18417836714053,53.784447793,232.099344211,43761.165194837
RoBgmK8CvjdHvPrqdDyVw54VwjZv2TqJ493xnqJAQHx,ExiHJxM7qPAcy27NDHAF6G7vnW7muNHi2sVJpnaNynGQ,6rkPHSqZb7StM4HwS9EuVrmfkV7tRdc7dnsFhyB6cefE,0.5366089999999986,21.062149999999747,0.01333773078348828,0.024855585320947497,1.333773078348828e-06,0.8995896072211857,6040.422503,23.627775,171.3935377296483
BSCuChvaSj9b5HUSqgDVRzcnr2sSn7cXaamt1jbKH6hn,GnKpRj5kBVPMJfiwZtEuD9GYApLzPdW5JFuZTcyX4BTc,3dmwD9okkomV9nDwyuh4UMhKdUR13QpuKxRo89ycZB5t,36.562001093999925,36.55897702800007,36.60994628507367,1.0013113393588737,0.014643978514029468,0.9960466906846727,1461.82316767,1633.725641047,3091.007132177039
wrmcMSHFi3sWpAEy4rGDvQb3ezh3PhXoV2xNjgLBkKU,8p4mGnARWPBu6P2Gcw4adodLkNDorrXniZMhaY7eJXUn,AyY89zccbsgp9LKFgH4CFZMJmpSgqmPSdTfukhP227rc,0.036664800000000414,0.30856864999999556,9.674089709762644,263.85224274406335,0.003869635883905057,4005.928774586388,49.57302648,0.1362123,13625.610988381435
C98Sspw7XqnMsgxea3SLQVdbMDL8pKUc3RE82UvX9eq2,CSqgQJurPCzGxb4Cgwx5R61hWQUiaoUHcShNc8r1cKEL,6S2CR5EnukPhC914XkAns8m5GixjMAoUuZMsS5ubHuWc,103.63972999999942,103.5021519999998,0.0,0.0,0.0,1.0,942.23606,1070.71571,1070.71571
ALLwa5WNZbvQsRKAqe1jdRGemdYQnW8E5k4msbRFcYtu,CGoM82Hbz7QVqTgvQatYtjvDWBvoUJp5qm21P8iMs9yb,3dxNNww8TivyN5FMy5dCNdi3Zcxv6e4kUfSPxfFwpdNq,6.323641764000002,6.004582183999999,25293.55531378746,3999.840006399744,10.117422125514985,3948.0905060267605,0.816003976,7.739301742,33819.34907945263
7dwD9TF6uikvHXxPFK9AsSim54yJoujQjY9vU6gNFumk,CquVr6atkvwueDYficKjn6SSEWq4F4rH4VSiBbW4GBWU,8BCa6ge3b7ho3TfZuM64Vk1hgbrJ3J7EPiAb9uP86CGd,1.7234842110000015,1.7630753099999996,293.8086043153697,170.47362687755393,0.11752344172614787,173.85347976432422,2.697615526,1.481895595,717.5050084765941
KEnkcdADoLR5jS2CLLLesy8TtFsyWL37BhXNfDMzWzP,3qsjFRuw1qeLMPo4DLwaQevenGAGBj9dA3Q6rb8ax2YR,77iEv8zPQAEyCcEbvBRSB6AFcUdfkhiqnAKtPxk76rNN,1.1639059999999946,3.481922999999995,0.010693560607856326,0.009187649696673421,4.27742424314253e-06,0.9994053538144805,120.190377,0.2891,1.3931951685748807
vEnkoSUkpnbRrPgBz9DfcVxNz67zjwMYBZraAvDDNSf,DtfyjjsZ5yCjWKLKHvwsfXs5QVsmm1QkK6Sh9JZHoq1g,e5wrKCRv4GhHvEf1VD5Pq2KGaZDXP77nTL612Jyrxwy,6269.3207820000025,6267.939203000001,6261.143728290855,0.9986957034113447,0.6261143728290854,0.9996831004571551,3398.324342,3464.023807,6856.817978592743
FrnkTEL6yZ5Aycq2TrEgu29dCrwKG4LPUZydfiwqspkc,DjvZuMZ46fxKBoBpGMPcRcos4xdTtHFxwMh69DpA2ZFY,9rvDPJLAng4uVVqnnSoEXgNDFhBZQTny9AoQioYDZbQX,566.3339877000018,481.621962593,99497.41058727387,175.68680804652607,39.79896423490955,149.60928786427803,327.168466459,2565.179779823,441253.9036688232
SAMGk1Nd4haC8zQA63DG37pzuEZy8j4q13tSFtCbcRE,9U9TnkHD3jXMAVZtynCVLgDruuqN4pTvLJTmVHCLWS8g,C6zoEbvqSknmi96QWq96UBiPCyNW3YSTvKhavR2BfifE,0.2921455799999999,0.481533000000006,0.59570243586136,2.0390602379175484,0.00023828097434454401,0.0,53.51302994,1.20435105,109.1162915611453
BUSDTd9WiT6uBHJRgNvFXBsA7JrifsAtWzKfioN7ERcy,DyBxrn7gSc1EwnpWhDyhzvMHPtxpmBqRqotapLcKcfTM,Cds99GeBgoCpqBsoRWu1C6fF9LiUMd4pXQQD24s9LPff,5967.790462099997,5944.347463239999,5986.297339777814,1.0031011272589663,0.5986297339777815,0.9986418470879603,247.75485905,377.30817164,625.3189078448921
MATSnbbiTCv7Dc3trJrkrqjx7ckKdr6fwPoVwv9q3sD,631WX9JizSHJm4w6VanZeJAst9T8DeUUnPLesdGkCVtK,211maUSfpnXbPuW1iBu8b4dtJv5EbN1j7JJiEX5TZKEP,201674.66658499994,200916.59482800003,201524.73218425486,0.9992565531244754,80.60989287370194,0.9997910436718727,22265.382,22358.236439,44602.39341533004
RajgMbScQbqqrdJfR2rxfHJiTiY5b6bJ2tTXiF4aPxy,725ZA3fhyBAKb5iopNRrcbSuQa3LXA1656Q3mBvYPxeg,GLA6i1dSZpUfk2f9Nj8uiG7xyDdAR2reff8oEiZH3617,725123.1357614205,725329.4032986301,724892.917019904,0.9996825108313849,289.95716680796164,1.0,124398.28434406,108748.24888957,233107.03812575646
BkwbeSfcX1h4thMDd7obGkHrPevf3QwgzJ4pCEqG18Lu,35yX27bmurdebhfAb8EPmjLETDiUaEUCn9zHaDPbakH2,2CxECn1ZJFoESyUnQysQU8rRgT3iJ5GRs2Mdd6gZjx5g,0.0004496500000001902,0.0003972000000000975,0.7765573459064127,1727.0262335284872,0.0003106229383625651,1510.5740181268882,1.8081996,21.48956873,35584.392328945745
B2izdXFYb2sNwbWWHmh75T4aQFtfXsUxem9u2p61HGzf,4DYwgJtxwuJdAjkj5RJSNH4e7U329V5cNp7d3a1nLrZv,EXNW64GEf1ACC6xY9BtKRiunrs6GoJSXBdxWN2eTPmrF,10854.51946300001,10715.793591000014,10880.872937254038,1.00242788032615,1.0880872937254038,1.0,9618.011166,30403.143118,40044.505664086624
ALBpShJ9NLpE739pcHDF2LNVk5J4VYPvvKuV6jMPitZi,D6d156U1bPiJpDYRLextvDRccgFk7QzkQbJg42ceKEu5,GNcM8U5g8RwTZffwwm3kSQqUNPSwv5d2fbN9sLxPJqt2,548.671832,549.0611659999995,548.1927115700877,0.9991267632089553,0.2192770846280351,0.9997240761549813,51546.59782,48663.401865,100151.55990637612
BkMBnJpvHKtWhUvrgRrLesXfi9RUV3ELgdBaJcdH7hcY,5uerVwBnZQsuVhZ15igs7ZgmcqhHnYWbwoRtLyRqLvR,9YWiQh5d4jCtgMdzcGLv9bWgnLaFtzvDDh2nnhJdzhBX,3.054714184999966,3.05593636399999,3.0549499202105594,1.0000771709548968,0.0012219799680842237,1.0,1471.600204339,1400.65693504,2872.3707041719954
Lee1XZJfJ9Hm2K1qTyeCz1LXNc1YBZaKZszvNY4KCDw,9DgFSWkPDGijNKcLGbr3p5xoJbHsPgXUTr6QvGBJ5vGN,2hNHZg7XBhuhHVZ3JDEi4buq2fPQwuWBdQ9xkH7t1GQX,14773.37872994537,12627.250727530001,2591079.4174413197,175.38841078982486,259.107941744132,149.87939954115922,7426.770947746,56498.272361169,9770496.690430094
BSC8REUo9LpiiWUuqMuLXs2D2yJsJfGd4HdiF3wCLxk5,AZjEH1zWVx1UJ6udMyRijGTzPteuLnaY18yNNmprJEsh,Caf8ypkSVR8xYnXNhjvfvdGCC7mrM3C11rz8Xi6NA6aK,98.85360172500032,98.89000000000033,98.85989119127792,1.000063624047762,0.03954395647651117,1.0,3109.282072268,3192.942253214,6302.422150593072
STK75uPSyBnEhGTTzb1nwmP3n427XoXmfRhXxxhyady,6TYyD5fUmDe6N65avW1Ny2RxzRNobw2RRgKwH9CTzSAU,54zDfk4cx2vGrEajPtodWpArNe5eUurytyxd4X3aZAxK,1380.0011767450017,1533.3141349629932,206748.62545915408,149.8177167839889,20.67486254591541,166.68136240678552,457.407908179,86.598006695,82962.08217995276
MATgk4zXLXtYkwBH678J1xZbRDZ45LicNzkRBHkxTuY,y8dALFo1bJrSzPYjMX14HJX448pXqYmrfXHD1K8MXih,GN7Yuet3UyiWS5YVkEHv6oQKi4HGBJc3XDPt9zQhAqZz,239041.93197599993,239110.57589600005,239233.55805600283,1.0008016421153345,95.69342322240114,1.0,8120.587211,10083.766302,18210.863317709583
BUSDgu5JdqP1rndBvXvanbEufS94FNh1w5FJcAj6vawb,Bgzr8cWubt89JQFXndVjtdKmDbGzuPxNhvjH1EhWCwbo,Dxaf8xPBBQsasRKW5Aa4Sw2YrbfGofY9xZueyyF23FBW,9895.408784009993,9771.59991472,10023.647826019345,1.012959448650224,4.0094591304077385,1.0,3587.17196883,11207.95776242,14841.617502179575
heyk4SZTeCUV6a65WiVA5bzic3KcxgVf1qxobfeV4tQ,9ZDpBKPqMABtGfq66FbVribaArMvtk63xxy91onZAtDt,DaTP4s6N7xxSPinbNZ3FB52EpRDRt87QShTuN3VPCW52,146.71807696199903,128.07890963000023,24704.329975844103,168.37959225871458,9.881731990337641,150.02958583432653,649.676709869,4503.094900707,784989.7624334644
SBFjafzbDXgDRsA5SUypY8FXjJ9sBdb4JbuQq2PHQDG,46xwHtnXoQR3wCHUbm2eCAbPYWbioDQ59Te1Db8M5DDL,FC38fiikZwFvDt5zTjNtGfKd7LjaPz2uUAzLwKP5pRJY,1.7852928089996567,0.6613667219999968,9.857591702735936,5.521554589277367,0.003943036681094375,2.043948991208975,201.254337171,9539.327832155,20609.13630836342
Dg3mAgpwDfVNnbGWcsxL8sUcSkEbjSJQhKAWNigG44Ju,EATxwd8YA2wV93VJcKMmH2Kn2Y9XfJVUB9hHVu3udwEy,GiGvrRi7NMHfHKanG2B8xyCEqe8jaafWins8bhrLVEaa,0.08542709300000001,0.08519008100000003,14.928654923137444,174.75316552252858,0.005971461969254978,175.63166807581808,0.201323773,0.257459356,80.39998278269485
AUSejoEUCh2DBs9mof6BNC8Pubs22w4cJa1ccV9h44R,4xkyD7AfGQDwsQMy9MosRRNGoVJ1zosNinesxg1TzHG7,Cbm5gsQe3nSiCsFrvepVzMCD9xLK3ri9g3ypS2hdmVJ7,334.0160150000029,333.9837580000003,334.0474154570558,1.0000940088368306,0.03340474154570558,1.0,14407.232865,14446.445611,28855.03288320359
7oAd7xG4m3oC2qeWB1szghTebAZyyGPAFDJ4wwwbRSNi,D9yh4KAysxt9GLacVe4Wwh2XqghhcjTCSTV9HuM7TBJd,HDYfJLpZKaMFb84jM4mRytn7XLR8UFZUnQpSfhJJaNEy,0.8050515620000169,33.78410170099232,0.8050515620000169,1.0,0.00032202062480000677,0.023852449543793904,985.693131702,300313.078462936,8148.8956830806
KysFMBBoavfov2tLpvefWW6tPFt6rAeZWDJVy1mMQae,B8ka2V21TH3x64dFV8ETcjuQcwmrciJ2qzy1mJUttRew,7fSf7EYxBANyxzk2s5pymFgshA91tFYQNKKs5UnLWcYS,21.40765400001237,15.03767599999992,0.5330876263006391,0.024901730301710362,0.00021323505052025564,0.03549899697584045,134979.105724,2262.712962,3441.53732770033
BUSD5rCfUDpCxKGMvYU2yThChxgHoioK74PTPociGnv2,CcFHbafgYDZ8yA8Me1PdtDiVb2eeaS61LbqyKKK5CsNZ,26R9s4nmF3CFDTkiePDwRmtscn8i7r2eygbSijditJ58,3.143812500000003,3.1426667200000082,3.143761130943123,0.9999836602669913,0.00031437611309431234,1.0,98.87256767,47.26447798,146.1354300986424
parEAJhzYzHW87y9VoZAQ22dzQ2MD2ekEtTReaxbMcz,3oyc6hpjYSJEquK6dSvG72NXyz3pqLZz5D8AC71pwgQb,Di2vordgFJVZ1aj1aBpvzXtLfZgJsuLLXawGtVFwX6Rz,13.07503020299987,14.918088349000385,1920.1927447575365,146.85952651313778,0.7680770979030146,170.24472849966554,1284.545649307,172.500211497,218015.01751417882
Lid8SLUxQ9RmF7XMqUA8c24RitTwzja8VSKngJxRcUa,4PgzyzLtds9bKZ2to9PMnKqJzKEUpjvNUaeN23phegax,AtymwxoVN9peZo7EXTcDz9jKVc4vRmisJKKrNfe3ewBa,1973.3126248110038,1725.8783052010033,337123.7300599763,170.8415209132231,33.71237300599763,149.82505677245965,1121.668952871,7603.617145862,1330840.0004244458
HEDSDjj84KS7LKhZY7ejkCACTdPen62rKhCby1wXtgxc,EnnjMSFttpCTywBrYNt1J5QQeoSVkvzPipJDa8Y7kJow,6bjVT6JN2rSvpyn9PdfLYC8wJn4LWh49jpY47fnLDXZk,27.42239001499911,28.223400564002077,26.643592762900496,0.9715999498339628,0.010657437105160199,1.0,38645.645524377,9561.548434606,47109.6556873918
SoNcU2iwHMw6dGzsYNQkYFkUjwN1UdAjrWVRnStrZu2,8ivTTid27jZnYNc4w3CTA1Z6QS2twsFb8WMwUabeDJgc,CyXm53PMvHCbeXJBykU46Rcbo28xk5srhMZFg7gv6EYB,36.878103316999976,36.561023666999986,6465.039276432331,175.30834546613173,2.5860157105729322,173.01621767516377,10.902104062,13.813162072,4301.1308810402825
KZMu9QBEdL97EFgamLbN5DE1AoKBG4HdrKKJo4Vuon3,DD4ACBWyVqdaKWh7v5btsgqQCCMwbKnuL2xd9pv7Gyuw,GcYqiJ1MAuYbNTNYXm1F1gQYTfTgkErACAhNU5dpVj9T,1085.6758555000015,1094.3886821499989,1072.9458465853556,0.9882745767531295,0.4291783386341423,1.0,1957.8334391,1126.93220007,3061.8092134496765
YAkoNb6HKmSxQN9L8hiBE5tPJRsniSSMzND1boHmZxe,CfWX7o2TswwbxusJ4hCaPobu2jLCb1hfXuXJQjVq3jQF,EnTrdMMpdhugeH6Ban6gYZWXughWxKtVGfCwFn78ZmY3,11352804.156896962,11355291.23293704,11352804.156896962,1.0,1135.2804156896962,0.9945924011151371,781999.463232,459081.142301,1238598.0788598317
SUiuyGR7SFq3xeRVJonq84fjjeFwRSsFekcevJ53tzy,49GjCCPsv7fBqo6t3iKDrP1xxGDS8uWZbVCdfnp2gjMf,CEwj5xEbbJEjYqM8D6Ai8ByGz1mrh8mkAVsE5fzDSSSx,4.939679999999996,47.748848000000045,0.04538404945366373,0.009187649696673421,1.815361978146549e-05,0.9509590421940528,638.241304,1.72372,7.503124643310781
MARpDPs5A7XiyCWPNH8GsMWPLxmwNn9SBmKvPa9LzgA,6YjT74rmcfCpw8LSjPNx5JTmZoYLGrTKnf9arfSgZ4SR,F8GSmi3vA8M8TsybLya1LQ4n1aFHCRbZ6k437PeTdXtg,164245.77229899986,171425.4846279999,156191.0023098794,0.9509590421940528,62.476400923951765,1.0,372993.977681,20042.911756,374744.9075156737
iLiUBQ7Z7im6Ew3b4ewwPcehzWgEQRJ1iQz7g6D62NW,GpugBvKWM3TVhYcZjemSdtehBWgfvuGr6uAm9iPjXT6v,92fMXJ3xy8tEyMUWLHKRLyhPw2nECBo77GtDiBBbYrjX,62.43251993099989,61.433311,61.05947884944327,0.9780075979141305,0.024423791539777313,1.0,1865.499763466,1097.88479105,2922.3577336267617
ercAoEmXjQzEvAFbdjAo81KtMxRGn9AW1ju882upmPH,CMRhskR2Eg6V42RTSdRTXGdozyPbWB8U9dVpijPWb9T4,7TKLLgrWswt6ZJ1pXhVR3FyufHGjJFqiEXxvWJfDcgRm,2.9939761480000016,3.064757266000015,449.4414359182829,150.11523596088537,0.17977657436731315,145.5754101004878,324.258086462,1012.554710186,196079.1463459758
Cob4usZcpHEY7Qt4ZCwj6WVg9S44zvzYV2v9qYF65dTf,NhFM9UXE48PyNAyeyPYA3iXztqKVJwA4bTdLj4ysM8w,6TuFuynuBoeskxyR2cz4wxyidk8dpDK7kAWw3UkjQGx,343.4807260000001,25857.575133000057,3.1557805880470675,0.009187649696673421,0.001262312235218827,1.0,70670.207785,189.44463,838.7377431197029
SERgf3DMJpQxUifu7VoFKmfne73d2fDJxSrxUMrcNJB,AJfM2GZ2tTB8UtN2krcyR9xufRJEx2mhSCbJyMgPo3GU,F4yRYkufQvERZcEKnKjJwRLU1btiMBUuEwq46hfm11QD,0.3210092570000036,0.32042510700000193,48.38333584286444,150.72255639925018,0.019353334337145773,150.03874750654356,24.453603499,32.79397131,8606.076013660853
GokA1R67GqSavkd15zR62QD68Tuc5AEfvjssntVDEbM8,3YB7hfpBdbQEuZqLGWVDpRPmeZWCUsrrWyqGXegnQ6Cg,4DPCj6Z1DsG6HUtwSogBGqXEUxdEV5a8YVrrFtcnz7UW,47612.59160900001,47620.80556700002,47593.792061135864,0.9996051559633945,4.759379206113587,1.0,22688.433609,11131.57883,33811.054046289566
JSoLLrxK5bYdHwTEWYaGgmeycBCNXKDiBCTw5hXGBg7,xG4wXczA7Dk4hccJ61CHKpDHW4NrNfQwgmWgkb9BuF2,BVR6WgfhsRr9Lob4QDnkEAiNGgAbv7ZieKcY9kSg3QYR,40.36798670900015,34.75531161700002,6982.919744485414,172.9816201839106,2.7931678977941665,149.95720971020918,18.47538986,168.601024278,28478.84202652431
SEQV6QiTpvTzrceiaYg9Avnwf7oc8ZALpnQMz6TyT4A,3dFMPj4r9mMmPHF32mz1gNDX7f8ftidWof7S8YiYTs1j,Fc1ED3YPeQfXQosHbd8DTaBd2AV5gHQtwiSAL5C5pUhi,180.7071910499999,181.29555727000024,180.0113822534925,0.9961495234779293,0.07200455290139701,0.9987137026917634,4557.35161262,1046.426716995,5584.884338358448
WiiQFxXqp8P9Fs1rt9SVcDyA3KUdJmUsog6wnVQAwba,3S2jpqSYxho6wiz3cafhjXruVY8cg4HYa2v3BqBHYFSj,Dfe67M6TfrG74gKRtdqys4e6E9QirPD53BkF4FujFjuv,102.98673067600248,103.20565437199548,102.65203259455558,0.99675008538236,0.010265203259455558,1.0,21691.031935286,5021.445093337,26641.983026864815
MNkYtBe2HtgL15osfaMmyqNW3vo4J399FXXCS4a39Wf,2mUxDu8NrhSKhQJMgKfYLxJqZzeEbmwhQdHeHMyohyuk,AZCBmDBcFsA2jHHhfFJBTsWCHx9XnnKmGfFsue3ZVW1t,0.01449322000007669,0.01449322000007669,0.014487251107747786,0.9995881596823293,5.794900443099115e-06,1.0,2194.39033408,1941.67408916,4135.160684827719
SAMyS8Jr2HJrkFwYVKbpUwsNStnQmvz3f8Tup8bWUWF,6jPzm5TFfquvgm25sTyN3MMGBfufRaFHMxobDWv6hMFW,Cj9ECoDmxsHTDzCY5ZA6RWrPbg9uFzEC1Qc2kso2vJG6,7674.149964469965,294.8769455799908,7584.167308076599,0.9882745767531295,3.0336669232306392,0.03582799604512236,707.38530655,110765.16832772,4667.584927214948
KEN5P7p3asnb23Sw6yAmJRGvijfAzso3RqfyLAQhznt,9zj4aX38Uxf3h6AUjS4EipWS8mwbEofasHAf3a1uKGds,CwQDG1MWunn9cLNwcZLd8YBacweSR7ARo32w4mLua1Yr,199631.53390300088,199681.72026699968,199580.84036954702,0.9997460644996171,19.958084036954702,1.0,2047272.771947,1896524.685656,3943277.5823672353
oKQqupM9E7SSLAFDLxr7mdsXP7znck9qRbVWc6Yyj7Q,CMR2J7CwfW98RpvnJmFBgRFTLAd3x8CJ1SWs8Bt3uunG,FmRb5jHfSNj1YWP3b45d9vvYuhwjp4om8bALmtqZpr1v,3.8092373100000714,3.9472090299996125,3.6787477851388113,0.9657439234571453,0.0014714991140555244,1.0,4454.39635192,1453.10365035,5754.909859886416
SoN9GaFpSXfpyR5dth3x7PHPVhvJMpQqqDJfCSmPv1t,9kZ9iS68ViMPtoeqtnhAKuF2iqVyfHPdZHoUNdwCELr,BBhm5fJLjw3HRzjtKB8uMEYjGhY6EDm9co3cqpjrSzB9,72.62884678800012,71.75756379899993,12766.63886801025,175.77917635502894,5.106655547204101,171.30427304804778,32.03715242,48.1444137,13878.808055351095
BSCNHw8CmxbZ8hCWWzMf5FaG2ajPT6JxfznKUNuRVrn4,7n9kgNL633yGzCYksgnzHyjG73ZLBAwvEae5sbAekbzW,SscdxE99omdG9AiMVwmaEMQySQnCgeAh1sPj2Leutm2,319.69768189800016,315.578545676,323.49600866627515,1.0118809956510315,0.12939840346651008,1.0,2914.376125093,8767.298676191,11716.3004913517
