0,1,2,3,4,5,6,7,8,9,10,11
ALBpShJ9NLpE739pcHDF2LNVk5J4VYPvvKuV6jMPitZi,D6d156U1bPiJpDYRLextvDRccgFk7QzkQbJg42ceKEu5,GNcM8U5g8RwTZffwwm3kSQqUNPSwv5d2fbN9sLxPJqt2,3418.2634340000004,3420.8140219999987,3415.691418361974,0.9992475665823635,1.3662765673447896,0.999942003363805,53096.180596,47112.656006,100166.15288580014
HEDSDjj84KS7LKhZY7ejkCACTdPen62rKhCby1wXtgxc,EnnjMSFttpCTywBrYNt1J5QQeoSVkvzPipJDa8Y7kJow,6bjVT6JN2rSvpyn9PdfLYC8wJn4LWh49jpY47fnLDXZk,99.96046503000252,102.88191210400146,97.0174395461097,0.9705581053168421,0.038806975818443876,0.9994064465149761,38647.892903986,9559.349063865,47063.70079029446
AURHmCnNwiW4uA2Qj1XvEh4iKgRUZYXtiY7FKAapUV5Y,BKWm4TRnTeKwfWXRyuzjRHU7iZDkPuXBX5b5V5jSVfGJ,A5Ww74HVrkj9nPeC7pHKLfgeDMEhBCpW1efQdz3TGLEg,1.9127855490000911,1.7010573639999507,312.0007080747253,163.11327123828582,0.12480028322989013,145.18944536615544,286.827260284,1818.137429213,310759.69765212166
SRMuKizofcAMicegrfSv7xs9q76tH1w8aAF7oX9FEWu,72Hj2KWntXPfbie4UgKeTPnm1XVkomDfCnRPKbvfTtPi,6aqJQ5wedqpUt4fFEDUqUmXhrdxCu4bEJsQdVPCADLko,7953.521322999998,7957.907110999999,642.6764911694942,0.0808040193858539,0.2570705964677977,0.08009850834950856,18090.832658,4861.769268,1851.2324591095528
SoNcU2iwHMw6dGzsYNQkYFkUjwN1UdAjrWVRnStrZu2,8ivTTid27jZnYNc4w3CTA1Z6QS2twsFb8WMwUabeDJgc,CyXm53PMvHCbeXJBykU46Rcbo28xk5srhMZFg7gv6EYB,33.86347430300001,33.689049984000015,5753.545229252537,169.90416215925083,2.301418091701015,168.60961142228953,10.937257107,13.739832277,4174.953286317548
heyk4SZTeCUV6a65WiVA5bzic3KcxgVf1qxobfeV4tQ,9ZDpBKPqMABtGfq66FbVribaArMvtk63xxy91onZAtDt,DaTP4s6N7xxSPinbNZ3FB52EpRDRt87QShTuN3VPCW52,40.18978131299809,35.11921221800026,6668.573940020022,165.92710191889714,2.667429576008009,144.7516105787951,650.755248035,4501.752369318,759613.838250648
SAMyS8Jr2HJrkFwYVKbpUwsNStnQmvz3f8Tup8bWUWF,6jPzm5TFfquvgm25sTyN3MMGBfufRaFHMxobDWv6hMFW,Cj9ECoDmxsHTDzCY5ZA6RWrPbg9uFzEC1Qc2kso2vJG6,7834.95480537985,260.3336942799999,7740.454537306598,0.9879386326506486,3.096181814922639,0.03378511121906581,683.49962605,111434.86279174,4440.094919077341
MATgk4zXLXtYkwBH678J1xZbRDZ45LicNzkRBHkxTuY,y8dALFo1bJrSzPYjMX14HJX448pXqYmrfXHD1K8MXih,GN7Yuet3UyiWS5YVkEHv6oQKi4HGBJc3XDPt9zQhAqZz,41161.00124,41181.211712000004,41186.53689287358,1.0006203846384758,16.474614757149432,1.0,8743.160436,9341.020452,18089.605010426225
BUSDTd9WiT6uBHJRgNvFXBsA7JrifsAtWzKfioN7ERcy,DyBxrn7gSc1EwnpWhDyhzvMHPtxpmBqRqotapLcKcfTM,Cds99GeBgoCpqBsoRWu1C6fF9LiUMd4pXQQD24s9LPff,5207.40597088,5213.216165170001,5215.727089721671,1.001597939336438,0.5215727089721671,1.0018604548646837,324.85615059,298.64165856,624.5725188981768
wrmcMSHFi3sWpAEy4rGDvQb3ezh3PhXoV2xNjgLBkKU,8p4mGnARWPBu6P2Gcw4adodLkNDorrXniZMhaY7eJXUn,AyY89zccbsgp9LKFgH4CFZMJmpSgqmPSdTfukhP227rc,0.012792429999999327,0.1678118800000004,2.9558668240979453,231.0637481774847,0.0011823467296391782,3891.6562889165634,49.70307803,0.12807497,11983.003268023092
KEVpg4SYCVrqFxKijQH6hm4QxsRdoE51ud64bEEFUC9,2bPenuBYfqzD8p5dFjCcggwkHDsc2RQDnx9AoyYGUBjA,AE6n6iLuX8oYu61vt5hoDYkjswpnxFxrhSehxrnQTnbx,2254.645892429,2257.0102799600018,2252.6793911750005,0.9991278003962383,0.9010717564700002,0.9994064465149761,4609.611079308,2984.962163253,7588.7810069094685
AUSejoEUCh2DBs9mof6BNC8Pubs22w4cJa1ccV9h44R,4xkyD7AfGQDwsQMy9MosRRNGoVJ1zosNinesxg1TzHG7,Cbm5gsQe3nSiCsFrvepVzMCD9xLK3ri9g3ypS2hdmVJ7,2896.4809980000027,2899.501968000004,2895.1955311841566,0.9995561970485104,0.2895195531184157,1.0,14599.73824,14253.83865,28847.097483078112
BSC8REUo9LpiiWUuqMuLXs2D2yJsJfGd4HdiF3wCLxk5,AZjEH1zWVx1UJ6udMyRijGTzPteuLnaY18yNNmprJEsh,Caf8ypkSVR8xYnXNhjvfvdGCC7mrM3C11rz8Xi6NA6aK,1163.3864076309997,1164.0418988060005,1162.6167355875561,0.9993384209765603,0.4650466942350225,0.9994064465149761,3262.695556036,3039.489910214,6298.222835481354
oKQqupM9E7SSLAFDLxr7mdsXP7znck9qRbVWc6Yyj7Q,CMR2J7CwfW98RpvnJmFBgRFTLAd3x8CJ1SWs8Bt3uunG,FmRb5jHfSNj1YWP3b45d9vvYuhwjp4om8bALmtqZpr1v,1.509096619999582,1.4576070000000527,1.4577047718041012,0.9659452897088227,0.0005830819087216405,1.0,4450.44914289,1456.91288766,5755.8032743232625
FrnkTEL6yZ5Aycq2TrEgu29dCrwKG4LPUZydfiwqspkc,DjvZuMZ46fxKBoBpGMPcRcos4xdTtHFxwMh69DpA2ZFY,9rvDPJLAng4uVVqnnSoEXgNDFhBZQTny9AoQioYDZbQX,323.248619769,272.58435196399967,55179.24407765857,170.7021800034004,22.07169763106343,145.26809517500737,322.551857288,2560.329140071,426994.4424023861
SAMGk1Nd4haC8zQA63DG37pzuEZy8j4q13tSFtCbcRE,9U9TnkHD3jXMAVZtynCVLgDruuqN4pTvLJTmVHCLWS8g,C6zoEbvqSknmi96QWq96UBiPCyNW3YSTvKhavR2BfifE,0.013537140000003944,0.007377159999999883,0.02745174144487492,2.0278833967046896,1.0980696577949969e-05,0.0,53.55124247,1.18308511,108.59567547782004
C98Sspw7XqnMsgxea3SLQVdbMDL8pKUc3RE82UvX9eq2,CSqgQJurPCzGxb4Cgwx5R61hWQUiaoUHcShNc8r1cKEL,6S2CR5EnukPhC914XkAns8m5GixjMAoUuZMsS5ubHuWc,73.33686200000011,73.32371700000044,0.0,0.0,0.0,1.0,981.013636,1002.926972,1002.926972
NorjjEePhxfwLF4vZjUHCrVVKLzQjEEGQFd3wgjEJmh,34M8pFVqgbV7aqHxvRT5tCv3vu2P1JJYT8J3VaxBK2oG,3AZWBSze3ucsY3xSeuLne3b2pauVqiaJ1SZSV5T9WGWw,0.09995200000003024,0.15033499999844935,0.06651454140490955,0.6654648371707362,2.660581656196382e-05,1.0,37493.974528,2653.826028,27604.74768215925
BkMBnJpvHKtWhUvrgRrLesXfi9RUV3ELgdBaJcdH7hcY,5uerVwBnZQsuVhZ15igs7ZgmcqhHnYWbwoRtLyRqLvR,9YWiQh5d4jCtgMdzcGLv9bWgnLaFtzvDDh2nnhJdzhBX,1.459824972000206,1.4599209999998948,1.4590710728949832,0.9994835688389481,0.0005836284291579933,0.9994064465149761,1471.600204339,1400.655712861,2870.6645729181814
KEN5P7p3asnb23Sw6yAmJRGvijfAzso3RqfyLAQhznt,9zj4aX38Uxf3h6AUjS4EipWS8mwbEofasHAf3a1uKGds,CwQDG1MWunn9cLNwcZLd8YBacweSR7ARo32w4mLua1Yr,393440.2750369988,393501.7197739931,392889.0516974672,0.9985989656511913,39.28890516974673,1.0,2046347.647633,1843726.65968,3887207.3039690624
MARpDPs5A7XiyCWPNH8GsMWPLxmwNn9SBmKvPa9LzgA,6YjT74rmcfCpw8LSjPNx5JTmZoYLGrTKnf9arfSgZ4SR,F8GSmi3vA8M8TsybLya1LQ4n1aFHCRbZ6k437PeTdXtg,79584.68935400007,83875.69925000053,74824.64475336972,0.9401889403694568,29.929857901347887,1.0,376444.539681,17885.455023,371814.4478935473
YAkoNb6HKmSxQN9L8hiBE5tPJRsniSSMzND1boHmZxe,CfWX7o2TswwbxusJ4hCaPobu2jLCb1hfXuXJQjVq3jQF,EnTrdMMpdhugeH6Ban6gYZWXughWxKtVGfCwFn78ZmY3,7290585.948312009,7305183.480529074,7290585.948312009,1.0,729.0585948312009,1.0003050930533812,1100256.451796,139523.511184,1239822.5306340456
BSCNHw8CmxbZ8hCWWzMf5FaG2ajPT6JxfznKUNuRVrn4,7n9kgNL633yGzCYksgnzHyjG73ZLBAwvEae5sbAekbzW,SscdxE99omdG9AiMVwmaEMQySQnCgeAh1sPj2Leutm2,5950.5117370419985,5909.504476088,6052.762063443781,1.0171834509232665,2.4211048253775127,0.9994064465149761,2452.640042887,9229.479361551,11718.786034607383
7dwD9TF6uikvHXxPFK9AsSim54yJoujQjY9vU6gNFumk,CquVr6atkvwueDYficKjn6SSEWq4F4rH4VSiBbW4GBWU,8BCa6ge3b7ho3TfZuM64Vk1hgbrJ3J7EPiAb9uP86CGd,1.003090168000001,1.0093101719999997,169.65630148005494,169.13365008683323,0.06786252059202198,170.04376416358278,2.259188305,1.912502308,707.3138556819956
Cob4usZcpHEY7Qt4ZCwj6WVg9S44zvzYV2v9qYF65dTf,NhFM9UXE48PyNAyeyPYA3iXztqKVJwA4bTdLj4ysM8w,6TuFuynuBoeskxyR2cz4wxyidk8dpDK7kAWw3UkjQGx,82.5401320000015,6653.693692999994,0.6711244032305856,0.008130885994107368,0.0002684497612922343,1.0,72235.30809,175.544617,762.8816718290118
HDSBGqAuMRr6X2AfmmbXQPpRgU6VEhtfNVVZ3wUTZXg,DCZ1d8kNLgDcdSd99y4udLgwq46mfDXNS9KXj96kQf5L,Fq8GGYQM5Pz3q7LmVMbrXHJgsxA5ev86kTq8yGgGuYsa,493.5224393489989,494.3477112089986,491.4892001344088,0.9958801483935116,0.19659568005376354,0.9994064465149761,12670.717017012,12227.187682153,24838.445735446323
SEQV6QiTpvTzrceiaYg9Avnwf7oc8ZALpnQMz6TyT4A,3dFMPj4r9mMmPHF32mz1gNDX7f8ftidWof7S8YiYTs1j,Fc1ED3YPeQfXQosHbd8DTaBd2AV5gHQtwiSAL5C5pUhi,432.4078691259999,433.68439875700005,431.24763961388743,0.9973168168413364,0.17249905584555497,0.9989375370281796,4607.915909306,995.813120924,5590.307133297777
Lee1XZJfJ9Hm2K1qTyeCz1LXNc1YBZaKZszvNY4KCDw,9DgFSWkPDGijNKcLGbr3p5xoJbHsPgXUTr6QvGBJ5vGN,2hNHZg7XBhuhHVZ3JDEi4buq2fPQwuWBdQ9xkH7t1GQX,5057.598610408961,4310.489736994044,861470.5113550008,170.33192582385294,86.14705113550008,145.19503177448075,7354.251462489,56593.60698396,9469774.378867187
vEnkoSUkpnbRrPgBz9DfcVxNz67zjwMYBZraAvDDNSf,DtfyjjsZ5yCjWKLKHvwsfXs5QVsmm1QkK6Sh9JZHoq1g,e5wrKCRv4GhHvEf1VD5Pq2KGaZDXP77nTL612Jyrxwy,17078.600787000003,17079.282188999998,17076.841872287157,0.9998970106079074,1.7076841872287158,1.0016115930532226,4036.886034,2822.603033,6863.622198001399
MATSnbbiTCv7Dc3trJrkrqjx7ckKdr6fwPoVwv9q3sD,631WX9JizSHJm4w6VanZeJAst9T8DeUUnPLesdGkCVtK,211maUSfpnXbPuW1iBu8b4dtJv5EbN1j7JJiEX5TZKEP,45571.50660900003,45572.63359100005,45648.74428432912,1.0016948677161759,18.259497713731648,1.0009218490229501,23742.226333,20783.527861,44585.15340177406
DFWzVTzNBrQZLjoQ4yQwkj9HuoXmfkuZP9V5vbymZe23,DhgiEgiNdqZdRdo195UUHnoEJUtefK8buko8nU97XJUZ,2K2kkXsouBHtWVjtcgkyiXd8eP3oVBvq1bTJzcVdLLr2,471.0624667230004,544.2341058980091,405.6794071406046,0.861200872068538,0.16227176285624184,0.9994064465149761,66972.403926235,9092.56455089,66763.86029331297
BerKDkt6v49dT1bHRedgnpsJS263C1DSJtEGvY9Mg35V,78XKqNb8wbfsMMrvo8WPUpdx7GEkfQutpNVH943aCGFa,DKYQwn4nDvFHCszi5tXbqfVMAP7DaXXp1KGTXEnYnKVH,9.964662555000132,10.002652073999798,9.997533996892887,1.0032988013102622,0.003999013598757155,0.9994064465149761,1340.351451808,2163.710734322,3507.1994612084954
SUiuyGR7SFq3xeRVJonq84fjjeFwRSsFekcevJ53tzy,49GjCCPsv7fBqo6t3iKDrP1xxGDS8uWZbVCdfnp2gjMf,CEwj5xEbbJEjYqM8D6Ai8ByGz1mrh8mkAVsE5fzDSSSx,0.07908400000000015,9.020276999999965,0.0006430229879579884,0.008130885994107368,2.5720919518319534e-07,0.9310544843773711,648.676161,1.629144,6.791133739082724
GokA1R67GqSavkd15zR62QD68Tuc5AEfvjssntVDEbM8,3YB7hfpBdbQEuZqLGWVDpRPmeZWCUsrrWyqGXegnQ6Cg,4DPCj6Z1DsG6HUtwSogBGqXEUxdEV5a8YVrrFtcnz7UW,34028.098349000014,34019.991575,34029.52758915876,1.000042001764074,3.402952758915876,1.0,17419.80147,16384.552382,33805.08551439156
BUSDgu5JdqP1rndBvXvanbEufS94FNh1w5FJcAj6vawb,Bgzr8cWubt89JQFXndVjtdKmDbGzuPxNhvjH1EhWCwbo,Dxaf8xPBBQsasRKW5Aa4Sw2YrbfGofY9xZueyyF23FBW,14599.476897170001,14484.548780529996,14843.524478352158,1.0167161866758023,5.937409791340864,1.0,3162.73949215,11627.25317558,14842.861611487711
WiiQFxXqp8P9Fs1rt9SVcDyA3KUdJmUsog6wnVQAwba,3S2jpqSYxho6wiz3cafhjXruVY8cg4HYa2v3BqBHYFSj,Dfe67M6TfrG74gKRtdqys4e6E9QirPD53BkF4FujFjuv,6946.141669923,6971.791699076006,6915.806907579128,0.9956328615531667,0.6915806907579128,0.9994064465149761,22039.278888486,4673.775932215,26614.03210253382
Dg3mAgpwDfVNnbGWcsxL8sUcSkEbjSJQhKAWNigG44Ju,EATxwd8YA2wV93VJcKMmH2Kn2Y9XfJVUB9hHVu3udwEy,GiGvrRi7NMHfHKanG2B8xyCEqe8jaafWins8bhrLVEaa,0.168229548,0.16829879200000003,28.703059119963857,170.61841668839207,0.011481223647985544,170.30834154929158,0.220611611,0.237823851,78.1437894165713
7oAd7xG4m3oC2qeWB1szghTebAZyyGPAFDJ4wwwbRSNi,D9yh4KAysxt9GLacVe4Wwh2XqghhcjTCSTV9HuM7TBJd,HDYfJLpZKaMFb84jM4mRytn7XLR8UFZUnQpSfhJJaNEy,826.1815547180013,16.722129999999993,825.691171776936,0.9994064465149761,0.3302764687107744,0.020574913119809135,904.961242636,303958.660361687,7158.347128691905
Lid8SLUxQ9RmF7XMqUA8c24RitTwzja8VSKngJxRcUa,4PgzyzLtds9bKZ2to9PMnKqJzKEUpjvNUaeN23phegax,AtymwxoVN9peZo7EXTcDz9jKVc4vRmisJKKrNfe3ewBa,176.07117659000608,150.96562310799777,29797.083772282906,169.2331723418165,2.979708377228291,145.14540158321702,1028.491827607,7710.71690234,1293230.0359982038
ALLwa5WNZbvQsRKAqe1jdRGemdYQnW8E5k4msbRFcYtu,CGoM82Hbz7QVqTgvQatYtjvDWBvoUJp5qm21P8iMs9yb,3dxNNww8TivyN5FMy5dCNdi3Zcxv6e4kUfSPxfFwpdNq,2.493133492000001,2.479823259999999,9725.885511430137,3901.0688928766485,3.8903542045720547,3881.0534731547536,1.311352872,7.228613685,33170.314144806885
JSoLLrxK5bYdHwTEWYaGgmeycBCNXKDiBCTw5hXGBg7,xG4wXczA7Dk4hccJ61CHKpDHW4NrNfQwgmWgkb9BuF2,BVR6WgfhsRr9Lob4QDnkEAiNGgAbv7ZieKcY9kSg3QYR,34.79372987800011,29.950732654999968,5850.659205283509,168.15268802160963,2.3402636821134037,145.04432844766018,18.223743465,168.843088386,27554.103817432297
B2izdXFYb2sNwbWWHmh75T4aQFtfXsUxem9u2p61HGzf,4DYwgJtxwuJdAjkj5RJSNH4e7U329V5cNp7d3a1nLrZv,EXNW64GEf1ACC6xY9BtKRiunrs6GoJSXBdxWN2eTPmrF,9253.84845299998,9133.61866200001,9356.413457319113,1.011083497297374,0.9356413457319114,1.0,9531.458973,30488.079044,40125.17991676727
Sid7E679i9ABqptiAVhkmQ27YHN8vaYT4fppPwmxFsJ,GP7KB8o1bv527HG8kTzzzf4wJ5aEGHvcMQvVhLziUfmT,9gYxhAZ1M9wu5pxr8SBoa5NDm21gi3s9vMHaYTME77sa,1465.5902210000004,6104.70813100005,11.889382004441986,0.008112350801801633,0.0047557528017767945,0.03367999705232666,142184.631594,6844.346904,1383.9691936672768
SERgf3DMJpQxUifu7VoFKmfne73d2fDJxSrxUMrcNJB,AJfM2GZ2tTB8UtN2krcyR9xufRJEx2mhSCbJyMgPo3GU,F4yRYkufQvERZcEKnKjJwRLU1btiMBUuEwq46hfm11QD,7.858099107999998,7.861254612,1135.798985483261,144.53864349037698,0.4543195941933044,144.98553044406168,26.171410496,31.067237247,8287.08004300946
parEAJhzYzHW87y9VoZAQ22dzQ2MD2ekEtTReaxbMcz,3oyc6hpjYSJEquK6dSvG72NXyz3pqLZz5D8AC71pwgQb,Di2vordgFJVZ1aj1aBpvzXtLfZgJsuLLXawGtVFwX6Rz,3.4844219760000783,3.999930214999978,490.48732770271374,140.76576576576576,0.1961949310810855,160.22780548472596,1288.256098036,173.128278158,209082.3202190605
KwnjUuZhTMTSGAaavkLEmSyfobY16JNH4poL9oeeEvE,J63v6qEZmQpDqCD8bd4PXu2Pq5ZbyXrFcSa3Xt1HdAPQ,BnKQtTdLw9qPCDgZkWX3sURkBAoKCUYL1yahh6Mw7mRK,1521.0988619999985,46475.77563700033,51.15589892089924,0.03363088369787978,0.005115589892089924,1.0,271028.898361,752.299977,9867.241336543271
RoBgmK8CvjdHvPrqdDyVw54VwjZv2TqJ493xnqJAQHx,ExiHJxM7qPAcy27NDHAF6G7vnW7muNHi2sVJpnaNynGQ,6rkPHSqZb7StM4HwS9EuVrmfkV7tRdc7dnsFhyB6cefE,0.6676949999999984,25.883410000000367,0.01560375595056852,0.023369586338925045,1.5603755950568522e-06,0.9217881214695515,6035.997927,23.738323,162.94047886160655
daob129AwBGn9Y5r91uLoWZeYiGzbPmksauMhFZKTze,6VW5GQNyj4LStgmxEHLr5zUfW92vQnmbw8jTnCH7a38F,4VPCCUifPeBA1c7HWK358CHn2nyjm8pdTRk6Ps3KmnMQ,23.54180103199988,21.214313457999943,3730.0796711950047,158.44495780610774,1.4920318684780018,144.98235637214128,52.73533232,233.231285076,42170.06879435458
SoN9GaFpSXfpyR5dth3x7PHPVhvJMpQqqDJfCSmPv1t,9kZ9iS68ViMPtoeqtnhAKuF2iqVyfHPdZHoUNdwCELr,BBhm5fJLjw3HRzjtKB8uMEYjGhY6EDm9co3cqpjrSzB9,48.93210414799999,48.182450068999984,6795.326181489482,138.87255207616548,2.7181304725957927,166.71012243858232,32.291090587,47.821618554,12456.694043487852
KysFMBBoavfov2tLpvefWW6tPFt6rAeZWDJVy1mMQae,B8ka2V21TH3x64dFV8ETcjuQcwmrciJ2qzy1mJUttRew,7fSf7EYxBANyxzk2s5pymFgshA91tFYQNKKs5UnLWcYS,25.88340999998036,17.84215200000017,0.6052992911209466,0.023385608431091803,0.00024211971644837863,0.03370787160712154,134983.0303,2259.948048,3232.8383300787496
BkwbeSfcX1h4thMDd7obGkHrPevf3QwgzJ4pCEqG18Lu,35yX27bmurdebhfAb8EPmjLETDiUaEUCn9zHaDPbakH2,2CxECn1ZJFoESyUnQysQU8rRgT3iJ5GRs2Mdd6gZjx5g,0.0020198900000025777,0.0019681499999995022,3.6851909288328577,1824.451296272646,0.0014740763715331432,1607.717041800643,1.80779149,21.49003072,37848.1161446845
KZMu9QBEdL97EFgamLbN5DE1AoKBG4HdrKKJo4Vuon3,DD4ACBWyVqdaKWh7v5btsgqQCCMwbKnuL2xd9pv7Gyuw,GcYqiJ1MAuYbNTNYXm1F1gQYTfTgkErACAhNU5dpVj9T,513.7554596400003,518.9782928499985,507.54196343478367,0.9879057320197229,0.20301678537391346,1.0,1966.86532138,1116.88678479,3059.9643098921165
STK75uPSyBnEhGTTzb1nwmP3n427XoXmfRhXxxhyady,6TYyD5fUmDe6N65avW1Ny2RxzRNobw2RRgKwH9CTzSAU,54zDfk4cx2vGrEajPtodWpArNe5eUurytyxd4X3aZAxK,399.2672998390013,445.2482653990031,57912.21336168715,145.04622187952634,5.791221336168715,161.69419294709334,470.561697937,87.657868435,82426.96473903657
RajgMbScQbqqrdJfR2rxfHJiTiY5b6bJ2tTXiF4aPxy,725ZA3fhyBAKb5iopNRrcbSuQa3LXA1656Q3mBvYPxeg,GLA6i1dSZpUfk2f9Nj8uiG7xyDdAR2reff8oEiZH3617,35570.79715587001,35573.713190139955,35559.68048855567,0.9996874777007211,14.22387219542227,1.0,118103.17888993,114380.87150757,232447.14052048116
