0,1,2,3,4,5,6,7,8,9,10,11
BkMBnJpvHKtWhUvrgRrLesXfi9RUV3ELgdBaJcdH7hcY,5uerVwBnZQsuVhZ15igs7ZgmcqhHnYWbwoRtLyRqLvR,9YWiQh5d4jCtgMdzcGLv9bWgnLaFtzvDDh2nnhJdzhBX,205.3921654820001,205.36192469399975,205.40814561950486,1.000077803052844,0.08216325824780195,1.0,1471.600204339,1400.790465989,2872.5051653164637
DFWzVTzNBrQZLjoQ4yQwkj9HuoXmfkuZP9V5vbymZe23,DhgiEgiNdqZdRdo195UUHnoEJUtefK8buko8nU97XJUZ,2K2kkXsouBHtWVjtcgkyiXd8eP3oVBvq1bTJzcVdLLr2,364.3601603930092,425.16341106898653,310.0563285396608,0.8509611155215906,0.12402253141586433,1.0,67428.009358298,8705.688150368,66084.30221130552
moFiBS1R4Lf3E3zzmBPnw3NF4RhWPkhREFviuzUaCAU,44ALBrpqi9PfZkBRTvbtRNtFJGsatfY4QydjtMbFWq8S,2ho8qEEie1UjVwWNBo9y4oAJZMyMLx8zPj9bxyUz6uWs,45.05295516900151,45.1662986559968,44.955867174531235,0.9978450249466194,0.017982346869812493,1.0,40445.610347256,27439.348518116,67797.79958405491
Cob4usZcpHEY7Qt4ZCwj6WVg9S44zvzYV2v9qYF65dTf,NhFM9UXE48PyNAyeyPYA3iXztqKVJwA4bTdLj4ysM8w,6TuFuynuBoeskxyR2cz4wxyidk8dpDK7kAWw3UkjQGx,76.36650899999995,7229.991965000008,0.7185458567722939,0.009409175123774406,0.00028741834270891756,1.0,70200.569316,193.951637,854.481087482908
BUSDgu5JdqP1rndBvXvanbEufS94FNh1w5FJcAj6vawb,Bgzr8cWubt89JQFXndVjtdKmDbGzuPxNhvjH1EhWCwbo,Dxaf8xPBBQsasRKW5Aa4Sw2YrbfGofY9xZueyyF23FBW,24148.90927552001,23945.38316752999,24540.990620863387,1.01623598568656,9.816396248345356,1.0,3233.484614,11590.13179211,14876.115216020615
ALLwa5WNZbvQsRKAqe1jdRGemdYQnW8E5k4msbRFcYtu,CGoM82Hbz7QVqTgvQatYtjvDWBvoUJp5qm21P8iMs9yb,3dxNNww8TivyN5FMy5dCNdi3Zcxv6e4kUfSPxfFwpdNq,11.699235296000005,11.464679692,43446.35805109925,3713.6066547831256,17.3785432204397,3714.5584690075816,2.572101313,5.985600445,31785.635377803515
SoNcU2iwHMw6dGzsYNQkYFkUjwN1UdAjrWVRnStrZu2,8ivTTid27jZnYNc4w3CTA1Z6QS2twsFb8WMwUabeDJgc,CyXm53PMvHCbeXJBykU46Rcbo28xk5srhMZFg7gv6EYB,184.1019494160001,181.17507642199988,41386.774854731964,224.80356664346695,16.554709941892785,218.51360924609745,13.307717023,16.446558893,6585.419194040311
SoN9GaFpSXfpyR5dth3x7PHPVhvJMpQqqDJfCSmPv1t,9kZ9iS68ViMPtoeqtnhAKuF2iqVyfHPdZHoUNdwCELr,BBhm5fJLjw3HRzjtKB8uMEYjGhY6EDm9co3cqpjrSzB9,23.412513440000012,23.02862315400001,5245.511869805184,224.0473618199098,2.0982047479220736,218.713331343042,3.940816496,5.609509535,2109.8040569455898
BSCNHw8CmxbZ8hCWWzMf5FaG2ajPT6JxfznKUNuRVrn4,7n9kgNL633yGzCYksgnzHyjG73ZLBAwvEae5sbAekbzW,SscdxE99omdG9AiMVwmaEMQySQnCgeAh1sPj2Leutm2,72.56732649699916,71.60148532999983,73.55950944482909,1.0136725851113029,0.029423803777931634,1.0,2732.837004601,8946.109292371,11716.311243512726
MATSnbbiTCv7Dc3trJrkrqjx7ckKdr6fwPoVwv9q3sD,631WX9JizSHJm4w6VanZeJAst9T8DeUUnPLesdGkCVtK,211maUSfpnXbPuW1iBu8b4dtJv5EbN1j7JJiEX5TZKEP,24136.301434000005,24148.53508699998,24028.294251340234,0.995525114609829,9.611317700536095,0.9897139034019435,21799.766656,23074.969038,44539.8328761599
BUSDTd9WiT6uBHJRgNvFXBsA7JrifsAtWzKfioN7ERcy,DyBxrn7gSc1EwnpWhDyhzvMHPtxpmBqRqotapLcKcfTM,Cds99GeBgoCpqBsoRWu1C6fF9LiUMd4pXQQD24s9LPff,11953.346560799995,12680.028688700006,11924.933141852236,0.9976229737167549,1.1924933141852236,0.9950852738325411,336.96448812,296.33634606,631.0434487408684
KysFMBBoavfov2tLpvefWW6tPFt6rAeZWDJVy1mMQae,B8ka2V21TH3x64dFV8ETcjuQcwmrciJ2qzy1mJUttRew,7fSf7EYxBANyxzk2s5pymFgshA91tFYQNKKs5UnLWcYS,735.4679459999975,735.7096729999976,16.45542423954945,0.022374087584708293,0.006582169695819782,0.03181359169532912,134974.449735,2266.355351,3092.0310638419355
BSCuChvaSj9b5HUSqgDVRzcnr2sSn7cXaamt1jbKH6hn,GnKpRj5kBVPMJfiwZtEuD9GYApLzPdW5JFuZTcyX4BTc,3dmwD9okkomV9nDwyuh4UMhKdUR13QpuKxRo89ycZB5t,651.67931367,650.8142770250004,650.7535809097091,0.9985794657880459,0.26030143236388364,0.9967992775198836,1542.347443317,1553.719977158,3088.9034367063523
vEnkoSUkpnbRrPgBz9DfcVxNz67zjwMYBZraAvDDNSf,DtfyjjsZ5yCjWKLKHvwsfXs5QVsmm1QkK6Sh9JZHoq1g,e5wrKCRv4GhHvEf1VD5Pq2KGaZDXP77nTL612Jyrxwy,36194.161970000016,36198.01829400003,36144.210670852895,0.9986199072881278,3.61442106708529,0.9950347764654374,3063.673141,3805.110309,6845.6620737686935
ercAoEmXjQzEvAFbdjAo81KtMxRGn9AW1ju882upmPH,CMRhskR2Eg6V42RTSdRTXGdozyPbWB8U9dVpijPWb9T4,7TKLLgrWswt6ZJ1pXhVR3FyufHGjJFqiEXxvWJfDcgRm,7.009805724999978,6.8390467320000425,1340.3590473970555,191.21201071475625,0.5361436189588222,186.33126046017114,300.644861841,982.984269878,240647.60656256648
SAMyS8Jr2HJrkFwYVKbpUwsNStnQmvz3f8Tup8bWUWF,6jPzm5TFfquvgm25sTyN3MMGBfufRaFHMxobDWv6hMFW,Cj9ECoDmxsHTDzCY5ZA6RWrPbg9uFzEC1Qc2kso2vJG6,6307.678632799958,198.07083670999964,6421.4459131099675,1.0180363152489125,2.5685783652439866,0.03219628296488873,653.9348769,112350.01959056,4282.98247434049
Lee1XZJfJ9Hm2K1qTyeCz1LXNc1YBZaKZszvNY4KCDw,9DgFSWkPDGijNKcLGbr3p5xoJbHsPgXUTr6QvGBJ5vGN,2hNHZg7XBhuhHVZ3JDEi4buq2fPQwuWBdQ9xkH7t1GQX,10942.361790190822,9327.89952860804,2460354.3022827837,224.84673322429765,246.0354302282784,191.85421535367078,7373.464822443,56508.977863257,12499385.086263709
KEN5P7p3asnb23Sw6yAmJRGvijfAzso3RqfyLAQhznt,9zj4aX38Uxf3h6AUjS4EipWS8mwbEofasHAf3a1uKGds,CwQDG1MWunn9cLNwcZLd8YBacweSR7ARo32w4mLua1Yr,658888.7765909974,658937.4732400021,658233.1763473554,0.9990049910289351,65.82331763473553,1.0,2046790.862154,2002717.534227,4047471.8211112632
SERgf3DMJpQxUifu7VoFKmfne73d2fDJxSrxUMrcNJB,AJfM2GZ2tTB8UtN2krcyR9xufRJEx2mhSCbJyMgPo3GU,F4yRYkufQvERZcEKnKjJwRLU1btiMBUuEwq46hfm11QD,3.4101739910000006,3.393617648000003,646.5836511417403,189.6042996187816,0.2586334604566961,191.59316035408716,26.082027007,31.161074673,10915.513239930155
daob129AwBGn9Y5r91uLoWZeYiGzbPmksauMhFZKTze,6VW5GQNyj4LStgmxEHLr5zUfW92vQnmbw8jTnCH7a38F,4VPCCUifPeBA1c7HWK358CHn2nyjm8pdTRk6Ps3KmnMQ,140.1856148069999,127.59088603700002,28954.870753839525,206.54666167925328,11.581948301535812,191.1999825625616,53.917520266,217.124963554,52650.7730623874
7oAd7xG4m3oC2qeWB1szghTebAZyyGPAFDJ4wwwbRSNi,D9yh4KAysxt9GLacVe4Wwh2XqghhcjTCSTV9HuM7TBJd,HDYfJLpZKaMFb84jM4mRytn7XLR8UFZUnQpSfhJJaNEy,9951.56830074316,468.69790625398764,9951.56830074316,1.0,3.980627320297264,0.02492472441979816,1011.142754354,299272.138808721,8470.418340684952
JSoLLrxK5bYdHwTEWYaGgmeycBCNXKDiBCTw5hXGBg7,xG4wXczA7Dk4hccJ61CHKpDHW4NrNfQwgmWgkb9BuF2,BVR6WgfhsRr9Lob4QDnkEAiNGgAbv7ZieKcY9kSg3QYR,152.2726143109997,132.48905105599994,33899.42289622144,222.62324088680634,13.559769158488576,191.38056388752105,17.974243017,169.312382287,36404.58342815718
Dg3mAgpwDfVNnbGWcsxL8sUcSkEbjSJQhKAWNigG44Ju,EATxwd8YA2wV93VJcKMmH2Kn2Y9XfJVUB9hHVu3udwEy,GiGvrRi7NMHfHKanG2B8xyCEqe8jaafWins8bhrLVEaa,0.12191206299999999,0.12408828499999999,27.153019856493003,222.72627653338134,0.010861207942597201,223.8287155231034,0.208679875,0.25017678,102.47523886730747
YAkoNb6HKmSxQN9L8hiBE5tPJRsniSSMzND1boHmZxe,CfWX7o2TswwbxusJ4hCaPobu2jLCb1hfXuXJQjVq3jQF,EnTrdMMpdhugeH6Ban6gYZWXughWxKtVGfCwFn78ZmY3,27983777.78760211,27964029.28247716,27983777.78760211,1.0,2798.377778760211,0.9950565590148143,240109.184847,1015480.484198,1250569.7011997595
FrnkTEL6yZ5Aycq2TrEgu29dCrwKG4LPUZydfiwqspkc,DjvZuMZ46fxKBoBpGMPcRcos4xdTtHFxwMh69DpA2ZFY,9rvDPJLAng4uVVqnnSoEXgNDFhBZQTny9AoQioYDZbQX,261.1097265480039,227.38791167399955,56451.34804689155,216.19779850105743,22.580539218756623,191.29826287786426,324.309928615,2568.71969671,561506.7083993754
RajgMbScQbqqrdJfR2rxfHJiTiY5b6bJ2tTXiF4aPxy,725ZA3fhyBAKb5iopNRrcbSuQa3LXA1656Q3mBvYPxeg,GLA6i1dSZpUfk2f9Nj8uiG7xyDdAR2reff8oEiZH3617,39095.71875857,39098.494346650026,39105.93479297532,1.000261308264171,15.642373917190127,1.0,93893.51459775,87677.1142625,181595.16401156646
NorjjEePhxfwLF4vZjUHCrVVKLzQjEEGQFd3wgjEJmh,34M8pFVqgbV7aqHxvRT5tCv3vu2P1JJYT8J3VaxBK2oG,3AZWBSze3ucsY3xSeuLne3b2pauVqiaJ1SZSV5T9WGWw,0.2509780000000319,0.3864889999968,0.16312674434175636,0.6499643169589989,6.525069773670255e-05,1.0,37634.28168,2561.629213,27022.569399383767
parEAJhzYzHW87y9VoZAQ22dzQ2MD2ekEtTReaxbMcz,3oyc6hpjYSJEquK6dSvG72NXyz3pqLZz5D8AC71pwgQb,Di2vordgFJVZ1aj1aBpvzXtLfZgJsuLLXawGtVFwX6Rz,19.469200091999994,22.663315574999842,3653.387223540564,187.6495801715943,1.4613548894162256,215.82982250155396,1279.230597234,173.739605209,277545.2726673665
Sid7E679i9ABqptiAVhkmQ27YHN8vaYT4fppPwmxFsJ,GP7KB8o1bv527HG8kTzzzf4wJ5aEGHvcMQvVhLziUfmT,9gYxhAZ1M9wu5pxr8SBoa5NDm21gi3s9vMHaYTME77sa,6073.44373299999,18571.95942200011,57.20152742066576,0.0094183020268817,0.022880610968266307,0.03172850451723478,138109.189381,7968.493663,1553.5824454601131
C98Sspw7XqnMsgxea3SLQVdbMDL8pKUc3RE82UvX9eq2,CSqgQJurPCzGxb4Cgwx5R61hWQUiaoUHcShNc8r1cKEL,6S2CR5EnukPhC914XkAns8m5GixjMAoUuZMsS5ubHuWc,18.065340000000106,18.036556000000132,0.0,0.0,0.0,1.0,919.330169,1093.819972,1093.819972
Lid8SLUxQ9RmF7XMqUA8c24RitTwzja8VSKngJxRcUa,4PgzyzLtds9bKZ2to9PMnKqJzKEUpjvNUaeN23phegax,AtymwxoVN9peZo7EXTcDz9jKVc4vRmisJKKrNfe3ewBa,9132.364094784993,8419.016832163947,2012566.3792692313,220.37736980049897,201.25663792692313,190.31860666986782,1057.642335131,7679.092945335,1694554.7058503963
ZUCKWFa4LTL833dPhhpeeRWZcaAEoMeYJPi2iKn4F8N,7eEYpq6ShaJ9opZWMxitRFrdCHh6vfyHhGfoSvFht3N2,H8VggnHmuwd1wvwpT8eg9cUJFEfZ7HAaeYjgXrSm7A2u,0.01797219900026903,0.01797219900026903,0.018012440666010727,1.002239106396557,7.204976266404291e-06,0.9989740765997358,1748.416403725,2098.372994481,3848.5515186019056
MNkYtBe2HtgL15osfaMmyqNW3vo4J399FXXCS4a39Wf,2mUxDu8NrhSKhQJMgKfYLxJqZzeEbmwhQdHeHMyohyuk,AZCBmDBcFsA2jHHhfFJBTsWCHx9XnnKmGfFsue3ZVW1t,0.7826989600000616,0.7076747800001613,0.7823732658332279,0.9995838832252522,0.0003129493063332911,1.0,2195.09800886,1941.07146697,4135.256058726298
BSC8REUo9LpiiWUuqMuLXs2D2yJsJfGd4HdiF3wCLxk5,AZjEH1zWVx1UJ6udMyRijGTzPteuLnaY18yNNmprJEsh,Caf8ypkSVR8xYnXNhjvfvdGCC7mrM3C11rz8Xi6NA6aK,662.0762337299998,662.8572173649995,661.543492755284,0.9991953479862667,0.2646173971021136,0.9998258973170224,3271.527083129,3033.052323877,6301.418903603379
STK75uPSyBnEhGTTzb1nwmP3n427XoXmfRhXxxhyady,6TYyD5fUmDe6N65avW1Ny2RxzRNobw2RRgKwH9CTzSAU,54zDfk4cx2vGrEajPtodWpArNe5eUurytyxd4X3aZAxK,1223.6415332990073,1363.5566108070045,233076.53117454838,190.4777868614518,23.307653117454837,213.02362538517335,480.552088313,90.415699401,110795.17833164624
HDSBGqAuMRr6X2AfmmbXQPpRgU6VEhtfNVVZ3wUTZXg,DCZ1d8kNLgDcdSd99y4udLgwq46mfDXNS9KXj96kQf5L,Fq8GGYQM5Pz3q7LmVMbrXHJgsxA5ev86kTq8yGgGuYsa,119.26895995899758,119.86429743199915,118.53976308056654,0.9938861135480537,0.047415905232226614,1.0,12774.436127712,12123.971436863,24820.306112602528
wrmcMSHFi3sWpAEy4rGDvQb3ezh3PhXoV2xNjgLBkKU,8p4mGnARWPBu6P2Gcw4adodLkNDorrXniZMhaY7eJXUn,AyY89zccbsgp9LKFgH4CFZMJmpSgqmPSdTfukhP227rc,0.10044989000000012,1.1153105499999612,41.881692947857395,416.9411529256761,0.016752677179142958,3690.99029269553,49.01611584,0.18446913,21117.709618400084
WiiQFxXqp8P9Fs1rt9SVcDyA3KUdJmUsog6wnVQAwba,3S2jpqSYxho6wiz3cafhjXruVY8cg4HYa2v3BqBHYFSj,Dfe67M6TfrG74gKRtdqys4e6E9QirPD53BkF4FujFjuv,4600.073035666997,4607.608593384994,4587.426496288281,0.9972507959589639,0.4587426496288281,1.0,21316.361719182,5400.610784252,26658.36947565544
AURHmCnNwiW4uA2Qj1XvEh4iKgRUZYXtiY7FKAapUV5Y,BKWm4TRnTeKwfWXRyuzjRHU7iZDkPuXBX5b5V5jSVfGJ,A5Ww74HVrkj9nPeC7pHKLfgeDMEhBCpW1efQdz3TGLEg,0.03596051399995304,0.03119927699992786,7.724961364994274,214.8178795498964,0.0030899845459977098,191.98423579043077,286.921653278,1817.90832051,410645.64080430835
MATgk4zXLXtYkwBH678J1xZbRDZ45LicNzkRBHkxTuY,y8dALFo1bJrSzPYjMX14HJX448pXqYmrfXHD1K8MXih,GN7Yuet3UyiWS5YVkEHv6oQKi4HGBJc3XDPt9zQhAqZz,54682.798805,54714.15681999999,54726.63483950645,1.0008016421153345,21.89065393580258,1.0,8643.617135,9745.549138,18396.095360524243
BkwbeSfcX1h4thMDd7obGkHrPevf3QwgzJ4pCEqG18Lu,35yX27bmurdebhfAb8EPmjLETDiUaEUCn9zHaDPbakH2,2CxECn1ZJFoESyUnQysQU8rRgT3iJ5GRs2Mdd6gZjx5g,1.089072680000007,0.7880096300000015,3624.563783406021,3328.119279794988,1.4498255133624085,1956.9471624266146,0.79038214,22.81383065,47275.947193138454
TETFuZgEmET6d9vYmz9iMFCxK1jKdKYxf3oPz8hSzJK,Eu1Ze6Z84LWNkq7SNoAHBJbXx5t1P95EwyqYohrfCRFV,ASMbv7WNu3qe4pkhREmvyEdwFNDZQ6B6iSrjkj4u8bdC,49.30266986100001,49.611926993000054,48.779491280806674,0.9893884330875317,0.01951179651232267,0.9967972903062461,312.148306059,40.30132426,349.0081742407626
B2izdXFYb2sNwbWWHmh75T4aQFtfXsUxem9u2p61HGzf,4DYwgJtxwuJdAjkj5RJSNH4e7U329V5cNp7d3a1nLrZv,EXNW64GEf1ACC6xY9BtKRiunrs6GoJSXBdxWN2eTPmrF,33145.45156200004,32442.528166000026,33034.68625897371,0.996658205038506,3.3034686258973704,1.0,7056.489515,33018.790648,40051.69882189294
MARpDPs5A7XiyCWPNH8GsMWPLxmwNn9SBmKvPa9LzgA,6YjT74rmcfCpw8LSjPNx5JTmZoYLGrTKnf9arfSgZ4SR,F8GSmi3vA8M8TsybLya1LQ4n1aFHCRbZ6k437PeTdXtg,146096.61726500027,156704.12261000002,137595.94008645884,0.9418146885418825,55.03837603458354,1.0,373942.532071,19337.311966,371521.88134101185
HEDSDjj84KS7LKhZY7ejkCACTdPen62rKhCby1wXtgxc,EnnjMSFttpCTywBrYNt1J5QQeoSVkvzPipJDa8Y7kJow,6bjVT6JN2rSvpyn9PdfLYC8wJn4LWh49jpY47fnLDXZk,6.888937820000137,7.090770258997509,6.695297555602296,0.9718911290161946,0.0026781190222409184,1.0,38652.423564363,9555.036119665,47120.98369684592
SEQV6QiTpvTzrceiaYg9Avnwf7oc8ZALpnQMz6TyT4A,3dFMPj4r9mMmPHF32mz1gNDX7f8ftidWof7S8YiYTs1j,Fc1ED3YPeQfXQosHbd8DTaBd2AV5gHQtwiSAL5C5pUhi,1885.5555151549997,1888.6575100130003,1875.4903734813674,0.9946619754270111,0.7501961493925471,0.9972883729140468,3928.720678373,1674.84304872,5578.050569795805
GokA1R67GqSavkd15zR62QD68Tuc5AEfvjssntVDEbM8,3YB7hfpBdbQEuZqLGWVDpRPmeZWCUsrrWyqGXegnQ6Cg,4DPCj6Z1DsG6HUtwSogBGqXEUxdEV5a8YVrrFtcnz7UW,103461.10498999992,103444.88261500002,103439.69297355438,0.999793042840132,10.34396929735544,1.0,20993.715186,12962.850668,33952.22105433003
AUSejoEUCh2DBs9mof6BNC8Pubs22w4cJa1ccV9h44R,4xkyD7AfGQDwsQMy9MosRRNGoVJ1zosNinesxg1TzHG7,Cbm5gsQe3nSiCsFrvepVzMCD9xLK3ri9g3ypS2hdmVJ7,941.5113129999972,942.0893040000046,941.0549013728313,0.9995152351109711,0.09410549013728314,1.0,14644.195125,14213.191704,28850.287837375312
KZMu9QBEdL97EFgamLbN5DE1AoKBG4HdrKKJo4Vuon3,DD4ACBWyVqdaKWh7v5btsgqQCCMwbKnuL2xd9pv7Gyuw,GcYqiJ1MAuYbNTNYXm1F1gQYTfTgkErACAhNU5dpVj9T,335.06233193999947,330.20099825999944,341.10562178690503,1.0180363152489125,0.13644224871476204,1.0,1007.40384357,2079.95043241,3105.5241292855944
7dwD9TF6uikvHXxPFK9AsSim54yJoujQjY9vU6gNFumk,CquVr6atkvwueDYficKjn6SSEWq4F4rH4VSiBbW4GBWU,8BCa6ge3b7ho3TfZuM64Vk1hgbrJ3J7EPiAb9uP86CGd,2.9849076689999996,3.1026997499999958,662.8026046172456,222.0512920720583,0.2651210418468983,225.92875923992145,2.438376811,1.738569849,934.2376502776026
ALBpShJ9NLpE739pcHDF2LNVk5J4VYPvvKuV6jMPitZi,D6d156U1bPiJpDYRLextvDRccgFk7QzkQbJg42ceKEu5,GNcM8U5g8RwTZffwwm3kSQqUNPSwv5d2fbN9sLxPJqt2,7112.730300999989,7114.102641999998,7074.555996841035,0.9946329605448998,2.829822398736414,0.9960843922540494,51950.238025,48267.918567,99750.33937899613
heyk4SZTeCUV6a65WiVA5bzic3KcxgVf1qxobfeV4tQ,9ZDpBKPqMABtGfq66FbVribaArMvtk63xxy91onZAtDt,DaTP4s6N7xxSPinbNZ3FB52EpRDRt87QShTuN3VPCW52,213.21221185600552,186.17592138300074,46374.77718891974,217.5052581896167,18.549910875567896,192.93778258149982,652.395906702,4473.511279362,1005008.8867225003
SATqdxinH3vFiJBKv3JA6MuCXweEXr6UV1aRcvGjLD5,bDVSLHopvEo45R3rR7JXoRRAcnUXKD7r14ijj1apALb,33QrhvkyroiTxp21hbXPRowPhsgVHmrgEQbY7eHPp1h4,0.0028301759999999794,0.0028324379999999823,0.0,0.0,0.0,3413.551800648575,0.00113424,0.183358388,625.90335552142
KEVpg4SYCVrqFxKijQH6hm4QxsRdoE51ud64bEEFUC9,2bPenuBYfqzD8p5dFjCcggwkHDsc2RQDnx9AoyYGUBjA,AE6n6iLuX8oYu61vt5hoDYkjswpnxFxrhSehxrnQTnbx,883.4013900309997,884.1370939670019,882.3399756279581,0.998798491359625,0.3529359902511833,1.0,5199.149449067,2399.350695048,7592.253321129345
KwnjUuZhTMTSGAaavkLEmSyfobY16JNH4poL9oeeEvE,J63v6qEZmQpDqCD8bd4PXu2Pq5ZbyXrFcSa3Xt1HdAPQ,BnKQtTdLw9qPCDgZkWX3sURkBAoKCUYL1yahh6Mw7mRK,1016.2966220000001,31934.8271899994,32.61344721432003,0.03209048077926213,0.0032613447214320038,1.0,271575.240382,735.283402,9450.263433602064
