0,1,2,3,4,5,6,7,8,9,10,11
WiiQFxXqp8P9Fs1rt9SVcDyA3KUdJmUsog6wnVQAwba,3S2jpqSYxho6wiz3cafhjXruVY8cg4HYa2v3BqBHYFSj,Dfe67M6TfrG74gKRtdqys4e6E9QirPD53BkF4FujFjuv,115.00191803799953,115.39837757699934,114.62322411083379,0.9967070642505231,0.01146232241108338,1.0,21735.324140403,4977.291487468,26641.0426019826
HEDSDjj84KS7LKhZY7ejkCACTdPen62rKhCby1wXtgxc,EnnjMSFttpCTywBrYNt1J5QQeoSVkvzPipJDa8Y7kJow,6bjVT6JN2rSvpyn9PdfLYC8wJn4LWh49jpY47fnLDXZk,9.48737533900021,9.764945523005736,9.2208841073027,0.9719109635515282,0.0036883536429210798,1.0,38649.081560793,9558.199253223,47121.665353354925
SAMyS8Jr2HJrkFwYVKbpUwsNStnQmvz3f8Tup8bWUWF,6jPzm5TFfquvgm25sTyN3MMGBfufRaFHMxobDWv6hMFW,Cj9ECoDmxsHTDzCY5ZA6RWrPbg9uFzEC1Qc2kso2vJG6,12964.07106115992,480.0771716800002,12818.69501017127,0.9887862346401205,5.127478004068508,0.03582392416890319,707.09938529,110769.98806073,4667.385791175147
DA1mL7dfBow33EH5yjUuZE6SH2KeUK5zEXzsyhE5r5j5,B4UtLRZND3D83CitRCBUyeiNr7H8m7YFRqBmiPmXjhW4,AAmpYbuixWiSqDaJBCqYEs1pb5SrbdPr9mgXrB58Q2e,3.965695235000112,3.96939155799987,3.9651355402580624,0.9998588659216396,0.001586054216103225,1.0,1637.759450222,1468.764487038,3106.2927935894168
FrnkTEL6yZ5Aycq2TrEgu29dCrwKG4LPUZydfiwqspkc,DjvZuMZ46fxKBoBpGMPcRcos4xdTtHFxwMh69DpA2ZFY,9rvDPJLAng4uVVqnnSoEXgNDFhBZQTny9AoQioYDZbQX,515.4016708289975,435.5147016589996,88152.39588147962,171.0363021130509,35.26095835259185,148.7598486457796,339.03955518,2551.03788662,437480.0816912815
JSoLLrxK5bYdHwTEWYaGgmeycBCNXKDiBCTw5hXGBg7,xG4wXczA7Dk4hccJ61CHKpDHW4NrNfQwgmWgkb9BuF2,BVR6WgfhsRr9Lob4QDnkEAiNGgAbv7ZieKcY9kSg3QYR,63.88862881300042,55.05471917299996,11024.87437137116,172.56395349539503,4.409949748548464,148.6950153713472,18.176163771,168.932651779,28255.993932704376
SoN9GaFpSXfpyR5dth3x7PHPVhvJMpQqqDJfCSmPv1t,9kZ9iS68ViMPtoeqtnhAKuF2iqVyfHPdZHoUNdwCELr,BBhm5fJLjw3HRzjtKB8uMEYjGhY6EDm9co3cqpjrSzB9,66.56133324500006,65.48106381800002,10672.91805219941,160.34711944417273,4.269167220879764,172.83685600771406,40.03171844,40.056757658,13342.254793725817
SoNcU2iwHMw6dGzsYNQkYFkUjwN1UdAjrWVRnStrZu2,8ivTTid27jZnYNc4w3CTA1Z6QS2twsFb8WMwUabeDJgc,CyXm53PMvHCbeXJBykU46Rcbo28xk5srhMZFg7gv6EYB,44.562672289999995,44.16239682700004,7775.056179089143,174.4746394132627,3.110022471635657,172.68619068250936,11.401681498,13.2954,4285.236247668654
AUSejoEUCh2DBs9mof6BNC8Pubs22w4cJa1ccV9h44R,4xkyD7AfGQDwsQMy9MosRRNGoVJ1zosNinesxg1TzHG7,Cbm5gsQe3nSiCsFrvepVzMCD9xLK3ri9g3ypS2hdmVJ7,17.97505900000033,17.970091999999568,17.970566358410725,0.9997500624843788,0.0017970566358410725,1.0,14556.27304,14297.394283,28850.02916427968
Cob4usZcpHEY7Qt4ZCwj6WVg9S44zvzYV2v9qYF65dTf,NhFM9UXE48PyNAyeyPYA3iXztqKVJwA4bTdLj4ysM8w,6TuFuynuBoeskxyR2cz4wxyidk8dpDK7kAWw3UkjQGx,1544.7321330000102,68521.233163,31.531316700554463,0.02041215821627131,0.012612526680221786,1.0,61605.177642,313.806947,1571.301579970004
heyk4SZTeCUV6a65WiVA5bzic3KcxgVf1qxobfeV4tQ,9ZDpBKPqMABtGfq66FbVribaArMvtk63xxy91onZAtDt,DaTP4s6N7xxSPinbNZ3FB52EpRDRt87QShTuN3VPCW52,86.62965232799797,75.66352874100039,14711.197524473697,169.81711376116377,5.88447900978948,148.85652880269632,651.179223252,4501.317559895,780631.8832384839
SBFjafzbDXgDRsA5SUypY8FXjJ9sBdb4JbuQq2PHQDG,46xwHtnXoQR3wCHUbm2eCAbPYWbioDQ59Te1Db8M5DDL,FC38fiikZwFvDt5zTjNtGfKd7LjaPz2uUAzLwKP5pRJY,10.48341957300039,10.528677997000926,61.75792032038083,5.891009120672398,0.024703168128152334,2.175104622532344,200.592970449,9541.113124964,21934.61428067104
HDSBGqAuMRr6X2AfmmbXQPpRgU6VEhtfNVVZ3wUTZXg,DCZ1d8kNLgDcdSd99y4udLgwq46mfDXNS9KXj96kQf5L,Fq8GGYQM5Pz3q7LmVMbrXHJgsxA5ev86kTq8yGgGuYsa,25.101103683000474,25.20305750800071,25.004415035662426,0.996148032032411,0.01000176601426497,1.0,12711.582593342,12186.482763597,24849.100747972087
YAkoNb6HKmSxQN9L8hiBE5tPJRsniSSMzND1boHmZxe,CfWX7o2TswwbxusJ4hCaPobu2jLCb1hfXuXJQjVq3jQF,EnTrdMMpdhugeH6Ban6gYZWXughWxKtVGfCwFn78ZmY3,8189325.058745016,8193075.428324038,8189325.058745016,1.0,818.9325058745017,0.9995941647691038,931152.766673,309538.871858,1240566.0167514682
RoBgmK8CvjdHvPrqdDyVw54VwjZv2TqJ493xnqJAQHx,ExiHJxM7qPAcy27NDHAF6G7vnW7muNHi2sVJpnaNynGQ,6rkPHSqZb7StM4HwS9EuVrmfkV7tRdc7dnsFhyB6cefE,22.090783000000087,152.45105800000067,0.5304618252114619,0.024012812276118043,5.3046182521146194e-05,0.9323626816242504,6019.360353,24.164384,167.07174004493476
BSC8REUo9LpiiWUuqMuLXs2D2yJsJfGd4HdiF3wCLxk5,AZjEH1zWVx1UJ6udMyRijGTzPteuLnaY18yNNmprJEsh,Caf8ypkSVR8xYnXNhjvfvdGCC7mrM3C11rz8Xi6NA6aK,54.56292070800009,54.55930433499998,54.54939316763662,0.9997520744823053,0.02181975726705465,1.0,3208.135673993,3094.052253214,6301.39254850919
ALBpShJ9NLpE739pcHDF2LNVk5J4VYPvvKuV6jMPitZi,D6d156U1bPiJpDYRLextvDRccgFk7QzkQbJg42ceKEu5,GNcM8U5g8RwTZffwwm3kSQqUNPSwv5d2fbN9sLxPJqt2,3240.0778280000013,3240.7733020000087,3232.3105856626544,0.9976027605663591,1.2929242342650618,0.9981404643149813,51587.305578,48622.254386,99995.47802367632
SRMuKizofcAMicegrfSv7xs9q76tH1w8aAF7oX9FEWu,72Hj2KWntXPfbie4UgKeTPnm1XVkomDfCnRPKbvfTtPi,6aqJQ5wedqpUt4fFEDUqUmXhrdxCu4bEJsQdVPCADLko,2870.3396079999993,2881.396022000001,240.95912952018784,0.08394795126284162,0.09638365180807514,0.08393939676281001,18090.832658,4862.917208,1926.8786752250157
BSCNHw8CmxbZ8hCWWzMf5FaG2ajPT6JxfznKUNuRVrn4,7n9kgNL633yGzCYksgnzHyjG73ZLBAwvEae5sbAekbzW,SscdxE99omdG9AiMVwmaEMQySQnCgeAh1sPj2Leutm2,26.55188090199954,26.157536530000016,26.95441136974691,1.0151601488886257,0.010781764547898764,1.0,2598.797579417,9086.996358089,11725.192095741362
DFWzVTzNBrQZLjoQ4yQwkj9HuoXmfkuZP9V5vbymZe23,DhgiEgiNdqZdRdo195UUHnoEJUtefK8buko8nU97XJUZ,2K2kkXsouBHtWVjtcgkyiXd8eP3oVBvq1bTJzcVdLLr2,1306.4568083780014,1507.4222091840056,1137.9532973666198,0.8710225168326974,0.455181318946648,1.0,66545.312637067,9462.980768512,67425.4464650688
B2izdXFYb2sNwbWWHmh75T4aQFtfXsUxem9u2p61HGzf,4DYwgJtxwuJdAjkj5RJSNH4e7U329V5cNp7d3a1nLrZv,EXNW64GEf1ACC6xY9BtKRiunrs6GoJSXBdxWN2eTPmrF,10804.348427999981,10670.84819,10651.047895638061,0.9858112191231603,1.0651047895638062,1.0,9659.096943,30360.389719,39882.43585200762
KwnjUuZhTMTSGAaavkLEmSyfobY16JNH4poL9oeeEvE,J63v6qEZmQpDqCD8bd4PXu2Pq5ZbyXrFcSa3Xt1HdAPQ,BnKQtTdLw9qPCDgZkWX3sURkBAoKCUYL1yahh6Mw7mRK,3697.6083239999534,101849.189958999,128.49239121452467,0.034750135751405314,0.012849239121452466,1.0,270518.184488,770.312716,10170.856350181708
BUSDTd9WiT6uBHJRgNvFXBsA7JrifsAtWzKfioN7ERcy,DyBxrn7gSc1EwnpWhDyhzvMHPtxpmBqRqotapLcKcfTM,Cds99GeBgoCpqBsoRWu1C6fF9LiUMd4pXQQD24s9LPff,8431.819980650002,8470.229356829996,8412.08480908365,0.9976594410682816,0.841208480908365,1.0001914066294868,365.75861395,258.67487914,623.6269255860154
BSCrK1Nx9PXU9mF7STWWBqeHLxmtJDr9h7jheEy4tAWX,FfSySSbVJPvEo5a5AvrP3nySoXpRE2QPn1uUMpJJ1x7v,HL7Vcj6838ZmvBHDbQxXfjBNckNi83WvPiZQoMQLFeRM,0.004921171000000113,0.004899592000000119,20.082723581383473,4080.8831031035115,0.00803308943255339,4056.466006814863,1.025258224,1.826291295,11592.247519348912
vEnkoSUkpnbRrPgBz9DfcVxNz67zjwMYBZraAvDDNSf,DtfyjjsZ5yCjWKLKHvwsfXs5QVsmm1QkK6Sh9JZHoq1g,e5wrKCRv4GhHvEf1VD5Pq2KGaZDXP77nTL612Jyrxwy,18472.523887999985,18463.910029,18480.58142149976,1.000436190178918,1.848058142149976,0.9997730515173056,2839.555748,4022.257414,6862.138903112655
AURHmCnNwiW4uA2Qj1XvEh4iKgRUZYXtiY7FKAapUV5Y,BKWm4TRnTeKwfWXRyuzjRHU7iZDkPuXBX5b5V5jSVfGJ,A5Ww74HVrkj9nPeC7pHKLfgeDMEhBCpW1efQdz3TGLEg,0.027135269999973843,0.026214267000113978,4.505517148851083,166.03914937479618,0.0018022068595404332,148.12433853225073,286.818841015,1818.045345108,316919.92055255553
7dwD9TF6uikvHXxPFK9AsSim54yJoujQjY9vU6gNFumk,CquVr6atkvwueDYficKjn6SSEWq4F4rH4VSiBbW4GBWU,8BCa6ge3b7ho3TfZuM64Vk1hgbrJ3J7EPiAb9uP86CGd,0.7152527880000004,0.7218419430000016,123.2450741793746,172.30981304385287,0.04929802967174984,174.12902403468092,2.38570466,1.787399226,722.3184067261727
parEAJhzYzHW87y9VoZAQ22dzQ2MD2ekEtTReaxbMcz,3oyc6hpjYSJEquK6dSvG72NXyz3pqLZz5D8AC71pwgQb,Di2vordgFJVZ1aj1aBpvzXtLfZgJsuLLXawGtVFwX6Rz,4.110122544999825,4.719888664000223,599.3489813193634,145.8226548618367,0.23973959252774538,169.6664544139322,1284.13803369,172.845305184,216582.46737439782
NorjjEePhxfwLF4vZjUHCrVVKLzQjEEGQFd3wgjEJmh,34M8pFVqgbV7aqHxvRT5tCv3vu2P1JJYT8J3VaxBK2oG,3AZWBSze3ucsY3xSeuLne3b2pauVqiaJ1SZSV5T9WGWw,4.530499000000418,6.936542999996163,2.9603519882490357,0.6534273571738483,0.0011841407952996143,1.0,37603.320954,2581.78385,27152.822481932213
SEQV6QiTpvTzrceiaYg9Avnwf7oc8ZALpnQMz6TyT4A,3dFMPj4r9mMmPHF32mz1gNDX7f8ftidWof7S8YiYTs1j,Fc1ED3YPeQfXQosHbd8DTaBd2AV5gHQtwiSAL5C5pUhi,393.10032843699946,393.4429477200008,391.890183307651,0.9969215362038487,0.15675607332306038,0.9986049488864056,4376.05605535,1227.133908045,5588.006518733729
Dg3mAgpwDfVNnbGWcsxL8sUcSkEbjSJQhKAWNigG44Ju,EATxwd8YA2wV93VJcKMmH2Kn2Y9XfJVUB9hHVu3udwEy,GiGvrRi7NMHfHKanG2B8xyCEqe8jaafWins8bhrLVEaa,0.036492174000000016,0.036627347999999976,6.255382325252277,171.41709138108007,0.002502152930100911,174.026629902961,0.268574669,0.190203878,79.13882846143028
C98Sspw7XqnMsgxea3SLQVdbMDL8pKUc3RE82UvX9eq2,CSqgQJurPCzGxb4Cgwx5R61hWQUiaoUHcShNc8r1cKEL,6S2CR5EnukPhC914XkAns8m5GixjMAoUuZMsS5ubHuWc,43.28906000000006,43.252149999999915,0.0,0.0,0.0,1.0,958.927764,1053.96407,1053.96407
daob129AwBGn9Y5r91uLoWZeYiGzbPmksauMhFZKTze,6VW5GQNyj4LStgmxEHLr5zUfW92vQnmbw8jTnCH7a38F,4VPCCUifPeBA1c7HWK358CHn2nyjm8pdTRk6Ps3KmnMQ,29.544524483000004,26.636680682999994,4791.980498133945,162.19521491676954,1.9167921992535784,148.50612491236282,52.952716691,233.005674214,43191.44702423716
BUSD5rCfUDpCxKGMvYU2yThChxgHoioK74PTPociGnv2,CcFHbafgYDZ8yA8Me1PdtDiVb2eeaS61LbqyKKK5CsNZ,26R9s4nmF3CFDTkiePDwRmtscn8i7r2eygbSijditJ58,10.607651239999996,10.499924,10.610783649441148,1.000295297174679,0.0010610783649441149,1.0,102.02617589,44.13160698,146.18791091148364
GokA1R67GqSavkd15zR62QD68Tuc5AEfvjssntVDEbM8,3YB7hfpBdbQEuZqLGWVDpRPmeZWCUsrrWyqGXegnQ6Cg,4DPCj6Z1DsG6HUtwSogBGqXEUxdEV5a8YVrrFtcnz7UW,86735.17452499998,86742.92177699997,86737.60317788896,1.0000280007840219,8.673760317788895,1.0,15647.074398,18167.266196,33814.77872435079
MATgk4zXLXtYkwBH678J1xZbRDZ45LicNzkRBHkxTuY,y8dALFo1bJrSzPYjMX14HJX448pXqYmrfXHD1K8MXih,GN7Yuet3UyiWS5YVkEHv6oQKi4HGBJc3XDPt9zQhAqZz,51897.410921,51875.025947000024,51856.49614554117,0.9992116220302182,20.74259845821647,1.0,10584.594781,7524.0015,18100.25161965559
wrmcMSHFi3sWpAEy4rGDvQb3ezh3PhXoV2xNjgLBkKU,8p4mGnARWPBu6P2Gcw4adodLkNDorrXniZMhaY7eJXUn,AyY89zccbsgp9LKFgH4CFZMJmpSgqmPSdTfukhP227rc,0.02352661999999997,0.37652184000000233,6.883153891164415,292.5687536571094,0.002753261556465766,4055.1500405515008,49.47342707,0.14307228,15054.558459059594
KZMu9QBEdL97EFgamLbN5DE1AoKBG4HdrKKJo4Vuon3,DD4ACBWyVqdaKWh7v5btsgqQCCMwbKnuL2xd9pv7Gyuw,GcYqiJ1MAuYbNTNYXm1F1gQYTfTgkErACAhNU5dpVj9T,1620.6792211999991,1629.2436630800003,1602.0043045805564,0.98847710492295,0.6408017218322226,1.0,1951.43324699,1132.80965628,3061.756742715067
KEnkcdADoLR5jS2CLLLesy8TtFsyWL37BhXNfDMzWzP,3qsjFRuw1qeLMPo4DLwaQevenGAGBj9dA3Q6rb8ax2YR,77iEv8zPQAEyCcEbvBRSB6AFcUdfkhiqnAKtPxk76rNN,6.567783999999993,5.311782000000006,0.09462360063977329,0.014407233952848235,3.784944025590932e-05,0.9968380297695709,105.037119,0.467745,1.9795603514007283
moFiBS1R4Lf3E3zzmBPnw3NF4RhWPkhREFviuzUaCAU,44ALBrpqi9PfZkBRTvbtRNtFJGsatfY4QydjtMbFWq8S,2ho8qEEie1UjVwWNBo9y4oAJZMyMLx8zPj9bxyUz6uWs,3669.1232628479956,3667.762295496006,3663.7161600257896,0.9985263229292523,1.4654864640103158,1.0,39217.015736115,29125.342209905,68284.56472914653
MARpDPs5A7XiyCWPNH8GsMWPLxmwNn9SBmKvPa9LzgA,6YjT74rmcfCpw8LSjPNx5JTmZoYLGrTKnf9arfSgZ4SR,F8GSmi3vA8M8TsybLya1LQ4n1aFHCRbZ6k437PeTdXtg,92264.12537999981,99021.60260200065,86153.5150201646,0.9337704624124707,34.46140600806584,1.0,376958.973365,17447.276931,369440.43180056626
BSCuChvaSj9b5HUSqgDVRzcnr2sSn7cXaamt1jbKH6hn,GnKpRj5kBVPMJfiwZtEuD9GYApLzPdW5JFuZTcyX4BTc,3dmwD9okkomV9nDwyuh4UMhKdUR13QpuKxRo89ycZB5t,78.82373160099996,78.79286456700015,78.88904778811613,1.0008286360692336,0.03155561911524646,0.9990544209659706,1498.365713792,1597.147209047,3095.2442937992173
SAMGk1Nd4haC8zQA63DG37pzuEZy8j4q13tSFtCbcRE,9U9TnkHD3jXMAVZtynCVLgDruuqN4pTvLJTmVHCLWS8g,C6zoEbvqSknmi96QWq96UBiPCyNW3YSTvKhavR2BfifE,0.4290227599999956,0.404134290000006,0.9331693884475749,2.175104622532344,0.00037326775537903,0.0,53.30354494,1.32539675,115.94078699635455
ercAoEmXjQzEvAFbdjAo81KtMxRGn9AW1ju882upmPH,CMRhskR2Eg6V42RTSdRTXGdozyPbWB8U9dVpijPWb9T4,7TKLLgrWswt6ZJ1pXhVR3FyufHGjJFqiEXxvWJfDcgRm,0.0,0.0004528220001702721,0.0,148.74608537489814,0.0,143.9868015938187,327.451728486,1012.350186151,194472.228158326
SERgf3DMJpQxUifu7VoFKmfne73d2fDJxSrxUMrcNJB,AJfM2GZ2tTB8UtN2krcyR9xufRJEx2mhSCbJyMgPo3GU,F4yRYkufQvERZcEKnKjJwRLU1btiMBUuEwq46hfm11QD,9.803999999746793e-05,9.803999999746793e-05,0.014593626883572648,148.85380338585838,5.8374507534290594e-06,148.83838339487554,26.203928038,31.034731924,8519.713680767129
KysFMBBoavfov2tLpvefWW6tPFt6rAeZWDJVy1mMQae,B8ka2V21TH3x64dFV8ETcjuQcwmrciJ2qzy1mJUttRew,7fSf7EYxBANyxzk2s5pymFgshA91tFYQNKKs5UnLWcYS,116.6636140000005,169.98222800000804,2.8182466468711183,0.02415703191631888,0.0011272986587484474,0.034586844748335226,134999.667874,2248.52079,3338.960525001801
RajgMbScQbqqrdJfR2rxfHJiTiY5b6bJ2tTXiF4aPxy,725ZA3fhyBAKb5iopNRrcbSuQa3LXA1656Q3mBvYPxeg,GLA6i1dSZpUfk2f9Nj8uiG7xyDdAR2reff8oEiZH3617,818396.9783105603,818547.0796064897,818107.2865204035,0.9996460253424262,327.2429146081614,1.0,129601.77700543,103252.77063829,232808.67189908357
7oAd7xG4m3oC2qeWB1szghTebAZyyGPAFDJ4wwwbRSNi,D9yh4KAysxt9GLacVe4Wwh2XqghhcjTCSTV9HuM7TBJd,HDYfJLpZKaMFb84jM4mRytn7XLR8UFZUnQpSfhJJaNEy,4854.955457871954,109.6680313720002,4854.955457871954,1.0,1.9419821831487818,0.023886071150272616,986.498183264,300279.294361235,8158.990773330113
SHRJZYZxBfNz1SL5puXfaymPnndnJTY6MJrTrzpsYMc,BKJWe131yeNE594dMwrLyT25RPsytUgcTdMpph8rbuda,EreMRai79gFEuXwrMnj6kpV4pvVAUqukjSuy87XQTT8K,0.016749,0.016558,0.015721682386158835,0.9386639432896792,6.288672954463535e-06,1.0000280007840219,0.017845,0.002644,0.019394532102077276
ALLwa5WNZbvQsRKAqe1jdRGemdYQnW8E5k4msbRFcYtu,CGoM82Hbz7QVqTgvQatYtjvDWBvoUJp5qm21P8iMs9yb,3dxNNww8TivyN5FMy5dCNdi3Zcxv6e4kUfSPxfFwpdNq,4.595373436000001,4.510551830000001,18630.3958323198,4054.1636260439473,7.452158332927919,4006.7955252107577,0.935250545,7.615238236,34304.36122819544
Sid7E679i9ABqptiAVhkmQ27YHN8vaYT4fppPwmxFsJ,GP7KB8o1bv527HG8kTzzzf4wJ5aEGHvcMQvVhLziUfmT,9gYxhAZ1M9wu5pxr8SBoa5NDm21gi3s9vMHaYTME77sa,158998.11372500012,225044.66559499988,2287.270972049334,0.014385522686170674,0.9149083888197337,0.03460611989158733,130368.395448,10656.497243,2244.197531492501
KEN5P7p3asnb23Sw6yAmJRGvijfAzso3RqfyLAQhznt,9zj4aX38Uxf3h6AUjS4EipWS8mwbEofasHAf3a1uKGds,CwQDG1MWunn9cLNwcZLd8YBacweSR7ARo32w4mLua1Yr,268129.8898349996,268220.40794600034,267701.3000536137,0.9984015591038747,26.770130005361377,1.0,2094071.086153,1833795.542606,3924519.3798955
Lid8SLUxQ9RmF7XMqUA8c24RitTwzja8VSKngJxRcUa,4PgzyzLtds9bKZ2to9PMnKqJzKEUpjvNUaeN23phegax,AtymwxoVN9peZo7EXTcDz9jKVc4vRmisJKKrNfe3ewBa,420.5817677810046,361.0759717020037,72520.13707020854,172.42815220646824,7.252013707020854,148.76785995350707,1048.60919747,7687.374411961,1324443.9862352475
MATSnbbiTCv7Dc3trJrkrqjx7ckKdr6fwPoVwv9q3sD,631WX9JizSHJm4w6VanZeJAst9T8DeUUnPLesdGkCVtK,211maUSfpnXbPuW1iBu8b4dtJv5EbN1j7JJiEX5TZKEP,35551.11387800001,35552.678004,35520.74364218594,0.9991457304005075,14.208297456874375,0.9993933682254871,23607.428429,20934.84593,44509.40750783524
BUSDgu5JdqP1rndBvXvanbEufS94FNh1w5FJcAj6vawb,Bgzr8cWubt89JQFXndVjtdKmDbGzuPxNhvjH1EhWCwbo,Dxaf8xPBBQsasRKW5Aa4Sw2YrbfGofY9xZueyyF23FBW,18284.84384018,18074.677386359996,18506.45793367747,1.0121200976849736,7.402583173470989,1.0,3646.03025697,11144.3966927,14834.617192546846
SUiuyGR7SFq3xeRVJonq84fjjeFwRSsFekcevJ53tzy,49GjCCPsv7fBqo6t3iKDrP1xxGDS8uWZbVCdfnp2gjMf,CEwj5xEbbJEjYqM8D6Ai8ByGz1mrh8mkAVsE5fzDSSSx,13.364596999999936,112.4872889999998,0.1610808437125429,0.012052802169234407,6.443233748501716e-05,0.919596039851614,599.256025,2.152533,9.202175140496703
ZUCKWFa4LTL833dPhhpeeRWZcaAEoMeYJPi2iKn4F8N,7eEYpq6ShaJ9opZWMxitRFrdCHh6vfyHhGfoSvFht3N2,H8VggnHmuwd1wvwpT8eg9cUJFEfZ7HAaeYjgXrSm7A2u,2.954010159999825,2.9537703119999605,2.9554247119742927,1.0004788581954192,0.001182169884789717,1.0,1916.072738944,1930.352406397,3847.3426724750625
TETFuZgEmET6d9vYmz9iMFCxK1jKdKYxf3oPz8hSzJK,Eu1Ze6Z84LWNkq7SNoAHBJbXx5t1P95EwyqYohrfCRFV,ASMbv7WNu3qe4pkhREmvyEdwFNDZQ6B6iSrjkj4u8bdC,13.005991394000034,12.928718799999999,12.922580453315753,0.993586729518923,0.005169032181326301,0.9988226098815689,296.802446482,55.504892727,350.33851392804416
STK75uPSyBnEhGTTzb1nwmP3n427XoXmfRhXxxhyady,6TYyD5fUmDe6N65avW1Ny2RxzRNobw2RRgKwH9CTzSAU,54zDfk4cx2vGrEajPtodWpArNe5eUurytyxd4X3aZAxK,563.4432382479987,628.3358101839965,83785.67357798321,148.7029533596161,8.378567357798321,166.02489742566775,496.68013496,92.437235118,89204.68542238299
Lee1XZJfJ9Hm2K1qTyeCz1LXNc1YBZaKZszvNY4KCDw,9DgFSWkPDGijNKcLGbr3p5xoJbHsPgXUTr6QvGBJ5vGN,2hNHZg7XBhuhHVZ3JDEi4buq2fPQwuWBdQ9xkH7t1GQX,1857.197460569315,1582.2391238950013,324396.6001138001,174.66995674997202,32.43966001138001,148.8612486630399,7349.313810044,56597.303173839,9708849.546760662
