0,1,2,3,4,5,6,7,8,9,10,11
SoN9GaFpSXfpyR5dth3x7PHPVhvJMpQqqDJfCSmPv1t,9kZ9iS68ViMPtoeqtnhAKuF2iqVyfHPdZHoUNdwCELr,BBhm5fJLjw3HRzjtKB8uMEYjGhY6EDm9co3cqpjrSzB9,24.718161091000027,24.236787432000007,5528.037552972587,223.64275127996336,2.2112150211890347,204.47146375804647,2.049262016,7.585763903,2009.3748443211261
MATgk4zXLXtYkwBH678J1xZbRDZ45LicNzkRBHkxTuY,y8dALFo1bJrSzPYjMX14HJX448pXqYmrfXHD1K8MXih,GN7Yuet3UyiWS5YVkEHv6oQKi4HGBJc3XDPt9zQhAqZz,70215.64278599997,70246.23526300001,70210.37700772438,0.9999250056245781,28.084150803089756,1.0,9851.349699,8547.188826,18397.79972918226
HEDSDjj84KS7LKhZY7ejkCACTdPen62rKhCby1wXtgxc,EnnjMSFttpCTywBrYNt1J5QQeoSVkvzPipJDa8Y7kJow,6bjVT6JN2rSvpyn9PdfLYC8wJn4LWh49jpY47fnLDXZk,17.13606126200102,17.364432602003944,16.566888046879598,0.9667850618401115,0.0066267552187518385,0.999259370937967,38638.947172707,9568.152920561,46916.623400240394
DFWzVTzNBrQZLjoQ4yQwkj9HuoXmfkuZP9V5vbymZe23,DhgiEgiNdqZdRdo195UUHnoEJUtefK8buko8nU97XJUZ,2K2kkXsouBHtWVjtcgkyiXd8eP3oVBvq1bTJzcVdLLr2,580.9735167740037,679.5975892978404,494.48015180541853,0.851123394662014,0.19779206072216743,0.9999240177737373,67418.975294955,8713.478867682,66094.6839158357
wrmcMSHFi3sWpAEy4rGDvQb3ezh3PhXoV2xNjgLBkKU,8p4mGnARWPBu6P2Gcw4adodLkNDorrXniZMhaY7eJXUn,AyY89zccbsgp9LKFgH4CFZMJmpSgqmPSdTfukhP227rc,0.09694823000000011,1.0026731899999817,35.20269789397244,363.10820624546113,0.014081079157588976,3659.518407377589,49.14203016,0.1711764,18470.29760936658
MARpDPs5A7XiyCWPNH8GsMWPLxmwNn9SBmKvPa9LzgA,6YjT74rmcfCpw8LSjPNx5JTmZoYLGrTKnf9arfSgZ4SR,F8GSmi3vA8M8TsybLya1LQ4n1aFHCRbZ6k437PeTdXtg,183650.33083000052,194130.99036000075,171760.3896190139,0.9352577196172177,68.70415584760556,1.0,370081.945405,23072.824689,369194.82101998397
B2izdXFYb2sNwbWWHmh75T4aQFtfXsUxem9u2p61HGzf,4DYwgJtxwuJdAjkj5RJSNH4e7U329V5cNp7d3a1nLrZv,EXNW64GEf1ACC6xY9BtKRiunrs6GoJSXBdxWN2eTPmrF,28415.855770999984,27759.886157000026,28572.892387562024,1.0055263729457096,2.8572892387562026,1.0,6936.258546,33142.725414,40117.316311573064
heyk4SZTeCUV6a65WiVA5bzic3KcxgVf1qxobfeV4tQ,9ZDpBKPqMABtGfq66FbVribaArMvtk63xxy91onZAtDt,DaTP4s6N7xxSPinbNZ3FB52EpRDRt87QShTuN3VPCW52,189.17988087100275,165.3994283080002,41243.27264658948,218.01088179515392,16.497309058635793,194.4703143982126,648.025928911,4478.53655161,1012219.1154234945
7dwD9TF6uikvHXxPFK9AsSim54yJoujQjY9vU6gNFumk,CquVr6atkvwueDYficKjn6SSEWq4F4rH4VSiBbW4GBWU,8BCa6ge3b7ho3TfZuM64Vk1hgbrJ3J7EPiAb9uP86CGd,3.4654721979999983,3.5829776769999957,775.0435101354716,223.6473028358925,0.3100174040541887,227.5508564786687,2.525190371,1.653320328,940.9664722913101
BUSDTd9WiT6uBHJRgNvFXBsA7JrifsAtWzKfioN7ERcy,DyBxrn7gSc1EwnpWhDyhzvMHPtxpmBqRqotapLcKcfTM,Cds99GeBgoCpqBsoRWu1C6fF9LiUMd4pXQQD24s9LPff,12029.72986982,12758.470796330006,12010.367116266169,0.9983904249086749,1.201036711626617,0.9901146948862556,345.64107639,287.74339209,629.9837019876304
NorjjEePhxfwLF4vZjUHCrVVKLzQjEEGQFd3wgjEJmh,34M8pFVqgbV7aqHxvRT5tCv3vu2P1JJYT8J3VaxBK2oG,3AZWBSze3ucsY3xSeuLne3b2pauVqiaJ1SZSV5T9WGWw,74.71869599999991,116.17122899999958,47.866591329281974,0.6406240190444709,0.01914663653171279,1.0,37716.797632,2508.439633,26670.726117498823
Sid7E679i9ABqptiAVhkmQ27YHN8vaYT4fppPwmxFsJ,GP7KB8o1bv527HG8kTzzzf4wJ5aEGHvcMQvVhLziUfmT,9gYxhAZ1M9wu5pxr8SBoa5NDm21gi3s9vMHaYTME77sa,7819.038877999993,24719.10079400017,53.93159829873308,0.00689747156143161,0.02157263931949323,0.03046727383678005,143584.484209,6558.765826,1190.1976109464604
KwnjUuZhTMTSGAaavkLEmSyfobY16JNH4poL9oeeEvE,J63v6qEZmQpDqCD8bd4PXu2Pq5ZbyXrFcSa3Xt1HdAPQ,BnKQtTdLw9qPCDgZkWX3sURkBAoKCUYL1yahh6Mw7mRK,975.6012790000234,29818.897359999653,29.86935447437578,0.030616354362502905,0.0029869354474375783,1.0,272206.583893,715.417421,9049.390653274462
SQDY9uoDoCbNq7F3HAHYYQZbrUzpKxDtdWLvYcqBLak,GiehZ4X2uQjhEKuxSm3ACmEFrabxh3RTvjbLfLjw1xGX,rxDQYV77NKRKYxCjq4cECX3QQsiSyLv1T1FT2X3zNA2,0.056904887000001736,0.018976230999982135,0.05701816430280415,1.0019906427861356,2.280726572112166e-05,0.9999240177737373,171.365745094,234.97809579,406.66711470942107
Lid8SLUxQ9RmF7XMqUA8c24RitTwzja8VSKngJxRcUa,4PgzyzLtds9bKZ2to9PMnKqJzKEUpjvNUaeN23phegax,AtymwxoVN9peZo7EXTcDz9jKVc4vRmisJKKrNfe3ewBa,5106.507237712977,4565.026236873,1139045.4912048317,223.057647464526,113.90454912048318,193.94586350322862,1074.840063917,7657.263774694,1724845.9309129664
SAMyS8Jr2HJrkFwYVKbpUwsNStnQmvz3f8Tup8bWUWF,6jPzm5TFfquvgm25sTyN3MMGBfufRaFHMxobDWv6hMFW,Cj9ECoDmxsHTDzCY5ZA6RWrPbg9uFzEC1Qc2kso2vJG6,4988.993381029966,188.24273447000917,5068.373898237997,1.015911128988438,2.027349559295199,0.030616354362502905,635.56572123,112942.49079547,4103.565610178952
BUSDgu5JdqP1rndBvXvanbEufS94FNh1w5FJcAj6vawb,Bgzr8cWubt89JQFXndVjtdKmDbGzuPxNhvjH1EhWCwbo,Dxaf8xPBBQsasRKW5Aa4Sw2YrbfGofY9xZueyyF23FBW,24652.22114462,24435.23427236,25019.68678562163,1.0149059850974858,10.007874714248652,0.9996164671538823,3187.1291897,11637.89379458,14868.06676995558
Lee1XZJfJ9Hm2K1qTyeCz1LXNc1YBZaKZszvNY4KCDw,9DgFSWkPDGijNKcLGbr3p5xoJbHsPgXUTr6QvGBJ5vGN,2hNHZg7XBhuhHVZ3JDEi4buq2fPQwuWBdQ9xkH7t1GQX,9426.742041153186,8037.7771953930505,2140042.0939780893,227.01820890351794,214.00420939780892,193.70527587311682,7385.599653424,56495.11154905,12620066.77309
FrnkTEL6yZ5Aycq2TrEgu29dCrwKG4LPUZydfiwqspkc,DjvZuMZ46fxKBoBpGMPcRcos4xdTtHFxwMh69DpA2ZFY,9rvDPJLAng4uVVqnnSoEXgNDFhBZQTny9AoQioYDZbQX,341.79406190500265,296.0557717719991,76794.98750206205,224.68204120938256,30.71799500082482,194.41511476421434,332.721322726,2549.057564137,570331.8248162469
Dg3mAgpwDfVNnbGWcsxL8sUcSkEbjSJQhKAWNigG44Ju,EATxwd8YA2wV93VJcKMmH2Kn2Y9XfJVUB9hHVu3udwEy,GiGvrRi7NMHfHKanG2B8xyCEqe8jaafWins8bhrLVEaa,0.16182197199999998,0.16400346400000002,34.08279435911563,210.61907686501084,0.01363311774364625,225.9194186099314,0.219165531,0.239674453,100.30755489726324
TETFuZgEmET6d9vYmz9iMFCxK1jKdKYxf3oPz8hSzJK,Eu1Ze6Z84LWNkq7SNoAHBJbXx5t1P95EwyqYohrfCRFV,ASMbv7WNu3qe4pkhREmvyEdwFNDZQ6B6iSrjkj4u8bdC,44.37576960300004,44.39283639600002,43.826152789228615,0.9876144837894988,0.017530461115691447,0.9948496632931315,312.148306059,40.30132426,348.3759470245541
ALBpShJ9NLpE739pcHDF2LNVk5J4VYPvvKuV6jMPitZi,D6d156U1bPiJpDYRLextvDRccgFk7QzkQbJg42ceKEu5,GNcM8U5g8RwTZffwwm3kSQqUNPSwv5d2fbN9sLxPJqt2,5820.627752,5821.720926999988,5749.3359857763735,0.9877518767285658,2.2997343943105495,0.9947249734657113,51671.100048,48547.089995,99329.22885215536
BerKDkt6v49dT1bHRedgnpsJS263C1DSJtEGvY9Mg35V,78XKqNb8wbfsMMrvo8WPUpdx7GEkfQutpNVH943aCGFa,DKYQwn4nDvFHCszi5tXbqfVMAP7DaXXp1KGTXEnYnKVH,0.018818974000168964,0.018818974000168964,0.018893464355195906,1.003958258033954,7.557385742078362e-06,0.9999240177737373,1340.351451808,2198.678957077,3544.168805265446
daob129AwBGn9Y5r91uLoWZeYiGzbPmksauMhFZKTze,6VW5GQNyj4LStgmxEHLr5zUfW92vQnmbw8jTnCH7a38F,4VPCCUifPeBA1c7HWK358CHn2nyjm8pdTRk6Ps3KmnMQ,109.63143638799994,99.90765049000004,22668.40085097917,206.76916765691865,9.06736034039167,193.7840284754003,53.911357359,217.140873597,53225.63972066947
BSC8REUo9LpiiWUuqMuLXs2D2yJsJfGd4HdiF3wCLxk5,AZjEH1zWVx1UJ6udMyRijGTzPteuLnaY18yNNmprJEsh,Caf8ypkSVR8xYnXNhjvfvdGCC7mrM3C11rz8Xi6NA6aK,632.5480653380005,632.880085539,632.4014670891116,0.9997682417243494,0.2529605868356447,0.9999240177737373,3284.637367348,3019.954230345,6303.6008929549735
SEQV6QiTpvTzrceiaYg9Avnwf7oc8ZALpnQMz6TyT4A,3dFMPj4r9mMmPHF32mz1gNDX7f8ftidWof7S8YiYTs1j,Fc1ED3YPeQfXQosHbd8DTaBd2AV5gHQtwiSAL5C5pUhi,952.040571025,953.1784920620003,944.2414164208232,0.9918079598269851,0.3776965665683293,0.9935982464978146,4132.62856974,1471.291427708,5560.646493134475
BSCuChvaSj9b5HUSqgDVRzcnr2sSn7cXaamt1jbKH6hn,GnKpRj5kBVPMJfiwZtEuD9GYApLzPdW5JFuZTcyX4BTc,3dmwD9okkomV9nDwyuh4UMhKdUR13QpuKxRo89ycZB5t,680.0892716209999,679.3411019000005,678.9403565287554,0.9983106407641074,0.27157614261150215,0.9894514580061959,1590.897090012,1505.197473311,3077.529327874445
BSCNHw8CmxbZ8hCWWzMf5FaG2ajPT6JxfznKUNuRVrn4,7n9kgNL633yGzCYksgnzHyjG73ZLBAwvEae5sbAekbzW,SscdxE99omdG9AiMVwmaEMQySQnCgeAh1sPj2Leutm2,72.56732649699916,71.60148532999983,73.56483356588512,1.0137459531312238,0.029425933426354054,0.9999240177737373,2732.837004601,8946.109292371,11715.832001052097
STK75uPSyBnEhGTTzb1nwmP3n427XoXmfRhXxxhyady,6TYyD5fUmDe6N65avW1Ny2RxzRNobw2RRgKwH9CTzSAU,54zDfk4cx2vGrEajPtodWpArNe5eUurytyxd4X3aZAxK,1312.7575132459986,1462.4799102600036,255801.51460247545,194.85816079617487,25.58015146024755,216.23613331736067,479.62466813,91.281284699,113197.09275184046
Cob4usZcpHEY7Qt4ZCwj6WVg9S44zvzYV2v9qYF65dTf,NhFM9UXE48PyNAyeyPYA3iXztqKVJwA4bTdLj4ysM8w,6TuFuynuBoeskxyR2cz4wxyidk8dpDK7kAWw3UkjQGx,93.21329200000005,9495.12612500001,0.642936030717421,0.00689747156143161,0.0002571744122869684,1.0,74680.734528,157.78644,672.8946825937037
WiiQFxXqp8P9Fs1rt9SVcDyA3KUdJmUsog6wnVQAwba,3S2jpqSYxho6wiz3cafhjXruVY8cg4HYa2v3BqBHYFSj,Dfe67M6TfrG74gKRtdqys4e6E9QirPD53BkF4FujFjuv,5316.154221389001,5327.598973275995,5295.630781877342,0.9961394198405522,0.5295630781877342,0.9999240177737373,22049.82485702,4669.725827139,26634.07075163231
moFiBS1R4Lf3E3zzmBPnw3NF4RhWPkhREFviuzUaCAU,44ALBrpqi9PfZkBRTvbtRNtFJGsatfY4QydjtMbFWq8S,2ho8qEEie1UjVwWNBo9y4oAJZMyMLx8zPj9bxyUz6uWs,45.05295516900151,45.1662986559968,44.955912168141644,0.997846023629397,0.017982364867256656,0.9999240177737373,40445.610347256,27439.348518116,67795.75507360179
ZUCKWFa4LTL833dPhhpeeRWZcaAEoMeYJPi2iKn4F8N,7eEYpq6ShaJ9opZWMxitRFrdCHh6vfyHhGfoSvFht3N2,H8VggnHmuwd1wvwpT8eg9cUJFEfZ7HAaeYjgXrSm7A2u,1.278940464000243,1.27712037099991,1.2816890525819504,1.002149113785258,0.0005126756210327802,0.9999240177737373,1749.693524096,2097.094054017,3850.3885267107044
SRMuKizofcAMicegrfSv7xs9q76tH1w8aAF7oX9FEWu,72Hj2KWntXPfbie4UgKeTPnm1XVkomDfCnRPKbvfTtPi,6aqJQ5wedqpUt4fFEDUqUmXhrdxCu4bEJsQdVPCADLko,0.19441999999980908,0.19441999999980908,0.014355421844637672,0.07383716615909768,5.74216873785507e-06,0.07275787336594002,17693.037092,5259.195549,1689.0516033819397
AUSejoEUCh2DBs9mof6BNC8Pubs22w4cJa1ccV9h44R,4xkyD7AfGQDwsQMy9MosRRNGoVJ1zosNinesxg1TzHG7,Cbm5gsQe3nSiCsFrvepVzMCD9xLK3ri9g3ypS2hdmVJ7,1511.524153999997,1512.5326340000083,1510.8488045843478,0.9995531997197252,0.1510848804584348,1.0,14576.159891,14281.259081,28850.90633967537
SATqdxinH3vFiJBKv3JA6MuCXweEXr6UV1aRcvGjLD5,bDVSLHopvEo45R3rR7JXoRRAcnUXKD7r14ijj1apALb,33QrhvkyroiTxp21hbXPRowPhsgVHmrgEQbY7eHPp1h4,0.0028301759999999794,0.0028324379999999823,0.0,0.0,0.0,3692.6258262250285,0.00113424,0.183358388,677.0739189837894
KZMu9QBEdL97EFgamLbN5DE1AoKBG4HdrKKJo4Vuon3,DD4ACBWyVqdaKWh7v5btsgqQCCMwbKnuL2xd9pv7Gyuw,GcYqiJ1MAuYbNTNYXm1F1gQYTfTgkErACAhNU5dpVj9T,315.17150045000017,310.2225099099994,320.18137197364433,1.015895699695217,0.12807254878945776,0.9996012890338432,1043.01021706,2043.79274732,3102.5674589885207
GokA1R67GqSavkd15zR62QD68Tuc5AEfvjssntVDEbM8,3YB7hfpBdbQEuZqLGWVDpRPmeZWCUsrrWyqGXegnQ6Cg,4DPCj6Z1DsG6HUtwSogBGqXEUxdEV5a8YVrrFtcnz7UW,83120.39453699994,83105.16630100006,83154.23831199293,1.0004071657164466,8.315423831199293,1.0,12372.732967,21586.724401,33964.495120682914
ACUSESXyNnwRLAg1dpSGMLSzUDdLjUMybY8rkXiAKhCP,AhFPQdu8GKBsxuhiH46UmCu1YpaLgNpoP325HnYtsgas,A8wxWpT3aFEr2XqZp1kDmbxbFfcBE95UUmdsNTDBJYbT,192.141473012,190.04144729200038,192.00772196893823,0.9993038929026352,0.07680308878757529,0.9871116065389168,1027.907696016,1857.687343982,2860.936900738453
RajgMbScQbqqrdJfR2rxfHJiTiY5b6bJ2tTXiF4aPxy,725ZA3fhyBAKb5iopNRrcbSuQa3LXA1656Q3mBvYPxeg,GLA6i1dSZpUfk2f9Nj8uiG7xyDdAR2reff8oEiZH3617,54718.60870250997,54736.80861751997,54652.16260321697,0.9987856763746636,21.86086504128679,0.9996012890338432,111744.63709863,69839.99861967,181421.09559214045
KEVpg4SYCVrqFxKijQH6hm4QxsRdoE51ud64bEEFUC9,2bPenuBYfqzD8p5dFjCcggwkHDsc2RQDnx9AoyYGUBjA,AE6n6iLuX8oYu61vt5hoDYkjswpnxFxrhSehxrnQTnbx,636.139032822,636.9179181300005,635.1337133292578,0.9984196544452202,0.25405348533170313,0.9999240177737373,5294.307521412,2304.32970189,7590.095299844106
DA1mL7dfBow33EH5yjUuZE6SH2KeUK5zEXzsyhE5r5j5,B4UtLRZND3D83CitRCBUyeiNr7H8m7YFRqBmiPmXjhW4,AAmpYbuixWiSqDaJBCqYEs1pb5SrbdPr9mgXrB58Q2e,0.07800243700035026,0.03969213699997454,0.07798553324609149,0.9997832919725484,3.11942132984366e-05,0.9999240177737373,1637.759450222,1468.880190794,3106.173116609092
AURHmCnNwiW4uA2Qj1XvEh4iKgRUZYXtiY7FKAapUV5Y,BKWm4TRnTeKwfWXRyuzjRHU7iZDkPuXBX5b5V5jSVfGJ,A5Ww74HVrkj9nPeC7pHKLfgeDMEhBCpW1efQdz3TGLEg,0.017294461000119554,0.014708638000001883,3.7369133193012787,216.07573195114009,0.0014947653277205116,194.2921248155925,286.926412443,1817.90304759,415202.0804097382
oKQqupM9E7SSLAFDLxr7mdsXP7znck9qRbVWc6Yyj7Q,CMR2J7CwfW98RpvnJmFBgRFTLAd3x8CJ1SWs8Bt3uunG,FmRb5jHfSNj1YWP3b45d9vvYuhwjp4om8bALmtqZpr1v,2669.77034222,2783.2780047399997,2664.0374667933343,0.9978526709447604,1.0656149867173337,0.9996012890338432,3105.51324212,2783.36644968,5881.101374257444
SERgf3DMJpQxUifu7VoFKmfne73d2fDJxSrxUMrcNJB,AJfM2GZ2tTB8UtN2krcyR9xufRJEx2mhSCbJyMgPo3GU,F4yRYkufQvERZcEKnKjJwRLU1btiMBUuEwq46hfm11QD,3.410028866000001,3.3936149550000003,662.5758683750748,194.30212892956627,0.26503034735002995,194.7337755607554,26.082027007,31.161149944,11135.921753668485
iLiUBQ7Z7im6Ew3b4ewwPcehzWgEQRJ1iQz7g6D62NW,GpugBvKWM3TVhYcZjemSdtehBWgfvuGr6uAm9iPjXT6v,92fMXJ3xy8tEyMUWLHKRLyhPw2nECBo77GtDiBBbYrjX,0.018585645000030127,0.018585645000030127,0.018175551077084285,0.9779349103598407,7.2702204308337134e-06,0.9999240177737373,1865.499763466,1097.919995208,2922.1739167639325
BkwbeSfcX1h4thMDd7obGkHrPevf3QwgzJ4pCEqG18Lu,35yX27bmurdebhfAb8EPmjLETDiUaEUCn9zHaDPbakH2,2CxECn1ZJFoESyUnQysQU8rRgT3iJ5GRs2Mdd6gZjx5g,0.5386052100000072,0.33169632000000016,1876.5424360671977,3484.0777646157057,0.7506169744268791,1930.5019305019305,0.72876122,22.92089237,46787.887731428185
MATSnbbiTCv7Dc3trJrkrqjx7ckKdr6fwPoVwv9q3sD,631WX9JizSHJm4w6VanZeJAst9T8DeUUnPLesdGkCVtK,211maUSfpnXbPuW1iBu8b4dtJv5EbN1j7JJiEX5TZKEP,33842.23960599999,33847.863790999974,33657.22583558179,0.9945330518141774,13.462890334232718,0.9955360165020051,22459.166831,22422.802506,44659.091215272594
MNkYtBe2HtgL15osfaMmyqNW3vo4J399FXXCS4a39Wf,2mUxDu8NrhSKhQJMgKfYLxJqZzeEbmwhQdHeHMyohyuk,AZCBmDBcFsA2jHHhfFJBTsWCHx9XnnKmGfFsue3ZVW1t,0.7826989600000616,0.7076747800001613,0.7820613219424422,0.9991853342214492,0.00031282452877697686,0.9996012890338432,2195.09800886,1941.07146697,4133.607278121642
YAkoNb6HKmSxQN9L8hiBE5tPJRsniSSMzND1boHmZxe,CfWX7o2TswwbxusJ4hCaPobu2jLCb1hfXuXJQjVq3jQF,EnTrdMMpdhugeH6Ban6gYZWXughWxKtVGfCwFn78ZmY3,32638739.06201317,32619289.863722038,32638739.06201317,1.0,3263.8739062013174,0.9963593031064489,252511.714419,1011206.795372,1260037.0123523513
KysFMBBoavfov2tLpvefWW6tPFt6rAeZWDJVy1mMQae,B8ka2V21TH3x64dFV8ETcjuQcwmrciJ2qzy1mJUttRew,7fSf7EYxBANyxzk2s5pymFgshA91tFYQNKKs5UnLWcYS,889.1761139999971,953.4474229999978,19.654596640016948,0.022104278703124286,0.00786183865600678,0.030616354362502905,134756.711985,2420.063519,3052.7934411105584
JSoLLrxK5bYdHwTEWYaGgmeycBCNXKDiBCTw5hXGBg7,xG4wXczA7Dk4hccJ61CHKpDHW4NrNfQwgmWgkb9BuF2,BVR6WgfhsRr9Lob4QDnkEAiNGgAbv7ZieKcY9kSg3QYR,174.41352751499969,152.92625394300006,35651.21011855759,204.4062213895167,14.260484047423036,194.5082161243032,26.825612357,157.338739137,36086.99953513926
7oAd7xG4m3oC2qeWB1szghTebAZyyGPAFDJ4wwwbRSNi,D9yh4KAysxt9GLacVe4Wwh2XqghhcjTCSTV9HuM7TBJd,HDYfJLpZKaMFb84jM4mRytn7XLR8UFZUnQpSfhJJaNEy,11491.25853363114,505.83328196598757,11490.385402225194,0.9999240177737373,4.596154160890078,0.023734483033064892,982.921380642,300434.479362885,8113.503749073336
ALLwa5WNZbvQsRKAqe1jdRGemdYQnW8E5k4msbRFcYtu,CGoM82Hbz7QVqTgvQatYtjvDWBvoUJp5qm21P8iMs9yb,3dxNNww8TivyN5FMy5dCNdi3Zcxv6e4kUfSPxfFwpdNq,10.016021607999997,9.850340580999998,36640.40681884693,3658.1796897863624,14.656162727538772,3643.491630899724,1.133565569,7.43038359,31219.326966096567
HDSBGqAuMRr6X2AfmmbXQPpRgU6VEhtfNVVZ3wUTZXg,DCZ1d8kNLgDcdSd99y4udLgwq46mfDXNS9KXj96kQf5L,Fq8GGYQM5Pz3q7LmVMbrXHJgsxA5ev86kTq8yGgGuYsa,39.39113999499932,39.20865631099878,38.97670385996928,0.9894789504674742,0.015590681543987713,0.9999240177737373,12774.436127712,12123.971436863,24763.08588298434
ercAoEmXjQzEvAFbdjAo81KtMxRGn9AW1ju882upmPH,CMRhskR2Eg6V42RTSdRTXGdozyPbWB8U9dVpijPWb9T4,7TKLLgrWswt6ZJ1pXhVR3FyufHGjJFqiEXxvWJfDcgRm,7.062846809999996,6.890913748000003,1370.1109924548168,193.98849066284896,0.5480443969819269,179.13516052391302,300.745335646,982.881777232,234409.81867634266
C98Sspw7XqnMsgxea3SLQVdbMDL8pKUc3RE82UvX9eq2,CSqgQJurPCzGxb4Cgwx5R61hWQUiaoUHcShNc8r1cKEL,6S2CR5EnukPhC914XkAns8m5GixjMAoUuZMsS5ubHuWc,40.11732400000005,40.04236300000002,0.0,0.0,0.0,1.0,904.220658,1108.968667,1108.968667
vEnkoSUkpnbRrPgBz9DfcVxNz67zjwMYBZraAvDDNSf,DtfyjjsZ5yCjWKLKHvwsfXs5QVsmm1QkK6Sh9JZHoq1g,e5wrKCRv4GhHvEf1VD5Pq2KGaZDXP77nTL612Jyrxwy,42398.70008599999,42401.814146,42227.3415340548,0.9959584008095151,4.222734153405481,0.9956856938883817,3649.060167,3221.162886,6841.577931657434
SoNcU2iwHMw6dGzsYNQkYFkUjwN1UdAjrWVRnStrZu2,8ivTTid27jZnYNc4w3CTA1Z6QS2twsFb8WMwUabeDJgc,CyXm53PMvHCbeXJBykU46Rcbo28xk5srhMZFg7gv6EYB,174.0409280899998,170.6878710269996,39711.63539464307,228.17411875732725,15.884654157857227,205.36503840942314,6.498563717,23.526824781,6314.391324116648
KEN5P7p3asnb23Sw6yAmJRGvijfAzso3RqfyLAQhznt,9zj4aX38Uxf3h6AUjS4EipWS8mwbEofasHAf3a1uKGds,CwQDG1MWunn9cLNwcZLd8YBacweSR7ARo32w4mLua1Yr,714364.1904889992,714401.4272760004,711680.4435364235,0.9962431670171783,71.16804435364234,1.0,2033909.707943,2017147.826017,4043416.474885118
parEAJhzYzHW87y9VoZAQ22dzQ2MD2ekEtTReaxbMcz,3oyc6hpjYSJEquK6dSvG72NXyz3pqLZz5D8AC71pwgQb,Di2vordgFJVZ1aj1aBpvzXtLfZgJsuLLXawGtVFwX6Rz,13.905613445,16.17523997300077,2634.5090963757725,189.4565174557657,1.0538036385503091,218.48377069778692,1281.085562342,172.14581643,280321.07628765196
BkMBnJpvHKtWhUvrgRrLesXfi9RUV3ELgdBaJcdH7hcY,5uerVwBnZQsuVhZ15igs7ZgmcqhHnYWbwoRtLyRqLvR,9YWiQh5d4jCtgMdzcGLv9bWgnLaFtzvDDh2nnhJdzhBX,205.3921654820001,205.36192469399975,205.39253847485,1.000001816003298,0.08215701538994001,0.9999240177737373,1471.600204339,1400.790465989,2872.286907580691
