0,1,2,3,4,5,6,7,8,9,10,11
oKQqupM9E7SSLAFDLxr7mdsXP7znck9qRbVWc6Yyj7Q,CMR2J7CwfW98RpvnJmFBgRFTLAd3x8CJ1SWs8Bt3uunG,FmRb5jHfSNj1YWP3b45d9vvYuhwjp4om8bALmtqZpr1v,3.8092373100000714,3.9472090299996125,3.6787477851388113,0.9657439234571453,0.0014714991140555244,1.0,4454.39635192,1453.10365035,5754.909859886416
SERgf3DMJpQxUifu7VoFKmfne73d2fDJxSrxUMrcNJB,AJfM2GZ2tTB8UtN2krcyR9xufRJEx2mhSCbJyMgPo3GU,F4yRYkufQvERZcEKnKjJwRLU1btiMBUuEwq46hfm11QD,1.7689677600000024,1.759778468000004,266.1175969368693,150.43665744189082,0.10644703877474772,149.84676669637628,24.3346446,32.913699684,8592.8340713233
daob129AwBGn9Y5r91uLoWZeYiGzbPmksauMhFZKTze,6VW5GQNyj4LStgmxEHLr5zUfW92vQnmbw8jTnCH7a38F,4VPCCUifPeBA1c7HWK358CHn2nyjm8pdTRk6Ps3KmnMQ,33.57178850599999,30.288310632000034,5546.446829474926,165.21153850601848,2.2185787317899703,149.82067962855257,53.562765299,232.34443322,43659.187754615814
7dwD9TF6uikvHXxPFK9AsSim54yJoujQjY9vU6gNFumk,CquVr6atkvwueDYficKjn6SSEWq4F4rH4VSiBbW4GBWU,8BCa6ge3b7ho3TfZuM64Vk1hgbrJ3J7EPiAb9uP86CGd,1.6678750720000015,1.706746001,284.522775724159,170.58998032926937,0.11380911028966359,174.97996479403108,2.687773707,1.491487776,719.4877423418651
JSoLLrxK5bYdHwTEWYaGgmeycBCNXKDiBCTw5hXGBg7,xG4wXczA7Dk4hccJ61CHKpDHW4NrNfQwgmWgkb9BuF2,BVR6WgfhsRr9Lob4QDnkEAiNGgAbv7ZieKcY9kSg3QYR,30.146545294000163,25.972258555,5233.384537959868,173.59815152688253,2.093353815183947,149.54391349542598,18.483149622,168.592043533,28420.55458289004
BerKDkt6v49dT1bHRedgnpsJS263C1DSJtEGvY9Mg35V,78XKqNb8wbfsMMrvo8WPUpdx7GEkfQutpNVH943aCGFa,DKYQwn4nDvFHCszi5tXbqfVMAP7DaXXp1KGTXEnYnKVH,61.39499117799983,61.41960602599988,61.64266251945962,1.0040340642894097,0.02465706500778385,1.0,1340.351451808,2198.55836717,3544.3168829049973
BkMBnJpvHKtWhUvrgRrLesXfi9RUV3ELgdBaJcdH7hcY,5uerVwBnZQsuVhZ15igs7ZgmcqhHnYWbwoRtLyRqLvR,9YWiQh5d4jCtgMdzcGLv9bWgnLaFtzvDDh2nnhJdzhBX,3.054714184999966,3.05593636399999,3.0549499202105594,1.0000771709548968,0.0012219799680842237,1.0,1471.600204339,1400.65693504,2872.3707041719954
DFWzVTzNBrQZLjoQ4yQwkj9HuoXmfkuZP9V5vbymZe23,DhgiEgiNdqZdRdo195UUHnoEJUtefK8buko8nU97XJUZ,2K2kkXsouBHtWVjtcgkyiXd8eP3oVBvq1bTJzcVdLLr2,4.0319963170004485,4.624412661007227,3.5123484794505115,0.8711189701838512,0.0014049393917802049,1.0,66540.718157853,9467.012764829,67431.89464179179
BUSDTd9WiT6uBHJRgNvFXBsA7JrifsAtWzKfioN7ERcy,DyBxrn7gSc1EwnpWhDyhzvMHPtxpmBqRqotapLcKcfTM,Cds99GeBgoCpqBsoRWu1C6fF9LiUMd4pXQQD24s9LPff,5447.225213539999,5425.532524909999,5460.484416404757,1.002434120555875,0.5460484416404758,0.9997610571073512,247.75485905,377.30817164,625.5759407792799
RoBgmK8CvjdHvPrqdDyVw54VwjZv2TqJ493xnqJAQHx,ExiHJxM7qPAcy27NDHAF6G7vnW7muNHi2sVJpnaNynGQ,6rkPHSqZb7StM4HwS9EuVrmfkV7tRdc7dnsFhyB6cefE,1.0424030000000002,40.93234999999913,0.02577366896962539,0.02472524443005765,2.577366896962539e-06,0.9408019207412013,6020.552303,24.133569,171.56453536516184
ALLwa5WNZbvQsRKAqe1jdRGemdYQnW8E5k4msbRFcYtu,CGoM82Hbz7QVqTgvQatYtjvDWBvoUJp5qm21P8iMs9yb,3dxNNww8TivyN5FMy5dCNdi3Zcxv6e4kUfSPxfFwpdNq,5.896057869000002,5.577830507999999,23738.054066349956,4026.0890570899433,9.495221626539983,3964.148243287706,0.816003976,7.739301742,33965.044083138266
ALBpShJ9NLpE739pcHDF2LNVk5J4VYPvvKuV6jMPitZi,D6d156U1bPiJpDYRLextvDRccgFk7QzkQbJg42ceKEu5,GNcM8U5g8RwTZffwwm3kSQqUNPSwv5d2fbN9sLxPJqt2,548.671832,549.0611659999995,548.2754288649306,0.9992775223513399,0.21931017154597227,0.9992885065833126,51546.59782,48663.401865,100138.13473015002
wrmcMSHFi3sWpAEy4rGDvQb3ezh3PhXoV2xNjgLBkKU,8p4mGnARWPBu6P2Gcw4adodLkNDorrXniZMhaY7eJXUn,AyY89zccbsgp9LKFgH4CFZMJmpSgqmPSdTfukhP227rc,0.03684347000000043,0.31128064999999094,9.718667897652448,263.78264310208385,0.003887467159060979,4028.684231729917,49.57857748,0.13584704,13625.253036891036
WiiQFxXqp8P9Fs1rt9SVcDyA3KUdJmUsog6wnVQAwba,3S2jpqSYxho6wiz3cafhjXruVY8cg4HYa2v3BqBHYFSj,Dfe67M6TfrG74gKRtdqys4e6E9QirPD53BkF4FujFjuv,102.98673067600248,103.20565437199548,102.63823425235731,0.9966161036343454,0.01026382342523573,1.0,21691.031935286,5021.445093337,26639.076824489886
MARpDPs5A7XiyCWPNH8GsMWPLxmwNn9SBmKvPa9LzgA,6YjT74rmcfCpw8LSjPNx5JTmZoYLGrTKnf9arfSgZ4SR,F8GSmi3vA8M8TsybLya1LQ4n1aFHCRbZ6k437PeTdXtg,172406.23415599985,179934.508273,162646.77695178497,0.9433926664427682,65.05871078071398,1.0,373293.85121,19757.384358,371920.06601769186
RajgMbScQbqqrdJfR2rxfHJiTiY5b6bJ2tTXiF4aPxy,725ZA3fhyBAKb5iopNRrcbSuQa3LXA1656Q3mBvYPxeg,GLA6i1dSZpUfk2f9Nj8uiG7xyDdAR2reff8oEiZH3617,771628.0256611505,771847.2941549602,771383.0421208033,0.9996825108313849,308.5532168483213,1.0,132463.26969139,100700.99532084,233122.20935886365
KZMu9QBEdL97EFgamLbN5DE1AoKBG4HdrKKJo4Vuon3,DD4ACBWyVqdaKWh7v5btsgqQCCMwbKnuL2xd9pv7Gyuw,GcYqiJ1MAuYbNTNYXm1F1gQYTfTgkErACAhNU5dpVj9T,1066.765852370001,1075.2475182599985,1054.2575712456542,0.9882745767531295,0.42170302849826174,1.0,1957.8334391,1126.93220007,3061.8092134496765
Lee1XZJfJ9Hm2K1qTyeCz1LXNc1YBZaKZszvNY4KCDw,9DgFSWkPDGijNKcLGbr3p5xoJbHsPgXUTr6QvGBJ5vGN,2hNHZg7XBhuhHVZ3JDEi4buq2fPQwuWBdQ9xkH7t1GQX,14817.900990260328,12665.321869490008,2581316.6318802102,174.20258331978908,258.13166318802104,149.20177794806673,7453.449299141,56467.083239589,9723399.337441593
Lid8SLUxQ9RmF7XMqUA8c24RitTwzja8VSKngJxRcUa,4PgzyzLtds9bKZ2to9PMnKqJzKEUpjvNUaeN23phegax,AtymwxoVN9peZo7EXTcDz9jKVc4vRmisJKKrNfe3ewBa,1918.9328643780004,1679.117658966003,325635.05543761695,169.6959083261976,32.56350554376169,148.921591739498,1121.464865057,7603.851753945,1322685.7054804275
SoN9GaFpSXfpyR5dth3x7PHPVhvJMpQqqDJfCSmPv1t,9kZ9iS68ViMPtoeqtnhAKuF2iqVyfHPdZHoUNdwCELr,BBhm5fJLjw3HRzjtKB8uMEYjGhY6EDm9co3cqpjrSzB9,48.22052260000005,47.44503257599994,8490.748424421545,176.08163426295044,3.3962993697686183,172.7053674064904,32.084519412,48.096271724,13955.978891582134
B2izdXFYb2sNwbWWHmh75T4aQFtfXsUxem9u2p61HGzf,4DYwgJtxwuJdAjkj5RJSNH4e7U329V5cNp7d3a1nLrZv,EXNW64GEf1ACC6xY9BtKRiunrs6GoJSXBdxWN2eTPmrF,10674.759199000015,10538.318971000013,10788.99305749275,1.0107013054218061,1.0788993057492748,1.0,9618.952924,30402.194048,40124.0823250777
parEAJhzYzHW87y9VoZAQ22dzQ2MD2ekEtTReaxbMcz,3oyc6hpjYSJEquK6dSvG72NXyz3pqLZz5D8AC71pwgQb,Di2vordgFJVZ1aj1aBpvzXtLfZgJsuLLXawGtVFwX6Rz,11.484739189000038,13.372452768000358,1685.5428053939827,146.76369899704625,0.6742171221575931,170.89652659645554,1284.545649307,172.500211497,218004.35800484917
SAMGk1Nd4haC8zQA63DG37pzuEZy8j4q13tSFtCbcRE,9U9TnkHD3jXMAVZtynCVLgDruuqN4pTvLJTmVHCLWS8g,C6zoEbvqSknmi96QWq96UBiPCyNW3YSTvKhavR2BfifE,0.12104569999999981,0.2094850000000008,0.25509620450570025,2.10743714568713,0.0001020384818022801,0.0,53.51302994,1.20435105,112.77534707382353
AUSejoEUCh2DBs9mof6BNC8Pubs22w4cJa1ccV9h44R,4xkyD7AfGQDwsQMy9MosRRNGoVJ1zosNinesxg1TzHG7,Cbm5gsQe3nSiCsFrvepVzMCD9xLK3ri9g3ypS2hdmVJ7,483.9034670000019,483.9087579999996,483.7810703891934,0.9997470639928098,0.048378107038919343,1.0,14557.157865,14296.558159,28850.033994613586
AURHmCnNwiW4uA2Qj1XvEh4iKgRUZYXtiY7FKAapUV5Y,BKWm4TRnTeKwfWXRyuzjRHU7iZDkPuXBX5b5V5jSVfGJ,A5Ww74HVrkj9nPeC7pHKLfgeDMEhBCpW1efQdz3TGLEg,1.9400674220003111,1.7238123989999963,326.83214164485383,168.46432136253944,0.13073285665794154,149.6425563078752,285.130912552,1819.944995271,320375.6071146305
MATSnbbiTCv7Dc3trJrkrqjx7ckKdr6fwPoVwv9q3sD,631WX9JizSHJm4w6VanZeJAst9T8DeUUnPLesdGkCVtK,211maUSfpnXbPuW1iBu8b4dtJv5EbN1j7JJiEX5TZKEP,201532.48409299995,200774.2959,201567.55684789148,1.000174030281269,80.62702273915659,0.9995861713250715,22265.382,22358.236439,44618.24081033273
KysFMBBoavfov2tLpvefWW6tPFt6rAeZWDJVy1mMQae,B8ka2V21TH3x64dFV8ETcjuQcwmrciJ2qzy1mJUttRew,7fSf7EYxBANyxzk2s5pymFgshA91tFYQNKKs5UnLWcYS,35.1119040000126,34.90787600000476,0.8686206660940644,0.0247386375314125,0.0003474482664376258,0.0356944663618383,134998.975924,2249.008712,3419.9678983136846
Cob4usZcpHEY7Qt4ZCwj6WVg9S44zvzYV2v9qYF65dTf,NhFM9UXE48PyNAyeyPYA3iXztqKVJwA4bTdLj4ysM8w,6TuFuynuBoeskxyR2cz4wxyidk8dpDK7kAWw3UkjQGx,333.54715200000874,19933.630192000048,3.0645143898991636,0.009187649696673421,0.0012258057559596657,1.0,70670.207785,189.44463,838.7377431197029
SAMyS8Jr2HJrkFwYVKbpUwsNStnQmvz3f8Tup8bWUWF,6jPzm5TFfquvgm25sTyN3MMGBfufRaFHMxobDWv6hMFW,Cj9ECoDmxsHTDzCY5ZA6RWrPbg9uFzEC1Qc2kso2vJG6,7134.9414805799315,275.9144586399934,7051.281271878479,0.9882745767531295,2.8205125087513916,0.03577709879999675,707.38530655,110765.16832772,4661.947285291193
ercAoEmXjQzEvAFbdjAo81KtMxRGn9AW1ju882upmPH,CMRhskR2Eg6V42RTSdRTXGdozyPbWB8U9dVpijPWb9T4,7TKLLgrWswt6ZJ1pXhVR3FyufHGjJFqiEXxvWJfDcgRm,2.9939761480000016,3.064757266000015,447.8353179446681,149.57878613823473,0.17913412717786723,144.92218041217316,324.258086462,1012.554710186,195243.76735526393
SBFjafzbDXgDRsA5SUypY8FXjJ9sBdb4JbuQq2PHQDG,46xwHtnXoQR3wCHUbm2eCAbPYWbioDQ59Te1Db8M5DDL,FC38fiikZwFvDt5zTjNtGfKd7LjaPz2uUAzLwKP5pRJY,1.7852928089996567,0.6613667219999968,10.14939314820854,5.685001976732037,0.004059757259283416,2.10743714568713,201.254337171,9539.327832155,21247.66512301356
KEnkcdADoLR5jS2CLLLesy8TtFsyWL37BhXNfDMzWzP,3qsjFRuw1qeLMPo4DLwaQevenGAGBj9dA3Q6rb8ax2YR,77iEv8zPQAEyCcEbvBRSB6AFcUdfkhiqnAKtPxk76rNN,1.1639059999999946,3.481922999999995,0.010682712098905254,0.009178328919092526,4.2730848395621025e-06,0.9999220060835254,120.190377,0.2891,1.3922242649744803
iLiUBQ7Z7im6Ew3b4ewwPcehzWgEQRJ1iQz7g6D62NW,GpugBvKWM3TVhYcZjemSdtehBWgfvuGr6uAm9iPjXT6v,92fMXJ3xy8tEyMUWLHKRLyhPw2nECBo77GtDiBBbYrjX,62.43251993099989,61.433311,61.05947884944327,0.9780075979141305,0.024423791539777313,1.0,1865.499763466,1097.88479105,2922.3577336267617
FrnkTEL6yZ5Aycq2TrEgu29dCrwKG4LPUZydfiwqspkc,DjvZuMZ46fxKBoBpGMPcRcos4xdTtHFxwMh69DpA2ZFY,9rvDPJLAng4uVVqnnSoEXgNDFhBZQTny9AoQioYDZbQX,388.9899151550003,329.75088674500023,68151.147247437,175.20029335537117,27.2604588989748,149.45442409755307,327.390837163,2564.917682387,440697.2657915977
heyk4SZTeCUV6a65WiVA5bzic3KcxgVf1qxobfeV4tQ,9ZDpBKPqMABtGfq66FbVribaArMvtk63xxy91onZAtDt,DaTP4s6N7xxSPinbNZ3FB52EpRDRt87QShTuN3VPCW52,138.8808157779995,121.22062861400013,23480.42820725405,169.0689104590762,9.39217128290162,149.41349227741424,649.676709869,4503.094900707,782663.268659438
SUiuyGR7SFq3xeRVJonq84fjjeFwRSsFekcevJ53tzy,49GjCCPsv7fBqo6t3iKDrP1xxGDS8uWZbVCdfnp2gjMf,CEwj5xEbbJEjYqM8D6Ai8ByGz1mrh8mkAVsE5fzDSSSx,4.939679999999996,47.748848000000045,0.04528783848973204,0.0091681725313648,1.8115135395892813e-05,0.9482232193316164,638.241304,1.72372,7.485977719341545
SoNcU2iwHMw6dGzsYNQkYFkUjwN1UdAjrWVRnStrZu2,8ivTTid27jZnYNc4w3CTA1Z6QS2twsFb8WMwUabeDJgc,CyXm53PMvHCbeXJBykU46Rcbo28xk5srhMZFg7gv6EYB,27.24499579099998,27.01223648100001,4753.405728234254,174.46894705722355,1.9013622912937016,173.0554109581455,11.185253631,13.527770408,4292.533290872436
SEQV6QiTpvTzrceiaYg9Avnwf7oc8ZALpnQMz6TyT4A,3dFMPj4r9mMmPHF32mz1gNDX7f8ftidWof7S8YiYTs1j,Fc1ED3YPeQfXQosHbd8DTaBd2AV5gHQtwiSAL5C5pUhi,162.3782218309998,162.91455685599976,161.54224169945854,0.9948516486871538,0.06461689667978342,0.9980249087056715,4557.35161262,1046.426716995,5578.248694158177
BSCNHw8CmxbZ8hCWWzMf5FaG2ajPT6JxfznKUNuRVrn4,7n9kgNL633yGzCYksgnzHyjG73ZLBAwvEae5sbAekbzW,SscdxE99omdG9AiMVwmaEMQySQnCgeAh1sPj2Leutm2,319.69768189800016,315.578545676,323.49600866627515,1.0118809956510315,0.12939840346651008,1.0,2914.376125093,8767.298676191,11716.3004913517
Sid7E679i9ABqptiAVhkmQ27YHN8vaYT4fppPwmxFsJ,GP7KB8o1bv527HG8kTzzzf4wJ5aEGHvcMQvVhLziUfmT,9gYxhAZ1M9wu5pxr8SBoa5NDm21gi3s9vMHaYTME77sa,14396.985826999997,37139.14834900008,131.88196367591382,0.009160387129685395,0.05275278547036553,0.035664914009574104,140911.384384,7193.991098,1547.3759058331568
MNkYtBe2HtgL15osfaMmyqNW3vo4J399FXXCS4a39Wf,2mUxDu8NrhSKhQJMgKfYLxJqZzeEbmwhQdHeHMyohyuk,AZCBmDBcFsA2jHHhfFJBTsWCHx9XnnKmGfFsue3ZVW1t,0.01449322000007669,0.01449322000007669,0.014487251107747786,0.9995881596823293,5.794900443099115e-06,1.0,2194.39033408,1941.67408916,4135.160684827719
KwnjUuZhTMTSGAaavkLEmSyfobY16JNH4poL9oeeEvE,J63v6qEZmQpDqCD8bd4PXu2Pq5ZbyXrFcSa3Xt1HdAPQ,BnKQtTdLw9qPCDgZkWX3sURkBAoKCUYL1yahh6Mw7mRK,1698.2747569999556,47913.54085799871,60.5849856451425,0.03567443100441967,0.00605849856451425,1.0,270264.965195,779.48612,10421.03497376091
BkwbeSfcX1h4thMDd7obGkHrPevf3QwgzJ4pCEqG18Lu,35yX27bmurdebhfAb8EPmjLETDiUaEUCn9zHaDPbakH2,2CxECn1ZJFoESyUnQysQU8rRgT3iJ5GRs2Mdd6gZjx5g,0.0004496500000001902,0.0003972000000000975,0.7753789381114141,1724.4055112000137,0.0003101515752445656,1506.0240963855422,1.8081996,21.48956873,35481.87768390291
vEnkoSUkpnbRrPgBz9DfcVxNz67zjwMYBZraAvDDNSf,DtfyjjsZ5yCjWKLKHvwsfXs5QVsmm1QkK6Sh9JZHoq1g,e5wrKCRv4GhHvEf1VD5Pq2KGaZDXP77nTL612Jyrxwy,6206.345880000003,6204.988296,6204.515547913368,0.9997050869993352,0.6204515547913368,0.999762056630522,3398.324342,3464.023807,6860.521697474479
GokA1R67GqSavkd15zR62QD68Tuc5AEfvjssntVDEbM8,3YB7hfpBdbQEuZqLGWVDpRPmeZWCUsrrWyqGXegnQ6Cg,4DPCj6Z1DsG6HUtwSogBGqXEUxdEV5a8YVrrFtcnz7UW,48108.21118800003,48118.45383700001,48097.822058435406,0.9997840466459245,4.8097822058435415,1.0,20507.587226,13311.988109,33815.14665275455
Dg3mAgpwDfVNnbGWcsxL8sUcSkEbjSJQhKAWNigG44Ju,EATxwd8YA2wV93VJcKMmH2Kn2Y9XfJVUB9hHVu3udwEy,GiGvrRi7NMHfHKanG2B8xyCEqe8jaafWins8bhrLVEaa,0.08542709300000001,0.08519008100000003,14.814929857773222,173.42191262171616,0.005925971943109289,174.6624822193593,0.201323773,0.257459356,79.88244395943792
C98Sspw7XqnMsgxea3SLQVdbMDL8pKUc3RE82UvX9eq2,CSqgQJurPCzGxb4Cgwx5R61hWQUiaoUHcShNc8r1cKEL,6S2CR5EnukPhC914XkAns8m5GixjMAoUuZMsS5ubHuWc,104.62060299999939,104.48217699999987,0.0,0.0,0.0,1.0,943.216085,1069.734837,1069.734837
BSC8REUo9LpiiWUuqMuLXs2D2yJsJfGd4HdiF3wCLxk5,AZjEH1zWVx1UJ6udMyRijGTzPteuLnaY18yNNmprJEsh,Caf8ypkSVR8xYnXNhjvfvdGCC7mrM3C11rz8Xi6NA6aK,98.85360172500032,98.89000000000033,98.85989119127792,1.000063624047762,0.03954395647651117,1.0,3109.282072268,3192.942253214,6302.422150593072
STK75uPSyBnEhGTTzb1nwmP3n427XoXmfRhXxxhyady,6TYyD5fUmDe6N65avW1Ny2RxzRNobw2RRgKwH9CTzSAU,54zDfk4cx2vGrEajPtodWpArNe5eUurytyxd4X3aZAxK,1341.0859730789991,1489.8128600319956,200546.89611574076,149.54067087533932,20.05468961157408,165.9395747632457,456.741108837,87.202253442,82771.6766863936
KEN5P7p3asnb23Sw6yAmJRGvijfAzso3RqfyLAQhznt,9zj4aX38Uxf3h6AUjS4EipWS8mwbEofasHAf3a1uKGds,CwQDG1MWunn9cLNwcZLd8YBacweSR7ARo32w4mLua1Yr,216865.92008400033,216920.45256299945,216827.10803166268,0.9998210320352657,21.68271080316627,1.0,2062752.514004,1881050.264588,3943433.611972818
HEDSDjj84KS7LKhZY7ejkCACTdPen62rKhCby1wXtgxc,EnnjMSFttpCTywBrYNt1J5QQeoSVkvzPipJDa8Y7kJow,6bjVT6JN2rSvpyn9PdfLYC8wJn4LWh49jpY47fnLDXZk,27.42239001499911,28.223400564002077,26.643592762900496,0.9715999498339628,0.010657437105160199,1.0,38645.645524377,9561.548434606,47109.6556873918
MATgk4zXLXtYkwBH678J1xZbRDZ45LicNzkRBHkxTuY,y8dALFo1bJrSzPYjMX14HJX448pXqYmrfXHD1K8MXih,GN7Yuet3UyiWS5YVkEHv6oQKi4HGBJc3XDPt9zQhAqZz,258831.1395569999,258898.61218600007,258778.09004853995,0.9997950420163866,103.51123601941597,1.0,9926.217178,8292.905451,18217.088171542287
BUSDgu5JdqP1rndBvXvanbEufS94FNh1w5FJcAj6vawb,Bgzr8cWubt89JQFXndVjtdKmDbGzuPxNhvjH1EhWCwbo,Dxaf8xPBBQsasRKW5Aa4Sw2YrbfGofY9xZueyyF23FBW,9972.923256649996,9848.521662619996,10145.19609229023,1.017274056082339,4.058078436916093,1.0,3095.7795387,11707.02620353,14856.282411600061
BSCuChvaSj9b5HUSqgDVRzcnr2sSn7cXaamt1jbKH6hn,GnKpRj5kBVPMJfiwZtEuD9GYApLzPdW5JFuZTcyX4BTc,3dmwD9okkomV9nDwyuh4UMhKdUR13QpuKxRo89ycZB5t,54.898695094000004,54.87331029000006,54.98135747567309,1.001505725801525,0.02199254299026924,0.9987926185322209,1443.508834408,1652.062335047,3095.750028504746
7oAd7xG4m3oC2qeWB1szghTebAZyyGPAFDJ4wwwbRSNi,D9yh4KAysxt9GLacVe4Wwh2XqghhcjTCSTV9HuM7TBJd,HDYfJLpZKaMFb84jM4mRytn7XLR8UFZUnQpSfhJJaNEy,0.8050515620000169,33.78410170099232,0.8050515620000169,1.0,0.00032202062480000677,0.023852449543793904,985.693131702,300313.078462936,8148.8956830806
BUSD5rCfUDpCxKGMvYU2yThChxgHoioK74PTPociGnv2,CcFHbafgYDZ8yA8Me1PdtDiVb2eeaS61LbqyKKK5CsNZ,26R9s4nmF3CFDTkiePDwRmtscn8i7r2eygbSijditJ58,3.143812500000003,3.1426667200000082,3.144031984872867,1.0000698148737763,0.00031440319848728666,1.0,98.87256767,47.26447798,146.1439484258318
YAkoNb6HKmSxQN9L8hiBE5tPJRsniSSMzND1boHmZxe,CfWX7o2TswwbxusJ4hCaPobu2jLCb1hfXuXJQjVq3jQF,EnTrdMMpdhugeH6Ban6gYZWXughWxKtVGfCwFn78ZmY3,11561820.032161944,11564297.316878019,11561820.032161944,1.0,1156.1820032161945,0.9998380262397492,859268.178099,381864.795393,1241071.1214151827
