0,1,2,3,4,5,6,7,8,9,10,11
KZMu9QBEdL97EFgamLbN5DE1AoKBG4HdrKKJo4Vuon3,DD4ACBWyVqdaKWh7v5btsgqQCCMwbKnuL2xd9pv7Gyuw,GcYqiJ1MAuYbNTNYXm1F1gQYTfTgkErACAhNU5dpVj9T,490.6938764900001,493.59453727999926,485.1978176188355,0.9887994141877647,0.1940791270475342,1.0,1941.76349392,1141.59278173,3061.6073870092832
HDSBGqAuMRr6X2AfmmbXQPpRgU6VEhtfNVVZ3wUTZXg,DCZ1d8kNLgDcdSd99y4udLgwq46mfDXNS9KXj96kQf5L,Fq8GGYQM5Pz3q7LmVMbrXHJgsxA5ev86kTq8yGgGuYsa,11.152471552999486,11.19576669199887,11.109972209676727,0.9961892444091167,0.0044439888838706905,0.9998254024896142,12692.227060451,12205.557649949,24847.286675190073
SEQV6QiTpvTzrceiaYg9Avnwf7oc8ZALpnQMz6TyT4A,3dFMPj4r9mMmPHF32mz1gNDX7f8ftidWof7S8YiYTs1j,Fc1ED3YPeQfXQosHbd8DTaBd2AV5gHQtwiSAL5C5pUhi,1883.6142089700006,1886.4660109760005,1884.4362415161474,1.000436412372678,0.753774496606459,0.9986219017755498,4174.231510549,1428.22099005,5602.305958066116
BSCuChvaSj9b5HUSqgDVRzcnr2sSn7cXaamt1jbKH6hn,GnKpRj5kBVPMJfiwZtEuD9GYApLzPdW5JFuZTcyX4BTc,3dmwD9okkomV9nDwyuh4UMhKdUR13QpuKxRo89ycZB5t,37.91905381599986,37.9151924329999,37.99459889492322,1.0019922722568433,0.015197839557969292,1.0014631376440981,1594.472422246,1501.000946047,3100.8461624521306
STK75uPSyBnEhGTTzb1nwmP3n427XoXmfRhXxxhyady,6TYyD5fUmDe6N65avW1Ny2RxzRNobw2RRgKwH9CTzSAU,54zDfk4cx2vGrEajPtodWpArNe5eUurytyxd4X3aZAxK,324.5819549199995,361.67419320800013,47235.81688598239,145.52816683116203,4.72358168859824,162.17719642658767,470.22614921,87.919279198,82689.65170278582
heyk4SZTeCUV6a65WiVA5bzic3KcxgVf1qxobfeV4tQ,9ZDpBKPqMABtGfq66FbVribaArMvtk63xxy91onZAtDt,DaTP4s6N7xxSPinbNZ3FB52EpRDRt87QShTuN3VPCW52,33.461633626998264,29.253101071000174,5564.318136912171,166.2894943785005,2.2257272547648688,145.47604416885463,651.537883268,4500.841524495,763108.5255915239
MARpDPs5A7XiyCWPNH8GsMWPLxmwNn9SBmKvPa9LzgA,6YjT74rmcfCpw8LSjPNx5JTmZoYLGrTKnf9arfSgZ4SR,F8GSmi3vA8M8TsybLya1LQ4n1aFHCRbZ6k437PeTdXtg,77071.98652799992,82615.15657899954,73136.92729198212,0.9489430672117396,29.25477091679285,1.0,374695.127425,19516.021822,375080.36530997313
wrmcMSHFi3sWpAEy4rGDvQb3ezh3PhXoV2xNjgLBkKU,8p4mGnARWPBu6P2Gcw4adodLkNDorrXniZMhaY7eJXUn,AyY89zccbsgp9LKFgH4CFZMJmpSgqmPSdTfukhP227rc,0.029159500000000338,0.40439982000000285,6.811375846764854,233.590282644242,0.0027245503387059414,3893.4745366765305,49.68358438,0.12923146,12108.76191695078
HEDSDjj84KS7LKhZY7ejkCACTdPen62rKhCby1wXtgxc,EnnjMSFttpCTywBrYNt1J5QQeoSVkvzPipJDa8Y7kJow,6bjVT6JN2rSvpyn9PdfLYC8wJn4LWh49jpY47fnLDXZk,0.9172035030005645,0.9443292360010673,0.8847391056723226,0.9646050225254952,0.0003538956422689291,0.9998254024896142,38647.892903986,9559.309072631,46837.591646278255
SoNcU2iwHMw6dGzsYNQkYFkUjwN1UdAjrWVRnStrZu2,8ivTTid27jZnYNc4w3CTA1Z6QS2twsFb8WMwUabeDJgc,CyXm53PMvHCbeXJBykU46Rcbo28xk5srhMZFg7gv6EYB,32.707223880999976,32.375596708,5572.436990594539,170.373279336362,2.2289747962378157,165.88410838535873,12.617359396,12.041970591,4147.232451552726
BUSDTd9WiT6uBHJRgNvFXBsA7JrifsAtWzKfioN7ERcy,DyBxrn7gSc1EwnpWhDyhzvMHPtxpmBqRqotapLcKcfTM,Cds99GeBgoCpqBsoRWu1C6fF9LiUMd4pXQQD24s9LPff,6815.658840339998,6818.035752619999,6830.338740968863,1.002153849095553,0.6830338740968863,1.0018393770963487,305.067553,317.92107703,624.2304762506471
YAkoNb6HKmSxQN9L8hiBE5tPJRsniSSMzND1boHmZxe,CfWX7o2TswwbxusJ4hCaPobu2jLCb1hfXuXJQjVq3jQF,EnTrdMMpdhugeH6Ban6gYZWXughWxKtVGfCwFn78ZmY3,5534329.410667966,5546575.639577024,5534329.410667966,1.0,553.4329410667966,1.0013658630371827,1108930.710092,130483.99205,1239592.925403685
ercAoEmXjQzEvAFbdjAo81KtMxRGn9AW1ju882upmPH,CMRhskR2Eg6V42RTSdRTXGdozyPbWB8U9dVpijPWb9T4,7TKLLgrWswt6ZJ1pXhVR3FyufHGjJFqiEXxvWJfDcgRm,26.61980077399994,26.063367314000004,3868.4165798494596,145.32101921768756,1.547366631939784,142.0367184802412,335.629209826,1012.553781602,192593.79527464835
GokA1R67GqSavkd15zR62QD68Tuc5AEfvjssntVDEbM8,3YB7hfpBdbQEuZqLGWVDpRPmeZWCUsrrWyqGXegnQ6Cg,4DPCj6Z1DsG6HUtwSogBGqXEUxdEV5a8YVrrFtcnz7UW,41391.93256699998,41399.77916700003,41389.90446168136,0.9999510024008824,4.138990446168137,1.0,18413.87288,15387.392679,33800.36332343842
RoBgmK8CvjdHvPrqdDyVw54VwjZv2TqJ493xnqJAQHx,ExiHJxM7qPAcy27NDHAF6G7vnW7muNHi2sVJpnaNynGQ,6rkPHSqZb7StM4HwS9EuVrmfkV7tRdc7dnsFhyB6cefE,1.6311100000000032,61.90907199999947,0.04025067048875018,0.024676858390145422,4.025067048875018e-06,0.9418963009848468,6010.114517,24.406018,171.29868292053584
MATgk4zXLXtYkwBH678J1xZbRDZ45LicNzkRBHkxTuY,y8dALFo1bJrSzPYjMX14HJX448pXqYmrfXHD1K8MXih,GN7Yuet3UyiWS5YVkEHv6oQKi4HGBJc3XDPt9zQhAqZz,47140.220487000006,47184.37322600001,47140.220487000006,1.0,18.8560881948,1.0,9577.342727,8493.764037,18071.106764
SUiuyGR7SFq3xeRVJonq84fjjeFwRSsFekcevJ53tzy,49GjCCPsv7fBqo6t3iKDrP1xxGDS8uWZbVCdfnp2gjMf,CEwj5xEbbJEjYqM8D6Ai8ByGz1mrh8mkAVsE5fzDSSSx,3.919715999999994,0.03512000000000004,0.032592337747869536,0.00831497428585887,1.3036935099147817e-05,0.9285904646759543,639.655884,1.708228,6.904966459550801
FrnkTEL6yZ5Aycq2TrEgu29dCrwKG4LPUZydfiwqspkc,DjvZuMZ46fxKBoBpGMPcRcos4xdTtHFxwMh69DpA2ZFY,9rvDPJLAng4uVVqnnSoEXgNDFhBZQTny9AoQioYDZbQX,420.5552227729977,357.70569338199994,72241.93951489642,171.7775350370344,28.89677580595857,145.2450967434016,319.80151061,2563.469088905,427266.03101043205
Lee1XZJfJ9Hm2K1qTyeCz1LXNc1YBZaKZszvNY4KCDw,9DgFSWkPDGijNKcLGbr3p5xoJbHsPgXUTr6QvGBJ5vGN,2hNHZg7XBhuhHVZ3JDEi4buq2fPQwuWBdQ9xkH7t1GQX,2333.7906073650956,1989.700267937007,397718.55519523367,170.4174118878074,39.77185551952337,145.33094544901232,7361.499160634,56586.057503476,9478232.870781858
AUSejoEUCh2DBs9mof6BNC8Pubs22w4cJa1ccV9h44R,4xkyD7AfGQDwsQMy9MosRRNGoVJ1zosNinesxg1TzHG7,Cbm5gsQe3nSiCsFrvepVzMCD9xLK3ri9g3ypS2hdmVJ7,853.0407480000031,853.3362359999901,852.6033624750534,0.9994872630340635,0.08526033624750534,1.0,14652.761946,14200.553834,28845.80276729722
parEAJhzYzHW87y9VoZAQ22dzQ2MD2ekEtTReaxbMcz,3oyc6hpjYSJEquK6dSvG72NXyz3pqLZz5D8AC71pwgQb,Di2vordgFJVZ1aj1aBpvzXtLfZgJsuLLXawGtVFwX6Rz,3.4480295420000004,3.9421216120005056,488.30306678039545,141.61800553981314,0.19532122671215818,165.3102956905259,1287.280679801,173.965855363,211060.46943346522
SERgf3DMJpQxUifu7VoFKmfne73d2fDJxSrxUMrcNJB,AJfM2GZ2tTB8UtN2krcyR9xufRJEx2mhSCbJyMgPo3GU,F4yRYkufQvERZcEKnKjJwRLU1btiMBUuEwq46hfm11QD,3.9440792549999983,3.917374116999998,575.7196650441543,145.97061261238642,0.23028786601766177,144.67661665630058,22.254135759,35.008061618,8313.29774048798
ALBpShJ9NLpE739pcHDF2LNVk5J4VYPvvKuV6jMPitZi,D6d156U1bPiJpDYRLextvDRccgFk7QzkQbJg42ceKEu5,GNcM8U5g8RwTZffwwm3kSQqUNPSwv5d2fbN9sLxPJqt2,8027.556022000004,8029.965279000011,8035.109024483019,1.0009408844313656,3.2140436097932077,1.0005062561656197,50294.200409,49912.085605,100278.87534522929
AURHmCnNwiW4uA2Qj1XvEh4iKgRUZYXtiY7FKAapUV5Y,BKWm4TRnTeKwfWXRyuzjRHU7iZDkPuXBX5b5V5jSVfGJ,A5Ww74HVrkj9nPeC7pHKLfgeDMEhBCpW1efQdz3TGLEg,2.4581047969998053,2.1837582239998596,401.664630704858,163.4041930169545,0.1606658522819432,145.1325517364892,285.409806546,1821.778928891,311036.5837674932
oKQqupM9E7SSLAFDLxr7mdsXP7znck9qRbVWc6Yyj7Q,CMR2J7CwfW98RpvnJmFBgRFTLAd3x8CJ1SWs8Bt3uunG,FmRb5jHfSNj1YWP3b45d9vvYuhwjp4om8bALmtqZpr1v,294.1481085500002,302.7290900599992,284.10836938413087,0.965868421811855,0.11364334775365237,1.0,4451.95823951,1455.45528066,5755.461159427807
ALLwa5WNZbvQsRKAqe1jdRGemdYQnW8E5k4msbRFcYtu,CGoM82Hbz7QVqTgvQatYtjvDWBvoUJp5qm21P8iMs9yb,3dxNNww8TivyN5FMy5dCNdi3Zcxv6e4kUfSPxfFwpdNq,9.325814042000006,9.145779510999999,36237.86299591998,3885.758694385079,14.495145198367991,3887.2843043121647,1.757005627,6.780223484,33183.9562202807
Sid7E679i9ABqptiAVhkmQ27YHN8vaYT4fppPwmxFsJ,GP7KB8o1bv527HG8kTzzzf4wJ5aEGHvcMQvVhLziUfmT,9gYxhAZ1M9wu5pxr8SBoa5NDm21gi3s9vMHaYTME77sa,847.3505369999993,3587.505417999986,7.039198261786412,0.008307303712473386,0.002815679304714565,0.03550336655347838,142906.366899,6673.587299,1424.1014083791813
DEDaBEWzMCXohXYXoLzB4jK1xqMsd3SS9izXp2xvg9pe,GC5zHpW5GuVdw3C7covC6viyGdLS8ZAaVGDKMeru7p78,F8juxtAFueW19vxkdDArUkjVWAv9QV6yy1wCXUWQiXvh,0.17134496999999982,21895.134399641305,0.17134496999999982,1.0,6.853798799999993e-05,0.0,32.14413399,8633348.72245931,32.14413399
NorjjEePhxfwLF4vZjUHCrVVKLzQjEEGQFd3wgjEJmh,34M8pFVqgbV7aqHxvRT5tCv3vu2P1JJYT8J3VaxBK2oG,3AZWBSze3ucsY3xSeuLne3b2pauVqiaJ1SZSV5T9WGWw,2.2280829999999696,3.350334999995539,1.4827108907978652,0.6654648371707362,0.0005930843563191462,1.0,37493.974528,2653.826028,27604.74768215925
WiiQFxXqp8P9Fs1rt9SVcDyA3KUdJmUsog6wnVQAwba,3S2jpqSYxho6wiz3cafhjXruVY8cg4HYa2v3BqBHYFSj,Dfe67M6TfrG74gKRtdqys4e6E9QirPD53BkF4FujFjuv,17.872120826000355,17.899058983999566,17.845605450664046,0.9985163833887171,0.0017845605450664047,0.9998254024896142,19357.658151194,7348.325993312,26675.981801893417
4vezWG46exH6pf9nry3n1VJ7hZHvjBJNgNeF4qEFCML5,,,0.03366299999999889,0.03317200000000042,0.0,0.0,0.0,0.9998254024896142,19357.658151194,7348.325993312,7347.042993888064
MATSnbbiTCv7Dc3trJrkrqjx7ckKdr6fwPoVwv9q3sD,631WX9JizSHJm4w6VanZeJAst9T8DeUUnPLesdGkCVtK,211maUSfpnXbPuW1iBu8b4dtJv5EbN1j7JJiEX5TZKEP,18850.91844400001,18859.98432099999,18877.762622449132,1.001424024963498,7.551105048979653,1.0018785222291797,23618.893725,20889.092666,44580.860910195086
CZgvH45CRmoaNJ7395Ao5CQZXkGznvqU7cErD6n7FaRg,4ZjU6MKvtqVQKCiowhvZ5yUsPxXX5SCzd5eFsPeXyey5,BsyWeshjDbCvjDojry3vKDCesmFRM37WtwcR4Kfgzqr,397.32151679000003,390.0,396.468344665065,0.99785269085896,0.158587337866026,1.0,588.64445487,516.3742847,1103.7547379512353
RajgMbScQbqqrdJfR2rxfHJiTiY5b6bJ2tTXiF4aPxy,725ZA3fhyBAKb5iopNRrcbSuQa3LXA1656Q3mBvYPxeg,GLA6i1dSZpUfk2f9Nj8uiG7xyDdAR2reff8oEiZH3617,116945.29637137006,116922.72590653998,116917.66872625003,0.9997637558244986,46.76706749050002,1.0,123409.56475714,109060.48136497,232440.89133123495
SAMyS8Jr2HJrkFwYVKbpUwsNStnQmvz3f8Tup8bWUWF,6jPzm5TFfquvgm25sTyN3MMGBfufRaFHMxobDWv6hMFW,Cj9ECoDmxsHTDzCY5ZA6RWrPbg9uFzEC1Qc2kso2vJG6,2727.867505679992,119.73186171999726,2697.313791598215,0.9887994141877647,1.0789255166392862,0.035705572279450516,707.73849066,110743.38211268,4653.967239457844
TETFuZgEmET6d9vYmz9iMFCxK1jKdKYxf3oPz8hSzJK,Eu1Ze6Z84LWNkq7SNoAHBJbXx5t1P95EwyqYohrfCRFV,ASMbv7WNu3qe4pkhREmvyEdwFNDZQ6B6iSrjkj4u8bdC,26.088736484000002,26.26872062700005,25.95895086721463,0.9950252241282376,0.010383580346885852,1.001863466046847,303.749562483,48.588646431,350.91766621238753
BSC8REUo9LpiiWUuqMuLXs2D2yJsJfGd4HdiF3wCLxk5,AZjEH1zWVx1UJ6udMyRijGTzPteuLnaY18yNNmprJEsh,Caf8ypkSVR8xYnXNhjvfvdGCC7mrM3C11rz8Xi6NA6aK,1389.9073441909995,1389.900634914,1388.9456410070575,0.9993080810832741,0.555578256402823,0.9998254024896142,3316.680091345,2985.071375266,6298.935406884625
Lid8SLUxQ9RmF7XMqUA8c24RitTwzja8VSKngJxRcUa,4PgzyzLtds9bKZ2to9PMnKqJzKEUpjvNUaeN23phegax,AtymwxoVN9peZo7EXTcDz9jKVc4vRmisJKKrNfe3ewBa,208.96843453800625,179.0649013539986,35367.73094563502,169.24915489665733,3.536773094563502,145.19532691744223,1027.376727142,7712.005596216,1293629.8165610032
Dg3mAgpwDfVNnbGWcsxL8sUcSkEbjSJQhKAWNigG44Ju,EATxwd8YA2wV93VJcKMmH2Kn2Y9XfJVUB9hHVu3udwEy,GiGvrRi7NMHfHKanG2B8xyCEqe8jaafWins8bhrLVEaa,0.2629965960000001,0.26251308999999995,45.22497930027627,171.9603218753305,0.01808999172011051,170.330533212921,0.237350697,0.221015521,78.46059379371557
BkMBnJpvHKtWhUvrgRrLesXfi9RUV3ELgdBaJcdH7hcY,5uerVwBnZQsuVhZ15igs7ZgmcqhHnYWbwoRtLyRqLvR,9YWiQh5d4jCtgMdzcGLv9bWgnLaFtzvDDh2nnhJdzhBX,1.459824972000206,1.4599209999998948,1.4596827215399437,0.9999025564961618,0.0005838730886159775,0.9998254024896142,1471.600204339,1400.655712861,2871.867968319467
KEVpg4SYCVrqFxKijQH6hm4QxsRdoE51ud64bEEFUC9,2bPenuBYfqzD8p5dFjCcggwkHDsc2RQDnx9AoyYGUBjA,AE6n6iLuX8oYu61vt5hoDYkjswpnxFxrhSehxrnQTnbx,656.4825201750004,656.9027008130006,655.8697679414731,0.9990666130251816,0.2623479071765893,0.9998254024896142,4967.151838802,2626.837702746,7588.89462739663
KEN5P7p3asnb23Sw6yAmJRGvijfAzso3RqfyLAQhznt,9zj4aX38Uxf3h6AUjS4EipWS8mwbEofasHAf3a1uKGds,CwQDG1MWunn9cLNwcZLd8YBacweSR7ARo32w4mLua1Yr,202909.33325699857,202926.34574600263,202819.07876694726,0.999555197936918,20.281907876694728,1.0,2299114.728954,2200680.080805,4498772.158784299
vEnkoSUkpnbRrPgBz9DfcVxNz67zjwMYBZraAvDDNSf,DtfyjjsZ5yCjWKLKHvwsfXs5QVsmm1QkK6Sh9JZHoq1g,e5wrKCRv4GhHvEf1VD5Pq2KGaZDXP77nTL612Jyrxwy,10375.61179,10380.149112000006,10388.025480449138,1.0011964297335316,1.038802548044914,1.001490217443556,3739.700575,3118.119401,6866.940940884896
JSoLLrxK5bYdHwTEWYaGgmeycBCNXKDiBCTw5hXGBg7,xG4wXczA7Dk4hccJ61CHKpDHW4NrNfQwgmWgkb9BuF2,BVR6WgfhsRr9Lob4QDnkEAiNGgAbv7ZieKcY9kSg3QYR,47.986224884999714,41.40576460900003,8006.898736215372,166.8582755864651,3.2027594944861493,145.04327656242793,17.248264007,163.123408695,26537.96927022296
BUSD5rCfUDpCxKGMvYU2yThChxgHoioK74PTPociGnv2,CcFHbafgYDZ8yA8Me1PdtDiVb2eeaS61LbqyKKK5CsNZ,26R9s4nmF3CFDTkiePDwRmtscn8i7r2eygbSijditJ58,10.183725230000007,10.176408090000002,10.18384407546037,1.0000116701361905,0.0010183844075460368,1.0,72.63382713,73.42900626,146.06368103665466
B2izdXFYb2sNwbWWHmh75T4aQFtfXsUxem9u2p61HGzf,4DYwgJtxwuJdAjkj5RJSNH4e7U329V5cNp7d3a1nLrZv,EXNW64GEf1ACC6xY9BtKRiunrs6GoJSXBdxWN2eTPmrF,7239.304009999978,7145.261222000003,7306.693645492353,1.0093088555749679,0.7306693645492354,1.0,9543.343979,30475.205079,40107.38666880275
Cob4usZcpHEY7Qt4ZCwj6WVg9S44zvzYV2v9qYF65dTf,NhFM9UXE48PyNAyeyPYA3iXztqKVJwA4bTdLj4ysM8w,6TuFuynuBoeskxyR2cz4wxyidk8dpDK7kAWw3UkjQGx,85.03314200000173,2914.38979999999,0.706155191912417,0.008304470178373541,0.00028246207676496687,1.0,71930.029653,178.029925,775.370711182863
daob129AwBGn9Y5r91uLoWZeYiGzbPmksauMhFZKTze,6VW5GQNyj4LStgmxEHLr5zUfW92vQnmbw8jTnCH7a38F,4VPCCUifPeBA1c7HWK358CHn2nyjm8pdTRk6Ps3KmnMQ,29.76200161599985,26.86129443900002,4771.534327646063,160.32303167005134,1.9086137310584252,144.98176781778807,52.844755355,235.201587392,42572.173320017915
KwnjUuZhTMTSGAaavkLEmSyfobY16JNH4poL9oeeEvE,J63v6qEZmQpDqCD8bd4PXu2Pq5ZbyXrFcSa3Xt1HdAPQ,BnKQtTdLw9qPCDgZkWX3sURkBAoKCUYL1yahh6Mw7mRK,836.2536199999989,22494.499556999355,29.577465496112627,0.035369013405421985,0.0029577465496112626,1.0,270293.713738,777.645121,10337.667105600614
DFWzVTzNBrQZLjoQ4yQwkj9HuoXmfkuZP9V5vbymZe23,DhgiEgiNdqZdRdo195UUHnoEJUtefK8buko8nU97XJUZ,2K2kkXsouBHtWVjtcgkyiXd8eP3oVBvq1bTJzcVdLLr2,1187.7145431709941,1305.8905134509969,1035.4987973212735,0.8718414734205994,0.4141995189285094,0.9998254024896142,66497.835310707,9503.623955277,67477.53536276192
SoN9GaFpSXfpyR5dth3x7PHPVhvJMpQqqDJfCSmPv1t,9kZ9iS68ViMPtoeqtnhAKuF2iqVyfHPdZHoUNdwCELr,BBhm5fJLjw3HRzjtKB8uMEYjGhY6EDm9co3cqpjrSzB9,74.06679799,73.27604409700001,12826.303525333868,173.17210779201753,5.130521410133547,170.5253134596312,30.385559558,49.74609055,13744.899079528692
BUSDgu5JdqP1rndBvXvanbEufS94FNh1w5FJcAj6vawb,Bgzr8cWubt89JQFXndVjtdKmDbGzuPxNhvjH1EhWCwbo,Dxaf8xPBBQsasRKW5Aa4Sw2YrbfGofY9xZueyyF23FBW,15456.030754769989,15352.90629608,15559.796391741123,1.0067136018695557,6.223918556696449,1.0,4646.15934865,10122.92426443,14800.27607716935
KysFMBBoavfov2tLpvefWW6tPFt6rAeZWDJVy1mMQae,B8ka2V21TH3x64dFV8ETcjuQcwmrciJ2qzy1mJUttRew,7fSf7EYxBANyxzk2s5pymFgshA91tFYQNKKs5UnLWcYS,84.10182899999927,90.51530499995124,2.066881529197563,0.024575940306810463,0.0008267526116790253,0.03555010517143114,135008.91371,2242.105896,3397.6781046325705
BSCNHw8CmxbZ8hCWWzMf5FaG2ajPT6JxfznKUNuRVrn4,7n9kgNL633yGzCYksgnzHyjG73ZLBAwvEae5sbAekbzW,SscdxE99omdG9AiMVwmaEMQySQnCgeAh1sPj2Leutm2,3295.2547924340006,3295.0358522749993,3293.705229284421,0.999529759230413,1.3174820917137686,0.9998254024896142,5950.67284187,5708.720466918,11655.598331430265
7dwD9TF6uikvHXxPFK9AsSim54yJoujQjY9vU6gNFumk,CquVr6atkvwueDYficKjn6SSEWq4F4rH4VSiBbW4GBWU,8BCa6ge3b7ho3TfZuM64Vk1hgbrJ3J7EPiAb9uP86CGd,0.8187982480000007,0.8235448720000005,138.3319189252933,168.94505974235204,0.055332767570117326,170.0432726120143,2.257710229,1.913846838,706.865769131
C98Sspw7XqnMsgxea3SLQVdbMDL8pKUc3RE82UvX9eq2,CSqgQJurPCzGxb4Cgwx5R61hWQUiaoUHcShNc8r1cKEL,6S2CR5EnukPhC914XkAns8m5GixjMAoUuZMsS5ubHuWc,112.71923000000015,112.73172599999998,0.0,0.0,0.0,1.0,992.084586,991.82881,991.82881
