0,1,2,3,4,5,6,7,8,9,10,11
ALLwa5WNZbvQsRKAqe1jdRGemdYQnW8E5k4msbRFcYtu,CGoM82Hbz7QVqTgvQatYtjvDWBvoUJp5qm21P8iMs9yb,3dxNNww8TivyN5FMy5dCNdi3Zcxv6e4kUfSPxfFwpdNq,5.669061875999994,5.61753024,21203.05896697458,3740.135392901223,8.481223586789833,3690.622497296619,0.86476028,7.695584368,31635.817327988152
vEnkoSUkpnbRrPgBz9DfcVxNz67zjwMYBZraAvDDNSf,DtfyjjsZ5yCjWKLKHvwsfXs5QVsmm1QkK6Sh9JZHoq1g,e5wrKCRv4GhHvEf1VD5Pq2KGaZDXP77nTL612Jyrxwy,13692.681167000002,13703.976252,13585.693828103686,0.9921865310678407,1.3585693828103687,0.9902392120864637,4556.492981,2307.932141,6806.29586950622
Lid8SLUxQ9RmF7XMqUA8c24RitTwzja8VSKngJxRcUa,4PgzyzLtds9bKZ2to9PMnKqJzKEUpjvNUaeN23phegax,AtymwxoVN9peZo7EXTcDz9jKVc4vRmisJKKrNfe3ewBa,4269.253427550998,3925.904787811003,799128.59676388,187.1822814749814,79.91285967638801,177.820739268385,1727.569458311,6943.990678519,1558155.948540174
ALBpShJ9NLpE739pcHDF2LNVk5J4VYPvvKuV6jMPitZi,D6d156U1bPiJpDYRLextvDRccgFk7QzkQbJg42ceKEu5,GNcM8U5g8RwTZffwwm3kSQqUNPSwv5d2fbN9sLxPJqt2,8442.970668000002,8450.121207000004,8383.265054283394,0.9929283641902371,3.353306021713358,0.9948654991588413,52924.534403,47291.379132,99598.8328763679
BSC8REUo9LpiiWUuqMuLXs2D2yJsJfGd4HdiF3wCLxk5,AZjEH1zWVx1UJ6udMyRijGTzPteuLnaY18yNNmprJEsh,Caf8ypkSVR8xYnXNhjvfvdGCC7mrM3C11rz8Xi6NA6aK,636.8050561600007,637.1623398499996,636.3655890842007,0.9993098875840433,0.25454623563368034,0.9993374562552395,3228.954276999,3074.667489303,6299.35632315263
KEVpg4SYCVrqFxKijQH6hm4QxsRdoE51ud64bEEFUC9,2bPenuBYfqzD8p5dFjCcggwkHDsc2RQDnx9AoyYGUBjA,AE6n6iLuX8oYu61vt5hoDYkjswpnxFxrhSehxrnQTnbx,1695.724593432,1698.1107322949997,1691.991643636194,0.9977986108061034,0.6767966574544777,0.998643832687416,5657.5799271,1939.814222333,7582.308901477061
daob129AwBGn9Y5r91uLoWZeYiGzbPmksauMhFZKTze,6VW5GQNyj4LStgmxEHLr5zUfW92vQnmbw8jTnCH7a38F,4VPCCUifPeBA1c7HWK358CHn2nyjm8pdTRk6Ps3KmnMQ,189.1719608029994,171.7206870899998,36289.98476304506,191.83596030300106,14.515993905218027,177.98854786085354,52.126167464,219.016817515,48982.15869897189
parEAJhzYzHW87y9VoZAQ22dzQ2MD2ekEtTReaxbMcz,3oyc6hpjYSJEquK6dSvG72NXyz3pqLZz5D8AC71pwgQb,Di2vordgFJVZ1aj1aBpvzXtLfZgJsuLLXawGtVFwX6Rz,12.35877425000001,14.171528851999739,2154.9643201206636,174.3671562024577,0.8619857280482656,202.79023135120755,1278.713991028,174.175197783,258286.75086590427
BUSDgu5JdqP1rndBvXvanbEufS94FNh1w5FJcAj6vawb,Bgzr8cWubt89JQFXndVjtdKmDbGzuPxNhvjH1EhWCwbo,Dxaf8xPBBQsasRKW5Aa4Sw2YrbfGofY9xZueyyF23FBW,12075.105137350016,11791.563909379996,12356.245051123933,1.0232826058718372,4.942498020449573,1.0,2737.67500849,12083.17619883,14884.591415547851
ACUSESXyNnwRLAg1dpSGMLSzUDdLjUMybY8rkXiAKhCP,AhFPQdu8GKBsxuhiH46UmCu1YpaLgNpoP325HnYtsgas,A8wxWpT3aFEr2XqZp1kDmbxbFfcBE95UUmdsNTDBJYbT,1408.3201216680002,1405.5756298659996,1407.3870479807688,0.9993374562552395,0.5629548191923075,0.9865817804073238,1027.793993161,1857.687343982,2859.8735219458426
SoNcU2iwHMw6dGzsYNQkYFkUjwN1UdAjrWVRnStrZu2,8ivTTid27jZnYNc4w3CTA1Z6QS2twsFb8WMwUabeDJgc,CyXm53PMvHCbeXJBykU46Rcbo28xk5srhMZFg7gv6EYB,39.25815750200002,39.16891601500003,8210.631510436006,209.1445965088329,3.2842526041744025,205.50967323756444,10.74445433,15.476452382,5427.7052374569785
MATSnbbiTCv7Dc3trJrkrqjx7ckKdr6fwPoVwv9q3sD,631WX9JizSHJm4w6VanZeJAst9T8DeUUnPLesdGkCVtK,211maUSfpnXbPuW1iBu8b4dtJv5EbN1j7JJiEX5TZKEP,117933.31363399995,118069.71289499992,117239.1406820217,0.9941138518830007,46.89565627280868,0.9622101582450826,23709.902918,21151.390579,43922.42579370811
STK75uPSyBnEhGTTzb1nwmP3n427XoXmfRhXxxhyady,6TYyD5fUmDe6N65avW1Ny2RxzRNobw2RRgKwH9CTzSAU,54zDfk4cx2vGrEajPtodWpArNe5eUurytyxd4X3aZAxK,908.8516036969993,1013.7053982660007,161205.5539143249,177.3728002003603,16.12055539143249,197.54678500509277,476.789304363,89.281504804,102206.72825489411
SAMGk1Nd4haC8zQA63DG37pzuEZy8j4q13tSFtCbcRE,9U9TnkHD3jXMAVZtynCVLgDruuqN4pTvLJTmVHCLWS8g,C6zoEbvqSknmi96QWq96UBiPCyNW3YSTvKhavR2BfifE,0.1381149599999998,0.22955499999999773,0.2916093997424145,2.1113527437028905,0.00011664375989696581,0.0,53.41309,1.26105349,112.77387412114942
HDSBGqAuMRr6X2AfmmbXQPpRgU6VEhtfNVVZ3wUTZXg,DCZ1d8kNLgDcdSd99y4udLgwq46mfDXNS9KXj96kQf5L,Fq8GGYQM5Pz3q7LmVMbrXHJgsxA5ev86kTq8yGgGuYsa,62.55803975500203,62.66987728600179,62.04110397055378,0.9917367010463765,0.02481644158822151,0.9993374562552395,12733.35411027,12164.8230842,24784.89795533393
RajgMbScQbqqrdJfR2rxfHJiTiY5b6bJ2tTXiF4aPxy,725ZA3fhyBAKb5iopNRrcbSuQa3LXA1656Q3mBvYPxeg,GLA6i1dSZpUfk2f9Nj8uiG7xyDdAR2reff8oEiZH3617,182378.6503041201,182256.97120968992,182391.9028997848,1.0000726652798593,72.95676115991392,1.0,99737.48506751,133612.01952778,233356.75204755488
Cob4usZcpHEY7Qt4ZCwj6WVg9S44zvzYV2v9qYF65dTf,NhFM9UXE48PyNAyeyPYA3iXztqKVJwA4bTdLj4ysM8w,6TuFuynuBoeskxyR2cz4wxyidk8dpDK7kAWw3UkjQGx,278.0524980000008,19240.23913700001,2.96869005552752,0.010676724995750663,0.001187476022211008,1.0,68379.161244,212.496635,942.5621350422798
ZUCKWFa4LTL833dPhhpeeRWZcaAEoMeYJPi2iKn4F8N,7eEYpq6ShaJ9opZWMxitRFrdCHh6vfyHhGfoSvFht3N2,H8VggnHmuwd1wvwpT8eg9cUJFEfZ7HAaeYjgXrSm7A2u,167.65633521900008,167.8820360000002,167.9292260889175,1.001627680037029,0.06717169043556699,0.9988497715490235,1748.416403725,2098.266523349,3847.1153036978703
FrnkTEL6yZ5Aycq2TrEgu29dCrwKG4LPUZydfiwqspkc,DjvZuMZ46fxKBoBpGMPcRcos4xdTtHFxwMh69DpA2ZFY,9rvDPJLAng4uVVqnnSoEXgNDFhBZQTny9AoQioYDZbQX,39.61535689500306,33.46842239499966,8286.866474609255,209.18318359652415,3.314746589843702,179.39758649250987,324.144625737,2568.80280437,528642.6280365385
MARpDPs5A7XiyCWPNH8GsMWPLxmwNn9SBmKvPa9LzgA,6YjT74rmcfCpw8LSjPNx5JTmZoYLGrTKnf9arfSgZ4SR,F8GSmi3vA8M8TsybLya1LQ4n1aFHCRbZ6k437PeTdXtg,166247.85492899932,177924.9451460014,153652.7826799418,0.9242391894052613,61.46111307197672,1.0,377242.106002,16149.330838,364811.2690988221
ercAoEmXjQzEvAFbdjAo81KtMxRGn9AW1ju882upmPH,CMRhskR2Eg6V42RTSdRTXGdozyPbWB8U9dVpijPWb9T4,7TKLLgrWswt6ZJ1pXhVR3FyufHGjJFqiEXxvWJfDcgRm,50.48166647800008,49.23934281999999,9028.002780919367,178.83725738043478,3.6112011123677465,174.3662744936665,308.257723967,982.968841837,226524.5808150652
iLiUBQ7Z7im6Ew3b4ewwPcehzWgEQRJ1iQz7g6D62NW,GpugBvKWM3TVhYcZjemSdtehBWgfvuGr6uAm9iPjXT6v,92fMXJ3xy8tEyMUWLHKRLyhPw2nECBo77GtDiBBbYrjX,0.016618512999912127,0.016618512999912127,0.016192125279171934,0.974342606902167,6.476850111668774e-06,0.9962516748036718,1865.499763466,1097.901409563,2911.4220207572894
SUiuyGR7SFq3xeRVJonq84fjjeFwRSsFekcevJ53tzy,49GjCCPsv7fBqo6t3iKDrP1xxGDS8uWZbVCdfnp2gjMf,CEwj5xEbbJEjYqM8D6Ai8ByGz1mrh8mkAVsE5fzDSSSx,39.585482999999954,0.5009759999999999,0.4244399524993312,0.010722111247179469,0.00016977598099973248,0.9169886825256802,613.457764,1.97946,8.39270480856625
7dwD9TF6uikvHXxPFK9AsSim54yJoujQjY9vU6gNFumk,CquVr6atkvwueDYficKjn6SSEWq4F4rH4VSiBbW4GBWU,8BCa6ge3b7ho3TfZuM64Vk1hgbrJ3J7EPiAb9uP86CGd,1.0996453650000007,1.169205373,208.16732755867633,189.30405582046555,0.08326693102347053,210.1857264134307,3.383185417,0.835202992,815.9984686069438
MNkYtBe2HtgL15osfaMmyqNW3vo4J399FXXCS4a39Wf,2mUxDu8NrhSKhQJMgKfYLxJqZzeEbmwhQdHeHMyohyuk,AZCBmDBcFsA2jHHhfFJBTsWCHx9XnnKmGfFsue3ZVW1t,0.08201041999973313,0.016263380000054894,0.08197665791317159,0.999588319550593,3.279066316526863e-05,1.0,2194.39033408,1941.72322606,4135.210172541091
wrmcMSHFi3sWpAEy4rGDvQb3ezh3PhXoV2xNjgLBkKU,8p4mGnARWPBu6P2Gcw4adodLkNDorrXniZMhaY7eJXUn,AyY89zccbsgp9LKFgH4CFZMJmpSgqmPSdTfukhP227rc,0.020330680000000045,0.22394198999999873,6.020337577731728,296.12081729345573,0.0024081350310926914,3742.5149700598804,49.37185004,0.15077145,15184.29699381737
moFiBS1R4Lf3E3zzmBPnw3NF4RhWPkhREFviuzUaCAU,44ALBrpqi9PfZkBRTvbtRNtFJGsatfY4QydjtMbFWq8S,2ho8qEEie1UjVwWNBo9y4oAJZMyMLx8zPj9bxyUz6uWs,20.41361851700276,20.43178181600524,20.308032466593602,0.9948276661327234,0.008123212986637441,0.9965243542460399,40861.612039245,27484.401473285,68039.13756942714
ionytDfEj1mXodptgrsKEZro7DGsfpzANUfarJdm6Qb,3gkSjY95an9xNFSjCfsay6JZez7uv7yfW3Ad4ubc4fMK,9wXqANaSuEqkKL9yHzCPEDGHwbkStVAqV5rB3QDs3Jr6,0.0030684100000000075,0.011981259000000133,2.8835052272994313,939.7392223657935,0.0011534020909197726,3746.862003072427,3.167492611,0.080182596,3277.050165370644
B2izdXFYb2sNwbWWHmh75T4aQFtfXsUxem9u2p61HGzf,4DYwgJtxwuJdAjkj5RJSNH4e7U329V5cNp7d3a1nLrZv,EXNW64GEf1ACC6xY9BtKRiunrs6GoJSXBdxWN2eTPmrF,21260.102555000005,20884.80259700001,21016.521075732267,0.9885427890746251,2.101652107573227,1.0,7697.427654,32358.708566,39967.94516778531
AURHmCnNwiW4uA2Qj1XvEh4iKgRUZYXtiY7FKAapUV5Y,BKWm4TRnTeKwfWXRyuzjRHU7iZDkPuXBX5b5V5jSVfGJ,A5Ww74HVrkj9nPeC7pHKLfgeDMEhBCpW1efQdz3TGLEg,0.021162279999316524,0.01658859100001564,4.077754948189868,192.68977389589242,0.001631101979275947,178.51481387331447,286.898224306,1817.934037763,379810.5103578812
JSoLLrxK5bYdHwTEWYaGgmeycBCNXKDiBCTw5hXGBg7,xG4wXczA7Dk4hccJ61CHKpDHW4NrNfQwgmWgkb9BuF2,BVR6WgfhsRr9Lob4QDnkEAiNGgAbv7ZieKcY9kSg3QYR,86.50044381699976,73.43975193800011,17406.729350090347,201.23283282703153,6.9626917400361386,178.22821195754463,19.229248638,167.775295122,33771.8470368035
YAkoNb6HKmSxQN9L8hiBE5tPJRsniSSMzND1boHmZxe,CfWX7o2TswwbxusJ4hCaPobu2jLCb1hfXuXJQjVq3jQF,EnTrdMMpdhugeH6Ban6gYZWXughWxKtVGfCwFn78ZmY3,20301631.944748987,20298914.618244044,20301631.944748987,1.0,2030.1631944748988,0.9877840743524828,304771.079546,939901.219513,1233190.5356454183
HEDSDjj84KS7LKhZY7ejkCACTdPen62rKhCby1wXtgxc,EnnjMSFttpCTywBrYNt1J5QQeoSVkvzPipJDa8Y7kJow,6bjVT6JN2rSvpyn9PdfLYC8wJn4LWh49jpY47fnLDXZk,40.36828928400246,41.455441014993994,39.11469313529764,0.9689460175068255,0.015645877254119058,0.9969919079191674,38655.989597131,9551.567971593,46978.403148543475
BSCNHw8CmxbZ8hCWWzMf5FaG2ajPT6JxfznKUNuRVrn4,7n9kgNL633yGzCYksgnzHyjG73ZLBAwvEae5sbAekbzW,SscdxE99omdG9AiMVwmaEMQySQnCgeAh1sPj2Leutm2,134.72582862199897,132.86967157800018,137.02793534441145,1.017087345061885,0.05481117413776458,1.0,2312.695212963,9372.975518268,11725.188552357868
C98Sspw7XqnMsgxea3SLQVdbMDL8pKUc3RE82UvX9eq2,CSqgQJurPCzGxb4Cgwx5R61hWQUiaoUHcShNc8r1cKEL,6S2CR5EnukPhC914XkAns8m5GixjMAoUuZMsS5ubHuWc,58.41528499999936,58.263124999999945,0.0,0.0,0.0,1.0,920.343891,1092.763584,1092.763584
BkMBnJpvHKtWhUvrgRrLesXfi9RUV3ELgdBaJcdH7hcY,5uerVwBnZQsuVhZ15igs7ZgmcqhHnYWbwoRtLyRqLvR,9YWiQh5d4jCtgMdzcGLv9bWgnLaFtzvDDh2nnhJdzhBX,0.016263038000033703,0.016263038000033703,0.01626429428665299,1.0000772479667874,6.505717714661197e-06,0.9998192016939385,1471.600204339,1400.673198078,2872.133841199151
KwnjUuZhTMTSGAaavkLEmSyfobY16JNH4poL9oeeEvE,J63v6qEZmQpDqCD8bd4PXu2Pq5ZbyXrFcSa3Xt1HdAPQ,BnKQtTdLw9qPCDgZkWX3sURkBAoKCUYL1yahh6Mw7mRK,1307.1763469999987,38415.02144699957,43.39004636498881,0.03319372054472223,0.004339004636498882,1.0,270938.197337,756.258144,9749.704951295182
KZMu9QBEdL97EFgamLbN5DE1AoKBG4HdrKKJo4Vuon3,DD4ACBWyVqdaKWh7v5btsgqQCCMwbKnuL2xd9pv7Gyuw,GcYqiJ1MAuYbNTNYXm1F1gQYTfTgkErACAhNU5dpVj9T,1267.6723667400004,1269.3479942699998,1287.927015343145,1.0159778260807502,0.5151708061372581,0.9997328114088229,1044.04626796,2042.53439244,3102.716508202974
SRMuKizofcAMicegrfSv7xs9q76tH1w8aAF7oX9FEWu,72Hj2KWntXPfbie4UgKeTPnm1XVkomDfCnRPKbvfTtPi,6aqJQ5wedqpUt4fFEDUqUmXhrdxCu4bEJsQdVPCADLko,396.60350299999936,397.2759840000017,29.677627412127713,0.07482946365233632,0.011871050964851085,0.07452634964797106,17693.037092,5259.001129,1715.8946329141806
MATgk4zXLXtYkwBH678J1xZbRDZ45LicNzkRBHkxTuY,y8dALFo1bJrSzPYjMX14HJX448pXqYmrfXHD1K8MXih,GN7Yuet3UyiWS5YVkEHv6oQKi4HGBJc3XDPt9zQhAqZz,144573.9138739999,144526.81367300003,144690.2448308439,1.0008046469361367,57.876097932337565,1.0,8624.353937,9734.804143,18366.097639971566
BSCuChvaSj9b5HUSqgDVRzcnr2sSn7cXaamt1jbKH6hn,GnKpRj5kBVPMJfiwZtEuD9GYApLzPdW5JFuZTcyX4BTc,3dmwD9okkomV9nDwyuh4UMhKdUR13QpuKxRo89ycZB5t,302.732959661,302.5932439999999,302.81199328843627,1.000261067138262,0.12112479731537451,0.9960089919691794,1403.304075473,1692.583442514,3089.4987604541875
WiiQFxXqp8P9Fs1rt9SVcDyA3KUdJmUsog6wnVQAwba,3S2jpqSYxho6wiz3cafhjXruVY8cg4HYa2v3BqBHYFSj,Dfe67M6TfrG74gKRtdqys4e6E9QirPD53BkF4FujFjuv,11098.208327284,11140.65067997401,11021.353858850782,0.9930750562463063,1.1021353858850784,1.0,23216.467678652,3505.590957007,26561.285902824886
SERgf3DMJpQxUifu7VoFKmfne73d2fDJxSrxUMrcNJB,AJfM2GZ2tTB8UtN2krcyR9xufRJEx2mhSCbJyMgPo3GU,F4yRYkufQvERZcEKnKjJwRLU1btiMBUuEwq46hfm11QD,0.1615350999999947,0.16044085700000466,28.94963267045518,179.2157411637231,0.011579853068182072,178.98350613295932,26.082027007,31.159335411,10251.316901745402
SQDY9uoDoCbNq7F3HAHYYQZbrUzpKxDtdWLvYcqBLak,GiehZ4X2uQjhEKuxSm3ACmEFrabxh3RTvjbLfLjw1xGX,rxDQYV77NKRKYxCjq4cECX3QQsiSyLv1T1FT2X3zNA2,0.016524559000004047,0.016524559000004047,0.016558696591041804,1.0020658700203586,6.623478636416721e-06,0.9987388714534994,171.365745094,234.940155231,406.363629943825
BerKDkt6v49dT1bHRedgnpsJS263C1DSJtEGvY9Mg35V,78XKqNb8wbfsMMrvo8WPUpdx7GEkfQutpNVH943aCGFa,DKYQwn4nDvFHCszi5tXbqfVMAP7DaXXp1KGTXEnYnKVH,0.16890618199977325,0.03463568400002259,0.1695876291866287,1.0040344715556733,6.783505167465149e-05,1.0,1340.351451808,2198.660138103,3544.419199717925
KEN5P7p3asnb23Sw6yAmJRGvijfAzso3RqfyLAQhznt,9zj4aX38Uxf3h6AUjS4EipWS8mwbEofasHAf3a1uKGds,CwQDG1MWunn9cLNwcZLd8YBacweSR7ARo32w4mLua1Yr,400953.236170999,400988.84895700077,399832.1069431305,0.9972038404314303,39.983210694313044,1.0,2067721.272433,1994517.997537,4056457.5913489517
DA1mL7dfBow33EH5yjUuZE6SH2KeUK5zEXzsyhE5r5j5,B4UtLRZND3D83CitRCBUyeiNr7H8m7YFRqBmiPmXjhW4,AAmpYbuixWiSqDaJBCqYEs1pb5SrbdPr9mgXrB58Q2e,0.016861324000046807,0.016861324000046807,0.01685847442897255,0.9998309995659743,6.743389771589021e-06,0.9986700870238319,1637.759450222,1468.781348362,3104.3106651517423
DFWzVTzNBrQZLjoQ4yQwkj9HuoXmfkuZP9V5vbymZe23,DhgiEgiNdqZdRdo195UUHnoEJUtefK8buko8nU97XJUZ,2K2kkXsouBHtWVjtcgkyiXd8eP3oVBvq1bTJzcVdLLr2,5885.242710141991,6778.36537496798,5036.584532322631,0.8557989500829126,2.0146338129290524,0.9978222847937508,67228.301043451,8875.904140015,66390.48439744342
heyk4SZTeCUV6a65WiVA5bzic3KcxgVf1qxobfeV4tQ,9ZDpBKPqMABtGfq66FbVribaArMvtk63xxy91onZAtDt,DaTP4s6N7xxSPinbNZ3FB52EpRDRt87QShTuN3VPCW52,185.46278761100552,162.2866794040002,37537.139899745715,202.3971513815326,15.014855959898288,179.428713331051,659.953318017,4491.47496245,939472.2450824656
TETFuZgEmET6d9vYmz9iMFCxK1jKdKYxf3oPz8hSzJK,Eu1Ze6Z84LWNkq7SNoAHBJbXx5t1P95EwyqYohrfCRFV,ASMbv7WNu3qe4pkhREmvyEdwFNDZQ6B6iSrjkj4u8bdC,10.263472235999998,10.32905062399999,10.15017221754337,0.9889608491306462,0.004060068887017348,0.9981085842328787,307.119306966,45.269108121,348.9124560176474
BUSDTd9WiT6uBHJRgNvFXBsA7JrifsAtWzKfioN7ERcy,DyBxrn7gSc1EwnpWhDyhzvMHPtxpmBqRqotapLcKcfTM,Cds99GeBgoCpqBsoRWu1C6fF9LiUMd4pXQQD24s9LPff,9763.662967430002,9775.125744410001,9754.240468679662,0.9990349422361492,0.9754240468679661,0.9949838585261108,334.16972072,292.50980927,624.8897663207766
SEQV6QiTpvTzrceiaYg9Avnwf7oc8ZALpnQMz6TyT4A,3dFMPj4r9mMmPHF32mz1gNDX7f8ftidWof7S8YiYTs1j,Fc1ED3YPeQfXQosHbd8DTaBd2AV5gHQtwiSAL5C5pUhi,637.6963488410003,638.3058831950001,632.8977849228802,0.9924751585502388,0.2531591139691521,0.9919011272956312,4736.904856641,867.907649875,5562.138974931688
GokA1R67GqSavkd15zR62QD68Tuc5AEfvjssntVDEbM8,3YB7hfpBdbQEuZqLGWVDpRPmeZWCUsrrWyqGXegnQ6Cg,4DPCj6Z1DsG6HUtwSogBGqXEUxdEV5a8YVrrFtcnz7UW,35602.166761,35618.03408700002,35592.521187758124,0.999729073421103,3.559252118775812,1.0,22154.891438,11787.899668,33936.788757056864
AUSejoEUCh2DBs9mof6BNC8Pubs22w4cJa1ccV9h44R,4xkyD7AfGQDwsQMy9MosRRNGoVJ1zosNinesxg1TzHG7,Cbm5gsQe3nSiCsFrvepVzMCD9xLK3ri9g3ypS2hdmVJ7,3650.8404889999983,3651.952917000004,3649.11445786143,0.9995272236232262,0.364911445786143,1.0,14390.986401,14466.234709,28850.417391591134
Sid7E679i9ABqptiAVhkmQ27YHN8vaYT4fppPwmxFsJ,GP7KB8o1bv527HG8kTzzzf4wJ5aEGHvcMQvVhLziUfmT,9gYxhAZ1M9wu5pxr8SBoa5NDm21gi3s9vMHaYTME77sa,12423.517332000007,36172.9234320001,132.5668203387513,0.010670635118549794,0.05302672813550053,0.03370456780143992,136483.338329,8459.154126,1741.4760368529378
SAMyS8Jr2HJrkFwYVKbpUwsNStnQmvz3f8Tup8bWUWF,6jPzm5TFfquvgm25sTyN3MMGBfufRaFHMxobDWv6hMFW,Cj9ECoDmxsHTDzCY5ZA6RWrPbg9uFzEC1Qc2kso2vJG6,7902.813414240009,271.38299508,8029.316989567209,1.0160074101078047,3.2117267958268836,0.03381048264261109,673.23869871,111753.69724028,4462.461947450798
BkwbeSfcX1h4thMDd7obGkHrPevf3QwgzJ4pCEqG18Lu,35yX27bmurdebhfAb8EPmjLETDiUaEUCn9zHaDPbakH2,2CxECn1ZJFoESyUnQysQU8rRgT3iJ5GRs2Mdd6gZjx5g,0.4050088099999991,0.3454623600000004,626.3959200086597,1546.6229487913142,0.25055836800346387,1251.5644555694619,1.37302296,22.00075019,29658.905752820465
oKQqupM9E7SSLAFDLxr7mdsXP7znck9qRbVWc6Yyj7Q,CMR2J7CwfW98RpvnJmFBgRFTLAd3x8CJ1SWs8Bt3uunG,FmRb5jHfSNj1YWP3b45d9vvYuhwjp4om8bALmtqZpr1v,0.04954483999995318,0.016738260000010996,0.04784769378485103,0.965745247838044,1.913907751394041e-05,0.9999316846673035,4454.39635192,1453.1367919,5754.849629230467
Lee1XZJfJ9Hm2K1qTyeCz1LXNc1YBZaKZszvNY4KCDw,9DgFSWkPDGijNKcLGbr3p5xoJbHsPgXUTr6QvGBJ5vGN,2hNHZg7XBhuhHVZ3JDEi4buq2fPQwuWBdQ9xkH7t1GQX,11339.32494262475,9656.114062250977,2389452.2671382814,210.72262054650912,238.94522671382813,178.10393753966153,7336.954507738,56591.210835154,11625179.76057916
SoN9GaFpSXfpyR5dth3x7PHPVhvJMpQqqDJfCSmPv1t,9kZ9iS68ViMPtoeqtnhAKuF2iqVyfHPdZHoUNdwCELr,BBhm5fJLjw3HRzjtKB8uMEYjGhY6EDm9co3cqpjrSzB9,86.13121725600001,85.163741643,17601.604712332373,204.35801644387215,7.04064188493295,205.03702148459925,28.203118407,52.109328782,16447.874900209157
