0,1,2,3,4,5,6,7,8,9,10,11
BSCuChvaSj9b5HUSqgDVRzcnr2sSn7cXaamt1jbKH6hn,GnKpRj5kBVPMJfiwZtEuD9GYApLzPdW5JFuZTcyX4BTc,3dmwD9okkomV9nDwyuh4UMhKdUR13QpuKxRo89ycZB5t,173.09764949300006,173.0736535630001,173.22348873573307,1.0007269841219772,0.06928939549429323,0.9929470967716311,1561.709177681,1533.863380648,3085.889706115071
Lid8SLUxQ9RmF7XMqUA8c24RitTwzja8VSKngJxRcUa,4PgzyzLtds9bKZ2to9PMnKqJzKEUpjvNUaeN23phegax,AtymwxoVN9peZo7EXTcDz9jKVc4vRmisJKKrNfe3ewBa,1656.3779426269866,1451.6951464890055,289465.0788563402,174.7578686041023,28.946507885634023,154.1321282256001,1140.032533931,7582.76352132,1367977.1351416127
SUiuyGR7SFq3xeRVJonq84fjjeFwRSsFekcevJ53tzy,49GjCCPsv7fBqo6t3iKDrP1xxGDS8uWZbVCdfnp2gjMf,CEwj5xEbbJEjYqM8D6Ai8ByGz1mrh8mkAVsE5fzDSSSx,3.956168000000024,44.535889999999995,0.03573024377991885,0.009031528433554549,1.4292097511967539e-05,0.947341995196976,634.279267,1.760923,7.396707542932882
parEAJhzYzHW87y9VoZAQ22dzQ2MD2ekEtTReaxbMcz,3oyc6hpjYSJEquK6dSvG72NXyz3pqLZz5D8AC71pwgQb,Di2vordgFJVZ1aj1aBpvzXtLfZgJsuLLXawGtVFwX6Rz,6.931620553999977,8.076234495000108,1048.4536359071128,151.2566401665033,0.41938145436284513,175.84535456138454,1283.091958072,173.750894713,224629.4662887959
KEN5P7p3asnb23Sw6yAmJRGvijfAzso3RqfyLAQhznt,9zj4aX38Uxf3h6AUjS4EipWS8mwbEofasHAf3a1uKGds,CwQDG1MWunn9cLNwcZLd8YBacweSR7ARo32w4mLua1Yr,244991.55703699822,245044.35779000027,244639.27647886862,0.9985620706183095,24.463927647886862,1.0,2043925.711228,1863170.077202,3904156.7675958322
RoBgmK8CvjdHvPrqdDyVw54VwjZv2TqJ493xnqJAQHx,ExiHJxM7qPAcy27NDHAF6G7vnW7muNHi2sVJpnaNynGQ,6rkPHSqZb7StM4HwS9EuVrmfkV7tRdc7dnsFhyB6cefE,20.49178799999939,25.03198299999925,0.49297753548952666,0.024057321669028655,4.9297753548952674e-05,0.9395917661694347,6045.078492,23.511981,167.52006155050285
KEnkcdADoLR5jS2CLLLesy8TtFsyWL37BhXNfDMzWzP,3qsjFRuw1qeLMPo4DLwaQevenGAGBj9dA3Q6rb8ax2YR,77iEv8zPQAEyCcEbvBRSB6AFcUdfkhiqnAKtPxk76rNN,0.08376899999999998,6.9497189999999875,0.0007565621053504309,0.009031528433554549,3.026248421401724e-07,0.9995591943952717,116.710029,0.319297,1.373226197487303
AUSejoEUCh2DBs9mof6BNC8Pubs22w4cJa1ccV9h44R,4xkyD7AfGQDwsQMy9MosRRNGoVJ1zosNinesxg1TzHG7,Cbm5gsQe3nSiCsFrvepVzMCD9xLK3ri9g3ypS2hdmVJ7,10202.766618,10223.774558999998,10202.848240785926,1.0000080000640006,1.020284824078593,1.0,14389.272605,14465.427827,28854.81554710176
RajgMbScQbqqrdJfR2rxfHJiTiY5b6bJ2tTXiF4aPxy,725ZA3fhyBAKb5iopNRrcbSuQa3LXA1656Q3mBvYPxeg,GLA6i1dSZpUfk2f9Nj8uiG7xyDdAR2reff8oEiZH3617,535187.22461028,535372.5703138891,534854.0960850745,0.999377547688198,213.94163843402978,1.0,131138.4860309,102103.58918093,233160.44775803384
BSC8REUo9LpiiWUuqMuLXs2D2yJsJfGd4HdiF3wCLxk5,AZjEH1zWVx1UJ6udMyRijGTzPteuLnaY18yNNmprJEsh,Caf8ypkSVR8xYnXNhjvfvdGCC7mrM3C11rz8Xi6NA6aK,2141.457924478001,2137.3628277820007,2141.433972539018,0.9999888151251028,0.8565735890156074,1.0,3249.700136474,3053.358175279,6303.02196426352
BUSDgu5JdqP1rndBvXvanbEufS94FNh1w5FJcAj6vawb,Bgzr8cWubt89JQFXndVjtdKmDbGzuPxNhvjH1EhWCwbo,Dxaf8xPBBQsasRKW5Aa4Sw2YrbfGofY9xZueyyF23FBW,12255.48605512,12091.591852239999,12569.694221078687,1.0256381643735313,5.027877688431475,1.0,2589.86205276,12227.07934662,14883.340708393433
C98Sspw7XqnMsgxea3SLQVdbMDL8pKUc3RE82UvX9eq2,CSqgQJurPCzGxb4Cgwx5R61hWQUiaoUHcShNc8r1cKEL,6S2CR5EnukPhC914XkAns8m5GixjMAoUuZMsS5ubHuWc,103.4719540000001,103.32484699999975,0.0,0.0,0.0,1.0,935.741761,1077.22241,1077.22241
KwnjUuZhTMTSGAaavkLEmSyfobY16JNH4poL9oeeEvE,J63v6qEZmQpDqCD8bd4PXu2Pq5ZbyXrFcSa3Xt1HdAPQ,BnKQtTdLw9qPCDgZkWX3sURkBAoKCUYL1yahh6Mw7mRK,1236.8365449999994,36010.532038999605,42.63469475022399,0.034470759230536815,0.0042634694750224,1.0,270714.432279,763.699289,10095.431304320873
iLiUBQ7Z7im6Ew3b4ewwPcehzWgEQRJ1iQz7g6D62NW,GpugBvKWM3TVhYcZjemSdtehBWgfvuGr6uAm9iPjXT6v,92fMXJ3xy8tEyMUWLHKRLyhPw2nECBo77GtDiBBbYrjX,62.43251993099989,61.433311,61.05947884944327,0.9780075979141305,0.024423791539777313,0.999847303319837,1865.499763466,1097.88479105,2922.1900902639663
SBFjafzbDXgDRsA5SUypY8FXjJ9sBdb4JbuQq2PHQDG,46xwHtnXoQR3wCHUbm2eCAbPYWbioDQ59Te1Db8M5DDL,FC38fiikZwFvDt5zTjNtGfKd7LjaPz2uUAzLwKP5pRJY,1.7852928089996567,0.6613667219999968,10.787633464719198,6.042500933370013,0.004315053385887679,2.2400329732853668,201.254337171,9539.327832155,22584.48840720655
MATSnbbiTCv7Dc3trJrkrqjx7ckKdr6fwPoVwv9q3sD,631WX9JizSHJm4w6VanZeJAst9T8DeUUnPLesdGkCVtK,211maUSfpnXbPuW1iBu8b4dtJv5EbN1j7JJiEX5TZKEP,244518.31739600003,243171.64840399998,244565.2739285943,1.0001920368710793,97.82610957143773,1.0001270161310487,17888.744599,26789.520521,44685.10311978955
SERgf3DMJpQxUifu7VoFKmfne73d2fDJxSrxUMrcNJB,AJfM2GZ2tTB8UtN2krcyR9xufRJEx2mhSCbJyMgPo3GU,F4yRYkufQvERZcEKnKjJwRLU1btiMBUuEwq46hfm11QD,1.7684667740000002,1.7601313239999996,271.2924091617406,153.4054318408928,0.10851696366469624,154.0534861379592,24.3346446,32.913699684,8803.536841575697
7dwD9TF6uikvHXxPFK9AsSim54yJoujQjY9vU6gNFumk,CquVr6atkvwueDYficKjn6SSEWq4F4rH4VSiBbW4GBWU,8BCa6ge3b7ho3TfZuM64Vk1hgbrJ3J7EPiAb9uP86CGd,1.639984663000001,1.6822785780000014,286.402072278081,174.63704310147006,0.11456082891123241,180.832186103806,2.804529426,1.378401906,739.034156239336
BUSDTd9WiT6uBHJRgNvFXBsA7JrifsAtWzKfioN7ERcy,DyBxrn7gSc1EwnpWhDyhzvMHPtxpmBqRqotapLcKcfTM,Cds99GeBgoCpqBsoRWu1C6fF9LiUMd4pXQQD24s9LPff,4801.70812751,4789.142985710001,4802.1217822803255,1.0000861474207388,0.4802121782280326,0.9998440243322041,310.12143826,315.04289915,625.1419145454427
wrmcMSHFi3sWpAEy4rGDvQb3ezh3PhXoV2xNjgLBkKU,8p4mGnARWPBu6P2Gcw4adodLkNDorrXniZMhaY7eJXUn,AyY89zccbsgp9LKFgH4CFZMJmpSgqmPSdTfukhP227rc,0.00918842000000003,0.1383413599999912,2.5118698742482315,273.3734281027884,0.0010047479496992926,4053.6705987271475,49.54506918,0.13808138,14104.04183766408
KZMu9QBEdL97EFgamLbN5DE1AoKBG4HdrKKJo4Vuon3,DD4ACBWyVqdaKWh7v5btsgqQCCMwbKnuL2xd9pv7Gyuw,GcYqiJ1MAuYbNTNYXm1F1gQYTfTgkErACAhNU5dpVj9T,1030.1962587799999,1038.3046584699985,1017.117480743883,0.9873045762643272,0.4068469922975532,1.0,1983.13534662,1101.9844309,3059.943033969469
KEVpg4SYCVrqFxKijQH6hm4QxsRdoE51ud64bEEFUC9,2bPenuBYfqzD8p5dFjCcggwkHDsc2RQDnx9AoyYGUBjA,AE6n6iLuX8oYu61vt5hoDYkjswpnxFxrhSehxrnQTnbx,1750.710146672,1754.0485341209996,1747.1595846884325,0.9979719304247382,0.698863833875373,1.0,5945.030212941,1652.225644649,7585.198922691123
heyk4SZTeCUV6a65WiVA5bzic3KcxgVf1qxobfeV4tQ,9ZDpBKPqMABtGfq66FbVribaArMvtk63xxy91onZAtDt,DaTP4s6N7xxSPinbNZ3FB52EpRDRt87QShTuN3VPCW52,95.9993406439977,83.86357580599952,16862.298302077448,175.65014706308563,6.744919320830979,154.06960217533953,655.42778176,4496.526069855,807903.9690089788
MATgk4zXLXtYkwBH678J1xZbRDZ45LicNzkRBHkxTuY,y8dALFo1bJrSzPYjMX14HJX448pXqYmrfXHD1K8MXih,GN7Yuet3UyiWS5YVkEHv6oQKi4HGBJc3XDPt9zQhAqZz,253923.23395199998,253977.35532,254024.08151236037,1.0003971576715955,101.60963260494415,1.0,9139.423628,9127.468808,18270.52222820782
GokA1R67GqSavkd15zR62QD68Tuc5AEfvjssntVDEbM8,3YB7hfpBdbQEuZqLGWVDpRPmeZWCUsrrWyqGXegnQ6Cg,4DPCj6Z1DsG6HUtwSogBGqXEUxdEV5a8YVrrFtcnz7UW,54319.60079400002,54336.168190000004,54306.6758051584,0.999762056630522,5.4306675805158395,1.0,19693.389386,14127.912533,33816.61600757305
KysFMBBoavfov2tLpvefWW6tPFt6rAeZWDJVy1mMQae,B8ka2V21TH3x64dFV8ETcjuQcwmrciJ2qzy1mJUttRew,7fSf7EYxBANyxzk2s5pymFgshA91tFYQNKKs5UnLWcYS,232.79836700000078,334.0474529999774,5.600505198943604,0.024057321669028655,0.002240202079577442,0.034623521142853185,134974.449735,2266.025727,3325.5815440440683
STK75uPSyBnEhGTTzb1nwmP3n427XoXmfRhXxxhyady,6TYyD5fUmDe6N65avW1Ny2RxzRNobw2RRgKwH9CTzSAU,54zDfk4cx2vGrEajPtodWpArNe5eUurytyxd4X3aZAxK,1440.2559829509994,1599.7412658819915,221974.15276828854,154.1213196792119,22.197415276828856,171.6839586749844,458.140063909,85.972064031,85369.17553587486
JSoLLrxK5bYdHwTEWYaGgmeycBCNXKDiBCTw5hXGBg7,xG4wXczA7Dk4hccJ61CHKpDHW4NrNfQwgmWgkb9BuF2,BVR6WgfhsRr9Lob4QDnkEAiNGgAbv7ZieKcY9kSg3QYR,29.770784515000088,25.690006125999993,5321.160199521285,178.73765459019745,2.128464079808514,154.0925834469124,18.341403923,168.759356102,29282.86468168311
oKQqupM9E7SSLAFDLxr7mdsXP7znck9qRbVWc6Yyj7Q,CMR2J7CwfW98RpvnJmFBgRFTLAd3x8CJ1SWs8Bt3uunG,FmRb5jHfSNj1YWP3b45d9vvYuhwjp4om8bALmtqZpr1v,3.8092373100000714,3.9472090299996125,3.6787477851388113,0.9657439234571453,0.0014714991140555244,1.0,4454.39635192,1453.10365035,5754.909859886416
HEDSDjj84KS7LKhZY7ejkCACTdPen62rKhCby1wXtgxc,EnnjMSFttpCTywBrYNt1J5QQeoSVkvzPipJDa8Y7kJow,6bjVT6JN2rSvpyn9PdfLYC8wJn4LWh49jpY47fnLDXZk,6.058183596000163,6.238107036995643,5.888063784727531,0.971919006980087,0.0023552255138910125,1.0,38647.762737467,9559.49231388,47121.987495680936
B2izdXFYb2sNwbWWHmh75T4aQFtfXsUxem9u2p61HGzf,4DYwgJtxwuJdAjkj5RJSNH4e7U329V5cNp7d3a1nLrZv,EXNW64GEf1ACC6xY9BtKRiunrs6GoJSXBdxWN2eTPmrF,8875.160869000025,8763.478810999994,8897.029768170187,1.0024640566512488,0.8897029768170188,1.0,9259.795756,30766.432303,40049.04472032178
Sid7E679i9ABqptiAVhkmQ27YHN8vaYT4fppPwmxFsJ,GP7KB8o1bv527HG8kTzzzf4wJ5aEGHvcMQvVhLziUfmT,9gYxhAZ1M9wu5pxr8SBoa5NDm21gi3s9vMHaYTME77sa,9518.856698,26463.87564600013,85.96982492291816,0.009031528433554549,0.034387929969167265,0.034623521142853185,140577.723646,7280.301746,1521.7013896622045
moFiBS1R4Lf3E3zzmBPnw3NF4RhWPkhREFviuzUaCAU,44ALBrpqi9PfZkBRTvbtRNtFJGsatfY4QydjtMbFWq8S,2ho8qEEie1UjVwWNBo9y4oAJZMyMLx8zPj9bxyUz6uWs,1600.5425142210006,1604.0806043070043,1596.8537485279724,0.9976953028987027,0.638741499411189,1.0,40821.096340422,27524.799695684,68251.81577369844
Cob4usZcpHEY7Qt4ZCwj6WVg9S44zvzYV2v9qYF65dTf,NhFM9UXE48PyNAyeyPYA3iXztqKVJwA4bTdLj4ysM8w,6TuFuynuBoeskxyR2cz4wxyidk8dpDK7kAWw3UkjQGx,182.51692,16361.395024000027,1.648406752584801,0.009031528433554549,0.0006593627010339203,1.0,70890.286096,187.456435,827.7040695388407
vEnkoSUkpnbRrPgBz9DfcVxNz67zjwMYBZraAvDDNSf,DtfyjjsZ5yCjWKLKHvwsfXs5QVsmm1QkK6Sh9JZHoq1g,e5wrKCRv4GhHvEf1VD5Pq2KGaZDXP77nTL612Jyrxwy,5083.625993000003,5082.7540210000025,5057.126649357371,0.994787314472166,0.5057126649357372,0.9999780004839894,3534.23251,3328.194357,6843.930805678079
SAMGk1Nd4haC8zQA63DG37pzuEZy8j4q13tSFtCbcRE,9U9TnkHD3jXMAVZtynCVLgDruuqN4pTvLJTmVHCLWS8g,C6zoEbvqSknmi96QWq96UBiPCyNW3YSTvKhavR2BfifE,0.32949494000000357,0.1948173999999998,0.7375211299131605,2.2383382576775004,0.0002950084519652642,0.0,53.183535,1.39916845,119.04274106903036
SEQV6QiTpvTzrceiaYg9Avnwf7oc8ZALpnQMz6TyT4A,3dFMPj4r9mMmPHF32mz1gNDX7f8ftidWof7S8YiYTs1j,Fc1ED3YPeQfXQosHbd8DTaBd2AV5gHQtwiSAL5C5pUhi,125.07840703599982,125.50408341300044,124.75521144453357,0.9974160560633522,0.049902084577813435,0.9997374599453812,4557.35161262,1046.426716995,5591.727659620964
WiiQFxXqp8P9Fs1rt9SVcDyA3KUdJmUsog6wnVQAwba,3S2jpqSYxho6wiz3cafhjXruVY8cg4HYa2v3BqBHYFSj,Dfe67M6TfrG74gKRtdqys4e6E9QirPD53BkF4FujFjuv,5711.928797448996,5740.504741922009,5691.6153652941075,0.9964436825326042,0.5691615365294107,1.0,21908.81452158,4804.988345867,26635.88816767397
ALBpShJ9NLpE739pcHDF2LNVk5J4VYPvvKuV6jMPitZi,D6d156U1bPiJpDYRLextvDRccgFk7QzkQbJg42ceKEu5,GNcM8U5g8RwTZffwwm3kSQqUNPSwv5d2fbN9sLxPJqt2,484.6688220000069,485.0040950000039,484.73377632603456,1.0001340179584064,0.19389351053041384,1.0004261815533417,51528.003845,48681.996228,100237.65311964828
ercAoEmXjQzEvAFbdjAo81KtMxRGn9AW1ju882upmPH,CMRhskR2Eg6V42RTSdRTXGdozyPbWB8U9dVpijPWb9T4,7TKLLgrWswt6ZJ1pXhVR3FyufHGjJFqiEXxvWJfDcgRm,6.2432579260000125,6.381779551000022,961.8461762917427,154.06157933763072,0.38473847051669713,149.6991197392361,318.021070231,1012.812682076,200611.99530994342
BSCNHw8CmxbZ8hCWWzMf5FaG2ajPT6JxfznKUNuRVrn4,7n9kgNL633yGzCYksgnzHyjG73ZLBAwvEae5sbAekbzW,SscdxE99omdG9AiMVwmaEMQySQnCgeAh1sPj2Leutm2,2055.6694283550023,2021.3077434680013,2101.2637567141865,1.0221797959001948,0.8405055026856746,1.0,2211.021089849,9482.686381836,11742.747468188878
MNkYtBe2HtgL15osfaMmyqNW3vo4J399FXXCS4a39Wf,2mUxDu8NrhSKhQJMgKfYLxJqZzeEbmwhQdHeHMyohyuk,AZCBmDBcFsA2jHHhfFJBTsWCHx9XnnKmGfFsue3ZVW1t,0.01449322000007669,0.01449322000007669,0.014487251107747786,0.9995881596823293,5.794900443099115e-06,1.0,2194.39033408,1941.67408916,4135.160684827719
SoNcU2iwHMw6dGzsYNQkYFkUjwN1UdAjrWVRnStrZu2,8ivTTid27jZnYNc4w3CTA1Z6QS2twsFb8WMwUabeDJgc,CyXm53PMvHCbeXJBykU46Rcbo28xk5srhMZFg7gv6EYB,26.058944225999966,25.82236860000001,4687.744904749109,179.89005479630958,1.8750979618996437,177.83092156073664,11.703108052,14.483612034,4680.906824295807
FrnkTEL6yZ5Aycq2TrEgu29dCrwKG4LPUZydfiwqspkc,DjvZuMZ46fxKBoBpGMPcRcos4xdTtHFxwMh69DpA2ZFY,9rvDPJLAng4uVVqnnSoEXgNDFhBZQTny9AoQioYDZbQX,354.57683534299895,301.4988095909999,64277.31970774188,181.2789593137504,25.710927883096755,153.8166920336028,324.513124156,2568.34553714,453881.8159527951
ALLwa5WNZbvQsRKAqe1jdRGemdYQnW8E5k4msbRFcYtu,CGoM82Hbz7QVqTgvQatYtjvDWBvoUJp5qm21P8iMs9yb,3dxNNww8TivyN5FMy5dCNdi3Zcxv6e4kUfSPxfFwpdNq,6.352556419999999,6.028271752999997,25731.352965003236,4050.550874918989,10.292541186001296,4005.1907271824284,0.965342153,7.5881755,34302.25765126322
Lee1XZJfJ9Hm2K1qTyeCz1LXNc1YBZaKZszvNY4KCDw,9DgFSWkPDGijNKcLGbr3p5xoJbHsPgXUTr6QvGBJ5vGN,2hNHZg7XBhuhHVZ3JDEi4buq2fPQwuWBdQ9xkH7t1GQX,14481.387203789593,12384.258650224958,2613520.1707774703,180.4744348037007,261.352017077747,153.91662398045628,7370.291334487,56564.655303473,10036389.943858929
MARpDPs5A7XiyCWPNH8GsMWPLxmwNn9SBmKvPa9LzgA,6YjT74rmcfCpw8LSjPNx5JTmZoYLGrTKnf9arfSgZ4SR,F8GSmi3vA8M8TsybLya1LQ4n1aFHCRbZ6k437PeTdXtg,156104.60087300016,163112.438447,147897.89459956493,0.9474281588912817,59.15915783982597,1.0,374248.04924,18867.82924,373440.969500107
SoN9GaFpSXfpyR5dth3x7PHPVhvJMpQqqDJfCSmPv1t,9kZ9iS68ViMPtoeqtnhAKuF2iqVyfHPdZHoUNdwCELr,BBhm5fJLjw3HRzjtKB8uMEYjGhY6EDm9co3cqpjrSzB9,37.556276885000045,37.002112120000035,6820.946902490936,181.6193581535559,2.7283787609963746,178.38838934193595,31.739934179,48.450852513,14407.65601546385
AURHmCnNwiW4uA2Qj1XvEh4iKgRUZYXtiY7FKAapUV5Y,BKWm4TRnTeKwfWXRyuzjRHU7iZDkPuXBX5b5V5jSVfGJ,A5Ww74HVrkj9nPeC7pHKLfgeDMEhBCpW1efQdz3TGLEg,1.9359397719999833,1.720137803,333.5383736982999,172.28757760047856,0.13341534947931996,153.81811162118908,285.131867163,1819.944015877,329065.0304686982
DFWzVTzNBrQZLjoQ4yQwkj9HuoXmfkuZP9V5vbymZe23,DhgiEgiNdqZdRdo195UUHnoEJUtefK8buko8nU97XJUZ,2K2kkXsouBHtWVjtcgkyiXd8eP3oVBvq1bTJzcVdLLr2,21.1587287429993,24.288058062022174,18.433796933921236,0.871214767097969,0.007373518773568496,1.0,66536.12655173,9471.018016403,67438.27401376945
SAMyS8Jr2HJrkFwYVKbpUwsNStnQmvz3f8Tup8bWUWF,6jPzm5TFfquvgm25sTyN3MMGBfufRaFHMxobDWv6hMFW,Cj9ECoDmxsHTDzCY5ZA6RWrPbg9uFzEC1Qc2kso2vJG6,5853.04468717995,205.42179380999903,5778.737804732373,0.9873045762643272,2.311495121892949,0.034518876757006815,692.08339903,111196.55775724,4521.677380044447
YAkoNb6HKmSxQN9L8hiBE5tPJRsniSSMzND1boHmZxe,CfWX7o2TswwbxusJ4hCaPobu2jLCb1hfXuXJQjVq3jQF,EnTrdMMpdhugeH6Ban6gYZWXughWxKtVGfCwFn78ZmY3,13272126.51803991,13278042.234089024,13272126.51803991,1.0,1327.212651803991,1.000278077305491,995963.16486,245784.870165,1241816.3822194259
Dg3mAgpwDfVNnbGWcsxL8sUcSkEbjSJQhKAWNigG44Ju,EATxwd8YA2wV93VJcKMmH2Kn2Y9XfJVUB9hHVu3udwEy,GiGvrRi7NMHfHKanG2B8xyCEqe8jaafWins8bhrLVEaa,0.12463807899999998,0.12430349400000001,22.565855328622142,181.05105205145327,0.009026342131448857,180.37140637028517,0.200861766,0.257957642,82.89441672271536
daob129AwBGn9Y5r91uLoWZeYiGzbPmksauMhFZKTze,6VW5GQNyj4LStgmxEHLr5zUfW92vQnmbw8jTnCH7a38F,4VPCCUifPeBA1c7HWK358CHn2nyjm8pdTRk6Ps3KmnMQ,30.091726532000003,27.18958651100001,5101.891513459049,169.5446589956751,2.0407566053836197,153.40277263239312,53.328429386,232.608258082,44724.30210199437
