0,1,2,3,4,5,6,7,8,9,10,11
Lee1XZJfJ9Hm2K1qTyeCz1LXNc1YBZaKZszvNY4KCDw,9DgFSWkPDGijNKcLGbr3p5xoJbHsPgXUTr6QvGBJ5vGN,2hNHZg7XBhuhHVZ3JDEi4buq2fPQwuWBdQ9xkH7t1GQX,10931.235971174232,9357.74761897696,2584893.6248961273,236.46855961325096,258.48936248961274,202.8835432231216,7453.531992194,56473.076672394,13219983.866231708
SEQV6QiTpvTzrceiaYg9Avnwf7oc8ZALpnQMz6TyT4A,3dFMPj4r9mMmPHF32mz1gNDX7f8ftidWof7S8YiYTs1j,Fc1ED3YPeQfXQosHbd8DTaBd2AV5gHQtwiSAL5C5pUhi,116.12771538700053,116.21699812399993,115.44231496872231,0.994097873914129,0.046176925987488925,0.9955974679965195,4130.989448896,1473.256121352,5573.3778924376375
NorjjEePhxfwLF4vZjUHCrVVKLzQjEEGQFd3wgjEJmh,34M8pFVqgbV7aqHxvRT5tCv3vu2P1JJYT8J3VaxBK2oG,3AZWBSze3ucsY3xSeuLne3b2pauVqiaJ1SZSV5T9WGWw,199.8302210000047,310.46829100000195,121.13161584414374,0.6061726561576534,0.0484526463376575,1.0,38010.217672,2325.695138,25366.449745366815
BSCNHw8CmxbZ8hCWWzMf5FaG2ajPT6JxfznKUNuRVrn4,7n9kgNL633yGzCYksgnzHyjG73ZLBAwvEae5sbAekbzW,SscdxE99omdG9AiMVwmaEMQySQnCgeAh1sPj2Leutm2,3706.262356008001,3686.2073184390006,3723.1657631320636,1.004560769179403,1.4892663052528254,0.9999171358670336,4160.719092129,7507.920441082,11686.993475292806
CZgvH45CRmoaNJ7395Ao5CQZXkGznvqU7cErD6n7FaRg,4ZjU6MKvtqVQKCiowhvZ5yUsPxXX5SCzd5eFsPeXyey5,BsyWeshjDbCvjDojry3vKDCesmFRM37WtwcR4Kfgzqr,0.018748840000000655,0.018748840000000655,0.018696570372142663,0.997212114037029,7.478628148857067e-06,1.0,597.64445487,507.78884158,1103.7671318634204
Sid7E679i9ABqptiAVhkmQ27YHN8vaYT4fppPwmxFsJ,GP7KB8o1bv527HG8kTzzzf4wJ5aEGHvcMQvVhLziUfmT,9gYxhAZ1M9wu5pxr8SBoa5NDm21gi3s9vMHaYTME77sa,9240.945457,31569.874685999996,94.68025540070234,0.010245732521771592,0.03787210216028094,0.029622965998285657,134831.412199,9010.383264,1648.3608619846796
ALBpShJ9NLpE739pcHDF2LNVk5J4VYPvvKuV6jMPitZi,D6d156U1bPiJpDYRLextvDRccgFk7QzkQbJg42ceKEu5,GNcM8U5g8RwTZffwwm3kSQqUNPSwv5d2fbN9sLxPJqt2,1448.1854420000018,1448.1673579999915,1443.5343742461805,0.9967883479429278,0.5774137496984721,0.9975082244553107,50173.773829,50048.406847,99936.330575839
KZMu9QBEdL97EFgamLbN5DE1AoKBG4HdrKKJo4Vuon3,DD4ACBWyVqdaKWh7v5btsgqQCCMwbKnuL2xd9pv7Gyuw,GcYqiJ1MAuYbNTNYXm1F1gQYTfTgkErACAhNU5dpVj9T,189.36082266999938,186.7747986899999,192.03349881851577,1.0141141980206438,0.07681339952740632,1.0,1092.56155744,1993.64814952,3101.630337131451
daob129AwBGn9Y5r91uLoWZeYiGzbPmksauMhFZKTze,6VW5GQNyj4LStgmxEHLr5zUfW92vQnmbw8jTnCH7a38F,4VPCCUifPeBA1c7HWK358CHn2nyjm8pdTRk6Ps3KmnMQ,44.893163927000245,40.78764119200003,10002.69243231229,222.81103752405244,4.001076972924915,202.8373291272985,51.046462016,220.317153872,56062.25821604162
C98Sspw7XqnMsgxea3SLQVdbMDL8pKUc3RE82UvX9eq2,CSqgQJurPCzGxb4Cgwx5R61hWQUiaoUHcShNc8r1cKEL,6S2CR5EnukPhC914XkAns8m5GixjMAoUuZMsS5ubHuWc,22.960371000000123,22.924406999999974,0.0,0.0,0.0,1.0,922.668364,1090.519863,1090.519863
BkwbeSfcX1h4thMDd7obGkHrPevf3QwgzJ4pCEqG18Lu,35yX27bmurdebhfAb8EPmjLETDiUaEUCn9zHaDPbakH2,2CxECn1ZJFoESyUnQysQU8rRgT3iJ5GRs2Mdd6gZjx5g,0.10257160000000065,0.0603687600000008,298.9989797405645,2915.0269639994167,0.1195995918962258,1721.170395869191,0.78282633,22.82671272,41570.6220287534
SRMuKizofcAMicegrfSv7xs9q76tH1w8aAF7oX9FEWu,72Hj2KWntXPfbie4UgKeTPnm1XVkomDfCnRPKbvfTtPi,6aqJQ5wedqpUt4fFEDUqUmXhrdxCu4bEJsQdVPCADLko,2371.356794999997,2371.929637999995,175.9135833442689,0.07418267201088527,0.07036543333770755,0.07418972211200926,17562.815996,5392.377429,1702.9156015993785
wrmcMSHFi3sWpAEy4rGDvQb3ezh3PhXoV2xNjgLBkKU,8p4mGnARWPBu6P2Gcw4adodLkNDorrXniZMhaY7eJXUn,AyY89zccbsgp9LKFgH4CFZMJmpSgqmPSdTfukhP227rc,0.05479138,0.4976013500000249,23.090082345107756,421.41815637984945,0.009236032938043103,3593.761230503845,48.98372385,0.18824019,21319.120894331336
MATgk4zXLXtYkwBH678J1xZbRDZ45LicNzkRBHkxTuY,y8dALFo1bJrSzPYjMX14HJX448pXqYmrfXHD1K8MXih,GN7Yuet3UyiWS5YVkEHv6oQKi4HGBJc3XDPt9zQhAqZz,47653.986249,47636.27026300001,47683.93175814412,1.0006283946318288,19.07357270325765,1.0,8411.623376,9008.52478,17425.433974974443
KwnjUuZhTMTSGAaavkLEmSyfobY16JNH4poL9oeeEvE,J63v6qEZmQpDqCD8bd4PXu2Pq5ZbyXrFcSa3Xt1HdAPQ,BnKQtTdLw9qPCDgZkWX3sURkBAoKCUYL1yahh6Mw7mRK,694.0797839999994,23620.924105998827,20.534909104862816,0.029585804943805756,0.0020534909104862817,1.0,272516.175846,706.124977,8768.735399611627
ALLwa5WNZbvQsRKAqe1jdRGemdYQnW8E5k4msbRFcYtu,CGoM82Hbz7QVqTgvQatYtjvDWBvoUJp5qm21P8iMs9yb,3dxNNww8TivyN5FMy5dCNdi3Zcxv6e4kUfSPxfFwpdNq,11.928802476000005,11.687285430000003,42971.190475504336,3602.3054755043227,17.188476190201737,3585.038915597429,1.338840624,7.228835869,30738.570815494382
AUSejoEUCh2DBs9mof6BNC8Pubs22w4cJa1ccV9h44R,4xkyD7AfGQDwsQMy9MosRRNGoVJ1zosNinesxg1TzHG7,Cbm5gsQe3nSiCsFrvepVzMCD9xLK3ri9g3ypS2hdmVJ7,15876.674530000002,15889.625738999996,15871.119638126656,0.9996501224571399,1.5871119638126658,1.0,14592.081178,14267.060289,28854.036025492227
NorBXypYWTkV5PMs6Q9JsvNkmRwe7H9Zr1Kz2TcJH2Y,C82XDu1d1UjtuUwnkSTwVuWyH3AqpJ3ftb9W7en8rEUu,F7cZoYpWQSFuYJzW2UUFw6sVbTtaihyD5upeeHRUPABk,0.005873998999999935,0.005876384200000001,0.0,0.0,0.0,3026.359592046727,0.2428742106,0.6627850719,2005.8259598099446
ACUSESXyNnwRLAg1dpSGMLSzUDdLjUMybY8rkXiAKhCP,AhFPQdu8GKBsxuhiH46UmCu1YpaLgNpoP325HnYtsgas,A8wxWpT3aFEr2XqZp1kDmbxbFfcBE95UUmdsNTDBJYbT,0.0,0.03870401000040147,0.0,0.9999171358670336,0.0,0.987105831367183,1027.944778918,1857.687343982,2861.593609266804
JSoLLrxK5bYdHwTEWYaGgmeycBCNXKDiBCTw5hXGBg7,xG4wXczA7Dk4hccJ61CHKpDHW4NrNfQwgmWgkb9BuF2,BVR6WgfhsRr9Lob4QDnkEAiNGgAbv7ZieKcY9kSg3QYR,40.388590267999945,34.97133365400005,9437.803723283925,233.67499733610504,3.7751214893135705,202.65251881881952,18.363533717,166.775509691,38088.57580857504
BUSDTd9WiT6uBHJRgNvFXBsA7JrifsAtWzKfioN7ERcy,DyBxrn7gSc1EwnpWhDyhzvMHPtxpmBqRqotapLcKcfTM,Cds99GeBgoCpqBsoRWu1C6fF9LiUMd4pXQQD24s9LPff,7871.120833410004,7885.852995660001,7814.680010356406,0.9928293791636348,0.7814680010356406,0.9943718552990076,389.35490911,245.18344725,630.3665120165836
SoN9GaFpSXfpyR5dth3x7PHPVhvJMpQqqDJfCSmPv1t,9kZ9iS68ViMPtoeqtnhAKuF2iqVyfHPdZHoUNdwCELr,BBhm5fJLjw3HRzjtKB8uMEYjGhY6EDm9co3cqpjrSzB9,9.225415929000002,9.09458164,2196.357645896449,238.07681548451606,0.8785430583585796,230.0185739998505,3.777871663,5.784395659,2229.9420957703387
B2izdXFYb2sNwbWWHmh75T4aQFtfXsUxem9u2p61HGzf,4DYwgJtxwuJdAjkj5RJSNH4e7U329V5cNp7d3a1nLrZv,EXNW64GEf1ACC6xY9BtKRiunrs6GoJSXBdxWN2eTPmrF,11602.966896999984,11326.808952999996,11837.865665398485,1.0202447158975552,1.1837865665398486,1.0,6529.840128,33563.193146,40225.22803224781
heyk4SZTeCUV6a65WiVA5bzic3KcxgVf1qxobfeV4tQ,9ZDpBKPqMABtGfq66FbVribaArMvtk63xxy91onZAtDt,DaTP4s6N7xxSPinbNZ3FB52EpRDRt87QShTuN3VPCW52,141.08452295699863,123.25570601099912,32479.87522238807,230.21572133952398,12.991950088955228,202.67486229763168,657.220880283,4468.143433037,1056882.934050589
Lid8SLUxQ9RmF7XMqUA8c24RitTwzja8VSKngJxRcUa,4PgzyzLtds9bKZ2to9PMnKqJzKEUpjvNUaeN23phegax,AtymwxoVN9peZo7EXTcDz9jKVc4vRmisJKKrNfe3ewBa,1122.8249821389759,966.6738208809945,264887.3704377305,235.91153977810632,26.488737043773053,201.51921304329076,1034.085399911,7704.718639745,1796601.5159564486
RajgMbScQbqqrdJfR2rxfHJiTiY5b6bJ2tTXiF4aPxy,725ZA3fhyBAKb5iopNRrcbSuQa3LXA1656Q3mBvYPxeg,GLA6i1dSZpUfk2f9Nj8uiG7xyDdAR2reff8oEiZH3617,6192.469587129992,6207.210873510077,6175.930137425459,0.9973291027962564,2.4703720549701838,1.0,136452.99935458,45188.33496026,181276.88238042142
BSC8REUo9LpiiWUuqMuLXs2D2yJsJfGd4HdiF3wCLxk5,AZjEH1zWVx1UJ6udMyRijGTzPteuLnaY18yNNmprJEsh,Caf8ypkSVR8xYnXNhjvfvdGCC7mrM3C11rz8Xi6NA6aK,4908.074253154,4908.962459289,4907.007405952849,0.999782634258138,1.9628029623811396,0.9999171358670336,3281.047808491,3026.282543071,6306.36639389198
MARpDPs5A7XiyCWPNH8GsMWPLxmwNn9SBmKvPa9LzgA,6YjT74rmcfCpw8LSjPNx5JTmZoYLGrTKnf9arfSgZ4SR,F8GSmi3vA8M8TsybLya1LQ4n1aFHCRbZ6k437PeTdXtg,688859.1110750004,710397.3938250002,637951.240068754,0.926098283106393,255.18049602750156,1.0,377154.694912,16355.433996,365637.74941951863
7dwD9TF6uikvHXxPFK9AsSim54yJoujQjY9vU6gNFumk,CquVr6atkvwueDYficKjn6SSEWq4F4rH4VSiBbW4GBWU,8BCa6ge3b7ho3TfZuM64Vk1hgbrJ3J7EPiAb9uP86CGd,1.3219981040000002,1.3292155239999985,311.4372316441413,235.58069463323622,0.12457489265765653,235.75970145277486,2.193844823,1.982003985,984.1041551016792
AURHmCnNwiW4uA2Qj1XvEh4iKgRUZYXtiY7FKAapUV5Y,BKWm4TRnTeKwfWXRyuzjRHU7iZDkPuXBX5b5V5jSVfGJ,A5Ww74HVrkj9nPeC7pHKLfgeDMEhBCpW1efQdz3TGLEg,0.9321466620002639,1.0168249499998865,211.99345334404896,227.42499864682125,0.08479738133761958,201.99139274277243,286.337084549,1818.566718254,432455.0352818696
SUiuyGR7SFq3xeRVJonq84fjjeFwRSsFekcevJ53tzy,49GjCCPsv7fBqo6t3iKDrP1xxGDS8uWZbVCdfnp2gjMf,CEwj5xEbbJEjYqM8D6Ai8ByGz1mrh8mkAVsE5fzDSSSx,36.93850699999996,0.33939699999999995,0.37618114732208596,0.010183983541134633,0.0001504724589288344,0.9294898309165049,621.108205,1.895419,8.087128422809606
vEnkoSUkpnbRrPgBz9DfcVxNz67zjwMYBZraAvDDNSf,DtfyjjsZ5yCjWKLKHvwsfXs5QVsmm1QkK6Sh9JZHoq1g,e5wrKCRv4GhHvEf1VD5Pq2KGaZDXP77nTL612Jyrxwy,60881.72852699997,60885.25018300001,60538.77635892665,0.9943669114466547,6.053877635892665,0.9950516083516673,4255.742484,2623.289063,6842.077511036883
BUSDgu5JdqP1rndBvXvanbEufS94FNh1w5FJcAj6vawb,Bgzr8cWubt89JQFXndVjtdKmDbGzuPxNhvjH1EhWCwbo,Dxaf8xPBBQsasRKW5Aa4Sw2YrbfGofY9xZueyyF23FBW,20418.65960106,20354.555873869987,20436.16337935605,1.0008572442382624,8.17446535174242,1.0,6683.77160764,8130.42775061,14819.92898295051
DFWzVTzNBrQZLjoQ4yQwkj9HuoXmfkuZP9V5vbymZe23,DhgiEgiNdqZdRdo195UUHnoEJUtefK8buko8nU97XJUZ,2K2kkXsouBHtWVjtcgkyiXd8eP3oVBvq1bTJzcVdLLr2,0.018144837998988805,0.018144837998988805,0.015454256540633043,0.851716424334805,6.181702616253218e-06,0.9999171358670336,67394.842246578,8734.089848073,66134.66016215416
GokA1R67GqSavkd15zR62QD68Tuc5AEfvjssntVDEbM8,3YB7hfpBdbQEuZqLGWVDpRPmeZWCUsrrWyqGXegnQ6Cg,4DPCj6Z1DsG6HUtwSogBGqXEUxdEV5a8YVrrFtcnz7UW,55022.23627299996,55029.679036000016,55000.676008004826,0.9996081536037874,5.500067600800483,1.0,23181.862174,10787.137093,33959.91553784962
oKQqupM9E7SSLAFDLxr7mdsXP7znck9qRbVWc6Yyj7Q,CMR2J7CwfW98RpvnJmFBgRFTLAd3x8CJ1SWs8Bt3uunG,FmRb5jHfSNj1YWP3b45d9vvYuhwjp4om8bALmtqZpr1v,0.0766732500001126,0.038445669999873644,0.07653917556089083,0.9982513531222224,3.061567022435634e-05,1.0,3105.51324212,2783.46153207,5883.54432815527
KEVpg4SYCVrqFxKijQH6hm4QxsRdoE51ud64bEEFUC9,2bPenuBYfqzD8p5dFjCcggwkHDsc2RQDnx9AoyYGUBjA,AE6n6iLuX8oYu61vt5hoDYkjswpnxFxrhSehxrnQTnbx,5818.574067667999,5829.598469831,5810.4098491681125,0.9985968695414135,2.324163939667245,0.9999171358670336,5392.435963503,2211.825937984,7596.512329302008
TETFuZgEmET6d9vYmz9iMFCxK1jKdKYxf3oPz8hSzJK,Eu1Ze6Z84LWNkq7SNoAHBJbXx5t1P95EwyqYohrfCRFV,ASMbv7WNu3qe4pkhREmvyEdwFNDZQ6B6iSrjkj4u8bdC,2.002560570000007,2.0020707719999677,1.9855567622484158,0.9915089670663039,0.0007942227048993663,0.9974017683933354,310.137502717,42.29515226,349.68937462604504
Dg3mAgpwDfVNnbGWcsxL8sUcSkEbjSJQhKAWNigG44Ju,EATxwd8YA2wV93VJcKMmH2Kn2Y9XfJVUB9hHVu3udwEy,GiGvrRi7NMHfHKanG2B8xyCEqe8jaafWins8bhrLVEaa,0.23132940400000004,0.232280182,54.322378421281904,234.82695014976088,0.021728951368512762,238.08186016214324,0.222096508,0.236857532,108.54572742452635
DA1mL7dfBow33EH5yjUuZE6SH2KeUK5zEXzsyhE5r5j5,B4UtLRZND3D83CitRCBUyeiNr7H8m7YFRqBmiPmXjhW4,AAmpYbuixWiSqDaJBCqYEs1pb5SrbdPr9mgXrB58Q2e,0.018929794999849037,0.018929794999849037,0.018925563735862353,0.9997764759741605,7.570225494344943e-06,0.9999171358670336,1637.759450222,1468.899120589,3106.1707731732868
BerKDkt6v49dT1bHRedgnpsJS263C1DSJtEGvY9Mg35V,78XKqNb8wbfsMMrvo8WPUpdx7GEkfQutpNVH943aCGFa,DKYQwn4nDvFHCszi5tXbqfVMAP7DaXXp1KGTXEnYnKVH,0.09382506700012527,0.018004332999680628,0.09419582364591206,1.0039515734722182,3.7678329458364826e-05,0.9999171358670336,1340.351451808,2198.734871777,3544.2006245666407
YAkoNb6HKmSxQN9L8hiBE5tPJRsniSSMzND1boHmZxe,CfWX7o2TswwbxusJ4hCaPobu2jLCb1hfXuXJQjVq3jQF,EnTrdMMpdhugeH6Ban6gYZWXughWxKtVGfCwFn78ZmY3,19685632.92374701,19667008.232724015,19685632.92374701,1.0,1968.5632923747012,0.996433763560218,239695.890775,1098535.769607,1334314.0220900236
SERgf3DMJpQxUifu7VoFKmfne73d2fDJxSrxUMrcNJB,AJfM2GZ2tTB8UtN2krcyR9xufRJEx2mhSCbJyMgPo3GU,F4yRYkufQvERZcEKnKjJwRLU1btiMBUuEwq46hfm11QD,0.1227426230000006,0.12196056000000155,24.942917015262044,203.2131659371653,0.009977166806104817,203.93974885635686,26.203928038,31.039376067,11655.145736353625
MATSnbbiTCv7Dc3trJrkrqjx7ckKdr6fwPoVwv9q3sD,631WX9JizSHJm4w6VanZeJAst9T8DeUUnPLesdGkCVtK,211maUSfpnXbPuW1iBu8b4dtJv5EbN1j7JJiEX5TZKEP,16475.680053,16473.082999,16435.56084896767,0.997564943971765,6.574224339587069,0.997044759333336,21941.292947,22956.622004,44776.64433042669
parEAJhzYzHW87y9VoZAQ22dzQ2MD2ekEtTReaxbMcz,3oyc6hpjYSJEquK6dSvG72NXyz3pqLZz5D8AC71pwgQb,Di2vordgFJVZ1aj1aBpvzXtLfZgJsuLLXawGtVFwX6Rz,10.089680087000005,11.712342315999877,2009.029987465566,199.11731295168516,0.8036119949862265,231.1719679022346,1277.428702839,175.299253185,294882.4441272269
KEN5P7p3asnb23Sw6yAmJRGvijfAzso3RqfyLAQhznt,9zj4aX38Uxf3h6AUjS4EipWS8mwbEofasHAf3a1uKGds,CwQDG1MWunn9cLNwcZLd8YBacweSR7ARo32w4mLua1Yr,360831.17799,360884.82578399964,360225.9983128345,0.9983228176663207,36.02259983128345,1.0,1904670.867535,1793851.733884,3695328.1210884964
SoNcU2iwHMw6dGzsYNQkYFkUjwN1UdAjrWVRnStrZu2,8ivTTid27jZnYNc4w3CTA1Z6QS2twsFb8WMwUabeDJgc,CyXm53PMvHCbeXJBykU46Rcbo28xk5srhMZFg7gv6EYB,55.78605491799996,55.12296092900004,13305.387004017886,238.50740160019384,5.322154801607155,234.8279978846694,13.229909231,16.570930556,7046.7497196436
KysFMBBoavfov2tLpvefWW6tPFt6rAeZWDJVy1mMQae,B8ka2V21TH3x64dFV8ETcjuQcwmrciJ2qzy1mJUttRew,7fSf7EYxBANyxzk2s5pymFgshA91tFYQNKKs5UnLWcYS,6027.497814999995,6756.958219000029,131.39546117730845,0.021799337836393484,0.052558184470923384,0.029744925367007763,134714.50191,2454.946361,3009.7091348855174
ercAoEmXjQzEvAFbdjAo81KtMxRGn9AW1ju882upmPH,CMRhskR2Eg6V42RTSdRTXGdozyPbWB8U9dVpijPWb9T4,7TKLLgrWswt6ZJ1pXhVR3FyufHGjJFqiEXxvWJfDcgRm,0.05632448300002579,0.05682361999993191,11.480303836958784,203.82439794349335,0.004592121534783514,197.9666841867182,298.016115355,983.040594361,255352.24217627937
RoBgmK8CvjdHvPrqdDyVw54VwjZv2TqJ493xnqJAQHx,ExiHJxM7qPAcy27NDHAF6G7vnW7muNHi2sVJpnaNynGQ,6rkPHSqZb7StM4HwS9EuVrmfkV7tRdc7dnsFhyB6cefE,3.1239099999999986,121.96674600000006,0.06803800149470114,0.02177975725763584,6.803800149470115e-06,0.9328149369790227,6089.525401,22.452888,153.57277435270458
FrnkTEL6yZ5Aycq2TrEgu29dCrwKG4LPUZydfiwqspkc,DjvZuMZ46fxKBoBpGMPcRcos4xdTtHFxwMh69DpA2ZFY,9rvDPJLAng4uVVqnnSoEXgNDFhBZQTny9AoQioYDZbQX,201.60878520900224,172.4203676340008,48157.859459466454,238.86786188182492,19.26314378378658,203.68071418605624,320.125751524,2507.391970004,587175.1409946475
WiiQFxXqp8P9Fs1rt9SVcDyA3KUdJmUsog6wnVQAwba,3S2jpqSYxho6wiz3cafhjXruVY8cg4HYa2v3BqBHYFSj,Dfe67M6TfrG74gKRtdqys4e6E9QirPD53BkF4FujFjuv,33685.259439885005,33777.370298439,33583.62444405572,0.9969828050156282,3.3583624444055724,0.9999171358670336,21306.2955799,5414.822056833,26656.38369403888
SAMyS8Jr2HJrkFwYVKbpUwsNStnQmvz3f8Tup8bWUWF,6jPzm5TFfquvgm25sTyN3MMGBfufRaFHMxobDWv6hMFW,Cj9ECoDmxsHTDzCY5ZA6RWrPbg9uFzEC1Qc2kso2vJG6,4725.641170839997,136.6246516299999,4792.320949452162,1.014110207737231,1.9169283797808647,0.029958283090796064,627.5641312,113212.62912019,4028.075184095621
BSCrK1Nx9PXU9mF7STWWBqeHLxmtJDr9h7jheEy4tAWX,FfSySSbVJPvEo5a5AvrP3nySoXpRE2QPn1uUMpJJ1x7v,HL7Vcj6838ZmvBHDbQxXfjBNckNi83WvPiZQoMQLFeRM,0.054050522999999906,0.05376418900000002,195.47049165506357,3616.4403377755275,0.07818819666202544,3596.475454055026,0.967850435,1.884024661,10276.021802188432
Cob4usZcpHEY7Qt4ZCwj6WVg9S44zvzYV2v9qYF65dTf,NhFM9UXE48PyNAyeyPYA3iXztqKVJwA4bTdLj4ysM8w,6TuFuynuBoeskxyR2cz4wxyidk8dpDK7kAWw3UkjQGx,199.13371900001323,14232.181977999993,2.0315354459691313,0.010201865641694747,0.0008126141783876525,1.0,69280.784608,203.104843,909.8980991220094
STK75uPSyBnEhGTTzb1nwmP3n427XoXmfRhXxxhyady,6TYyD5fUmDe6N65avW1Ny2RxzRNobw2RRgKwH9CTzSAU,54zDfk4cx2vGrEajPtodWpArNe5eUurytyxd4X3aZAxK,2172.05078079199,2411.3067089369947,443372.4876232136,204.12620715135753,44.337248762321366,227.4221539652531,480.122060547,91.193053185,118744.81577115413
moFiBS1R4Lf3E3zzmBPnw3NF4RhWPkhREFviuzUaCAU,44ALBrpqi9PfZkBRTvbtRNtFJGsatfY4QydjtMbFWq8S,2ho8qEEie1UjVwWNBo9y4oAJZMyMLx8zPj9bxyUz6uWs,622.6592970390011,623.6477922380072,621.7076330007684,0.9984716135408911,0.2486830532003074,0.9999171358670336,39867.392646786,28016.689221077,67820.82750612078
BSCuChvaSj9b5HUSqgDVRzcnr2sSn7cXaamt1jbKH6hn,GnKpRj5kBVPMJfiwZtEuD9GYApLzPdW5JFuZTcyX4BTc,3dmwD9okkomV9nDwyuh4UMhKdUR13QpuKxRo89ycZB5t,995.0687850119998,995.8779314140004,994.0748403954086,0.9990011297394087,0.3976299361581635,0.9983547114355541,1572.895911867,1523.909091233,3092.7266139495696
