0,1,2,3,4,5,6,7,8,9,10,11
AURHmCnNwiW4uA2Qj1XvEh4iKgRUZYXtiY7FKAapUV5Y,BKWm4TRnTeKwfWXRyuzjRHU7iZDkPuXBX5b5V5jSVfGJ,A5Ww74HVrkj9nPeC7pHKLfgeDMEhBCpW1efQdz3TGLEg,0.0050571930003115995,0.004333163000012519,0.84501663072154,167.09202727075558,0.00033800665228861604,149.33256556483624,286.836782983,1818.025277426,319418.518504199
Sid7E679i9ABqptiAVhkmQ27YHN8vaYT4fppPwmxFsJ,GP7KB8o1bv527HG8kTzzzf4wJ5aEGHvcMQvVhLziUfmT,9gYxhAZ1M9wu5pxr8SBoa5NDm21gi3s9vMHaYTME77sa,159952.20932500003,225422.12782700002,1387.757525131621,0.008676076004126307,0.5551030100526484,0.035169090702104826,141806.815834,6969.366095,1475.4329804101549
JSoLLrxK5bYdHwTEWYaGgmeycBCNXKDiBCTw5hXGBg7,xG4wXczA7Dk4hccJ61CHKpDHW4NrNfQwgmWgkb9BuF2,BVR6WgfhsRr9Lob4QDnkEAiNGgAbv7ZieKcY9kSg3QYR,71.55508852100036,61.90249958599999,12276.872518163565,171.57231962001535,4.9107490072654265,149.21184067577445,18.138259228,168.985693605,28326.689600291607
BSCNHw8CmxbZ8hCWWzMf5FaG2ajPT6JxfznKUNuRVrn4,7n9kgNL633yGzCYksgnzHyjG73ZLBAwvEae5sbAekbzW,SscdxE99omdG9AiMVwmaEMQySQnCgeAh1sPj2Leutm2,32.06836657400163,31.59664440100005,32.5158205524592,1.0139531265936175,0.013006328220983684,0.9984354177535759,2612.605951654,9072.983444286,11707.847988703636
YAkoNb6HKmSxQN9L8hiBE5tPJRsniSSMzND1boHmZxe,CfWX7o2TswwbxusJ4hCaPobu2jLCb1hfXuXJQjVq3jQF,EnTrdMMpdhugeH6Ban6gYZWXughWxKtVGfCwFn78ZmY3,11150415.431311008,11153098.279071013,11150415.431311008,1.0,1115.0415431311008,0.9986348661379895,726468.437102,514332.67374,1240098.9778927392
NorjjEePhxfwLF4vZjUHCrVVKLzQjEEGQFd3wgjEJmh,34M8pFVqgbV7aqHxvRT5tCv3vu2P1JJYT8J3VaxBK2oG,3AZWBSze3ucsY3xSeuLne3b2pauVqiaJ1SZSV5T9WGWw,1.5017790000001696,2.3000000000029104,0.9813034830292955,0.6534273571738483,0.0003925213932117182,1.0,37603.320954,2581.78385,27152.822481932213
Cob4usZcpHEY7Qt4ZCwj6WVg9S44zvzYV2v9qYF65dTf,NhFM9UXE48PyNAyeyPYA3iXztqKVJwA4bTdLj4ysM8w,6TuFuynuBoeskxyR2cz4wxyidk8dpDK7kAWw3UkjQGx,1453.2778950000002,64690.73302300004,12.608749472136692,0.008676076004126307,0.005043499788854677,1.0,71432.969559,182.655332,802.4132050943249
SUiuyGR7SFq3xeRVJonq84fjjeFwRSsFekcevJ53tzy,49GjCCPsv7fBqo6t3iKDrP1xxGDS8uWZbVCdfnp2gjMf,CEwj5xEbbJEjYqM8D6Ai8ByGz1mrh8mkAVsE5fzDSSSx,19.577069999999956,52.48521000000004,0.1698521472581006,0.008676076004126307,6.794085890324024e-05,0.8767007995511291,638.241304,1.72372,7.048616764678956
WiiQFxXqp8P9Fs1rt9SVcDyA3KUdJmUsog6wnVQAwba,3S2jpqSYxho6wiz3cafhjXruVY8cg4HYa2v3BqBHYFSj,Dfe67M6TfrG74gKRtdqys4e6E9QirPD53BkF4FujFjuv,109.87815515100192,110.11684944299759,109.35615568039483,0.9952492879964201,0.010935615568039484,0.9984354177535759,21661.545029386,5050.831474468,26601.56630061218
iLiUBQ7Z7im6Ew3b4ewwPcehzWgEQRJ1iQz7g6D62NW,GpugBvKWM3TVhYcZjemSdtehBWgfvuGr6uAm9iPjXT6v,92fMXJ3xy8tEyMUWLHKRLyhPw2nECBo77GtDiBBbYrjX,62.43251993099989,61.433311,60.963949833094304,0.9764774816148917,0.024385579933237724,0.9984354177535759,1865.499763466,1097.88479105,2917.7855709797605
GokA1R67GqSavkd15zR62QD68Tuc5AEfvjssntVDEbM8,3YB7hfpBdbQEuZqLGWVDpRPmeZWCUsrrWyqGXegnQ6Cg,4DPCj6Z1DsG6HUtwSogBGqXEUxdEV5a8YVrrFtcnz7UW,76604.345966,76609.419313,76583.7449386115,0.99973107234154,7.65837449386115,1.0,21308.536024,12510.166926,33812.97249530186
MNkYtBe2HtgL15osfaMmyqNW3vo4J399FXXCS4a39Wf,2mUxDu8NrhSKhQJMgKfYLxJqZzeEbmwhQdHeHMyohyuk,AZCBmDBcFsA2jHHhfFJBTsWCHx9XnnKmGfFsue3ZVW1t,0.01449322000007669,0.01449322000007669,0.014487251107747786,0.9995881596823293,5.794900443099115e-06,1.0,2194.39033408,1941.67408916,4135.160684827719
MATgk4zXLXtYkwBH678J1xZbRDZ45LicNzkRBHkxTuY,y8dALFo1bJrSzPYjMX14HJX448pXqYmrfXHD1K8MXih,GN7Yuet3UyiWS5YVkEHv6oQKi4HGBJc3XDPt9zQhAqZz,224372.950756,224412.53813700005,224520.91003571352,1.0006594345673798,89.80836401428542,1.0,8741.872477,9452.420176,18200.05734589496
heyk4SZTeCUV6a65WiVA5bzic3KcxgVf1qxobfeV4tQ,9ZDpBKPqMABtGfq66FbVribaArMvtk63xxy91onZAtDt,DaTP4s6N7xxSPinbNZ3FB52EpRDRt87QShTuN3VPCW52,140.7579746060029,122.91037762500025,23956.141488614612,170.19384909217752,9.582456595445846,149.17542537745484,648.514452879,4504.420884242,782322.0724132763
C98Sspw7XqnMsgxea3SLQVdbMDL8pKUc3RE82UvX9eq2,CSqgQJurPCzGxb4Cgwx5R61hWQUiaoUHcShNc8r1cKEL,6S2CR5EnukPhC914XkAns8m5GixjMAoUuZMsS5ubHuWc,40.20542699999953,40.16681300000005,0.0,0.0,0.0,1.0,952.921544,1059.985454,1059.985454
7dwD9TF6uikvHXxPFK9AsSim54yJoujQjY9vU6gNFumk,CquVr6atkvwueDYficKjn6SSEWq4F4rH4VSiBbW4GBWU,8BCa6ge3b7ho3TfZuM64Vk1hgbrJ3J7EPiAb9uP86CGd,1.7068083770000002,1.7370406320000003,290.55247376094906,170.23145519806002,0.11622098950437963,175.06530811319163,2.721197259,1.458682769,718.5981176749308
SERgf3DMJpQxUifu7VoFKmfne73d2fDJxSrxUMrcNJB,AJfM2GZ2tTB8UtN2krcyR9xufRJEx2mhSCbJyMgPo3GU,F4yRYkufQvERZcEKnKjJwRLU1btiMBUuEwq46hfm11QD,0.10972716500000601,0.10999999999999943,16.341948735027216,148.93257048084968,0.006536779494010887,148.86153673932498,26.094349003,31.144805989,8522.562153011859
DFWzVTzNBrQZLjoQ4yQwkj9HuoXmfkuZP9V5vbymZe23,DhgiEgiNdqZdRdo195UUHnoEJUtefK8buko8nU97XJUZ,2K2kkXsouBHtWVjtcgkyiXd8eP3oVBvq1bTJzcVdLLr2,103.22725478699977,106.41183357000409,89.77265208027117,0.8696603650412775,0.03590906083210847,0.9984354177535759,66545.312637067,9463.010701959,67320.02592315462
SRMuKizofcAMicegrfSv7xs9q76tH1w8aAF7oX9FEWu,72Hj2KWntXPfbie4UgKeTPnm1XVkomDfCnRPKbvfTtPi,6aqJQ5wedqpUt4fFEDUqUmXhrdxCu4bEJsQdVPCADLko,2870.3396079999993,2881.396022000001,233.69944693875286,0.08141874441874507,0.09347977877550114,0.08113358547488136,18090.832658,4862.917208,1867.478789456528
FrnkTEL6yZ5Aycq2TrEgu29dCrwKG4LPUZydfiwqspkc,DjvZuMZ46fxKBoBpGMPcRcos4xdTtHFxwMh69DpA2ZFY,9rvDPJLAng4uVVqnnSoEXgNDFhBZQTny9AoQioYDZbQX,700.8068067639961,596.6009744969998,123195.6888192905,175.79122752553104,49.278275527716204,148.86153673932498,322.870246503,2570.189493349,439360.11465543235
MARpDPs5A7XiyCWPNH8GsMWPLxmwNn9SBmKvPa9LzgA,6YjT74rmcfCpw8LSjPNx5JTmZoYLGrTKnf9arfSgZ4SR,F8GSmi3vA8M8TsybLya1LQ4n1aFHCRbZ6k437PeTdXtg,154776.668549,161924.6161770004,146236.182990017,0.9448205880185411,58.49447319600681,1.0,373269.779688,19764.874408,372437.8471423674
SoNcU2iwHMw6dGzsYNQkYFkUjwN1UdAjrWVRnStrZu2,8ivTTid27jZnYNc4w3CTA1Z6QS2twsFb8WMwUabeDJgc,CyXm53PMvHCbeXJBykU46Rcbo28xk5srhMZFg7gv6EYB,51.58514873599992,50.97894045800001,9007.074987851776,174.60597107023509,3.6028299951407106,172.88717607642582,11.245416422,13.46134264,4290.810369679257
KwnjUuZhTMTSGAaavkLEmSyfobY16JNH4poL9oeeEvE,J63v6qEZmQpDqCD8bd4PXu2Pq5ZbyXrFcSa3Xt1HdAPQ,BnKQtTdLw9qPCDgZkWX3sURkBAoKCUYL1yahh6Mw7mRK,4071.905724999986,113188.31067499856,143.0161686120987,0.035122662033659734,0.014301616861209872,1.0,270497.314204,771.183089,10271.768836799758
ZUCKWFa4LTL833dPhhpeeRWZcaAEoMeYJPi2iKn4F8N,7eEYpq6ShaJ9opZWMxitRFrdCHh6vfyHhGfoSvFht3N2,H8VggnHmuwd1wvwpT8eg9cUJFEfZ7HAaeYjgXrSm7A2u,2.954010159999825,2.9537703119999605,2.9508007333853614,0.9989135356885624,0.0011803202933541447,0.9984354177535759,1916.072738944,1930.352406397,3841.3232055876283
daob129AwBGn9Y5r91uLoWZeYiGzbPmksauMhFZKTze,6VW5GQNyj4LStgmxEHLr5zUfW92vQnmbw8jTnCH7a38F,4VPCCUifPeBA1c7HWK358CHn2nyjm8pdTRk6Ps3KmnMQ,33.27705093800005,29.99885113200002,5432.219858873839,163.24222567062355,2.172887943549536,148.87135415914557,53.164159828,232.782403696,43333.26743887588
BUSDgu5JdqP1rndBvXvanbEufS94FNh1w5FJcAj6vawb,Bgzr8cWubt89JQFXndVjtdKmDbGzuPxNhvjH1EhWCwbo,Dxaf8xPBBQsasRKW5Aa4Sw2YrbfGofY9xZueyyF23FBW,10611.640019079994,10483.61533811,10744.836014874463,1.0125518765765686,4.2979344059497855,1.0,3608.96642788,11184.89657969,14839.162308741728
RajgMbScQbqqrdJfR2rxfHJiTiY5b6bJ2tTXiF4aPxy,725ZA3fhyBAKb5iopNRrcbSuQa3LXA1656Q3mBvYPxeg,GLA6i1dSZpUfk2f9Nj8uiG7xyDdAR2reff8oEiZH3617,881651.4400288704,881861.3982778703,881071.6860487334,0.9993424226924441,352.4286744194934,1.0,140034.68787569,93029.53662548,232972.14086815226
KZMu9QBEdL97EFgamLbN5DE1AoKBG4HdrKKJo4Vuon3,DD4ACBWyVqdaKWh7v5btsgqQCCMwbKnuL2xd9pv7Gyuw,GcYqiJ1MAuYbNTNYXm1F1gQYTfTgkErACAhNU5dpVj9T,2367.976618120001,2382.017916219999,2339.61762160878,0.9880239541665171,0.9358470486435121,1.0,1964.46541807,1120.35738377,3061.2962739549016
HEDSDjj84KS7LKhZY7ejkCACTdPen62rKhCby1wXtgxc,EnnjMSFttpCTywBrYNt1J5QQeoSVkvzPipJDa8Y7kJow,6bjVT6JN2rSvpyn9PdfLYC8wJn4LWh49jpY47fnLDXZk,23.420327144998737,24.102506617000472,22.709604919510028,0.9696536166600696,0.009083841967804011,0.9984354177535759,38641.52463043,9565.550497476,47019.47851814598
wrmcMSHFi3sWpAEy4rGDvQb3ezh3PhXoV2xNjgLBkKU,8p4mGnARWPBu6P2Gcw4adodLkNDorrXniZMhaY7eJXUn,AyY89zccbsgp9LKFgH4CFZMJmpSgqmPSdTfukhP227rc,0.04022915999999779,0.5490420199999962,10.679362888239393,265.4632333421821,0.004271745155295757,3957.2615749901065,49.54150448,0.1383204,13698.81796785426
7oAd7xG4m3oC2qeWB1szghTebAZyyGPAFDJ4wwwbRSNi,D9yh4KAysxt9GLacVe4Wwh2XqghhcjTCSTV9HuM7TBJd,HDYfJLpZKaMFb84jM4mRytn7XLR8UFZUnQpSfhJJaNEy,244.88065162597923,5.82080256200004,244.49751570595245,0.9984354177535759,0.09779900628238099,0.023815163069463324,985.693131702,300313.078462936,8136.155869215071
BkwbeSfcX1h4thMDd7obGkHrPevf3QwgzJ4pCEqG18Lu,35yX27bmurdebhfAb8EPmjLETDiUaEUCn9zHaDPbakH2,2CxECn1ZJFoESyUnQysQU8rRgT3iJ5GRs2Mdd6gZjx5g,0.0004496500000001902,0.0003972000000000975,0.7718518264216393,1716.5613842351004,0.00030874073056865576,1510.5740181268882,1.8081996,21.48956873,35565.46979263938
BUSDTd9WiT6uBHJRgNvFXBsA7JrifsAtWzKfioN7ERcy,DyBxrn7gSc1EwnpWhDyhzvMHPtxpmBqRqotapLcKcfTM,Cds99GeBgoCpqBsoRWu1C6fF9LiUMd4pXQQD24s9LPff,5213.64135605,5209.359211489999,5211.545949769975,0.9995980915953122,0.5211545949769976,0.9974823545371483,323.74402286,301.00453127,623.8606159937954
ALLwa5WNZbvQsRKAqe1jdRGemdYQnW8E5k4msbRFcYtu,CGoM82Hbz7QVqTgvQatYtjvDWBvoUJp5qm21P8iMs9yb,3dxNNww8TivyN5FMy5dCNdi3Zcxv6e4kUfSPxfFwpdNq,4.256913367000003,4.150947728000001,16872.4271383274,3963.535473642489,6.74897085533096,3760.472917074051,0.4543988,8.109891138,32298.051747848436
KysFMBBoavfov2tLpvefWW6tPFt6rAeZWDJVy1mMQae,B8ka2V21TH3x64dFV8ETcjuQcwmrciJ2qzy1mJUttRew,7fSf7EYxBANyxzk2s5pymFgshA91tFYQNKKs5UnLWcYS,118.79953800000021,173.0523380000377,2.905612072131372,0.024458109190048927,0.0011622448288525489,0.034925211675596056,134979.105724,2262.712962,3380.359435331715
SAMGk1Nd4haC8zQA63DG37pzuEZy8j4q13tSFtCbcRE,9U9TnkHD3jXMAVZtynCVLgDruuqN4pTvLJTmVHCLWS8g,C6zoEbvqSknmi96QWq96UBiPCyNW3YSTvKhavR2BfifE,0.2921455799999999,0.481533000000006,0.6376065439958443,2.18249594601378,0.00025504261759833773,0.0,53.51302994,1.20435105,116.79197090296404
AUSejoEUCh2DBs9mof6BNC8Pubs22w4cJa1ccV9h44R,4xkyD7AfGQDwsQMy9MosRRNGoVJ1zosNinesxg1TzHG7,Cbm5gsQe3nSiCsFrvepVzMCD9xLK3ri9g3ypS2hdmVJ7,315.60528700000214,315.5726310000009,315.6598961620382,1.0001730299341787,0.03156598961620382,1.0,14388.821738,14464.856339,28856.167773878235
vEnkoSUkpnbRrPgBz9DfcVxNz67zjwMYBZraAvDDNSf,DtfyjjsZ5yCjWKLKHvwsfXs5QVsmm1QkK6Sh9JZHoq1g,e5wrKCRv4GhHvEf1VD5Pq2KGaZDXP77nTL612Jyrxwy,8988.435492999997,8985.441638000006,8980.882570757989,0.9991597066866764,0.898088257075799,0.9996821010918527,3027.705916,3834.575457,6858.518204613087
RoBgmK8CvjdHvPrqdDyVw54VwjZv2TqJ493xnqJAQHx,ExiHJxM7qPAcy27NDHAF6G7vnW7muNHi2sVJpnaNynGQ,6rkPHSqZb7StM4HwS9EuVrmfkV7tRdc7dnsFhyB6cefE,59.689946000000205,117.99774400000021,1.4599032168161292,0.024458109190048927,0.00014599032168161294,0.9449321869416042,6040.422503,23.627775,170.0639582357168
BkMBnJpvHKtWhUvrgRrLesXfi9RUV3ELgdBaJcdH7hcY,5uerVwBnZQsuVhZ15igs7ZgmcqhHnYWbwoRtLyRqLvR,9YWiQh5d4jCtgMdzcGLv9bWgnLaFtzvDDh2nnhJdzhBX,3.054714184999966,3.05593636399999,3.0501702213642203,0.9985124750269407,0.001220068088545688,0.9984354177535759,1471.600204339,1400.65693504,2867.8766543507923
BUSD5rCfUDpCxKGMvYU2yThChxgHoioK74PTPociGnv2,CcFHbafgYDZ8yA8Me1PdtDiVb2eeaS61LbqyKKK5CsNZ,26R9s4nmF3CFDTkiePDwRmtscn8i7r2eygbSijditJ58,3.143812500000003,3.1426667200000082,3.141861466866308,0.999379405376849,0.00031418614668663077,1.0,98.87256767,47.26447798,146.07568586612686
Lid8SLUxQ9RmF7XMqUA8c24RitTwzja8VSKngJxRcUa,4PgzyzLtds9bKZ2to9PMnKqJzKEUpjvNUaeN23phegax,AtymwxoVN9peZo7EXTcDz9jKVc4vRmisJKKrNfe3ewBa,1709.6003354100085,1492.934475746003,290694.61740831385,170.03659357530333,29.06946174083139,148.97603556594282,1113.700125092,7612.674327755,1323475.8169386017
SoN9GaFpSXfpyR5dth3x7PHPVhvJMpQqqDJfCSmPv1t,9kZ9iS68ViMPtoeqtnhAKuF2iqVyfHPdZHoUNdwCELr,BBhm5fJLjw3HRzjtKB8uMEYjGhY6EDm9co3cqpjrSzB9,95.91966088900011,94.86472340499995,16799.675230059354,175.14318831360578,6.719870092023741,172.78999863841483,32.127440262,48.043958069,13928.417769168154
KEnkcdADoLR5jS2CLLLesy8TtFsyWL37BhXNfDMzWzP,3qsjFRuw1qeLMPo4DLwaQevenGAGBj9dA3Q6rb8ax2YR,77iEv8zPQAEyCcEbvBRSB6AFcUdfkhiqnAKtPxk76rNN,0.17093599999999998,9.828362999999996,0.001483053727841334,0.008676076004126307,5.932214911365337e-07,0.9987924599159616,120.190377,0.2891,1.331531745978299
STK75uPSyBnEhGTTzb1nwmP3n427XoXmfRhXxxhyady,6TYyD5fUmDe6N65avW1Ny2RxzRNobw2RRgKwH9CTzSAU,54zDfk4cx2vGrEajPtodWpArNe5eUurytyxd4X3aZAxK,538.263613206,599.8761702049983,80311.93713401734,149.2055847053533,8.031193713401734,166.34664344911116,496.319251014,92.804847682,89491.3789557736
BerKDkt6v49dT1bHRedgnpsJS263C1DSJtEGvY9Mg35V,78XKqNb8wbfsMMrvo8WPUpdx7GEkfQutpNVH943aCGFa,DKYQwn4nDvFHCszi5tXbqfVMAP7DaXXp1KGTXEnYnKVH,61.39499117799983,61.41960602599988,61.546217990425774,1.0024631783395408,0.02461848719617031,0.9984354177535759,1340.351451808,2198.55836717,3538.7715182524644
B2izdXFYb2sNwbWWHmh75T4aQFtfXsUxem9u2p61HGzf,4DYwgJtxwuJdAjkj5RJSNH4e7U329V5cNp7d3a1nLrZv,EXNW64GEf1ACC6xY9BtKRiunrs6GoJSXBdxWN2eTPmrF,10919.935034999991,10782.008766000008,11050.183548485995,1.0119275905093335,1.1050183548485997,1.0,9665.736938,30354.660451,40135.6863411674
Lee1XZJfJ9Hm2K1qTyeCz1LXNc1YBZaKZszvNY4KCDw,9DgFSWkPDGijNKcLGbr3p5xoJbHsPgXUTr6QvGBJ5vGN,2hNHZg7XBhuhHVZ3JDEi4buq2fPQwuWBdQ9xkH7t1GQX,6717.606985994312,5725.084401987008,1177222.889298704,175.24438267274672,117.7222889298704,149.405299674909,7362.68554593,56572.496973896,9742500.147052873
ercAoEmXjQzEvAFbdjAo81KtMxRGn9AW1ju882upmPH,CMRhskR2Eg6V42RTSdRTXGdozyPbWB8U9dVpijPWb9T4,7TKLLgrWswt6ZJ1pXhVR3FyufHGjJFqiEXxvWJfDcgRm,3.064568924000014,2.994315424000092,457.7882184439485,149.38095040343313,0.1831152873775794,144.54700054132852,324.258086462,1012.554710186,194799.72737307262
SAMyS8Jr2HJrkFwYVKbpUwsNStnQmvz3f8Tup8bWUWF,6jPzm5TFfquvgm25sTyN3MMGBfufRaFHMxobDWv6hMFW,Cj9ECoDmxsHTDzCY5ZA6RWrPbg9uFzEC1Qc2kso2vJG6,15885.962877009892,605.9885508799907,15695.711857485814,0.9880239541665171,6.278284742994325,0.035264552282046495,700.75332758,110949.14075902,4604.9328485555325
Dg3mAgpwDfVNnbGWcsxL8sUcSkEbjSJQhKAWNigG44Ju,EATxwd8YA2wV93VJcKMmH2Kn2Y9XfJVUB9hHVu3udwEy,GiGvrRi7NMHfHKanG2B8xyCEqe8jaafWins8bhrLVEaa,0.129793348,0.13046144799999995,22.80166506361692,175.67668462960768,0.00912066602544677,174.95158652221963,0.203824342,0.254851722,80.39389774119095
ALBpShJ9NLpE739pcHDF2LNVk5J4VYPvvKuV6jMPitZi,D6d156U1bPiJpDYRLextvDRccgFk7QzkQbJg42ceKEu5,GNcM8U5g8RwTZffwwm3kSQqUNPSwv5d2fbN9sLxPJqt2,2336.9136470000085,2338.1173689999996,2331.1766213349033,0.9975450416524931,0.9324706485339612,0.9983846136950415,51546.59782,48663.401865,100004.84474147079
KEN5P7p3asnb23Sw6yAmJRGvijfAzso3RqfyLAQhznt,9zj4aX38Uxf3h6AUjS4EipWS8mwbEofasHAf3a1uKGds,CwQDG1MWunn9cLNwcZLd8YBacweSR7ARo32w4mLua1Yr,211600.19923100062,211660.4145039993,211229.06975544032,0.9982460816345681,21.12290697554403,1.0,2045837.578465,1890656.362271,3932905.7086344394
SEQV6QiTpvTzrceiaYg9Avnwf7oc8ZALpnQMz6TyT4A,3dFMPj4r9mMmPHF32mz1gNDX7f8ftidWof7S8YiYTs1j,Fc1ED3YPeQfXQosHbd8DTaBd2AV5gHQtwiSAL5C5pUhi,191.66022103099954,191.99922813100034,190.92762809437647,0.9961776474393996,0.07637105123775058,0.9989610804763047,4431.847529207,1171.505124031,5585.19546994108
MATSnbbiTCv7Dc3trJrkrqjx7ckKdr6fwPoVwv9q3sD,631WX9JizSHJm4w6VanZeJAst9T8DeUUnPLesdGkCVtK,211maUSfpnXbPuW1iBu8b4dtJv5EbN1j7JJiEX5TZKEP,188808.72464700002,188288.84390600002,188922.45596549124,1.0006023626222986,75.56898238619651,0.9992715310538618,18548.039218,26074.395375,44614.61285122184
parEAJhzYzHW87y9VoZAQ22dzQ2MD2ekEtTReaxbMcz,3oyc6hpjYSJEquK6dSvG72NXyz3pqLZz5D8AC71pwgQb,Di2vordgFJVZ1aj1aBpvzXtLfZgJsuLLXawGtVFwX6Rz,11.59285738300008,13.440085082000536,1697.633751330583,146.4379052760552,0.6790535005322332,170.75371372251976,1285.280331325,171.868785007,217560.99272466978
