0,1,2,3,4,5,6,7,8,9,10,11
MARpDPs5A7XiyCWPNH8GsMWPLxmwNn9SBmKvPa9LzgA,6YjT74rmcfCpw8LSjPNx5JTmZoYLGrTKnf9arfSgZ4SR,F8GSmi3vA8M8TsybLya1LQ4n1aFHCRbZ6k437PeTdXtg,119756.63031899984,128192.8766740011,110237.00363324714,0.920508562570649,44.094801453298864,1.0,377602.704816,15362.636223,362949.15925596526
parEAJhzYzHW87y9VoZAQ22dzQ2MD2ekEtTReaxbMcz,3oyc6hpjYSJEquK6dSvG72NXyz3pqLZz5D8AC71pwgQb,Di2vordgFJVZ1aj1aBpvzXtLfZgJsuLLXawGtVFwX6Rz,26.575075881999993,31.066886127999624,4347.847749031981,163.60622142106072,1.7391390996127927,172.3216010468882,1285.726263404,167.354107424,239191.54347042448
wrmcMSHFi3sWpAEy4rGDvQb3ezh3PhXoV2xNjgLBkKU,8p4mGnARWPBu6P2Gcw4adodLkNDorrXniZMhaY7eJXUn,AyY89zccbsgp9LKFgH4CFZMJmpSgqmPSdTfukhP227rc,0.08547952000000006,0.741669150000007,29.97178120617113,350.6311360448808,0.011988712482468451,3214.6071750032147,49.0404402,0.18187024,17779.746637890596
CZgvH45CRmoaNJ7395Ao5CQZXkGznvqU7cErD6n7FaRg,4ZjU6MKvtqVQKCiowhvZ5yUsPxXX5SCzd5eFsPeXyey5,BsyWeshjDbCvjDojry3vKDCesmFRM37WtwcR4Kfgzqr,296.8838909,299.78363900000005,305.5080564396715,1.029048950798669,0.12220322257586862,1.0,300.76056397,807.57248058,1117.0698233749445
SUiuyGR7SFq3xeRVJonq84fjjeFwRSsFekcevJ53tzy,49GjCCPsv7fBqo6t3iKDrP1xxGDS8uWZbVCdfnp2gjMf,CEwj5xEbbJEjYqM8D6Ai8ByGz1mrh8mkAVsE5fzDSSSx,0.47568900000000003,56.3406369999999,0.002973388507582044,0.006250698476487882,1.1893554030328178e-06,0.915781106336839,678.689679,1.406509,5.530338910626071
Sid7E679i9ABqptiAVhkmQ27YHN8vaYT4fppPwmxFsJ,GP7KB8o1bv527HG8kTzzzf4wJ5aEGHvcMQvVhLziUfmT,9gYxhAZ1M9wu5pxr8SBoa5NDm21gi3s9vMHaYTME77sa,2245.386298000005,8244.998556000006,14.035232712035397,0.006250698476487882,0.005614093084814159,0.025371890386227915,141694.954113,7012.510799,1063.613089124617
RajgMbScQbqqrdJfR2rxfHJiTiY5b6bJ2tTXiF4aPxy,725ZA3fhyBAKb5iopNRrcbSuQa3LXA1656Q3mBvYPxeg,GLA6i1dSZpUfk2f9Nj8uiG7xyDdAR2reff8oEiZH3617,144937.67833852,145041.62961681004,143512.98617624218,0.9901703119671182,57.40519447049688,1.0,113182.80933137,68493.36276508,180563.62039003748
SERgf3DMJpQxUifu7VoFKmfne73d2fDJxSrxUMrcNJB,AJfM2GZ2tTB8UtN2krcyR9xufRJEx2mhSCbJyMgPo3GU,F4yRYkufQvERZcEKnKjJwRLU1btiMBUuEwq46hfm11QD,0.0009691549999999438,7.252099999988104e-05,0.16083024253436284,165.94893751192757,6.433209701374513e-05,166.39641116220403,26.203928038,31.040039898,9513.465257903934
SAMyS8Jr2HJrkFwYVKbpUwsNStnQmvz3f8Tup8bWUWF,6jPzm5TFfquvgm25sTyN3MMGBfufRaFHMxobDWv6hMFW,Cj9ECoDmxsHTDzCY5ZA6RWrPbg9uFzEC1Qc2kso2vJG6,8037.658099649978,243.12712064000323,8103.616595531481,1.008206183326506,3.2414466382125924,0.02553065530886106,571.22947527,115271.64206654,3518.877649552811
MATSnbbiTCv7Dc3trJrkrqjx7ckKdr6fwPoVwv9q3sD,631WX9JizSHJm4w6VanZeJAst9T8DeUUnPLesdGkCVtK,211maUSfpnXbPuW1iBu8b4dtJv5EbN1j7JJiEX5TZKEP,20652.52235200003,20654.733532999995,20590.48322603997,0.9969960508986424,8.23619329041599,0.9969085864733461,21196.485958,23736.127047,44795.56165583106
heyk4SZTeCUV6a65WiVA5bzic3KcxgVf1qxobfeV4tQ,9ZDpBKPqMABtGfq66FbVribaArMvtk63xxy91onZAtDt,DaTP4s6N7xxSPinbNZ3FB52EpRDRt87QShTuN3VPCW52,294.6486417969945,256.2626715019991,56030.10327860706,190.1590414158786,22.412041311442824,166.79796446436086,624.89242714,4505.404987118,870321.3258718465
BSC8REUo9LpiiWUuqMuLXs2D2yJsJfGd4HdiF3wCLxk5,AZjEH1zWVx1UJ6udMyRijGTzPteuLnaY18yNNmprJEsh,Caf8ypkSVR8xYnXNhjvfvdGCC7mrM3C11rz8Xi6NA6aK,637.9934754540009,638.3780816919989,635.6705762507366,0.9963590549235456,0.2542682305002947,0.9959873740353853,3269.440245603,3038.310539297,6283.655328776465
Lee1XZJfJ9Hm2K1qTyeCz1LXNc1YBZaKZszvNY4KCDw,9DgFSWkPDGijNKcLGbr3p5xoJbHsPgXUTr6QvGBJ5vGN,2hNHZg7XBhuhHVZ3JDEi4buq2fPQwuWBdQ9xkH7t1GQX,10850.651276658027,9251.055505692957,2122198.284869542,195.5825720281717,212.2198284869542,166.91238952277578,7364.131045255,56344.210455324,10844842.493455775
KEVpg4SYCVrqFxKijQH6hm4QxsRdoE51ud64bEEFUC9,2bPenuBYfqzD8p5dFjCcggwkHDsc2RQDnx9AoyYGUBjA,AE6n6iLuX8oYu61vt5hoDYkjswpnxFxrhSehxrnQTnbx,16586.719800621002,16596.140632067996,16525.341855137565,0.9962995730185821,6.610136742055027,0.9947973728865723,4724.96410974,2885.544248786,7578.011563102357
vEnkoSUkpnbRrPgBz9DfcVxNz67zjwMYBZraAvDDNSf,DtfyjjsZ5yCjWKLKHvwsfXs5QVsmm1QkK6Sh9JZHoq1g,e5wrKCRv4GhHvEf1VD5Pq2KGaZDXP77nTL612Jyrxwy,19601.591725999984,19617.546866000008,19091.87679921455,0.9739962481664519,1.909187679921455,0.9907866747118546,1245.393392,694.71747,1901.325303264824
AUSejoEUCh2DBs9mof6BNC8Pubs22w4cJa1ccV9h44R,4xkyD7AfGQDwsQMy9MosRRNGoVJ1zosNinesxg1TzHG7,Cbm5gsQe3nSiCsFrvepVzMCD9xLK3ri9g3ypS2hdmVJ7,14742.140954999997,14748.774059000007,14734.72938611878,0.9994972528818006,1.4734729386118783,1.0,14652.863938,14208.118554,28853.615806881804
oKQqupM9E7SSLAFDLxr7mdsXP7znck9qRbVWc6Yyj7Q,CMR2J7CwfW98RpvnJmFBgRFTLAd3x8CJ1SWs8Bt3uunG,FmRb5jHfSNj1YWP3b45d9vvYuhwjp4om8bALmtqZpr1v,496.93052836000015,500.0,492.33786292008,0.9907579325925554,0.196935145168032,1.0,3605.51324212,2286.55076594,5858.741611637894
C98Sspw7XqnMsgxea3SLQVdbMDL8pKUc3RE82UvX9eq2,CSqgQJurPCzGxb4Cgwx5R61hWQUiaoUHcShNc8r1cKEL,6S2CR5EnukPhC914XkAns8m5GixjMAoUuZMsS5ubHuWc,226.9998370000004,226.82146799999998,0.0,0.0,0.0,1.0,962.238267,1051.06495,1051.06495
KysFMBBoavfov2tLpvefWW6tPFt6rAeZWDJVy1mMQae,B8ka2V21TH3x64dFV8ETcjuQcwmrciJ2qzy1mJUttRew,7fSf7EYxBANyxzk2s5pymFgshA91tFYQNKKs5UnLWcYS,461.6952460000043,569.3519239999646,8.719273846411465,0.018885344655273716,0.003487709538564586,0.025478372365138197,134635.448338,2512.773017,2606.6582112766264
ercAoEmXjQzEvAFbdjAo81KtMxRGn9AW1ju882upmPH,CMRhskR2Eg6V42RTSdRTXGdozyPbWB8U9dVpijPWb9T4,7TKLLgrWswt6ZJ1pXhVR3FyufHGjJFqiEXxvWJfDcgRm,12.285576395999897,11.971339103999753,2056.472830974886,167.38920215778074,0.8225891323899545,161.97243553092136,298.247982908,982.845784893,209117.4174345568
B2izdXFYb2sNwbWWHmh75T4aQFtfXsUxem9u2p61HGzf,4DYwgJtxwuJdAjkj5RJSNH4e7U329V5cNp7d3a1nLrZv,EXNW64GEf1ACC6xY9BtKRiunrs6GoJSXBdxWN2eTPmrF,24928.40386500001,24471.28131700001,24278.138211152505,0.9739146694923179,2.4278138211152505,1.0,9089.482246,30953.66158,39806.04167746938
HEDSDjj84KS7LKhZY7ejkCACTdPen62rKhCby1wXtgxc,EnnjMSFttpCTywBrYNt1J5QQeoSVkvzPipJDa8Y7kJow,6bjVT6JN2rSvpyn9PdfLYC8wJn4LWh49jpY47fnLDXZk,22.378155123005854,23.00895696700354,21.543103271338428,0.9626845087507258,0.00861724130853537,0.9964431642390674,38670.835868181,9537.323964941,46731.215900738665
SoN9GaFpSXfpyR5dth3x7PHPVhvJMpQqqDJfCSmPv1t,9kZ9iS68ViMPtoeqtnhAKuF2iqVyfHPdZHoUNdwCELr,BBhm5fJLjw3HRzjtKB8uMEYjGhY6EDm9co3cqpjrSzB9,1.5366350980000036,1.5108040189999983,301.53335766580983,196.2296436273442,0.12061334306632394,193.49541928619155,3.791659864,5.771878522,1860.868118552178
FrnkTEL6yZ5Aycq2TrEgu29dCrwKG4LPUZydfiwqspkc,DjvZuMZ46fxKBoBpGMPcRcos4xdTtHFxwMh69DpA2ZFY,9rvDPJLAng4uVVqnnSoEXgNDFhBZQTny9AoQioYDZbQX,49.1793135070003,41.64928144299995,9673.257182808486,196.69361959335953,3.8693028731233943,167.13869419552387,317.081777097,2511.033265065,482058.78344879055
daob129AwBGn9Y5r91uLoWZeYiGzbPmksauMhFZKTze,6VW5GQNyj4LStgmxEHLr5zUfW92vQnmbw8jTnCH7a38F,4VPCCUifPeBA1c7HWK358CHn2nyjm8pdTRk6Ps3KmnMQ,52.698382225000195,47.45615411500002,9660.595133843715,183.3186281240473,3.8642380535374867,166.7524330013737,49.797779479,221.744515325,46105.29805286827
KEN5P7p3asnb23Sw6yAmJRGvijfAzso3RqfyLAQhznt,9zj4aX38Uxf3h6AUjS4EipWS8mwbEofasHAf3a1uKGds,CwQDG1MWunn9cLNwcZLd8YBacweSR7ARo32w4mLua1Yr,879016.6092809935,879099.9126229985,876766.8256064871,0.9974405675037852,87.67668256064871,1.0,1996849.416944,1838285.202412,3830023.818068226
BkwbeSfcX1h4thMDd7obGkHrPevf3QwgzJ4pCEqG18Lu,35yX27bmurdebhfAb8EPmjLETDiUaEUCn9zHaDPbakH2,2CxECn1ZJFoESyUnQysQU8rRgT3iJ5GRs2Mdd6gZjx5g,0.0036456600000012163,0.005378010000000599,6.6686056082994325,1829.190217490717,0.002667442243319773,1242.6991425375916,0.94174632,22.57614406,29777.988021069024
GokA1R67GqSavkd15zR62QD68Tuc5AEfvjssntVDEbM8,3YB7hfpBdbQEuZqLGWVDpRPmeZWCUsrrWyqGXegnQ6Cg,4DPCj6Z1DsG6HUtwSogBGqXEUxdEV5a8YVrrFtcnz7UW,51519.55376299999,51538.05657199993,51495.659776863526,0.999536215196149,5.149565977686353,1.0,23413.266075,10565.706709,33968.114066985894
KwnjUuZhTMTSGAaavkLEmSyfobY16JNH4poL9oeeEvE,J63v6qEZmQpDqCD8bd4PXu2Pq5ZbyXrFcSa3Xt1HdAPQ,BnKQtTdLw9qPCDgZkWX3sURkBAoKCUYL1yahh6Mw7mRK,1251.0579300000124,46217.216536999156,30.83805750826852,0.024649583979111354,0.003083805750826852,1.0,274674.517863,646.370708,7416.98330298594
BUSDgu5JdqP1rndBvXvanbEufS94FNh1w5FJcAj6vawb,Bgzr8cWubt89JQFXndVjtdKmDbGzuPxNhvjH1EhWCwbo,Dxaf8xPBBQsasRKW5Aa4Sw2YrbfGofY9xZueyyF23FBW,38766.744866579975,38746.33401495001,38787.35685588676,1.0005316925467362,15.514942742354705,1.0,7349.41428465,7495.74858232,14849.070495768025
MATgk4zXLXtYkwBH678J1xZbRDZ45LicNzkRBHkxTuY,y8dALFo1bJrSzPYjMX14HJX448pXqYmrfXHD1K8MXih,GN7Yuet3UyiWS5YVkEHv6oQKi4HGBJc3XDPt9zQhAqZz,47785.55492099999,47764.52859099999,47818.932535910055,1.000698487544306,19.12757301436402,1.0,8350.11083,9130.364491,17486.30776940833
SQDY9uoDoCbNq7F3HAHYYQZbrUzpKxDtdWLvYcqBLak,GiehZ4X2uQjhEKuxSm3ACmEFrabxh3RTvjbLfLjw1xGX,rxDQYV77NKRKYxCjq4cECX3QQsiSyLv1T1FT2X3zNA2,11.23735779599997,11.219520965000015,11.22062974455789,0.9985113892655412,0.004488251897823156,0.9964431642390674,171.257518625,235.19326052,405.3592995646702
DFWzVTzNBrQZLjoQ4yQwkj9HuoXmfkuZP9V5vbymZe23,DhgiEgiNdqZdRdo195UUHnoEJUtefK8buko8nU97XJUZ,2K2kkXsouBHtWVjtcgkyiXd8eP3oVBvq1bTJzcVdLLr2,2394.8320303790006,2829.9760563659947,1994.6837976498452,0.8329117751670339,0.7978735190599382,0.9964431642390674,68002.072038547,8222.824674238,64833.30397404349
SRMuKizofcAMicegrfSv7xs9q76tH1w8aAF7oX9FEWu,72Hj2KWntXPfbie4UgKeTPnm1XVkomDfCnRPKbvfTtPi,6aqJQ5wedqpUt4fFEDUqUmXhrdxCu4bEJsQdVPCADLko,691.0248910000009,693.5591399999976,42.37053636959517,0.061315499515914126,0.01694821454783807,0.061044206321847885,17129.699048,5824.154568,1405.8469467847235
7dwD9TF6uikvHXxPFK9AsSim54yJoujQjY9vU6gNFumk,CquVr6atkvwueDYficKjn6SSEWq4F4rH4VSiBbW4GBWU,8BCa6ge3b7ho3TfZuM64Vk1hgbrJ3J7EPiAb9uP86CGd,1.6218912250000002,1.649239581,315.5302713431052,194.54465655864507,0.12621210853724207,195.58765974866597,2.242942442,1.935238375,814.8612118817599
JSoLLrxK5bYdHwTEWYaGgmeycBCNXKDiBCTw5hXGBg7,xG4wXczA7Dk4hccJ61CHKpDHW4NrNfQwgmWgkb9BuF2,BVR6WgfhsRr9Lob4QDnkEAiNGgAbv7ZieKcY9kSg3QYR,15.180643376999939,13.038372481999989,2944.45998060772,193.96147498391574,1.177783992243088,166.88475723024038,18.105487394,167.087457441,31396.11681150234
AURHmCnNwiW4uA2Qj1XvEh4iKgRUZYXtiY7FKAapUV5Y,BKWm4TRnTeKwfWXRyuzjRHU7iZDkPuXBX5b5V5jSVfGJ,A5Ww74HVrkj9nPeC7pHKLfgeDMEhBCpW1efQdz3TGLEg,0.03777044699950238,0.033467230000042036,7.058699954886598,186.88420486470798,0.0028234799819546394,166.8736456117738,287.164382029,1816.018966752,356712.19268298784
BSCNHw8CmxbZ8hCWWzMf5FaG2ajPT6JxfznKUNuRVrn4,7n9kgNL633yGzCYksgnzHyjG73ZLBAwvEae5sbAekbzW,SscdxE99omdG9AiMVwmaEMQySQnCgeAh1sPj2Leutm2,87.7719495909987,87.66389785299907,87.60824395027078,0.9981348751908695,0.03504329758010832,0.996378250747064,5273.076894134,6393.03989804,11633.127858163582
SAMGk1Nd4haC8zQA63DG37pzuEZy8j4q13tSFtCbcRE,9U9TnkHD3jXMAVZtynCVLgDruuqN4pTvLJTmVHCLWS8g,C6zoEbvqSknmi96QWq96UBiPCyNW3YSTvKhavR2BfifE,0.06011484,0.10849400000000031,0.11844425135507362,1.970299702287715,4.7377700542029446e-05,0.0,53.570215,1.17314306,105.54937866598887
moFiBS1R4Lf3E3zzmBPnw3NF4RhWPkhREFviuzUaCAU,44ALBrpqi9PfZkBRTvbtRNtFJGsatfY4QydjtMbFWq8S,2ho8qEEie1UjVwWNBo9y4oAJZMyMLx8zPj9bxyUz6uWs,1001.4349117780002,1000.0,996.6180415138668,0.9951900316161524,0.39864721660554675,0.9963028079543286,38865.957735008,28231.316180065,66805.95328953987
STK75uPSyBnEhGTTzb1nwmP3n427XoXmfRhXxxhyady,6TYyD5fUmDe6N65avW1Ny2RxzRNobw2RRgKwH9CTzSAU,54zDfk4cx2vGrEajPtodWpArNe5eUurytyxd4X3aZAxK,861.5399197910002,960.885545981999,143744.70384807518,166.84624884584107,14.374470384807518,185.92302414954162,476.030948798,89.112164853,95991.9813194552
ALLwa5WNZbvQsRKAqe1jdRGemdYQnW8E5k4msbRFcYtu,CGoM82Hbz7QVqTgvQatYtjvDWBvoUJp5qm21P8iMs9yb,3dxNNww8TivyN5FMy5dCNdi3Zcxv6e4kUfSPxfFwpdNq,13.390244956999998,13.289122198000001,42902.32596520457,3203.99859024062,17.16093038608183,3036.126873669797,0.449282836,8.14312641,26163.066502254565
Cob4usZcpHEY7Qt4ZCwj6WVg9S44zvzYV2v9qYF65dTf,NhFM9UXE48PyNAyeyPYA3iXztqKVJwA4bTdLj4ysM8w,6TuFuynuBoeskxyR2cz4wxyidk8dpDK7kAWw3UkjQGx,217.965360000002,16013.195323999986,1.3754901569837163,0.006310590623132518,0.0005501960627934865,1.0,76001.065702,149.2357,628.8473125671196
BSCuChvaSj9b5HUSqgDVRzcnr2sSn7cXaamt1jbKH6hn,GnKpRj5kBVPMJfiwZtEuD9GYApLzPdW5JFuZTcyX4BTc,3dmwD9okkomV9nDwyuh4UMhKdUR13QpuKxRo89ycZB5t,339.03792627899975,339.3424339210003,338.7527523557204,0.9991588730900723,0.13550110094228818,0.9954626810995482,1652.286846416,1444.8474531,3089.188782929339
Lid8SLUxQ9RmF7XMqUA8c24RitTwzja8VSKngJxRcUa,4PgzyzLtds9bKZ2to9PMnKqJzKEUpjvNUaeN23phegax,AtymwxoVN9peZo7EXTcDz9jKVc4vRmisJKKrNfe3ewBa,2398.903289199021,2062.446139819009,466922.0903924855,194.63981415790542,46.69220903924855,166.91038364518593,1023.717875992,7668.482556182,1479205.622561962
WiiQFxXqp8P9Fs1rt9SVcDyA3KUdJmUsog6wnVQAwba,3S2jpqSYxho6wiz3cafhjXruVY8cg4HYa2v3BqBHYFSj,Dfe67M6TfrG74gKRtdqys4e6E9QirPD53BkF4FujFjuv,54833.331022262995,54835.13137178399,54471.88609042316,0.9934082988375613,5.447188609042316,0.9958248896303624,21567.937536702,5159.89850718,26564.12349918631
RoBgmK8CvjdHvPrqdDyVw54VwjZv2TqJ493xnqJAQHx,ExiHJxM7qPAcy27NDHAF6G7vnW7muNHi2sVJpnaNynGQ,6rkPHSqZb7StM4HwS9EuVrmfkV7tRdc7dnsFhyB6cefE,1.6955930000000023,79.0535719999998,0.032029741161749774,0.018889993743634072,3.2029741161749773e-06,0.9116368622188513,6168.578973,20.757295,135.44753348903373
BUSDTd9WiT6uBHJRgNvFXBsA7JrifsAtWzKfioN7ERcy,DyBxrn7gSc1EwnpWhDyhzvMHPtxpmBqRqotapLcKcfTM,Cds99GeBgoCpqBsoRWu1C6fF9LiUMd4pXQQD24s9LPff,12479.82525750001,12488.55783903001,12489.725238210076,1.0007932787924347,1.2489725238210077,0.9962650025056065,284.60145797,351.75378876,635.2672155112416
KZMu9QBEdL97EFgamLbN5DE1AoKBG4HdrKKJo4Vuon3,DD4ACBWyVqdaKWh7v5btsgqQCCMwbKnuL2xd9pv7Gyuw,GcYqiJ1MAuYbNTNYXm1F1gQYTfTgkErACAhNU5dpVj9T,364.02643011999976,360.89413392999927,367.01369774125794,1.008206183326506,0.14680547909650318,1.0,1257.1089078,1827.6519969,3095.0769708587904
ZUCKWFa4LTL833dPhhpeeRWZcaAEoMeYJPi2iKn4F8N,7eEYpq6ShaJ9opZWMxitRFrdCHh6vfyHhGfoSvFht3N2,H8VggnHmuwd1wvwpT8eg9cUJFEfZ7HAaeYjgXrSm7A2u,30.25640777300009,30.20878097700006,30.23679790937355,0.9993518773354172,0.012094719163749422,0.9964431642390674,1686.951690256,2160.02530706,3838.2007904348184
ACUSESXyNnwRLAg1dpSGMLSzUDdLjUMybY8rkXiAKhCP,AhFPQdu8GKBsxuhiH46UmCu1YpaLgNpoP325HnYtsgas,A8wxWpT3aFEr2XqZp1kDmbxbFfcBE95UUmdsNTDBJYbT,11.893603947999964,11.74393299999997,11.851300352151348,0.9964431642390674,0.00474052014086054,0.9841713177955234,1039.688711918,1845.793740034,2852.5679674352014
SoNcU2iwHMw6dGzsYNQkYFkUjwN1UdAjrWVRnStrZu2,8ivTTid27jZnYNc4w3CTA1Z6QS2twsFb8WMwUabeDJgc,CyXm53PMvHCbeXJBykU46Rcbo28xk5srhMZFg7gv6EYB,21.82895187800001,21.650395148999998,4264.855740726523,195.37611171449765,1.7059422962906095,191.1323752249628,14.181889852,17.520678925,6119.57147453625
ALBpShJ9NLpE739pcHDF2LNVk5J4VYPvvKuV6jMPitZi,D6d156U1bPiJpDYRLextvDRccgFk7QzkQbJg42ceKEu5,GNcM8U5g8RwTZffwwm3kSQqUNPSwv5d2fbN9sLxPJqt2,273.7330109999966,273.84258099999715,272.3399919412173,0.994911030081135,0.10893599677648692,0.9970934725275821,51243.822217,48982.406484,99823.08172109914
YAkoNb6HKmSxQN9L8hiBE5tPJRsniSSMzND1boHmZxe,CfWX7o2TswwbxusJ4hCaPobu2jLCb1hfXuXJQjVq3jQF,EnTrdMMpdhugeH6Ban6gYZWXughWxKtVGfCwFn78ZmY3,33257570.09315305,33246600.232439835,33257570.09315305,1.0,3325.757009315305,0.9937503043360307,341766.463603,1050141.130205,1385344.531340002
