0,1,2,3,4,5,6,7,8,9,10,11
SoNcU2iwHMw6dGzsYNQkYFkUjwN1UdAjrWVRnStrZu2,8ivTTid27jZnYNc4w3CTA1Z6QS2twsFb8WMwUabeDJgc,CyXm53PMvHCbeXJBykU46Rcbo28xk5srhMZFg7gv6EYB,36.13493788700002,36.03205945000002,6933.748269102431,191.8848813518213,2.7734993076409724,192.49696865398613,14.481906224,11.721665657,5035.243964088477
DA1mL7dfBow33EH5yjUuZE6SH2KeUK5zEXzsyhE5r5j5,B4UtLRZND3D83CitRCBUyeiNr7H8m7YFRqBmiPmXjhW4,AAmpYbuixWiSqDaJBCqYEs1pb5SrbdPr9mgXrB58Q2e,0.016861324000046807,0.016861324000046807,0.016816379384174483,0.9973344551191711,6.726551753669794e-06,0.9974751659231362,1637.759450222,1468.781348362,3098.4668480656255
ZUCKWFa4LTL833dPhhpeeRWZcaAEoMeYJPi2iKn4F8N,7eEYpq6ShaJ9opZWMxitRFrdCHh6vfyHhGfoSvFht3N2,H8VggnHmuwd1wvwpT8eg9cUJFEfZ7HAaeYjgXrSm7A2u,167.9141169520001,167.68841617099997,167.86510437028647,0.9997081092251009,0.06714604174811459,0.99510820132893,1748.416403725,2098.266523349,3835.908283064601
iLiUBQ7Z7im6Ew3b4ewwPcehzWgEQRJ1iQz7g6D62NW,GpugBvKWM3TVhYcZjemSdtehBWgfvuGr6uAm9iPjXT6v,92fMXJ3xy8tEyMUWLHKRLyhPw2nECBo77GtDiBBbYrjX,0.016618512999912127,0.016618512999912127,0.016212009981357668,0.9755391460982936,6.484803992543068e-06,0.9974751659231362,1865.499763466,1097.901409563,2914.997436969289
TETFuZgEmET6d9vYmz9iMFCxK1jKdKYxf3oPz8hSzJK,Eu1Ze6Z84LWNkq7SNoAHBJbXx5t1P95EwyqYohrfCRFV,ASMbv7WNu3qe4pkhREmvyEdwFNDZQ6B6iSrjkj4u8bdC,10.263472235999998,10.32905062399999,10.03777068360519,0.9780092402254336,0.004015108273442076,0.9944114078876714,307.119306966,45.269108121,345.3816376048022
CZgvH45CRmoaNJ7395Ao5CQZXkGznvqU7cErD6n7FaRg,4ZjU6MKvtqVQKCiowhvZ5yUsPxXX5SCzd5eFsPeXyey5,BsyWeshjDbCvjDojry3vKDCesmFRM37WtwcR4Kfgzqr,8.970347960000026,9.0,8.94533296254358,0.9972113682135864,0.0035781331850174318,1.0,597.64445487,507.77009274,1103.7479372861758
Cob4usZcpHEY7Qt4ZCwj6WVg9S44zvzYV2v9qYF65dTf,NhFM9UXE48PyNAyeyPYA3iXztqKVJwA4bTdLj4ysM8w,6TuFuynuBoeskxyR2cz4wxyidk8dpDK7kAWw3UkjQGx,616.6846840000057,19989.83455300003,6.793888732640197,0.011016794982766483,0.002717555493056079,1.0,68363.145109,212.669012,965.8117660429682
RajgMbScQbqqrdJfR2rxfHJiTiY5b6bJ2tTXiF4aPxy,725ZA3fhyBAKb5iopNRrcbSuQa3LXA1656Q3mBvYPxeg,GLA6i1dSZpUfk2f9Nj8uiG7xyDdAR2reff8oEiZH3617,72742.59812042002,72666.37598096002,72534.45325336418,0.9971386110417547,29.013781301345674,1.0,91385.23390837,141924.31159964,233048.05680875794
MATgk4zXLXtYkwBH678J1xZbRDZ45LicNzkRBHkxTuY,y8dALFo1bJrSzPYjMX14HJX448pXqYmrfXHD1K8MXih,GN7Yuet3UyiWS5YVkEHv6oQKi4HGBJc3XDPt9zQhAqZz,139805.02254899996,139792.69879,139919.3366470406,1.0008176680347844,55.96773465881624,1.0,8599.719025,9744.394538,18351.14527835487
ercAoEmXjQzEvAFbdjAo81KtMxRGn9AW1ju882upmPH,CMRhskR2Eg6V42RTSdRTXGdozyPbWB8U9dVpijPWb9T4,7TKLLgrWswt6ZJ1pXhVR3FyufHGjJFqiEXxvWJfDcgRm,16.287842103999992,15.881736276999959,2639.828919016206,162.0735823788415,1.0559315676064824,152.46035954421671,287.635685099,1012.968841837,201055.7397375451
STK75uPSyBnEhGTTzb1nwmP3n427XoXmfRhXxxhyady,6TYyD5fUmDe6N65avW1Ny2RxzRNobw2RRgKwH9CTzSAU,54zDfk4cx2vGrEajPtodWpArNe5eUurytyxd4X3aZAxK,1011.0816189520001,1127.4957208470018,164659.90279368332,162.85520348431965,16.46599027936833,181.37654641643476,475.608141941,88.528795709,93512.30795870523
BUSDgu5JdqP1rndBvXvanbEufS94FNh1w5FJcAj6vawb,Bgzr8cWubt89JQFXndVjtdKmDbGzuPxNhvjH1EhWCwbo,Dxaf8xPBBQsasRKW5Aa4Sw2YrbfGofY9xZueyyF23FBW,6101.381548090005,5957.798871480004,6254.469829405836,1.0250907569227095,2.501787931762334,1.0,2640.51357491,12178.97178274,14885.737841909182
SAMyS8Jr2HJrkFwYVKbpUwsNStnQmvz3f8Tup8bWUWF,6jPzm5TFfquvgm25sTyN3MMGBfufRaFHMxobDWv6hMFW,Cj9ECoDmxsHTDzCY5ZA6RWrPbg9uFzEC1Qc2kso2vJG6,7187.295103319953,271.23064791,7086.573073303248,0.9859861006722571,2.8346292293212993,0.03275934591379575,677.3229334,111630.72761914,4324.780618683081
KZMu9QBEdL97EFgamLbN5DE1AoKBG4HdrKKJo4Vuon3,DD4ACBWyVqdaKWh7v5btsgqQCCMwbKnuL2xd9pv7Gyuw,GcYqiJ1MAuYbNTNYXm1F1gQYTfTgkErACAhNU5dpVj9T,306.3409323900007,310.6218639499998,302.04790140352037,0.9859861006722571,0.12081916056140815,1.0,2015.73738471,1070.01319692,3057.502240849506
SAMGk1Nd4haC8zQA63DG37pzuEZy8j4q13tSFtCbcRE,9U9TnkHD3jXMAVZtynCVLgDruuqN4pTvLJTmVHCLWS8g,C6zoEbvqSknmi96QWq96UBiPCyNW3YSTvKhavR2BfifE,0.1381149599999998,0.22955499999999773,0.2631287400337206,1.9051429333485745,0.00010525149601348826,0.0,53.41309,1.26105349,101.7595709618114
KysFMBBoavfov2tLpvefWW6tPFt6rAeZWDJVy1mMQae,B8ka2V21TH3x64dFV8ETcjuQcwmrciJ2qzy1mJUttRew,7fSf7EYxBANyxzk2s5pymFgshA91tFYQNKKs5UnLWcYS,221.20183299999962,315.157864000008,4.983784988860356,0.022530486846645454,0.0019935139955441425,0.032792108329910384,134974.449735,2266.113624,3115.3507078337193
MNkYtBe2HtgL15osfaMmyqNW3vo4J399FXXCS4a39Wf,2mUxDu8NrhSKhQJMgKfYLxJqZzeEbmwhQdHeHMyohyuk,AZCBmDBcFsA2jHHhfFJBTsWCHx9XnnKmGfFsue3ZVW1t,0.08201041999973313,0.016263380000054894,0.08197665791317159,0.999588319550593,3.279066316526863e-05,1.0,2194.39033408,1941.72322606,4135.210172541091
heyk4SZTeCUV6a65WiVA5bzic3KcxgVf1qxobfeV4tQ,9ZDpBKPqMABtGfq66FbVribaArMvtk63xxy91onZAtDt,DaTP4s6N7xxSPinbNZ3FB52EpRDRt87QShTuN3VPCW52,153.53036021900334,134.36006384300003,28389.40044363828,184.9106613385276,11.355760177455311,162.73885588725713,646.021274352,4507.373258608,852980.9882418704
Lid8SLUxQ9RmF7XMqUA8c24RitTwzja8VSKngJxRcUa,4PgzyzLtds9bKZ2to9PMnKqJzKEUpjvNUaeN23phegax,AtymwxoVN9peZo7EXTcDz9jKVc4vRmisJKKrNfe3ewBa,1674.1825285650211,1491.9357298180046,302676.90314744617,180.79086239591643,30.267690314744616,163.38288845262025,1200.151149766,7515.178453309,1444827.9243101652
B2izdXFYb2sNwbWWHmh75T4aQFtfXsUxem9u2p61HGzf,4DYwgJtxwuJdAjkj5RJSNH4e7U329V5cNp7d3a1nLrZv,EXNW64GEf1ACC6xY9BtKRiunrs6GoJSXBdxWN2eTPmrF,17745.49023400003,17446.839074999996,14233.513189598496,0.8020918555592986,1.4233513189598497,1.0,8669.314937,31367.998158,38321.585062246275
KEVpg4SYCVrqFxKijQH6hm4QxsRdoE51ud64bEEFUC9,2bPenuBYfqzD8p5dFjCcggwkHDsc2RQDnx9AoyYGUBjA,AE6n6iLuX8oYu61vt5hoDYkjswpnxFxrhSehxrnQTnbx,1264.8593626770007,1266.6691156039997,1260.9161978030745,0.996882527030056,0.5043664791212299,0.9975248157390614,5206.438676293,2390.185237715,7574.476833283865
WiiQFxXqp8P9Fs1rt9SVcDyA3KUdJmUsog6wnVQAwba,3S2jpqSYxho6wiz3cafhjXruVY8cg4HYa2v3BqBHYFSj,Dfe67M6TfrG74gKRtdqys4e6E9QirPD53BkF4FujFjuv,5155.547157465998,5177.443347960016,5126.190255307153,0.9943057640125876,0.5126190255307154,0.9974751659231362,21654.383703756,5059.069826934,26577.375047822563
SoN9GaFpSXfpyR5dth3x7PHPVhvJMpQqqDJfCSmPv1t,9kZ9iS68ViMPtoeqtnhAKuF2iqVyfHPdZHoUNdwCELr,BBhm5fJLjw3HRzjtKB8uMEYjGhY6EDm9co3cqpjrSzB9,66.22271780999996,65.4592512559999,12297.978031312308,185.7063321773733,4.9191912125249235,191.0426957499878,38.558082751,41.593189649,15106.555198865302
wrmcMSHFi3sWpAEy4rGDvQb3ezh3PhXoV2xNjgLBkKU,8p4mGnARWPBu6P2Gcw4adodLkNDorrXniZMhaY7eJXUn,AyY89zccbsgp9LKFgH4CFZMJmpSgqmPSdTfukhP227rc,0.022323559999999965,0.3077428799999993,6.0220016185594725,269.75991367682764,0.0024088006474237895,3781.2901762081224,49.48214838,0.14246926,13887.017688782416
AUSejoEUCh2DBs9mof6BNC8Pubs22w4cJa1ccV9h44R,4xkyD7AfGQDwsQMy9MosRRNGoVJ1zosNinesxg1TzHG7,Cbm5gsQe3nSiCsFrvepVzMCD9xLK3ri9g3ypS2hdmVJ7,2571.6147040000014,2571.7758780000077,2571.7150008850363,1.0000390015210594,0.25717150008850365,1.0,14409.673683,14445.294511,28855.530193191607
moFiBS1R4Lf3E3zzmBPnw3NF4RhWPkhREFviuzUaCAU,44ALBrpqi9PfZkBRTvbtRNtFJGsatfY4QydjtMbFWq8S,2ho8qEEie1UjVwWNBo9y4oAJZMyMLx8zPj9bxyUz6uWs,40.4475220380009,40.515698823001,40.276706431635596,0.99577685856244,0.01611068257265424,0.9974751659231362,40861.612039245,27484.401473285,68104.05559209961
Lee1XZJfJ9Hm2K1qTyeCz1LXNc1YBZaKZszvNY4KCDw,9DgFSWkPDGijNKcLGbr3p5xoJbHsPgXUTr6QvGBJ5vGN,2hNHZg7XBhuhHVZ3JDEi4buq2fPQwuWBdQ9xkH7t1GQX,8834.680646346867,7525.022220384971,1691717.3028334882,191.48595977071471,169.1717302833488,163.17526001977683,7333.880711563,56594.353797347,10639133.583430912
ACUSESXyNnwRLAg1dpSGMLSzUDdLjUMybY8rkXiAKhCP,AhFPQdu8GKBsxuhiH46UmCu1YpaLgNpoP325HnYtsgas,A8wxWpT3aFEr2XqZp1kDmbxbFfcBE95UUmdsNTDBJYbT,1408.3201216680002,1405.6080609699995,1404.76434703368,0.9974751659231362,0.5619057388134719,0.9846910748187855,1027.793993161,1857.687343982,2854.4471312859614
daob129AwBGn9Y5r91uLoWZeYiGzbPmksauMhFZKTze,6VW5GQNyj4LStgmxEHLr5zUfW92vQnmbw8jTnCH7a38F,4VPCCUifPeBA1c7HWK358CHn2nyjm8pdTRk6Ps3KmnMQ,167.0689909099995,151.90814347400004,29811.677088712448,178.43931974648768,11.92467083548498,162.0830656261366,49.786577445,221.581748967,44798.53217116401
KEN5P7p3asnb23Sw6yAmJRGvijfAzso3RqfyLAQhznt,9zj4aX38Uxf3h6AUjS4EipWS8mwbEofasHAf3a1uKGds,CwQDG1MWunn9cLNwcZLd8YBacweSR7ARo32w4mLua1Yr,310643.9977959988,310679.4728310001,302612.65785648767,0.97414616088998,30.261265785648767,1.0,2062948.537964,2018355.284611,4027968.6829822278
BkMBnJpvHKtWhUvrgRrLesXfi9RUV3ELgdBaJcdH7hcY,5uerVwBnZQsuVhZ15igs7ZgmcqhHnYWbwoRtLyRqLvR,9YWiQh5d4jCtgMdzcGLv9bWgnLaFtzvDDh2nnhJdzhBX,0.016263038000033703,0.016263038000033703,0.016223229828039174,0.9975522302785959,6.48929193121567e-06,0.9974751659231362,1471.600204339,1400.673198078,2865.1347965737496
parEAJhzYzHW87y9VoZAQ22dzQ2MD2ekEtTReaxbMcz,3oyc6hpjYSJEquK6dSvG72NXyz3pqLZz5D8AC71pwgQb,Di2vordgFJVZ1aj1aBpvzXtLfZgJsuLLXawGtVFwX6Rz,8.576255670000165,9.921103753999887,1369.5094376923184,159.6861719599705,0.5478037750769273,184.48479208840658,1281.471899908,171.799436182,236327.72543552076
SERgf3DMJpQxUifu7VoFKmfne73d2fDJxSrxUMrcNJB,AJfM2GZ2tTB8UtN2krcyR9xufRJEx2mhSCbJyMgPo3GU,F4yRYkufQvERZcEKnKjJwRLU1btiMBUuEwq46hfm11QD,1.218017311999997,1.2134697180000025,199.24645864083408,163.58261633709404,0.07969858345633364,163.20833642069104,26.082027007,31.159186003,9352.005128952318
ionytDfEj1mXodptgrsKEZro7DGsfpzANUfarJdm6Qb,3gkSjY95an9xNFSjCfsay6JZez7uv7yfW3Ad4ubc4fMK,9wXqANaSuEqkKL9yHzCPEDGHwbkStVAqV5rB3QDs3Jr6,0.0030684100000000075,0.011981259000000133,2.917829569411394,950.9255834166186,0.0011671318277645577,3792.0442910773195,3.167492611,0.080182596,3316.1057144885626
Sid7E679i9ABqptiAVhkmQ27YHN8vaYT4fppPwmxFsJ,GP7KB8o1bv527HG8kTzzzf4wJ5aEGHvcMQvVhLziUfmT,9gYxhAZ1M9wu5pxr8SBoa5NDm21gi3s9vMHaYTME77sa,13132.534493000006,39125.05022100004,144.48903429306338,0.011002372342526868,0.05779561371722535,0.03207610299213266,135129.61622,8898.337846,1772.1703533622858
BSCuChvaSj9b5HUSqgDVRzcnr2sSn7cXaamt1jbKH6hn,GnKpRj5kBVPMJfiwZtEuD9GYApLzPdW5JFuZTcyX4BTc,3dmwD9okkomV9nDwyuh4UMhKdUR13QpuKxRo89ycZB5t,465.04550351199987,465.1529319220001,464.90602194239074,0.9997000689856029,0.1859624087769563,0.9943095663517689,1423.925325076,1671.929857514,3085.9140973041444
MATSnbbiTCv7Dc3trJrkrqjx7ckKdr6fwPoVwv9q3sD,631WX9JizSHJm4w6VanZeJAst9T8DeUUnPLesdGkCVtK,211maUSfpnXbPuW1iBu8b4dtJv5EbN1j7JJiEX5TZKEP,93658.79125499999,93764.28168099998,92814.45812939687,0.9909850093697633,37.12578325175875,0.9946062503045983,20485.346078,24363.382417,44532.643305559024
KwnjUuZhTMTSGAaavkLEmSyfobY16JNH4poL9oeeEvE,J63v6qEZmQpDqCD8bd4PXu2Pq5ZbyXrFcSa3Xt1HdAPQ,BnKQtTdLw9qPCDgZkWX3sURkBAoKCUYL1yahh6Mw7mRK,1419.2742650000505,40809.216709999135,46.006668835057816,0.03241562957181936,0.004600666883505782,1.0,271222.575639,746.674276,9538.52481942858
BerKDkt6v49dT1bHRedgnpsJS263C1DSJtEGvY9Mg35V,78XKqNb8wbfsMMrvo8WPUpdx7GEkfQutpNVH943aCGFa,DKYQwn4nDvFHCszi5tXbqfVMAP7DaXXp1KGTXEnYnKVH,0.16890618199977325,0.03463568400002259,0.1691594507434559,1.0014994640260295,6.766378029738236e-05,0.9974223434841317,1340.351451808,2198.660138103,3535.3540080640614
SRMuKizofcAMicegrfSv7xs9q76tH1w8aAF7oX9FEWu,72Hj2KWntXPfbie4UgKeTPnm1XVkomDfCnRPKbvfTtPi,6aqJQ5wedqpUt4fFEDUqUmXhrdxCu4bEJsQdVPCADLko,396.60350299999936,397.2759840000017,29.763058801934097,0.07504487120461502,0.01190522352077364,0.07482276171262418,17693.037092,5259.001129,1721.2646781092049
BUSDTd9WiT6uBHJRgNvFXBsA7JrifsAtWzKfioN7ERcy,DyBxrn7gSc1EwnpWhDyhzvMHPtxpmBqRqotapLcKcfTM,Cds99GeBgoCpqBsoRWu1C6fF9LiUMd4pXQQD24s9LPff,7748.157633450002,7777.7023174900005,7651.81976871611,0.9875663519908285,0.765181976871611,0.9902343092422529,310.50360823,315.67629126,619.2364098796929
SQDY9uoDoCbNq7F3HAHYYQZbrUzpKxDtdWLvYcqBLak,GiehZ4X2uQjhEKuxSm3ACmEFrabxh3RTvjbLfLjw1xGX,rxDQYV77NKRKYxCjq4cECX3QQsiSyLv1T1FT2X3zNA2,0.016524559000004047,0.016524559000004047,0.01651688981165914,0.9995358914967167,6.606755924663655e-06,0.9974751659231362,171.365745094,234.940155231,405.6331831155795
YAkoNb6HKmSxQN9L8hiBE5tPJRsniSSMzND1boHmZxe,CfWX7o2TswwbxusJ4hCaPobu2jLCb1hfXuXJQjVq3jQF,EnTrdMMpdhugeH6Ban6gYZWXughWxKtVGfCwFn78ZmY3,17214899.3124469,17219638.541663896,17214899.3124469,1.0,1721.48993124469,0.9914792275187043,335432.764052,908453.521348,1236145.559634762
BSCNHw8CmxbZ8hCWWzMf5FaG2ajPT6JxfznKUNuRVrn4,7n9kgNL633yGzCYksgnzHyjG73ZLBAwvEae5sbAekbzW,SscdxE99omdG9AiMVwmaEMQySQnCgeAh1sPj2Leutm2,69.45349253800032,68.81157458899952,70.71766672384514,1.0182017367255238,0.028287066689538055,0.9974751659231362,2279.568510441,9406.752825446,11704.06295167552
ALBpShJ9NLpE739pcHDF2LNVk5J4VYPvvKuV6jMPitZi,D6d156U1bPiJpDYRLextvDRccgFk7QzkQbJg42ceKEu5,GNcM8U5g8RwTZffwwm3kSQqUNPSwv5d2fbN9sLxPJqt2,9295.751703000002,9303.601623999995,9263.551597646581,0.9965360407224487,3.705420639058633,0.9897344740353058,53059.537964,47156.425147,99548.08152545834
oKQqupM9E7SSLAFDLxr7mdsXP7znck9qRbVWc6Yyj7Q,CMR2J7CwfW98RpvnJmFBgRFTLAd3x8CJ1SWs8Bt3uunG,FmRb5jHfSNj1YWP3b45d9vvYuhwjp4om8bALmtqZpr1v,0.04954483999995318,0.016738260000010996,0.04784769378485103,0.965745247838044,1.913907751394041e-05,1.0,4454.39635192,1453.1367919,5754.94890075386
7dwD9TF6uikvHXxPFK9AsSim54yJoujQjY9vU6gNFumk,CquVr6atkvwueDYficKjn6SSEWq4F4rH4VSiBbW4GBWU,8BCa6ge3b7ho3TfZuM64Vk1hgbrJ3J7EPiAb9uP86CGd,0.4092737390000001,0.427958708,74.85929628112174,182.90764627124472,0.0299437185124487,191.36093408630032,2.98261116,1.207660992,776.6415225066548
BkwbeSfcX1h4thMDd7obGkHrPevf3QwgzJ4pCEqG18Lu,35yX27bmurdebhfAb8EPmjLETDiUaEUCn9zHaDPbakH2,2CxECn1ZJFoESyUnQysQU8rRgT3iJ5GRs2Mdd6gZjx5g,0.30525426999999916,0.26645004000000094,550.4937151719521,1803.3939874844457,0.22019748606878084,1515.1515151515152,1.53179266,21.80928908,35806.8030670562
C98Sspw7XqnMsgxea3SLQVdbMDL8pKUc3RE82UvX9eq2,CSqgQJurPCzGxb4Cgwx5R61hWQUiaoUHcShNc8r1cKEL,6S2CR5EnukPhC914XkAns8m5GixjMAoUuZMsS5ubHuWc,109.65475699999934,109.38929200000018,0.0,0.0,0.0,1.0,937.601967,1075.471919,1075.471919
ALLwa5WNZbvQsRKAqe1jdRGemdYQnW8E5k4msbRFcYtu,CGoM82Hbz7QVqTgvQatYtjvDWBvoUJp5qm21P8iMs9yb,3dxNNww8TivyN5FMy5dCNdi3Zcxv6e4kUfSPxfFwpdNq,9.673724646000005,9.51614969,36761.25649249479,3800.114003420102,14.704502596997918,3757.7032917480833,0.803298554,7.757686903,32203.711695736612
FrnkTEL6yZ5Aycq2TrEgu29dCrwKG4LPUZydfiwqspkc,DjvZuMZ46fxKBoBpGMPcRcos4xdTtHFxwMh69DpA2ZFY,9rvDPJLAng4uVVqnnSoEXgNDFhBZQTny9AoQioYDZbQX,34.966533609002,29.539487200000167,6712.740999005947,191.97616423944802,2.685096399602379,164.30605420160978,323.881524243,2569.109789193,484297.82496522827
SEQV6QiTpvTzrceiaYg9Avnwf7oc8ZALpnQMz6TyT4A,3dFMPj4r9mMmPHF32mz1gNDX7f8ftidWof7S8YiYTs1j,Fc1ED3YPeQfXQosHbd8DTaBd2AV5gHQtwiSAL5C5pUhi,669.6482011259997,671.9164851410005,662.7716437608826,0.989731089617572,0.26510865750435303,0.9942690332921043,4736.904856641,867.907649875,5551.195705206104
HEDSDjj84KS7LKhZY7ejkCACTdPen62rKhCby1wXtgxc,EnnjMSFttpCTywBrYNt1J5QQeoSVkvzPipJDa8Y7kJow,6bjVT6JN2rSvpyn9PdfLYC8wJn4LWh49jpY47fnLDXZk,40.36828928400246,41.455441014993994,38.51252366338297,0.9540291240095996,0.015405009465353189,0.9974751659231362,38655.989597131,9551.567971593,46406.39174036593
AURHmCnNwiW4uA2Qj1XvEh4iKgRUZYXtiY7FKAapUV5Y,BKWm4TRnTeKwfWXRyuzjRHU7iZDkPuXBX5b5V5jSVfGJ,A5Ww74HVrkj9nPeC7pHKLfgeDMEhBCpW1efQdz3TGLEg,1.189149552998913,1.0836884309999277,217.87567935571747,183.21974625164464,0.087150271742287,163.56707067733126,286.898224306,1817.933873324,349919.538202094
SUiuyGR7SFq3xeRVJonq84fjjeFwRSsFekcevJ53tzy,49GjCCPsv7fBqo6t3iKDrP1xxGDS8uWZbVCdfnp2gjMf,CEwj5xEbbJEjYqM8D6Ai8ByGz1mrh8mkAVsE5fzDSSSx,39.585482999999954,0.5009759999999999,0.43625000085408466,0.011020454161291531,0.00017450000034163385,0.8722586002517337,613.457764,1.97946,8.487184176904695
MARpDPs5A7XiyCWPNH8GsMWPLxmwNn9SBmKvPa9LzgA,6YjT74rmcfCpw8LSjPNx5JTmZoYLGrTKnf9arfSgZ4SR,F8GSmi3vA8M8TsybLya1LQ4n1aFHCRbZ6k437PeTdXtg,145292.67868200017,154384.9678300005,133234.5520204898,0.9170080229031924,53.29382080819592,1.0,377637.592426,15757.26846,362053.9704644878
HDSBGqAuMRr6X2AfmmbXQPpRgU6VEhtfNVVZ3wUTZXg,DCZ1d8kNLgDcdSd99y4udLgwq46mfDXNS9KXj96kQf5L,Fq8GGYQM5Pz3q7LmVMbrXHJgsxA5ev86kTq8yGgGuYsa,62.55803975500203,62.66987728600179,61.11732974189189,0.9769700262547799,0.02444693189675676,0.9949772572973915,12733.35411027,12164.8230842,24543.8276072472
BSC8REUo9LpiiWUuqMuLXs2D2yJsJfGd4HdiF3wCLxk5,AZjEH1zWVx1UJ6udMyRijGTzPteuLnaY18yNNmprJEsh,Caf8ypkSVR8xYnXNhjvfvdGCC7mrM3C11rz8Xi6NA6aK,882.2803506550003,882.4401471899996,880.1210572525317,0.9975525994647103,0.3520484229010127,0.9974751659231362,3228.954276999,3074.667489303,6287.956196624029
DFWzVTzNBrQZLjoQ4yQwkj9HuoXmfkuZP9V5vbymZe23,DhgiEgiNdqZdRdo195UUHnoEJUtefK8buko8nU97XJUZ,2K2kkXsouBHtWVjtcgkyiXd8eP3oVBvq1bTJzcVdLLr2,245.32718609499898,280.7715066499877,213.65712094405626,0.8709068258799536,0.08546284837762251,0.9974751659231362,66444.399574699,9551.168072632,67393.9340891088
vEnkoSUkpnbRrPgBz9DfcVxNz67zjwMYBZraAvDDNSf,DtfyjjsZ5yCjWKLKHvwsfXs5QVsmm1QkK6Sh9JZHoq1g,e5wrKCRv4GhHvEf1VD5Pq2KGaZDXP77nTL612Jyrxwy,11085.459225000002,11094.420319000006,10926.53280534624,0.9856635240427974,1.092653280534624,0.9983826201553484,4406.762903,2457.177285,6796.788548576555
GokA1R67GqSavkd15zR62QD68Tuc5AEfvjssntVDEbM8,3YB7hfpBdbQEuZqLGWVDpRPmeZWCUsrrWyqGXegnQ6Cg,4DPCj6Z1DsG6HUtwSogBGqXEUxdEV5a8YVrrFtcnz7UW,41396.829476999956,41413.31504500004,41388.84143060385,0.9998070372418122,4.138884143060384,1.0,20518.400585,13422.493603,33936.93490082952
JSoLLrxK5bYdHwTEWYaGgmeycBCNXKDiBCTw5hXGBg7,xG4wXczA7Dk4hccJ61CHKpDHW4NrNfQwgmWgkb9BuF2,BVR6WgfhsRr9Lob4QDnkEAiNGgAbv7ZieKcY9kSg3QYR,78.46234622499978,66.57945638700006,14172.261747489092,180.6250058703127,5.668904698995637,162.3152649390912,17.323862639,169.986073344,30720.457321653015
