0,1,2,3,4,5,6,7,8,9,10,11
NorjjEePhxfwLF4vZjUHCrVVKLzQjEEGQFd3wgjEJmh,34M8pFVqgbV7aqHxvRT5tCv3vu2P1JJYT8J3VaxBK2oG,3AZWBSze3ucsY3xSeuLne3b2pauVqiaJ1SZSV5T9WGWw,74.54039899999998,113.16632399999071,48.72583919905449,0.6536836380370664,0.019490335679621797,1.0,37601.020954,2583.285629,27162.457800118682
wrmcMSHFi3sWpAEy4rGDvQb3ezh3PhXoV2xNjgLBkKU,8p4mGnARWPBu6P2Gcw4adodLkNDorrXniZMhaY7eJXUn,AyY89zccbsgp9LKFgH4CFZMJmpSgqmPSdTfukhP227rc,0.010384859999999996,0.1767675199999985,2.4337614248886794,234.35669088352472,0.000973504569955472,4009.783872649264,49.71518921,0.1273657,12161.796159692598
WiiQFxXqp8P9Fs1rt9SVcDyA3KUdJmUsog6wnVQAwba,3S2jpqSYxho6wiz3cafhjXruVY8cg4HYa2v3BqBHYFSj,Dfe67M6TfrG74gKRtdqys4e6E9QirPD53BkF4FujFjuv,7155.763462221,7170.144074718003,7130.572156203805,0.9964795781540023,0.7130572156203805,0.9998251105916552,21771.72251798,4941.013958468,26635.226697862883
ALBpShJ9NLpE739pcHDF2LNVk5J4VYPvvKuV6jMPitZi,D6d156U1bPiJpDYRLextvDRccgFk7QzkQbJg42ceKEu5,GNcM8U5g8RwTZffwwm3kSQqUNPSwv5d2fbN9sLxPJqt2,4542.444224999999,4544.9493830000065,4481.553359504413,0.9865951319423,1.7926213438017653,0.9992275970674669,50958.524649,49250.118102,99487.5095160155
Sid7E679i9ABqptiAVhkmQ27YHN8vaYT4fppPwmxFsJ,GP7KB8o1bv527HG8kTzzzf4wJ5aEGHvcMQvVhLziUfmT,9gYxhAZ1M9wu5pxr8SBoa5NDm21gi3s9vMHaYTME77sa,2686.5965009999873,10576.867259000057,22.034435547002147,0.008201617004563445,0.00881377421880086,0.03504052401561882,142778.518115,6704.728956,1405.951938059287
TETFuZgEmET6d9vYmz9iMFCxK1jKdKYxf3oPz8hSzJK,Eu1Ze6Z84LWNkq7SNoAHBJbXx5t1P95EwyqYohrfCRFV,ASMbv7WNu3qe4pkhREmvyEdwFNDZQ6B6iSrjkj4u8bdC,6.0124725040000015,6.058875393000051,5.967295144800776,0.9924860597417834,0.00238691805792031,0.9994972528818006,309.808437876,42.576173927,350.0353246605626
7dwD9TF6uikvHXxPFK9AsSim54yJoujQjY9vU6gNFumk,CquVr6atkvwueDYficKjn6SSEWq4F4rH4VSiBbW4GBWU,8BCa6ge3b7ho3TfZuM64Vk1hgbrJ3J7EPiAb9uP86CGd,0.1524344920000007,0.15330440300000014,26.386732623187804,173.1021127632169,0.010554693049275123,174.31660916542785,2.283175643,1.888712967,724.4565677070309
B2izdXFYb2sNwbWWHmh75T4aQFtfXsUxem9u2p61HGzf,4DYwgJtxwuJdAjkj5RJSNH4e7U329V5cNp7d3a1nLrZv,EXNW64GEf1ACC6xY9BtKRiunrs6GoJSXBdxWN2eTPmrF,14130.957503999964,13959.019910999994,14289.253858241562,1.011202096828668,1.4289253858241562,1.0,9563.72249,30456.329391,40127.18562637549
GokA1R67GqSavkd15zR62QD68Tuc5AEfvjssntVDEbM8,3YB7hfpBdbQEuZqLGWVDpRPmeZWCUsrrWyqGXegnQ6Cg,4DPCj6Z1DsG6HUtwSogBGqXEUxdEV5a8YVrrFtcnz7UW,29460.60729599998,29466.498668999986,29461.078673258755,1.0000160002560041,2.9461078673258756,1.0,18305.733123,15501.257461,33807.283480416314
RajgMbScQbqqrdJfR2rxfHJiTiY5b6bJ2tTXiF4aPxy,725ZA3fhyBAKb5iopNRrcbSuQa3LXA1656Q3mBvYPxeg,GLA6i1dSZpUfk2f9Nj8uiG7xyDdAR2reff8oEiZH3617,332304.5849781999,332352.8721679699,332201.0611615102,0.9996884670830031,132.8804244646041,1.0,127094.83674749,105534.09659113,232589.3391133928
KysFMBBoavfov2tLpvefWW6tPFt6rAeZWDJVy1mMQae,B8ka2V21TH3x64dFV8ETcjuQcwmrciJ2qzy1mJUttRew,7fSf7EYxBANyxzk2s5pymFgshA91tFYQNKKs5UnLWcYS,12.401752000000215,17.992039999982808,0.30043756425488505,0.024225413010587525,0.00012017502570195404,0.034962395670900225,135001.02234,2247.546296,3349.035125927471
BUSDgu5JdqP1rndBvXvanbEufS94FNh1w5FJcAj6vawb,Bgzr8cWubt89JQFXndVjtdKmDbGzuPxNhvjH1EhWCwbo,Dxaf8xPBBQsasRKW5Aa4Sw2YrbfGofY9xZueyyF23FBW,5679.011628790002,5608.711535970004,5746.292380441014,1.0118472642862588,2.2985169521764055,1.0,3616.65341497,11168.30510001,14827.805963818952
KwnjUuZhTMTSGAaavkLEmSyfobY16JNH4poL9oeeEvE,J63v6qEZmQpDqCD8bd4PXu2Pq5ZbyXrFcSa3Xt1HdAPQ,BnKQtTdLw9qPCDgZkWX3sURkBAoKCUYL1yahh6Mw7mRK,1184.9058479999674,35612.262909,41.516707545476926,0.035037980119309926,0.004151670754547693,1.0,270551.7251,768.780484,10248.366449298805
BSCNHw8CmxbZ8hCWWzMf5FaG2ajPT6JxfznKUNuRVrn4,7n9kgNL633yGzCYksgnzHyjG73ZLBAwvEae5sbAekbzW,SscdxE99omdG9AiMVwmaEMQySQnCgeAh1sPj2Leutm2,2769.1880453359963,2726.6752583870007,2810.5983616755298,1.014953956055559,1.124239344670212,0.9998251105916552,2581.009307253,9105.05181086,11723.0650407485
MATgk4zXLXtYkwBH678J1xZbRDZ45LicNzkRBHkxTuY,y8dALFo1bJrSzPYjMX14HJX448pXqYmrfXHD1K8MXih,GN7Yuet3UyiWS5YVkEHv6oQKi4HGBJc3XDPt9zQhAqZz,51697.77691500003,51682.60360900001,51697.72521727482,0.9999990000010001,20.67909008690993,1.0,9591.313174,8504.931578,18096.23516069642
STK75uPSyBnEhGTTzb1nwmP3n427XoXmfRhXxxhyady,6TYyD5fUmDe6N65avW1Ny2RxzRNobw2RRgKwH9CTzSAU,54zDfk4cx2vGrEajPtodWpArNe5eUurytyxd4X3aZAxK,468.1640341719987,522.1880157579999,69339.14425368031,148.1086525074795,6.933914425368031,165.25814396264903,470.570028064,87.675559385,84184.59298181796
SERgf3DMJpQxUifu7VoFKmfne73d2fDJxSrxUMrcNJB,AJfM2GZ2tTB8UtN2krcyR9xufRJEx2mhSCbJyMgPo3GU,F4yRYkufQvERZcEKnKjJwRLU1btiMBUuEwq46hfm11QD,4.001404862000001,3.977664251,593.1593400395114,148.23777160680405,0.23726373601580458,148.2633542656479,26.203928038,31.034633884,8485.710817746345
KZMu9QBEdL97EFgamLbN5DE1AoKBG4HdrKKJo4Vuon3,DD4ACBWyVqdaKWh7v5btsgqQCCMwbKnuL2xd9pv7Gyuw,GcYqiJ1MAuYbNTNYXm1F1gQYTfTgkErACAhNU5dpVj9T,143.0954708499994,144.9148530999987,141.46282294705927,0.988590499103556,0.056585129178823704,1.0,1948.64865595,1134.92490399,3061.340451353084
AUSejoEUCh2DBs9mof6BNC8Pubs22w4cJa1ccV9h44R,4xkyD7AfGQDwsQMy9MosRRNGoVJ1zosNinesxg1TzHG7,Cbm5gsQe3nSiCsFrvepVzMCD9xLK3ri9g3ypS2hdmVJ7,1175.871183000003,1176.1160649999983,1175.519702608923,0.999701089374277,0.11755197026089229,1.0,14574.248099,14279.424191,28849.315892381288
SRMuKizofcAMicegrfSv7xs9q76tH1w8aAF7oX9FEWu,72Hj2KWntXPfbie4UgKeTPnm1XVkomDfCnRPKbvfTtPi,6aqJQ5wedqpUt4fFEDUqUmXhrdxCu4bEJsQdVPCADLko,7953.521322999998,7957.907110999999,664.7136350967188,0.08357475992105529,0.2658854540386876,0.08389054129952321,18090.832658,4861.769268,1919.7934517302433
AURHmCnNwiW4uA2Qj1XvEh4iKgRUZYXtiY7FKAapUV5Y,BKWm4TRnTeKwfWXRyuzjRHU7iZDkPuXBX5b5V5jSVfGJ,A5Ww74HVrkj9nPeC7pHKLfgeDMEhBCpW1efQdz3TGLEg,0.024916749999988497,0.022390569999913623,4.144339286689546,166.3274418490156,0.0016577357146758185,148.08496522965015,286.828541962,1818.135997966,316946.0636753929
SEQV6QiTpvTzrceiaYg9Avnwf7oc8ZALpnQMz6TyT4A,3dFMPj4r9mMmPHF32mz1gNDX7f8ftidWof7S8YiYTs1j,Fc1ED3YPeQfXQosHbd8DTaBd2AV5gHQtwiSAL5C5pUhi,536.511133126,538.0985379149997,535.2915313245286,0.9977267912515341,0.21411661252981146,0.9994023573902805,4485.288208222,1118.082888924,5592.50688677606
Cob4usZcpHEY7Qt4ZCwj6WVg9S44zvzYV2v9qYF65dTf,NhFM9UXE48PyNAyeyPYA3iXztqKVJwA4bTdLj4ysM8w,6TuFuynuBoeskxyR2cz4wxyidk8dpDK7kAWw3UkjQGx,59.87957799999998,7231.464422000048,0.49110064894962924,0.008201471442394423,0.00019644025957985168,1.0,72142.796782,176.317103,767.9941905820373
vEnkoSUkpnbRrPgBz9DfcVxNz67zjwMYBZraAvDDNSf,DtfyjjsZ5yCjWKLKHvwsfXs5QVsmm1QkK6Sh9JZHoq1g,e5wrKCRv4GhHvEf1VD5Pq2KGaZDXP77nTL612Jyrxwy,18512.13786100001,18519.340245999992,18471.168808582574,0.9977869086366439,1.8471168808582574,0.9990568902955609,2250.69211,4610.424512,6851.787498630934
heyk4SZTeCUV6a65WiVA5bzic3KcxgVf1qxobfeV4tQ,9ZDpBKPqMABtGfq66FbVribaArMvtk63xxy91onZAtDt,DaTP4s6N7xxSPinbNZ3FB52EpRDRt87QShTuN3VPCW52,108.33915390999755,94.57565765600009,18367.614883682032,169.53810529977812,7.347045953472813,147.98845216510065,650.893778621,4501.629271349,776540.446066866
Lee1XZJfJ9Hm2K1qTyeCz1LXNc1YBZaKZszvNY4KCDw,9DgFSWkPDGijNKcLGbr3p5xoJbHsPgXUTr6QvGBJ5vGN,2hNHZg7XBhuhHVZ3JDEi4buq2fPQwuWBdQ9xkH7t1GQX,3534.0204913478883,3011.3579083790264,615279.1149203604,174.10173948529956,61.52791149203604,148.15453525477915,7351.264557554,56597.255198956,9665007.98758424
Lid8SLUxQ9RmF7XMqUA8c24RitTwzja8VSKngJxRcUa,4PgzyzLtds9bKZ2to9PMnKqJzKEUpjvNUaeN23phegax,AtymwxoVN9peZo7EXTcDz9jKVc4vRmisJKKrNfe3ewBa,187.34961103099613,160.6558361059963,32337.523848605895,172.6052361179218,3.2337523848605896,148.2563862920959,1030.288863961,7708.634270096,1320687.512765495
MATSnbbiTCv7Dc3trJrkrqjx7ckKdr6fwPoVwv9q3sD,631WX9JizSHJm4w6VanZeJAst9T8DeUUnPLesdGkCVtK,211maUSfpnXbPuW1iBu8b4dtJv5EbN1j7JJiEX5TZKEP,24824.10007100001,24833.159232000016,24803.21576332729,0.9991587083675545,9.921286305330916,0.9987096671100937,22082.395058,22448.802576,44483.65347151052
SUiuyGR7SFq3xeRVJonq84fjjeFwRSsFekcevJ53tzy,49GjCCPsv7fBqo6t3iKDrP1xxGDS8uWZbVCdfnp2gjMf,CEwj5xEbbJEjYqM8D6Ai8ByGz1mrh8mkAVsE5fzDSSSx,11.793697999999935,10.606571999999908,0.09673080387751291,0.008201906126264506,3.869232155100517e-05,0.9259336420396097,645.083007,1.660034,6.82799159459201
daob129AwBGn9Y5r91uLoWZeYiGzbPmksauMhFZKTze,6VW5GQNyj4LStgmxEHLr5zUfW92vQnmbw8jTnCH7a38F,4VPCCUifPeBA1c7HWK358CHn2nyjm8pdTRk6Ps3KmnMQ,33.6255981260002,30.304937420999984,5526.639180405393,164.35809289387925,2.210655672162157,148.18496387917415,52.731423698,233.24421496,43230.12180345632
SoNcU2iwHMw6dGzsYNQkYFkUjwN1UdAjrWVRnStrZu2,8ivTTid27jZnYNc4w3CTA1Z6QS2twsFb8WMwUabeDJgc,CyXm53PMvHCbeXJBykU46Rcbo28xk5srhMZFg7gv6EYB,27.517745857000012,27.310446826000046,4786.51071956612,173.9426893627088,1.914604287826448,171.7652017785943,10.718858001,13.968310154,4263.736599698726
C98Sspw7XqnMsgxea3SLQVdbMDL8pKUc3RE82UvX9eq2,CSqgQJurPCzGxb4Cgwx5R61hWQUiaoUHcShNc8r1cKEL,6S2CR5EnukPhC914XkAns8m5GixjMAoUuZMsS5ubHuWc,95.75357700000006,95.72757200000001,0.0,0.0,0.0,1.0,976.927096,1035.940126,1035.940126
SAMGk1Nd4haC8zQA63DG37pzuEZy8j4q13tSFtCbcRE,9U9TnkHD3jXMAVZtynCVLgDruuqN4pTvLJTmVHCLWS8g,C6zoEbvqSknmi96QWq96UBiPCyNW3YSTvKhavR2BfifE,0.27316667999999567,0.1575554400000001,0.6141199163687769,2.248150895888132,0.0002456479665475108,0.0,53.27807579,1.34064055,119.77715381848431
KEN5P7p3asnb23Sw6yAmJRGvijfAzso3RqfyLAQhznt,9zj4aX38Uxf3h6AUjS4EipWS8mwbEofasHAf3a1uKGds,CwQDG1MWunn9cLNwcZLd8YBacweSR7ARo32w4mLua1Yr,443635.65849100053,443757.04881599965,443388.69099011907,0.9994433100762876,44.33886909901191,1.0,2073626.783845,1813920.933511,3886393.3502198933
SHRJZYZxBfNz1SL5puXfaymPnndnJTY6MJrTrzpsYMc,BKJWe131yeNE594dMwrLyT25RPsytUgcTdMpph8rbuda,EreMRai79gFEuXwrMnj6kpV4pvVAUqukjSuy87XQTT8K,3.2703049999999996,3.311013,3.0275219590591296,0.9257613461310581,0.0012110087836236518,0.9999800003999921,0.017845,0.002644,0.01916415834276631
ercAoEmXjQzEvAFbdjAo81KtMxRGn9AW1ju882upmPH,CMRhskR2Eg6V42RTSdRTXGdozyPbWB8U9dVpijPWb9T4,7TKLLgrWswt6ZJ1pXhVR3FyufHGjJFqiEXxvWJfDcgRm,0.0009081789999640932,0.0010358840000890268,0.13464858678193753,148.26216724595167,5.3859434712775014e-05,144.80965277975886,327.850995865,1011.941157413,195146.74681921228
parEAJhzYzHW87y9VoZAQ22dzQ2MD2ekEtTReaxbMcz,3oyc6hpjYSJEquK6dSvG72NXyz3pqLZz5D8AC71pwgQb,Di2vordgFJVZ1aj1aBpvzXtLfZgJsuLLXawGtVFwX6Rz,6.864079048999969,7.990321790999815,990.8662139588068,144.35530344062204,0.39634648558352276,166.2372481484911,1283.665073508,173.251692796,214104.74584985053
BUSDTd9WiT6uBHJRgNvFXBsA7JrifsAtWzKfioN7ERcy,DyBxrn7gSc1EwnpWhDyhzvMHPtxpmBqRqotapLcKcfTM,Cds99GeBgoCpqBsoRWu1C6fF9LiUMd4pXQQD24s9LPff,4614.9324076,4620.199746169998,4615.013447236133,1.000017560308359,0.46150134472361337,0.9989201672991496,292.37621905,331.36546442,623.3889984221502
JSoLLrxK5bYdHwTEWYaGgmeycBCNXKDiBCTw5hXGBg7,xG4wXczA7Dk4hccJ61CHKpDHW4NrNfQwgmWgkb9BuF2,BVR6WgfhsRr9Lob4QDnkEAiNGgAbv7ZieKcY9kSg3QYR,35.573664444999764,30.587452112999973,6095.095357770217,171.33729270971813,2.438038143108087,147.99377419790704,18.314377808,168.748825557,28111.711496930326
SBFjafzbDXgDRsA5SUypY8FXjJ9sBdb4JbuQq2PHQDG,46xwHtnXoQR3wCHUbm2eCAbPYWbioDQ59Te1Db8M5DDL,FC38fiikZwFvDt5zTjNtGfKd7LjaPz2uUAzLwKP5pRJY,9.123730915001346,4.230347470000595,56.711176712131156,6.215787953466051,0.022684470684852465,2.247100117298626,197.787182452,9548.767844067,22686.44052849544
RoBgmK8CvjdHvPrqdDyVw54VwjZv2TqJ493xnqJAQHx,ExiHJxM7qPAcy27NDHAF6G7vnW7muNHi2sVJpnaNynGQ,6rkPHSqZb7StM4HwS9EuVrmfkV7tRdc7dnsFhyB6cefE,17.992040000000088,0.4608699999999999,0.43556267396928333,0.024208631926634288,4.355626739692833e-05,0.9211198975714675,6018.005887,24.199193,167.97804762817347
BkwbeSfcX1h4thMDd7obGkHrPevf3QwgzJ4pCEqG18Lu,35yX27bmurdebhfAb8EPmjLETDiUaEUCn9zHaDPbakH2,2CxECn1ZJFoESyUnQysQU8rRgT3iJ5GRs2Mdd6gZjx5g,0.0020198900000025777,0.0019681499999995022,3.661675398369519,1812.8093105886192,0.0014646701593478077,1587.3015873015872,1.80779149,21.49003072,37388.34111769075
HDSBGqAuMRr6X2AfmmbXQPpRgU6VEhtfNVVZ3wUTZXg,DCZ1d8kNLgDcdSd99y4udLgwq46mfDXNS9KXj96kQf5L,Fq8GGYQM5Pz3q7LmVMbrXHJgsxA5ev86kTq8yGgGuYsa,40.70491855600085,40.865576329999385,40.511578788231894,0.9952502111629836,0.01620463151529276,0.9997978528717235,12711.582593342,12186.482763597,24835.224561341878
HEDSDjj84KS7LKhZY7ejkCACTdPen62rKhCby1wXtgxc,EnnjMSFttpCTywBrYNt1J5QQeoSVkvzPipJDa8Y7kJow,6bjVT6JN2rSvpyn9PdfLYC8wJn4LWh49jpY47fnLDXZk,6.818892642000719,7.021704822000174,6.625956342353296,0.9717056258579232,0.002650382536941319,0.9997978528717235,38654.914608808,9552.530171223,47111.79714711747
KEVpg4SYCVrqFxKijQH6hm4QxsRdoE51ud64bEEFUC9,2bPenuBYfqzD8p5dFjCcggwkHDsc2RQDnx9AoyYGUBjA,AE6n6iLuX8oYu61vt5hoDYkjswpnxFxrhSehxrnQTnbx,2156.3305453470007,2155.903191862001,2154.9787293450613,0.9993730942573454,0.8619914917380246,0.9997978528717235,4621.487134216,2973.475931321,7591.464749092441
SAMyS8Jr2HJrkFwYVKbpUwsNStnQmvz3f8Tup8bWUWF,6jPzm5TFfquvgm25sTyN3MMGBfufRaFHMxobDWv6hMFW,Cj9ECoDmxsHTDzCY5ZA6RWrPbg9uFzEC1Qc2kso2vJG6,4181.7676024199645,166.34133882999924,4134.055721211434,0.988590499103556,1.6536222884845735,0.03504052401561882,698.82696565,110996.07934568,4580.2144827107895
MARpDPs5A7XiyCWPNH8GsMWPLxmwNn9SBmKvPa9LzgA,6YjT74rmcfCpw8LSjPNx5JTmZoYLGrTKnf9arfSgZ4SR,F8GSmi3vA8M8TsybLya1LQ4n1aFHCRbZ6k437PeTdXtg,83929.86514199984,89647.73442100102,77821.78859848218,0.9272240395813399,31.128715439392874,1.0,378555.480293,15932.651138,366938.3927809298
ALLwa5WNZbvQsRKAqe1jdRGemdYQnW8E5k4msbRFcYtu,CGoM82Hbz7QVqTgvQatYtjvDWBvoUJp5qm21P8iMs9yb,3dxNNww8TivyN5FMy5dCNdi3Zcxv6e4kUfSPxfFwpdNq,15.486524681000002,15.421125851000001,60348.08152521239,3896.8124074507055,24.139232610084957,3975.5108531446285,0.970678141,7.578230342,33909.88759574092
SoN9GaFpSXfpyR5dth3x7PHPVhvJMpQqqDJfCSmPv1t,9kZ9iS68ViMPtoeqtnhAKuF2iqVyfHPdZHoUNdwCELr,BBhm5fJLjw3HRzjtKB8uMEYjGhY6EDm9co3cqpjrSzB9,46.74048945900001,45.89842728500004,8141.936729243724,174.1945115141701,3.256774691697489,172.20459421192808,33.554643879,46.55212143,13861.523980091893
FrnkTEL6yZ5Aycq2TrEgu29dCrwKG4LPUZydfiwqspkc,DjvZuMZ46fxKBoBpGMPcRcos4xdTtHFxwMh69DpA2ZFY,9rvDPJLAng4uVVqnnSoEXgNDFhBZQTny9AoQioYDZbQX,365.37250274499957,308.44282447599994,63718.57477729947,174.3934595476931,25.48742991091979,148.26216724595167,327.775859219,2554.27309918,435864.0314678795
BSCuChvaSj9b5HUSqgDVRzcnr2sSn7cXaamt1jbKH6hn,GnKpRj5kBVPMJfiwZtEuD9GYApLzPdW5JFuZTcyX4BTc,3dmwD9okkomV9nDwyuh4UMhKdUR13QpuKxRo89ycZB5t,71.58124628600012,71.56188212899997,71.63975404328875,1.0008173615342608,0.028655901617315502,1.0002140458058024,1522.911818831,1572.583471047,3097.0766643150355
7oAd7xG4m3oC2qeWB1szghTebAZyyGPAFDJ4wwwbRSNi,D9yh4KAysxt9GLacVe4Wwh2XqghhcjTCSTV9HuM7TBJd,HDYfJLpZKaMFb84jM4mRytn7XLR8UFZUnQpSfhJJaNEy,4643.8589079469675,104.65228037200018,4642.920165204605,0.9997978528717235,1.8571680660818422,0.02367281722873375,981.482432264,300490.39091116,8094.738131439512
BSC8REUo9LpiiWUuqMuLXs2D2yJsJfGd4HdiF3wCLxk5,AZjEH1zWVx1UJ6udMyRijGTzPteuLnaY18yNNmprJEsh,Caf8ypkSVR8xYnXNhjvfvdGCC7mrM3C11rz8Xi6NA6aK,54.38439450199985,54.37807943400003,54.35954294974952,0.9995430389089021,0.02174381717989981,0.9997978528717235,3262.695556036,3039.489910214,6300.080117172019
YAkoNb6HKmSxQN9L8hiBE5tPJRsniSSMzND1boHmZxe,CfWX7o2TswwbxusJ4hCaPobu2jLCb1hfXuXJQjVq3jQF,EnTrdMMpdhugeH6Ban6gYZWXughWxKtVGfCwFn78ZmY3,8349623.463369969,8360651.032695008,8349623.463369969,1.0,834.9623463369969,0.9992026362962355,788745.870588,451350.975371,1239736.9550735806
