0,1,2,3,4,5,6,7,8,9,10,11
AUSejoEUCh2DBs9mof6BNC8Pubs22w4cJa1ccV9h44R,4xkyD7AfGQDwsQMy9MosRRNGoVJ1zosNinesxg1TzHG7,Cbm5gsQe3nSiCsFrvepVzMCD9xLK3ri9g3ypS2hdmVJ7,10360.297268000004,10381.004551000002,10358.867744251298,0.9998620190413723,1.0358867744251299,1.0,14508.438457,14346.307296,28852.743864753513
BUSDTd9WiT6uBHJRgNvFXBsA7JrifsAtWzKfioN7ERcy,DyBxrn7gSc1EwnpWhDyhzvMHPtxpmBqRqotapLcKcfTM,Cds99GeBgoCpqBsoRWu1C6fF9LiUMd4pXQQD24s9LPff,7391.718883379993,7425.54056509,7391.232762001236,0.9999342343254084,0.7391232762001236,0.9980527989891721,331.33963914,294.39038542,625.1349965290451
SUiuyGR7SFq3xeRVJonq84fjjeFwRSsFekcevJ53tzy,49GjCCPsv7fBqo6t3iKDrP1xxGDS8uWZbVCdfnp2gjMf,CEwj5xEbbJEjYqM8D6Ai8ByGz1mrh8mkAVsE5fzDSSSx,3.9620370000000094,0.0372030000000001,0.03817699369273206,0.009635698428038903,1.5270797477092827e-05,0.9373063876493013,623.727055,1.86643,7.7594625644891195
daob129AwBGn9Y5r91uLoWZeYiGzbPmksauMhFZKTze,6VW5GQNyj4LStgmxEHLr5zUfW92vQnmbw8jTnCH7a38F,4VPCCUifPeBA1c7HWK358CHn2nyjm8pdTRk6Ps3KmnMQ,77.07702541299949,69.51895289700006,13853.89390919193,179.74089989797906,5.541557563676772,165.08384278207214,52.483462551,233.572416525,47992.456876520395
MATgk4zXLXtYkwBH678J1xZbRDZ45LicNzkRBHkxTuY,y8dALFo1bJrSzPYjMX14HJX448pXqYmrfXHD1K8MXih,GN7Yuet3UyiWS5YVkEHv6oQKi4HGBJc3XDPt9zQhAqZz,202065.11135199998,202119.6630909998,202236.20317989017,1.0008467163220085,80.89448127195608,1.0,8542.713771,9762.257001,18312.204027184154
Lee1XZJfJ9Hm2K1qTyeCz1LXNc1YBZaKZszvNY4KCDw,9DgFSWkPDGijNKcLGbr3p5xoJbHsPgXUTr6QvGBJ5vGN,2hNHZg7XBhuhHVZ3JDEi4buq2fPQwuWBdQ9xkH7t1GQX,7601.242158982415,6484.363092914981,1484499.0232191246,195.2968991344246,148.44990232191245,166.44141595041378,7351.677671565,56576.670314242,10852460.96955461
FrnkTEL6yZ5Aycq2TrEgu29dCrwKG4LPUZydfiwqspkc,DjvZuMZ46fxKBoBpGMPcRcos4xdTtHFxwMh69DpA2ZFY,9rvDPJLAng4uVVqnnSoEXgNDFhBZQTny9AoQioYDZbQX,60.244473513998116,51.392979009000385,11532.709095997337,191.43181811220663,4.613083638398935,165.58018468813802,324.219329249,2568.698297223,487391.43412754615
ALLwa5WNZbvQsRKAqe1jdRGemdYQnW8E5k4msbRFcYtu,CGoM82Hbz7QVqTgvQatYtjvDWBvoUJp5qm21P8iMs9yb,3dxNNww8TivyN5FMy5dCNdi3Zcxv6e4kUfSPxfFwpdNq,10.331748415000003,10.160866759,40521.42767776603,3922.030042750128,16.208571071106412,3907.4863531039114,0.976526573,7.580830676,33451.958968511324
SoN9GaFpSXfpyR5dth3x7PHPVhvJMpQqqDJfCSmPv1t,9kZ9iS68ViMPtoeqtnhAKuF2iqVyfHPdZHoUNdwCELr,BBhm5fJLjw3HRzjtKB8uMEYjGhY6EDm9co3cqpjrSzB9,22.44923627699996,22.167400469999983,4396.144318480445,195.82600780875788,1.7584577273921782,192.58297485617422,37.794938337,42.337331656,15554.681167697841
KZMu9QBEdL97EFgamLbN5DE1AoKBG4HdrKKJo4Vuon3,DD4ACBWyVqdaKWh7v5btsgqQCCMwbKnuL2xd9pv7Gyuw,GcYqiJ1MAuYbNTNYXm1F1gQYTfTgkErACAhNU5dpVj9T,276.121101440001,279.7251497699997,272.4673980964214,0.9867677503655999,0.10898695923856856,1.0,1996.686136,1088.72297203,3058.9884586369026
parEAJhzYzHW87y9VoZAQ22dzQ2MD2ekEtTReaxbMcz,3oyc6hpjYSJEquK6dSvG72NXyz3pqLZz5D8AC71pwgQb,Di2vordgFJVZ1aj1aBpvzXtLfZgJsuLLXawGtVFwX6Rz,7.856594871999903,8.840828069000196,1276.789648906166,162.51183492437838,0.5107158595624663,184.97886523975203,1282.754585868,174.043885829,240657.24200963514
KysFMBBoavfov2tLpvefWW6tPFt6rAeZWDJVy1mMQae,B8ka2V21TH3x64dFV8ETcjuQcwmrciJ2qzy1mJUttRew,7fSf7EYxBANyxzk2s5pymFgshA91tFYQNKKs5UnLWcYS,483.5799489999881,585.2056139999927,11.722315365756208,0.024240697717093508,0.004688926146302483,0.034742714391992245,134974.449735,2266.113624,3350.6057739756016
BSCNHw8CmxbZ8hCWWzMf5FaG2ajPT6JxfznKUNuRVrn4,7n9kgNL633yGzCYksgnzHyjG73ZLBAwvEae5sbAekbzW,SscdxE99omdG9AiMVwmaEMQySQnCgeAh1sPj2Leutm2,1805.8536026380025,1774.1124087380008,1845.2270858748054,1.0218032531426058,0.7380908343499223,0.999986685177287,2201.298486857,9492.649513655,11741.817075718027
SAMyS8Jr2HJrkFwYVKbpUwsNStnQmvz3f8Tup8bWUWF,6jPzm5TFfquvgm25sTyN3MMGBfufRaFHMxobDWv6hMFW,Cj9ECoDmxsHTDzCY5ZA6RWrPbg9uFzEC1Qc2kso2vJG6,6033.111715359948,212.75187985000002,5953.069833968719,0.9867329024941728,2.3812279335874877,0.03488474637952148,700.77815912,110951.57487836,4561.998416993076
BUSDgu5JdqP1rndBvXvanbEufS94FNh1w5FJcAj6vawb,Bgzr8cWubt89JQFXndVjtdKmDbGzuPxNhvjH1EhWCwbo,Dxaf8xPBBQsasRKW5Aa4Sw2YrbfGofY9xZueyyF23FBW,14808.521333449997,14535.62153316999,15182.0154622174,1.0252215680659311,6.07280618488696,1.0,2620.55160668,12198.49197377,14885.138001168165
Cob4usZcpHEY7Qt4ZCwj6WVg9S44zvzYV2v9qYF65dTf,NhFM9UXE48PyNAyeyPYA3iXztqKVJwA4bTdLj4ysM8w,6TuFuynuBoeskxyR2cz4wxyidk8dpDK7kAWw3UkjQGx,98.38546700000245,4761.018903000004,0.9377627314948311,0.0095315167990696,0.0003751050925979325,1.0,70049.806787,195.27413,862.9550401618702
vEnkoSUkpnbRrPgBz9DfcVxNz67zjwMYBZraAvDDNSf,DtfyjjsZ5yCjWKLKHvwsfXs5QVsmm1QkK6Sh9JZHoq1g,e5wrKCRv4GhHvEf1VD5Pq2KGaZDXP77nTL612Jyrxwy,2825.9836460000024,2827.0727110000016,2825.0570272950495,0.9996721075487239,0.282505702729505,0.9994073514405957,4371.956542,2490.973933,6860.020671339665
moFiBS1R4Lf3E3zzmBPnw3NF4RhWPkhREFviuzUaCAU,44ALBrpqi9PfZkBRTvbtRNtFJGsatfY4QydjtMbFWq8S,2ho8qEEie1UjVwWNBo9y4oAJZMyMLx8zPj9bxyUz6uWs,1640.957169833,1644.5963031300053,1637.1927414559084,0.9977059557395549,0.6548770965823635,0.999986685177287,40861.612039245,27484.385040072,68251.89278303165
B2izdXFYb2sNwbWWHmh75T4aQFtfXsUxem9u2p61HGzf,4DYwgJtxwuJdAjkj5RJSNH4e7U329V5cNp7d3a1nLrZv,EXNW64GEf1ACC6xY9BtKRiunrs6GoJSXBdxWN2eTPmrF,10889.654771000012,10728.597611999983,11016.587896746325,1.0116563039339268,1.1016587896746324,1.0,8432.099247,31607.870527,40138.25688562407
SEQV6QiTpvTzrceiaYg9Avnwf7oc8ZALpnQMz6TyT4A,3dFMPj4r9mMmPHF32mz1gNDX7f8ftidWof7S8YiYTs1j,Fc1ED3YPeQfXQosHbd8DTaBd2AV5gHQtwiSAL5C5pUhi,101.60449100800008,102.02913355500004,101.0783932340542,0.9948221011814876,0.040431357293621684,0.998835153449871,4659.380746175,944.822225987,5578.976597190955
KEVpg4SYCVrqFxKijQH6hm4QxsRdoE51ud64bEEFUC9,2bPenuBYfqzD8p5dFjCcggwkHDsc2RQDnx9AoyYGUBjA,AE6n6iLuX8oYu61vt5hoDYkjswpnxFxrhSehxrnQTnbx,1827.603795672,1831.0857946450005,1824.044406490418,0.9980524284366168,0.7296177625961673,1.0,5836.276701741,1760.776437649,7585.686572849652
ACUSESXyNnwRLAg1dpSGMLSzUDdLjUMybY8rkXiAKhCP,AhFPQdu8GKBsxuhiH46UmCu1YpaLgNpoP325HnYtsgas,A8wxWpT3aFEr2XqZp1kDmbxbFfcBE95UUmdsNTDBJYbT,0.0,0.03243110399989746,0.0,1.0,0.0,0.9871651492131812,1027.164017027,1857.75618587,2861.076179453069
MATSnbbiTCv7Dc3trJrkrqjx7ckKdr6fwPoVwv9q3sD,631WX9JizSHJm4w6VanZeJAst9T8DeUUnPLesdGkCVtK,211maUSfpnXbPuW1iBu8b4dtJv5EbN1j7JJiEX5TZKEP,230525.50101399995,229355.864461,230680.7491581834,1.0006734532340265,92.27229966327337,0.9993444300538846,20137.781128,24581.451889,44716.68000973646
RajgMbScQbqqrdJfR2rxfHJiTiY5b6bJ2tTXiF4aPxy,725ZA3fhyBAKb5iopNRrcbSuQa3LXA1656Q3mBvYPxeg,GLA6i1dSZpUfk2f9Nj8uiG7xyDdAR2reff8oEiZH3617,197291.35280693002,197216.86917474997,198038.71129561742,1.003788095514854,79.21548451824698,1.0,49626.80577722,183722.9222511,233537.71910870122
AURHmCnNwiW4uA2Qj1XvEh4iKgRUZYXtiY7FKAapUV5Y,BKWm4TRnTeKwfWXRyuzjRHU7iZDkPuXBX5b5V5jSVfGJ,A5Ww74HVrkj9nPeC7pHKLfgeDMEhBCpW1efQdz3TGLEg,2.4711275699996804,2.1970700530000045,460.6862640551796,186.427552202511,0.18427450562207184,167.19603718640502,286.885138437,1817.97304087,357441.18226727075
wrmcMSHFi3sWpAEy4rGDvQb3ezh3PhXoV2xNjgLBkKU,8p4mGnARWPBu6P2Gcw4adodLkNDorrXniZMhaY7eJXUn,AyY89zccbsgp9LKFgH4CFZMJmpSgqmPSdTfukhP227rc,0.03004437999999965,0.383787100000006,8.34447897658933,277.73843149998197,0.0033377915906357323,3952.100541437774,49.50353318,0.14095202,14306.090213679263
KEnkcdADoLR5jS2CLLLesy8TtFsyWL37BhXNfDMzWzP,3qsjFRuw1qeLMPo4DLwaQevenGAGBj9dA3Q6rb8ax2YR,77iEv8zPQAEyCcEbvBRSB6AFcUdfkhiqnAKtPxk76rNN,3.4803479999999922,0.030196999999999974,0.033326598458664806,0.009575651187371172,1.3330639383465924e-05,0.9961459114685284,116.710029,0.319297,1.4356409288661407
SAMGk1Nd4haC8zQA63DG37pzuEZy8j4q13tSFtCbcRE,9U9TnkHD3jXMAVZtynCVLgDruuqN4pTvLJTmVHCLWS8g,C6zoEbvqSknmi96QWq96UBiPCyNW3YSTvKhavR2BfifE,0.32949494000000357,0.1948173999999998,0.7518784471132754,2.2819119684000833,0.0003007513788453102,0.0,53.183535,1.39916845,121.36014503832472
JSoLLrxK5bYdHwTEWYaGgmeycBCNXKDiBCTw5hXGBg7,xG4wXczA7Dk4hccJ61CHKpDHW4NrNfQwgmWgkb9BuF2,BVR6WgfhsRr9Lob4QDnkEAiNGgAbv7ZieKcY9kSg3QYR,29.180663990000113,24.757969593000013,5700.165607725818,195.34050389255023,2.280066243090327,167.56467368036536,17.479862478,169.778190786,31863.35228152391
BSCuChvaSj9b5HUSqgDVRzcnr2sSn7cXaamt1jbKH6hn,GnKpRj5kBVPMJfiwZtEuD9GYApLzPdW5JFuZTcyX4BTc,3dmwD9okkomV9nDwyuh4UMhKdUR13QpuKxRo89ycZB5t,381.24171544199953,381.4184027030003,381.1598964209536,0.9997853880681681,0.15246395856838144,0.9985461168538609,1665.175873196,1430.575761514,3093.3143781100734
SoNcU2iwHMw6dGzsYNQkYFkUjwN1UdAjrWVRnStrZu2,8ivTTid27jZnYNc4w3CTA1Z6QS2twsFb8WMwUabeDJgc,CyXm53PMvHCbeXJBykU46Rcbo28xk5srhMZFg7gv6EYB,19.288616614000013,19.17852982400001,3792.0741762459966,196.5964823777794,1.5168296704983988,195.85404408243656,13.78771239,12.401267921,5139.454229988167
BSC8REUo9LpiiWUuqMuLXs2D2yJsJfGd4HdiF3wCLxk5,AZjEH1zWVx1UJ6udMyRijGTzPteuLnaY18yNNmprJEsh,Caf8ypkSVR8xYnXNhjvfvdGCC7mrM3C11rz8Xi6NA6aK,2545.904089753001,2542.041438518,2545.972586599471,1.0000269047238448,1.0183890346397886,1.0,3200.131525738,3103.294446583,6303.512070975967
RoBgmK8CvjdHvPrqdDyVw54VwjZv2TqJ493xnqJAQHx,ExiHJxM7qPAcy27NDHAF6G7vnW7muNHi2sVJpnaNynGQ,6rkPHSqZb7StM4HwS9EuVrmfkV7tRdc7dnsFhyB6cefE,0.6215880000000027,24.52618899999925,0.015137266682875806,0.024352572255055986,1.5137266682875806e-06,0.939603243134554,6045.078492,23.511981,169.30514436403288
SERgf3DMJpQxUifu7VoFKmfne73d2fDJxSrxUMrcNJB,AJfM2GZ2tTB8UtN2krcyR9xufRJEx2mhSCbJyMgPo3GU,F4yRYkufQvERZcEKnKjJwRLU1btiMBUuEwq46hfm11QD,2.223364611000001,2.2129025490000025,372.0587389929757,167.34040703545926,0.1488234955971903,167.35516581884542,26.082027007,31.159012226,9579.198673494884
DFWzVTzNBrQZLjoQ4yQwkj9HuoXmfkuZP9V5vbymZe23,DhgiEgiNdqZdRdo195UUHnoEJUtefK8buko8nU97XJUZ,2K2kkXsouBHtWVjtcgkyiXd8eP3oVBvq1bTJzcVdLLr2,59.22247466399676,67.83937444502953,51.660308834453375,0.8723091888265745,0.020664123533781352,1.0,66483.359216563,9517.065887522,67511.11103618784
7dwD9TF6uikvHXxPFK9AsSim54yJoujQjY9vU6gNFumk,CquVr6atkvwueDYficKjn6SSEWq4F4rH4VSiBbW4GBWU,8BCa6ge3b7ho3TfZuM64Vk1hgbrJ3J7EPiAb9uP86CGd,1.4448901459999994,1.4949858649999967,271.2628302993391,187.7394146885816,0.10850513211973566,196.1203088267279,2.958293357,1.230783207,796.7698459758898
KwnjUuZhTMTSGAaavkLEmSyfobY16JNH4poL9oeeEvE,J63v6qEZmQpDqCD8bd4PXu2Pq5ZbyXrFcSa3Xt1HdAPQ,BnKQtTdLw9qPCDgZkWX3sURkBAoKCUYL1yahh6Mw7mRK,1364.3057780000008,38632.091407000495,47.49686284601754,0.03481394245478121,0.004749686284601755,1.0,270506.582226,771.054694,10188.455281255508
ALBpShJ9NLpE739pcHDF2LNVk5J4VYPvvKuV6jMPitZi,D6d156U1bPiJpDYRLextvDRccgFk7QzkQbJg42ceKEu5,GNcM8U5g8RwTZffwwm3kSQqUNPSwv5d2fbN9sLxPJqt2,4615.602931000023,4618.4489570000005,4606.210867042125,0.9979651490610646,1.8424843468168501,0.9994453078541409,52807.675115,47404.879678,100078.80393127646
heyk4SZTeCUV6a65WiVA5bzic3KcxgVf1qxobfeV4tQ,9ZDpBKPqMABtGfq66FbVribaArMvtk63xxy91onZAtDt,DaTP4s6N7xxSPinbNZ3FB52EpRDRt87QShTuN3VPCW52,111.98323366300247,98.07747796800084,21332.1388714909,190.49404248931518,8.53285554859636,167.88985619562257,656.045055152,4495.859030748,879781.800759103
MARpDPs5A7XiyCWPNH8GsMWPLxmwNn9SBmKvPa9LzgA,6YjT74rmcfCpw8LSjPNx5JTmZoYLGrTKnf9arfSgZ4SR,F8GSmi3vA8M8TsybLya1LQ4n1aFHCRbZ6k437PeTdXtg,138659.5980730001,146099.57998999802,130886.75711497046,0.943943000945831,52.354702845988186,1.0,374334.875306,18820.233321,372171.01887602906
WiiQFxXqp8P9Fs1rt9SVcDyA3KUdJmUsog6wnVQAwba,3S2jpqSYxho6wiz3cafhjXruVY8cg4HYa2v3BqBHYFSj,Dfe67M6TfrG74gKRtdqys4e6E9QirPD53BkF4FujFjuv,5900.865065750001,5927.432434579008,5880.4300655552115,0.9965369484021251,0.5880430065555212,1.0,21736.071800665,4977.151901324,26637.950563808183
GokA1R67GqSavkd15zR62QD68Tuc5AEfvjssntVDEbM8,3YB7hfpBdbQEuZqLGWVDpRPmeZWCUsrrWyqGXegnQ6Cg,4DPCj6Z1DsG6HUtwSogBGqXEUxdEV5a8YVrrFtcnz7UW,51713.521561999965,51736.025629000025,51707.83370029293,0.9998900120986691,5.170783370029294,1.0,20121.125623,13703.687038,33822.599580620314
KEN5P7p3asnb23Sw6yAmJRGvijfAzso3RqfyLAQhznt,9zj4aX38Uxf3h6AUjS4EipWS8mwbEofasHAf3a1uKGds,CwQDG1MWunn9cLNwcZLd8YBacweSR7ARo32w4mLua1Yr,306009.43137199874,306074.5600920003,305349.87564061506,0.997844655544025,30.534987564061506,1.0,2040236.873965,1875954.831445,3911794.2921748236
MNkYtBe2HtgL15osfaMmyqNW3vo4J399FXXCS4a39Wf,2mUxDu8NrhSKhQJMgKfYLxJqZzeEbmwhQdHeHMyohyuk,AZCBmDBcFsA2jHHhfFJBTsWCHx9XnnKmGfFsue3ZVW1t,0.016263380000054894,0.016263380000054894,0.016256682734468775,0.9995881996493904,6.50267309378751e-06,1.0,2194.39033408,1941.69035254,4135.1770359110515
YAkoNb6HKmSxQN9L8hiBE5tPJRsniSSMzND1boHmZxe,CfWX7o2TswwbxusJ4hCaPobu2jLCb1hfXuXJQjVq3jQF,EnTrdMMpdhugeH6Ban6gYZWXughWxKtVGfCwFn78ZmY3,13946711.540880917,13956880.481877003,13946711.540880917,1.0,1394.6711540880917,0.9993713953922982,979432.136306,263246.923015,1242513.5810922293
BkwbeSfcX1h4thMDd7obGkHrPevf3QwgzJ4pCEqG18Lu,35yX27bmurdebhfAb8EPmjLETDiUaEUCn9zHaDPbakH2,2CxECn1ZJFoESyUnQysQU8rRgT3iJ5GRs2Mdd6gZjx5g,0.09013927000000188,0.08144456000000089,161.33462798231977,1789.8373037890856,0.06453385119292791,1562.4999999999998,1.72798377,21.58093673,36813.0234525131
CZgvH45CRmoaNJ7395Ao5CQZXkGznvqU7cErD6n7FaRg,4ZjU6MKvtqVQKCiowhvZ5yUsPxXX5SCzd5eFsPeXyey5,BsyWeshjDbCvjDojry3vKDCesmFRM37WtwcR4Kfgzqr,886.07069971,886.46650775,883.5997747917789,0.9972113682135864,0.35343990991671154,1.0,597.64445487,507.77009274,1103.7479372861758
Lid8SLUxQ9RmF7XMqUA8c24RitTwzja8VSKngJxRcUa,4PgzyzLtds9bKZ2to9PMnKqJzKEUpjvNUaeN23phegax,AtymwxoVN9peZo7EXTcDz9jKVc4vRmisJKKrNfe3ewBa,1380.979023456005,1222.826459218004,260586.02431129146,188.69658400687007,26.058602431129145,167.84789623643053,1198.626735022,7516.776526299,1487851.8968166304
ercAoEmXjQzEvAFbdjAo81KtMxRGn9AW1ju882upmPH,CMRhskR2Eg6V42RTSdRTXGdozyPbWB8U9dVpijPWb9T4,7TKLLgrWswt6ZJ1pXhVR3FyufHGjJFqiEXxvWJfDcgRm,17.070795799999985,16.944392848000007,2873.039906464777,168.3014629268062,1.1492159625859106,163.12641563142566,306.701073538,1012.968841837,216860.2156728537
HEDSDjj84KS7LKhZY7ejkCACTdPen62rKhCby1wXtgxc,EnnjMSFttpCTywBrYNt1J5QQeoSVkvzPipJDa8Y7kJow,6bjVT6JN2rSvpyn9PdfLYC8wJn4LWh49jpY47fnLDXZk,6.05612072599979,6.232742792992212,5.886209702801623,0.9719439174208145,0.0023544838811206496,1.0,38643.647207764,9563.49231388,47122.950164422065
ZUCKWFa4LTL833dPhhpeeRWZcaAEoMeYJPi2iKn4F8N,7eEYpq6ShaJ9opZWMxitRFrdCHh6vfyHhGfoSvFht3N2,H8VggnHmuwd1wvwpT8eg9cUJFEfZ7HAaeYjgXrSm7A2u,0.032080951999887475,0.032080951999887475,0.03209631952509817,1.0004790233535075,1.283852781003927e-05,1.0,1916.072738944,1930.384487349,3847.375069881973
C98Sspw7XqnMsgxea3SLQVdbMDL8pKUc3RE82UvX9eq2,CSqgQJurPCzGxb4Cgwx5R61hWQUiaoUHcShNc8r1cKEL,6S2CR5EnukPhC914XkAns8m5GixjMAoUuZMsS5ubHuWc,173.44216500000005,173.05446900000027,0.0,0.0,0.0,1.0,910.06131,1103.011804,1103.011804
NorjjEePhxfwLF4vZjUHCrVVKLzQjEEGQFd3wgjEJmh,34M8pFVqgbV7aqHxvRT5tCv3vu2P1JJYT8J3VaxBK2oG,3AZWBSze3ucsY3xSeuLne3b2pauVqiaJ1SZSV5T9WGWw,24.41084299999966,37.46884200000204,15.867249464067973,0.6500082551048398,0.006346899785627189,1.0,37633.895191,2561.880191,27024.222736900334
TETFuZgEmET6d9vYmz9iMFCxK1jKdKYxf3oPz8hSzJK,Eu1Ze6Z84LWNkq7SNoAHBJbXx5t1P95EwyqYohrfCRFV,ASMbv7WNu3qe4pkhREmvyEdwFNDZQ6B6iSrjkj4u8bdC,38.71599637,39.00800102599993,38.40614591600294,0.9919968363713054,0.015362458366401177,0.9986932727702562,296.790256342,55.532580357,349.87500977920234
Sid7E679i9ABqptiAVhkmQ27YHN8vaYT4fppPwmxFsJ,GP7KB8o1bv527HG8kTzzzf4wJ5aEGHvcMQvVhLziUfmT,9gYxhAZ1M9wu5pxr8SBoa5NDm21gi3s9vMHaYTME77sa,2269.689719,8434.599316999956,21.783173443936857,0.00959742349872135,0.008713269377574743,0.03508433273686459,139601.204903,7540.858623,1604.377877436853
STK75uPSyBnEhGTTzb1nwmP3n427XoXmfRhXxxhyady,6TYyD5fUmDe6N65avW1Ny2RxzRNobw2RRgKwH9CTzSAU,54zDfk4cx2vGrEajPtodWpArNe5eUurytyxd4X3aZAxK,597.0743011320014,665.1457006219964,99949.59637306815,167.3989253658587,9.994959637306817,186.89698854751322,463.696114634,86.407340806,93771.50307109568
