0,1,2,3,4,5,6,7,8,9,10,11
BSCuChvaSj9b5HUSqgDVRzcnr2sSn7cXaamt1jbKH6hn,GnKpRj5kBVPMJfiwZtEuD9GYApLzPdW5JFuZTcyX4BTc,3dmwD9okkomV9nDwyuh4UMhKdUR13QpuKxRo89ycZB5t,834.6222960059997,835.5110314970004,833.6031811057643,0.9987789507839506,0.3334412724423057,0.9975480269497574,1572.895911867,1523.909091233,3091.1478357571646
STK75uPSyBnEhGTTzb1nwmP3n427XoXmfRhXxxhyady,6TYyD5fUmDe6N65avW1Ny2RxzRNobw2RRgKwH9CTzSAU,54zDfk4cx2vGrEajPtodWpArNe5eUurytyxd4X3aZAxK,1934.443550083996,2147.803207002,389679.12429001514,201.44248937793753,38.967912429001515,223.82305444607712,481.413542813,90.03799507,117129.72155727126
ALBpShJ9NLpE739pcHDF2LNVk5J4VYPvvKuV6jMPitZi,D6d156U1bPiJpDYRLextvDRccgFk7QzkQbJg42ceKEu5,GNcM8U5g8RwTZffwwm3kSQqUNPSwv5d2fbN9sLxPJqt2,2547.787274000002,2547.7626119999913,2535.3942668237673,0.9951357763253218,1.0141577067295071,0.9986308770675404,50273.818575,49948.805015,99909.69443707602
7dwD9TF6uikvHXxPFK9AsSim54yJoujQjY9vU6gNFumk,CquVr6atkvwueDYficKjn6SSEWq4F4rH4VSiBbW4GBWU,8BCa6ge3b7ho3TfZuM64Vk1hgbrJ3J7EPiAb9uP86CGd,0.9566442210000006,0.9614704119999984,223.91795258664087,234.06606936126647,0.08956718103465636,236.3287370545026,2.250876489,1.925278908,981.8525452032299
KysFMBBoavfov2tLpvefWW6tPFt6rAeZWDJVy1mMQae,B8ka2V21TH3x64dFV8ETcjuQcwmrciJ2qzy1mJUttRew,7fSf7EYxBANyxzk2s5pymFgshA91tFYQNKKs5UnLWcYS,5992.1109,6722.71426100003,129.32752829235528,0.021582966412112846,0.051731011316942105,0.029625703236427364,134714.50191,2454.946361,2980.2680823003748
JSoLLrxK5bYdHwTEWYaGgmeycBCNXKDiBCTw5hXGBg7,xG4wXczA7Dk4hccJ61CHKpDHW4NrNfQwgmWgkb9BuF2,BVR6WgfhsRr9Lob4QDnkEAiNGgAbv7ZieKcY9kSg3QYR,33.04223837199993,28.534464297000063,7717.354316077105,233.5602760682463,3.086941726430842,201.53423986121547,18.058555669,167.130797636,37900.33950641532
GokA1R67GqSavkd15zR62QD68Tuc5AEfvjssntVDEbM8,3YB7hfpBdbQEuZqLGWVDpRPmeZWCUsrrWyqGXegnQ6Cg,4DPCj6Z1DsG6HUtwSogBGqXEUxdEV5a8YVrrFtcnz7UW,58038.686637999985,58046.799709,58032.30308466067,0.9998900120986691,5.803230308466067,1.0,20234.508893,13734.646287,33966.9296288324
Dg3mAgpwDfVNnbGWcsxL8sUcSkEbjSJQhKAWNigG44Ju,EATxwd8YA2wV93VJcKMmH2Kn2Y9XfJVUB9hHVu3udwEy,GiGvrRi7NMHfHKanG2B8xyCEqe8jaafWins8bhrLVEaa,0.23132940400000004,0.232280182,54.258785967970525,234.55205014910476,0.021703514387188212,235.52215851347836,0.222096508,0.236857532,107.87838847917232
ALLwa5WNZbvQsRKAqe1jdRGemdYQnW8E5k4msbRFcYtu,CGoM82Hbz7QVqTgvQatYtjvDWBvoUJp5qm21P8iMs9yb,3dxNNww8TivyN5FMy5dCNdi3Zcxv6e4kUfSPxfFwpdNq,12.248886388000006,12.007142080000005,44216.613919572614,3609.847664428561,17.686645567829046,3606.8660301750415,1.66057481,6.90572269,30902.43868385741
daob129AwBGn9Y5r91uLoWZeYiGzbPmksauMhFZKTze,6VW5GQNyj4LStgmxEHLr5zUfW92vQnmbw8jTnCH7a38F,4VPCCUifPeBA1c7HWK358CHn2nyjm8pdTRk6Ps3KmnMQ,44.45446678100038,40.33809710400001,9956.883251203917,223.97936522904018,3.982753300481567,201.69980493611865,49.67198446,221.84206405,55871.000594528494
MARpDPs5A7XiyCWPNH8GsMWPLxmwNn9SBmKvPa9LzgA,6YjT74rmcfCpw8LSjPNx5JTmZoYLGrTKnf9arfSgZ4SR,F8GSmi3vA8M8TsybLya1LQ4n1aFHCRbZ6k437PeTdXtg,691077.4970040007,712961.1177249993,635743.6419002839,0.919931041969094,254.29745676011356,1.0,377389.590968,16140.554998,363312.9546454824
SERgf3DMJpQxUifu7VoFKmfne73d2fDJxSrxUMrcNJB,AJfM2GZ2tTB8UtN2krcyR9xufRJEx2mhSCbJyMgPo3GU,F4yRYkufQvERZcEKnKjJwRLU1btiMBUuEwq46hfm11QD,0.12268309399999922,0.12190103100000016,24.652911514194603,200.94791148807153,0.009861164605677842,202.05363271215984,26.203928038,31.039376067,11537.243303476043
NorjjEePhxfwLF4vZjUHCrVVKLzQjEEGQFd3wgjEJmh,34M8pFVqgbV7aqHxvRT5tCv3vu2P1JJYT8J3VaxBK2oG,3AZWBSze3ucsY3xSeuLne3b2pauVqiaJ1SZSV5T9WGWw,199.8302210000047,310.46829100000195,121.13161584414374,0.6061726561576534,0.0484526463376575,1.0,38010.217672,2325.695138,25366.449745366815
CZgvH45CRmoaNJ7395Ao5CQZXkGznvqU7cErD6n7FaRg,4ZjU6MKvtqVQKCiowhvZ5yUsPxXX5SCzd5eFsPeXyey5,BsyWeshjDbCvjDojry3vKDCesmFRM37WtwcR4Kfgzqr,0.018748840000000655,0.018748840000000655,0.018696570372142663,0.997212114037029,7.478628148857067e-06,1.0,597.64445487,507.78884158,1103.7671318634204
heyk4SZTeCUV6a65WiVA5bzic3KcxgVf1qxobfeV4tQ,9ZDpBKPqMABtGfq66FbVribaArMvtk63xxy91onZAtDt,DaTP4s6N7xxSPinbNZ3FB52EpRDRt87QShTuN3VPCW52,134.25073553899563,117.49744534599938,30871.32912910575,229.95277459868066,12.348531651642299,202.15464506900346,656.264296952,4469.238047072,1054387.0270888912
MATgk4zXLXtYkwBH678J1xZbRDZ45LicNzkRBHkxTuY,y8dALFo1bJrSzPYjMX14HJX448pXqYmrfXHD1K8MXih,GN7Yuet3UyiWS5YVkEHv6oQKi4HGBJc3XDPt9zQhAqZz,54292.005013,54272.94990200001,54304.71231568186,1.0002340547688158,21.721884926272747,1.0,8188.485779,9234.548083,17424.950416145955
KEnkcdADoLR5jS2CLLLesy8TtFsyWL37BhXNfDMzWzP,3qsjFRuw1qeLMPo4DLwaQevenGAGBj9dA3Q6rb8ax2YR,77iEv8zPQAEyCcEbvBRSB6AFcUdfkhiqnAKtPxk76rNN,8.430081999999999,0.07319000000000003,0.08278377341089818,0.009820043673465832,3.311350936435927e-05,0.9958691348287304,114.39766,0.342521,1.464496109272967
DA1mL7dfBow33EH5yjUuZE6SH2KeUK5zEXzsyhE5r5j5,B4UtLRZND3D83CitRCBUyeiNr7H8m7YFRqBmiPmXjhW4,AAmpYbuixWiSqDaJBCqYEs1pb5SrbdPr9mgXrB58Q2e,0.058658852999769806,0.018929794999849037,0.05865060537569006,0.9998593967720477,2.3460242150276023e-05,1.0,1637.759450222,1468.918985118,3106.4481610746893
MATSnbbiTCv7Dc3trJrkrqjx7ckKdr6fwPoVwv9q3sD,631WX9JizSHJm4w6VanZeJAst9T8DeUUnPLesdGkCVtK,211maUSfpnXbPuW1iBu8b4dtJv5EbN1j7JJiEX5TZKEP,27228.28747600001,27222.693575000005,27168.1372201945,0.9977908909673983,10.8672548880778,0.9989032042816987,23792.737919,21109.731736,44826.75583937028
BSCNHw8CmxbZ8hCWWzMf5FaG2ajPT6JxfznKUNuRVrn4,7n9kgNL633yGzCYksgnzHyjG73ZLBAwvEae5sbAekbzW,SscdxE99omdG9AiMVwmaEMQySQnCgeAh1sPj2Leutm2,4068.485087058001,4047.03792052,4081.831430878387,1.0032804209760633,1.6327325723513548,1.0,4566.295342285,7100.958183443,11682.232896751731
AUSejoEUCh2DBs9mof6BNC8Pubs22w4cJa1ccV9h44R,4xkyD7AfGQDwsQMy9MosRRNGoVJ1zosNinesxg1TzHG7,Cbm5gsQe3nSiCsFrvepVzMCD9xLK3ri9g3ypS2hdmVJ7,13650.909304,13662.432298999998,13646.269572345404,0.9996601155607093,1.3646269572345402,1.0,14592.081178,14267.060289,28854.181845670733
SoN9GaFpSXfpyR5dth3x7PHPVhvJMpQqqDJfCSmPv1t,9kZ9iS68ViMPtoeqtnhAKuF2iqVyfHPdZHoUNdwCELr,BBhm5fJLjw3HRzjtKB8uMEYjGhY6EDm9co3cqpjrSzB9,7.499270779000004,7.416385637000001,1778.1102775046477,237.10442387063014,0.711244111001859,233.82897281270533,3.86973706,5.691102368,2248.276397023521
AURHmCnNwiW4uA2Qj1XvEh4iKgRUZYXtiY7FKAapUV5Y,BKWm4TRnTeKwfWXRyuzjRHU7iZDkPuXBX5b5V5jSVfGJ,A5Ww74HVrkj9nPeC7pHKLfgeDMEhBCpW1efQdz3TGLEg,1.9112718250006537,1.8879812139999217,432.1165533625696,226.08848605949697,0.17284662134502787,201.73105417588326,287.183336303,1817.61580703,431598.39856517134
Cob4usZcpHEY7Qt4ZCwj6WVg9S44zvzYV2v9qYF65dTf,NhFM9UXE48PyNAyeyPYA3iXztqKVJwA4bTdLj4ysM8w,6TuFuynuBoeskxyR2cz4wxyidk8dpDK7kAWw3UkjQGx,244.5475319999934,14283.798361000008,2.4001168556111776,0.009814520866279862,0.000960046742244471,1.0,69676.894556,199.127462,882.9727975174437
BSC8REUo9LpiiWUuqMuLXs2D2yJsJfGd4HdiF3wCLxk5,AZjEH1zWVx1UJ6udMyRijGTzPteuLnaY18yNNmprJEsh,Caf8ypkSVR8xYnXNhjvfvdGCC7mrM3C11rz8Xi6NA6aK,4780.474100036001,4781.419419836,4778.372075046699,0.9995602894304384,1.91134883001868,1.0,3256.453530187,3050.874742071,6305.896375221491
SAMyS8Jr2HJrkFwYVKbpUwsNStnQmvz3f8Tup8bWUWF,6jPzm5TFfquvgm25sTyN3MMGBfufRaFHMxobDWv6hMFW,Cj9ECoDmxsHTDzCY5ZA6RWrPbg9uFzEC1Qc2kso2vJG6,4570.164658509986,161.60835001999976,4616.92823183029,1.010232360716638,1.8467712927321163,0.029769158336288664,625.87771341,113269.64746848,4004.2239901228954
SoNcU2iwHMw6dGzsYNQkYFkUjwN1UdAjrWVRnStrZu2,8ivTTid27jZnYNc4w3CTA1Z6QS2twsFb8WMwUabeDJgc,CyXm53PMvHCbeXJBykU46Rcbo28xk5srhMZFg7gv6EYB,40.48657267,40.104581481000025,9592.490230777086,236.93016222845137,3.836996092310834,231.1057206985679,13.787684851,17.042642393,7205.370561344422
C98Sspw7XqnMsgxea3SLQVdbMDL8pKUc3RE82UvX9eq2,CSqgQJurPCzGxb4Cgwx5R61hWQUiaoUHcShNc8r1cKEL,6S2CR5EnukPhC914XkAns8m5GixjMAoUuZMsS5ubHuWc,42.41526200000021,42.34449899999993,0.0,0.0,0.0,1.0,924.458193,1088.735784,1088.735784
SUiuyGR7SFq3xeRVJonq84fjjeFwRSsFekcevJ53tzy,49GjCCPsv7fBqo6t3iKDrP1xxGDS8uWZbVCdfnp2gjMf,CEwj5xEbbJEjYqM8D6Ai8ByGz1mrh8mkAVsE5fzDSSSx,36.93850699999996,0.33939699999999995,0.3625118525263373,0.009813928119139673,0.00014500474101053492,0.9337085596798501,621.108205,1.895419,7.86528022255769
SQDY9uoDoCbNq7F3HAHYYQZbrUzpKxDtdWLvYcqBLak,GiehZ4X2uQjhEKuxSm3ACmEFrabxh3RTvjbLfLjw1xGX,rxDQYV77NKRKYxCjq4cECX3QQsiSyLv1T1FT2X3zNA2,0.019940784999988637,0.019940784999988637,0.019982007702039874,1.0020672557299655,7.99280308081595e-06,1.0,171.365745094,234.998036575,406.7180384874654
moFiBS1R4Lf3E3zzmBPnw3NF4RhWPkhREFviuzUaCAU,44ALBrpqi9PfZkBRTvbtRNtFJGsatfY4QydjtMbFWq8S,2ho8qEEie1UjVwWNBo9y4oAJZMyMLx8zPj9bxyUz6uWs,622.6592970390011,623.6477922380072,621.7277797150318,0.9985039694606681,0.24869111188601276,1.0,39867.392646786,28016.689221077,67824.43903093987
parEAJhzYzHW87y9VoZAQ22dzQ2MD2ekEtTReaxbMcz,3oyc6hpjYSJEquK6dSvG72NXyz3pqLZz5D8AC71pwgQb,Di2vordgFJVZ1aj1aBpvzXtLfZgJsuLLXawGtVFwX6Rz,11.57374959300003,13.453939637000076,2277.2441626893456,196.75941183889577,0.9108976650757382,229.22016092172174,1277.931380741,174.865483099,291527.72102067457
oKQqupM9E7SSLAFDLxr7mdsXP7znck9qRbVWc6Yyj7Q,CMR2J7CwfW98RpvnJmFBgRFTLAd3x8CJ1SWs8Bt3uunG,FmRb5jHfSNj1YWP3b45d9vvYuhwjp4om8bALmtqZpr1v,0.11619771000050605,0.038445669999873644,0.11599453860646451,0.9982515025981092,4.639781544258581e-05,1.0,3105.51324212,2783.4812943,5883.564554584616
ACUSESXyNnwRLAg1dpSGMLSzUDdLjUMybY8rkXiAKhCP,AhFPQdu8GKBsxuhiH46UmCu1YpaLgNpoP325HnYtsgas,A8wxWpT3aFEr2XqZp1kDmbxbFfcBE95UUmdsNTDBJYbT,0.0,0.03870401000040147,0.0,1.0,0.0,0.9871876323001101,1027.944778918,1857.687343982,2861.8307495774707
SEQV6QiTpvTzrceiaYg9Avnwf7oc8ZALpnQMz6TyT4A,3dFMPj4r9mMmPHF32mz1gNDX7f8ftidWof7S8YiYTs1j,Fc1ED3YPeQfXQosHbd8DTaBd2AV5gHQtwiSAL5C5pUhi,116.12771538700053,116.21699812399993,115.72080412476136,0.996496002174131,0.04628832164990455,0.9979561857316216,4130.989448896,1473.256121352,5586.759530318585
Lee1XZJfJ9Hm2K1qTyeCz1LXNc1YBZaKZszvNY4KCDw,9DgFSWkPDGijNKcLGbr3p5xoJbHsPgXUTr6QvGBJ5vGN,2hNHZg7XBhuhHVZ3JDEi4buq2fPQwuWBdQ9xkH7t1GQX,10391.79074993002,8894.614093862983,2453573.3005451756,236.106880862829,245.3573300545176,200.8118017899159,7361.568949542,56580.893698583,13100228.293429166
BSCrK1Nx9PXU9mF7STWWBqeHLxmtJDr9h7jheEy4tAWX,FfSySSbVJPvEo5a5AvrP3nySoXpRE2QPn1uUMpJJ1x7v,HL7Vcj6838ZmvBHDbQxXfjBNckNi83WvPiZQoMQLFeRM,0.1426405529999999,0.14178239999999998,520.945298034045,3652.154223168536,0.208378119213618,3613.7612026597285,0.879832224,1.972614691,10341.841410693774
BkwbeSfcX1h4thMDd7obGkHrPevf3QwgzJ4pCEqG18Lu,35yX27bmurdebhfAb8EPmjLETDiUaEUCn9zHaDPbakH2,2CxECn1ZJFoESyUnQysQU8rRgT3iJ5GRs2Mdd6gZjx5g,0.10125155000000063,0.057986760000000026,296.68175691514483,2930.1453352086264,0.11867270276605794,1724.1379310344828,0.78282633,22.82671272,41650.1961605073
Lid8SLUxQ9RmF7XMqUA8c24RitTwzja8VSKngJxRcUa,4PgzyzLtds9bKZ2to9PMnKqJzKEUpjvNUaeN23phegax,AtymwxoVN9peZo7EXTcDz9jKVc4vRmisJKKrNfe3ewBa,1071.9724944059717,922.556139402994,251719.10583086853,234.81862374683172,25.171910583086856,200.643584361197,1028.109069543,7711.693525925,1788720.9873083525
RoBgmK8CvjdHvPrqdDyVw54VwjZv2TqJ493xnqJAQHx,ExiHJxM7qPAcy27NDHAF6G7vnW7muNHi2sVJpnaNynGQ,6rkPHSqZb7StM4HwS9EuVrmfkV7tRdc7dnsFhyB6cefE,3.1239099999999986,121.96674600000006,0.06732571910099039,0.021551747361796728,6.732571910099038e-06,0.9033831699715433,6089.525401,22.452888,151.52347413205194
wrmcMSHFi3sWpAEy4rGDvQb3ezh3PhXoV2xNjgLBkKU,8p4mGnARWPBu6P2Gcw4adodLkNDorrXniZMhaY7eJXUn,AyY89zccbsgp9LKFgH4CFZMJmpSgqmPSdTfukhP227rc,0.06369342,0.5679119400000161,27.115121328224777,425.7130693912303,0.01084604853128991,3620.958105514719,48.96864942,0.19001955,21534.64687831005
KEN5P7p3asnb23Sw6yAmJRGvijfAzso3RqfyLAQhznt,9zj4aX38Uxf3h6AUjS4EipWS8mwbEofasHAf3a1uKGds,CwQDG1MWunn9cLNwcZLd8YBacweSR7ARo32w4mLua1Yr,603760.2639449993,603889.5710599984,601743.8204028294,0.9966601916976212,60.174382040282936,1.0,1911749.382727,1808559.797209,3713924.303475501
FrnkTEL6yZ5Aycq2TrEgu29dCrwKG4LPUZydfiwqspkc,DjvZuMZ46fxKBoBpGMPcRcos4xdTtHFxwMh69DpA2ZFY,9rvDPJLAng4uVVqnnSoEXgNDFhBZQTny9AoQioYDZbQX,202.65680054499995,173.30569190800037,47857.795102539516,236.1519325965708,19.143118041015807,200.70556032677274,317.469617252,2510.529734089,578848.3406521099
KZMu9QBEdL97EFgamLbN5DE1AoKBG4HdrKKJo4Vuon3,DD4ACBWyVqdaKWh7v5btsgqQCCMwbKnuL2xd9pv7Gyuw,GcYqiJ1MAuYbNTNYXm1F1gQYTfTgkErACAhNU5dpVj9T,287.9656590299994,284.2946220900001,290.7717518209475,1.0097445396801836,0.116308700728379,1.0,1195.17375821,1889.87967851,3096.6998548315914
BerKDkt6v49dT1bHRedgnpsJS263C1DSJtEGvY9Mg35V,78XKqNb8wbfsMMrvo8WPUpdx7GEkfQutpNVH943aCGFa,DKYQwn4nDvFHCszi5tXbqfVMAP7DaXXp1KGTXEnYnKVH,0.03791036700022232,0.03791036700022232,0.03806332660974989,1.004034769948987,1.5225330643899957e-05,1.0,1340.351451808,2198.734871777,3544.4943333438364
NorBXypYWTkV5PMs6Q9JsvNkmRwe7H9Zr1Kz2TcJH2Y,C82XDu1d1UjtuUwnkSTwVuWyH3AqpJ3ftb9W7en8rEUu,F7cZoYpWQSFuYJzW2UUFw6sVbTtaihyD5upeeHRUPABk,0.005873998999999935,0.005876384200000001,0.0,0.0,0.0,2994.3705833033896,0.2428742106,0.6627850719,1984.6241223499821
YAkoNb6HKmSxQN9L8hiBE5tPJRsniSSMzND1boHmZxe,CfWX7o2TswwbxusJ4hCaPobu2jLCb1hfXuXJQjVq3jQF,EnTrdMMpdhugeH6Ban6gYZWXughWxKtVGfCwFn78ZmY3,20603328.603802957,20584383.73609213,20603328.603802957,1.0,2060.3328603802956,0.9969403899432642,275865.734603,1062662.436301,1335276.8382269782
BUSDTd9WiT6uBHJRgNvFXBsA7JrifsAtWzKfioN7ERcy,DyBxrn7gSc1EwnpWhDyhzvMHPtxpmBqRqotapLcKcfTM,Cds99GeBgoCpqBsoRWu1C6fF9LiUMd4pXQQD24s9LPff,8056.104670190003,8071.001262590003,8052.449019384183,0.9995462260043185,0.8052449019384184,0.9946250462500646,316.67299217,317.82524861,632.6462467991782
RajgMbScQbqqrdJfR2rxfHJiTiY5b6bJ2tTXiF4aPxy,725ZA3fhyBAKb5iopNRrcbSuQa3LXA1656Q3mBvYPxeg,GLA6i1dSZpUfk2f9Nj8uiG7xyDdAR2reff8oEiZH3617,6644.26841294999,6659.917358910083,6627.781276801445,0.9975185926991734,2.651112510720578,1.0,136050.23296898,45590.33033852,181302.96726613163
B2izdXFYb2sNwbWWHmh75T4aQFtfXsUxem9u2p61HGzf,4DYwgJtxwuJdAjkj5RJSNH4e7U329V5cNp7d3a1nLrZv,EXNW64GEf1ACC6xY9BtKRiunrs6GoJSXBdxWN2eTPmrF,11152.89517000004,10875.772892999998,11418.32556610983,1.0237992370648086,1.141832556610983,1.0,6617.181784,33473.40427,40248.069931978345
DFWzVTzNBrQZLjoQ4yQwkj9HuoXmfkuZP9V5vbymZe23,DhgiEgiNdqZdRdo195UUHnoEJUtefK8buko8nU97XJUZ,2K2kkXsouBHtWVjtcgkyiXd8eP3oVBvq1bTJzcVdLLr2,29.188216365999324,34.24751428499803,24.885236701397623,0.8525781907792714,0.00995409468055905,0.9999399726035045,67360.612877131,8763.259919601,66192.92334049047
SRMuKizofcAMicegrfSv7xs9q76tH1w8aAF7oX9FEWu,72Hj2KWntXPfbie4UgKeTPnm1XVkomDfCnRPKbvfTtPi,6aqJQ5wedqpUt4fFEDUqUmXhrdxCu4bEJsQdVPCADLko,2371.356794999997,2371.929637999995,178.38986372944646,0.07522691823751756,0.0713559454917786,0.07523424747207286,17562.815996,5392.377429,1726.8879809078637
KwnjUuZhTMTSGAaavkLEmSyfobY16JNH4poL9oeeEvE,J63v6qEZmQpDqCD8bd4PXu2Pq5ZbyXrFcSa3Xt1HdAPQ,BnKQtTdLw9qPCDgZkWX3sURkBAoKCUYL1yahh6Mw7mRK,713.4059789999558,23244.567099999134,21.093701285532813,0.029567598122883294,0.0021093701285532815,1.0,272624.707804,702.880387,8763.738185717157
vEnkoSUkpnbRrPgBz9DfcVxNz67zjwMYBZraAvDDNSf,DtfyjjsZ5yCjWKLKHvwsfXs5QVsmm1QkK6Sh9JZHoq1g,e5wrKCRv4GhHvEf1VD5Pq2KGaZDXP77nTL612Jyrxwy,58764.97191299998,58768.03741700002,58468.76912859452,0.9949595349957117,5.846876912859452,0.9963503685998188,4009.250268,2869.916631,6848.484275478313
WiiQFxXqp8P9Fs1rt9SVcDyA3KUdJmUsog6wnVQAwba,3S2jpqSYxho6wiz3cafhjXruVY8cg4HYa2v3BqBHYFSj,Dfe67M6TfrG74gKRtdqys4e6E9QirPD53BkF4FujFjuv,33179.176739029,33268.57097838,33101.1633545153,0.9976487245260088,3.31011633545153,0.9999399726035045,20633.182867003,6086.438212226,26670.741429363632
TETFuZgEmET6d9vYmz9iMFCxK1jKdKYxf3oPz8hSzJK,Eu1Ze6Z84LWNkq7SNoAHBJbXx5t1P95EwyqYohrfCRFV,ASMbv7WNu3qe4pkhREmvyEdwFNDZQ6B6iSrjkj4u8bdC,1.0020707719999677,0.9938280000000006,0.9932024602797128,0.9911500145817493,0.00039728098411188515,0.9970179194030655,310.137502717,42.29515226,349.56181504740294
ercAoEmXjQzEvAFbdjAo81KtMxRGn9AW1ju882upmPH,CMRhskR2Eg6V42RTSdRTXGdozyPbWB8U9dVpijPWb9T4,7TKLLgrWswt6ZJ1pXhVR3FyufHGjJFqiEXxvWJfDcgRm,2.413942446999954,2.3568236199999433,484.69187439072317,200.7884964254628,0.19387674975628927,195.54302689655225,302.766405003,983.040594361,253018.7446122308
KEVpg4SYCVrqFxKijQH6hm4QxsRdoE51ud64bEEFUC9,2bPenuBYfqzD8p5dFjCcggwkHDsc2RQDnx9AoyYGUBjA,AE6n6iLuX8oYu61vt5hoDYkjswpnxFxrhSehxrnQTnbx,5795.915660772999,5806.626137988001,5791.479734784938,0.9992346462150781,2.3165918939139756,0.9999399726035045,4642.094362467,2961.857518115,7600.2212434961175
BUSDgu5JdqP1rndBvXvanbEufS94FNh1w5FJcAj6vawb,Bgzr8cWubt89JQFXndVjtdKmDbGzuPxNhvjH1EhWCwbo,Dxaf8xPBBQsasRKW5Aa4Sw2YrbfGofY9xZueyyF23FBW,27306.725265980003,27236.41313220997,27360.013543558387,1.0019514708211743,10.944005417423355,1.0,6564.25344417,8252.35107646,14829.41446968909
Sid7E679i9ABqptiAVhkmQ27YHN8vaYT4fppPwmxFsJ,GP7KB8o1bv527HG8kTzzzf4wJ5aEGHvcMQvVhLziUfmT,9gYxhAZ1M9wu5pxr8SBoa5NDm21gi3s9vMHaYTME77sa,9526.882122,32261.16181900003,90.99216924710866,0.009551096369397133,0.03639686769884347,0.029105564748224785,135533.839201,8775.736276,1549.9195199175888
HEDSDjj84KS7LKhZY7ejkCACTdPen62rKhCby1wXtgxc,EnnjMSFttpCTywBrYNt1J5QQeoSVkvzPipJDa8Y7kJow,6bjVT6JN2rSvpyn9PdfLYC8wJn4LWh49jpY47fnLDXZk,1.4940014807507396e-06,1.4520010154228657e-06,1.4442397607453707e-06,0.9666923221653277,5.776959042981482e-10,0.9988207642387583,38659.743503935,9547.994170899,46908.812056859424
