0,1,2,3,4,5,6,7,8,9,10,11
ALLwa5WNZbvQsRKAqe1jdRGemdYQnW8E5k4msbRFcYtu,CGoM82Hbz7QVqTgvQatYtjvDWBvoUJp5qm21P8iMs9yb,3dxNNww8TivyN5FMy5dCNdi3Zcxv6e4kUfSPxfFwpdNq,3.6239380350000063,3.598472955000001,12945.872307362577,3572.3216518415315,5.178348922945031,3538.3575651853926,0.9257044,7.641290094,30344.530483206076
RajgMbScQbqqrdJfR2rxfHJiTiY5b6bJ2tTXiF4aPxy,725ZA3fhyBAKb5iopNRrcbSuQa3LXA1656Q3mBvYPxeg,GLA6i1dSZpUfk2f9Nj8uiG7xyDdAR2reff8oEiZH3617,61508.040998799974,61626.28891551998,61377.43411542275,0.9978765884710948,24.5509736461691,1.0,133075.55146665,48555.84863844,181348.82594489033
vEnkoSUkpnbRrPgBz9DfcVxNz67zjwMYBZraAvDDNSf,DtfyjjsZ5yCjWKLKHvwsfXs5QVsmm1QkK6Sh9JZHoq1g,e5wrKCRv4GhHvEf1VD5Pq2KGaZDXP77nTL612Jyrxwy,44686.907976999995,44707.78027599997,44515.34583415516,0.9961607962910941,4.451534583415516,0.9955617855599735,3167.17003,3706.617796,6845.177650448222
KZMu9QBEdL97EFgamLbN5DE1AoKBG4HdrKKJo4Vuon3,DD4ACBWyVqdaKWh7v5btsgqQCCMwbKnuL2xd9pv7Gyuw,GcYqiJ1MAuYbNTNYXm1F1gQYTfTgkErACAhNU5dpVj9T,296.1518191700004,292.5460934199996,300.1511592797304,1.0135043577342817,0.12006046371189216,1.0,1107.3639712,1978.61305944,3100.9312698491394
wrmcMSHFi3sWpAEy4rGDvQb3ezh3PhXoV2xNjgLBkKU,8p4mGnARWPBu6P2Gcw4adodLkNDorrXniZMhaY7eJXUn,AyY89zccbsgp9LKFgH4CFZMJmpSgqmPSdTfukhP227rc,0.09245797000000008,0.8813732700000259,34.86348793363503,377.0739064856712,0.013945395173454011,3568.624652059096,49.07702158,0.17785784,19140.37211823817
BSCNHw8CmxbZ8hCWWzMf5FaG2ajPT6JxfznKUNuRVrn4,7n9kgNL633yGzCYksgnzHyjG73ZLBAwvEae5sbAekbzW,SscdxE99omdG9AiMVwmaEMQySQnCgeAh1sPj2Leutm2,360.724533301001,357.26404714000046,365.5666737298232,1.0134233742975884,0.14622666949192928,1.0,2719.494411688,8959.779805679,11715.779008755288
7dwD9TF6uikvHXxPFK9AsSim54yJoujQjY9vU6gNFumk,CquVr6atkvwueDYficKjn6SSEWq4F4rH4VSiBbW4GBWU,8BCa6ge3b7ho3TfZuM64Vk1hgbrJ3J7EPiAb9uP86CGd,1.6751903359999987,1.695109512999999,371.6844435894822,221.87594782631464,0.14867377743579288,223.66916288908092,2.279002882,1.897033329,929.9637812127692
BkwbeSfcX1h4thMDd7obGkHrPevf3QwgzJ4pCEqG18Lu,35yX27bmurdebhfAb8EPmjLETDiUaEUCn9zHaDPbakH2,2CxECn1ZJFoESyUnQysQU8rRgT3iJ5GRs2Mdd6gZjx5g,0.14918177999999926,0.08554983000000005,451.3684306072411,3025.6270612084354,0.18054737224289646,1672.2408026755852,0.72483957,22.92796427,40534.171592608625
KysFMBBoavfov2tLpvefWW6tPFt6rAeZWDJVy1mMQae,B8ka2V21TH3x64dFV8ETcjuQcwmrciJ2qzy1mJUttRew,7fSf7EYxBANyxzk2s5pymFgshA91tFYQNKKs5UnLWcYS,12102.041193999998,13510.445829000033,257.1131844205067,0.02124543953362011,0.10284527376820267,0.02847940997041929,134714.50191,2454.946361,2931.984228500964
WiiQFxXqp8P9Fs1rt9SVcDyA3KUdJmUsog6wnVQAwba,3S2jpqSYxho6wiz3cafhjXruVY8cg4HYa2v3BqBHYFSj,Dfe67M6TfrG74gKRtdqys4e6E9QirPD53BkF4FujFjuv,37199.35970013401,37312.76231275799,37156.75123604311,0.9988545914651658,3.715675123604311,1.0,18484.95765899,8230.73744121,26694.522271931342
BSCuChvaSj9b5HUSqgDVRzcnr2sSn7cXaamt1jbKH6hn,GnKpRj5kBVPMJfiwZtEuD9GYApLzPdW5JFuZTcyX4BTc,3dmwD9okkomV9nDwyuh4UMhKdUR13QpuKxRo89ycZB5t,997.1874726220001,999.9914781139998,995.1928573376811,0.9979997589830583,0.39807714293507246,0.9947665332684746,1584.34072423,1512.151276689,3085.409144217999
B2izdXFYb2sNwbWWHmh75T4aQFtfXsUxem9u2p61HGzf,4DYwgJtxwuJdAjkj5RJSNH4e7U329V5cNp7d3a1nLrZv,EXNW64GEf1ACC6xY9BtKRiunrs6GoJSXBdxWN2eTPmrF,25553.416785999998,24996.76817199999,26093.100381184027,1.0211198212631865,2.609310038118403,1.0,7131.126794,32944.954054,40226.6889712944
STK75uPSyBnEhGTTzb1nwmP3n427XoXmfRhXxxhyady,6TYyD5fUmDe6N65avW1Ny2RxzRNobw2RRgKwH9CTzSAU,54zDfk4cx2vGrEajPtodWpArNe5eUurytyxd4X3aZAxK,2307.933175531996,2560.335600677984,442114.66724007786,191.5630278758687,44.21146672400779,212.9241102274051,479.625521772,91.511288174,111363.47680740032
BSC8REUo9LpiiWUuqMuLXs2D2yJsJfGd4HdiF3wCLxk5,AZjEH1zWVx1UJ6udMyRijGTzPteuLnaY18yNNmprJEsh,Caf8ypkSVR8xYnXNhjvfvdGCC7mrM3C11rz8Xi6NA6aK,4257.099769232,4254.096591585999,4256.629458499759,0.9998895232064703,1.7026517833999038,1.0,3203.443691984,3102.820519521,6305.910305317657
BSCrK1Nx9PXU9mF7STWWBqeHLxmtJDr9h7jheEy4tAWX,FfSySSbVJPvEo5a5AvrP3nySoXpRE2QPn1uUMpJJ1x7v,HL7Vcj6838ZmvBHDbQxXfjBNckNi83WvPiZQoMQLFeRM,0.08226087999999987,0.0823743680000002,297.0425337536511,3610.981717599564,0.11881701350146047,3580.1231562365747,0.972185188,1.879652593,10239.930713868516
KEVpg4SYCVrqFxKijQH6hm4QxsRdoE51ud64bEEFUC9,2bPenuBYfqzD8p5dFjCcggwkHDsc2RQDnx9AoyYGUBjA,AE6n6iLuX8oYu61vt5hoDYkjswpnxFxrhSehxrnQTnbx,12640.410435974,12658.949568095999,12630.46774439608,0.9992134201948362,5.052187097758432,1.0,4572.934508871,3030.195861644,7599.533392579986
YAkoNb6HKmSxQN9L8hiBE5tPJRsniSSMzND1boHmZxe,CfWX7o2TswwbxusJ4hCaPobu2jLCb1hfXuXJQjVq3jQF,EnTrdMMpdhugeH6Ban6gYZWXughWxKtVGfCwFn78ZmY3,26211577.679137018,26191867.41597198,26211577.679137018,1.0,2621.1577679137017,0.9950644801783155,161973.526971,1114938.566356,1271409.2919327896
BUSDTd9WiT6uBHJRgNvFXBsA7JrifsAtWzKfioN7ERcy,DyBxrn7gSc1EwnpWhDyhzvMHPtxpmBqRqotapLcKcfTM,Cds99GeBgoCpqBsoRWu1C6fF9LiUMd4pXQQD24s9LPff,4694.594580539999,4705.882604439999,4684.485834867222,0.9978467265917532,0.4684485834867223,0.9941869886772045,337.11903686,296.6755376,631.3440867432503
SERgf3DMJpQxUifu7VoFKmfne73d2fDJxSrxUMrcNJB,AJfM2GZ2tTB8UtN2krcyR9xufRJEx2mhSCbJyMgPo3GU,F4yRYkufQvERZcEKnKjJwRLU1btiMBUuEwq46hfm11QD,0.0006630749999985142,7.527100000004339e-05,0.12593359321184822,189.9236032306005,5.0373437284739296e-05,191.21036543742622,26.082027007,31.161443846,10911.98361407877
TETFuZgEmET6d9vYmz9iMFCxK1jKdKYxf3oPz8hSzJK,Eu1Ze6Z84LWNkq7SNoAHBJbXx5t1P95EwyqYohrfCRFV,ASMbv7WNu3qe4pkhREmvyEdwFNDZQ6B6iSrjkj4u8bdC,1.0087325700000065,1.0,0.9970765368947112,0.9884448728513889,0.0003988306147578845,0.9968002711296738,311.139573489,41.30132426,348.71348737675254
AURHmCnNwiW4uA2Qj1XvEh4iKgRUZYXtiY7FKAapUV5Y,BKWm4TRnTeKwfWXRyuzjRHU7iZDkPuXBX5b5V5jSVfGJ,A5Ww74HVrkj9nPeC7pHKLfgeDMEhBCpW1efQdz3TGLEg,1.1075204119999853,0.9844554220000532,225.73112341710578,203.8166709807862,0.09029244936684232,191.6014199964439,286.222968088,1818.694750117,406801.5091764309
HEDSDjj84KS7LKhZY7ejkCACTdPen62rKhCby1wXtgxc,EnnjMSFttpCTywBrYNt1J5QQeoSVkvzPipJDa8Y7kJow,6bjVT6JN2rSvpyn9PdfLYC8wJn4LWh49jpY47fnLDXZk,20.28899440100031,20.815040086006775,19.70330370868468,0.9711325913576695,0.00788132148347387,1.0,38659.743505429,9547.994169447,47091.7310610971
JSoLLrxK5bYdHwTEWYaGgmeycBCNXKDiBCTw5hXGBg7,xG4wXczA7Dk4hccJ61CHKpDHW4NrNfQwgmWgkb9BuF2,BVR6WgfhsRr9Lob4QDnkEAiNGgAbv7ZieKcY9kSg3QYR,147.14106100600006,134.08459221000004,32450.789023534715,220.54203498105434,12.980315609413887,191.02736810897423,18.30701506,166.83129509,35906.80957501554
Sid7E679i9ABqptiAVhkmQ27YHN8vaYT4fppPwmxFsJ,GP7KB8o1bv527HG8kTzzzf4wJ5aEGHvcMQvVhLziUfmT,9gYxhAZ1M9wu5pxr8SBoa5NDm21gi3s9vMHaYTME77sa,8812.866696000012,35432.76820799993,69.31925788431383,0.007865687780773591,0.02772770315372553,0.029051909807183925,139931.46311,7462.001528,1317.4425949026222
iLiUBQ7Z7im6Ew3b4ewwPcehzWgEQRJ1iQz7g6D62NW,GpugBvKWM3TVhYcZjemSdtehBWgfvuGr6uAm9iPjXT6v,92fMXJ3xy8tEyMUWLHKRLyhPw2nECBo77GtDiBBbYrjX,0.05479708699999719,0.018585645000030127,0.05359210192255592,0.9780100522963687,2.143684076902237e-05,1.0,1865.499763466,1097.938100929,2922.415622155246
Cob4usZcpHEY7Qt4ZCwj6WVg9S44zvzYV2v9qYF65dTf,NhFM9UXE48PyNAyeyPYA3iXztqKVJwA4bTdLj4ysM8w,6TuFuynuBoeskxyR2cz4wxyidk8dpDK7kAWw3UkjQGx,105.24689400000003,13829.646683000072,0.8250524872335139,0.007839209841513362,0.00033002099489340555,1.0,72796.699365,171.619402,742.2880040917975
SRMuKizofcAMicegrfSv7xs9q76tH1w8aAF7oX9FEWu,72Hj2KWntXPfbie4UgKeTPnm1XVkomDfCnRPKbvfTtPi,6aqJQ5wedqpUt4fFEDUqUmXhrdxCu4bEJsQdVPCADLko,5023.919617999999,5037.314767999997,374.0062967171041,0.07444511957896222,0.14960251868684163,0.07445028515203717,17693.037092,5261.347376,1708.8690744560763
heyk4SZTeCUV6a65WiVA5bzic3KcxgVf1qxobfeV4tQ,9ZDpBKPqMABtGfq66FbVribaArMvtk63xxy91onZAtDt,DaTP4s6N7xxSPinbNZ3FB52EpRDRt87QShTuN3VPCW52,236.27376408400232,205.77810297799988,51429.25517337203,217.66807403587734,20.571702069348813,191.2344624389699,652.808769884,4473.147862814,997515.6546096429
AUSejoEUCh2DBs9mof6BNC8Pubs22w4cJa1ccV9h44R,4xkyD7AfGQDwsQMy9MosRRNGoVJ1zosNinesxg1TzHG7,Cbm5gsQe3nSiCsFrvepVzMCD9xLK3ri9g3ypS2hdmVJ7,17243.069111000004,17257.183028999996,17242.396657530364,0.9999610015209408,1.7242396657530363,1.0,14473.612361,14385.449967,28858.497879131428
moFiBS1R4Lf3E3zzmBPnw3NF4RhWPkhREFviuzUaCAU,44ALBrpqi9PfZkBRTvbtRNtFJGsatfY4QydjtMbFWq8S,2ho8qEEie1UjVwWNBo9y4oAJZMyMLx8zPj9bxyUz6uWs,22.659297039001103,22.715045884004212,22.61735636328999,0.9981490742789184,0.009046942545315996,1.0,40468.32539314,27416.689221077,67810.11074985773
SoNcU2iwHMw6dGzsYNQkYFkUjwN1UdAjrWVRnStrZu2,8ivTTid27jZnYNc4w3CTA1Z6QS2twsFb8WMwUabeDJgc,CyXm53PMvHCbeXJBykU46Rcbo28xk5srhMZFg7gv6EYB,65.06693457000002,62.28142944899994,14510.443924092555,223.00795357866437,5.804177569637023,220.20126395525511,13.219786748,16.567727934,6596.352221351413
SoN9GaFpSXfpyR5dth3x7PHPVhvJMpQqqDJfCSmPv1t,9kZ9iS68ViMPtoeqtnhAKuF2iqVyfHPdZHoUNdwCELr,BBhm5fJLjw3HRzjtKB8uMEYjGhY6EDm9co3cqpjrSzB9,11.344813749999997,10.75212263799999,2550.166555921608,224.78699184652626,1.0200666223686434,220.20126395525511,3.792599783,5.766466043,2122.310207722017
ercAoEmXjQzEvAFbdjAo81KtMxRGn9AW1ju882upmPH,CMRhskR2Eg6V42RTSdRTXGdozyPbWB8U9dVpijPWb9T4,7TKLLgrWswt6ZJ1pXhVR3FyufHGjJFqiEXxvWJfDcgRm,2.642368231999967,2.577283864000094,505.31312464501383,191.23493785820693,0.20212524985800553,181.70608568205105,298.070348898,982.984269878,235615.68861544336
ACUSESXyNnwRLAg1dpSGMLSzUDdLjUMybY8rkXiAKhCP,AhFPQdu8GKBsxuhiH46UmCu1YpaLgNpoP325HnYtsgas,A8wxWpT3aFEr2XqZp1kDmbxbFfcBE95UUmdsNTDBJYbT,191.01574808600003,191.16492876599978,191.00719822179326,0.9999552400035471,0.07640287928871729,0.9871429146608544,1027.925426913,1857.687343982,2861.68231624151
parEAJhzYzHW87y9VoZAQ22dzQ2MD2ekEtTReaxbMcz,3oyc6hpjYSJEquK6dSvG72NXyz3pqLZz5D8AC71pwgQb,Di2vordgFJVZ1aj1aBpvzXtLfZgJsuLLXawGtVFwX6Rz,15.66918715600005,18.279222604000324,2892.8817857705385,184.6223264148578,1.1571527143082156,214.38759433322133,1279.691359783,173.349662824,273423.61312744266
RoBgmK8CvjdHvPrqdDyVw54VwjZv2TqJ493xnqJAQHx,ExiHJxM7qPAcy27NDHAF6G7vnW7muNHi2sVJpnaNynGQ,6rkPHSqZb7StM4HwS9EuVrmfkV7tRdc7dnsFhyB6cefE,80.64374699999982,124.03156300000006,1.7101650315281083,0.021206418292147464,0.00017101650315281086,0.9377502621011983,6089.525401,22.452888,150.19222446119187
NorjjEePhxfwLF4vZjUHCrVVKLzQjEEGQFd3wgjEJmh,34M8pFVqgbV7aqHxvRT5tCv3vu2P1JJYT8J3VaxBK2oG,3AZWBSze3ucsY3xSeuLne3b2pauVqiaJ1SZSV5T9WGWw,16.709344000000783,10.639068999999836,10.704503114742417,0.6406297646838748,0.004281801245896967,1.0,37716.797632,2508.477108,26670.980299617484
SAMyS8Jr2HJrkFwYVKbpUwsNStnQmvz3f8Tup8bWUWF,6jPzm5TFfquvgm25sTyN3MMGBfufRaFHMxobDWv6hMFW,Cj9ECoDmxsHTDzCY5ZA6RWrPbg9uFzEC1Qc2kso2vJG6,6590.493345509953,192.70941296000035,6679.493725293122,1.0135043577342817,2.671797490117249,0.029241871154584285,616.56060098,113587.73681764,3946.4048206627563
GokA1R67GqSavkd15zR62QD68Tuc5AEfvjssntVDEbM8,3YB7hfpBdbQEuZqLGWVDpRPmeZWCUsrrWyqGXegnQ6Cg,4DPCj6Z1DsG6HUtwSogBGqXEUxdEV5a8YVrrFtcnz7UW,76456.49574900002,76459.796468,76486.4019321555,1.0003911529407998,7.64864019321555,1.0,12297.927833,21668.39162,33971.12982363762
BUSDgu5JdqP1rndBvXvanbEufS94FNh1w5FJcAj6vawb,Bgzr8cWubt89JQFXndVjtdKmDbGzuPxNhvjH1EhWCwbo,Dxaf8xPBBQsasRKW5Aa4Sw2YrbfGofY9xZueyyF23FBW,13402.532597680003,13285.947363160001,13475.951061417221,1.0054779544986838,5.390380424566889,1.0,4950.22663545,9862.16430977,14839.508061487168
MATSnbbiTCv7Dc3trJrkrqjx7ckKdr6fwPoVwv9q3sD,631WX9JizSHJm4w6VanZeJAst9T8DeUUnPLesdGkCVtK,211maUSfpnXbPuW1iBu8b4dtJv5EbN1j7JJiEX5TZKEP,38651.642365,38656.229914999996,38457.54712466183,0.9949783442963364,15.383018849864733,0.9955826000037832,21737.923437,23156.293706,44682.76616405751
oKQqupM9E7SSLAFDLxr7mdsXP7znck9qRbVWc6Yyj7Q,CMR2J7CwfW98RpvnJmFBgRFTLAd3x8CJ1SWs8Bt3uunG,FmRb5jHfSNj1YWP3b45d9vvYuhwjp4om8bALmtqZpr1v,0.03752292999979545,0.03752292999979545,0.03745730031476795,0.9982509445550264,1.498292012590718e-05,1.0,3105.51324212,2783.40397261,5883.485499884433
MARpDPs5A7XiyCWPNH8GsMWPLxmwNn9SBmKvPa9LzgA,6YjT74rmcfCpw8LSjPNx5JTmZoYLGrTKnf9arfSgZ4SR,F8GSmi3vA8M8TsybLya1LQ4n1aFHCRbZ6k437PeTdXtg,225197.97181200032,235024.51265799964,211449.92085767593,0.9389512665513634,84.57996834307038,1.0,372952.685743,20071.374429,370255.7710711225
ALBpShJ9NLpE739pcHDF2LNVk5J4VYPvvKuV6jMPitZi,D6d156U1bPiJpDYRLextvDRccgFk7QzkQbJg42ceKEu5,GNcM8U5g8RwTZffwwm3kSQqUNPSwv5d2fbN9sLxPJqt2,9328.393787999994,9333.345021000008,9279.39856358427,0.9947477319751712,3.711759425433708,0.9924602792584734,50072.770818,50148.884424,99580.55104486199
SEQV6QiTpvTzrceiaYg9Avnwf7oc8ZALpnQMz6TyT4A,3dFMPj4r9mMmPHF32mz1gNDX7f8ftidWof7S8YiYTs1j,Fc1ED3YPeQfXQosHbd8DTaBd2AV5gHQtwiSAL5C5pUhi,796.0950803559997,797.9487910129992,791.0394208510335,0.9936494275247808,0.3164157683404134,0.9961101897091856,4154.525909807,1449.748025352,5572.251072480492
DFWzVTzNBrQZLjoQ4yQwkj9HuoXmfkuZP9V5vbymZe23,DhgiEgiNdqZdRdo195UUHnoEJUtefK8buko8nU97XJUZ,2K2kkXsouBHtWVjtcgkyiXd8eP3oVBvq1bTJzcVdLLr2,35.57773963499676,41.657452077992275,30.303299893291932,0.8517488801757231,0.012121319957316773,0.9999552400035471,67394.842246578,8734.089848073,66137.18032338472
daob129AwBGn9Y5r91uLoWZeYiGzbPmksauMhFZKTze,6VW5GQNyj4LStgmxEHLr5zUfW92vQnmbw8jTnCH7a38F,4VPCCUifPeBA1c7HWK358CHn2nyjm8pdTRk6Ps3KmnMQ,43.02978034800017,39.32948105499997,8812.05956843423,204.78978737905115,3.524823827373692,191.9777121555296,54.261211797,216.773305428,52727.78525929657
MATgk4zXLXtYkwBH678J1xZbRDZ45LicNzkRBHkxTuY,y8dALFo1bJrSzPYjMX14HJX448pXqYmrfXHD1K8MXih,GN7Yuet3UyiWS5YVkEHv6oQKi4HGBJc3XDPt9zQhAqZz,39292.64950800001,39347.829646000006,39292.610215389795,0.9999990000010001,15.71704408615592,1.0,9225.939509,8178.577214,17404.507497069717
Lid8SLUxQ9RmF7XMqUA8c24RitTwzja8VSKngJxRcUa,4PgzyzLtds9bKZ2to9PMnKqJzKEUpjvNUaeN23phegax,AtymwxoVN9peZo7EXTcDz9jKVc4vRmisJKKrNfe3ewBa,2301.9450099409896,1988.5023912819981,511697.8682986683,222.28935360701152,51.16978682986683,191.9777121555296,1042.775174284,7694.545390052,1708979.0395080892
KwnjUuZhTMTSGAaavkLEmSyfobY16JNH4poL9oeeEvE,J63v6qEZmQpDqCD8bd4PXu2Pq5ZbyXrFcSa3Xt1HdAPQ,BnKQtTdLw9qPCDgZkWX3sURkBAoKCUYL1yahh6Mw7mRK,963.5807979999961,31698.723033999093,28.026282929684363,0.0290855556564178,0.0028026282929684366,1.0,272867.998829,695.645157,8632.162523796227
Lee1XZJfJ9Hm2K1qTyeCz1LXNc1YBZaKZszvNY4KCDw,9DgFSWkPDGijNKcLGbr3p5xoJbHsPgXUTr6QvGBJ5vGN,2hNHZg7XBhuhHVZ3JDEi4buq2fPQwuWBdQ9xkH7t1GQX,12596.198843685059,10759.208802886988,2832226.260565887,224.84769379341668,283.22262605658875,190.71998510858356,7457.260244392,56511.880265765,12454692.73071363
BerKDkt6v49dT1bHRedgnpsJS263C1DSJtEGvY9Mg35V,78XKqNb8wbfsMMrvo8WPUpdx7GEkfQutpNVH943aCGFa,DKYQwn4nDvFHCszi5tXbqfVMAP7DaXXp1KGTXEnYnKVH,0.05482763999953022,0.018818974000168964,0.05504638464394154,1.0039896782792985,2.2018553857576618e-05,0.9999552400035471,1340.351451808,2198.69696141,3544.297570623711
FrnkTEL6yZ5Aycq2TrEgu29dCrwKG4LPUZydfiwqspkc,DjvZuMZ46fxKBoBpGMPcRcos4xdTtHFxwMh69DpA2ZFY,9rvDPJLAng4uVVqnnSoEXgNDFhBZQTny9AoQioYDZbQX,158.40335881199826,134.71342136900023,35454.03792830116,223.82125097725952,14.181615171320463,192.40541205639246,326.742062713,2556.126558391,564944.4009588226
Dg3mAgpwDfVNnbGWcsxL8sUcSkEbjSJQhKAWNigG44Ju,EATxwd8YA2wV93VJcKMmH2Kn2Y9XfJVUB9hHVu3udwEy,GiGvrRi7NMHfHKanG2B8xyCEqe8jaafWins8bhrLVEaa,0.03990990899999999,0.03991517900000002,8.92229936070495,223.56100487988962,0.0035689197442819796,222.72667339004252,0.206026684,0.252900939,102.38731734779955
7oAd7xG4m3oC2qeWB1szghTebAZyyGPAFDJ4wwwbRSNi,D9yh4KAysxt9GLacVe4Wwh2XqghhcjTCSTV9HuM7TBJd,HDYfJLpZKaMFb84jM4mRytn7XLR8UFZUnQpSfhJJaNEy,1539.6902328879805,37.13537571199993,1539.6902328879805,1.0,0.6158760931551922,0.023736284986780622,982.921380642,300434.479362885,8114.1198026545
C98Sspw7XqnMsgxea3SLQVdbMDL8pKUc3RE82UvX9eq2,CSqgQJurPCzGxb4Cgwx5R61hWQUiaoUHcShNc8r1cKEL,6S2CR5EnukPhC914XkAns8m5GixjMAoUuZMsS5ubHuWc,79.12312399999996,79.04604600000016,0.0,0.0,0.0,1.0,924.103275,1089.073382,1089.073382
ZUCKWFa4LTL833dPhhpeeRWZcaAEoMeYJPi2iKn4F8N,7eEYpq6ShaJ9opZWMxitRFrdCHh6vfyHhGfoSvFht3N2,H8VggnHmuwd1wvwpT8eg9cUJFEfZ7HAaeYjgXrSm7A2u,1.3145654160002778,1.27712037099991,1.3174907870362118,1.002225352196496,0.0005269963148144848,1.0,1749.693524096,2097.111866493,3850.6990749160423
KEN5P7p3asnb23Sw6yAmJRGvijfAzso3RqfyLAQhznt,9zj4aX38Uxf3h6AUjS4EipWS8mwbEofasHAf3a1uKGds,CwQDG1MWunn9cLNwcZLd8YBacweSR7ARo32w4mLua1Yr,711104.4943000025,711179.8709979998,710004.6970243118,0.9984533956900761,71.00046970243118,1.0,1853150.820674,1746397.437466,3596682.167093807
