0,1,2,3,4,5,6,7,8,9,10,11
oKQqupM9E7SSLAFDLxr7mdsXP7znck9qRbVWc6Yyj7Q,CMR2J7CwfW98RpvnJmFBgRFTLAd3x8CJ1SWs8Bt3uunG,FmRb5jHfSNj1YWP3b45d9vvYuhwjp4om8bALmtqZpr1v,2669.77034222,2783.2780047399997,2664.502780093921,0.9980269605805498,1.0658011120375686,0.9997758902364446,3105.51324212,2783.36644968,5882.128612158747
ALBpShJ9NLpE739pcHDF2LNVk5J4VYPvvKuV6jMPitZi,D6d156U1bPiJpDYRLextvDRccgFk7QzkQbJg42ceKEu5,GNcM8U5g8RwTZffwwm3kSQqUNPSwv5d2fbN9sLxPJqt2,7510.852938999989,7512.287722999994,7471.6120326047485,0.9947754393923115,2.9886448130419,0.9863314191928259,51671.100048,48547.089995,99284.66142658348
BkwbeSfcX1h4thMDd7obGkHrPevf3QwgzJ4pCEqG18Lu,35yX27bmurdebhfAb8EPmjLETDiUaEUCn9zHaDPbakH2,2CxECn1ZJFoESyUnQysQU8rRgT3iJ5GRs2Mdd6gZjx5g,0.4713872100000067,0.2934741100000001,1549.087117975704,3286.230693394676,0.6196348471902815,1908.3969465648854,0.76698343,22.85367437,46134.36687448731
SATqdxinH3vFiJBKv3JA6MuCXweEXr6UV1aRcvGjLD5,bDVSLHopvEo45R3rR7JXoRRAcnUXKD7r14ijj1apALb,33QrhvkyroiTxp21hbXPRowPhsgVHmrgEQbY7eHPp1h4,0.0028301759999999794,0.0028324379999999823,0.0,0.0,0.0,3346.496218459273,0.00113424,0.183358388,613.6081520647882
SERgf3DMJpQxUifu7VoFKmfne73d2fDJxSrxUMrcNJB,AJfM2GZ2tTB8UtN2krcyR9xufRJEx2mhSCbJyMgPo3GU,F4yRYkufQvERZcEKnKjJwRLU1btiMBUuEwq46hfm11QD,3.4100248109999995,3.3936372960000014,643.9759904458074,188.84789001196728,0.25759039617832297,190.45417034639996,26.082027007,31.161074673,10860.292391455529
Lid8SLUxQ9RmF7XMqUA8c24RitTwzja8VSKngJxRcUa,4PgzyzLtds9bKZ2to9PMnKqJzKEUpjvNUaeN23phegax,AtymwxoVN9peZo7EXTcDz9jKVc4vRmisJKKrNfe3ewBa,6820.332873236,6203.8800052179795,1498797.366824179,219.75428394494978,149.87973668241793,190.31831690093267,1068.251508714,7666.881814329,1693900.8881520217
Sid7E679i9ABqptiAVhkmQ27YHN8vaYT4fppPwmxFsJ,GP7KB8o1bv527HG8kTzzzf4wJ5aEGHvcMQvVhLziUfmT,9gYxhAZ1M9wu5pxr8SBoa5NDm21gi3s9vMHaYTME77sa,5576.374184999993,17158.931378000154,44.40042252256808,0.007962238732472744,0.017760169009027233,0.030641532888032192,141079.166334,7158.815543,1342.6630844297301
SoNcU2iwHMw6dGzsYNQkYFkUjwN1UdAjrWVRnStrZu2,8ivTTid27jZnYNc4w3CTA1Z6QS2twsFb8WMwUabeDJgc,CyXm53PMvHCbeXJBykU46Rcbo28xk5srhMZFg7gv6EYB,178.02139625299986,174.96297170599954,39854.65907720685,223.87566840879248,15.94186363088274,205.7978184608052,8.825451997,21.044667424,6306.75061093046
Dg3mAgpwDfVNnbGWcsxL8sUcSkEbjSJQhKAWNigG44Ju,EATxwd8YA2wV93VJcKMmH2Kn2Y9XfJVUB9hHVu3udwEy,GiGvrRi7NMHfHKanG2B8xyCEqe8jaafWins8bhrLVEaa,0.16182197199999998,0.16400346400000002,36.28274998458529,224.21398983189556,0.014513099993834112,223.35602705020173,0.214773534,0.24407611,102.67110119590428
BkMBnJpvHKtWhUvrgRrLesXfi9RUV3ELgdBaJcdH7hcY,5uerVwBnZQsuVhZ15igs7ZgmcqhHnYWbwoRtLyRqLvR,9YWiQh5d4jCtgMdzcGLv9bWgnLaFtzvDDh2nnhJdzhBX,205.3921654820001,205.36192469399975,205.39253847485,1.000001816003298,0.08215701538994001,0.9999240177737373,1471.600204339,1400.790465989,2872.286907580691
parEAJhzYzHW87y9VoZAQ22dzQ2MD2ekEtTReaxbMcz,3oyc6hpjYSJEquK6dSvG72NXyz3pqLZz5D8AC71pwgQb,Di2vordgFJVZ1aj1aBpvzXtLfZgJsuLLXawGtVFwX6Rz,16.567327314000067,18.8821247690002,3099.054292517872,187.05819193292842,1.239621717007149,214.8918320474206,1281.492966692,171.794572577,276631.00776104507
GokA1R67GqSavkd15zR62QD68Tuc5AEfvjssntVDEbM8,3YB7hfpBdbQEuZqLGWVDpRPmeZWCUsrrWyqGXegnQ6Cg,4DPCj6Z1DsG6HUtwSogBGqXEUxdEV5a8YVrrFtcnz7UW,89678.00563099999,89663.67670600004,89712.09622756648,1.000380144454893,8.971209622756648,1.0,12783.039711,21175.970725,33963.869837662816
wrmcMSHFi3sWpAEy4rGDvQb3ezh3PhXoV2xNjgLBkKU,8p4mGnARWPBu6P2Gcw4adodLkNDorrXniZMhaY7eJXUn,AyY89zccbsgp9LKFgH4CFZMJmpSgqmPSdTfukhP227rc,0.15823638000000054,1.1696493799999648,58.75971243325159,371.34135925791145,0.023503884973300637,3655.9061163309325,49.12122885,0.17325294,18874.140372596252
SAMyS8Jr2HJrkFwYVKbpUwsNStnQmvz3f8Tup8bWUWF,6jPzm5TFfquvgm25sTyN3MMGBfufRaFHMxobDWv6hMFW,Cj9ECoDmxsHTDzCY5ZA6RWrPbg9uFzEC1Qc2kso2vJG6,5726.241141679959,180.55738502999952,5819.570525325894,1.016298542331131,2.3278282101303573,0.030832216718911343,639.73730826,112805.40128321,4128.2046732871695
MATSnbbiTCv7Dc3trJrkrqjx7ckKdr6fwPoVwv9q3sD,631WX9JizSHJm4w6VanZeJAst9T8DeUUnPLesdGkCVtK,211maUSfpnXbPuW1iBu8b4dtJv5EbN1j7JJiEX5TZKEP,33524.798087,33532.50076199998,33181.0096460572,0.9897452494702388,13.272403858422882,0.993925129607837,24315.943673,20563.280056,44504.950531559705
SEQV6QiTpvTzrceiaYg9Avnwf7oc8ZALpnQMz6TyT4A,3dFMPj4r9mMmPHF32mz1gNDX7f8ftidWof7S8YiYTs1j,Fc1ED3YPeQfXQosHbd8DTaBd2AV5gHQtwiSAL5C5pUhi,2089.107136167,2092.5654013800004,2076.305128751131,0.9938720196804471,0.8305220515004526,0.9855887217111398,4132.62856974,1471.291427708,5557.392140695896
BSCuChvaSj9b5HUSqgDVRzcnr2sSn7cXaamt1jbKH6hn,GnKpRj5kBVPMJfiwZtEuD9GYApLzPdW5JFuZTcyX4BTc,3dmwD9okkomV9nDwyuh4UMhKdUR13QpuKxRo89ycZB5t,680.0892716209999,679.3411019000005,678.8124227385789,0.99812252753322,0.27152496909543156,0.9941533839489959,1590.897090012,1505.197473311,3084.307386131631
SoN9GaFpSXfpyR5dth3x7PHPVhvJMpQqqDJfCSmPv1t,9kZ9iS68ViMPtoeqtnhAKuF2iqVyfHPdZHoUNdwCELr,BBhm5fJLjw3HRzjtKB8uMEYjGhY6EDm9co3cqpjrSzB9,24.511101110000023,24.075699331000017,5490.317810386699,223.99311176382702,2.19612712415468,212.78805118488896,2.621411449,6.971292574,2070.585868735981
BUSDgu5JdqP1rndBvXvanbEufS94FNh1w5FJcAj6vawb,Bgzr8cWubt89JQFXndVjtdKmDbGzuPxNhvjH1EhWCwbo,Dxaf8xPBBQsasRKW5Aa4Sw2YrbfGofY9xZueyyF23FBW,24581.928986310002,24369.94751266,24964.27863248898,1.0155540944891637,9.985711452995591,0.9998986302768625,3245.84860642,11577.93500857,14873.096198845456
MNkYtBe2HtgL15osfaMmyqNW3vo4J399FXXCS4a39Wf,2mUxDu8NrhSKhQJMgKfYLxJqZzeEbmwhQdHeHMyohyuk,AZCBmDBcFsA2jHHhfFJBTsWCHx9XnnKmGfFsue3ZVW1t,0.7826989600000616,0.7076747800001613,0.7823297316599073,0.9995282626411638,0.0003129318926639629,0.9998986302768625,2195.09800886,1941.07146697,4134.937200215717
KEN5P7p3asnb23Sw6yAmJRGvijfAzso3RqfyLAQhznt,9zj4aX38Uxf3h6AUjS4EipWS8mwbEofasHAf3a1uKGds,CwQDG1MWunn9cLNwcZLd8YBacweSR7ARo32w4mLua1Yr,690601.9711039981,690649.4706430009,687525.9798700594,0.9955459275202742,68.75259798700594,1.0,2052765.407054,1995958.675628,4039580.9167751074
moFiBS1R4Lf3E3zzmBPnw3NF4RhWPkhREFviuzUaCAU,44ALBrpqi9PfZkBRTvbtRNtFJGsatfY4QydjtMbFWq8S,2ho8qEEie1UjVwWNBo9y4oAJZMyMLx8zPj9bxyUz6uWs,45.05295516900151,45.1662986559968,44.955912168141644,0.997846023629397,0.017982364867256656,0.9999240177737373,40445.610347256,27439.348518116,67795.75507360179
Lee1XZJfJ9Hm2K1qTyeCz1LXNc1YBZaKZszvNY4KCDw,9DgFSWkPDGijNKcLGbr3p5xoJbHsPgXUTr6QvGBJ5vGN,2hNHZg7XBhuhHVZ3JDEi4buq2fPQwuWBdQ9xkH7t1GQX,9560.109867591178,8150.044150490063,2156766.1935727703,225.60056562573814,215.67661935727705,192.1257270757984,7374.013942901,56508.50762262,12520319.82941471
NorjjEePhxfwLF4vZjUHCrVVKLzQjEEGQFd3wgjEJmh,34M8pFVqgbV7aqHxvRT5tCv3vu2P1JJYT8J3VaxBK2oG,3AZWBSze3ucsY3xSeuLne3b2pauVqiaJ1SZSV5T9WGWw,64.07962700000007,99.53683499999897,40.92889393619071,0.6387192911748794,0.016371557574476284,1.0,37733.432026,2497.800564,26598.871521242214
ACUSESXyNnwRLAg1dpSGMLSzUDdLjUMybY8rkXiAKhCP,AhFPQdu8GKBsxuhiH46UmCu1YpaLgNpoP325HnYtsgas,A8wxWpT3aFEr2XqZp1kDmbxbFfcBE95UUmdsNTDBJYbT,192.141473012,190.00370998400035,192.12687367512316,0.9999240177737373,0.07685074947004926,0.9871110901128453,1027.888827362,1857.687343982,2861.554505287455
Cob4usZcpHEY7Qt4ZCwj6WVg9S44zvzYV2v9qYF65dTf,NhFM9UXE48PyNAyeyPYA3iXztqKVJwA4bTdLj4ysM8w,6TuFuynuBoeskxyR2cz4wxyidk8dpDK7kAWw3UkjQGx,127.8880889999952,7465.404309999998,1.0108061127296466,0.007903833114041484,0.00040432244509185864,1.0,72276.730157,175.726789,746.9900021895373
FrnkTEL6yZ5Aycq2TrEgu29dCrwKG4LPUZydfiwqspkc,DjvZuMZ46fxKBoBpGMPcRcos4xdTtHFxwMh69DpA2ZFY,9rvDPJLAng4uVVqnnSoEXgNDFhBZQTny9AoQioYDZbQX,323.42701690600234,280.4364568649994,72630.93741011771,224.56669855513786,29.052374964047086,191.8201003679493,326.720526356,2556.10273437,563682.4330116068
WiiQFxXqp8P9Fs1rt9SVcDyA3KUdJmUsog6wnVQAwba,3S2jpqSYxho6wiz3cafhjXruVY8cg4HYa2v3BqBHYFSj,Dfe67M6TfrG74gKRtdqys4e6E9QirPD53BkF4FujFjuv,5915.923515723,5927.958007935995,5893.084618773389,0.9961394198405522,0.5893084618773389,0.9999240177737373,22049.82485702,4669.725827139,26634.07075163231
KwnjUuZhTMTSGAaavkLEmSyfobY16JNH4poL9oeeEvE,J63v6qEZmQpDqCD8bd4PXu2Pq5ZbyXrFcSa3Xt1HdAPQ,BnKQtTdLw9qPCDgZkWX3sURkBAoKCUYL1yahh6Mw7mRK,981.1719879999873,30231.248676999297,30.184199258810544,0.030763413171158462,0.0030184199258810546,1.0,272068.150086,719.687685,9089.43259680837
AUSejoEUCh2DBs9mof6BNC8Pubs22w4cJa1ccV9h44R,4xkyD7AfGQDwsQMy9MosRRNGoVJ1zosNinesxg1TzHG7,Cbm5gsQe3nSiCsFrvepVzMCD9xLK3ri9g3ypS2hdmVJ7,1555.3314209999971,1556.3546090000073,1554.6364984851741,0.9995531997197252,0.15546364984851743,1.0,14576.159891,14281.259081,28850.90633967537
AURHmCnNwiW4uA2Qj1XvEh4iKgRUZYXtiY7FKAapUV5Y,BKWm4TRnTeKwfWXRyuzjRHU7iZDkPuXBX5b5V5jSVfGJ,A5Ww74HVrkj9nPeC7pHKLfgeDMEhBCpW1efQdz3TGLEg,0.025250312000025588,0.02167808399997284,5.42614760529886,214.89427953576816,0.002170459042119544,192.18772281764114,286.926412443,1817.90304759,411037.49170129315
TETFuZgEmET6d9vYmz9iMFCxK1jKdKYxf3oPz8hSzJK,Eu1Ze6Z84LWNkq7SNoAHBJbXx5t1P95EwyqYohrfCRFV,ASMbv7WNu3qe4pkhREmvyEdwFNDZQ6B6iSrjkj4u8bdC,44.37576960300004,44.39283639600002,43.60286452871815,0.9825827229319842,0.01744114581148726,0.9960972908145883,312.148306059,40.30132426,346.8555724376848
MATgk4zXLXtYkwBH678J1xZbRDZ45LicNzkRBHkxTuY,y8dALFo1bJrSzPYjMX14HJX448pXqYmrfXHD1K8MXih,GN7Yuet3UyiWS5YVkEHv6oQKi4HGBJc3XDPt9zQhAqZz,69271.15951499998,69291.49337199997,69271.09024390974,0.9999990000010001,27.708436097563897,1.0,9749.904565,8646.294616,18396.189431105187
KysFMBBoavfov2tLpvefWW6tPFt6rAeZWDJVy1mMQae,B8ka2V21TH3x64dFV8ETcjuQcwmrciJ2qzy1mJUttRew,7fSf7EYxBANyxzk2s5pymFgshA91tFYQNKKs5UnLWcYS,889.1761139999971,953.4474229999978,19.83915913441104,0.022311844438964657,0.007935663653764417,0.030412810411010578,134756.711985,2420.063519,3080.2717279016347
BSC8REUo9LpiiWUuqMuLXs2D2yJsJfGd4HdiF3wCLxk5,AZjEH1zWVx1UJ6udMyRijGTzPteuLnaY18yNNmprJEsh,Caf8ypkSVR8xYnXNhjvfvdGCC7mrM3C11rz8Xi6NA6aK,632.5480653380005,632.880085539,632.066854511722,0.9992392501808991,0.25282674180468884,0.9999240177737373,3284.637367348,3019.954230345,6301.8633475643455
RajgMbScQbqqrdJfR2rxfHJiTiY5b6bJ2tTXiF4aPxy,725ZA3fhyBAKb5iopNRrcbSuQa3LXA1656Q3mBvYPxeg,GLA6i1dSZpUfk2f9Nj8uiG7xyDdAR2reff8oEiZH3617,45123.60194908001,45132.45723501999,45082.66643712843,0.9990928137342011,18.03306657485137,0.9998927215099092,101663.86054767,79911.49445828,181474.55416346667
B2izdXFYb2sNwbWWHmh75T4aQFtfXsUxem9u2p61HGzf,4DYwgJtxwuJdAjkj5RJSNH4e7U329V5cNp7d3a1nLrZv,EXNW64GEf1ACC6xY9BtKRiunrs6GoJSXBdxWN2eTPmrF,28632.81350199998,27989.886104000045,28296.789131068537,0.9882643607164916,2.829678913106854,1.0,7028.459932,33047.869298,39993.845759519456
JSoLLrxK5bYdHwTEWYaGgmeycBCNXKDiBCTw5hXGBg7,xG4wXczA7Dk4hccJ61CHKpDHW4NrNfQwgmWgkb9BuF2,BVR6WgfhsRr9Lob4QDnkEAiNGgAbv7ZieKcY9kSg3QYR,159.12076073999964,138.63370045699997,33853.11129072022,212.75106487226748,13.541244516288085,191.21398508492672,20.998628794,163.707424572,35770.62967718313
C98Sspw7XqnMsgxea3SLQVdbMDL8pKUc3RE82UvX9eq2,CSqgQJurPCzGxb4Cgwx5R61hWQUiaoUHcShNc8r1cKEL,6S2CR5EnukPhC914XkAns8m5GixjMAoUuZMsS5ubHuWc,38.730412000000115,38.65300200000013,0.0,0.0,0.0,1.0,898.713723,1114.485044,1114.485044
7oAd7xG4m3oC2qeWB1szghTebAZyyGPAFDJ4wwwbRSNi,D9yh4KAysxt9GLacVe4Wwh2XqghhcjTCSTV9HuM7TBJd,HDYfJLpZKaMFb84jM4mRytn7XLR8UFZUnQpSfhJJaNEy,9951.56830074316,468.69790625398764,9950.812158428864,0.9999240177737373,3.980324863371546,0.02492283219979074,1011.142754354,299272.138808721,8469.77522307869
daob129AwBGn9Y5r91uLoWZeYiGzbPmksauMhFZKTze,6VW5GQNyj4LStgmxEHLr5zUfW92vQnmbw8jTnCH7a38F,4VPCCUifPeBA1c7HWK358CHn2nyjm8pdTRk6Ps3KmnMQ,131.7770911479999,119.92219696500007,27158.65724453283,206.09543743859643,10.863462897813132,191.86982323225055,54.030627224,217.00854809,52772.85751472766
DA1mL7dfBow33EH5yjUuZE6SH2KeUK5zEXzsyhE5r5j5,B4UtLRZND3D83CitRCBUyeiNr7H8m7YFRqBmiPmXjhW4,AAmpYbuixWiSqDaJBCqYEs1pb5SrbdPr9mgXrB58Q2e,0.07800243700035026,0.03969213699997454,0.07798553324609149,0.9997832919725484,3.11942132984366e-05,0.9999240177737373,1637.759450222,1468.880190794,3106.173116609092
HDSBGqAuMRr6X2AfmmbXQPpRgU6VEhtfNVVZ3wUTZXg,DCZ1d8kNLgDcdSd99y4udLgwq46mfDXNS9KXj96kQf5L,Fq8GGYQM5Pz3q7LmVMbrXHJgsxA5ev86kTq8yGgGuYsa,119.26895995899758,119.86429743199915,118.29090438268983,0.9917995799020635,0.047316361753075936,0.9999240177737373,12774.436127712,12123.971436863,24792.73061547259
HEDSDjj84KS7LKhZY7ejkCACTdPen62rKhCby1wXtgxc,EnnjMSFttpCTywBrYNt1J5QQeoSVkvzPipJDa8Y7kJow,6bjVT6JN2rSvpyn9PdfLYC8wJn4LWh49jpY47fnLDXZk,17.13606126200102,17.364432602003944,16.54026688868532,0.965231545090419,0.006616106755474129,0.9999240177737373,38638.947172707,9568.152920561,46862.95659117992
ALLwa5WNZbvQsRKAqe1jdRGemdYQnW8E5k4msbRFcYtu,CGoM82Hbz7QVqTgvQatYtjvDWBvoUJp5qm21P8iMs9yb,3dxNNww8TivyN5FMy5dCNdi3Zcxv6e4kUfSPxfFwpdNq,10.097293604999999,9.931567104999996,36967.46578677601,3661.1261624075564,14.786986314710402,3664.601053206343,2.631803545,5.926193635,31352.500249242177
vEnkoSUkpnbRrPgBz9DfcVxNz67zjwMYBZraAvDDNSf,DtfyjjsZ5yCjWKLKHvwsfXs5QVsmm1QkK6Sh9JZHoq1g,e5wrKCRv4GhHvEf1VD5Pq2KGaZDXP77nTL612Jyrxwy,41285.58849400001,41289.5417,41159.352759087895,0.9969423777275098,4.1159352759087895,0.9967486060470744,3765.192771,3104.656512,6848.242284314143
heyk4SZTeCUV6a65WiVA5bzic3KcxgVf1qxobfeV4tQ,9ZDpBKPqMABtGfq66FbVribaArMvtk63xxy91onZAtDt,DaTP4s6N7xxSPinbNZ3FB52EpRDRt87QShTuN3VPCW52,194.0235799990014,169.5844764290007,41990.728967636525,216.420751373893,16.79629158705461,191.8057514105395,646.392965181,4480.391580816,999257.7249791385
iLiUBQ7Z7im6Ew3b4ewwPcehzWgEQRJ1iQz7g6D62NW,GpugBvKWM3TVhYcZjemSdtehBWgfvuGr6uAm9iPjXT6v,92fMXJ3xy8tEyMUWLHKRLyhPw2nECBo77GtDiBBbYrjX,0.018585645000030127,0.018585645000030127,0.018175551077084285,0.9779349103598407,7.2702204308337134e-06,0.9999240177737373,1865.499763466,1097.919995208,2922.1739167639325
ZUCKWFa4LTL833dPhhpeeRWZcaAEoMeYJPi2iKn4F8N,7eEYpq6ShaJ9opZWMxitRFrdCHh6vfyHhGfoSvFht3N2,H8VggnHmuwd1wvwpT8eg9cUJFEfZ7HAaeYjgXrSm7A2u,0.01797219900026903,0.01797219900026903,0.01801107202685852,1.0021629532695975,7.204428810743407e-06,0.9999240177737373,1748.416403725,2098.372994481,3850.411702131405
SQDY9uoDoCbNq7F3HAHYYQZbrUzpKxDtdWLvYcqBLak,GiehZ4X2uQjhEKuxSm3ACmEFrabxh3RTvjbLfLjw1xGX,rxDQYV77NKRKYxCjq4cECX3QQsiSyLv1T1FT2X3zNA2,0.056904887000001736,0.018976230999982135,0.05701816430280415,1.0019906427861356,2.280726572112166e-05,0.9991892448572626,171.365745094,234.97809579,406.4944591686698
BUSDTd9WiT6uBHJRgNvFXBsA7JrifsAtWzKfioN7ERcy,DyBxrn7gSc1EwnpWhDyhzvMHPtxpmBqRqotapLcKcfTM,Cds99GeBgoCpqBsoRWu1C6fF9LiUMd4pXQQD24s9LPff,11682.003168249998,12409.839578670008,11661.710625590407,0.9982629226882302,1.166171062559041,0.9961895748760989,351.943218,281.39902726,631.6586427576682
KZMu9QBEdL97EFgamLbN5DE1AoKBG4HdrKKJo4Vuon3,DD4ACBWyVqdaKWh7v5btsgqQCCMwbKnuL2xd9pv7Gyuw,GcYqiJ1MAuYbNTNYXm1F1gQYTfTgkErACAhNU5dpVj9T,338.53410936,333.32093440999915,344.06924768692903,1.0163503120480037,0.1376276990747716,0.9998949110448491,1039.67691754,2047.17353659,3103.6343608329125
ercAoEmXjQzEvAFbdjAo81KtMxRGn9AW1ju882upmPH,CMRhskR2Eg6V42RTSdRTXGdozyPbWB8U9dVpijPWb9T4,7TKLLgrWswt6ZJ1pXhVR3FyufHGjJFqiEXxvWJfDcgRm,7.062846809999996,6.891072192000024,1355.9526441074097,191.98386721167046,0.5423810576429638,186.4665557314971,300.645261117,982.984269878,241012.7310304952
DFWzVTzNBrQZLjoQ4yQwkj9HuoXmfkuZP9V5vbymZe23,DhgiEgiNdqZdRdo195UUHnoEJUtefK8buko8nU97XJUZ,2K2kkXsouBHtWVjtcgkyiXd8eP3oVBvq1bTJzcVdLLr2,580.9362116440025,679.5975892978404,494.4484005365336,0.851123394662014,0.19777936021461345,0.9999240177737373,67418.975294955,8713.478867682,66094.6839158357
YAkoNb6HKmSxQN9L8hiBE5tPJRsniSSMzND1boHmZxe,CfWX7o2TswwbxusJ4hCaPobu2jLCb1hfXuXJQjVq3jQF,EnTrdMMpdhugeH6Ban6gYZWXughWxKtVGfCwFn78ZmY3,30955741.91862209,30936432.51326312,30955741.91862209,1.0,3095.5741918622093,0.9942275150476335,301128.004806,955774.93504,1251385.7434156325
BSCNHw8CmxbZ8hCWWzMf5FaG2ajPT6JxfznKUNuRVrn4,7n9kgNL633yGzCYksgnzHyjG73ZLBAwvEae5sbAekbzW,SscdxE99omdG9AiMVwmaEMQySQnCgeAh1sPj2Leutm2,72.56732649699916,71.60148532999983,73.54370470833082,1.013454790998426,0.02941748188333233,0.9999240177737373,2732.837004601,8946.109292371,11715.036302401248
MARpDPs5A7XiyCWPNH8GsMWPLxmwNn9SBmKvPa9LzgA,6YjT74rmcfCpw8LSjPNx5JTmZoYLGrTKnf9arfSgZ4SR,F8GSmi3vA8M8TsybLya1LQ4n1aFHCRbZ6k437PeTdXtg,186107.93054200042,197646.8020390001,178819.77305173103,0.9608390815531388,71.52790922069242,1.0,369659.044886,23473.728802,378656.58597807476
STK75uPSyBnEhGTTzb1nwmP3n427XoXmfRhXxxhyady,6TYyD5fUmDe6N65avW1Ny2RxzRNobw2RRgKwH9CTzSAU,54zDfk4cx2vGrEajPtodWpArNe5eUurytyxd4X3aZAxK,1259.2215828500007,1403.2106790330058,240070.44567460235,190.64988159689105,24.00704456746024,213.1113792525843,480.19433579,90.752542239,110889.39270909295
KEVpg4SYCVrqFxKijQH6hm4QxsRdoE51ud64bEEFUC9,2bPenuBYfqzD8p5dFjCcggwkHDsc2RQDnx9AoyYGUBjA,AE6n6iLuX8oYu61vt5hoDYkjswpnxFxrhSehxrnQTnbx,858.1725081549998,858.962626847001,856.8162990465029,0.9984196544452202,0.3427265196186011,0.9969791889487362,5294.307521412,2304.32970189,7583.309443315674
7dwD9TF6uikvHXxPFK9AsSim54yJoujQjY9vU6gNFumk,CquVr6atkvwueDYficKjn6SSEWq4F4rH4VSiBbW4GBWU,8BCa6ge3b7ho3TfZuM64Vk1hgbrJ3J7EPiAb9uP86CGd,3.1220321849999992,3.2373577779999954,687.4498504778958,220.19306968736325,0.27497994019115835,223.6637600069962,2.498056593,1.679846722,925.7755835433734
