0,1,2,3,4,5,6,7,8,9,10,11
TETFuZgEmET6d9vYmz9iMFCxK1jKdKYxf3oPz8hSzJK,Eu1Ze6Z84LWNkq7SNoAHBJbXx5t1P95EwyqYohrfCRFV,ASMbv7WNu3qe4pkhREmvyEdwFNDZQ6B6iSrjkj4u8bdC,38.71599637,39.00800102599993,38.448360523609075,0.9930872024102599,0.01537934420944363,0.9994033561963508,296.790256342,55.532580357,350.23805256033006
BkwbeSfcX1h4thMDd7obGkHrPevf3QwgzJ4pCEqG18Lu,35yX27bmurdebhfAb8EPmjLETDiUaEUCn9zHaDPbakH2,2CxECn1ZJFoESyUnQysQU8rRgT3iJ5GRs2Mdd6gZjx5g,0.09013927000000188,0.08144456000000089,162.348744641767,1801.0878570656675,0.0649394978567068,1569.8587127158555,1.72798377,21.58093673,36991.27213951368
moFiBS1R4Lf3E3zzmBPnw3NF4RhWPkhREFviuzUaCAU,44ALBrpqi9PfZkBRTvbtRNtFJGsatfY4QydjtMbFWq8S,2ho8qEEie1UjVwWNBo9y4oAJZMyMLx8zPj9bxyUz6uWs,40.41465561199948,40.515698823001,40.321492521278614,0.9976948191365214,0.016128597008511446,0.9999246296811131,40861.612039245,27484.385040072,68249.73216632837
wrmcMSHFi3sWpAEy4rGDvQb3ezh3PhXoV2xNjgLBkKU,8p4mGnARWPBu6P2Gcw4adodLkNDorrXniZMhaY7eJXUn,AyY89zccbsgp9LKFgH4CFZMJmpSgqmPSdTfukhP227rc,0.027982359999999956,0.39226757000000134,7.9004257625893475,282.3359345884107,0.0031601703050357388,3938.2482671707626,49.48181261,0.14249242,14531.664334522922
KwnjUuZhTMTSGAaavkLEmSyfobY16JNH4poL9oeeEvE,J63v6qEZmQpDqCD8bd4PXu2Pq5ZbyXrFcSa3Xt1HdAPQ,BnKQtTdLw9qPCDgZkWX3sURkBAoKCUYL1yahh6Mw7mRK,1476.815577999997,42265.57806399942,48.639459135446586,0.03293536434746809,0.004863945913544658,1.0,271212.165048,746.982182,9679.45365332153
KEN5P7p3asnb23Sw6yAmJRGvijfAzso3RqfyLAQhznt,9zj4aX38Uxf3h6AUjS4EipWS8mwbEofasHAf3a1uKGds,CwQDG1MWunn9cLNwcZLd8YBacweSR7ARo32w4mLua1Yr,266056.752842,266100.4220090003,265372.09284246643,0.9974266392706816,26.537209284246643,1.0,2032797.716031,2042284.444824,4069851.039041918
iLiUBQ7Z7im6Ew3b4ewwPcehzWgEQRJ1iQz7g6D62NW,GpugBvKWM3TVhYcZjemSdtehBWgfvuGr6uAm9iPjXT6v,92fMXJ3xy8tEyMUWLHKRLyhPw2nECBo77GtDiBBbYrjX,0.016618512999912127,0.016618512999912127,0.016253044696429773,0.9780083631138184,6.5012178785719086e-06,1.0,1865.499763466,1097.901409563,2922.3757796195982
SEQV6QiTpvTzrceiaYg9Avnwf7oc8ZALpnQMz6TyT4A,3dFMPj4r9mMmPHF32mz1gNDX7f8ftidWof7S8YiYTs1j,Fc1ED3YPeQfXQosHbd8DTaBd2AV5gHQtwiSAL5C5pUhi,381.60449100799997,382.81090628400034,380.0019857737993,0.9958006122255854,0.1520007943095197,0.9996569557197612,4378.598973446,1224.822225987,5584.613596175912
SQDY9uoDoCbNq7F3HAHYYQZbrUzpKxDtdWLvYcqBLak,GiehZ4X2uQjhEKuxSm3ACmEFrabxh3RTvjbLfLjw1xGX,rxDQYV77NKRKYxCjq4cECX3QQsiSyLv1T1FT2X3zNA2,0.016524559000004047,0.016524559000004047,0.016558696591041804,1.0020658700203586,6.623478636416721e-06,1.0,171.365745094,234.940155231,406.65991968030613
Lid8SLUxQ9RmF7XMqUA8c24RitTwzja8VSKngJxRcUa,4PgzyzLtds9bKZ2to9PMnKqJzKEUpjvNUaeN23phegax,AtymwxoVN9peZo7EXTcDz9jKVc4vRmisJKKrNfe3ewBa,1466.791495706023,1302.0671047360063,278616.00207007176,189.94928923825208,27.861600207007175,171.81457496166817,1209.794017615,7504.292414431,1519146.3253441916
Lee1XZJfJ9Hm2K1qTyeCz1LXNc1YBZaKZszvNY4KCDw,9DgFSWkPDGijNKcLGbr3p5xoJbHsPgXUTr6QvGBJ5vGN,2hNHZg7XBhuhHVZ3JDEi4buq2fPQwuWBdQ9xkH7t1GQX,8267.433505915847,7047.8938401849755,1661745.242690292,200.99892445475527,166.1745242690292,172.03232625036105,7336.48692972,56590.855703245,11210082.533277838
7dwD9TF6uikvHXxPFK9AsSim54yJoujQjY9vU6gNFumk,CquVr6atkvwueDYficKjn6SSEWq4F4rH4VSiBbW4GBWU,8BCa6ge3b7ho3TfZuM64Vk1hgbrJ3J7EPiAb9uP86CGd,0.9215794499999999,0.9601019499999977,177.5434934426308,192.65131556767116,0.07101739737705232,202.0448147521809,2.997746565,1.193196668,818.5990192346967
KZMu9QBEdL97EFgamLbN5DE1AoKBG4HdrKKJo4Vuon3,DD4ACBWyVqdaKWh7v5btsgqQCCMwbKnuL2xd9pv7Gyuw,GcYqiJ1MAuYbNTNYXm1F1gQYTfTgkErACAhNU5dpVj9T,265.0492519300012,268.5850124200001,261.2094623845696,0.9855129206459873,0.10448378495382783,0.9995271836610411,2015.88432146,1069.83808208,3056.012290481251
GokA1R67GqSavkd15zR62QD68Tuc5AEfvjssntVDEbM8,3YB7hfpBdbQEuZqLGWVDpRPmeZWCUsrrWyqGXegnQ6Cg,4DPCj6Z1DsG6HUtwSogBGqXEUxdEV5a8YVrrFtcnz7UW,41903.449091,41923.11199300003,41881.54504294254,0.9994772733860191,4.188154504294254,1.0,23809.674379,10017.364366,33814.592794531876
SAMyS8Jr2HJrkFwYVKbpUwsNStnQmvz3f8Tup8bWUWF,6jPzm5TFfquvgm25sTyN3MMGBfufRaFHMxobDWv6hMFW,Cj9ECoDmxsHTDzCY5ZA6RWrPbg9uFzEC1Qc2kso2vJG6,5804.261211779983,227.3582540999995,5720.174419013508,0.9855129206459873,2.2880697676054034,0.0332503028051876,677.17599665,111634.17206962,4379.23571897118
AURHmCnNwiW4uA2Qj1XvEh4iKgRUZYXtiY7FKAapUV5Y,BKWm4TRnTeKwfWXRyuzjRHU7iZDkPuXBX5b5V5jSVfGJ,A5Ww74HVrkj9nPeC7pHKLfgeDMEhBCpW1efQdz3TGLEg,2.489480978999154,2.2125218019999693,478.31199802778207,192.13322056394173,0.19132479921111284,171.81044222633344,286.898224306,1817.933348258,367462.61231219396
KEVpg4SYCVrqFxKijQH6hm4QxsRdoE51ud64bEEFUC9,2bPenuBYfqzD8p5dFjCcggwkHDsc2RQDnx9AoyYGUBjA,AE6n6iLuX8oYu61vt5hoDYkjswpnxFxrhSehxrnQTnbx,393.81521348500064,394.64026665600045,393.0104507012252,0.9979564964576816,0.15720418028049007,1.0,5949.919732319,1647.526652475,7585.287702744496
ZUCKWFa4LTL833dPhhpeeRWZcaAEoMeYJPi2iKn4F8N,7eEYpq6ShaJ9opZWMxitRFrdCHh6vfyHhGfoSvFht3N2,H8VggnHmuwd1wvwpT8eg9cUJFEfZ7HAaeYjgXrSm7A2u,0.032080951999887475,0.032080951999887475,0.03209631952509817,1.0004790233535075,1.283852781003927e-05,1.0,1916.072738944,1930.384487349,3847.375069881973
BkMBnJpvHKtWhUvrgRrLesXfi9RUV3ELgdBaJcdH7hcY,5uerVwBnZQsuVhZ15igs7ZgmcqhHnYWbwoRtLyRqLvR,9YWiQh5d4jCtgMdzcGLv9bWgnLaFtzvDDh2nnhJdzhBX,0.016263038000033703,0.016263038000033703,0.01626429428665299,1.0000772479667874,6.505717714661197e-06,1.0,1471.600204339,1400.673198078,2872.387080540709
FrnkTEL6yZ5Aycq2TrEgu29dCrwKG4LPUZydfiwqspkc,DjvZuMZ46fxKBoBpGMPcRcos4xdTtHFxwMh69DpA2ZFY,9rvDPJLAng4uVVqnnSoEXgNDFhBZQTny9AoQioYDZbQX,31.31207031699904,26.60578610800013,6252.185487941536,199.6733344248809,2.5008741951766145,172.58063096514164,324.790240957,2568.031223441,508044.3992801771
SRMuKizofcAMicegrfSv7xs9q76tH1w8aAF7oX9FEWu,72Hj2KWntXPfbie4UgKeTPnm1XVkomDfCnRPKbvfTtPi,6aqJQ5wedqpUt4fFEDUqUmXhrdxCu4bEJsQdVPCADLko,112.97923699999956,112.45965500000057,8.567632542693765,0.07583369095238092,0.0034270530170775067,0.0757500810904618,17977.853421,4975.376863,1740.2121811431755
MATgk4zXLXtYkwBH678J1xZbRDZ45LicNzkRBHkxTuY,y8dALFo1bJrSzPYjMX14HJX448pXqYmrfXHD1K8MXih,GN7Yuet3UyiWS5YVkEHv6oQKi4HGBJc3XDPt9zQhAqZz,169327.68531900004,169376.70913099995,169473.43247092504,1.0008607402366034,67.78937298837002,1.0,8541.221677,9797.269057,18345.842507167145
MARpDPs5A7XiyCWPNH8GsMWPLxmwNn9SBmKvPa9LzgA,6YjT74rmcfCpw8LSjPNx5JTmZoYLGrTKnf9arfSgZ4SR,F8GSmi3vA8M8TsybLya1LQ4n1aFHCRbZ6k437PeTdXtg,144035.81689600053,152204.367948999,131845.99539203037,0.9153695117876709,52.738398156812146,1.0,376244.117984,17038.100595,361440.49518699694
DFWzVTzNBrQZLjoQ4yQwkj9HuoXmfkuZP9V5vbymZe23,DhgiEgiNdqZdRdo195UUHnoEJUtefK8buko8nU97XJUZ,2K2kkXsouBHtWVjtcgkyiXd8eP3oVBvq1bTJzcVdLLr2,252.161925952003,286.7557751079876,220.1380092502174,0.873002569357433,0.08805520370008696,0.9997679388648704,66444.399574699,9551.134345129,67555.04944617525
daob129AwBGn9Y5r91uLoWZeYiGzbPmksauMhFZKTze,6VW5GQNyj4LStgmxEHLr5zUfW92vQnmbw8jTnCH7a38F,4VPCCUifPeBA1c7HWK358CHn2nyjm8pdTRk6Ps3KmnMQ,116.1714772789993,104.53879059000013,21464.904722680785,184.76914665663003,8.585961889072314,172.110344761116,53.362768875,232.588646718,49890.705442425126
DA1mL7dfBow33EH5yjUuZE6SH2KeUK5zEXzsyhE5r5j5,B4UtLRZND3D83CitRCBUyeiNr7H8m7YFRqBmiPmXjhW4,AAmpYbuixWiSqDaJBCqYEs1pb5SrbdPr9mgXrB58Q2e,0.016861324000046807,0.016861324000046807,0.016856859713604552,0.9997352351190072,6.742743885441821e-06,0.9993551910468568,1637.759450222,1468.781348362,3105.1600940344333
YAkoNb6HKmSxQN9L8hiBE5tPJRsniSSMzND1boHmZxe,CfWX7o2TswwbxusJ4hCaPobu2jLCb1hfXuXJQjVq3jQF,EnTrdMMpdhugeH6Ban6gYZWXughWxKtVGfCwFn78ZmY3,14022358.669324916,14029591.737230979,14022358.669324916,1.0,1402.2358669324917,0.9994832671508829,949354.53678,293876.800553,1243079.4815365607
RajgMbScQbqqrdJfR2rxfHJiTiY5b6bJ2tTXiF4aPxy,725ZA3fhyBAKb5iopNRrcbSuQa3LXA1656Q3mBvYPxeg,GLA6i1dSZpUfk2f9Nj8uiG7xyDdAR2reff8oEiZH3617,141513.99658087,141344.42286577,141430.2387648687,0.9994081305169453,56.57209550594748,0.9995271836610411,104602.57094901,128695.35897684,233175.16958778378
JSoLLrxK5bYdHwTEWYaGgmeycBCNXKDiBCTw5hXGBg7,xG4wXczA7Dk4hccJ61CHKpDHW4NrNfQwgmWgkb9BuF2,BVR6WgfhsRr9Lob4QDnkEAiNGgAbv7ZieKcY9kSg3QYR,42.95811011799983,36.467978685999995,8510.368429977909,198.10853891386597,3.4041473719911637,170.08104361728363,18.291793603,168.836287625,32339.6125045322
CZgvH45CRmoaNJ7395Ao5CQZXkGznvqU7cErD6n7FaRg,4ZjU6MKvtqVQKCiowhvZ5yUsPxXX5SCzd5eFsPeXyey5,BsyWeshjDbCvjDojry3vKDCesmFRM37WtwcR4Kfgzqr,886.07069971,886.46650775,883.1820144725236,0.9967398930599761,0.35327280578900944,0.9995271836610411,597.64445487,507.77009274,1103.2260807787293
BUSDgu5JdqP1rndBvXvanbEufS94FNh1w5FJcAj6vawb,Bgzr8cWubt89JQFXndVjtdKmDbGzuPxNhvjH1EhWCwbo,Dxaf8xPBBQsasRKW5Aa4Sw2YrbfGofY9xZueyyF23FBW,8173.071710309994,7979.7446246599975,8377.688371085384,1.0250354662271315,3.3510753484341538,0.9995271836610411,2606.97013036,12212.80847087,14879.270898494166
SAMGk1Nd4haC8zQA63DG37pzuEZy8j4q13tSFtCbcRE,9U9TnkHD3jXMAVZtynCVLgDruuqN4pTvLJTmVHCLWS8g,C6zoEbvqSknmi96QWq96UBiPCyNW3YSTvKhavR2BfifE,0.1381149599999998,0.22955499999999773,0.29844625956177834,2.1608539694887416,0.00011937850382471133,0.0,53.41309,1.26105349,115.4178875491594
C98Sspw7XqnMsgxea3SLQVdbMDL8pKUc3RE82UvX9eq2,CSqgQJurPCzGxb4Cgwx5R61hWQUiaoUHcShNc8r1cKEL,6S2CR5EnukPhC914XkAns8m5GixjMAoUuZMsS5ubHuWc,184.13899199999946,183.7311440000002,0.0,0.0,0.0,1.0,923.04257,1090.016109,1090.016109
parEAJhzYzHW87y9VoZAQ22dzQ2MD2ekEtTReaxbMcz,3oyc6hpjYSJEquK6dSvG72NXyz3pqLZz5D8AC71pwgQb,Di2vordgFJVZ1aj1aBpvzXtLfZgJsuLLXawGtVFwX6Rz,9.121882578999987,10.584194690999766,1459.2873394875228,159.97655383626977,0.5837149357950091,193.19318584450343,1278.97887279,173.94303595,238211.24176898654
SoN9GaFpSXfpyR5dth3x7PHPVhvJMpQqqDJfCSmPv1t,9kZ9iS68ViMPtoeqtnhAKuF2iqVyfHPdZHoUNdwCELr,BBhm5fJLjw3HRzjtKB8uMEYjGhY6EDm9co3cqpjrSzB9,51.12903700599997,50.542924497999934,10250.077534786864,200.47468395667264,4.100031013914746,197.52079795242042,32.657021917,47.539770678,15936.999586570346
BerKDkt6v49dT1bHRedgnpsJS263C1DSJtEGvY9Mg35V,78XKqNb8wbfsMMrvo8WPUpdx7GEkfQutpNVH943aCGFa,DKYQwn4nDvFHCszi5tXbqfVMAP7DaXXp1KGTXEnYnKVH,0.03463568400002259,0.03463568400002259,0.03477541135943693,1.0040342023969917,1.3910164543774773e-05,0.9931615306635702,1340.351451808,2198.593002854,3529.316692868389
BSC8REUo9LpiiWUuqMuLXs2D2yJsJfGd4HdiF3wCLxk5,AZjEH1zWVx1UJ6udMyRijGTzPteuLnaY18yNNmprJEsh,Caf8ypkSVR8xYnXNhjvfvdGCC7mrM3C11rz8Xi6NA6aK,856.0525982480003,856.7043879859993,855.6918214622353,0.9995785576885073,0.34227672858489416,1.0,3346.371330578,2957.270780303,6302.231808412329
SERgf3DMJpQxUifu7VoFKmfne73d2fDJxSrxUMrcNJB,AJfM2GZ2tTB8UtN2krcyR9xufRJEx2mhSCbJyMgPo3GU,F4yRYkufQvERZcEKnKjJwRLU1btiMBUuEwq46hfm11QD,2.223364611000001,2.2129025490000025,379.39595172581505,170.64045629258013,0.15175838069032602,170.9112474982866,26.082027007,31.159012226,9776.074639869903
BUSDTd9WiT6uBHJRgNvFXBsA7JrifsAtWzKfioN7ERcy,DyBxrn7gSc1EwnpWhDyhzvMHPtxpmBqRqotapLcKcfTM,Cds99GeBgoCpqBsoRWu1C6fF9LiUMd4pXQQD24s9LPff,7481.441020269999,7513.683856749998,7480.205290356032,0.9998348272865322,0.7480205290356032,0.998320824373404,331.03821854,294.8947986,625.3831585009632
MNkYtBe2HtgL15osfaMmyqNW3vo4J399FXXCS4a39Wf,2mUxDu8NrhSKhQJMgKfYLxJqZzeEbmwhQdHeHMyohyuk,AZCBmDBcFsA2jHHhfFJBTsWCHx9XnnKmGfFsue3ZVW1t,0.049309980000089126,0.016263380000054894,0.04926637236325551,0.9991156427799497,1.9706548945302206e-05,0.9995271836610411,2194.39033408,1941.70687584,4133.238514248082
SUiuyGR7SFq3xeRVJonq84fjjeFwRSsFekcevJ53tzy,49GjCCPsv7fBqo6t3iKDrP1xxGDS8uWZbVCdfnp2gjMf,CEwj5xEbbJEjYqM8D6Ai8ByGz1mrh8mkAVsE5fzDSSSx,39.585482999999954,0.5009759999999999,0.4410766305722149,0.011142383448301374,0.00017643065222888596,0.8931992700775564,604.317512,2.08894,8.599377126463278
NorjjEePhxfwLF4vZjUHCrVVKLzQjEEGQFd3wgjEJmh,34M8pFVqgbV7aqHxvRT5tCv3vu2P1JJYT8J3VaxBK2oG,3AZWBSze3ucsY3xSeuLne3b2pauVqiaJ1SZSV5T9WGWw,24.41084299999966,37.46884200000204,15.867249464067973,0.6500082551048398,0.006346899785627189,1.0,37633.895191,2561.880191,27024.222736900334
BSCuChvaSj9b5HUSqgDVRzcnr2sSn7cXaamt1jbKH6hn,GnKpRj5kBVPMJfiwZtEuD9GYApLzPdW5JFuZTcyX4BTc,3dmwD9okkomV9nDwyuh4UMhKdUR13QpuKxRo89ycZB5t,384.1143506359997,384.37933559600015,384.0930661187407,0.999944588070652,0.1536372264474963,0.9967933159027409,1582.566198493,1513.164433514,3090.790698635133
heyk4SZTeCUV6a65WiVA5bzic3KcxgVf1qxobfeV4tQ,9ZDpBKPqMABtGfq66FbVribaArMvtk63xxy91onZAtDt,DaTP4s6N7xxSPinbNZ3FB52EpRDRt87QShTuN3VPCW52,133.68427173000305,117.15026596000075,25770.521633978347,192.77153026667244,10.308208653591338,170.29926348974527,655.67336937,4496.299784274,892111.7004595228
vEnkoSUkpnbRrPgBz9DfcVxNz67zjwMYBZraAvDDNSf,DtfyjjsZ5yCjWKLKHvwsfXs5QVsmm1QkK6Sh9JZHoq1g,e5wrKCRv4GhHvEf1VD5Pq2KGaZDXP77nTL612Jyrxwy,3707.355791000002,3709.7691620000032,3691.1700105039417,0.9956341442773438,0.3691170010503942,0.99750125934534,4778.901045,2084.533884,6837.36222696271
ACUSESXyNnwRLAg1dpSGMLSzUDdLjUMybY8rkXiAKhCP,AhFPQdu8GKBsxuhiH46UmCu1YpaLgNpoP325HnYtsgas,A8wxWpT3aFEr2XqZp1kDmbxbFfcBE95UUmdsNTDBJYbT,1408.25127978,1405.5401029699997,1405.3181657543912,0.9979171941345106,0.5621272663017566,0.9871805835068059,1027.726035161,1857.75618587,2859.526316927376
AUSejoEUCh2DBs9mof6BNC8Pubs22w4cJa1ccV9h44R,4xkyD7AfGQDwsQMy9MosRRNGoVJ1zosNinesxg1TzHG7,Cbm5gsQe3nSiCsFrvepVzMCD9xLK3ri9g3ypS2hdmVJ7,1681.7559120000024,1682.3147050000061,1681.934197024887,1.0001060112371911,0.16819341970248872,1.0,14425.612495,14429.268384,28856.410156027836
ionytDfEj1mXodptgrsKEZro7DGsfpzANUfarJdm6Qb,3gkSjY95an9xNFSjCfsay6JZez7uv7yfW3Ad4ubc4fMK,9wXqANaSuEqkKL9yHzCPEDGHwbkStVAqV5rB3QDs3Jr6,0.0030684100000000075,0.011981259000000133,3.0119273268397806,981.5922014462778,0.0012047709307359124,3918.341757768112,3.167492611,0.080182596,3423.368859249359
WiiQFxXqp8P9Fs1rt9SVcDyA3KUdJmUsog6wnVQAwba,3S2jpqSYxho6wiz3cafhjXruVY8cg4HYa2v3BqBHYFSj,Dfe67M6TfrG74gKRtdqys4e6E9QirPD53BkF4FujFjuv,3846.5012937930014,3863.4387601080143,3830.600681049005,0.9958662141178387,0.3830600681049005,0.9965618913716248,22218.310371878,4497.095181058,26608.09831345063
ALLwa5WNZbvQsRKAqe1jdRGemdYQnW8E5k4msbRFcYtu,CGoM82Hbz7QVqTgvQatYtjvDWBvoUJp5qm21P8iMs9yb,3dxNNww8TivyN5FMy5dCNdi3Zcxv6e4kUfSPxfFwpdNq,11.397216645,11.220881576999997,44593.53879411535,3912.6692229438927,17.837415517646143,3869.4898464586427,0.912986167,7.64598397,33158.27021469495
STK75uPSyBnEhGTTzb1nwmP3n427XoXmfRhXxxhyady,6TYyD5fUmDe6N65avW1Ny2RxzRNobw2RRgKwH9CTzSAU,54zDfk4cx2vGrEajPtodWpArNe5eUurytyxd4X3aZAxK,672.2297304590013,749.3038791730025,114009.01015639359,169.59828610755991,11.40090101563936,189.65644114998562,463.591272663,86.524925734,95034.29478354454
Cob4usZcpHEY7Qt4ZCwj6WVg9S44zvzYV2v9qYF65dTf,NhFM9UXE48PyNAyeyPYA3iXztqKVJwA4bTdLj4ysM8w,6TuFuynuBoeskxyR2cz4wxyidk8dpDK7kAWw3UkjQGx,323.59418999999326,18387.80341100003,3.602250342592774,0.0111319994422423,0.0014409001370371097,1.0,67897.276009,217.869064,973.7015026619595
BSCNHw8CmxbZ8hCWWzMf5FaG2ajPT6JxfznKUNuRVrn4,7n9kgNL633yGzCYksgnzHyjG73ZLBAwvEae5sbAekbzW,SscdxE99omdG9AiMVwmaEMQySQnCgeAh1sPj2Leutm2,69.45349253800032,68.81157458899952,70.94878116700512,1.021529351143669,0.028379512466802048,0.9988479268035291,2201.298486857,9492.649513655,11730.404301539398
SoNcU2iwHMw6dGzsYNQkYFkUjwN1UdAjrWVRnStrZu2,8ivTTid27jZnYNc4w3CTA1Z6QS2twsFb8WMwUabeDJgc,CyXm53PMvHCbeXJBykU46Rcbo28xk5srhMZFg7gv6EYB,28.62080674300002,28.501991145000027,5691.101738600474,198.84490991828469,2.2764406954401895,196.64832593280136,11.682420645,14.516589087,5177.652822995457
HEDSDjj84KS7LKhZY7ejkCACTdPen62rKhCby1wXtgxc,EnnjMSFttpCTywBrYNt1J5QQeoSVkvzPipJDa8Y7kJow,6bjVT6JN2rSvpyn9PdfLYC8wJn4LWh49jpY47fnLDXZk,44.416945619001126,45.455441014993994,42.49429091655031,0.9567134868087751,0.016997716366620126,1.0,38655.989597131,9551.534534909,46534.241128423935
KysFMBBoavfov2tLpvefWW6tPFt6rAeZWDJVy1mMQae,B8ka2V21TH3x64dFV8ETcjuQcwmrciJ2qzy1mJUttRew,7fSf7EYxBANyxzk2s5pymFgshA91tFYQNKKs5UnLWcYS,221.20183299999962,315.157864000008,5.072873866559196,0.0229332361208743,0.0020291495466236787,0.03298577867631039,134974.449735,2266.113624,3170.15044851447
B2izdXFYb2sNwbWWHmh75T4aQFtfXsUxem9u2p61HGzf,4DYwgJtxwuJdAjkj5RJSNH4e7U329V5cNp7d3a1nLrZv,EXNW64GEf1ACC6xY9BtKRiunrs6GoJSXBdxWN2eTPmrF,11952.51811300002,11758.510592000017,11926.946739191195,0.9978605869016829,1.1926946739191198,1.0,8157.56987,31887.705058,40027.82251616968
Sid7E679i9ABqptiAVhkmQ27YHN8vaYT4fppPwmxFsJ,GP7KB8o1bv527HG8kTzzzf4wJ5aEGHvcMQvVhLziUfmT,9gYxhAZ1M9wu5pxr8SBoa5NDm21gi3s9vMHaYTME77sa,11631.586159000002,34746.273511999985,129.6155715092832,0.011143413266039598,0.05184622860371328,0.03292764282200436,134970.623717,8950.980228,1798.7681187080639
MATSnbbiTCv7Dc3trJrkrqjx7ckKdr6fwPoVwv9q3sD,631WX9JizSHJm4w6VanZeJAst9T8DeUUnPLesdGkCVtK,211maUSfpnXbPuW1iBu8b4dtJv5EbN1j7JJiEX5TZKEP,133805.78559700007,133160.45948,133661.96532231325,0.998925156531572,53.464786128925304,0.9985730391270875,23699.196903,21030.794965,44674.50881946052
ALBpShJ9NLpE739pcHDF2LNVk5J4VYPvvKuV6jMPitZi,D6d156U1bPiJpDYRLextvDRccgFk7QzkQbJg42ceKEu5,GNcM8U5g8RwTZffwwm3kSQqUNPSwv5d2fbN9sLxPJqt2,5983.260129000017,5986.491907000003,5949.703799570439,0.9943916312000317,2.3798815198281753,0.9952724558347847,51689.908048,48522.565967,99693.18537381181
ercAoEmXjQzEvAFbdjAo81KtMxRGn9AW1ju882upmPH,CMRhskR2Eg6V42RTSdRTXGdozyPbWB8U9dVpijPWb9T4,7TKLLgrWswt6ZJ1pXhVR3FyufHGjJFqiEXxvWJfDcgRm,16.287842103999992,15.881677976999867,2774.795607098897,170.35992793775048,1.1099182428395589,163.7690731603943,299.773685547,1012.968841837,216962.39183542432
