0,1,2,3,4,5,6,7,8,9,10,11
RajgMbScQbqqrdJfR2rxfHJiTiY5b6bJ2tTXiF4aPxy,725ZA3fhyBAKb5iopNRrcbSuQa3LXA1656Q3mBvYPxeg,GLA6i1dSZpUfk2f9Nj8uiG7xyDdAR2reff8oEiZH3617,128086.82038244998,128261.45032807002,127988.46252888115,0.9992321001233762,51.19538501155247,1.0,119015.48960857,62649.63511048,181573.73273926327
MATgk4zXLXtYkwBH678J1xZbRDZ45LicNzkRBHkxTuY,y8dALFo1bJrSzPYjMX14HJX448pXqYmrfXHD1K8MXih,GN7Yuet3UyiWS5YVkEHv6oQKi4HGBJc3XDPt9zQhAqZz,107328.922045,107315.53952399999,107415.0689302821,1.0008026437202637,42.96602757211284,1.0,8208.90415,9257.501824,17472.994799366246
parEAJhzYzHW87y9VoZAQ22dzQ2MD2ekEtTReaxbMcz,3oyc6hpjYSJEquK6dSvG72NXyz3pqLZz5D8AC71pwgQb,Di2vordgFJVZ1aj1aBpvzXtLfZgJsuLLXawGtVFwX6Rz,16.238099729000027,18.959576817999505,2936.875599719956,180.86325670699736,1.1747502398879826,211.61248928447256,1283.945851157,168.86680904,267952.9538941728
Sid7E679i9ABqptiAVhkmQ27YHN8vaYT4fppPwmxFsJ,GP7KB8o1bv527HG8kTzzzf4wJ5aEGHvcMQvVhLziUfmT,9gYxhAZ1M9wu5pxr8SBoa5NDm21gi3s9vMHaYTME77sa,3029.7285250000214,9887.81256899992,23.118374194371857,0.007630510127758622,0.009247349677748743,0.024123580665007995,137609.659734,8125.264134,1246.0423670387502
ALLwa5WNZbvQsRKAqe1jdRGemdYQnW8E5k4msbRFcYtu,CGoM82Hbz7QVqTgvQatYtjvDWBvoUJp5qm21P8iMs9yb,3dxNNww8TivyN5FMy5dCNdi3Zcxv6e4kUfSPxfFwpdNq,7.727484030999998,7.663324114000002,25778.043269840204,3335.8908496513995,10.311217307936083,3301.2016373960123,0.97244777,7.602217213,28340.431529102658
TETFuZgEmET6d9vYmz9iMFCxK1jKdKYxf3oPz8hSzJK,Eu1Ze6Z84LWNkq7SNoAHBJbXx5t1P95EwyqYohrfCRFV,ASMbv7WNu3qe4pkhREmvyEdwFNDZQ6B6iSrjkj4u8bdC,1.0078855720000206,1.0,0.9954445537486092,0.9876563187359416,0.0003981778214994437,0.9964347564414524,309.129617145,43.29515226,348.4546141789704
wrmcMSHFi3sWpAEy4rGDvQb3ezh3PhXoV2xNjgLBkKU,8p4mGnARWPBu6P2Gcw4adodLkNDorrXniZMhaY7eJXUn,AyY89zccbsgp9LKFgH4CFZMJmpSgqmPSdTfukhP227rc,0.09450315999999753,0.7374468000000216,34.846169446276946,368.73020379718366,0.013938467778510778,3339.567192091905,49.03525707,0.18242818,18690.011497509426
BSCNHw8CmxbZ8hCWWzMf5FaG2ajPT6JxfznKUNuRVrn4,7n9kgNL633yGzCYksgnzHyjG73ZLBAwvEae5sbAekbzW,SscdxE99omdG9AiMVwmaEMQySQnCgeAh1sPj2Leutm2,954.1427618119997,952.587675746001,955.666354878591,1.001596818765043,0.3822665419514364,0.9998219726993631,5269.836550571,6396.249335631,11673.362153091239
DA1mL7dfBow33EH5yjUuZE6SH2KeUK5zEXzsyhE5r5j5,B4UtLRZND3D83CitRCBUyeiNr7H8m7YFRqBmiPmXjhW4,AAmpYbuixWiSqDaJBCqYEs1pb5SrbdPr9mgXrB58Q2e,0.041897030000200175,0.041897030000200175,0.04188660023674123,0.9997510619855656,1.675464009469649e-05,0.9998219726993631,1637.759450222,1468.960882148,3106.051116643751
BkMBnJpvHKtWhUvrgRrLesXfi9RUV3ELgdBaJcdH7hcY,5uerVwBnZQsuVhZ15igs7ZgmcqhHnYWbwoRtLyRqLvR,9YWiQh5d4jCtgMdzcGLv9bWgnLaFtzvDDh2nnhJdzhBX,0.04004553400000077,0.04004553400000077,0.04004431228807718,0.9999694919307708,1.6017724915230873e-05,0.9998219726993631,1471.600204339,1400.830511523,2872.136434106472
SoNcU2iwHMw6dGzsYNQkYFkUjwN1UdAjrWVRnStrZu2,8ivTTid27jZnYNc4w3CTA1Z6QS2twsFb8WMwUabeDJgc,CyXm53PMvHCbeXJBykU46Rcbo28xk5srhMZFg7gv6EYB,39.09842192199995,38.747993909,8475.626695356328,216.77669529130668,3.390250678142531,213.65695239723098,14.329011764,17.368083874,6817.00768648851
B2izdXFYb2sNwbWWHmh75T4aQFtfXsUxem9u2p61HGzf,4DYwgJtxwuJdAjkj5RJSNH4e7U329V5cNp7d3a1nLrZv,EXNW64GEf1ACC6xY9BtKRiunrs6GoJSXBdxWN2eTPmrF,17887.872167999987,17466.290993999995,18109.587852072917,1.0123947489109164,1.8109587852072917,1.0,7944.702685,32116.188929,40159.36420895246
Cob4usZcpHEY7Qt4ZCwj6WVg9S44zvzYV2v9qYF65dTf,NhFM9UXE48PyNAyeyPYA3iXztqKVJwA4bTdLj4ysM8w,6TuFuynuBoeskxyR2cz4wxyidk8dpDK7kAWw3UkjQGx,262.0297740000047,5696.023292999948,1.978127939111298,0.007549248731982887,0.0007912511756445192,1.0,73108.619849,169.268032,721.1831876920821
WiiQFxXqp8P9Fs1rt9SVcDyA3KUdJmUsog6wnVQAwba,3S2jpqSYxho6wiz3cafhjXruVY8cg4HYa2v3BqBHYFSj,Dfe67M6TfrG74gKRtdqys4e6E9QirPD53BkF4FujFjuv,51797.333039689,51781.37314725099,51513.26842681597,0.9945158448089332,5.1513268426815975,0.9998219726993631,22771.527952197,3960.779699935,26606.719931986037
BSC8REUo9LpiiWUuqMuLXs2D2yJsJfGd4HdiF3wCLxk5,AZjEH1zWVx1UJ6udMyRijGTzPteuLnaY18yNNmprJEsh,Caf8ypkSVR8xYnXNhjvfvdGCC7mrM3C11rz8Xi6NA6aK,382.8588279620003,382.9198817340002,382.88030295243226,1.00005609114604,0.1531521211809729,0.9998219726993631,3071.457591839,3236.023968751,6307.077741554387
Lid8SLUxQ9RmF7XMqUA8c24RitTwzja8VSKngJxRcUa,4PgzyzLtds9bKZ2to9PMnKqJzKEUpjvNUaeN23phegax,AtymwxoVN9peZo7EXTcDz9jKVc4vRmisJKKrNfe3ewBa,3711.8956865190103,3256.062885731992,799004.248815669,215.25503847468556,79.9004248815669,185.01692257282312,1021.742041988,7670.945697138,1639189.8886670426
DFWzVTzNBrQZLjoQ4yQwkj9HuoXmfkuZP9V5vbymZe23,DhgiEgiNdqZdRdo195UUHnoEJUtefK8buko8nU97XJUZ,2K2kkXsouBHtWVjtcgkyiXd8eP3oVBvq1bTJzcVdLLr2,653.7013473320003,774.7281924120161,545.9146643655669,0.8351132617267026,0.2183658657462268,0.9998219726993631,68025.740354225,8202.359881683,65010.097546285026
Lee1XZJfJ9Hm2K1qTyeCz1LXNc1YBZaKZszvNY4KCDw,9DgFSWkPDGijNKcLGbr3p5xoJbHsPgXUTr6QvGBJ5vGN,2hNHZg7XBhuhHVZ3JDEi4buq2fPQwuWBdQ9xkH7t1GQX,10183.521700471749,8674.176044728996,2210951.650632335,217.11071235110276,221.09516506323348,185.10761138434023,7349.882780904,56391.234665373,12034185.038180172
GokA1R67GqSavkd15zR62QD68Tuc5AEfvjssntVDEbM8,3YB7hfpBdbQEuZqLGWVDpRPmeZWCUsrrWyqGXegnQ6Cg,4DPCj6Z1DsG6HUtwSogBGqXEUxdEV5a8YVrrFtcnz7UW,61744.874455,61780.26552300005,61740.86129901556,0.9999350042247254,6.174086129901556,1.0,19589.745755,14385.591084,33974.063588287216
ZUCKWFa4LTL833dPhhpeeRWZcaAEoMeYJPi2iKn4F8N,7eEYpq6ShaJ9opZWMxitRFrdCHh6vfyHhGfoSvFht3N2,H8VggnHmuwd1wvwpT8eg9cUJFEfZ7HAaeYjgXrSm7A2u,59.41447248099985,59.26408927600005,59.57910820523177,1.0027709700575826,0.023831643282092706,0.9998219726993631,1690.42965651,2156.526560664,3851.2564265342926
SRMuKizofcAMicegrfSv7xs9q76tH1w8aAF7oX9FEWu,72Hj2KWntXPfbie4UgKeTPnm1XVkomDfCnRPKbvfTtPi,6aqJQ5wedqpUt4fFEDUqUmXhrdxCu4bEJsQdVPCADLko,129.62387600000056,130.2210959999975,8.175909377150864,0.06307410046240886,0.0032703637508603458,0.06295672348531947,17693.037092,5262.753553,1447.2981192335378
SAMyS8Jr2HJrkFwYVKbpUwsNStnQmvz3f8Tup8bWUWF,6jPzm5TFfquvgm25sTyN3MMGBfufRaFHMxobDWv6hMFW,Cj9ECoDmxsHTDzCY5ZA6RWrPbg9uFzEC1Qc2kso2vJG6,5201.184334519945,144.17211845000043,5240.270675041773,1.0075148923798787,2.096108270016709,0.02548006675267888,570.16845799,115311.53162396,3512.5987357223385
KEN5P7p3asnb23Sw6yAmJRGvijfAzso3RqfyLAQhznt,9zj4aX38Uxf3h6AUjS4EipWS8mwbEofasHAf3a1uKGds,CwQDG1MWunn9cLNwcZLd8YBacweSR7ARo32w4mLua1Yr,952706.0280609899,952700.7656399985,950161.4955758378,0.9973291525295259,95.01614955758379,1.0,2238287.968539,2300916.526831,4533226.369611035
JSoLLrxK5bYdHwTEWYaGgmeycBCNXKDiBCTw5hXGBg7,xG4wXczA7Dk4hccJ61CHKpDHW4NrNfQwgmWgkb9BuF2,BVR6WgfhsRr9Lob4QDnkEAiNGgAbv7ZieKcY9kSg3QYR,20.2746661879998,17.404552926999994,4348.590044428158,214.48392807581752,1.7394360177712633,185.3441349423923,17.996875942,167.210809517,34851.58348807884
KEVpg4SYCVrqFxKijQH6hm4QxsRdoE51ud64bEEFUC9,2bPenuBYfqzD8p5dFjCcggwkHDsc2RQDnx9AoyYGUBjA,AE6n6iLuX8oYu61vt5hoDYkjswpnxFxrhSehxrnQTnbx,14135.981306450001,14142.988666706,14108.602195355501,0.9980631616227444,5.643440878142202,1.0,5879.878893558,1731.260368178,7599.750886641342
AUSejoEUCh2DBs9mof6BNC8Pubs22w4cJa1ccV9h44R,4xkyD7AfGQDwsQMy9MosRRNGoVJ1zosNinesxg1TzHG7,Cbm5gsQe3nSiCsFrvepVzMCD9xLK3ri9g3ypS2hdmVJ7,13957.336156000003,13965.810383000011,13953.150210936721,0.9997000899730081,1.3953150210936722,1.0,14578.278135,14282.467807,28856.373770211037
heyk4SZTeCUV6a65WiVA5bzic3KcxgVf1qxobfeV4tQ,9ZDpBKPqMABtGfq66FbVribaArMvtk63xxy91onZAtDt,DaTP4s6N7xxSPinbNZ3FB52EpRDRt87QShTuN3VPCW52,202.78820603500117,176.72278700699974,43116.337116863375,212.61757752036877,17.24653484674535,185.43597016483588,633.783942764,4495.072261305,968301.6923179252
ALBpShJ9NLpE739pcHDF2LNVk5J4VYPvvKuV6jMPitZi,D6d156U1bPiJpDYRLextvDRccgFk7QzkQbJg42ceKEu5,GNcM8U5g8RwTZffwwm3kSQqUNPSwv5d2fbN9sLxPJqt2,8318.772677000008,8324.880841999999,8288.544355734644,0.9963662522779424,3.3154177422938576,0.9962044610035763,51243.659485,48982.459646,99853.99776434935
SERgf3DMJpQxUifu7VoFKmfne73d2fDJxSrxUMrcNJB,AJfM2GZ2tTB8UtN2krcyR9xufRJEx2mhSCbJyMgPo3GU,F4yRYkufQvERZcEKnKjJwRLU1btiMBUuEwq46hfm11QD,0.0011012189999988209,7.072900000082427e-05,0.2035158926128112,184.80964514145606,8.140635704512448e-05,185.6095091463726,26.203928038,31.039962041,10604.05076036708
Dg3mAgpwDfVNnbGWcsxL8sUcSkEbjSJQhKAWNigG44Ju,EATxwd8YA2wV93VJcKMmH2Kn2Y9XfJVUB9hHVu3udwEy,GiGvrRi7NMHfHKanG2B8xyCEqe8jaafWins8bhrLVEaa,0.004276239999999987,0.004291674999999995,0.9323941014774186,218.0406388503502,0.00037295764059096747,217.61810025491783,0.217820268,0.241149207,99.97210269459444
BUSDTd9WiT6uBHJRgNvFXBsA7JrifsAtWzKfioN7ERcy,DyBxrn7gSc1EwnpWhDyhzvMHPtxpmBqRqotapLcKcfTM,Cds99GeBgoCpqBsoRWu1C6fF9LiUMd4pXQQD24s9LPff,6785.911300629997,6805.824207199998,6775.828799617877,0.9985142008839426,0.6775828799617878,0.9960933219911507,344.93331903,290.30856285,633.5952381812198
oKQqupM9E7SSLAFDLxr7mdsXP7znck9qRbVWc6Yyj7Q,CMR2J7CwfW98RpvnJmFBgRFTLAd3x8CJ1SWs8Bt3uunG,FmRb5jHfSNj1YWP3b45d9vvYuhwjp4om8bALmtqZpr1v,496.93052836000015,500.0,492.33786292008,0.9907579325925554,0.196935145168032,1.0,3605.51324212,2286.55076594,5858.741611637894
SoN9GaFpSXfpyR5dth3x7PHPVhvJMpQqqDJfCSmPv1t,9kZ9iS68ViMPtoeqtnhAKuF2iqVyfHPdZHoUNdwCELr,BBhm5fJLjw3HRzjtKB8uMEYjGhY6EDm9co3cqpjrSzB9,2.6866907450000035,2.6419516730000008,586.405001058576,218.26293262441533,0.23456200042343042,214.98039271328255,3.860907465,5.701168296,2068.3323851009927
KwnjUuZhTMTSGAaavkLEmSyfobY16JNH4poL9oeeEvE,J63v6qEZmQpDqCD8bd4PXu2Pq5ZbyXrFcSa3Xt1HdAPQ,BnKQtTdLw9qPCDgZkWX3sURkBAoKCUYL1yahh6Mw7mRK,962.0841440000078,33110.0262470001,24.36263954874431,0.02532277420917989,0.002436263954874431,1.0,274695.384474,645.775988,7601.825185338962
BUSDgu5JdqP1rndBvXvanbEufS94FNh1w5FJcAj6vawb,Bgzr8cWubt89JQFXndVjtdKmDbGzuPxNhvjH1EhWCwbo,Dxaf8xPBBQsasRKW5Aa4Sw2YrbfGofY9xZueyyF23FBW,42159.52264213001,42068.5993205,42191.60471644034,1.0007609686329388,16.87664188657614,1.0,7099.86266693,7733.88889825,14839.154337967708
YAkoNb6HKmSxQN9L8hiBE5tPJRsniSSMzND1boHmZxe,CfWX7o2TswwbxusJ4hCaPobu2jLCb1hfXuXJQjVq3jQF,EnTrdMMpdhugeH6Ban6gYZWXughWxKtVGfCwFn78ZmY3,38849499.096759215,38824016.76351091,38849499.096759215,1.0,3884.949909675922,0.9963950427353835,315197.042439,1061507.403971,1372877.7575826107
NorjjEePhxfwLF4vZjUHCrVVKLzQjEEGQFd3wgjEJmh,34M8pFVqgbV7aqHxvRT5tCv3vu2P1JJYT8J3VaxBK2oG,3AZWBSze3ucsY3xSeuLne3b2pauVqiaJ1SZSV5T9WGWw,10.056912999999895,16.63439400000061,6.076045781289396,0.604166087674166,0.0024304183125157587,1.0,38026.852066,2315.638225,25290.172664279497
daob129AwBGn9Y5r91uLoWZeYiGzbPmksauMhFZKTze,6VW5GQNyj4LStgmxEHLr5zUfW92vQnmbw8jTnCH7a38F,4VPCCUifPeBA1c7HWK358CHn2nyjm8pdTRk6Ps3KmnMQ,60.31316518300022,54.421545108,12277.491595011057,203.56238240455622,4.910996638004423,185.44288210876744,50.091089532,221.405362751,51254.71010525643
SEQV6QiTpvTzrceiaYg9Avnwf7oc8ZALpnQMz6TyT4A,3dFMPj4r9mMmPHF32mz1gNDX7f8ftidWof7S8YiYTs1j,Fc1ED3YPeQfXQosHbd8DTaBd2AV5gHQtwiSAL5C5pUhi,929.8384213639999,931.1578994260008,925.2948737723157,0.9951136159925299,0.3701179495089263,0.9964347564414524,4203.365806022,1401.372856044,5579.2031670657725
HEDSDjj84KS7LKhZY7ejkCACTdPen62rKhCby1wXtgxc,EnnjMSFttpCTywBrYNt1J5QQeoSVkvzPipJDa8Y7kJow,6bjVT6JN2rSvpyn9PdfLYC8wJn4LWh49jpY47fnLDXZk,219.35229358100696,225.64272878400516,213.1621744529011,0.971780011838263,0.08526486978116044,1.0,38670.835870896,9537.306532739,47116.85187315384
MARpDPs5A7XiyCWPNH8GsMWPLxmwNn9SBmKvPa9LzgA,6YjT74rmcfCpw8LSjPNx5JTmZoYLGrTKnf9arfSgZ4SR,F8GSmi3vA8M8TsybLya1LQ4n1aFHCRbZ6k437PeTdXtg,135341.31544499984,144711.50513399942,126144.6160660858,0.9320481011384036,50.45784642643432,1.0,376501.029253,16489.991564,367407.0609559132
STK75uPSyBnEhGTTzb1nwmP3n427XoXmfRhXxxhyady,6TYyD5fUmDe6N65avW1Ny2RxzRNobw2RRgKwH9CTzSAU,54zDfk4cx2vGrEajPtodWpArNe5eUurytyxd4X3aZAxK,1252.2139666269993,1397.371369502,232429.03200141943,185.61447020711418,23.242903200141946,207.13411312422454,476.425502367,88.889770947,106843.57108593122
C98Sspw7XqnMsgxea3SLQVdbMDL8pKUc3RE82UvX9eq2,CSqgQJurPCzGxb4Cgwx5R61hWQUiaoUHcShNc8r1cKEL,6S2CR5EnukPhC914XkAns8m5GixjMAoUuZMsS5ubHuWc,235.08155600000032,234.7559640000003,0.0,0.0,0.0,1.0,972.857971,1040.394373,1040.394373
SQDY9uoDoCbNq7F3HAHYYQZbrUzpKxDtdWLvYcqBLak,GiehZ4X2uQjhEKuxSm3ACmEFrabxh3RTvjbLfLjw1xGX,rxDQYV77NKRKYxCjq4cECX3QQsiSyLv1T1FT2X3zNA2,4.237963060999988,4.1501696240000285,4.2467586885434185,1.0020754375195888,0.0016987034754173676,1.0,171.257518625,235.19041076,406.803363664666
BSCuChvaSj9b5HUSqgDVRzcnr2sSn7cXaamt1jbKH6hn,GnKpRj5kBVPMJfiwZtEuD9GYApLzPdW5JFuZTcyX4BTc,3dmwD9okkomV9nDwyuh4UMhKdUR13QpuKxRo89ycZB5t,397.0386050720001,397.54113003199996,396.810770612702,0.9994261654751261,0.1587243082450808,0.9964347564414524,1607.418400243,1489.557896161,3090.7432675356513
CZgvH45CRmoaNJ7395Ao5CQZXkGznvqU7cErD6n7FaRg,4ZjU6MKvtqVQKCiowhvZ5yUsPxXX5SCzd5eFsPeXyey5,BsyWeshjDbCvjDojry3vKDCesmFRM37WtwcR4Kfgzqr,296.8838909,299.78363900000005,305.5080564396715,1.029048950798669,0.12220322257586862,1.0,300.76056397,807.57248058,1117.0698233749445
7oAd7xG4m3oC2qeWB1szghTebAZyyGPAFDJ4wwwbRSNi,D9yh4KAysxt9GLacVe4Wwh2XqghhcjTCSTV9HuM7TBJd,HDYfJLpZKaMFb84jM4mRytn7XLR8UFZUnQpSfhJJaNEy,495.0651862179511,11.814926439999908,495.0651862179511,1.0,0.19802607448718046,0.02381215736269165,984.741961322,300358.002062211,8136.913971571032
AURHmCnNwiW4uA2Qj1XvEh4iKgRUZYXtiY7FKAapUV5Y,BKWm4TRnTeKwfWXRyuzjRHU7iZDkPuXBX5b5V5jSVfGJ,A5Ww74HVrkj9nPeC7pHKLfgeDMEhBCpW1efQdz3TGLEg,0.0200907720000032,0.017260428999975375,4.1587087757188765,206.99596689058112,0.0016634835102875506,184.80332675556693,287.166145663,1817.635551093,395347.3306509288
FrnkTEL6yZ5Aycq2TrEgu29dCrwKG4LPUZydfiwqspkc,DjvZuMZ46fxKBoBpGMPcRcos4xdTtHFxwMh69DpA2ZFY,9rvDPJLAng4uVVqnnSoEXgNDFhBZQTny9AoQioYDZbQX,63.47957150999963,54.259207060999586,13893.27874399352,218.86220107527,5.557311497597408,185.69626256560184,316.643215531,2511.544609443,535685.678347015
7dwD9TF6uikvHXxPFK9AsSim54yJoujQjY9vU6gNFumk,CquVr6atkvwueDYficKjn6SSEWq4F4rH4VSiBbW4GBWU,8BCa6ge3b7ho3TfZuM64Vk1hgbrJ3J7EPiAb9uP86CGd,4.776847903,4.966910027000003,1033.7418954067462,216.40670090364947,0.4134967581626985,217.74689449379076,2.248893752,1.929210263,906.7552211469495
ercAoEmXjQzEvAFbdjAo81KtMxRGn9AW1ju882upmPH,CMRhskR2Eg6V42RTSdRTXGdozyPbWB8U9dVpijPWb9T4,7TKLLgrWswt6ZJ1pXhVR3FyufHGjJFqiEXxvWJfDcgRm,10.469606154999951,10.316285881999875,1941.6547257518077,185.4563292072391,0.7766618903007231,179.84003947848547,289.842574659,983.040594361,230543.19924306934
MATSnbbiTCv7Dc3trJrkrqjx7ckKdr6fwPoVwv9q3sD,631WX9JizSHJm4w6VanZeJAst9T8DeUUnPLesdGkCVtK,211maUSfpnXbPuW1iBu8b4dtJv5EbN1j7JJiEX5TZKEP,58972.77354100003,59013.58547799999,58764.863454099424,0.9964744733134171,23.505945381639773,0.9946567041851176,23672.780027,21253.337168,44729.09530972714
BkwbeSfcX1h4thMDd7obGkHrPevf3QwgzJ4pCEqG18Lu,35yX27bmurdebhfAb8EPmjLETDiUaEUCn9zHaDPbakH2,2CxECn1ZJFoESyUnQysQU8rRgT3iJ5GRs2Mdd6gZjx5g,0.4327801200000041,0.2991141000000016,885.6467073220728,2046.4126386444561,0.3542586829288291,1377.4104683195592,0.94176333,22.57611884,33023.81880536631
KZMu9QBEdL97EFgamLbN5DE1AoKBG4HdrKKJo4Vuon3,DD4ACBWyVqdaKWh7v5btsgqQCCMwbKnuL2xd9pv7Gyuw,GcYqiJ1MAuYbNTNYXm1F1gQYTfTgkErACAhNU5dpVj9T,382.4481442999993,378.48415493999914,385.3222009452981,1.0075148923798787,0.15412888037811925,1.0,1279.5237062,1805.01268217,3094.1518713195965
vEnkoSUkpnbRrPgBz9DfcVxNz67zjwMYBZraAvDDNSf,DtfyjjsZ5yCjWKLKHvwsfXs5QVsmm1QkK6Sh9JZHoq1g,e5wrKCRv4GhHvEf1VD5Pq2KGaZDXP77nTL612Jyrxwy,88059.80341199998,88169.09093199992,87628.5831542977,0.9951030976564328,8.762858315429769,0.9982171841091809,1095.111172,844.198883,1932.4423513517424
