0,1,2,3,4,5,6,7,8,9,10,11
WiiQFxXqp8P9Fs1rt9SVcDyA3KUdJmUsog6wnVQAwba,3S2jpqSYxho6wiz3cafhjXruVY8cg4HYa2v3BqBHYFSj,Dfe67M6TfrG74gKRtdqys4e6E9QirPD53BkF4FujFjuv,5518.912703698,5542.329083481014,5507.32909435521,0.997901106619239,0.5507329094355211,1.0,20636.292515505,6074.719702015,26667.698839755758
SAMGk1Nd4haC8zQA63DG37pzuEZy8j4q13tSFtCbcRE,9U9TnkHD3jXMAVZtynCVLgDruuqN4pTvLJTmVHCLWS8g,C6zoEbvqSknmi96QWq96UBiPCyNW3YSTvKhavR2BfifE,0.1381149599999998,0.22955499999999773,0.2774992013469606,2.0091900352211014,0.00011099968053878423,0.0,53.41309,1.26105349,107.31704817836786
JSoLLrxK5bYdHwTEWYaGgmeycBCNXKDiBCTw5hXGBg7,xG4wXczA7Dk4hccJ61CHKpDHW4NrNfQwgmWgkb9BuF2,BVR6WgfhsRr9Lob4QDnkEAiNGgAbv7ZieKcY9kSg3QYR,85.27141681899977,72.40876917000008,17369.091194055734,203.6918329963252,6.947636477622295,176.22362637207715,18.189830783,168.973579621,33482.25693596579
ercAoEmXjQzEvAFbdjAo81KtMxRGn9AW1ju882upmPH,CMRhskR2Eg6V42RTSdRTXGdozyPbWB8U9dVpijPWb9T4,7TKLLgrWswt6ZJ1pXhVR3FyufHGjJFqiEXxvWJfDcgRm,16.287842103999992,15.881103379000024,2870.617252844824,176.24294455432212,1.1482469011379297,168.1704750832738,287.635685099,1012.968841837,221045.21147702946
C98Sspw7XqnMsgxea3SLQVdbMDL8pKUc3RE82UvX9eq2,CSqgQJurPCzGxb4Cgwx5R61hWQUiaoUHcShNc8r1cKEL,6S2CR5EnukPhC914XkAns8m5GixjMAoUuZMsS5ubHuWc,57.87067999999908,57.7236979999999,0.0,0.0,0.0,1.0,933.442841,1079.638585,1079.638585
SAMyS8Jr2HJrkFwYVKbpUwsNStnQmvz3f8Tup8bWUWF,6jPzm5TFfquvgm25sTyN3MMGBfufRaFHMxobDWv6hMFW,Cj9ECoDmxsHTDzCY5ZA6RWrPbg9uFzEC1Qc2kso2vJG6,6675.367568510017,228.43350022000004,6577.309357317881,0.9853104401838919,2.630923742927153,0.034256072017225324,694.05469965,111144.25029978,4491.224784193621
HEDSDjj84KS7LKhZY7ejkCACTdPen62rKhCby1wXtgxc,EnnjMSFttpCTywBrYNt1J5QQeoSVkvzPipJDa8Y7kJow,6bjVT6JN2rSvpyn9PdfLYC8wJn4LWh49jpY47fnLDXZk,40.36828928400246,41.455441014993994,39.23270838714631,0.9718694817888612,0.015693083354858525,1.0,38655.989597131,9551.567971593,47120.144549392324
BkMBnJpvHKtWhUvrgRrLesXfi9RUV3ELgdBaJcdH7hcY,5uerVwBnZQsuVhZ15igs7ZgmcqhHnYWbwoRtLyRqLvR,9YWiQh5d4jCtgMdzcGLv9bWgnLaFtzvDDh2nnhJdzhBX,0.016263038000033703,0.016263038000033703,0.01626429428665299,1.0000772479667874,6.505717714661197e-06,1.0,1471.600204339,1400.673198078,2872.387080540709
TETFuZgEmET6d9vYmz9iMFCxK1jKdKYxf3oPz8hSzJK,Eu1Ze6Z84LWNkq7SNoAHBJbXx5t1P95EwyqYohrfCRFV,ASMbv7WNu3qe4pkhREmvyEdwFNDZQ6B6iSrjkj4u8bdC,10.263472235999998,10.32905062399999,10.09592993545943,0.9836758655659535,0.0040383719741837725,0.992382472143824,307.119306966,45.269108121,347.0301195406599
SoNcU2iwHMw6dGzsYNQkYFkUjwN1UdAjrWVRnStrZu2,8ivTTid27jZnYNc4w3CTA1Z6QS2twsFb8WMwUabeDJgc,CyXm53PMvHCbeXJBykU46Rcbo28xk5srhMZFg7gv6EYB,39.651326900000015,39.56226605500004,8210.003176222808,207.05494161464756,3.2840012704891226,201.69663172675914,11.919538402,14.285592005,5349.3551175308785
iLiUBQ7Z7im6Ew3b4ewwPcehzWgEQRJ1iQz7g6D62NW,GpugBvKWM3TVhYcZjemSdtehBWgfvuGr6uAm9iPjXT6v,92fMXJ3xy8tEyMUWLHKRLyhPw2nECBo77GtDiBBbYrjX,0.016618512999912127,0.016618512999912127,0.016253044696429773,0.9780083631138184,6.5012178785719086e-06,1.0,1865.499763466,1097.901409563,2922.3757796195982
SUiuyGR7SFq3xeRVJonq84fjjeFwRSsFekcevJ53tzy,49GjCCPsv7fBqo6t3iKDrP1xxGDS8uWZbVCdfnp2gjMf,CEwj5xEbbJEjYqM8D6Ai8ByGz1mrh8mkAVsE5fzDSSSx,39.585482999999954,0.5009759999999999,0.4292824629826604,0.010844441710681182,0.00017171298519306414,0.9051879034309337,613.457764,1.97946,8.444390210988209
RajgMbScQbqqrdJfR2rxfHJiTiY5b6bJ2tTXiF4aPxy,725ZA3fhyBAKb5iopNRrcbSuQa3LXA1656Q3mBvYPxeg,GLA6i1dSZpUfk2f9Nj8uiG7xyDdAR2reff8oEiZH3617,80982.55826783998,80906.73132614001,80965.32884586159,0.9997872452742057,32.386131538344635,0.9991501428714763,100025.8175882,133282.76531018,233174.03062477848
BerKDkt6v49dT1bHRedgnpsJS263C1DSJtEGvY9Mg35V,78XKqNb8wbfsMMrvo8WPUpdx7GEkfQutpNVH943aCGFa,DKYQwn4nDvFHCszi5tXbqfVMAP7DaXXp1KGTXEnYnKVH,0.16890618199977325,0.03463568400002259,0.1695876291866287,1.0040344715556733,6.783505167465149e-05,1.0,1340.351451808,2198.660138103,3544.419199717925
oKQqupM9E7SSLAFDLxr7mdsXP7znck9qRbVWc6Yyj7Q,CMR2J7CwfW98RpvnJmFBgRFTLAd3x8CJ1SWs8Bt3uunG,FmRb5jHfSNj1YWP3b45d9vvYuhwjp4om8bALmtqZpr1v,0.04954483999995318,0.016738260000010996,0.04780703099774014,0.9649245208539439,1.9122812399096055e-05,0.9991501428714763,4454.39635192,1453.1367919,5750.058098808644
SoN9GaFpSXfpyR5dth3x7PHPVhvJMpQqqDJfCSmPv1t,9kZ9iS68ViMPtoeqtnhAKuF2iqVyfHPdZHoUNdwCELr,BBhm5fJLjw3HRzjtKB8uMEYjGhY6EDm9co3cqpjrSzB9,83.68819016999994,82.77999066399994,17286.619584104134,206.5598449313932,6.914647833641654,204.4128231434563,32.584169962,47.628507794,16466.45883485053
ionytDfEj1mXodptgrsKEZro7DGsfpzANUfarJdm6Qb,3gkSjY95an9xNFSjCfsay6JZez7uv7yfW3Ad4ubc4fMK,9wXqANaSuEqkKL9yHzCPEDGHwbkStVAqV5rB3QDs3Jr6,0.0030684100000000075,0.011981259000000133,2.98923124283967,974.19550934838,0.0011956924971358682,3889.6884359562796,3.167492611,0.080182596,3397.6423939565293
STK75uPSyBnEhGTTzb1nwmP3n427XoXmfRhXxxhyady,6TYyD5fUmDe6N65avW1Ny2RxzRNobw2RRgKwH9CTzSAU,54zDfk4cx2vGrEajPtodWpArNe5eUurytyxd4X3aZAxK,889.2666721099984,991.917218302001,157856.37320576512,177.51297575474524,15.785637320576514,198.22018099484728,477.102741349,88.990970841,102331.73370461771
wrmcMSHFi3sWpAEy4rGDvQb3ezh3PhXoV2xNjgLBkKU,8p4mGnARWPBu6P2Gcw4adodLkNDorrXniZMhaY7eJXUn,AyY89zccbsgp9LKFgH4CFZMJmpSgqmPSdTfukhP227rc,0.06419528000000019,0.22852509999999965,17.883785846812213,278.58412404793876,0.0071535143387248855,3886.060700268138,49.48214838,0.14246926,14338.585154734714
DFWzVTzNBrQZLjoQ4yQwkj9HuoXmfkuZP9V5vbymZe23,DhgiEgiNdqZdRdo195UUHnoEJUtefK8buko8nU97XJUZ,2K2kkXsouBHtWVjtcgkyiXd8eP3oVBvq1bTJzcVdLLr2,5885.242710141991,6778.36537496798,5036.725203014459,0.8558228523582743,2.0146900812057837,1.0,67228.301043451,8875.904140015,66411.42049822198
KEN5P7p3asnb23Sw6yAmJRGvijfAzso3RqfyLAQhznt,9zj4aX38Uxf3h6AUjS4EipWS8mwbEofasHAf3a1uKGds,CwQDG1MWunn9cLNwcZLd8YBacweSR7ARo32w4mLua1Yr,359521.7843639988,359552.34578300104,358727.91947819357,0.9977918865550537,35.87279194781936,1.0,2053292.819831,2018936.117193,4067695.033542119
parEAJhzYzHW87y9VoZAQ22dzQ2MD2ekEtTReaxbMcz,3oyc6hpjYSJEquK6dSvG72NXyz3pqLZz5D8AC71pwgQb,Di2vordgFJVZ1aj1aBpvzXtLfZgJsuLLXawGtVFwX6Rz,10.98032078700004,12.729480275999805,1903.4828535529496,173.35402949306774,0.76139314142118,201.41481824931046,1280.297212652,172.810538286,256751.28392240746
MARpDPs5A7XiyCWPNH8GsMWPLxmwNn9SBmKvPa9LzgA,6YjT74rmcfCpw8LSjPNx5JTmZoYLGrTKnf9arfSgZ4SR,F8GSmi3vA8M8TsybLya1LQ4n1aFHCRbZ6k437PeTdXtg,153987.16487499967,164486.51359400092,141502.277434662,0.9189225449376098,56.60091097386481,1.0,377593.535441,15808.794677,362788.00721643335
BSCuChvaSj9b5HUSqgDVRzcnr2sSn7cXaamt1jbKH6hn,GnKpRj5kBVPMJfiwZtEuD9GYApLzPdW5JFuZTcyX4BTc,3dmwD9okkomV9nDwyuh4UMhKdUR13QpuKxRo89ycZB5t,467.7191161779997,467.7894863920003,468.0956659064292,1.000805076626986,0.18723826636257168,0.9959286437045358,1403.304075473,1692.583442514,3090.1261750444396
GokA1R67GqSavkd15zR62QD68Tuc5AEfvjssntVDEbM8,3YB7hfpBdbQEuZqLGWVDpRPmeZWCUsrrWyqGXegnQ6Cg,4DPCj6Z1DsG6HUtwSogBGqXEUxdEV5a8YVrrFtcnz7UW,38372.28481200004,38387.682417,38348.62371117025,0.9993833804542597,3.834862371117025,1.0,24106.147718,9837.319301,33928.60269714458
SERgf3DMJpQxUifu7VoFKmfne73d2fDJxSrxUMrcNJB,AJfM2GZ2tTB8UtN2krcyR9xufRJEx2mhSCbJyMgPo3GU,F4yRYkufQvERZcEKnKjJwRLU1btiMBUuEwq46hfm11QD,0.0007776950000000227,8.682100000001469e-05,0.13776663560092425,177.1473850300185,5.5106654240369715e-05,177.37207659777653,26.082027007,31.159271026,10147.147487726921
heyk4SZTeCUV6a65WiVA5bzic3KcxgVf1qxobfeV4tQ,9ZDpBKPqMABtGfq66FbVribaArMvtk63xxy91onZAtDt,DaTP4s6N7xxSPinbNZ3FB52EpRDRt87QShTuN3VPCW52,181.4108544100036,158.64644474599993,36055.05289281828,198.74804630670482,14.422021157127313,177.08599331252455,656.40792457,4495.508094205,926551.308895313
Lee1XZJfJ9Hm2K1qTyeCz1LXNc1YBZaKZszvNY4KCDw,9DgFSWkPDGijNKcLGbr3p5xoJbHsPgXUTr6QvGBJ5vGN,2hNHZg7XBhuhHVZ3JDEi4buq2fPQwuWBdQ9xkH7t1GQX,10743.612475057795,9149.419412515981,2240096.9454554655,208.50500245201883,224.00969454554658,177.88279978276952,7340.551685017,56586.71652366,11596345.312826186
AURHmCnNwiW4uA2Qj1XvEh4iKgRUZYXtiY7FKAapUV5Y,BKWm4TRnTeKwfWXRyuzjRHU7iZDkPuXBX5b5V5jSVfGJ,A5Ww74HVrkj9nPeC7pHKLfgeDMEhBCpW1efQdz3TGLEg,0.02099972399901162,0.01658859100001564,4.113058898408778,195.86252174563649,0.0016452235593635114,177.97118895610464,286.898224306,1817.933956485,379732.47737622925
SRMuKizofcAMicegrfSv7xs9q76tH1w8aAF7oX9FEWu,72Hj2KWntXPfbie4UgKeTPnm1XVkomDfCnRPKbvfTtPi,6aqJQ5wedqpUt4fFEDUqUmXhrdxCu4bEJsQdVPCADLko,396.60350299999936,397.2759840000017,31.034546403514348,0.0782508126346892,0.01241381856140574,0.07713189670033603,17693.037092,5259.001129,1790.1312622536768
Lid8SLUxQ9RmF7XMqUA8c24RitTwzja8VSKngJxRcUa,4PgzyzLtds9bKZ2to9PMnKqJzKEUpjvNUaeN23phegax,AtymwxoVN9peZo7EXTcDz9jKVc4vRmisJKKrNfe3ewBa,1988.075737941019,1775.1337116570026,392852.0521669113,197.60416802519532,39.28520521669113,177.84527994180903,1258.680548939,7449.925759562,1573654.6549375854
ZUCKWFa4LTL833dPhhpeeRWZcaAEoMeYJPi2iKn4F8N,7eEYpq6ShaJ9opZWMxitRFrdCHh6vfyHhGfoSvFht3N2,H8VggnHmuwd1wvwpT8eg9cUJFEfZ7HAaeYjgXrSm7A2u,167.65633521900008,167.8820360000002,168.03164768269448,1.0022385820565871,0.06721265907307779,1.0,1748.416403725,2098.266523349,3850.5969006628216
moFiBS1R4Lf3E3zzmBPnw3NF4RhWPkhREFviuzUaCAU,44ALBrpqi9PfZkBRTvbtRNtFJGsatfY4QydjtMbFWq8S,2ho8qEEie1UjVwWNBo9y4oAJZMyMLx8zPj9bxyUz6uWs,20.41361851700276,20.43178181600524,20.369174404294796,0.9978228204533681,0.00814766976171792,1.0,40861.612039245,27484.401473285,68257.05044655575
KwnjUuZhTMTSGAaavkLEmSyfobY16JNH4poL9oeeEvE,J63v6qEZmQpDqCD8bd4PXu2Pq5ZbyXrFcSa3Xt1HdAPQ,BnKQtTdLw9qPCDgZkWX3sURkBAoKCUYL1yahh6Mw7mRK,1241.902369999993,34544.02855999934,42.84030988466402,0.034495714735341285,0.004284030988466402,1.0,270648.834602,766.184082,10102.409073883158
Cob4usZcpHEY7Qt4ZCwj6WVg9S44zvzYV2v9qYF65dTf,NhFM9UXE48PyNAyeyPYA3iXztqKVJwA4bTdLj4ysM8w,6TuFuynuBoeskxyR2cz4wxyidk8dpDK7kAWw3UkjQGx,225.34602700000002,19262.135419000013,2.462084669803987,0.010925795775418693,0.000984833867921595,1.0,68469.367594,211.509497,959.5918242041147
ACUSESXyNnwRLAg1dpSGMLSzUDdLjUMybY8rkXiAKhCP,AhFPQdu8GKBsxuhiH46UmCu1YpaLgNpoP325HnYtsgas,A8wxWpT3aFEr2XqZp1kDmbxbFfcBE95UUmdsNTDBJYbT,1408.3201216680002,1405.6080609699995,1408.3201216680002,1.0,0.5633280486672001,0.9871834953976025,1027.793993161,1857.687343982,2861.672278749039
YAkoNb6HKmSxQN9L8hiBE5tPJRsniSSMzND1boHmZxe,CfWX7o2TswwbxusJ4hCaPobu2jLCb1hfXuXJQjVq3jQF,EnTrdMMpdhugeH6Ban6gYZWXughWxKtVGfCwFn78ZmY3,18441229.503090866,18441391.096597068,18441229.503090866,1.0,1844.1229503090867,0.9888702651655615,261045.579288,981536.457882,1231657.7966634394
SQDY9uoDoCbNq7F3HAHYYQZbrUzpKxDtdWLvYcqBLak,GiehZ4X2uQjhEKuxSm3ACmEFrabxh3RTvjbLfLjw1xGX,rxDQYV77NKRKYxCjq4cECX3QQsiSyLv1T1FT2X3zNA2,0.016524559000004047,0.016524559000004047,0.016558696591041804,1.0020658700203586,6.623478636416721e-06,1.0,171.365745094,234.940155231,406.65991968030613
AUSejoEUCh2DBs9mof6BNC8Pubs22w4cJa1ccV9h44R,4xkyD7AfGQDwsQMy9MosRRNGoVJ1zosNinesxg1TzHG7,Cbm5gsQe3nSiCsFrvepVzMCD9xLK3ri9g3ypS2hdmVJ7,2715.701772999999,2715.7889140000025,2715.5279792093293,0.9999360040957378,0.2715527979209329,1.0,14436.191896,14418.809639,28854.07767784551
KZMu9QBEdL97EFgamLbN5DE1AoKBG4HdrKKJo4Vuon3,DD4ACBWyVqdaKWh7v5btsgqQCCMwbKnuL2xd9pv7Gyuw,GcYqiJ1MAuYbNTNYXm1F1gQYTfTgkErACAhNU5dpVj9T,286.5673463000003,290.6826817199999,282.6991567758864,0.9865016388850377,0.11307966271035458,0.9997918533340544,1998.24548673,1087.27154058,3058.3176761876257
MNkYtBe2HtgL15osfaMmyqNW3vo4J399FXXCS4a39Wf,2mUxDu8NrhSKhQJMgKfYLxJqZzeEbmwhQdHeHMyohyuk,AZCBmDBcFsA2jHHhfFJBTsWCHx9XnnKmGfFsue3ZVW1t,0.08201041999973313,0.016263380000054894,0.08195959439646006,0.9993802543228868,3.278383775858402e-05,0.9997918533340544,2194.39033408,1941.72322606,4134.349433000862
HDSBGqAuMRr6X2AfmmbXQPpRgU6VEhtfNVVZ3wUTZXg,DCZ1d8kNLgDcdSd99y4udLgwq46mfDXNS9KXj96kQf5L,Fq8GGYQM5Pz3q7LmVMbrXHJgsxA5ev86kTq8yGgGuYsa,62.55803975500203,62.66987728600179,62.0676495865192,0.9921610368482875,0.02482705983460768,1.0,12733.35411027,12164.8230842,24798.360900801887
vEnkoSUkpnbRrPgBz9DfcVxNz67zjwMYBZraAvDDNSf,DtfyjjsZ5yCjWKLKHvwsfXs5QVsmm1QkK6Sh9JZHoq1g,e5wrKCRv4GhHvEf1VD5Pq2KGaZDXP77nTL612Jyrxwy,11362.433477000002,11371.610127000007,11307.636669698644,0.9951773704627377,1.1307636669698644,0.9959752639583443,4441.479618,2422.601018,6832.910695573388
B2izdXFYb2sNwbWWHmh75T4aQFtfXsUxem9u2p61HGzf,4DYwgJtxwuJdAjkj5RJSNH4e7U329V5cNp7d3a1nLrZv,EXNW64GEf1ACC6xY9BtKRiunrs6GoJSXBdxWN2eTPmrF,18113.483654000032,17807.456239,18347.54326341137,1.0129218439634415,1.834754326341137,1.0,8003.163915,32046.340354,40152.91990432348
MATgk4zXLXtYkwBH678J1xZbRDZ45LicNzkRBHkxTuY,y8dALFo1bJrSzPYjMX14HJX448pXqYmrfXHD1K8MXih,GN7Yuet3UyiWS5YVkEHv6oQKi4HGBJc3XDPt9zQhAqZz,152152.48577699994,152093.06742900008,152274.15282510722,1.0007996389114904,60.909661130042885,1.0,8630.879297,9727.466728,18365.247611926257
SEQV6QiTpvTzrceiaYg9Avnwf7oc8ZALpnQMz6TyT4A,3dFMPj4r9mMmPHF32mz1gNDX7f8ftidWof7S8YiYTs1j,Fc1ED3YPeQfXQosHbd8DTaBd2AV5gHQtwiSAL5C5pUhi,719.1435297799998,721.6664851410005,711.4808067854359,0.9893446541931511,0.28459232271417434,0.9962858463647523,4736.904856641,867.907649875,5551.115604861506
BSCNHw8CmxbZ8hCWWzMf5FaG2ajPT6JxfznKUNuRVrn4,7n9kgNL633yGzCYksgnzHyjG73ZLBAwvEae5sbAekbzW,SscdxE99omdG9AiMVwmaEMQySQnCgeAh1sPj2Leutm2,165.12641419099964,161.75875216699933,168.38839374134244,1.0197544382364514,0.06735535749653698,1.0,2312.695212963,9372.975518268,11731.356725975214
7dwD9TF6uikvHXxPFK9AsSim54yJoujQjY9vU6gNFumk,CquVr6atkvwueDYficKjn6SSEWq4F4rH4VSiBbW4GBWU,8BCa6ge3b7ho3TfZuM64Vk1hgbrJ3J7EPiAb9uP86CGd,0.6708475310000006,0.702806524000001,131.6794219942053,196.28815179198324,0.05267176879768213,206.57089626773902,3.066212712,1.128370246,834.9496792776338
Sid7E679i9ABqptiAVhkmQ27YHN8vaYT4fppPwmxFsJ,GP7KB8o1bv527HG8kTzzzf4wJ5aEGHvcMQvVhLziUfmT,9gYxhAZ1M9wu5pxr8SBoa5NDm21gi3s9vMHaYTME77sa,12844.072992000025,36914.7754640001,140.3317184351632,0.010925795775418693,0.056132687374065286,0.03412274716504805,136393.131979,8487.545621,1779.8218784494761
daob129AwBGn9Y5r91uLoWZeYiGzbPmksauMhFZKTze,6VW5GQNyj4LStgmxEHLr5zUfW92vQnmbw8jTnCH7a38F,4VPCCUifPeBA1c7HWK358CHn2nyjm8pdTRk6Ps3KmnMQ,172.51722803499945,156.80142882400003,33040.54887319987,191.52028611598584,13.216219549279947,177.7949409160742,49.896384929,221.468483694,48932.14589090273
BUSDTd9WiT6uBHJRgNvFXBsA7JrifsAtWzKfioN7ERcy,DyBxrn7gSc1EwnpWhDyhzvMHPtxpmBqRqotapLcKcfTM,Cds99GeBgoCpqBsoRWu1C6fF9LiUMd4pXQQD24s9LPff,8545.647118040002,8574.67619348,8540.25420371798,0.9993689285027183,0.8540254203717981,0.9980219205534631,315.36531022,311.03084869,625.5818971224562
BkwbeSfcX1h4thMDd7obGkHrPevf3QwgzJ4pCEqG18Lu,35yX27bmurdebhfAb8EPmjLETDiUaEUCn9zHaDPbakH2,2CxECn1ZJFoESyUnQysQU8rRgT3iJ5GRs2Mdd6gZjx5g,0.3688112099999963,0.3158798300000003,554.9955758204991,1504.8229575790408,0.22199823032819968,1228.5012285012285,1.41135536,21.95385819,29094.181703786988
MATSnbbiTCv7Dc3trJrkrqjx7ckKdr6fwPoVwv9q3sD,631WX9JizSHJm4w6VanZeJAst9T8DeUUnPLesdGkCVtK,211maUSfpnXbPuW1iBu8b4dtJv5EbN1j7JJiEX5TZKEP,98180.08147399996,98286.42602099995,97573.85511218794,0.9938253630195595,39.02954204487518,0.9962858463647523,19077.235981,25777.020739,44640.72189794351
KEVpg4SYCVrqFxKijQH6hm4QxsRdoE51ud64bEEFUC9,2bPenuBYfqzD8p5dFjCcggwkHDsc2RQDnx9AoyYGUBjA,AE6n6iLuX8oYu61vt5hoDYkjswpnxFxrhSehxrnQTnbx,1245.3535780500001,1246.969481488,1244.2996711601236,0.9991537287815668,0.49771986846404953,0.9957052593545103,5206.438676293,2390.185237715,7581.952629115051
FrnkTEL6yZ5Aycq2TrEgu29dCrwKG4LPUZydfiwqspkc,DjvZuMZ46fxKBoBpGMPcRcos4xdTtHFxwMh69DpA2ZFY,9rvDPJLAng4uVVqnnSoEXgNDFhBZQTny9AoQioYDZbQX,40.000345324001955,33.90161180899969,8350.527336259463,208.76138114859677,3.340210934503785,176.46799311774828,324.727279468,2568.112457926,520980.16690925503
BUSDgu5JdqP1rndBvXvanbEufS94FNh1w5FJcAj6vawb,Bgzr8cWubt89JQFXndVjtdKmDbGzuPxNhvjH1EhWCwbo,Dxaf8xPBBQsasRKW5Aa4Sw2YrbfGofY9xZueyyF23FBW,6507.827553790008,6367.102382240002,6669.113597095576,1.0247833923029566,2.6676454388382305,0.9997918533340544,2614.52827485,12206.69649104,14883.480862635959
ALBpShJ9NLpE739pcHDF2LNVk5J4VYPvvKuV6jMPitZi,D6d156U1bPiJpDYRLextvDRccgFk7QzkQbJg42ceKEu5,GNcM8U5g8RwTZffwwm3kSQqUNPSwv5d2fbN9sLxPJqt2,9818.783772000003,9827.123352000002,9738.557535026455,0.9918293101430417,3.895423014010582,0.9958096330640664,52924.534403,47291.379132,99585.31534709973
ALLwa5WNZbvQsRKAqe1jdRGemdYQnW8E5k4msbRFcYtu,CGoM82Hbz7QVqTgvQatYtjvDWBvoUJp5qm21P8iMs9yb,3dxNNww8TivyN5FMy5dCNdi3Zcxv6e4kUfSPxfFwpdNq,7.157698450999994,7.053972125999999,27700.07140479874,3869.969040247678,11.080028561919496,3827.5607338199434,0.859657097,7.700658614,32801.584886117904
BSC8REUo9LpiiWUuqMuLXs2D2yJsJfGd4HdiF3wCLxk5,AZjEH1zWVx1UJ6udMyRijGTzPteuLnaY18yNNmprJEsh,Caf8ypkSVR8xYnXNhjvfvdGCC7mrM3C11rz8Xi6NA6aK,882.2803506550003,882.4401471899996,881.892382384895,0.9995602664506612,0.352756952953958,0.9999784044663771,3228.954276999,3074.667489303,6302.135487691978
DA1mL7dfBow33EH5yjUuZE6SH2KeUK5zEXzsyhE5r5j5,B4UtLRZND3D83CitRCBUyeiNr7H8m7YFRqBmiPmXjhW4,AAmpYbuixWiSqDaJBCqYEs1pb5SrbdPr9mgXrB58Q2e,0.016861324000046807,0.016861324000046807,0.016858945287161513,0.9998589249049905,6.743578114864606e-06,1.0,1637.759450222,1468.781348362,3106.309751513957
