0,1,2,3,4,5,6,7,8,9,10,11
BUSDTd9WiT6uBHJRgNvFXBsA7JrifsAtWzKfioN7ERcy,DyBxrn7gSc1EwnpWhDyhzvMHPtxpmBqRqotapLcKcfTM,Cds99GeBgoCpqBsoRWu1C6fF9LiUMd4pXQQD24s9LPff,9777.324245220003,9790.471669879998,9793.202748292028,1.0016240131424288,0.9793202748292028,1.0015865130366501,330.02452387,292.9144049,623.9396054560852
RajgMbScQbqqrdJfR2rxfHJiTiY5b6bJ2tTXiF4aPxy,725ZA3fhyBAKb5iopNRrcbSuQa3LXA1656Q3mBvYPxeg,GLA6i1dSZpUfk2f9Nj8uiG7xyDdAR2reff8oEiZH3617,147698.91608705005,147880.50139793998,147656.61246757806,0.9997135820587401,59.062644987031234,1.0,123152.86057606,109317.04113646,232434.62852373353
BSC8REUo9LpiiWUuqMuLXs2D2yJsJfGd4HdiF3wCLxk5,AZjEH1zWVx1UJ6udMyRijGTzPteuLnaY18yNNmprJEsh,Caf8ypkSVR8xYnXNhjvfvdGCC7mrM3C11rz8Xi6NA6aK,1456.2918407819998,1456.2683511209998,1455.4584612771157,0.9994277386705425,0.5821833845108464,0.9976054197779552,3316.680091345,2985.071375266,6292.705465975938
SEQV6QiTpvTzrceiaYg9Avnwf7oc8ZALpnQMz6TyT4A,3dFMPj4r9mMmPHF32mz1gNDX7f8ftidWof7S8YiYTs1j,Fc1ED3YPeQfXQosHbd8DTaBd2AV5gHQtwiSAL5C5pUhi,1883.6142089700006,1886.4660109760005,1882.0887440474419,0.9991901394057794,0.7528354976189767,1.0016547336199402,4174.231510549,1428.22099005,5601.4352802763915
4vezWG46exH6pf9nry3n1VJ7hZHvjBJNgNeF4qEFCML5,,,0.03366299999999889,0.03317200000000042,0.0,0.0,0.0,1.0016547336199402,4174.231510549,1428.22099005,1430.5843153389399
BUSD5rCfUDpCxKGMvYU2yThChxgHoioK74PTPociGnv2,CcFHbafgYDZ8yA8Me1PdtDiVb2eeaS61LbqyKKK5CsNZ,26R9s4nmF3CFDTkiePDwRmtscn8i7r2eygbSijditJ58,20.703171410000017,20.680610339999987,20.701407029078926,0.9999147772635337,0.0020701407029078927,1.0,72.63382713,73.42900626,146.05664333649196
C98Sspw7XqnMsgxea3SLQVdbMDL8pKUc3RE82UvX9eq2,CSqgQJurPCzGxb4Cgwx5R61hWQUiaoUHcShNc8r1cKEL,6S2CR5EnukPhC914XkAns8m5GixjMAoUuZMsS5ubHuWc,89.22360800000013,89.18476999999996,0.0,0.0,0.0,1.0,991.940069,991.95863,991.95863
B2izdXFYb2sNwbWWHmh75T4aQFtfXsUxem9u2p61HGzf,4DYwgJtxwuJdAjkj5RJSNH4e7U329V5cNp7d3a1nLrZv,EXNW64GEf1ACC6xY9BtKRiunrs6GoJSXBdxWN2eTPmrF,11509.66244299997,11361.080589999989,11584.381704997202,1.0064918725781289,1.1584381704997202,1.0,9671.530308,30345.146674,40079.463324395045
STK75uPSyBnEhGTTzb1nwmP3n427XoXmfRhXxxhyady,6TYyD5fUmDe6N65avW1Ny2RxzRNobw2RRgKwH9CTzSAU,54zDfk4cx2vGrEajPtodWpArNe5eUurytyxd4X3aZAxK,422.43469113000197,470.6836828639994,61632.903071106484,145.89924635744296,6.163290307110649,162.5290297163202,470.303245724,87.84081269,82893.57116658964
KEN5P7p3asnb23Sw6yAmJRGvijfAzso3RqfyLAQhznt,9zj4aX38Uxf3h6AUjS4EipWS8mwbEofasHAf3a1uKGds,CwQDG1MWunn9cLNwcZLd8YBacweSR7ARo32w4mLua1Yr,209507.87490800302,209524.57928399835,209286.03171438578,0.9989411224102451,20.928603171438578,1.0,2286537.384007,2203535.903241,4487652.124053938
KZMu9QBEdL97EFgamLbN5DE1AoKBG4HdrKKJo4Vuon3,DD4ACBWyVqdaKWh7v5btsgqQCCMwbKnuL2xd9pv7Gyuw,GcYqiJ1MAuYbNTNYXm1F1gQYTfTgkErACAhNU5dpVj9T,223.1333301699999,223.97735466000017,222.3815448955107,0.9966307800187608,0.08895261795820429,1.0,1686.92327492,1394.41173101,3075.651390325322
7dwD9TF6uikvHXxPFK9AsSim54yJoujQjY9vU6gNFumk,CquVr6atkvwueDYficKjn6SSEWq4F4rH4VSiBbW4GBWU,8BCa6ge3b7ho3TfZuM64Vk1hgbrJ3J7EPiAb9uP86CGd,0.12124708199999978,0.12186822200000114,20.59748971289887,169.88029215333123,0.008238995885159549,170.79894794680024,2.234918358,1.936207377,710.3707665943168
SAMyS8Jr2HJrkFwYVKbpUwsNStnQmvz3f8Tup8bWUWF,6jPzm5TFfquvgm25sTyN3MMGBfufRaFHMxobDWv6hMFW,Cj9ECoDmxsHTDzCY5ZA6RWrPbg9uFzEC1Qc2kso2vJG6,2453.3523823100113,88.03626677999966,2445.0864984425116,0.9966307800187608,0.9780345993770048,0.03561493911359046,703.93132356,110848.53575881,4649.423475959915
vEnkoSUkpnbRrPgBz9DfcVxNz67zjwMYBZraAvDDNSf,DtfyjjsZ5yCjWKLKHvwsfXs5QVsmm1QkK6Sh9JZHoq1g,e5wrKCRv4GhHvEf1VD5Pq2KGaZDXP77nTL612Jyrxwy,9498.476637000005,9504.760133999998,9504.759282885992,1.0006614372099958,0.9504759282885994,0.999745065008423,4510.113023,2347.648771,6860.146452755038
SUiuyGR7SFq3xeRVJonq84fjjeFwRSsFekcevJ53tzy,49GjCCPsv7fBqo6t3iKDrP1xxGDS8uWZbVCdfnp2gjMf,CEwj5xEbbJEjYqM8D6Ai8ByGz1mrh8mkAVsE5fzDSSSx,0.06907400000000008,7.714319000000046,0.0005723966018830574,0.008286715723471302,2.2895864075322296e-07,0.9200393776853649,639.655884,1.708228,6.872283497618451
ercAoEmXjQzEvAFbdjAo81KtMxRGn9AW1ju882upmPH,CMRhskR2Eg6V42RTSdRTXGdozyPbWB8U9dVpijPWb9T4,7TKLLgrWswt6ZJ1pXhVR3FyufHGjJFqiEXxvWJfDcgRm,17.367630083999984,17.00871859700004,2529.3061756259553,145.63335143555892,1.0117224702503822,141.93571646239988,342.865246325,997.236073166,191476.03144005465
YAkoNb6HKmSxQN9L8hiBE5tPJRsniSSMzND1boHmZxe,CfWX7o2TswwbxusJ4hCaPobu2jLCb1hfXuXJQjVq3jQF,EnTrdMMpdhugeH6Ban6gYZWXughWxKtVGfCwFn78ZmY3,5643175.457097987,5655136.833341987,5643175.457097987,1.0,564.3175457097987,1.0008076517749824,1098699.155157,140544.52801,1239357.1942045114
NorjjEePhxfwLF4vZjUHCrVVKLzQjEEGQFd3wgjEJmh,34M8pFVqgbV7aqHxvRT5tCv3vu2P1JJYT8J3VaxBK2oG,3AZWBSze3ucsY3xSeuLne3b2pauVqiaJ1SZSV5T9WGWw,2.1281309999999394,3.1999999999970896,1.4162312201198528,0.665481222781818,0.0005664924880479411,1.0,37493.824193,2653.92598,27605.36195072415
Lee1XZJfJ9Hm2K1qTyeCz1LXNc1YBZaKZszvNY4KCDw,9DgFSWkPDGijNKcLGbr3p5xoJbHsPgXUTr6QvGBJ5vGN,2hNHZg7XBhuhHVZ3JDEi4buq2fPQwuWBdQ9xkH7t1GQX,3155.439706419056,2689.5330216450084,537550.2243715085,170.356677479205,53.75502243715085,145.52708673836398,7433.001874793,57112.237015114,9577638.973006934
FrnkTEL6yZ5Aycq2TrEgu29dCrwKG4LPUZydfiwqspkc,DjvZuMZ46fxKBoBpGMPcRcos4xdTtHFxwMh69DpA2ZFY,9rvDPJLAng4uVVqnnSoEXgNDFhBZQTny9AoQioYDZbQX,415.5648476069982,353.4779940659995,70646.57584294703,170.00132771036942,28.25863033717882,145.44942563476312,328.240894543,2553.456249912,427200.13281434594
wrmcMSHFi3sWpAEy4rGDvQb3ezh3PhXoV2xNjgLBkKU,8p4mGnARWPBu6P2Gcw4adodLkNDorrXniZMhaY7eJXUn,AyY89zccbsgp9LKFgH4CFZMJmpSgqmPSdTfukhP227rc,0.02586963999999886,0.26166357000000795,6.936397152471173,268.12886273142874,0.002774558860988469,3884.098500737979,49.52354416,0.13951965,13820.599637438978
MATgk4zXLXtYkwBH678J1xZbRDZ45LicNzkRBHkxTuY,y8dALFo1bJrSzPYjMX14HJX448pXqYmrfXHD1K8MXih,GN7Yuet3UyiWS5YVkEHv6oQKi4HGBJc3XDPt9zQhAqZz,46202.010452,46213.184456,46213.610068127105,1.0002510630168173,18.485444027250846,1.0,9236.511408,8827.552615,18066.382969418963
heyk4SZTeCUV6a65WiVA5bzic3KcxgVf1qxobfeV4tQ,9ZDpBKPqMABtGfq66FbVribaArMvtk63xxy91onZAtDt,DaTP4s6N7xxSPinbNZ3FB52EpRDRt87QShTuN3VPCW52,49.095051038996075,42.980230504000815,8165.544587618569,166.32113450972273,3.2662178350474274,145.60205357136357,651.398540702,4500.997133777,763695.7701042871
RoBgmK8CvjdHvPrqdDyVw54VwjZv2TqJ493xnqJAQHx,ExiHJxM7qPAcy27NDHAF6G7vnW7muNHi2sVJpnaNynGQ,6rkPHSqZb7StM4HwS9EuVrmfkV7tRdc7dnsFhyB6cefE,1.6311100000000032,61.90907199999947,0.04001498927628911,0.024532367085168403,4.0014989276289115e-06,0.9303788223450942,6010.114517,24.406018,170.14917783991675
Dg3mAgpwDfVNnbGWcsxL8sUcSkEbjSJQhKAWNigG44Ju,EATxwd8YA2wV93VJcKMmH2Kn2Y9XfJVUB9hHVu3udwEy,GiGvrRi7NMHfHKanG2B8xyCEqe8jaafWins8bhrLVEaa,0.23265325800000008,0.23193601599999997,39.4727033070248,169.66323036415326,0.01578908132280992,170.35534250537856,0.267927771,0.190672183,77.93951617334031
JSoLLrxK5bYdHwTEWYaGgmeycBCNXKDiBCTw5hXGBg7,xG4wXczA7Dk4hccJ61CHKpDHW4NrNfQwgmWgkb9BuF2,BVR6WgfhsRr9Lob4QDnkEAiNGgAbv7ZieKcY9kSg3QYR,64.85354065999957,56.60811918600003,10815.676030401575,166.77078722815943,4.32627041216063,145.50495895450615,17.598885281,162.710214123,26610.12298009646
TETFuZgEmET6d9vYmz9iMFCxK1jKdKYxf3oPz8hSzJK,Eu1Ze6Z84LWNkq7SNoAHBJbXx5t1P95EwyqYohrfCRFV,ASMbv7WNu3qe4pkhREmvyEdwFNDZQ6B6iSrjkj4u8bdC,26.088736484000002,26.26872062700005,25.891870057958233,0.9924539685483617,0.010356748023183293,1.0009849692097024,303.749562483,48.588646431,350.09396348275754
SAMGk1Nd4haC8zQA63DG37pzuEZy8j4q13tSFtCbcRE,9U9TnkHD3jXMAVZtynCVLgDruuqN4pTvLJTmVHCLWS8g,C6zoEbvqSknmi96QWq96UBiPCyNW3YSTvKhavR2BfifE,0.13948302999999984,0.24462799999999874,0.29862067562851746,2.140910443575235,0.000119448270251407,0.0,53.56477961,1.17570795,114.67739607485481
daob129AwBGn9Y5r91uLoWZeYiGzbPmksauMhFZKTze,6VW5GQNyj4LStgmxEHLr5zUfW92vQnmbw8jTnCH7a38F,4VPCCUifPeBA1c7HWK358CHn2nyjm8pdTRk6Ps3KmnMQ,38.54554776199975,34.77432559899995,5974.334790175067,154.99415982005797,2.389733916070027,145.40298291311387,52.624952387,235.443801528,42390.791331367975
Cob4usZcpHEY7Qt4ZCwj6WVg9S44zvzYV2v9qYF65dTf,NhFM9UXE48PyNAyeyPYA3iXztqKVJwA4bTdLj4ysM8w,6TuFuynuBoeskxyR2cz4wxyidk8dpDK7kAWw3UkjQGx,146.53708299999153,3229.5783799999917,1.2115036153775915,0.008267556515900222,0.0004846014461510367,1.0,71958.011695,177.796185,772.7131134602216
KEVpg4SYCVrqFxKijQH6hm4QxsRdoE51ud64bEEFUC9,2bPenuBYfqzD8p5dFjCcggwkHDsc2RQDnx9AoyYGUBjA,AE6n6iLuX8oYu61vt5hoDYkjswpnxFxrhSehxrnQTnbx,398.9541292390004,399.10569731299984,398.65359266721407,0.9992466889054148,0.15946143706688562,0.9993215286359202,4998.428746107,2595.366093682,7588.268586385197
BkMBnJpvHKtWhUvrgRrLesXfi9RUV3ELgdBaJcdH7hcY,5uerVwBnZQsuVhZ15igs7ZgmcqhHnYWbwoRtLyRqLvR,9YWiQh5d4jCtgMdzcGLv9bWgnLaFtzvDDh2nnhJdzhBX,505.971229492,505.04868516500005,506.00343509263337,1.0000636510511984,0.20240137403705336,0.9939581162549513,1473.060029311,1399.195791861,2863.895804680359
CZgvH45CRmoaNJ7395Ao5CQZXkGznvqU7cErD6n7FaRg,4ZjU6MKvtqVQKCiowhvZ5yUsPxXX5SCzd5eFsPeXyey5,BsyWeshjDbCvjDojry3vKDCesmFRM37WtwcR4Kfgzqr,739.65525668,740.0,738.0669881861128,0.99785269085896,0.2952267952744451,0.9999784504643925,588.64445487,516.3742847,1103.7436103252003
parEAJhzYzHW87y9VoZAQ22dzQ2MD2ekEtTReaxbMcz,3oyc6hpjYSJEquK6dSvG72NXyz3pqLZz5D8AC71pwgQb,Di2vordgFJVZ1aj1aBpvzXtLfZgJsuLLXawGtVFwX6Rz,3.8191360650000945,4.408909490000127,535.5382774230764,140.2249797620298,0.21421531096923055,164.38403002572937,1299.876220211,176.15578074,211232.3138226012
WiiQFxXqp8P9Fs1rt9SVcDyA3KUdJmUsog6wnVQAwba,3S2jpqSYxho6wiz3cafhjXruVY8cg4HYa2v3BqBHYFSj,Dfe67M6TfrG74gKRtdqys4e6E9QirPD53BkF4FujFjuv,206.396425027001,206.64999929600162,206.12793617565444,0.9986991593904234,0.020612793617565444,0.9907569313602607,19339.75909221,7366.198114138,26612.712987558527
AUSejoEUCh2DBs9mof6BNC8Pubs22w4cJa1ccV9h44R,4xkyD7AfGQDwsQMy9MosRRNGoVJ1zosNinesxg1TzHG7,Cbm5gsQe3nSiCsFrvepVzMCD9xLK3ri9g3ypS2hdmVJ7,1304.0620140000028,1304.5060819999871,1303.8299322720584,0.9998220316783613,0.13038299322720584,1.0,14525.870155,14327.373286,28850.65829626817
DEDaBEWzMCXohXYXoLzB4jK1xqMsd3SS9izXp2xvg9pe,GC5zHpW5GuVdw3C7covC6viyGdLS8ZAaVGDKMeru7p78,F8juxtAFueW19vxkdDArUkjVWAv9QV6yy1wCXUWQiXvh,0.17134496999999982,21895.134399641305,0.17134127759546763,0.9999784504643925,6.853651103818705e-05,0.0,32.14413399,8633348.72245931,32.14344129884001
KwnjUuZhTMTSGAaavkLEmSyfobY16JNH4poL9oeeEvE,J63v6qEZmQpDqCD8bd4PXu2Pq5ZbyXrFcSa3Xt1HdAPQ,BnKQtTdLw9qPCDgZkWX3sURkBAoKCUYL1yahh6Mw7mRK,770.6176569999994,21529.002499999653,27.173188435079513,0.03526156997344733,0.0027173188435079517,1.0,270273.784697,778.335952,10308.613923081703
moFiBS1R4Lf3E3zzmBPnw3NF4RhWPkhREFviuzUaCAU,44ALBrpqi9PfZkBRTvbtRNtFJGsatfY4QydjtMbFWq8S,2ho8qEEie1UjVwWNBo9y4oAJZMyMLx8zPj9bxyUz6uWs,1244.635427416004,1247.5238044529979,1241.4655326397037,0.9974531539867211,0.4965862130558815,0.9914898138932076,42888.738980459,25460.179895905,68023.0169932505
SoN9GaFpSXfpyR5dth3x7PHPVhvJMpQqqDJfCSmPv1t,9kZ9iS68ViMPtoeqtnhAKuF2iqVyfHPdZHoUNdwCELr,BBhm5fJLjw3HRzjtKB8uMEYjGhY6EDm9co3cqpjrSzB9,76.51205922100004,75.61006767399994,12844.2918255023,167.8727766090102,5.1377167302009195,166.6540009625935,35.020087943,45.033700014,13383.965685565432
SoNcU2iwHMw6dGzsYNQkYFkUjwN1UdAjrWVRnStrZu2,8ivTTid27jZnYNc4w3CTA1Z6QS2twsFb8WMwUabeDJgc,CyXm53PMvHCbeXJBykU46Rcbo28xk5srhMZFg7gv6EYB,41.29808604700001,40.682552624999985,6966.440954821129,168.68677514238428,2.7865763819284517,167.4271767123531,11.136702813,13.523963245,4142.893467316072
Lid8SLUxQ9RmF7XMqUA8c24RitTwzja8VSKngJxRcUa,4PgzyzLtds9bKZ2to9PMnKqJzKEUpjvNUaeN23phegax,AtymwxoVN9peZo7EXTcDz9jKVc4vRmisJKKrNfe3ewBa,203.1368358970028,174.03108223699837,34155.598526245994,168.1408414944694,3.4155598526245994,144.11985929866378,1025.010122253,7714.759317047,1284196.0917918375
oKQqupM9E7SSLAFDLxr7mdsXP7znck9qRbVWc6Yyj7Q,CMR2J7CwfW98RpvnJmFBgRFTLAd3x8CJ1SWs8Bt3uunG,FmRb5jHfSNj1YWP3b45d9vvYuhwjp4om8bALmtqZpr1v,294.1481085500002,302.7290900599992,284.0405565882679,0.9656378821826959,0.11361622263530717,0.9997613169831835,4451.95823951,1455.45528066,5754.087414169009
GokA1R67GqSavkd15zR62QD68Tuc5AEfvjssntVDEbM8,3YB7hfpBdbQEuZqLGWVDpRPmeZWCUsrrWyqGXegnQ6Cg,4DPCj6Z1DsG6HUtwSogBGqXEUxdEV5a8YVrrFtcnz7UW,47449.34387399997,47457.897565000036,47446.117538007384,0.9999320046236856,4.744611753800739,1.0,18817.363188,14983.291601,33799.37529530878
ALLwa5WNZbvQsRKAqe1jdRGemdYQnW8E5k4msbRFcYtu,CGoM82Hbz7QVqTgvQatYtjvDWBvoUJp5qm21P8iMs9yb,3dxNNww8TivyN5FMy5dCNdi3Zcxv6e4kUfSPxfFwpdNq,4.046178205,3.888906657,15657.37251373733,3869.669530222119,6.2629490054949315,3791.2104576749266,0.712410433,7.831175349,32446.426824607337
BUSDgu5JdqP1rndBvXvanbEufS94FNh1w5FJcAj6vawb,Bgzr8cWubt89JQFXndVjtdKmDbGzuPxNhvjH1EhWCwbo,Dxaf8xPBBQsasRKW5Aa4Sw2YrbfGofY9xZueyyF23FBW,14465.24596661,14356.851429769999,14554.008389596725,1.0061362539697987,5.821603355838691,0.9997613169831835,4600.19963994,10167.98431271,14793.985020781747
DFWzVTzNBrQZLjoQ4yQwkj9HuoXmfkuZP9V5vbymZe23,DhgiEgiNdqZdRdo195UUHnoEJUtefK8buko8nU97XJUZ,2K2kkXsouBHtWVjtcgkyiXd8eP3oVBvq1bTJzcVdLLr2,168.51002291299483,150.78824715499468,146.82335504370587,0.8713033949292962,0.05872934201748236,0.9992083262439087,66497.835310707,9503.623955277,67435.88984727209
Sid7E679i9ABqptiAVhkmQ27YHN8vaYT4fppPwmxFsJ,GP7KB8o1bv527HG8kTzzzf4wJ5aEGHvcMQvVhLziUfmT,9gYxhAZ1M9wu5pxr8SBoa5NDm21gi3s9vMHaYTME77sa,857.5309429999988,3622.839127000014,5.117750981491024,0.005968007362611323,0.0020471003925964094,0.035177366038434084,142878.384857,6680.031747,1087.6851746971695
MARpDPs5A7XiyCWPNH8GsMWPLxmwNn9SBmKvPa9LzgA,6YjT74rmcfCpw8LSjPNx5JTmZoYLGrTKnf9arfSgZ4SR,F8GSmi3vA8M8TsybLya1LQ4n1aFHCRbZ6k437PeTdXtg,76254.69832099983,82104.18091400038,70657.035961057,0.9265925577938943,28.262814384422803,1.0,377592.354936,16771.295228,366645.5611915682
ALBpShJ9NLpE739pcHDF2LNVk5J4VYPvvKuV6jMPitZi,D6d156U1bPiJpDYRLextvDRccgFk7QzkQbJg42ceKEu5,GNcM8U5g8RwTZffwwm3kSQqUNPSwv5d2fbN9sLxPJqt2,8021.58165800001,8024.128734000005,8032.642606869669,1.00137889874357,3.2130570427478684,0.9983287975928297,50311.760444,49894.519471,100192.27089721848
HEDSDjj84KS7LKhZY7ejkCACTdPen62rKhCby1wXtgxc,EnnjMSFttpCTywBrYNt1J5QQeoSVkvzPipJDa8Y7kJow,6bjVT6JN2rSvpyn9PdfLYC8wJn4LWh49jpY47fnLDXZk,1.7567978329989273,1.8085926969943102,1.7047360167307306,0.9703655051877398,0.0006818944066922922,0.9992083262439087,38647.892904858,9559.309071783,47054.323340728704
SRMuKizofcAMicegrfSv7xs9q76tH1w8aAF7oX9FEWu,72Hj2KWntXPfbie4UgKeTPnm1XVkomDfCnRPKbvfTtPi,6aqJQ5wedqpUt4fFEDUqUmXhrdxCu4bEJsQdVPCADLko,100.91325000000143,100.95353000000159,6.9873494342549005,0.06924114954433438,0.0027949397737019608,0.06897355622827764,18090.832658,4908.625951,1591.1954374889874
MATSnbbiTCv7Dc3trJrkrqjx7ckKdr6fwPoVwv9q3sD,631WX9JizSHJm4w6VanZeJAst9T8DeUUnPLesdGkCVtK,211maUSfpnXbPuW1iBu8b4dtJv5EbN1j7JJiEX5TZKEP,40400.01026500003,40412.208291999945,40429.40244057433,1.0007275289135202,16.171760976229734,0.9946943006005965,23589.168667,20917.403009,44412.75202566922
SERgf3DMJpQxUifu7VoFKmfne73d2fDJxSrxUMrcNJB,AJfM2GZ2tTB8UtN2krcyR9xufRJEx2mhSCbJyMgPo3GU,F4yRYkufQvERZcEKnKjJwRLU1btiMBUuEwq46hfm11QD,0.03552258099999506,0.035217121999998824,5.119354437510015,144.11549761856347,0.0020477417750040063,144.26136234948672,26.171410496,31.064081743,8253.052599391733
BSCNHw8CmxbZ8hCWWzMf5FaG2ajPT6JxfznKUNuRVrn4,7n9kgNL633yGzCYksgnzHyjG73ZLBAwvEae5sbAekbzW,SscdxE99omdG9AiMVwmaEMQySQnCgeAh1sPj2Leutm2,3244.6263117480003,3244.376096748999,3242.8402817915608,0.9994495421707046,1.2971361127166243,0.9992083262439087,5900.013086344,5759.348947604,11651.554800137686
BSCuChvaSj9b5HUSqgDVRzcnr2sSn7cXaamt1jbKH6hn,GnKpRj5kBVPMJfiwZtEuD9GYApLzPdW5JFuZTcyX4BTc,3dmwD9okkomV9nDwyuh4UMhKdUR13QpuKxRo89ycZB5t,329.49935480299973,329.8646088979997,330.23472214273664,1.0022317717137157,0.13209388885709467,1.0016647668424923,1594.472422246,1501.000946047,3101.530683348797
AURHmCnNwiW4uA2Qj1XvEh4iKgRUZYXtiY7FKAapUV5Y,BKWm4TRnTeKwfWXRyuzjRHU7iZDkPuXBX5b5V5jSVfGJ,A5Ww74HVrkj9nPeC7pHKLfgeDMEhBCpW1efQdz3TGLEg,2.4663288829997327,2.1909844569999564,398.9869223832444,161.77360818885063,0.15959476895329777,143.93915404080386,285.409806546,1821.778928891,308397.0920913606
KysFMBBoavfov2tLpvefWW6tPFt6rAeZWDJVy1mMQae,B8ka2V21TH3x64dFV8ETcjuQcwmrciJ2qzy1mJUttRew,7fSf7EYxBANyxzk2s5pymFgshA91tFYQNKKs5UnLWcYS,121.9863060000007,177.7246279999381,2.97289743814706,0.024370747304595347,0.0011891589752588243,0.03525256648378458,135008.91371,2242.105896,3369.3081070567537
