0,1,2,3,4,5,6,7,8,9,10,11
RoBgmK8CvjdHvPrqdDyVw54VwjZv2TqJ493xnqJAQHx,ExiHJxM7qPAcy27NDHAF6G7vnW7muNHi2sVJpnaNynGQ,6rkPHSqZb7StM4HwS9EuVrmfkV7tRdc7dnsFhyB6cefE,3.1239099999999986,121.96674600000006,0.06716937641844026,0.021501700246947027,6.716937641844026e-06,0.920947692012989,6089.525401,22.452888,151.61308520109804
Sid7E679i9ABqptiAVhkmQ27YHN8vaYT4fppPwmxFsJ,GP7KB8o1bv527HG8kTzzzf4wJ5aEGHvcMQvVhLziUfmT,9gYxhAZ1M9wu5pxr8SBoa5NDm21gi3s9vMHaYTME77sa,9121.702343999983,29989.911740000058,88.533949854625,0.00970585823959278,0.03541357994185,0.029569458628749476,135529.050305,8777.366225,1574.967717066489
BUSDTd9WiT6uBHJRgNvFXBsA7JrifsAtWzKfioN7ERcy,DyBxrn7gSc1EwnpWhDyhzvMHPtxpmBqRqotapLcKcfTM,Cds99GeBgoCpqBsoRWu1C6fF9LiUMd4pXQQD24s9LPff,7601.577020880002,7613.202214910004,7617.787215006302,1.0021324777847773,0.7617787215006303,0.992548935143875,256.19239399,378.42391226,632.3429697254549
Lid8SLUxQ9RmF7XMqUA8c24RitTwzja8VSKngJxRcUa,4PgzyzLtds9bKZ2to9PMnKqJzKEUpjvNUaeN23phegax,AtymwxoVN9peZo7EXTcDz9jKVc4vRmisJKKrNfe3ewBa,1674.446759655998,1458.228592220997,390320.4808229877,233.10414533763736,39.03204808229877,206.0219813092738,1164.20051464,7555.735850467,1828027.636129517
KysFMBBoavfov2tLpvefWW6tPFt6rAeZWDJVy1mMQae,B8ka2V21TH3x64dFV8ETcjuQcwmrciJ2qzy1mJUttRew,7fSf7EYxBANyxzk2s5pymFgshA91tFYQNKKs5UnLWcYS,5992.322065000019,6652.899612000014,128.89347703065133,0.021509771276062233,0.05155739081226054,0.029558887985175152,134714.50191,2454.946361,2970.243608147161
KEnkcdADoLR5jS2CLLLesy8TtFsyWL37BhXNfDMzWzP,3qsjFRuw1qeLMPo4DLwaQevenGAGBj9dA3Q6rb8ax2YR,77iEv8zPQAEyCcEbvBRSB6AFcUdfkhiqnAKtPxk76rNN,8.430081999999999,0.07319000000000003,0.08182118084014277,0.00970585823959278,3.27284723360571e-05,0.9960814157105944,114.39766,0.342521,1.4515062734917419
ACUSESXyNnwRLAg1dpSGMLSzUDdLjUMybY8rkXiAKhCP,AhFPQdu8GKBsxuhiH46UmCu1YpaLgNpoP325HnYtsgas,A8wxWpT3aFEr2XqZp1kDmbxbFfcBE95UUmdsNTDBJYbT,0.0,0.03870401000040147,0.0,1.0,0.0,0.9871876323001101,1027.944778918,1857.687343982,2861.8307495774707
SQDY9uoDoCbNq7F3HAHYYQZbrUzpKxDtdWLvYcqBLak,GiehZ4X2uQjhEKuxSm3ACmEFrabxh3RTvjbLfLjw1xGX,rxDQYV77NKRKYxCjq4cECX3QQsiSyLv1T1FT2X3zNA2,0.019940784999988637,0.019940784999988637,0.019982007702039874,1.0020672557299655,7.99280308081595e-06,1.0,171.365745094,234.998036575,406.7180384874654
7dwD9TF6uikvHXxPFK9AsSim54yJoujQjY9vU6gNFumk,CquVr6atkvwueDYficKjn6SSEWq4F4rH4VSiBbW4GBWU,8BCa6ge3b7ho3TfZuM64Vk1hgbrJ3J7EPiAb9uP86CGd,3.1256226080000005,3.250858136000001,724.6422505849308,231.83932978031834,0.2898569002339723,241.30883984259904,2.893265906,1.29693123,983.7337989902205
KZMu9QBEdL97EFgamLbN5DE1AoKBG4HdrKKJo4Vuon3,DD4ACBWyVqdaKWh7v5btsgqQCCMwbKnuL2xd9pv7Gyuw,GcYqiJ1MAuYbNTNYXm1F1gQYTfTgkErACAhNU5dpVj9T,249.96403409999948,246.93943131000037,252.48099185975013,1.0100692796418214,0.10099239674390005,1.0,1199.93545259,1885.07613709,3097.094075304264
DFWzVTzNBrQZLjoQ4yQwkj9HuoXmfkuZP9V5vbymZe23,DhgiEgiNdqZdRdo195UUHnoEJUtefK8buko8nU97XJUZ,2K2kkXsouBHtWVjtcgkyiXd8eP3oVBvq1bTJzcVdLLr2,30.376864263002062,33.10484020799959,25.900237858389076,0.8526303977311656,0.010360095143355633,0.9999360480901084,67360.612877131,8763.301051349,66196.4467703531
MARpDPs5A7XiyCWPNH8GsMWPLxmwNn9SBmKvPa9LzgA,6YjT74rmcfCpw8LSjPNx5JTmZoYLGrTKnf9arfSgZ4SR,F8GSmi3vA8M8TsybLya1LQ4n1aFHCRbZ6k437PeTdXtg,686119.9531350009,708070.4311189994,633384.3704512314,0.9231394125140779,253.35374818049257,1.0,376085.631511,16828.817695,364008.2866230505
MATgk4zXLXtYkwBH678J1xZbRDZ45LicNzkRBHkxTuY,y8dALFo1bJrSzPYjMX14HJX448pXqYmrfXHD1K8MXih,GN7Yuet3UyiWS5YVkEHv6oQKi4HGBJc3XDPt9zQhAqZz,72827.30645599999,72806.73474599999,72808.37627816768,0.9997400675824286,29.12335051126707,1.0,9567.292875,7865.568665,17430.374690433386
SoNcU2iwHMw6dGzsYNQkYFkUjwN1UdAjrWVRnStrZu2,8ivTTid27jZnYNc4w3CTA1Z6QS2twsFb8WMwUabeDJgc,CyXm53PMvHCbeXJBykU46Rcbo28xk5srhMZFg7gv6EYB,42.44114977200002,42.060085433000026,10234.09984246569,241.13625331652776,4.093639936986276,209.14673986244836,13.98300677,16.847969105,6895.507674231445
MATSnbbiTCv7Dc3trJrkrqjx7ckKdr6fwPoVwv9q3sD,631WX9JizSHJm4w6VanZeJAst9T8DeUUnPLesdGkCVtK,211maUSfpnXbPuW1iBu8b4dtJv5EbN1j7JJiEX5TZKEP,27952.59441999999,27953.07840500001,27742.417862275393,0.9924809642151063,11.096967144910156,0.9936219407622472,23764.457455,21140.259397,44591.19721925175
KwnjUuZhTMTSGAaavkLEmSyfobY16JNH4poL9oeeEvE,J63v6qEZmQpDqCD8bd4PXu2Pq5ZbyXrFcSa3Xt1HdAPQ,BnKQtTdLw9qPCDgZkWX3sURkBAoKCUYL1yahh6Mw7mRK,666.9514530000047,21371.695679999248,15.1666059920369,0.022740194842992258,0.0015166605992036899,1.0,272749.937312,699.170736,6901.557453888805
SoN9GaFpSXfpyR5dth3x7PHPVhvJMpQqqDJfCSmPv1t,9kZ9iS68ViMPtoeqtnhAKuF2iqVyfHPdZHoUNdwCELr,BBhm5fJLjw3HRzjtKB8uMEYjGhY6EDm9co3cqpjrSzB9,7.880496259000004,7.796171781,1829.365799977948,232.13840091462532,0.7317463199911792,237.70800044308774,3.888982999,5.671931971,2251.0459020476555
ALBpShJ9NLpE739pcHDF2LNVk5J4VYPvvKuV6jMPitZi,D6d156U1bPiJpDYRLextvDRccgFk7QzkQbJg42ceKEu5,GNcM8U5g8RwTZffwwm3kSQqUNPSwv5d2fbN9sLxPJqt2,2949.2389640000038,2949.4135199999946,2927.880078824975,0.9927578316183441,1.1711520315299901,0.9942116994855948,50675.469483,49547.353325,99569.02755444613
oKQqupM9E7SSLAFDLxr7mdsXP7znck9qRbVWc6Yyj7Q,CMR2J7CwfW98RpvnJmFBgRFTLAd3x8CJ1SWs8Bt3uunG,FmRb5jHfSNj1YWP3b45d9vvYuhwjp4om8bALmtqZpr1v,0.11619771000050605,0.038445669999873644,0.11597831961221161,0.9981119215835366,4.639132784488465e-05,0.9998601795524915,3105.51324212,2783.4812943,5882.741896295312
RajgMbScQbqqrdJfR2rxfHJiTiY5b6bJ2tTXiF4aPxy,725ZA3fhyBAKb5iopNRrcbSuQa3LXA1656Q3mBvYPxeg,GLA6i1dSZpUfk2f9Nj8uiG7xyDdAR2reff8oEiZH3617,7711.617172180006,7729.567265810067,7689.559593590195,0.9971396948140289,3.0758238374360785,0.9998601795524915,135907.58995822,45733.21830637,181245.67664117005
ALLwa5WNZbvQsRKAqe1jdRGemdYQnW8E5k4msbRFcYtu,CGoM82Hbz7QVqTgvQatYtjvDWBvoUJp5qm21P8iMs9yb,3dxNNww8TivyN5FMy5dCNdi3Zcxv6e4kUfSPxfFwpdNq,11.799282915,11.564403523000001,41872.61050782497,3548.7419709712904,16.749044203129987,3520.3582316536526,1.052406291,7.518032181,30200.884849606337
SERgf3DMJpQxUifu7VoFKmfne73d2fDJxSrxUMrcNJB,AJfM2GZ2tTB8UtN2krcyR9xufRJEx2mhSCbJyMgPo3GU,F4yRYkufQvERZcEKnKjJwRLU1btiMBUuEwq46hfm11QD,0.12268309399999922,0.12190103100000016,23.650546350855763,192.77755051446545,0.009460218540342305,206.53147529356903,26.203928038,31.039376067,11462.137192332371
B2izdXFYb2sNwbWWHmh75T4aQFtfXsUxem9u2p61HGzf,4DYwgJtxwuJdAjkj5RJSNH4e7U329V5cNp7d3a1nLrZv,EXNW64GEf1ACC6xY9BtKRiunrs6GoJSXBdxWN2eTPmrF,10221.169698999993,9951.855569999994,10250.496369112023,1.002869208806395,1.025049636911202,1.0,6384.331561,33713.415824,40116.06536533777
SEQV6QiTpvTzrceiaYg9Avnwf7oc8ZALpnQMz6TyT4A,3dFMPj4r9mMmPHF32mz1gNDX7f8ftidWof7S8YiYTs1j,Fc1ED3YPeQfXQosHbd8DTaBd2AV5gHQtwiSAL5C5pUhi,47.13313410000001,47.131538911000234,46.66532060739448,0.9900746364200397,0.018666128242957793,0.9926395775325959,4130.989448896,1473.256121352,5552.400210566887
heyk4SZTeCUV6a65WiVA5bzic3KcxgVf1qxobfeV4tQ,9ZDpBKPqMABtGfq66FbVribaArMvtk63xxy91onZAtDt,DaTP4s6N7xxSPinbNZ3FB52EpRDRt87QShTuN3VPCW52,107.94629141500172,94.59507010499931,24731.986422486727,229.11381297393626,9.892794568994692,205.97946014019374,661.734714894,4463.012543686,1070901.47805394
DA1mL7dfBow33EH5yjUuZE6SH2KeUK5zEXzsyhE5r5j5,B4UtLRZND3D83CitRCBUyeiNr7H8m7YFRqBmiPmXjhW4,AAmpYbuixWiSqDaJBCqYEs1pb5SrbdPr9mgXrB58Q2e,0.058658852999769806,0.018929794999849037,0.05865060537569006,0.9998593967720477,2.3460242150276023e-05,0.9987518697758597,1637.759450222,1468.918985118,3104.61475889255
BSCNHw8CmxbZ8hCWWzMf5FaG2ajPT6JxfznKUNuRVrn4,7n9kgNL633yGzCYksgnzHyjG73ZLBAwvEae5sbAekbzW,SscdxE99omdG9AiMVwmaEMQySQnCgeAh1sPj2Leutm2,4068.485087058001,4047.03792052,4081.828719843518,1.0032797546261047,1.6327314879374073,1.0,4566.295342285,7100.958183443,11682.22985400102
TETFuZgEmET6d9vYmz9iMFCxK1jKdKYxf3oPz8hSzJK,Eu1Ze6Z84LWNkq7SNoAHBJbXx5t1P95EwyqYohrfCRFV,ASMbv7WNu3qe4pkhREmvyEdwFNDZQ6B6iSrjkj4u8bdC,1.0020707719999677,0.9938280000000006,0.988140246495996,0.9860982618261894,0.00039525609859839835,0.9875450814329674,310.137502717,42.29515226,347.5944219391703
NorjjEePhxfwLF4vZjUHCrVVKLzQjEEGQFd3wgjEJmh,34M8pFVqgbV7aqHxvRT5tCv3vu2P1JJYT8J3VaxBK2oG,3AZWBSze3ucsY3xSeuLne3b2pauVqiaJ1SZSV5T9WGWw,199.8302210000047,310.46829100000195,121.13161584414374,0.6061726561576534,0.0484526463376575,1.0,38010.217672,2325.695138,25366.449745366815
vEnkoSUkpnbRrPgBz9DfcVxNz67zjwMYBZraAvDDNSf,DtfyjjsZ5yCjWKLKHvwsfXs5QVsmm1QkK6Sh9JZHoq1g,e5wrKCRv4GhHvEf1VD5Pq2KGaZDXP77nTL612Jyrxwy,61721.30481999997,61726.394486000005,61179.8630321653,0.9912276354264756,6.11798630321653,0.9906953889073818,4065.138562,2814.875153,6818.161518919304
STK75uPSyBnEhGTTzb1nwmP3n427XoXmfRhXxxhyady,6TYyD5fUmDe6N65avW1Ny2RxzRNobw2RRgKwH9CTzSAU,54zDfk4cx2vGrEajPtodWpArNe5eUurytyxd4X3aZAxK,1795.031452833994,1993.5796686400022,369211.74628830305,205.68539103055375,36.92117462883031,230.16379376219294,482.109800938,89.423316133,119744.95261756214
WiiQFxXqp8P9Fs1rt9SVcDyA3KUdJmUsog6wnVQAwba,3S2jpqSYxho6wiz3cafhjXruVY8cg4HYa2v3BqBHYFSj,Dfe67M6TfrG74gKRtdqys4e6E9QirPD53BkF4FujFjuv,35028.26886580699,35121.83585850599,34947.70768962253,0.9977001096887465,3.494770768962254,1.0,20735.445317834,5984.414320711,26672.170388758987
Dg3mAgpwDfVNnbGWcsxL8sUcSkEbjSJQhKAWNigG44Ju,EATxwd8YA2wV93VJcKMmH2Kn2Y9XfJVUB9hHVu3udwEy,GiGvrRi7NMHfHKanG2B8xyCEqe8jaafWins8bhrLVEaa,0.23132940400000004,0.232280182,56.07734053139436,242.41337055186617,0.022430936212557748,243.84581921466042,0.222096508,0.236857532,111.59588201978215
GokA1R67GqSavkd15zR62QD68Tuc5AEfvjssntVDEbM8,3YB7hfpBdbQEuZqLGWVDpRPmeZWCUsrrWyqGXegnQ6Cg,4DPCj6Z1DsG6HUtwSogBGqXEUxdEV5a8YVrrFtcnz7UW,38960.994601999955,38968.04864300005,38954.48920230317,0.9998330278843433,3.8954489202303173,1.0,18947.603904,15021.90792,33966.34810248952
SAMyS8Jr2HJrkFwYVKbpUwsNStnQmvz3f8Tup8bWUWF,6jPzm5TFfquvgm25sTyN3MMGBfufRaFHMxobDWv6hMFW,Cj9ECoDmxsHTDzCY5ZA6RWrPbg9uFzEC1Qc2kso2vJG6,4085.815302019997,119.03315713999973,4125.6996785221745,1.009761668982555,1.6502798714088698,0.029519721243713656,621.11601903,113431.98079555,3975.6596012144496
parEAJhzYzHW87y9VoZAQ22dzQ2MD2ekEtTReaxbMcz,3oyc6hpjYSJEquK6dSvG72NXyz3pqLZz5D8AC71pwgQb,Di2vordgFJVZ1aj1aBpvzXtLfZgJsuLLXawGtVFwX6Rz,8.24044455300006,9.400306921999885,1660.4325662978706,201.49793565364925,0.6641730265191482,231.26932399745326,1278.484102234,174.388871057,297942.7036881915
KEN5P7p3asnb23Sw6yAmJRGvijfAzso3RqfyLAQhznt,9zj4aX38Uxf3h6AUjS4EipWS8mwbEofasHAf3a1uKGds,CwQDG1MWunn9cLNwcZLd8YBacweSR7ARo32w4mLua1Yr,611573.889145999,611699.7889350001,608657.2038252683,0.9952308537488357,60.86572038252684,1.0,1910004.488481,1811678.416008,3712573.813743054
Lee1XZJfJ9Hm2K1qTyeCz1LXNc1YBZaKZszvNY4KCDw,9DgFSWkPDGijNKcLGbr3p5xoJbHsPgXUTr6QvGBJ5vGN,2hNHZg7XBhuhHVZ3JDEi4buq2fPQwuWBdQ9xkH7t1GQX,9792.98211350284,8379.426536945986,2388006.8612960856,243.84879229008644,238.80068612960858,207.6690519533974,7348.30648504,56596.547015694,13545226.92433947
KEVpg4SYCVrqFxKijQH6hm4QxsRdoE51ud64bEEFUC9,2bPenuBYfqzD8p5dFjCcggwkHDsc2RQDnx9AoyYGUBjA,AE6n6iLuX8oYu61vt5hoDYkjswpnxFxrhSehxrnQTnbx,7196.535089881,7206.573577370999,7191.234452539737,0.9992634459118087,2.876493781015895,0.9995207827592684,4642.094362467,2961.857518115,7599.113353814284
BSCuChvaSj9b5HUSqgDVRzcnr2sSn7cXaamt1jbKH6hn,GnKpRj5kBVPMJfiwZtEuD9GYApLzPdW5JFuZTcyX4BTc,3dmwD9okkomV9nDwyuh4UMhKdUR13QpuKxRo89ycZB5t,789.0863254559997,789.9795498850003,788.2914186957183,0.9989926238300708,0.31531656747828735,0.995066460488896,1572.895911867,1523.909091233,3087.7022395276776
C98Sspw7XqnMsgxea3SLQVdbMDL8pKUc3RE82UvX9eq2,CSqgQJurPCzGxb4Cgwx5R61hWQUiaoUHcShNc8r1cKEL,6S2CR5EnukPhC914XkAns8m5GixjMAoUuZMsS5ubHuWc,95.29490600000031,95.158724,0.0,0.0,0.0,1.0,939.821913,1073.369524,1073.369524
BUSDgu5JdqP1rndBvXvanbEufS94FNh1w5FJcAj6vawb,Bgzr8cWubt89JQFXndVjtdKmDbGzuPxNhvjH1EhWCwbo,Dxaf8xPBBQsasRKW5Aa4Sw2YrbfGofY9xZueyyF23FBW,28563.814402710006,28498.617729769976,28612.473633745765,1.0017035270692398,11.444989453498307,0.9998924315722113,6383.55470848,8434.91126235,14828.433198930841
HEDSDjj84KS7LKhZY7ejkCACTdPen62rKhCby1wXtgxc,EnnjMSFttpCTywBrYNt1J5QQeoSVkvzPipJDa8Y7kJow,6bjVT6JN2rSvpyn9PdfLYC8wJn4LWh49jpY47fnLDXZk,1.4940014807507396e-06,1.4520010154228657e-06,1.444023799714341e-06,0.966547770078993,5.776095198857363e-10,1.0,38659.743503935,9547.994170899,46914.48304645321
moFiBS1R4Lf3E3zzmBPnw3NF4RhWPkhREFviuzUaCAU,44ALBrpqi9PfZkBRTvbtRNtFJGsatfY4QydjtMbFWq8S,2ho8qEEie1UjVwWNBo9y4oAJZMyMLx8zPj9bxyUz6uWs,600.932746354003,600.0,600.0296207707443,0.9984971270267127,0.24001184830829772,1.0,39867.392646786,28016.689221077,67824.1662409387
BSC8REUo9LpiiWUuqMuLXs2D2yJsJfGd4HdiF3wCLxk5,AZjEH1zWVx1UJ6udMyRijGTzPteuLnaY18yNNmprJEsh,Caf8ypkSVR8xYnXNhjvfvdGCC7mrM3C11rz8Xi6NA6aK,4780.474100036001,4781.419419836,4779.799622511268,0.9998589099092228,1.9119198490045075,1.0,3256.453530187,3050.874742071,6306.8688189338145
AURHmCnNwiW4uA2Qj1XvEh4iKgRUZYXtiY7FKAapUV5Y,BKWm4TRnTeKwfWXRyuzjRHU7iZDkPuXBX5b5V5jSVfGJ,A5Ww74HVrkj9nPeC7pHKLfgeDMEhBCpW1efQdz3TGLEg,1.9112718250006537,1.8879812139999217,382.2370114398114,199.99092041221328,0.15289480457592455,207.37913011091052,287.183336303,1817.61580703,434369.64469200914
ercAoEmXjQzEvAFbdjAo81KtMxRGn9AW1ju882upmPH,CMRhskR2Eg6V42RTSdRTXGdozyPbWB8U9dVpijPWb9T4,7TKLLgrWswt6ZJ1pXhVR3FyufHGjJFqiEXxvWJfDcgRm,2.413942446999954,2.3563515080000457,499.52135587481416,206.9317586654226,0.19980854234992565,192.65866452481606,302.766405003,983.040594361,252043.27273535007
BSCrK1Nx9PXU9mF7STWWBqeHLxmtJDr9h7jheEy4tAWX,FfSySSbVJPvEo5a5AvrP3nySoXpRE2QPn1uUMpJJ1x7v,HL7Vcj6838ZmvBHDbQxXfjBNckNi83WvPiZQoMQLFeRM,0.1426405529999999,0.14178239999999998,510.9048719161004,3581.7645204733662,0.20436194876644015,3539.4471383569885,0.879832224,1.972614691,10133.31726703328
NorBXypYWTkV5PMs6Q9JsvNkmRwe7H9Zr1Kz2TcJH2Y,C82XDu1d1UjtuUwnkSTwVuWyH3AqpJ3ftb9W7en8rEUu,F7cZoYpWQSFuYJzW2UUFw6sVbTtaihyD5upeeHRUPABk,0.005873998999999935,0.005876384200000001,0.0,0.0,0.0,3092.7197377373664,0.2428742106,0.6627850719,2049.8084737428094
SRMuKizofcAMicegrfSv7xs9q76tH1w8aAF7oX9FEWu,72Hj2KWntXPfbie4UgKeTPnm1XVkomDfCnRPKbvfTtPi,6aqJQ5wedqpUt4fFEDUqUmXhrdxCu4bEJsQdVPCADLko,2371.356794999997,2371.929637999995,189.10591599537895,0.07974587223403436,0.07564236639815158,0.07637260667343837,17562.815996,5392.377429,1812.3920009066146
BkwbeSfcX1h4thMDd7obGkHrPevf3QwgzJ4pCEqG18Lu,35yX27bmurdebhfAb8EPmjLETDiUaEUCn9zHaDPbakH2,2CxECn1ZJFoESyUnQysQU8rRgT3iJ5GRs2Mdd6gZjx5g,0.10125155000000063,0.057986760000000026,292.9223803737795,2893.016258751374,0.11716895214951181,1733.1022530329287,0.78282633,22.82671272,41825.75654483608
Cob4usZcpHEY7Qt4ZCwj6WVg9S44zvzYV2v9qYF65dTf,NhFM9UXE48PyNAyeyPYA3iXztqKVJwA4bTdLj4ysM8w,6TuFuynuBoeskxyR2cz4wxyidk8dpDK7kAWw3UkjQGx,119.90059600000001,14421.619347999993,1.1637381876186852,0.00970585823959278,0.00046549527504747407,1.0,69974.017025,196.227312,875.3852016995016
daob129AwBGn9Y5r91uLoWZeYiGzbPmksauMhFZKTze,6VW5GQNyj4LStgmxEHLr5zUfW92vQnmbw8jTnCH7a38F,4VPCCUifPeBA1c7HWK358CHn2nyjm8pdTRk6Ps3KmnMQ,69.35880645000054,62.91978241100002,15766.453893922067,227.31726079063668,6.306581557568827,208.82345939448714,50.4156836,221.029601185,57616.52104487496
BerKDkt6v49dT1bHRedgnpsJS263C1DSJtEGvY9Mg35V,78XKqNb8wbfsMMrvo8WPUpdx7GEkfQutpNVH943aCGFa,DKYQwn4nDvFHCszi5tXbqfVMAP7DaXXp1KGTXEnYnKVH,0.03791036700022232,0.03791036700022232,0.03806332660974989,1.004034769948987,1.5225330643899957e-05,1.0,1340.351451808,2198.734871777,3544.4943333438364
FrnkTEL6yZ5Aycq2TrEgu29dCrwKG4LPUZydfiwqspkc,DjvZuMZ46fxKBoBpGMPcRcos4xdTtHFxwMh69DpA2ZFY,9rvDPJLAng4uVVqnnSoEXgNDFhBZQTny9AoQioYDZbQX,206.3595186030011,176.421525717,50044.044149009445,242.50901769782308,20.01761765960378,204.8781906961126,315.905798086,2512.382113328,591342.306494799
CZgvH45CRmoaNJ7395Ao5CQZXkGznvqU7cErD6n7FaRg,4ZjU6MKvtqVQKCiowhvZ5yUsPxXX5SCzd5eFsPeXyey5,BsyWeshjDbCvjDojry3vKDCesmFRM37WtwcR4Kfgzqr,0.018748840000000655,0.018748840000000655,0.018686410570924256,0.9966702244471446,7.474564228369703e-06,0.9996758351169467,597.64445487,507.78884158,1103.2786672444277
AUSejoEUCh2DBs9mof6BNC8Pubs22w4cJa1ccV9h44R,4xkyD7AfGQDwsQMy9MosRRNGoVJ1zosNinesxg1TzHG7,Cbm5gsQe3nSiCsFrvepVzMCD9xLK3ri9g3ypS2hdmVJ7,14655.689988000004,14666.812407999996,14654.898623474337,0.9999460029158426,1.4654898623474337,1.0,14443.234155,14415.981113,28858.435375469828
SUiuyGR7SFq3xeRVJonq84fjjeFwRSsFekcevJ53tzy,49GjCCPsv7fBqo6t3iKDrP1xxGDS8uWZbVCdfnp2gjMf,CEwj5xEbbJEjYqM8D6Ai8ByGz1mrh8mkAVsE5fzDSSSx,36.93850699999996,0.33939699999999995,0.3613985098743461,0.009783787684606377,0.00014455940394973843,0.9092777243324537,621.108205,1.895419,7.8002530818634686
YAkoNb6HKmSxQN9L8hiBE5tPJRsniSSMzND1boHmZxe,CfWX7o2TswwbxusJ4hCaPobu2jLCb1hfXuXJQjVq3jQF,EnTrdMMpdhugeH6Ban6gYZWXughWxKtVGfCwFn78ZmY3,24770721.217808966,24749187.921859138,24770721.217808966,1.0,2477.072121780897,0.9969652378160878,191553.963259,1147882.883075,1335953.294768884
JSoLLrxK5bYdHwTEWYaGgmeycBCNXKDiBCTw5hXGBg7,xG4wXczA7Dk4hccJ61CHKpDHW4NrNfQwgmWgkb9BuF2,BVR6WgfhsRr9Lob4QDnkEAiNGgAbv7ZieKcY9kSg3QYR,31.66728607399989,27.295196375000046,7125.2811597450545,225.00447758910403,2.8501124638980215,206.2367647556218,17.927172077,167.285461662,38534.10639165684
wrmcMSHFi3sWpAEy4rGDvQb3ezh3PhXoV2xNjgLBkKU,8p4mGnARWPBu6P2Gcw4adodLkNDorrXniZMhaY7eJXUn,AyY89zccbsgp9LKFgH4CFZMJmpSgqmPSdTfukhP227rc,0.07410465999999599,0.539393060000006,32.549726353516114,439.23993920919247,0.013019890541406447,3515.309171441628,48.92778157,0.19497835,22176.444984435006
