0,1,2,3,4,5,6,7,8,9,10,11
MARpDPs5A7XiyCWPNH8GsMWPLxmwNn9SBmKvPa9LzgA,6YjT74rmcfCpw8LSjPNx5JTmZoYLGrTKnf9arfSgZ4SR,F8GSmi3vA8M8TsybLya1LQ4n1aFHCRbZ6k437PeTdXtg,87533.16221299983,93652.99401200115,81314.55063837914,0.9289570784671465,32.525820255351654,1.0,378179.348661,16285.644948,367598.0278167309
BSC8REUo9LpiiWUuqMuLXs2D2yJsJfGd4HdiF3wCLxk5,AZjEH1zWVx1UJ6udMyRijGTzPteuLnaY18yNNmprJEsh,Caf8ypkSVR8xYnXNhjvfvdGCC7mrM3C11rz8Xi6NA6aK,17.58920443399984,17.587314566999794,17.580609801286283,0.999511368877097,0.007032243920514514,0.9997794256637719,3262.695556036,3039.489910214,6299.920778187346
STK75uPSyBnEhGTTzb1nwmP3n427XoXmfRhXxxhyady,6TYyD5fUmDe6N65avW1Ny2RxzRNobw2RRgKwH9CTzSAU,54zDfk4cx2vGrEajPtodWpArNe5eUurytyxd4X3aZAxK,549.2696791439997,612.6738707949999,81687.97207137357,148.7210657589526,8.168797207137358,165.92679906961527,497.136180379,92.499199261,89282.71862318003
HDSBGqAuMRr6X2AfmmbXQPpRgU6VEhtfNVVZ3wUTZXg,DCZ1d8kNLgDcdSd99y4udLgwq46mfDXNS9KXj96kQf5L,Fq8GGYQM5Pz3q7LmVMbrXHJgsxA5ev86kTq8yGgGuYsa,40.70491855600085,40.865576329999385,40.52172901754501,0.9954995724115303,0.016208691607018006,0.9997794256637719,12711.582593342,12186.482763597,24838.169774596277
SBFjafzbDXgDRsA5SUypY8FXjJ9sBdb4JbuQq2PHQDG,46xwHtnXoQR3wCHUbm2eCAbPYWbioDQ59Te1Db8M5DDL,FC38fiikZwFvDt5zTjNtGfKd7LjaPz2uUAzLwKP5pRJY,16.778450018001735,7.036135467000605,113.78123122530673,6.781391076245417,0.045512492490122694,2.4860656022991137,200.592970449,9541.113124964,25080.132527378017
KEN5P7p3asnb23Sw6yAmJRGvijfAzso3RqfyLAQhznt,9zj4aX38Uxf3h6AUjS4EipWS8mwbEofasHAf3a1uKGds,CwQDG1MWunn9cLNwcZLd8YBacweSR7ARo32w4mLua1Yr,432455.45229399926,432577.0144999991,432234.1484100133,0.9994882620098509,43.223414841001336,1.0,2076063.023634,1809137.401973,3884138.025287863
SoNcU2iwHMw6dGzsYNQkYFkUjwN1UdAjrWVRnStrZu2,8ivTTid27jZnYNc4w3CTA1Z6QS2twsFb8WMwUabeDJgc,CyXm53PMvHCbeXJBykU46Rcbo28xk5srhMZFg7gv6EYB,26.36700492700001,26.178789431000038,4602.586840622435,174.55857627232254,1.8410347362489743,172.24069120878343,10.504397961,14.186363078,4277.101734963532
moFiBS1R4Lf3E3zzmBPnw3NF4RhWPkhREFviuzUaCAU,44ALBrpqi9PfZkBRTvbtRNtFJGsatfY4QydjtMbFWq8S,2ho8qEEie1UjVwWNBo9y4oAJZMyMLx8zPj9bxyUz6uWs,1868.706640847995,1864.7456920000004,1865.0048486740075,0.9980190619045974,0.746001939469603,0.9997794256637719,41020.032339611,27324.925587905,68257.6726054558
Sid7E679i9ABqptiAVhkmQ27YHN8vaYT4fppPwmxFsJ,GP7KB8o1bv527HG8kTzzzf4wJ5aEGHvcMQvVhLziUfmT,9gYxhAZ1M9wu5pxr8SBoa5NDm21gi3s9vMHaYTME77sa,2717.339177000008,10469.525726000054,22.32223063238024,0.008214738454926481,0.008928892252952098,0.03505831336908463,142778.518115,6704.728956,1407.9446720909316
FrnkTEL6yZ5Aycq2TrEgu29dCrwKG4LPUZydfiwqspkc,DjvZuMZ46fxKBoBpGMPcRcos4xdTtHFxwMh69DpA2ZFY,9rvDPJLAng4uVVqnnSoEXgNDFhBZQTny9AoQioYDZbQX,353.11025040400045,297.8893310219998,61636.19543849545,174.5522690660389,24.654478175398182,148.97778890145267,332.901914722,2548.263471255,437743.4420770644
KwnjUuZhTMTSGAaavkLEmSyfobY16JNH4poL9oeeEvE,J63v6qEZmQpDqCD8bd4PXu2Pq5ZbyXrFcSa3Xt1HdAPQ,BnKQtTdLw9qPCDgZkWX3sURkBAoKCUYL1yahh6Mw7mRK,1277.526725000026,38013.551898000354,44.727622529591066,0.035011105172449646,0.004472762252959107,1.0,270512.739998,770.160683,10241.110673557503
SoN9GaFpSXfpyR5dth3x7PHPVhvJMpQqqDJfCSmPv1t,9kZ9iS68ViMPtoeqtnhAKuF2iqVyfHPdZHoUNdwCELr,BBhm5fJLjw3HRzjtKB8uMEYjGhY6EDm9co3cqpjrSzB9,41.135085107000045,40.332399777000035,7135.332547612881,173.4609890572135,2.8541330190451526,165.75399753059696,34.507889757,45.588727981,13542.286592712237
wrmcMSHFi3sWpAEy4rGDvQb3ezh3PhXoV2xNjgLBkKU,8p4mGnARWPBu6P2Gcw4adodLkNDorrXniZMhaY7eJXUn,AyY89zccbsgp9LKFgH4CFZMJmpSgqmPSdTfukhP227rc,0.008418189999999992,0.1439145200000027,1.9705500936329572,234.08239700374534,0.000788220037453183,4038.93533664526,49.72143521,0.12700165,12151.864188420475
GokA1R67GqSavkd15zR62QD68Tuc5AEfvjssntVDEbM8,3YB7hfpBdbQEuZqLGWVDpRPmeZWCUsrrWyqGXegnQ6Cg,4DPCj6Z1DsG6HUtwSogBGqXEUxdEV5a8YVrrFtcnz7UW,39270.209623,39279.23194099999,39265.851113526405,0.9998890123196326,3.92658511135264,1.0,19758.624053,14049.126354,33805.557443149104
vEnkoSUkpnbRrPgBz9DfcVxNz67zjwMYBZraAvDDNSf,DtfyjjsZ5yCjWKLKHvwsfXs5QVsmm1QkK6Sh9JZHoq1g,e5wrKCRv4GhHvEf1VD5Pq2KGaZDXP77nTL612Jyrxwy,19367.040103,19369.504148,19335.98650866708,0.9983965751003888,1.933598650866708,0.997263508931492,2296.639313,4564.770625,6845.23599529501
AURHmCnNwiW4uA2Qj1XvEh4iKgRUZYXtiY7FKAapUV5Y,BKWm4TRnTeKwfWXRyuzjRHU7iZDkPuXBX5b5V5jSVfGJ,A5Ww74HVrkj9nPeC7pHKLfgeDMEhBCpW1efQdz3TGLEg,0.02395668700000897,0.02131086599996479,3.9246138938436754,163.82122844624575,0.0015698455575374702,148.97778890145267,286.83244982,1818.131606612,317850.47097266006
heyk4SZTeCUV6a65WiVA5bzic3KcxgVf1qxobfeV4tQ,9ZDpBKPqMABtGfq66FbVribaArMvtk63xxy91onZAtDt,DaTP4s6N7xxSPinbNZ3FB52EpRDRt87QShTuN3VPCW52,108.31102975299746,94.55003272900024,18402.482256155403,169.90404668963203,7.360992902462161,148.95941422008278,651.973707974,4500.395902262,781149.3086794355
BSCuChvaSj9b5HUSqgDVRzcnr2sSn7cXaamt1jbKH6hn,GnKpRj5kBVPMJfiwZtEuD9GYApLzPdW5JFuZTcyX4BTc,3dmwD9okkomV9nDwyuh4UMhKdUR13QpuKxRo89ycZB5t,96.14498428599995,96.10798716799991,96.23059256083155,1.0008904081213112,0.038492237024332625,0.9991736833638581,1498.365713792,1597.147209047,3095.5273305300516
SHRJZYZxBfNz1SL5puXfaymPnndnJTY6MJrTrzpsYMc,BKJWe131yeNE594dMwrLyT25RPsytUgcTdMpph8rbuda,EreMRai79gFEuXwrMnj6kpV4pvVAUqukjSuy87XQTT8K,3.2703049999999996,3.311013,2.9974528609714866,0.9165667608897295,0.0011989811443885946,0.9998890123196326,0.017845,0.002644,0.018999840396650335
Lid8SLUxQ9RmF7XMqUA8c24RitTwzja8VSKngJxRcUa,4PgzyzLtds9bKZ2to9PMnKqJzKEUpjvNUaeN23phegax,AtymwxoVN9peZo7EXTcDz9jKVc4vRmisJKKrNfe3ewBa,173.7383530359939,149.02481231799788,30156.107682658705,173.57196701646626,3.01561076826587,148.991595086138,1031.37313152,7707.372817206,1327351.233124922
7dwD9TF6uikvHXxPFK9AsSim54yJoujQjY9vU6gNFumk,CquVr6atkvwueDYficKjn6SSEWq4F4rH4VSiBbW4GBWU,8BCa6ge3b7ho3TfZuM64Vk1hgbrJ3J7EPiAb9uP86CGd,0.1533255610000006,0.1542017120000001,26.63483544048734,173.71425394939357,0.010653934176194937,174.87803568596172,2.282278334,1.889604036,726.9145201356201
JSoLLrxK5bYdHwTEWYaGgmeycBCNXKDiBCTw5hXGBg7,xG4wXczA7Dk4hccJ61CHKpDHW4NrNfQwgmWgkb9BuF2,BVR6WgfhsRr9Lob4QDnkEAiNGgAbv7ZieKcY9kSg3QYR,32.332994587999735,27.79741768899998,5585.878001764189,172.7609234140461,2.2343512007056754,148.96751361153414,18.395685614,168.65499857,28302.17142863887
TETFuZgEmET6d9vYmz9iMFCxK1jKdKYxf3oPz8hSzJK,Eu1Ze6Z84LWNkq7SNoAHBJbXx5t1P95EwyqYohrfCRFV,ASMbv7WNu3qe4pkhREmvyEdwFNDZQ6B6iSrjkj4u8bdC,18.941191304,19.064866787000085,18.82395776567076,0.9938106565501779,0.007529583106268304,0.9998080368569235,296.802446482,55.504892727,350.45967203731146
BkwbeSfcX1h4thMDd7obGkHrPevf3QwgzJ4pCEqG18Lu,35yX27bmurdebhfAb8EPmjLETDiUaEUCn9zHaDPbakH2,2CxECn1ZJFoESyUnQysQU8rRgT3iJ5GRs2Mdd6gZjx5g,0.00039719999999987543,0.0004500000000007276,0.717757819982066,1807.0438569544085,0.0002871031279928264,1587.3015873015872,1.80779149,21.49003072,37377.91837967483
NorjjEePhxfwLF4vZjUHCrVVKLzQjEEGQFd3wgjEJmh,34M8pFVqgbV7aqHxvRT5tCv3vu2P1JJYT8J3VaxBK2oG,3AZWBSze3ucsY3xSeuLne3b2pauVqiaJ1SZSV5T9WGWw,74.54039899999998,113.16632399999071,48.72583919905449,0.6536836380370664,0.019490335679621797,1.0,37601.020954,2583.285629,27162.457800118682
MATSnbbiTCv7Dc3trJrkrqjx7ckKdr6fwPoVwv9q3sD,631WX9JizSHJm4w6VanZeJAst9T8DeUUnPLesdGkCVtK,211maUSfpnXbPuW1iBu8b4dtJv5EbN1j7JJiEX5TZKEP,26483.579363000004,26494.018827000007,26411.818452265197,0.9972903620862117,10.56472738090608,0.9974644453798444,23479.396469,21053.784311,44416.17709705321
SUiuyGR7SFq3xeRVJonq84fjjeFwRSsFekcevJ53tzy,49GjCCPsv7fBqo6t3iKDrP1xxGDS8uWZbVCdfnp2gjMf,CEwj5xEbbJEjYqM8D6Ai8ByGz1mrh8mkAVsE5fzDSSSx,11.793697999999935,10.606571999999908,0.09545196794114064,0.008093472288432445,3.818078717645625e-05,0.9213906364597961,645.083007,1.660034,6.750501224698073
ALBpShJ9NLpE739pcHDF2LNVk5J4VYPvvKuV6jMPitZi,D6d156U1bPiJpDYRLextvDRccgFk7QzkQbJg42ceKEu5,GNcM8U5g8RwTZffwwm3kSQqUNPSwv5d2fbN9sLxPJqt2,4542.444224999999,4544.9493830000065,4529.042787392106,0.9970497298493758,1.8116171149568427,0.9961211044193908,50940.324693,49268.321271,99867.25157095303
BUSDTd9WiT6uBHJRgNvFXBsA7JrifsAtWzKfioN7ERcy,DyBxrn7gSc1EwnpWhDyhzvMHPtxpmBqRqotapLcKcfTM,Cds99GeBgoCpqBsoRWu1C6fF9LiUMd4pXQQD24s9LPff,7340.004046429997,7374.568010209998,7317.600407845333,0.9969477348455196,0.7317600407845334,1.0003411163206655,383.08677147,241.08279495,623.0825212922888
Cob4usZcpHEY7Qt4ZCwj6WVg9S44zvzYV2v9qYF65dTf,NhFM9UXE48PyNAyeyPYA3iXztqKVJwA4bTdLj4ysM8w,6TuFuynuBoeskxyR2cz4wxyidk8dpDK7kAWw3UkjQGx,59.378330999999974,7169.237709000052,0.4818493886362014,0.008114902869806186,0.00019273975545448056,1.0,72142.796782,176.317103,761.7488916420963
HEDSDjj84KS7LKhZY7ejkCACTdPen62rKhCby1wXtgxc,EnnjMSFttpCTywBrYNt1J5QQeoSVkvzPipJDa8Y7kJow,6bjVT6JN2rSvpyn9PdfLYC8wJn4LWh49jpY47fnLDXZk,11.71993064200069,12.06450724300521,11.388160467745427,0.9716917971283636,0.004555264187098171,0.9997794256637719,38649.871806387,9557.431209223,47111.08647950704
RoBgmK8CvjdHvPrqdDyVw54VwjZv2TqJ493xnqJAQHx,ExiHJxM7qPAcy27NDHAF6G7vnW7muNHi2sVJpnaNynGQ,6rkPHSqZb7StM4HwS9EuVrmfkV7tRdc7dnsFhyB6cefE,17.992040000000088,0.4608699999999999,0.431546703889488,0.023985423770149793,4.31546703889488e-05,0.9244416834452832,6018.005887,24.199193,166.7151641658885
B2izdXFYb2sNwbWWHmh75T4aQFtfXsUxem9u2p61HGzf,4DYwgJtxwuJdAjkj5RJSNH4e7U329V5cNp7d3a1nLrZv,EXNW64GEf1ACC6xY9BtKRiunrs6GoJSXBdxWN2eTPmrF,14650.245922999957,14471.596814999994,14836.593537835166,1.0127197601879607,1.4836593537835168,1.0,9546.962147,30473.483211,40141.88042703338
SERgf3DMJpQxUifu7VoFKmfne73d2fDJxSrxUMrcNJB,AJfM2GZ2tTB8UtN2krcyR9xufRJEx2mhSCbJyMgPo3GU,F4yRYkufQvERZcEKnKjJwRLU1btiMBUuEwq46hfm11QD,4.001404862000001,3.977664251,591.1867367134586,147.74479391669675,0.23647469468538343,148.01261245073215,26.203928038,31.034633884,8465.011185405114
KysFMBBoavfov2tLpvefWW6tPFt6rAeZWDJVy1mMQae,B8ka2V21TH3x64dFV8ETcjuQcwmrciJ2qzy1mJUttRew,7fSf7EYxBANyxzk2s5pymFgshA91tFYQNKKs5UnLWcYS,12.401752000000215,17.992039999982808,0.2976885564785609,0.024003750153894044,0.00011907542259142439,0.034641325105510545,135001.02234,2247.546296,3318.38879269905
SAMGk1Nd4haC8zQA63DG37pzuEZy8j4q13tSFtCbcRE,9U9TnkHD3jXMAVZtynCVLgDruuqN4pTvLJTmVHCLWS8g,C6zoEbvqSknmi96QWq96UBiPCyNW3YSTvKhavR2BfifE,0.4290227599999956,0.404134290000006,1.0662129330483512,2.4852129827526217,0.00042648517321934056,0.0,53.03149694,1.49649663,131.79456469009392
daob129AwBGn9Y5r91uLoWZeYiGzbPmksauMhFZKTze,6VW5GQNyj4LStgmxEHLr5zUfW92vQnmbw8jTnCH7a38F,4VPCCUifPeBA1c7HWK358CHn2nyjm8pdTRk6Ps3KmnMQ,33.76574204400015,30.438167612999997,5546.957051084627,164.2776588133732,2.2187828204338507,148.74442598856663,52.925854963,233.030132636,43356.46886099916
SRMuKizofcAMicegrfSv7xs9q76tH1w8aAF7oX9FEWu,72Hj2KWntXPfbie4UgKeTPnm1XVkomDfCnRPKbvfTtPi,6aqJQ5wedqpUt4fFEDUqUmXhrdxCu4bEJsQdVPCADLko,7953.521322999998,7957.907110999999,676.305118102871,0.08503216256516864,0.2705220472411484,0.0849047720812053,18090.832658,4861.769268,1951.0900351252662
AUSejoEUCh2DBs9mof6BNC8Pubs22w4cJa1ccV9h44R,4xkyD7AfGQDwsQMy9MosRRNGoVJ1zosNinesxg1TzHG7,Cbm5gsQe3nSiCsFrvepVzMCD9xLK3ri9g3ypS2hdmVJ7,1165.8700910000025,1166.1160649999983,1165.52160004159,0.999701089374277,0.116552160004159,1.0,14574.248099,14279.424191,28849.315892381288
WiiQFxXqp8P9Fs1rt9SVcDyA3KUdJmUsog6wnVQAwba,3S2jpqSYxho6wiz3cafhjXruVY8cg4HYa2v3BqBHYFSj,Dfe67M6TfrG74gKRtdqys4e6E9QirPD53BkF4FujFjuv,6969.309916299001,6984.322496718003,6944.457674507917,0.9964340455382874,0.6944457674507917,0.9997794256637719,21771.72251798,4941.013958468,26634.009644521662
SAMyS8Jr2HJrkFwYVKbpUwsNStnQmvz3f8Tup8bWUWF,6jPzm5TFfquvgm25sTyN3MMGBfufRaFHMxobDWv6hMFW,Cj9ECoDmxsHTDzCY5ZA6RWrPbg9uFzEC1Qc2kso2vJG6,4185.077643569979,166.74222195999403,4136.993287845486,0.9885105224276134,1.6547973151381943,0.03473901515864718,696.73533869,111055.27703374,4546.6811659650875
YAkoNb6HKmSxQN9L8hiBE5tPJRsniSSMzND1boHmZxe,CfWX7o2TswwbxusJ4hCaPobu2jLCb1hfXuXJQjVq3jQF,EnTrdMMpdhugeH6Ban6gYZWXughWxKtVGfCwFn78ZmY3,8589550.270421965,8599136.237904,8589550.270421965,1.0,858.9550270421965,0.9994163408569396,1008558.32494,231726.603806,1240149.6793949984
parEAJhzYzHW87y9VoZAQ22dzQ2MD2ekEtTReaxbMcz,3oyc6hpjYSJEquK6dSvG72NXyz3pqLZz5D8AC71pwgQb,Di2vordgFJVZ1aj1aBpvzXtLfZgJsuLLXawGtVFwX6Rz,6.284552402999964,7.316842602999714,919.6463628139588,146.33442508570076,0.3678585451255835,169.2824759119501,1283.665073508,173.251692796,217172.86604683043
MATgk4zXLXtYkwBH678J1xZbRDZ45LicNzkRBHkxTuY,y8dALFo1bJrSzPYjMX14HJX448pXqYmrfXHD1K8MXih,GN7Yuet3UyiWS5YVkEHv6oQKi4HGBJc3XDPt9zQhAqZz,49897.42274500002,49887.592652,49897.37284762717,0.9999990000010001,19.95894913905087,1.0,9593.197353,8504.813743,18098.001502812243
ALLwa5WNZbvQsRKAqe1jdRGemdYQnW8E5k4msbRFcYtu,CGoM82Hbz7QVqTgvQatYtjvDWBvoUJp5qm21P8iMs9yb,3dxNNww8TivyN5FMy5dCNdi3Zcxv6e4kUfSPxfFwpdNq,15.207519378,15.135719065,61392.432190868356,4036.9787251221187,24.556972876347345,4004.0841658491663,0.98662288,7.562263172,34262.9138012682
KZMu9QBEdL97EFgamLbN5DE1AoKBG4HdrKKJo4Vuon3,DD4ACBWyVqdaKWh7v5btsgqQCCMwbKnuL2xd9pv7Gyuw,GcYqiJ1MAuYbNTNYXm1F1gQYTfTgkErACAhNU5dpVj9T,143.24750777999952,145.06562343999894,141.6020564831512,0.9885132291489815,0.056640822593260476,1.0,1950.74028291,1132.8613146,3061.193890890362
DFWzVTzNBrQZLjoQ4yQwkj9HuoXmfkuZP9V5vbymZe23,DhgiEgiNdqZdRdo195UUHnoEJUtefK8buko8nU97XJUZ,2K2kkXsouBHtWVjtcgkyiXd8eP3oVBvq1bTJzcVdLLr2,8.608963786999084,10.0,7.414858013208304,0.8612950636876797,0.002965943205283322,0.9997794256637719,66982.403926235,9083.955587103,66773.5657552295
BSCNHw8CmxbZ8hCWWzMf5FaG2ajPT6JxfznKUNuRVrn4,7n9kgNL633yGzCYksgnzHyjG73ZLBAwvEae5sbAekbzW,SscdxE99omdG9AiMVwmaEMQySQnCgeAh1sPj2Leutm2,1213.7239276129958,1180.385186876,1231.8176136676557,1.0149075795928686,0.49272704546706225,0.9997794256637719,2581.009307253,9105.05181086,11722.529379031306
SEQV6QiTpvTzrceiaYg9Avnwf7oc8ZALpnQMz6TyT4A,3dFMPj4r9mMmPHF32mz1gNDX7f8ftidWof7S8YiYTs1j,Fc1ED3YPeQfXQosHbd8DTaBd2AV5gHQtwiSAL5C5pUhi,689.233236326,691.1631164230002,687.2159811604695,0.9970731893657891,0.27488639246418783,0.9994812692212742,4350.43719164,1252.638488124,5589.692991789635
C98Sspw7XqnMsgxea3SLQVdbMDL8pKUc3RE82UvX9eq2,CSqgQJurPCzGxb4Cgwx5R61hWQUiaoUHcShNc8r1cKEL,6S2CR5EnukPhC914XkAns8m5GixjMAoUuZMsS5ubHuWc,81.3696460000001,81.3474379999999,0.0,0.0,0.0,1.0,976.927096,1035.940126,1035.940126
BUSDgu5JdqP1rndBvXvanbEufS94FNh1w5FJcAj6vawb,Bgzr8cWubt89JQFXndVjtdKmDbGzuPxNhvjH1EhWCwbo,Dxaf8xPBBQsasRKW5Aa4Sw2YrbfGofY9xZueyyF23FBW,13898.833388860008,13735.86881012,14070.379027856261,1.0123424487650703,5.6281516111425045,1.0,3671.39802202,11116.38967876,14833.101742762963
KEVpg4SYCVrqFxKijQH6hm4QxsRdoE51ud64bEEFUC9,2bPenuBYfqzD8p5dFjCcggwkHDsc2RQDnx9AoyYGUBjA,AE6n6iLuX8oYu61vt5hoDYkjswpnxFxrhSehxrnQTnbx,977.9535273699998,978.2822108620012,977.3306413230428,0.9993630719359107,0.39093225652921715,0.9997794256637719,4621.487134216,2973.475931321,7591.363638203549
ercAoEmXjQzEvAFbdjAo81KtMxRGn9AW1ju882upmPH,CMRhskR2Eg6V42RTSdRTXGdozyPbWB8U9dVpijPWb9T4,7TKLLgrWswt6ZJ1pXhVR3FyufHGjJFqiEXxvWJfDcgRm,0.0009081789999640932,0.0010358840000890268,0.13475487532720853,148.37920204335967,5.390195013088341e-05,144.66445657954202,327.850995865,1011.941157413,195038.18678319396
RajgMbScQbqqrdJfR2rxfHJiTiY5b6bJ2tTXiF4aPxy,725ZA3fhyBAKb5iopNRrcbSuQa3LXA1656Q3mBvYPxeg,GLA6i1dSZpUfk2f9Nj8uiG7xyDdAR2reff8oEiZH3617,582453.0685479001,582534.5536639896,582271.6152444415,0.9996884670830031,232.90864609777663,1.0,125395.74995296,107309.7445509,232666.42960009814
Lee1XZJfJ9Hm2K1qTyeCz1LXNc1YBZaKZszvNY4KCDw,9DgFSWkPDGijNKcLGbr3p5xoJbHsPgXUTr6QvGBJ5vGN,2hNHZg7XBhuhHVZ3JDEi4buq2fPQwuWBdQ9xkH7t1GQX,2902.478751074983,2473.2096781620194,505124.1546091473,174.03199056050482,50.51241546091473,148.21731622905503,7352.199916552,56596.178015266,9668051.600720895
7oAd7xG4m3oC2qeWB1szghTebAZyyGPAFDJ4wwwbRSNi,D9yh4KAysxt9GLacVe4Wwh2XqghhcjTCSTV9HuM7TBJd,HDYfJLpZKaMFb84jM4mRytn7XLR8UFZUnQpSfhJJaNEy,4643.8589079469675,104.65228037200018,4642.83459185081,0.9997794256637719,1.857133836740324,0.023671736499134934,981.482432264,300490.39091116,8094.395296599014
