0,1,2,3,4,5,6,7,8,9,10,11
HEDSDjj84KS7LKhZY7ejkCACTdPen62rKhCby1wXtgxc,EnnjMSFttpCTywBrYNt1J5QQeoSVkvzPipJDa8Y7kJow,6bjVT6JN2rSvpyn9PdfLYC8wJn4LWh49jpY47fnLDXZk,452.47037964800074,466.66193319500417,438.32680661194047,0.9687414388383538,0.1753307226447762,0.99993350642169,39137.49779871,9084.888447109,46998.40029042284
KZMu9QBEdL97EFgamLbN5DE1AoKBG4HdrKKJo4Vuon3,DD4ACBWyVqdaKWh7v5btsgqQCCMwbKnuL2xd9pv7Gyuw,GcYqiJ1MAuYbNTNYXm1F1gQYTfTgkErACAhNU5dpVj9T,219.00954968999963,217.41544649999946,220.74290465220346,1.007914517721521,0.08829716186088139,1.0,1266.50513317,1818.21271509,3094.741625580871
BSC8REUo9LpiiWUuqMuLXs2D2yJsJfGd4HdiF3wCLxk5,AZjEH1zWVx1UJ6udMyRijGTzPteuLnaY18yNNmprJEsh,Caf8ypkSVR8xYnXNhjvfvdGCC7mrM3C11rz8Xi6NA6aK,637.9934754540009,638.3780816919989,637.8515056551297,0.9997774745286068,0.2551406022620519,0.9998618790800239,3269.440245603,3038.310539297,6306.603596921295
AURHmCnNwiW4uA2Qj1XvEh4iKgRUZYXtiY7FKAapUV5Y,BKWm4TRnTeKwfWXRyuzjRHU7iZDkPuXBX5b5V5jSVfGJ,A5Ww74HVrkj9nPeC7pHKLfgeDMEhBCpW1efQdz3TGLEg,0.03293060799956038,0.029306017000010343,6.235368409090249,189.3487180429068,0.0024941473636361,169.83637963186266,287.151358308,1816.0781507,362807.8798233155
KysFMBBoavfov2tLpvefWW6tPFt6rAeZWDJVy1mMQae,B8ka2V21TH3x64dFV8ETcjuQcwmrciJ2qzy1mJUttRew,7fSf7EYxBANyxzk2s5pymFgshA91tFYQNKKs5UnLWcYS,461.6952460000043,569.3519239999646,8.492769308313093,0.018394751477066353,0.0033971077233252373,0.02481556821546584,134635.448338,2512.773017,2538.9415023942615
GokA1R67GqSavkd15zR62QD68Tuc5AEfvjssntVDEbM8,3YB7hfpBdbQEuZqLGWVDpRPmeZWCUsrrWyqGXegnQ6Cg,4DPCj6Z1DsG6HUtwSogBGqXEUxdEV5a8YVrrFtcnz7UW,68553.52207899993,68558.74153900004,68578.07302914436,1.0003581282098992,6.857807302914437,1.0,12975.876492,20794.912107,33775.43562641995
wrmcMSHFi3sWpAEy4rGDvQb3ezh3PhXoV2xNjgLBkKU,8p4mGnARWPBu6P2Gcw4adodLkNDorrXniZMhaY7eJXUn,AyY89zccbsgp9LKFgH4CFZMJmpSgqmPSdTfukhP227rc,0.05766696999999782,0.47354831000002007,18.662449838186998,323.62459546925567,0.007464979935274799,3161.255650744476,49.10336882,0.17517677,16444.836424591827
SAMyS8Jr2HJrkFwYVKbpUwsNStnQmvz3f8Tup8bWUWF,6jPzm5TFfquvgm25sTyN3MMGBfufRaFHMxobDWv6hMFW,Cj9ECoDmxsHTDzCY5ZA6RWrPbg9uFzEC1Qc2kso2vJG6,7850.597873940016,196.05527648000032,7912.73156993785,1.007914517721521,3.16509262797514,0.024952685341871873,561.8332499,115647.79447818,3452.002915208366
WiiQFxXqp8P9Fs1rt9SVcDyA3KUdJmUsog6wnVQAwba,3S2jpqSYxho6wiz3cafhjXruVY8cg4HYa2v3BqBHYFSj,Dfe67M6TfrG74gKRtdqys4e6E9QirPD53BkF4FujFjuv,7435.276155609001,7470.729641064998,7403.864040778431,0.9957752591600955,0.7403864040778431,0.9998618790800239,22222.768874475,4507.634488006,26635.895324618847
oKQqupM9E7SSLAFDLxr7mdsXP7znck9qRbVWc6Yyj7Q,CMR2J7CwfW98RpvnJmFBgRFTLAd3x8CJ1SWs8Bt3uunG,FmRb5jHfSNj1YWP3b45d9vvYuhwjp4om8bALmtqZpr1v,492.41033154,499.99999999999955,482.29746523620605,0.9794625220958174,0.19291898609448244,1.0,4105.51324212,1794.1404344,5815.336789024631
heyk4SZTeCUV6a65WiVA5bzic3KcxgVf1qxobfeV4tQ,9ZDpBKPqMABtGfq66FbVribaArMvtk63xxy91onZAtDt,DaTP4s6N7xxSPinbNZ3FB52EpRDRt87QShTuN3VPCW52,293.76488003599934,255.54209679499957,57237.55451389012,194.84137963284093,22.89502180555605,171.17208717315117,636.496690507,4492.069095105,892932.7360452526
daob129AwBGn9Y5r91uLoWZeYiGzbPmksauMhFZKTze,6VW5GQNyj4LStgmxEHLr5zUfW92vQnmbw8jTnCH7a38F,4VPCCUifPeBA1c7HWK358CHn2nyjm8pdTRk6Ps3KmnMQ,51.2912219200002,46.21211902800004,9643.627098153427,188.01710579628534,3.8574508392613707,171.2420252588837,50.023424941,221.501955838,47335.70309592747
SoN9GaFpSXfpyR5dth3x7PHPVhvJMpQqqDJfCSmPv1t,9kZ9iS68ViMPtoeqtnhAKuF2iqVyfHPdZHoUNdwCELr,BBhm5fJLjw3HRzjtKB8uMEYjGhY6EDm9co3cqpjrSzB9,1.9976529289999991,1.9647172219999995,400.417992154212,200.44422449031546,0.16016719686168482,196.82265255526977,3.805736934,5.758033854,1896.1494849971036
SoNcU2iwHMw6dGzsYNQkYFkUjwN1UdAjrWVRnStrZu2,8ivTTid27jZnYNc4w3CTA1Z6QS2twsFb8WMwUabeDJgc,CyXm53PMvHCbeXJBykU46Rcbo28xk5srhMZFg7gv6EYB,20.807699286,20.625305406000003,4180.363196601658,200.90463338319788,1.6721452786406632,196.82265255526977,13.661641306,18.050132306,6297.361957435171
MATSnbbiTCv7Dc3trJrkrqjx7ckKdr6fwPoVwv9q3sD,631WX9JizSHJm4w6VanZeJAst9T8DeUUnPLesdGkCVtK,211maUSfpnXbPuW1iBu8b4dtJv5EbN1j7JJiEX5TZKEP,56252.43132700006,56278.11255800001,56115.957318800734,0.9975739002745323,22.446382927520293,0.9956698319010624,22371.159699,22477.140762,44696.69599871292
ALLwa5WNZbvQsRKAqe1jdRGemdYQnW8E5k4msbRFcYtu,CGoM82Hbz7QVqTgvQatYtjvDWBvoUJp5qm21P8iMs9yb,3dxNNww8TivyN5FMy5dCNdi3Zcxv6e4kUfSPxfFwpdNq,11.804725847,11.708656811000003,37381.569546217426,3166.6613888976854,14.952627818486972,3180.975223383985,2.107220668,6.466432104,27242.41463376156
vEnkoSUkpnbRrPgBz9DfcVxNz67zjwMYBZraAvDDNSf,DtfyjjsZ5yCjWKLKHvwsfXs5QVsmm1QkK6Sh9JZHoq1g,e5wrKCRv4GhHvEf1VD5Pq2KGaZDXP77nTL612Jyrxwy,10193.56523,10199.069430000001,10134.007666941387,0.9941573373285204,1.0134007666941387,0.9921884999399726,1174.635216,765.736019,1927.5266907124878
BkwbeSfcX1h4thMDd7obGkHrPevf3QwgzJ4pCEqG18Lu,35yX27bmurdebhfAb8EPmjLETDiUaEUCn9zHaDPbakH2,2CxECn1ZJFoESyUnQysQU8rRgT3iJ5GRs2Mdd6gZjx5g,0.005375430000000292,0.0036467700000012426,10.158804853158506,1889.8590165173678,0.004063521941263402,1280.5900959161982,0.94536787,22.57078564,30690.53654067687
MATgk4zXLXtYkwBH678J1xZbRDZ45LicNzkRBHkxTuY,y8dALFo1bJrSzPYjMX14HJX448pXqYmrfXHD1K8MXih,GN7Yuet3UyiWS5YVkEHv6oQKi4HGBJc3XDPt9zQhAqZz,46970.885680000014,46940.651842999985,47029.861125851836,1.001255574490411,18.811944450340736,1.0,7654.566442,9831.85292,17496.03024035973
DFWzVTzNBrQZLjoQ4yQwkj9HuoXmfkuZP9V5vbymZe23,DhgiEgiNdqZdRdo195UUHnoEJUtefK8buko8nU97XJUZ,2K2kkXsouBHtWVjtcgkyiXd8eP3oVBvq1bTJzcVdLLr2,1750.588569444999,2072.68542040998,1463.0883054935819,0.8357693698168238,0.5852353221974328,0.9998618790800239,68002.072038547,8222.824674238,65055.737824023876
C98Sspw7XqnMsgxea3SLQVdbMDL8pKUc3RE82UvX9eq2,CSqgQJurPCzGxb4Cgwx5R61hWQUiaoUHcShNc8r1cKEL,6S2CR5EnukPhC914XkAns8m5GixjMAoUuZMsS5ubHuWc,290.189447,289.9200629999997,0.0,0.0,0.0,1.0,952.524851,1060.852344,1060.852344
ercAoEmXjQzEvAFbdjAo81KtMxRGn9AW1ju882upmPH,CMRhskR2Eg6V42RTSdRTXGdozyPbWB8U9dVpijPWb9T4,7TKLLgrWswt6ZJ1pXhVR3FyufHGjJFqiEXxvWJfDcgRm,3.9855426760000228,4.088764059999903,686.3741467989738,172.21598226313156,0.27454965871958953,166.3940854223972,315.697982908,982.845784893,217907.9637135194
SERgf3DMJpQxUifu7VoFKmfne73d2fDJxSrxUMrcNJB,AJfM2GZ2tTB8UtN2krcyR9xufRJEx2mhSCbJyMgPo3GU,F4yRYkufQvERZcEKnKjJwRLU1btiMBUuEwq46hfm11QD,7.785700000084717e-05,7.785700000084717e-05,0.013302751431578348,170.86134106674544,5.321100572631339e-06,172.02581557009097,26.203928038,31.040039898,9816.926464570784
BSCuChvaSj9b5HUSqgDVRzcnr2sSn7cXaamt1jbKH6hn,GnKpRj5kBVPMJfiwZtEuD9GYApLzPdW5JFuZTcyX4BTc,3dmwD9okkomV9nDwyuh4UMhKdUR13QpuKxRo89ycZB5t,316.3965278119997,316.71443517000034,316.08965280475354,0.999030093631658,0.12643586112190142,0.9978645698205839,1652.286846416,1444.8474531,3092.446365125331
moFiBS1R4Lf3E3zzmBPnw3NF4RhWPkhREFviuzUaCAU,44ALBrpqi9PfZkBRTvbtRNtFJGsatfY4QydjtMbFWq8S,2ho8qEEie1UjVwWNBo9y4oAJZMyMLx8zPj9bxyUz6uWs,1001.4349117780002,1000.0,999.0626853865588,0.997631172666799,0.3996250741546235,0.9998608793572463,39364.458168989,27733.88395205,67001.2361608102
MARpDPs5A7XiyCWPNH8GsMWPLxmwNn9SBmKvPa9LzgA,6YjT74rmcfCpw8LSjPNx5JTmZoYLGrTKnf9arfSgZ4SR,F8GSmi3vA8M8TsybLya1LQ4n1aFHCRbZ6k437PeTdXtg,88596.32608199994,95277.01929600182,81287.74493490283,0.9175069501151472,32.51509797396113,1.0,377498.796526,15470.811384,361828.5808567088
B2izdXFYb2sNwbWWHmh75T4aQFtfXsUxem9u2p61HGzf,4DYwgJtxwuJdAjkj5RJSNH4e7U329V5cNp7d3a1nLrZv,EXNW64GEf1ACC6xY9BtKRiunrs6GoJSXBdxWN2eTPmrF,27880.40567600002,27424.13690799997,28119.846166104402,1.0085881279091464,2.8119846166104403,1.0,8901.584568,31145.475076,40123.507590864065
Lid8SLUxQ9RmF7XMqUA8c24RitTwzja8VSKngJxRcUa,4PgzyzLtds9bKZ2to9PMnKqJzKEUpjvNUaeN23phegax,AtymwxoVN9peZo7EXTcDz9jKVc4vRmisJKKrNfe3ewBa,1694.681470766005,1453.5453914550028,338264.4333357097,199.60354743408644,33.82644333357097,171.24085231366942,1024.218727466,7667.943550272,1517502.880392321
FrnkTEL6yZ5Aycq2TrEgu29dCrwKG4LPUZydfiwqspkc,DjvZuMZ46fxKBoBpGMPcRcos4xdTtHFxwMh69DpA2ZFY,9rvDPJLAng4uVVqnnSoEXgNDFhBZQTny9AoQioYDZbQX,24.806282605999513,20.97876670000022,4992.846259483656,201.2734571634733,1.9971385037934621,171.34486701325164,317.275232191,2510.806694626,494072.9220421002
SQDY9uoDoCbNq7F3HAHYYQZbrUzpKxDtdWLvYcqBLak,GiehZ4X2uQjhEKuxSm3ACmEFrabxh3RTvjbLfLjw1xGX,rxDQYV77NKRKYxCjq4cECX3QQsiSyLv1T1FT2X3zNA2,7.122912240000005,7.110480769999981,7.136710041178378,1.001937101106046,0.0028546840164713513,0.9998618780803,171.257518625,235.19326052,406.75003692910366
JSoLLrxK5bYdHwTEWYaGgmeycBCNXKDiBCTw5hXGBg7,xG4wXczA7Dk4hccJ61CHKpDHW4NrNfQwgmWgkb9BuF2,BVR6WgfhsRr9Lob4QDnkEAiNGgAbv7ZieKcY9kSg3QYR,15.524719980000071,13.339821778999955,3071.946984658998,197.8745503053501,1.2287787938635992,171.9526930628953,18.265872013,166.90433236,32314.000643674
Lee1XZJfJ9Hm2K1qTyeCz1LXNc1YBZaKZszvNY4KCDw,9DgFSWkPDGijNKcLGbr3p5xoJbHsPgXUTr6QvGBJ5vGN,2hNHZg7XBhuhHVZ3JDEi4buq2fPQwuWBdQ9xkH7t1GQX,8761.898896832143,7475.726209541968,1768060.7098016595,201.78967260634568,176.80607098016594,172.06675226414038,7316.881380131,56399.872341413,11181013.960095154
parEAJhzYzHW87y9VoZAQ22dzQ2MD2ekEtTReaxbMcz,3oyc6hpjYSJEquK6dSvG72NXyz3pqLZz5D8AC71pwgQb,Di2vordgFJVZ1aj1aBpvzXtLfZgJsuLLXawGtVFwX6Rz,25.72191439199983,29.933381236000628,4327.321416140049,168.23481138270003,1.7309285664560197,196.47932624881275,1283.458733444,169.066629411,249140.5353762614
SAMGk1Nd4haC8zQA63DG37pzuEZy8j4q13tSFtCbcRE,9U9TnkHD3jXMAVZtynCVLgDruuqN4pTvLJTmVHCLWS8g,C6zoEbvqSknmi96QWq96UBiPCyNW3YSTvKhavR2BfifE,0.06011484,0.10849400000000031,0.11037638051171887,1.8360920616559715,4.415055220468755e-05,0.0,53.570215,1.17314306,98.35984650270365
KEN5P7p3asnb23Sw6yAmJRGvijfAzso3RqfyLAQhznt,9zj4aX38Uxf3h6AUjS4EipWS8mwbEofasHAf3a1uKGds,CwQDG1MWunn9cLNwcZLd8YBacweSR7ARo32w4mLua1Yr,803039.3579689981,803189.2729410008,800546.4563040673,0.9968956668932942,80.05464563040672,1.0,1989911.340025,1796564.648983,3780298.641355751
SUiuyGR7SFq3xeRVJonq84fjjeFwRSsFekcevJ53tzy,49GjCCPsv7fBqo6t3iKDrP1xxGDS8uWZbVCdfnp2gjMf,CEwj5xEbbJEjYqM8D6Ai8ByGz1mrh8mkAVsE5fzDSSSx,0.948418,117.49453299999993,0.006009968868838043,0.00633683551855621,2.4039875475352173e-06,0.9211292307465568,672.737473,1.447502,5.596363117334253
RajgMbScQbqqrdJfR2rxfHJiTiY5b6bJ2tTXiF4aPxy,725ZA3fhyBAKb5iopNRrcbSuQa3LXA1656Q3mBvYPxeg,GLA6i1dSZpUfk2f9Nj8uiG7xyDdAR2reff8oEiZH3617,103407.98820255001,103684.12145593994,102807.52440704675,0.9941932552219552,41.1230097628187,1.0,151340.81091508,30448.70030629,180910.7137578838
Cob4usZcpHEY7Qt4ZCwj6WVg9S44zvzYV2v9qYF65dTf,NhFM9UXE48PyNAyeyPYA3iXztqKVJwA4bTdLj4ysM8w,6TuFuynuBoeskxyR2cz4wxyidk8dpDK7kAWw3UkjQGx,182.070892,27718.788172999994,1.1537532953208116,0.00633683551855621,0.00046150131812832464,1.0,75968.229976,149.477157,630.8753349937634
7dwD9TF6uikvHXxPFK9AsSim54yJoujQjY9vU6gNFumk,CquVr6atkvwueDYficKjn6SSEWq4F4rH4VSiBbW4GBWU,8BCa6ge3b7ho3TfZuM64Vk1hgbrJ3J7EPiAb9uP86CGd,0.4249695680000003,0.42712506000000006,85.22577885395012,200.54560437125244,0.03409031154158005,202.1675597081671,2.274592636,1.903846213,841.0554978268656
BUSDgu5JdqP1rndBvXvanbEufS94FNh1w5FJcAj6vawb,Bgzr8cWubt89JQFXndVjtdKmDbGzuPxNhvjH1EhWCwbo,Dxaf8xPBBQsasRKW5Aa4Sw2YrbfGofY9xZueyyF23FBW,42406.21547021,42396.99256302999,42420.024460772715,1.0003256360042885,16.968009784309086,1.0,7423.00199377,7426.85525835,14852.274448829077
KEnkcdADoLR5jS2CLLLesy8TtFsyWL37BhXNfDMzWzP,3qsjFRuw1qeLMPo4DLwaQevenGAGBj9dA3Q6rb8ax2YR,77iEv8zPQAEyCcEbvBRSB6AFcUdfkhiqnAKtPxk76rNN,0.07747000000000004,9.042500000000004,0.0004909146476225498,0.00633683551855621,1.9636585904901993e-07,0.9982211698752823,123.44016,0.265051,1.046799509600875
Sid7E679i9ABqptiAVhkmQ27YHN8vaYT4fppPwmxFsJ,GP7KB8o1bv527HG8kTzzzf4wJ5aEGHvcMQvVhLziUfmT,9gYxhAZ1M9wu5pxr8SBoa5NDm21gi3s9vMHaYTME77sa,12151.640400000011,41298.180893000004,77.00294649544266,0.00633683551855621,0.03080117859817707,0.025247245645424504,141443.64647,7078.918232,1075.0283103323818
SRMuKizofcAMicegrfSv7xs9q76tH1w8aAF7oX9FEWu,72Hj2KWntXPfbie4UgKeTPnm1XVkomDfCnRPKbvfTtPi,6aqJQ5wedqpUt4fFEDUqUmXhrdxCu4bEJsQdVPCADLko,1124.2900849999996,1124.7390590000005,69.32450251538617,0.06166069010151076,0.02772980100615447,0.06162147419640822,17693.037092,5263.202527,1415.2911757923482
KEVpg4SYCVrqFxKijQH6hm4QxsRdoE51ud64bEEFUC9,2bPenuBYfqzD8p5dFjCcggwkHDsc2RQDnx9AoyYGUBjA,AE6n6iLuX8oYu61vt5hoDYkjswpnxFxrhSehxrnQTnbx,5006.951551374,5012.223595791999,5000.137309247448,0.9986390437261806,2.0000549236989795,0.9998618780803,5636.809623894,1975.352853741,7604.218186684792
RoBgmK8CvjdHvPrqdDyVw54VwjZv2TqJ493xnqJAQHx,ExiHJxM7qPAcy27NDHAF6G7vnW7muNHi2sVJpnaNynGQ,6rkPHSqZb7StM4HwS9EuVrmfkV7tRdc7dnsFhyB6cefE,1.6955930000000023,79.0535719999998,0.03164456135503785,0.018662828494242313,3.1644561355037853e-06,0.9230848758081609,6168.578973,20.757295,134.28387650347673
ALBpShJ9NLpE739pcHDF2LNVk5J4VYPvvKuV6jMPitZi,D6d156U1bPiJpDYRLextvDRccgFk7QzkQbJg42ceKEu5,GNcM8U5g8RwTZffwwm3kSQqUNPSwv5d2fbN9sLxPJqt2,633.8763629999958,633.9324049999996,632.3959241415804,0.9976644674816256,0.25295836965663215,0.9981245240193677,50883.732393,49342.549836,100014.90085029931
AUSejoEUCh2DBs9mof6BNC8Pubs22w4cJa1ccV9h44R,4xkyD7AfGQDwsQMy9MosRRNGoVJ1zosNinesxg1TzHG7,Cbm5gsQe3nSiCsFrvepVzMCD9xLK3ri9g3ypS2hdmVJ7,5654.937654000001,5659.6683010000015,5652.235885246853,0.9995222283748368,0.5652235885246853,1.0,14643.580856,14217.673189,28854.25775757622
HDSBGqAuMRr6X2AfmmbXQPpRgU6VEhtfNVVZ3wUTZXg,DCZ1d8kNLgDcdSd99y4udLgwq46mfDXNS9KXj96kQf5L,Fq8GGYQM5Pz3q7LmVMbrXHJgsxA5ev86kTq8yGgGuYsa,1286.5240633569992,1286.5928298499985,1278.810301358977,0.9940041836622207,0.5115241205435909,0.9998618780803,10890.699093583,10442.562223256,21266.520338542992
BSCNHw8CmxbZ8hCWWzMf5FaG2ajPT6JxfznKUNuRVrn4,7n9kgNL633yGzCYksgnzHyjG73ZLBAwvEae5sbAekbzW,SscdxE99omdG9AiMVwmaEMQySQnCgeAh1sPj2Leutm2,87.7719495909987,87.66389785299907,87.89618478335322,1.0014154316149229,0.03515847391334129,0.9998618780803,5273.076894134,6393.03989804,11672.69745297444
KwnjUuZhTMTSGAaavkLEmSyfobY16JNH4poL9oeeEvE,J63v6qEZmQpDqCD8bd4PXu2Pq5ZbyXrFcSa3Xt1HdAPQ,BnKQtTdLw9qPCDgZkWX3sURkBAoKCUYL1yahh6Mw7mRK,1336.6739300000313,41148.4185639998,33.78946922450458,0.025278767294057862,0.003378946922450458,1.0,274911.936281,640.375861,7589.810724606261
STK75uPSyBnEhGTTzb1nwmP3n427XoXmfRhXxxhyady,6TYyD5fUmDe6N65avW1Ny2RxzRNobw2RRgKwH9CTzSAU,54zDfk4cx2vGrEajPtodWpArNe5eUurytyxd4X3aZAxK,529.1021362579999,589.5682350419993,91267.88997080163,172.49578808409447,9.126788997080162,192.34871437004546,476.354698071,88.839986656,99257.4362692516
ZUCKWFa4LTL833dPhhpeeRWZcaAEoMeYJPi2iKn4F8N,7eEYpq6ShaJ9opZWMxitRFrdCHh6vfyHhGfoSvFht3N2,H8VggnHmuwd1wvwpT8eg9cUJFEfZ7HAaeYjgXrSm7A2u,30.326638825000146,30.20878097700006,30.410938463406662,1.002779722437853,0.012164375385362665,0.9998608783575245,1686.951690256,2160.060422586,3851.400859153142
BUSDTd9WiT6uBHJRgNvFXBsA7JrifsAtWzKfioN7ERcy,DyBxrn7gSc1EwnpWhDyhzvMHPtxpmBqRqotapLcKcfTM,Cds99GeBgoCpqBsoRWu1C6fF9LiUMd4pXQQD24s9LPff,13248.757410050002,13256.920787289997,13224.201522484916,0.9981465516497072,1.3224201522484917,0.9988982152685587,354.69958452,281.8384669,635.5701087406586
ACUSESXyNnwRLAg1dpSGMLSzUDdLjUMybY8rkXiAKhCP,AhFPQdu8GKBsxuhiH46UmCu1YpaLgNpoP325HnYtsgas,A8wxWpT3aFEr2XqZp1kDmbxbFfcBE95UUmdsNTDBJYbT,11.893603947999964,11.74393299999997,11.891949290283764,0.9998608783575245,0.004756779716113506,0.9875468700360648,1039.688711918,1845.793740034,2862.3518994194733
YAkoNb6HKmSxQN9L8hiBE5tPJRsniSSMzND1boHmZxe,CfWX7o2TswwbxusJ4hCaPobu2jLCb1hfXuXJQjVq3jQF,EnTrdMMpdhugeH6Ban6gYZWXughWxKtVGfCwFn78ZmY3,26338452.852074858,26326376.21517799,26338452.852074858,1.0,2633.845285207486,0.9991846653131046,356882.547243,1093381.148049,1449372.223715998
