0,1,2,3,4,5,6,7,8,9,10,11
WiiQFxXqp8P9Fs1rt9SVcDyA3KUdJmUsog6wnVQAwba,3S2jpqSYxho6wiz3cafhjXruVY8cg4HYa2v3BqBHYFSj,Dfe67M6TfrG74gKRtdqys4e6E9QirPD53BkF4FujFjuv,6928.461627923,6954.044355789003,6897.989222489494,0.9956018511655319,0.6897989222489495,0.9994064465149761,22057.026231773,4656.095890215,26613.348395832654
SERgf3DMJpQxUifu7VoFKmfne73d2fDJxSrxUMrcNJB,AJfM2GZ2tTB8UtN2krcyR9xufRJEx2mhSCbJyMgPo3GU,F4yRYkufQvERZcEKnKjJwRLU1btiMBUuEwq46hfm11QD,7.858099107999998,7.861254612,1138.2712904600507,144.85326219686195,0.4553085161840203,144.7501648342502,26.171410496,31.067237247,8288.001899086801
Sid7E679i9ABqptiAVhkmQ27YHN8vaYT4fppPwmxFsJ,GP7KB8o1bv527HG8kTzzzf4wJ5aEGHvcMQvVhLziUfmT,9gYxhAZ1M9wu5pxr8SBoa5NDm21gi3s9vMHaYTME77sa,1419.4496309999995,5916.657005999994,11.46994561557952,0.008080558383391855,0.004587978246231809,0.03334702451002967,142123.196707,6859.07512,1377.1645347679732
RajgMbScQbqqrdJfR2rxfHJiTiY5b6bJ2tTXiF4aPxy,725ZA3fhyBAKb5iopNRrcbSuQa3LXA1656Q3mBvYPxeg,GLA6i1dSZpUfk2f9Nj8uiG7xyDdAR2reff8oEiZH3617,7188.249252400026,7191.0903663799545,7185.268587431902,0.999585342012573,2.874107434972761,1.0,126823.78410716,105649.73861694,232420.93422902425
wrmcMSHFi3sWpAEy4rGDvQb3ezh3PhXoV2xNjgLBkKU,8p4mGnARWPBu6P2Gcw4adodLkNDorrXniZMhaY7eJXUn,AyY89zccbsgp9LKFgH4CFZMJmpSgqmPSdTfukhP227rc,0.019859309999999963,0.31932307999999665,4.545848049864138,228.9026179592416,0.0018183392199456552,3910.9859595604053,49.71691648,0.12726218,11878.052938296012
B2izdXFYb2sNwbWWHmh75T4aQFtfXsUxem9u2p61HGzf,4DYwgJtxwuJdAjkj5RJSNH4e7U329V5cNp7d3a1nLrZv,EXNW64GEf1ACC6xY9BtKRiunrs6GoJSXBdxWN2eTPmrF,9209.131953999993,9089.508245000012,9304.775743871247,1.0103857551774693,0.9304775743871248,1.0,9614.94618,30403.370164,40118.174821070024
STK75uPSyBnEhGTTzb1nwmP3n427XoXmfRhXxxhyady,6TYyD5fUmDe6N65avW1Ny2RxzRNobw2RRgKwH9CTzSAU,54zDfk4cx2vGrEajPtodWpArNe5eUurytyxd4X3aZAxK,405.3619761660009,451.94708024500267,58684.44411845364,144.7704707617214,5.868444411845365,161.58349237188568,470.59281132,87.621899875,82286.19542194055
7dwD9TF6uikvHXxPFK9AsSim54yJoujQjY9vU6gNFumk,CquVr6atkvwueDYficKjn6SSEWq4F4rH4VSiBbW4GBWU,8BCa6ge3b7ho3TfZuM64Vk1hgbrJ3J7EPiAb9uP86CGd,1.0474665110000012,1.0538787409999997,176.86882212067368,168.85391586583475,0.07074752884826947,170.0997328753795,2.259188305,1.912502308,706.7889236918945
vEnkoSUkpnbRrPgBz9DfcVxNz67zjwMYBZraAvDDNSf,DtfyjjsZ5yCjWKLKHvwsfXs5QVsmm1QkK6Sh9JZHoq1g,e5wrKCRv4GhHvEf1VD5Pq2KGaZDXP77nTL612Jyrxwy,18268.337877,18268.683304000002,18279.561527778056,1.0006143772276177,1.8279561527778057,1.0011092290257606,4249.059001,2610.347509,6864.912508313323
Dg3mAgpwDfVNnbGWcsxL8sUcSkEbjSJQhKAWNigG44Ju,EATxwd8YA2wV93VJcKMmH2Kn2Y9XfJVUB9hHVu3udwEy,GiGvrRi7NMHfHKanG2B8xyCEqe8jaafWins8bhrLVEaa,0.20019668999999998,0.19725206200000003,34.12247956921106,170.44477393313076,0.013648991827684424,170.2416563287421,0.220611611,0.237823851,78.08962247263875
BkMBnJpvHKtWhUvrgRrLesXfi9RUV3ELgdBaJcdH7hcY,5uerVwBnZQsuVhZ15igs7ZgmcqhHnYWbwoRtLyRqLvR,9YWiQh5d4jCtgMdzcGLv9bWgnLaFtzvDDh2nnhJdzhBX,1.459824972000206,1.4599209999998948,1.4590710728949832,0.9994835688389481,0.0005836284291579933,0.9987045633329232,1471.600204339,1400.655712861,2869.681476229478
HEDSDjj84KS7LKhZY7ejkCACTdPen62rKhCby1wXtgxc,EnnjMSFttpCTywBrYNt1J5QQeoSVkvzPipJDa8Y7kJow,6bjVT6JN2rSvpyn9PdfLYC8wJn4LWh49jpY47fnLDXZk,99.96046503000252,102.88191210400146,97.0174395461097,0.9705581053168421,0.038806975818443876,0.9994064465149761,38647.892903986,9559.349063865,47063.70079029446
RoBgmK8CvjdHvPrqdDyVw54VwjZv2TqJ493xnqJAQHx,ExiHJxM7qPAcy27NDHAF6G7vnW7muNHi2sVJpnaNynGQ,6rkPHSqZb7StM4HwS9EuVrmfkV7tRdc7dnsFhyB6cefE,0.6676949999999984,25.883410000000367,0.015508736951989805,0.023227277352668274,1.5508736951989808e-06,0.9431106240468687,6035.997927,23.738323,162.5876625689159
JSoLLrxK5bYdHwTEWYaGgmeycBCNXKDiBCTw5hXGBg7,xG4wXczA7Dk4hccJ61CHKpDHW4NrNfQwgmWgkb9BuF2,BVR6WgfhsRr9Lob4QDnkEAiNGgAbv7ZieKcY9kSg3QYR,40.49292549700013,34.871600793999946,6806.556396372855,168.09248313948348,2.7226225585491424,144.81818800586802,18.194298746,168.877059951,27514.794673058896
SUiuyGR7SFq3xeRVJonq84fjjeFwRSsFekcevJ53tzy,49GjCCPsv7fBqo6t3iKDrP1xxGDS8uWZbVCdfnp2gjMf,CEwj5xEbbJEjYqM8D6Ai8ByGz1mrh8mkAVsE5fzDSSSx,0.07908400000000015,9.020276999999965,0.0006390428791921627,0.008080558383391855,2.556171516768651e-07,0.9435938470132423,648.676161,1.629144,6.778915845173536
MATSnbbiTCv7Dc3trJrkrqjx7ckKdr6fwPoVwv9q3sD,631WX9JizSHJm4w6VanZeJAst9T8DeUUnPLesdGkCVtK,211maUSfpnXbPuW1iBu8b4dtJv5EbN1j7JJiEX5TZKEP,47147.19053300004,47149.20861000003,47168.88822158197,1.0004602116973809,18.86755528863279,1.0010410827260352,23991.602056,20533.520137,44557.54050202441
ALBpShJ9NLpE739pcHDF2LNVk5J4VYPvvKuV6jMPitZi,D6d156U1bPiJpDYRLextvDRccgFk7QzkQbJg42ceKEu5,GNcM8U5g8RwTZffwwm3kSQqUNPSwv5d2fbN9sLxPJqt2,1111.1721080000061,1111.4279709999973,1112.3812664366226,1.001088182854763,0.4449525065746491,1.0012295098380812,50769.349232,49437.428188,100322.80755970832
parEAJhzYzHW87y9VoZAQ22dzQ2MD2ekEtTReaxbMcz,3oyc6hpjYSJEquK6dSvG72NXyz3pqLZz5D8AC71pwgQb,Di2vordgFJVZ1aj1aBpvzXtLfZgJsuLLXawGtVFwX6Rz,4.532369592000123,5.258467745000331,635.306003012008,140.17082899271,0.2541224012048032,165.75061824980608,1288.256098036,173.128278158,209272.0443578329
Cob4usZcpHEY7Qt4ZCwj6WVg9S44zvzYV2v9qYF65dTf,NhFM9UXE48PyNAyeyPYA3iXztqKVJwA4bTdLj4ysM8w,6TuFuynuBoeskxyR2cz4wxyidk8dpDK7kAWw3UkjQGx,170.5575429999963,6376.123842000015,1.3828778766408323,0.00810798427508341,0.0005531511506563329,1.0,72296.742977,175.045932,761.226787197263
Lee1XZJfJ9Hm2K1qTyeCz1LXNc1YBZaKZszvNY4KCDw,9DgFSWkPDGijNKcLGbr3p5xoJbHsPgXUTr6QvGBJ5vGN,2hNHZg7XBhuhHVZ3JDEi4buq2fPQwuWBdQ9xkH7t1GQX,4871.1835482800825,4151.527798427047,830081.5869553244,170.40655083678988,83.00815869553243,145.38156919341287,7353.90208434,56593.96168019,9480872.045321759
SAMyS8Jr2HJrkFwYVKbpUwsNStnQmvz3f8Tup8bWUWF,6jPzm5TFfquvgm25sTyN3MMGBfufRaFHMxobDWv6hMFW,Cj9ECoDmxsHTDzCY5ZA6RWrPbg9uFzEC1Qc2kso2vJG6,7789.8991127198715,280.25294754999675,7694.937352886002,0.9878096290517024,3.077974941154401,0.03355837020442085,680.12858193,111533.69940258,4414.726737044106
BerKDkt6v49dT1bHRedgnpsJS263C1DSJtEGvY9Mg35V,78XKqNb8wbfsMMrvo8WPUpdx7GEkfQutpNVH943aCGFa,DKYQwn4nDvFHCszi5tXbqfVMAP7DaXXp1KGTXEnYnKVH,9.964662555000132,10.002652073999798,9.997533996892887,1.0032988013102622,0.003999013598757155,0.9994064465149761,1340.351451808,2163.710734322,3507.1994612084954
KwnjUuZhTMTSGAaavkLEmSyfobY16JNH4poL9oeeEvE,J63v6qEZmQpDqCD8bd4PXu2Pq5ZbyXrFcSa3Xt1HdAPQ,BnKQtTdLw9qPCDgZkWX3sURkBAoKCUYL1yahh6Mw7mRK,1517.5243580000279,46273.31767300022,50.8271005013005,0.03349343305980698,0.00508271005013005,1.0,271040.092693,751.917211,9829.980412136874
BkwbeSfcX1h4thMDd7obGkHrPevf3QwgzJ4pCEqG18Lu,35yX27bmurdebhfAb8EPmjLETDiUaEUCn9zHaDPbakH2,2CxECn1ZJFoESyUnQysQU8rRgT3iJ5GRs2Mdd6gZjx5g,0.00156989000000185,0.0015709499999996268,2.8640833378976707,1824.384726251072,0.0011456333351590683,1600.0,1.80818869,21.48958072,37682.16098021594
AURHmCnNwiW4uA2Qj1XvEh4iKgRUZYXtiY7FKAapUV5Y,BKWm4TRnTeKwfWXRyuzjRHU7iZDkPuXBX5b5V5jSVfGJ,A5Ww74HVrkj9nPeC7pHKLfgeDMEhBCpW1efQdz3TGLEg,1.9127855490000911,1.7010573639999507,311.1543949426441,162.67082062874226,0.12446175797705766,145.19665507561768,286.827260284,1818.137429213,310645.89899860235
MARpDPs5A7XiyCWPNH8GsMWPLxmwNn9SBmKvPa9LzgA,6YjT74rmcfCpw8LSjPNx5JTmZoYLGrTKnf9arfSgZ4SR,F8GSmi3vA8M8TsybLya1LQ4n1aFHCRbZ6k437PeTdXtg,78289.72996400003,82557.20391900057,73813.25151275734,0.9428216388879984,29.525300605102938,1.0,376027.709013,18275.965956,372803.026834936
KEVpg4SYCVrqFxKijQH6hm4QxsRdoE51ud64bEEFUC9,2bPenuBYfqzD8p5dFjCcggwkHDsc2RQDnx9AoyYGUBjA,AE6n6iLuX8oYu61vt5hoDYkjswpnxFxrhSehxrnQTnbx,2237.032254991,2239.3814291100016,2235.0670499366724,0.9991215124189904,0.894026819974669,0.9994064465149761,4591.982228458,3002.575800691,7588.741840458533
YAkoNb6HKmSxQN9L8hiBE5tPJRsniSSMzND1boHmZxe,CfWX7o2TswwbxusJ4hCaPobu2jLCb1hfXuXJQjVq3jQF,EnTrdMMpdhugeH6Ban6gYZWXughWxKtVGfCwFn78ZmY3,7603193.28934997,7618643.951219051,7603193.28934997,1.0,760.3193289349971,1.00144207659029,1100402.317497,139337.018339,1239940.2704883076
NorjjEePhxfwLF4vZjUHCrVVKLzQjEEGQFd3wgjEJmh,34M8pFVqgbV7aqHxvRT5tCv3vu2P1JJYT8J3VaxBK2oG,3AZWBSze3ucsY3xSeuLne3b2pauVqiaJ1SZSV5T9WGWw,0.09995200000003024,0.15033499999844935,0.06651454140490955,0.6654648371707362,2.660581656196382e-05,1.0,37493.974528,2653.826028,27604.74768215925
FrnkTEL6yZ5Aycq2TrEgu29dCrwKG4LPUZydfiwqspkc,DjvZuMZ46fxKBoBpGMPcRcos4xdTtHFxwMh69DpA2ZFY,9rvDPJLAng4uVVqnnSoEXgNDFhBZQTny9AoQioYDZbQX,355.1763797959997,299.89387446499984,60773.25070153965,171.10724180601642,24.30930028061586,145.0673685606227,326.402495681,2555.777931063,426609.809839198
MATgk4zXLXtYkwBH678J1xZbRDZ45LicNzkRBHkxTuY,y8dALFo1bJrSzPYjMX14HJX448pXqYmrfXHD1K8MXih,GN7Yuet3UyiWS5YVkEHv6oQKi4HGBJc3XDPt9zQhAqZz,41698.77152300001,41732.03509,41696.478216698095,0.9999450030248337,16.67859128667924,1.0,9653.936176,8426.948446,18080.35368471187
KEN5P7p3asnb23Sw6yAmJRGvijfAzso3RqfyLAQhznt,9zj4aX38Uxf3h6AUjS4EipWS8mwbEofasHAf3a1uKGds,CwQDG1MWunn9cLNwcZLd8YBacweSR7ARo32w4mLua1Yr,415139.04037599964,415201.15401499416,414408.02462056896,0.9982391062166338,41.440802462056894,1.0,2042157.46457,1805727.371831,3844288.814016984
oKQqupM9E7SSLAFDLxr7mdsXP7znck9qRbVWc6Yyj7Q,CMR2J7CwfW98RpvnJmFBgRFTLAd3x8CJ1SWs8Bt3uunG,FmRb5jHfSNj1YWP3b45d9vvYuhwjp4om8bALmtqZpr1v,1.509096619999582,1.4576070000000527,1.4577047718041012,0.9659452897088227,0.0005830819087216405,1.0,4450.44914289,1456.91288766,5755.8032743232625
Lid8SLUxQ9RmF7XMqUA8c24RitTwzja8VSKngJxRcUa,4PgzyzLtds9bKZ2to9PMnKqJzKEUpjvNUaeN23phegax,AtymwxoVN9peZo7EXTcDz9jKVc4vRmisJKKrNfe3ewBa,183.98034086800726,157.71862201099736,31122.988503057273,169.16475073489397,3.1122988503057276,145.07281930164845,1028.22310933,7711.028741151,1292599.7851844837
BUSDgu5JdqP1rndBvXvanbEufS94FNh1w5FJcAj6vawb,Bgzr8cWubt89JQFXndVjtdKmDbGzuPxNhvjH1EhWCwbo,Dxaf8xPBBQsasRKW5Aa4Sw2YrbfGofY9xZueyyF23FBW,15946.190884329997,15822.460783369996,16212.847642721754,1.0167222856120326,6.485139057088702,1.0,3162.73949215,11627.25317558,14842.880900834187
AUSejoEUCh2DBs9mof6BNC8Pubs22w4cJa1ccV9h44R,4xkyD7AfGQDwsQMy9MosRRNGoVJ1zosNinesxg1TzHG7,Cbm5gsQe3nSiCsFrvepVzMCD9xLK3ri9g3ypS2hdmVJ7,3058.692516000003,3061.8274830000028,3057.335059233703,0.9995561970485104,0.3057335059233703,1.0,14599.73824,14253.83865,28847.097483078112
daob129AwBGn9Y5r91uLoWZeYiGzbPmksauMhFZKTze,6VW5GQNyj4LStgmxEHLr5zUfW92vQnmbw8jTnCH7a38F,4VPCCUifPeBA1c7HWK358CHn2nyjm8pdTRk6Ps3KmnMQ,21.326584559999908,19.225667141999942,3414.9729408522453,160.1275127409459,1.365989176340898,144.53672150534416,52.500174695,233.490783637,42154.714760981136
7oAd7xG4m3oC2qeWB1szghTebAZyyGPAFDJ4wwwbRSNi,D9yh4KAysxt9GLacVe4Wwh2XqghhcjTCSTV9HuM7TBJd,HDYfJLpZKaMFb84jM4mRytn7XLR8UFZUnQpSfhJJaNEy,826.1815547180013,16.722129999999993,825.691171776936,0.9994064465149761,0.3302764687107744,0.020574913119809135,904.961242636,303958.660361687,7158.347128691905
heyk4SZTeCUV6a65WiVA5bzic3KcxgVf1qxobfeV4tQ,9ZDpBKPqMABtGfq66FbVribaArMvtk63xxy91onZAtDt,DaTP4s6N7xxSPinbNZ3FB52EpRDRt87QShTuN3VPCW52,44.907393129999036,39.24750640399998,7423.746478640246,165.31234527797685,2.969498591456098,144.7501648342502,650.697339771,4501.818470705,759207.2689921055
SoNcU2iwHMw6dGzsYNQkYFkUjwN1UdAjrWVRnStrZu2,8ivTTid27jZnYNc4w3CTA1Z6QS2twsFb8WMwUabeDJgc,CyXm53PMvHCbeXJBykU46Rcbo28xk5srhMZFg7gv6EYB,36.08231053399997,35.88426662200003,6136.172911653776,170.06042076689425,2.4544691646615107,167.10562529337483,11.155383494,13.51965394,4156.299436199446
BUSDTd9WiT6uBHJRgNvFXBsA7JrifsAtWzKfioN7ERcy,DyBxrn7gSc1EwnpWhDyhzvMHPtxpmBqRqotapLcKcfTM,Cds99GeBgoCpqBsoRWu1C6fF9LiUMd4pXQQD24s9LPff,5536.457014289999,5542.280499890002,5543.607713880134,1.0012915659909718,0.5543607713880133,1.0012495594501938,330.25369831,293.23843692,624.2850985351433
SRMuKizofcAMicegrfSv7xs9q76tH1w8aAF7oX9FEWu,72Hj2KWntXPfbie4UgKeTPnm1XVkomDfCnRPKbvfTtPi,6aqJQ5wedqpUt4fFEDUqUmXhrdxCu4bEJsQdVPCADLko,7685.628497999998,7688.697902999998,577.6457788444706,0.07515921163699092,0.23105831153778822,0.07495369173540357,18090.832658,4911.695356,1727.8424200438462
DFWzVTzNBrQZLjoQ4yQwkj9HuoXmfkuZP9V5vbymZe23,DhgiEgiNdqZdRdo195UUHnoEJUtefK8buko8nU97XJUZ,2K2kkXsouBHtWVjtcgkyiXd8eP3oVBvq1bTJzcVdLLr2,1490.2669869809997,1699.3363721940113,1283.4192288029894,0.861200872068538,0.5133676915211959,0.9994064465149761,66972.403926235,9092.56455089,66763.86029331297
C98Sspw7XqnMsgxea3SLQVdbMDL8pKUc3RE82UvX9eq2,CSqgQJurPCzGxb4Cgwx5R61hWQUiaoUHcShNc8r1cKEL,6S2CR5EnukPhC914XkAns8m5GixjMAoUuZMsS5ubHuWc,96.96980099999996,96.96012200000052,0.0,0.0,0.0,1.0,982.170205,1001.768895,1001.768895
SEQV6QiTpvTzrceiaYg9Avnwf7oc8ZALpnQMz6TyT4A,3dFMPj4r9mMmPHF32mz1gNDX7f8ftidWof7S8YiYTs1j,Fc1ED3YPeQfXQosHbd8DTaBd2AV5gHQtwiSAL5C5pUhi,52.64373780000005,52.75813947000006,52.59142158931992,0.9990062215779797,0.02103656863572797,1.0012495594501938,4226.989650019,1375.57725225,5600.085076719728
BSCNHw8CmxbZ8hCWWzMf5FaG2ajPT6JxfznKUNuRVrn4,7n9kgNL633yGzCYksgnzHyjG73ZLBAwvEae5sbAekbzW,SscdxE99omdG9AiMVwmaEMQySQnCgeAh1sPj2Leutm2,5950.5117370419985,5909.504476088,6052.762063443781,1.0171834509232665,2.4211048253775127,0.9994064465149761,2452.640042887,9229.479361551,11718.786034607383
ercAoEmXjQzEvAFbdjAo81KtMxRGn9AW1ju882upmPH,CMRhskR2Eg6V42RTSdRTXGdozyPbWB8U9dVpijPWb9T4,7TKLLgrWswt6ZJ1pXhVR3FyufHGjJFqiEXxvWJfDcgRm,9.054996555000002,9.252170689999957,1312.5348144375118,144.9514427162045,0.5250139257750047,141.7792358354391,335.62928981,1012.553781602,192209.05117359027
GokA1R67GqSavkd15zR62QD68Tuc5AEfvjssntVDEbM8,3YB7hfpBdbQEuZqLGWVDpRPmeZWCUsrrWyqGXegnQ6Cg,4DPCj6Z1DsG6HUtwSogBGqXEUxdEV5a8YVrrFtcnz7UW,36889.471824999986,36881.20796500001,36891.24260464501,1.0000480023041107,3.6891242604645016,1.0,17790.751133,16013.50806,33805.11319004625
SAMGk1Nd4haC8zQA63DG37pzuEZy8j4q13tSFtCbcRE,9U9TnkHD3jXMAVZtynCVLgDruuqN4pTvLJTmVHCLWS8g,C6zoEbvqSknmi96QWq96UBiPCyNW3YSTvKhavR2BfifE,0.013537140000003944,0.007377159999999883,0.029329863849488987,2.166621889814277,1.1731945539795596e-05,0.0,53.55124247,1.18308511,116.02529416225397
BSC8REUo9LpiiWUuqMuLXs2D2yJsJfGd4HdiF3wCLxk5,AZjEH1zWVx1UJ6udMyRijGTzPteuLnaY18yNNmprJEsh,Caf8ypkSVR8xYnXNhjvfvdGCC7mrM3C11rz8Xi6NA6aK,1163.3864076309997,1164.0418988060005,1162.6167355875561,0.9993384209765603,0.4650466942350225,0.9994064465149761,3262.695556036,3039.489910214,6298.222835481354
KysFMBBoavfov2tLpvefWW6tPFt6rAeZWDJVy1mMQae,B8ka2V21TH3x64dFV8ETcjuQcwmrciJ2qzy1mJUttRew,7fSf7EYxBANyxzk2s5pymFgshA91tFYQNKKs5UnLWcYS,25.88340999998036,17.84215200000017,0.6059528806344259,0.02341085972191785,0.00024238115225377036,0.03318326313192796,134983.0303,2259.948048,3235.061237933958
SoN9GaFpSXfpyR5dth3x7PHPVhvJMpQqqDJfCSmPv1t,9kZ9iS68ViMPtoeqtnhAKuF2iqVyfHPdZHoUNdwCELr,BBhm5fJLjw3HRzjtKB8uMEYjGhY6EDm9co3cqpjrSzB9,57.10695748099998,56.34467945499999,9700.427086305954,169.86419018266517,3.880170834522382,168.64913727533826,33.431889257,46.663355296,13548.615407959835
HDSBGqAuMRr6X2AfmmbXQPpRgU6VEhtfNVVZ3wUTZXg,DCZ1d8kNLgDcdSd99y4udLgwq46mfDXNS9KXj96kQf5L,Fq8GGYQM5Pz3q7LmVMbrXHJgsxA5ev86kTq8yGgGuYsa,493.5224393489989,494.3477112089986,491.4027421708693,0.9957049629173383,0.19656109686834772,0.9994064465149761,12670.717017012,12227.187682153,24836.22600985224
KZMu9QBEdL97EFgamLbN5DE1AoKBG4HdrKKJo4Vuon3,DD4ACBWyVqdaKWh7v5btsgqQCCMwbKnuL2xd9pv7Gyuw,GcYqiJ1MAuYbNTNYXm1F1gQYTfTgkErACAhNU5dpVj9T,513.5515440000004,518.6770271399994,507.33097626091376,0.9878871598931721,0.2029323905043655,1.0,1967.3487608,1116.40486912,3059.9234489460637
ALLwa5WNZbvQsRKAqe1jdRGemdYQnW8E5k4msbRFcYtu,CGoM82Hbz7QVqTgvQatYtjvDWBvoUJp5qm21P8iMs9yb,3dxNNww8TivyN5FMy5dCNdi3Zcxv6e4kUfSPxfFwpdNq,8.594874478000005,8.533312110999997,33661.82774448754,3916.500215407512,13.464731097795019,3902.3781092197587,1.43142072,7.107738299,33343.24190229926
