0,1,2,3,4,5,6,7,8,9,10,11
STK75uPSyBnEhGTTzb1nwmP3n427XoXmfRhXxxhyady,6TYyD5fUmDe6N65avW1Ny2RxzRNobw2RRgKwH9CTzSAU,54zDfk4cx2vGrEajPtodWpArNe5eUurytyxd4X3aZAxK,2391.4935037949913,2653.8593929249987,469936.83273209643,196.50349540417625,46.99368327320965,218.0088380782957,479.491034541,91.733225621,114220.31823307947
YAkoNb6HKmSxQN9L8hiBE5tPJRsniSSMzND1boHmZxe,CfWX7o2TswwbxusJ4hCaPobu2jLCb1hfXuXJQjVq3jQF,EnTrdMMpdhugeH6Ban6gYZWXughWxKtVGfCwFn78ZmY3,19791072.243678793,19771605.03373092,19791072.243678793,1.0,1979.1072243678793,0.995673797350512,265087.048419,1071989.452549,1332438.8573581595
FrnkTEL6yZ5Aycq2TrEgu29dCrwKG4LPUZydfiwqspkc,DjvZuMZ46fxKBoBpGMPcRcos4xdTtHFxwMh69DpA2ZFY,9rvDPJLAng4uVVqnnSoEXgNDFhBZQTny9AoQioYDZbQX,129.83692363900036,110.88564733700105,28172.839090306537,216.9863417947157,11.269135636122614,196.24138868256287,322.410180819,2504.65719822,561476.0124457575
wrmcMSHFi3sWpAEy4rGDvQb3ezh3PhXoV2xNjgLBkKU,8p4mGnARWPBu6P2Gcw4adodLkNDorrXniZMhaY7eJXUn,AyY89zccbsgp9LKFgH4CFZMJmpSgqmPSdTfukhP227rc,0.0706655100000014,0.5593238300000263,29.092908075884907,411.69883406890193,0.011637163230353964,3617.55236407047,49.0099029,0.1852216,20847.36871871701
BSC8REUo9LpiiWUuqMuLXs2D2yJsJfGd4HdiF3wCLxk5,AZjEH1zWVx1UJ6udMyRijGTzPteuLnaY18yNNmprJEsh,Caf8ypkSVR8xYnXNhjvfvdGCC7mrM3C11rz8Xi6NA6aK,6519.358014619,6522.589336728998,6517.8098457641445,0.9997625274066275,2.6071239383056577,1.0,3305.288627571,3002.046283071,6306.549995179766
BSCuChvaSj9b5HUSqgDVRzcnr2sSn7cXaamt1jbKH6hn,GnKpRj5kBVPMJfiwZtEuD9GYApLzPdW5JFuZTcyX4BTc,3dmwD9okkomV9nDwyuh4UMhKdUR13QpuKxRo89ycZB5t,1440.7211398339998,1443.5981425470002,1439.4161924628206,0.9990942401446754,0.5757664769851284,0.996198506499199,1572.895911867,1523.909091233,3089.587206620293
Dg3mAgpwDfVNnbGWcsxL8sUcSkEbjSJQhKAWNigG44Ju,EATxwd8YA2wV93VJcKMmH2Kn2Y9XfJVUB9hHVu3udwEy,GiGvrRi7NMHfHKanG2B8xyCEqe8jaafWins8bhrLVEaa,0.14027087400000002,0.14083933,32.228263461827424,229.75734407862478,0.012891305384730972,227.91830587411567,0.215695282,0.243244916,104.99754428982158
DA1mL7dfBow33EH5yjUuZE6SH2KeUK5zEXzsyhE5r5j5,B4UtLRZND3D83CitRCBUyeiNr7H8m7YFRqBmiPmXjhW4,AAmpYbuixWiSqDaJBCqYEs1pb5SrbdPr9mgXrB58Q2e,0.018929794999849037,0.018929794999849037,0.018927132122703562,0.9998593287911731,7.5708528490814255e-06,1.0,1637.759450222,1468.899120589,3106.4281852093695
MATSnbbiTCv7Dc3trJrkrqjx7ckKdr6fwPoVwv9q3sD,631WX9JizSHJm4w6VanZeJAst9T8DeUUnPLesdGkCVtK,211maUSfpnXbPuW1iBu8b4dtJv5EbN1j7JJiEX5TZKEP,17660.761777999996,17656.548568000002,17632.56730288269,0.9984035527192021,7.0530269211530765,0.9975211599176047,21146.552188,23749.305031,44803.22713402134
SoNcU2iwHMw6dGzsYNQkYFkUjwN1UdAjrWVRnStrZu2,8ivTTid27jZnYNc4w3CTA1Z6QS2twsFb8WMwUabeDJgc,CyXm53PMvHCbeXJBykU46Rcbo28xk5srhMZFg7gv6EYB,62.61100760899998,61.34718213600001,14298.886826166376,228.37656463639138,5.719554730466551,225.79077007974252,12.860685133,16.9402075,6762.021586280482
vEnkoSUkpnbRrPgBz9DfcVxNz67zjwMYBZraAvDDNSf,DtfyjjsZ5yCjWKLKHvwsfXs5QVsmm1QkK6Sh9JZHoq1g,e5wrKCRv4GhHvEf1VD5Pq2KGaZDXP77nTL612Jyrxwy,57353.91989799998,57360.595461000026,56939.966342688625,0.9927824714326843,5.6939966342688635,0.9983586982999948,4086.72536,2790.569423,6843.218559629473
moFiBS1R4Lf3E3zzmBPnw3NF4RhWPkhREFviuzUaCAU,44ALBrpqi9PfZkBRTvbtRNtFJGsatfY4QydjtMbFWq8S,2ho8qEEie1UjVwWNBo9y4oAJZMyMLx8zPj9bxyUz6uWs,22.659297039001103,22.715045884004212,22.617312882973444,0.9981471554057747,0.009046925153189379,1.0,40468.32539314,27416.689221077,67810.03309627497
ALLwa5WNZbvQsRKAqe1jdRGemdYQnW8E5k4msbRFcYtu,CGoM82Hbz7QVqTgvQatYtjvDWBvoUJp5qm21P8iMs9yb,3dxNNww8TivyN5FMy5dCNdi3Zcxv6e4kUfSPxfFwpdNq,11.845797933000004,11.603964499,42941.339567171766,3625.0271877039077,17.176535826868708,3616.4403377755275,1.626995273,6.939073539,30992.647552121125
NorjjEePhxfwLF4vZjUHCrVVKLzQjEEGQFd3wgjEJmh,34M8pFVqgbV7aqHxvRT5tCv3vu2P1JJYT8J3VaxBK2oG,3AZWBSze3ucsY3xSeuLne3b2pauVqiaJ1SZSV5T9WGWw,0.037475000000085856,0.037475000000085856,0.02400760043158321,0.6406297646838748,9.603040172633284e-06,1.0,37716.797632,2508.477108,26670.980299617484
Sid7E679i9ABqptiAVhkmQ27YHN8vaYT4fppPwmxFsJ,GP7KB8o1bv527HG8kTzzzf4wJ5aEGHvcMQvVhLziUfmT,9gYxhAZ1M9wu5pxr8SBoa5NDm21gi3s9vMHaYTME77sa,6007.149684000002,23362.364864999952,46.55965965589605,0.007750707424505727,0.018623863862358418,0.029760874645916275,140816.671626,7230.715219,1306.621231498801
CZgvH45CRmoaNJ7395Ao5CQZXkGznvqU7cErD6n7FaRg,4ZjU6MKvtqVQKCiowhvZ5yUsPxXX5SCzd5eFsPeXyey5,BsyWeshjDbCvjDojry3vKDCesmFRM37WtwcR4Kfgzqr,0.018748840000000655,0.018748840000000655,0.018696570372142663,0.997212114037029,7.478628148857067e-06,1.0,597.64445487,507.78884158,1103.7671318634204
ercAoEmXjQzEvAFbdjAo81KtMxRGn9AW1ju882upmPH,CMRhskR2Eg6V42RTSdRTXGdozyPbWB8U9dVpijPWb9T4,7TKLLgrWswt6ZJ1pXhVR3FyufHGjJFqiEXxvWJfDcgRm,0.0,0.0017613119999850824,0.0,196.71555835153936,0.0,188.00123479211013,298.070762399,982.984269878,243437.41297187313
ALBpShJ9NLpE739pcHDF2LNVk5J4VYPvvKuV6jMPitZi,D6d156U1bPiJpDYRLextvDRccgFk7QzkQbJg42ceKEu5,GNcM8U5g8RwTZffwwm3kSQqUNPSwv5d2fbN9sLxPJqt2,9464.10165299999,9469.103390000004,9406.402778357544,0.9939033965654673,3.762561111343018,0.9948526324795508,50072.770818,50148.884424,99658.24667658356
JSoLLrxK5bYdHwTEWYaGgmeycBCNXKDiBCTw5hXGBg7,xG4wXczA7Dk4hccJ61CHKpDHW4NrNfQwgmWgkb9BuF2,BVR6WgfhsRr9Lob4QDnkEAiNGgAbv7ZieKcY9kSg3QYR,72.15741446899978,63.87784346699998,16390.285970084788,227.14624811184683,6.556114388033915,196.72500087542625,18.299131958,166.847021476,36979.55961389166
Lid8SLUxQ9RmF7XMqUA8c24RitTwzja8VSKngJxRcUa,4PgzyzLtds9bKZ2to9PMnKqJzKEUpjvNUaeN23phegax,AtymwxoVN9peZo7EXTcDz9jKVc4vRmisJKKrNfe3ewBa,1427.5551887649845,1229.572092845997,324114.8688537731,227.04191852237489,32.411486885377315,196.14481293080757,1043.622945706,7693.589319352,1746003.7936178197
parEAJhzYzHW87y9VoZAQ22dzQ2MD2ekEtTReaxbMcz,3oyc6hpjYSJEquK6dSvG72NXyz3pqLZz5D8AC71pwgQb,Di2vordgFJVZ1aj1aBpvzXtLfZgJsuLLXawGtVFwX6Rz,9.215806528000002,10.742494460000216,1775.8228147922057,192.69315272589515,0.7103291259168824,220.5722438064417,1278.150020037,174.674919612,284819.1959731243
AUSejoEUCh2DBs9mof6BNC8Pubs22w4cJa1ccV9h44R,4xkyD7AfGQDwsQMy9MosRRNGoVJ1zosNinesxg1TzHG7,Cbm5gsQe3nSiCsFrvepVzMCD9xLK3ri9g3ypS2hdmVJ7,16557.463935,16571.02936,16549.65249902046,0.9995282226788955,1.6549652499020462,1.0,14641.039667,14218.111893,28852.244249527717
iLiUBQ7Z7im6Ew3b4ewwPcehzWgEQRJ1iQz7g6D62NW,GpugBvKWM3TVhYcZjemSdtehBWgfvuGr6uAm9iPjXT6v,92fMXJ3xy8tEyMUWLHKRLyhPw2nECBo77GtDiBBbYrjX,0.018105720999983532,0.018105720999983532,0.017707577142057354,0.9780100522963687,7.083030856822942e-06,1.0,1865.499763466,1097.938100929,2922.415622155246
BerKDkt6v49dT1bHRedgnpsJS263C1DSJtEGvY9Mg35V,78XKqNb8wbfsMMrvo8WPUpdx7GEkfQutpNVH943aCGFa,DKYQwn4nDvFHCszi5tXbqfVMAP7DaXXp1KGTXEnYnKVH,0.09382506700012527,0.018004332999680628,0.09420362956091909,1.004034769948987,3.7681451824367634e-05,1.0,1340.351451808,2198.734871777,3544.4943333438364
oKQqupM9E7SSLAFDLxr7mdsXP7znck9qRbVWc6Yyj7Q,CMR2J7CwfW98RpvnJmFBgRFTLAd3x8CJ1SWs8Bt3uunG,FmRb5jHfSNj1YWP3b45d9vvYuhwjp4om8bALmtqZpr1v,0.038445669999873644,0.038445669999873644,0.038378437118591804,0.9982512235764897,1.5351374847436723e-05,1.0,3105.51324212,2783.44241828,5883.524812059281
Cob4usZcpHEY7Qt4ZCwj6WVg9S44zvzYV2v9qYF65dTf,NhFM9UXE48PyNAyeyPYA3iXztqKVJwA4bTdLj4ysM8w,6TuFuynuBoeskxyR2cz4wxyidk8dpDK7kAWw3UkjQGx,366.6921570000038,12289.559173000014,2.8495552325749083,0.0077709740396080485,0.0011398220930299635,1.0,72945.977979,170.484484,737.3457851686294
SAMyS8Jr2HJrkFwYVKbpUwsNStnQmvz3f8Tup8bWUWF,6jPzm5TFfquvgm25sTyN3MMGBfufRaFHMxobDWv6hMFW,Cj9ECoDmxsHTDzCY5ZA6RWrPbg9uFzEC1Qc2kso2vJG6,5790.100887999932,192.88256957000658,5871.7492643276955,1.0141013736905657,2.348699705731078,0.030058150196789205,627.89158574,113201.18700493,4039.3640010766903
BkwbeSfcX1h4thMDd7obGkHrPevf3QwgzJ4pCEqG18Lu,35yX27bmurdebhfAb8EPmjLETDiUaEUCn9zHaDPbakH2,2CxECn1ZJFoESyUnQysQU8rRgT3iJ5GRs2Mdd6gZjx5g,0.10460695000000053,0.06106013000000077,298.2634295164248,2851.2773722627735,0.11930537180656994,1680.672268907563,0.78282633,22.82671272,40596.27805996404
WiiQFxXqp8P9Fs1rt9SVcDyA3KUdJmUsog6wnVQAwba,3S2jpqSYxho6wiz3cafhjXruVY8cg4HYa2v3BqBHYFSj,Dfe67M6TfrG74gKRtdqys4e6E9QirPD53BkF4FujFjuv,35172.78317496501,35272.72565954199,35078.73540157409,0.9973261207984856,3.5078735401574095,1.0,21252.336104683,5468.624844364,26664.134769553093
RajgMbScQbqqrdJfR2rxfHJiTiY5b6bJ2tTXiF4aPxy,725ZA3fhyBAKb5iopNRrcbSuQa3LXA1656Q3mBvYPxeg,GLA6i1dSZpUfk2f9Nj8uiG7xyDdAR2reff8oEiZH3617,5571.473388659979,5583.275238160029,5557.085205928198,0.9974175264372497,2.222834082371279,1.0,134329.99880869,47304.9677958,181288.0629338823
MATgk4zXLXtYkwBH678J1xZbRDZ45LicNzkRBHkxTuY,y8dALFo1bJrSzPYjMX14HJX448pXqYmrfXHD1K8MXih,GN7Yuet3UyiWS5YVkEHv6oQKi4HGBJc3XDPt9zQhAqZz,45099.23419500001,45123.879106000015,45135.387640500056,1.0008016421153345,18.054155056200024,1.0,8185.53952,9228.484183,17420.58557621597
daob129AwBGn9Y5r91uLoWZeYiGzbPmksauMhFZKTze,6VW5GQNyj4LStgmxEHLr5zUfW92vQnmbw8jTnCH7a38F,4VPCCUifPeBA1c7HWK358CHn2nyjm8pdTRk6Ps3KmnMQ,48.8666509120003,44.50327313799998,10243.305322565764,209.6175025583816,4.097322129026305,197.2798268356592,50.92633752,220.445654348,54164.53220183463
C98Sspw7XqnMsgxea3SLQVdbMDL8pKUc3RE82UvX9eq2,CSqgQJurPCzGxb4Cgwx5R61hWQUiaoUHcShNc8r1cKEL,6S2CR5EnukPhC914XkAns8m5GixjMAoUuZMsS5ubHuWc,26.463475000000017,26.46286800000007,0.0,0.0,0.0,1.0,924.739917,1088.435952,1088.435952
SRMuKizofcAMicegrfSv7xs9q76tH1w8aAF7oX9FEWu,72Hj2KWntXPfbie4UgKeTPnm1XVkomDfCnRPKbvfTtPi,6aqJQ5wedqpUt4fFEDUqUmXhrdxCu4bEJsQdVPCADLko,2241.106952999997,2241.7085419999976,166.2302893181328,0.07417329596680478,0.06649211572725312,0.07318569193375846,17693.037092,5262.388714,1697.4824360350622
KZMu9QBEdL97EFgamLbN5DE1AoKBG4HdrKKJo4Vuon3,DD4ACBWyVqdaKWh7v5btsgqQCCMwbKnuL2xd9pv7Gyuw,GcYqiJ1MAuYbNTNYXm1F1gQYTfTgkErACAhNU5dpVj9T,221.73223752999934,218.5829218199999,223.68751018843233,1.0088181704212877,0.08947500407537294,1.0,1093.70663433,1992.47510215,3095.826227972415
KEN5P7p3asnb23Sw6yAmJRGvijfAzso3RqfyLAQhznt,9zj4aX38Uxf3h6AUjS4EipWS8mwbEofasHAf3a1uKGds,CwQDG1MWunn9cLNwcZLd8YBacweSR7ARo32w4mLua1Yr,533753.342311,533839.4954750012,527553.0117637408,0.9883835283908228,52.75530117637408,1.0,1875263.563551,1824210.630304,3677690.2479092856
KwnjUuZhTMTSGAaavkLEmSyfobY16JNH4poL9oeeEvE,J63v6qEZmQpDqCD8bd4PXu2Pq5ZbyXrFcSa3Xt1HdAPQ,BnKQtTdLw9qPCDgZkWX3sURkBAoKCUYL1yahh6Mw7mRK,693.1589450000059,22708.12635999883,20.597197967377298,0.0297149710264175,0.00205971979673773,1.0,272708.024731,700.377883,8803.888936553212
KEVpg4SYCVrqFxKijQH6hm4QxsRdoE51ud64bEEFUC9,2bPenuBYfqzD8p5dFjCcggwkHDsc2RQDnx9AoyYGUBjA,AE6n6iLuX8oYu61vt5hoDYkjswpnxFxrhSehxrnQTnbx,12984.108224435,13002.933270759002,12968.153841935266,0.9987712377142922,5.187261536774106,1.0,5067.465165838,2536.173209198,7597.41166495608
heyk4SZTeCUV6a65WiVA5bzic3KcxgVf1qxobfeV4tQ,9ZDpBKPqMABtGfq66FbVribaArMvtk63xxy91onZAtDt,DaTP4s6N7xxSPinbNZ3FB52EpRDRt87QShTuN3VPCW52,162.83178410100288,141.99049970600004,36180.499251423804,222.19555875517162,14.472199700569524,197.2744950315432,657.337937966,4467.992763015,1027478.5865457013
BUSDTd9WiT6uBHJRgNvFXBsA7JrifsAtWzKfioN7ERcy,DyBxrn7gSc1EwnpWhDyhzvMHPtxpmBqRqotapLcKcfTM,Cds99GeBgoCpqBsoRWu1C6fF9LiUMd4pXQQD24s9LPff,6437.014523710001,6447.70822085,6433.296271463983,0.999422363856362,0.6433296271463984,0.9940654293865622,314.49521585,319.60992538,632.0267297554005
SERgf3DMJpQxUifu7VoFKmfne73d2fDJxSrxUMrcNJB,AJfM2GZ2tTB8UtN2krcyR9xufRJEx2mhSCbJyMgPo3GU,F4yRYkufQvERZcEKnKjJwRLU1btiMBUuEwq46hfm11QD,0.12288144100000054,0.1219803199999987,24.095982971430583,196.0913118802902,0.009638393188572235,196.72264015947124,26.203928038,31.039376067,11244.510634191083
SoN9GaFpSXfpyR5dth3x7PHPVhvJMpQqqDJfCSmPv1t,9kZ9iS68ViMPtoeqtnhAKuF2iqVyfHPdZHoUNdwCELr,BBhm5fJLjw3HRzjtKB8uMEYjGhY6EDm9co3cqpjrSzB9,10.010031860000005,9.723901141999997,2264.3473113166797,226.2078026309777,0.905738924526672,223.77201748823072,3.848553135,5.711017513,2148.5386587715384
7dwD9TF6uikvHXxPFK9AsSim54yJoujQjY9vU6gNFumk,CquVr6atkvwueDYficKjn6SSEWq4F4rH4VSiBbW4GBWU,8BCa6ge3b7ho3TfZuM64Vk1hgbrJ3J7EPiAb9uP86CGd,1.1119645509999998,1.1201814469999996,253.67007535290801,228.12784375615232,0.1014680301411632,228.67424050996183,2.249538685,1.926410406,953.7028461576376
AURHmCnNwiW4uA2Qj1XvEh4iKgRUZYXtiY7FKAapUV5Y,BKWm4TRnTeKwfWXRyuzjRHU7iZDkPuXBX5b5V5jSVfGJ,A5Ww74HVrkj9nPeC7pHKLfgeDMEhBCpW1efQdz3TGLEg,1.2370305299998563,1.0998068349999812,272.4937319176909,220.28052284022655,0.10899749276707636,196.51735867306763,286.337084549,1818.56651916,420454.37160959776
BSCNHw8CmxbZ8hCWWzMf5FaG2ajPT6JxfznKUNuRVrn4,7n9kgNL633yGzCYksgnzHyjG73ZLBAwvEae5sbAekbzW,SscdxE99omdG9AiMVwmaEMQySQnCgeAh1sPj2Leutm2,3866.651842850002,3843.6941339630007,3883.588674040431,1.0043802317557367,1.5534354696161727,1.0,4136.412368922,7532.328152957,11686.858966692174
BSCrK1Nx9PXU9mF7STWWBqeHLxmtJDr9h7jheEy4tAWX,FfSySSbVJPvEo5a5AvrP3nySoXpRE2QPn1uUMpJJ1x7v,HL7Vcj6838ZmvBHDbQxXfjBNckNi83WvPiZQoMQLFeRM,0.06616841699999987,0.0659514189999999,241.27219523934494,3646.334704355182,0.09650887809573798,3623.3196854958514,0.967850435,1.884024661,10355.530271926707
GokA1R67GqSavkd15zR62QD68Tuc5AEfvjssntVDEbM8,3YB7hfpBdbQEuZqLGWVDpRPmeZWCUsrrWyqGXegnQ6Cg,4DPCj6Z1DsG6HUtwSogBGqXEUxdEV5a8YVrrFtcnz7UW,73218.4961119999,73228.17214400003,73181.9051594202,0.9995002498750625,7.31819051594202,1.0,23998.985344,9970.00582,33956.997668075965
B2izdXFYb2sNwbWWHmh75T4aQFtfXsUxem9u2p61HGzf,4DYwgJtxwuJdAjkj5RJSNH4e7U329V5cNp7d3a1nLrZv,EXNW64GEf1ACC6xY9BtKRiunrs6GoJSXBdxWN2eTPmrF,17727.194198999983,17342.992687999977,18108.22752252904,1.0214942826964997,1.810822752252904,1.0,6875.044933,33207.976175,40230.79526734104
MARpDPs5A7XiyCWPNH8GsMWPLxmwNn9SBmKvPa9LzgA,6YjT74rmcfCpw8LSjPNx5JTmZoYLGrTKnf9arfSgZ4SR,F8GSmi3vA8M8TsybLya1LQ4n1aFHCRbZ6k437PeTdXtg,585957.8254459999,597251.4175210008,577677.3976283944,0.9858685600600985,231.0709590513578,1.0,349360.297585,43355.306923,387778.6404452914
DFWzVTzNBrQZLjoQ4yQwkj9HuoXmfkuZP9V5vbymZe23,DhgiEgiNdqZdRdo195UUHnoEJUtefK8buko8nU97XJUZ,2K2kkXsouBHtWVjtcgkyiXd8eP3oVBvq1bTJzcVdLLr2,25.482153508997726,29.891776902994025,21.705367235048204,0.8517870056541358,0.00868214689401928,1.0,67394.842246578,8734.089848073,66140.14072181852
ACUSESXyNnwRLAg1dpSGMLSzUDdLjUMybY8rkXiAKhCP,AhFPQdu8GKBsxuhiH46UmCu1YpaLgNpoP325HnYtsgas,A8wxWpT3aFEr2XqZp1kDmbxbFfcBE95UUmdsNTDBJYbT,0.0,0.03870401000040147,0.0,1.0,0.0,0.9871876323001101,1027.944778918,1857.687343982,2861.8307495774707
RoBgmK8CvjdHvPrqdDyVw54VwjZv2TqJ493xnqJAQHx,ExiHJxM7qPAcy27NDHAF6G7vnW7muNHi2sVJpnaNynGQ,6rkPHSqZb7StM4HwS9EuVrmfkV7tRdc7dnsFhyB6cefE,80.64374699999982,124.03156300000006,1.7535128423192012,0.021743940572592754,0.00017535128423192014,0.9847520985067219,6089.525401,22.452888,154.52080701017445
KysFMBBoavfov2tLpvefWW6tPFt6rAeZWDJVy1mMQae,B8ka2V21TH3x64dFV8ETcjuQcwmrciJ2qzy1mJUttRew,7fSf7EYxBANyxzk2s5pymFgshA91tFYQNKKs5UnLWcYS,12102.041193999998,13510.445829000033,263.0966257439976,0.021739855411700034,0.10523865029759903,0.029819722185751046,134714.50191,2454.946361,3001.8796118485284
SEQV6QiTpvTzrceiaYg9Avnwf7oc8ZALpnQMz6TyT4A,3dFMPj4r9mMmPHF32mz1gNDX7f8ftidWof7S8YiYTs1j,Fc1ED3YPeQfXQosHbd8DTaBd2AV5gHQtwiSAL5C5pUhi,819.6031763559997,821.4852519239994,813.6539098346102,0.9927412842055587,0.3254615639338441,0.9976644674816256,4130.989448896,1473.256121352,5570.819054309317
Lee1XZJfJ9Hm2K1qTyeCz1LXNc1YBZaKZszvNY4KCDw,9DgFSWkPDGijNKcLGbr3p5xoJbHsPgXUTr6QvGBJ5vGN,2hNHZg7XBhuhHVZ3JDEi4buq2fPQwuWBdQ9xkH7t1GQX,10465.501748363029,8945.994951833987,2410143.1066678492,230.29408093547298,241.01431066678492,197.32214122148326,7468.108916082,56455.648171814,12859810.660464171
BUSDgu5JdqP1rndBvXvanbEufS94FNh1w5FJcAj6vawb,Bgzr8cWubt89JQFXndVjtdKmDbGzuPxNhvjH1EhWCwbo,Dxaf8xPBBQsasRKW5Aa4Sw2YrbfGofY9xZueyyF23FBW,18851.77926194,18741.02312116999,18874.237717399934,1.0011913175487512,7.549695086959973,0.9990008592805992,6050.90683809,8760.2516146,14809.614280091733
TETFuZgEmET6d9vYmz9iMFCxK1jKdKYxf3oPz8hSzJK,Eu1Ze6Z84LWNkq7SNoAHBJbXx5t1P95EwyqYohrfCRFV,ASMbv7WNu3qe4pkhREmvyEdwFNDZQ6B6iSrjkj4u8bdC,2.002560570000007,2.0020707719999677,1.9740559035426963,0.9857658904882409,0.0007896223614170786,0.9967764250414161,310.137502717,42.29515226,347.88178220592795
