0,1,2,3,4,5,6,7,8,9,10,11
KEVpg4SYCVrqFxKijQH6hm4QxsRdoE51ud64bEEFUC9,2bPenuBYfqzD8p5dFjCcggwkHDsc2RQDnx9AoyYGUBjA,AE6n6iLuX8oYu61vt5hoDYkjswpnxFxrhSehxrnQTnbx,960.339889932,960.653360012001,959.7215480566381,0.9993561218461875,0.38388861922265527,0.9997819965358733,4621.487134216,2973.475931321,7591.339162879628
DA1mL7dfBow33EH5yjUuZE6SH2KeUK5zEXzsyhE5r5j5,B4UtLRZND3D83CitRCBUyeiNr7H8m7YFRqBmiPmXjhW4,AAmpYbuixWiSqDaJBCqYEs1pb5SrbdPr9mgXrB58Q2e,3.965695235000112,3.96939155799987,3.9647791093504305,0.9997689873791622,0.0015859116437401725,0.9997819965358733,1637.759450222,1468.764487038,3105.8253984109415
DFWzVTzNBrQZLjoQ4yQwkj9HuoXmfkuZP9V5vbymZe23,DhgiEgiNdqZdRdo195UUHnoEJUtefK8buko8nU97XJUZ,2K2kkXsouBHtWVjtcgkyiXd8eP3oVBvq1bTJzcVdLLr2,1208.8685088700004,1395.431287229003,1053.4807337794523,0.8714601514139878,0.4213922935117809,0.9997819965358733,66520.479891882,9484.56906802,67452.44887781804
MATgk4zXLXtYkwBH678J1xZbRDZ45LicNzkRBHkxTuY,y8dALFo1bJrSzPYjMX14HJX448pXqYmrfXHD1K8MXih,GN7Yuet3UyiWS5YVkEHv6oQKi4HGBJc3XDPt9zQhAqZz,50621.24439900002,50596.672434000015,50652.24357206612,1.0006123747733613,20.26089742882645,1.0,8763.952382,9340.521577,18109.840782353676
BUSD5rCfUDpCxKGMvYU2yThChxgHoioK74PTPociGnv2,CcFHbafgYDZ8yA8Me1PdtDiVb2eeaS61LbqyKKK5CsNZ,26R9s4nmF3CFDTkiePDwRmtscn8i7r2eygbSijditJ58,10.607651239999996,10.499924,10.606562582416537,0.9998973705338885,0.0010606562582416539,1.0,102.02617589,44.13160698,146.147311978039
BSCNHw8CmxbZ8hCWWzMf5FaG2ajPT6JxfznKUNuRVrn4,7n9kgNL633yGzCYksgnzHyjG73ZLBAwvEae5sbAekbzW,SscdxE99omdG9AiMVwmaEMQySQnCgeAh1sPj2Leutm2,133.37626456099906,131.36986366899873,135.36492996899358,1.0149101897143402,0.054145971987597435,0.9997819965358733,2581.009307253,9105.05181086,11722.5595237028
SERgf3DMJpQxUifu7VoFKmfne73d2fDJxSrxUMrcNJB,AJfM2GZ2tTB8UtN2krcyR9xufRJEx2mhSCbJyMgPo3GU,F4yRYkufQvERZcEKnKjJwRLU1btiMBUuEwq46hfm11QD,0.060776570999998114,0.06038951400000059,8.89372539929609,146.3347677067264,0.003557490159718436,147.04230289420423,26.203928038,31.034731924,8397.964174253742
daob129AwBGn9Y5r91uLoWZeYiGzbPmksauMhFZKTze,6VW5GQNyj4LStgmxEHLr5zUfW92vQnmbw8jTnCH7a38F,4VPCCUifPeBA1c7HWK358CHn2nyjm8pdTRk6Ps3KmnMQ,32.245487153000084,29.07522463800001,5225.1872017985725,162.0439839226441,2.090074880719429,147.2574478399394,52.248804317,233.784356015,42893.092018394
C98Sspw7XqnMsgxea3SLQVdbMDL8pKUc3RE82UvX9eq2,CSqgQJurPCzGxb4Cgwx5R61hWQUiaoUHcShNc8r1cKEL,6S2CR5EnukPhC914XkAns8m5GixjMAoUuZMsS5ubHuWc,49.93292799999995,49.90591999999981,0.0,0.0,0.0,1.0,966.27124,1046.607573,1046.607573
Cob4usZcpHEY7Qt4ZCwj6WVg9S44zvzYV2v9qYF65dTf,NhFM9UXE48PyNAyeyPYA3iXztqKVJwA4bTdLj4ysM8w,6TuFuynuBoeskxyR2cz4wxyidk8dpDK7kAWw3UkjQGx,383.398343,30195.37489100005,8.458606327170775,0.02206218801308376,0.00338344253086831,1.0,60870.196809,328.994243,1671.9239693935692
SoN9GaFpSXfpyR5dth3x7PHPVhvJMpQqqDJfCSmPv1t,9kZ9iS68ViMPtoeqtnhAKuF2iqVyfHPdZHoUNdwCELr,BBhm5fJLjw3HRzjtKB8uMEYjGhY6EDm9co3cqpjrSzB9,49.882368504000034,48.973399989000015,8186.841590659966,164.12295238153072,3.2747366362639867,170.22232738179335,37.589425845,42.488854501,13401.83924895462
7dwD9TF6uikvHXxPFK9AsSim54yJoujQjY9vU6gNFumk,CquVr6atkvwueDYficKjn6SSEWq4F4rH4VSiBbW4GBWU,8BCa6ge3b7ho3TfZuM64Vk1hgbrJ3J7EPiAb9uP86CGd,0.1023395020000002,0.10311815000000024,17.524049366209926,171.2344600446648,0.00700961974648397,172.74874696696386,2.303402581,1.868651682,717.2291338062316
SUiuyGR7SFq3xeRVJonq84fjjeFwRSsFekcevJ53tzy,49GjCCPsv7fBqo6t3iKDrP1xxGDS8uWZbVCdfnp2gjMf,CEwj5xEbbJEjYqM8D6Ai8ByGz1mrh8mkAVsE5fzDSSSx,12.921877999999936,93.55625599999985,0.28508490191812935,0.02206218801308376,0.00011403396076725172,0.9112713328619024,547.801282,3.042544,14.858278003463301
SAMyS8Jr2HJrkFwYVKbpUwsNStnQmvz3f8Tup8bWUWF,6jPzm5TFfquvgm25sTyN3MMGBfufRaFHMxobDWv6hMFW,Cj9ECoDmxsHTDzCY5ZA6RWrPbg9uFzEC1Qc2kso2vJG6,5553.08887681005,217.96476845999928,5492.623224194045,0.9891113479439322,2.197049289677618,0.03588375700926397,708.17692552,110736.36651378,4674.102701453154
ercAoEmXjQzEvAFbdjAo81KtMxRGn9AW1ju882upmPH,CMRhskR2Eg6V42RTSdRTXGdozyPbWB8U9dVpijPWb9T4,7TKLLgrWswt6ZJ1pXhVR3FyufHGjJFqiEXxvWJfDcgRm,0.0009081789999640932,0.0012304720000884117,0.1338455305456348,147.37791839596233,5.3538212218253924e-05,141.60346667942986,327.851173143,1011.941157413,191612.399406765
BSCrK1Nx9PXU9mF7STWWBqeHLxmtJDr9h7jheEy4tAWX,FfSySSbVJPvEo5a5AvrP3nySoXpRE2QPn1uUMpJJ1x7v,HL7Vcj6838ZmvBHDbQxXfjBNckNi83WvPiZQoMQLFeRM,0.004921171000000113,0.004899592000000119,19.99419412505632,4062.893592816804,0.00799767765002253,4036.815759728726,1.025258224,1.826291295,11537.91655078372
BUSDTd9WiT6uBHJRgNvFXBsA7JrifsAtWzKfioN7ERcy,DyBxrn7gSc1EwnpWhDyhzvMHPtxpmBqRqotapLcKcfTM,Cds99GeBgoCpqBsoRWu1C6fF9LiUMd4pXQQD24s9LPff,7341.123565590001,7376.237686179997,7320.7998538676875,0.9972315257275363,0.7320799853867688,0.9996781036506246,385.95764166,238.39886158,623.2112497155656
Lid8SLUxQ9RmF7XMqUA8c24RitTwzja8VSKngJxRcUa,4PgzyzLtds9bKZ2to9PMnKqJzKEUpjvNUaeN23phegax,AtymwxoVN9peZo7EXTcDz9jKVc4vRmisJKKrNfe3ewBa,372.47897053900056,319.61274233600193,63781.94530659111,171.2363659464979,6.378194530659112,147.1561846580554,1036.073665865,7701.925895021,1310799.5186259574
BUSDgu5JdqP1rndBvXvanbEufS94FNh1w5FJcAj6vawb,Bgzr8cWubt89JQFXndVjtdKmDbGzuPxNhvjH1EhWCwbo,Dxaf8xPBBQsasRKW5Aa4Sw2YrbfGofY9xZueyyF23FBW,15825.131339010004,15644.04060589,16019.16345637535,1.0122610115018158,6.4076653825501415,1.0,3664.7896006,11124.42674501,14834.15037305469
7oAd7xG4m3oC2qeWB1szghTebAZyyGPAFDJ4wwwbRSNi,D9yh4KAysxt9GLacVe4Wwh2XqghhcjTCSTV9HuM7TBJd,HDYfJLpZKaMFb84jM4mRytn7XLR8UFZUnQpSfhJJaNEy,4643.8589079469675,104.65228037200018,4642.84653061812,0.9997819965358733,1.857138612247248,0.02367482794298018,981.482432264,300490.39091116,8095.326769034355
MARpDPs5A7XiyCWPNH8GsMWPLxmwNn9SBmKvPa9LzgA,6YjT74rmcfCpw8LSjPNx5JTmZoYLGrTKnf9arfSgZ4SR,F8GSmi3vA8M8TsybLya1LQ4n1aFHCRbZ6k437PeTdXtg,94086.41700099989,100935.48047300035,87052.08612924049,0.925235426154185,34.8208344516962,1.0,378500.848722,15997.444569,366199.8386360204
SEQV6QiTpvTzrceiaYg9Avnwf7oc8ZALpnQMz6TyT4A,3dFMPj4r9mMmPHF32mz1gNDX7f8ftidWof7S8YiYTs1j,Fc1ED3YPeQfXQosHbd8DTaBd2AV5gHQtwiSAL5C5pUhi,257.13624235799966,257.1678425080006,256.5391114041917,0.997677764330955,0.1026156445616767,0.9995821746509959,4350.43719164,1252.638488124,5592.449555228157
STK75uPSyBnEhGTTzb1nwmP3n427XoXmfRhXxxhyady,6TYyD5fUmDe6N65avW1Ny2RxzRNobw2RRgKwH9CTzSAU,54zDfk4cx2vGrEajPtodWpArNe5eUurytyxd4X3aZAxK,485.7556382359992,541.8469286659986,71276.0843576231,146.73238712464388,7.12760843576231,164.1900243395292,496.940343515,92.685427289,88135.26542499707
ALLwa5WNZbvQsRKAqe1jdRGemdYQnW8E5k4msbRFcYtu,CGoM82Hbz7QVqTgvQatYtjvDWBvoUJp5qm21P8iMs9yb,3dxNNww8TivyN5FMy5dCNdi3Zcxv6e4kUfSPxfFwpdNq,16.070581098000005,15.987409860000003,64753.731557740364,4029.333548231122,25.90149262309615,3970.6174310105216,0.836299012,7.714991457,34003.007224665605
GokA1R67GqSavkd15zR62QD68Tuc5AEfvjssntVDEbM8,3YB7hfpBdbQEuZqLGWVDpRPmeZWCUsrrWyqGXegnQ6Cg,4DPCj6Z1DsG6HUtwSogBGqXEUxdEV5a8YVrrFtcnz7UW,59068.32634300002,59077.38009999998,59063.42407880148,0.9999170068884282,5.906342407880148,1.0,18698.92512,15111.433089,33808.806327021244
JSoLLrxK5bYdHwTEWYaGgmeycBCNXKDiBCTw5hXGBg7,xG4wXczA7Dk4hccJ61CHKpDHW4NrNfQwgmWgkb9BuF2,BVR6WgfhsRr9Lob4QDnkEAiNGgAbv7ZieKcY9kSg3QYR,46.37967583799997,39.92295603700005,7876.52281150693,169.82703456183944,3.1506091246027723,146.1544071619167,18.410209089,168.644927031,27774.750546328803
TETFuZgEmET6d9vYmz9iMFCxK1jKdKYxf3oPz8hSzJK,Eu1Ze6Z84LWNkq7SNoAHBJbXx5t1P95EwyqYohrfCRFV,ASMbv7WNu3qe4pkhREmvyEdwFNDZQ6B6iSrjkj4u8bdC,18.941191304,19.064866787000085,18.776116661978797,0.99128488597302,0.00751044666479152,0.9998970106079074,296.802446482,55.504892727,349.7149556292626
RoBgmK8CvjdHvPrqdDyVw54VwjZv2TqJ493xnqJAQHx,ExiHJxM7qPAcy27NDHAF6G7vnW7muNHi2sVJpnaNynGQ,6rkPHSqZb7StM4HwS9EuVrmfkV7tRdc7dnsFhyB6cefE,17.992040000000088,0.4608699999999999,0.4443568290024303,0.024697412244660866,4.443568290024303e-05,0.9261060020929995,6018.005887,24.199193,171.04019016514187
Lee1XZJfJ9Hm2K1qTyeCz1LXNc1YBZaKZszvNY4KCDw,9DgFSWkPDGijNKcLGbr3p5xoJbHsPgXUTr6QvGBJ5vGN,2hNHZg7XBhuhHVZ3JDEi4buq2fPQwuWBdQ9xkH7t1GQX,2257.3866878131685,1923.2378381949866,389597.0868261195,172.58766029294682,38.959708682611954,146.65061722311776,7351.746171764,56594.901283719,9568497.875791188
MATSnbbiTCv7Dc3trJrkrqjx7ckKdr6fwPoVwv9q3sD,631WX9JizSHJm4w6VanZeJAst9T8DeUUnPLesdGkCVtK,211maUSfpnXbPuW1iBu8b4dtJv5EbN1j7JJiEX5TZKEP,33242.06999199999,33241.54374200001,33210.15503301327,0.9990399226343484,13.284062013205306,0.9971223050276902,21858.19908,22680.55357,44452.49937283179
KEnkcdADoLR5jS2CLLLesy8TtFsyWL37BhXNfDMzWzP,3qsjFRuw1qeLMPo4DLwaQevenGAGBj9dA3Q6rb8ax2YR,77iEv8zPQAEyCcEbvBRSB6AFcUdfkhiqnAKtPxk76rNN,6.498614999999994,1.706040999999997,0.14202304638010113,0.021854356102046554,5.680921855204045e-05,0.999526224569554,102.048496,0.523767,2.753723023326395
Sid7E679i9ABqptiAVhkmQ27YHN8vaYT4fppPwmxFsJ,GP7KB8o1bv527HG8kTzzzf4wJ5aEGHvcMQvVhLziUfmT,9gYxhAZ1M9wu5pxr8SBoa5NDm21gi3s9vMHaYTME77sa,23577.554824,60315.25053500001,515.5528518561587,0.02186625609418024,0.2062211407424635,0.0352686238260574,118961.303248,16451.600323,3181.463625246735
SBFjafzbDXgDRsA5SUypY8FXjJ9sBdb4JbuQq2PHQDG,46xwHtnXoQR3wCHUbm2eCAbPYWbioDQ59Te1Db8M5DDL,FC38fiikZwFvDt5zTjNtGfKd7LjaPz2uUAzLwKP5pRJY,16.778450018001735,7.036135467000605,113.13195126136642,6.742693820942115,0.04525278050454657,2.477099217732067,200.592970449,9541.113124964,24986.82084051238
KysFMBBoavfov2tLpvefWW6tPFt6rAeZWDJVy1mMQae,B8ka2V21TH3x64dFV8ETcjuQcwmrciJ2qzy1mJUttRew,7fSf7EYxBANyxzk2s5pymFgshA91tFYQNKKs5UnLWcYS,12.401752000000215,17.992039999982808,0.306267657602216,0.02469551540800128,0.00012250706304088642,0.03555556566913868,135001.02234,2247.546296,3413.832607215252
SAMGk1Nd4haC8zQA63DG37pzuEZy8j4q13tSFtCbcRE,9U9TnkHD3jXMAVZtynCVLgDruuqN4pTvLJTmVHCLWS8g,C6zoEbvqSknmi96QWq96UBiPCyNW3YSTvKhavR2BfifE,0.4290227599999956,0.404134290000006,1.062947851423124,2.47760247363831,0.0004251791405692497,0.0,53.03149694,1.49649663,131.39096799928646
AUSejoEUCh2DBs9mof6BNC8Pubs22w4cJa1ccV9h44R,4xkyD7AfGQDwsQMy9MosRRNGoVJ1zosNinesxg1TzHG7,Cbm5gsQe3nSiCsFrvepVzMCD9xLK3ri9g3ypS2hdmVJ7,1082.899677000003,1083.0763439999973,1082.626855032535,0.9997480634880012,0.1082626855032535,1.0,14556.27304,14297.394283,28850.0000663426
HDSBGqAuMRr6X2AfmmbXQPpRgU6VEhtfNVVZ3wUTZXg,DCZ1d8kNLgDcdSd99y4udLgwq46mfDXNS9KXj96kQf5L,Fq8GGYQM5Pz3q7LmVMbrXHJgsxA5ev86kTq8yGgGuYsa,40.70491855600085,40.865576329999385,40.50168861584064,0.9950072387473125,0.01620067544633626,1.0,12711.582593342,12186.482763597,24834.599459906625
ALBpShJ9NLpE739pcHDF2LNVk5J4VYPvvKuV6jMPitZi,D6d156U1bPiJpDYRLextvDRccgFk7QzkQbJg42ceKEu5,GNcM8U5g8RwTZffwwm3kSQqUNPSwv5d2fbN9sLxPJqt2,1451.740466999996,1451.8126450000054,1450.224981893917,0.9989560908850252,0.5800899927575669,0.9989530971541825,50940.324693,49268.321271,100103.88974898594
KZMu9QBEdL97EFgamLbN5DE1AoKBG4HdrKKJo4Vuon3,DD4ACBWyVqdaKWh7v5btsgqQCCMwbKnuL2xd9pv7Gyuw,GcYqiJ1MAuYbNTNYXm1F1gQYTfTgkErACAhNU5dpVj9T,1329.22919784,1334.7685125599992,1314.6221420033298,0.9890108825021247,0.5258488568013319,1.0,1935.42560883,1148.48289784,3062.6398872461705
YAkoNb6HKmSxQN9L8hiBE5tPJRsniSSMzND1boHmZxe,CfWX7o2TswwbxusJ4hCaPobu2jLCb1hfXuXJQjVq3jQF,EnTrdMMpdhugeH6Ban6gYZWXughWxKtVGfCwFn78ZmY3,8319437.667492016,8325390.345593015,8319437.667492016,1.0,831.9437667492017,0.9993703966501105,1008235.986941,232295.463137,1240385.1960762448
FrnkTEL6yZ5Aycq2TrEgu29dCrwKG4LPUZydfiwqspkc,DjvZuMZ46fxKBoBpGMPcRcos4xdTtHFxwMh69DpA2ZFY,9rvDPJLAng4uVVqnnSoEXgNDFhBZQTny9AoQioYDZbQX,429.9812323920005,363.2765511369997,73105.63262544165,170.02051977653184,29.242253050176664,146.65061722311776,331.809096001,2559.391274618,431750.66510686296
KwnjUuZhTMTSGAaavkLEmSyfobY16JNH4poL9oeeEvE,J63v6qEZmQpDqCD8bd4PXu2Pq5ZbyXrFcSa3Xt1HdAPQ,BnKQtTdLw9qPCDgZkWX3sURkBAoKCUYL1yahh6Mw7mRK,1852.8923300000104,53949.22422399968,65.79897631724245,0.03551149478677052,0.006579897631724246,1.0,270277.1803,778.586407,10376.533086206487
SoNcU2iwHMw6dGzsYNQkYFkUjwN1UdAjrWVRnStrZu2,8ivTTid27jZnYNc4w3CTA1Z6QS2twsFb8WMwUabeDJgc,CyXm53PMvHCbeXJBykU46Rcbo28xk5srhMZFg7gv6EYB,32.72541352399999,32.449861591000015,5637.516899244675,172.26724713838263,2.2550067596978702,169.8477739326129,11.281822679,13.406053059,4220.476804908349
B2izdXFYb2sNwbWWHmh75T4aQFtfXsUxem9u2p61HGzf,4DYwgJtxwuJdAjkj5RJSNH4e7U329V5cNp7d3a1nLrZv,EXNW64GEf1ACC6xY9BtKRiunrs6GoJSXBdxWN2eTPmrF,14229.545548999988,14056.620735000002,14362.107804031193,1.009315986555911,1.4362107804031194,1.0,9621.976328,30397.811898,40109.42642811294
parEAJhzYzHW87y9VoZAQ22dzQ2MD2ekEtTReaxbMcz,3oyc6hpjYSJEquK6dSvG72NXyz3pqLZz5D8AC71pwgQb,Di2vordgFJVZ1aj1aBpvzXtLfZgJsuLLXawGtVFwX6Rz,5.981285795999867,6.948688746999949,860.139685992813,143.8051474764929,0.3440558743971252,166.25123254507528,1284.314528444,172.693555543,213401.556630707
SHRJZYZxBfNz1SL5puXfaymPnndnJTY6MJrTrzpsYMc,BKJWe131yeNE594dMwrLyT25RPsytUgcTdMpph8rbuda,EreMRai79gFEuXwrMnj6kpV4pvVAUqukjSuy87XQTT8K,3.2703049999999996,3.311013,3.0443814524161934,0.9309166736485416,0.0012177525809664775,0.999914007395364,0.017845,0.002644,0.019255980676811568
HEDSDjj84KS7LKhZY7ejkCACTdPen62rKhCby1wXtgxc,EnnjMSFttpCTywBrYNt1J5QQeoSVkvzPipJDa8Y7kJow,6bjVT6JN2rSvpyn9PdfLYC8wJn4LWh49jpY47fnLDXZk,12.487974642001063,12.854752837003616,12.100134992551496,0.9689429502727257,0.0048400539970205984,1.0,38649.081560793,9558.199253223,47006.95436606897
RajgMbScQbqqrdJfR2rxfHJiTiY5b6bJ2tTXiF4aPxy,725ZA3fhyBAKb5iopNRrcbSuQa3LXA1656Q3mBvYPxeg,GLA6i1dSZpUfk2f9Nj8uiG7xyDdAR2reff8oEiZH3617,552688.1854712003,552768.7892239098,552640.7633672957,0.9999141973627242,221.05630534691826,1.0,124952.80921608,107752.87644567,232694.96438118425
heyk4SZTeCUV6a65WiVA5bzic3KcxgVf1qxobfeV4tQ,9ZDpBKPqMABtGfq66FbVribaArMvtk63xxy91onZAtDt,DaTP4s6N7xxSPinbNZ3FB52EpRDRt87QShTuN3VPCW52,116.45569681099732,101.66228488799993,19249.900046084655,165.29805387989245,7.699960018433863,146.880881661305,648.689097942,4504.165312856,768802.8177634726
BSCuChvaSj9b5HUSqgDVRzcnr2sSn7cXaamt1jbKH6hn,GnKpRj5kBVPMJfiwZtEuD9GYApLzPdW5JFuZTcyX4BTc,3dmwD9okkomV9nDwyuh4UMhKdUR13QpuKxRo89ycZB5t,96.14498428599995,96.10798716799991,96.25090657992394,1.0011016933926464,0.03850036263196958,0.9998469174378588,1498.365713792,1597.147209047,3096.919167058775
wrmcMSHFi3sWpAEy4rGDvQb3ezh3PhXoV2xNjgLBkKU,8p4mGnARWPBu6P2Gcw4adodLkNDorrXniZMhaY7eJXUn,AyY89zccbsgp9LKFgH4CFZMJmpSgqmPSdTfukhP227rc,0.013811249999998582,0.1500764799999988,3.218647824171601,233.04536694158253,0.0012874591296686405,4026.0890570899433,49.73124759,0.12643446,12098.673238919318
vEnkoSUkpnbRrPgBz9DfcVxNz67zjwMYBZraAvDDNSf,DtfyjjsZ5yCjWKLKHvwsfXs5QVsmm1QkK6Sh9JZHoq1g,e5wrKCRv4GhHvEf1VD5Pq2KGaZDXP77nTL612Jyrxwy,19326.336144999983,19323.372104000005,19286.87519834417,0.9979581775686944,1.9286875198344173,0.9999350042247254,2624.896316,4236.61711,6855.878491608533
Dg3mAgpwDfVNnbGWcsxL8sUcSkEbjSJQhKAWNigG44Ju,EATxwd8YA2wV93VJcKMmH2Kn2Y9XfJVUB9hHVu3udwEy,GiGvrRi7NMHfHKanG2B8xyCEqe8jaafWins8bhrLVEaa,0.036492174000000016,0.036627347999999976,6.282360925182213,172.15638961883198,0.0025129443700728856,172.4139120095945,0.257238959,0.201331677,78.99771249376883
moFiBS1R4Lf3E3zzmBPnw3NF4RhWPkhREFviuzUaCAU,44ALBrpqi9PfZkBRTvbtRNtFJGsatfY4QydjtMbFWq8S,2ho8qEEie1UjVwWNBo9y4oAJZMyMLx8zPj9bxyUz6uWs,3669.1232628479956,3667.762295496006,3663.7161600257896,0.9985263229292523,1.4654864640103158,0.9998698599386399,39217.015736115,29125.342209905,68280.77435532419
WiiQFxXqp8P9Fs1rt9SVcDyA3KUdJmUsog6wnVQAwba,3S2jpqSYxho6wiz3cafhjXruVY8cg4HYa2v3BqBHYFSj,Dfe67M6TfrG74gKRtdqys4e6E9QirPD53BkF4FujFjuv,6602.290180580997,6614.414784228003,6580.023702791911,0.9966274615050127,0.6580023702791912,1.0,21771.72251798,4941.013958468,26639.31050415393
BSC8REUo9LpiiWUuqMuLXs2D2yJsJfGd4HdiF3wCLxk5,AZjEH1zWVx1UJ6udMyRijGTzPteuLnaY18yNNmprJEsh,Caf8ypkSVR8xYnXNhjvfvdGCC7mrM3C11rz8Xi6NA6aK,54.56292070800009,54.55930433499998,54.57177514223225,1.0001622793303082,0.0218287100568929,1.0,3208.135673993,3094.052253214,6302.708541315713
NorjjEePhxfwLF4vZjUHCrVVKLzQjEEGQFd3wgjEJmh,34M8pFVqgbV7aqHxvRT5tCv3vu2P1JJYT8J3VaxBK2oG,3AZWBSze3ucsY3xSeuLne3b2pauVqiaJ1SZSV5T9WGWw,74.54039899999998,113.16632399999071,48.72583919905449,0.6536836380370664,0.019490335679621797,1.0,37601.020954,2583.285629,27162.457800118682
KEN5P7p3asnb23Sw6yAmJRGvijfAzso3RqfyLAQhznt,9zj4aX38Uxf3h6AUjS4EipWS8mwbEofasHAf3a1uKGds,CwQDG1MWunn9cLNwcZLd8YBacweSR7ARo32w4mLua1Yr,335930.77895600046,336043.05902500125,335037.5687975861,0.9973410886576387,33.50375687975861,1.0,2077548.346134,1833996.392173,3906020.72144516
AURHmCnNwiW4uA2Qj1XvEh4iKgRUZYXtiY7FKAapUV5Y,BKWm4TRnTeKwfWXRyuzjRHU7iZDkPuXBX5b5V5jSVfGJ,A5Ww74HVrkj9nPeC7pHKLfgeDMEhBCpW1efQdz3TGLEg,0.028348041000072044,0.02521872400001257,4.523870932954,159.58319422998235,0.0018095483731816,146.76132968112873,286.818841015,1818.045345108,312590.21908315184
