0,1,2,3,4,5,6,7,8,9,10,11
BUSDTd9WiT6uBHJRgNvFXBsA7JrifsAtWzKfioN7ERcy,DyBxrn7gSc1EwnpWhDyhzvMHPtxpmBqRqotapLcKcfTM,Cds99GeBgoCpqBsoRWu1C6fF9LiUMd4pXQQD24s9LPff,10149.241056370003,10179.308610739998,10162.232149082425,1.0012800063216813,1.0162232149082426,1.0004602116973809,300.0164641,324.63323735,625.1831244338435
KwnjUuZhTMTSGAaavkLEmSyfobY16JNH4poL9oeeEvE,J63v6qEZmQpDqCD8bd4PXu2Pq5ZbyXrFcSa3Xt1HdAPQ,BnKQtTdLw9qPCDgZkWX3sURkBAoKCUYL1yahh6Mw7mRK,4181.866084999988,115809.73410199984,144.25034400255464,0.034494252343461894,0.014425034400255464,1.0,270707.770715,763.769081,10101.631235379235
SoNcU2iwHMw6dGzsYNQkYFkUjwN1UdAjrWVRnStrZu2,8ivTTid27jZnYNc4w3CTA1Z6QS2twsFb8WMwUabeDJgc,CyXm53PMvHCbeXJBykU46Rcbo28xk5srhMZFg7gv6EYB,52.18598410199995,51.56975207600003,9199.616562417468,176.2851984248565,3.6798466249669874,174.6439359433986,11.101445335,13.603399951,4332.771803338048
vEnkoSUkpnbRrPgBz9DfcVxNz67zjwMYBZraAvDDNSf,DtfyjjsZ5yCjWKLKHvwsfXs5QVsmm1QkK6Sh9JZHoq1g,e5wrKCRv4GhHvEf1VD5Pq2KGaZDXP77nTL612Jyrxwy,12568.278509999993,12559.310720999987,12571.760887765904,1.0002770767502598,1.2571760887765904,1.0000270007290197,2824.789176,4037.153036,6862.833901480191
AURHmCnNwiW4uA2Qj1XvEh4iKgRUZYXtiY7FKAapUV5Y,BKWm4TRnTeKwfWXRyuzjRHU7iZDkPuXBX5b5V5jSVfGJ,A5Ww74HVrkj9nPeC7pHKLfgeDMEhBCpW1efQdz3TGLEg,0.015511397000409488,0.01363631300000634,2.6169127429151886,168.70903006647978,0.0010467650971660754,150.17073661899897,286.822515611,1818.041309853,321406.1511143544
BUSD5rCfUDpCxKGMvYU2yThChxgHoioK74PTPociGnv2,CcFHbafgYDZ8yA8Me1PdtDiVb2eeaS61LbqyKKK5CsNZ,26R9s4nmF3CFDTkiePDwRmtscn8i7r2eygbSijditJ58,10.607651239999996,10.499924,10.607678289579635,1.0000025500065026,0.0010607678289579637,1.0,102.02617589,44.13160698,146.15804303741197
KZMu9QBEdL97EFgamLbN5DE1AoKBG4HdrKKJo4Vuon3,DD4ACBWyVqdaKWh7v5btsgqQCCMwbKnuL2xd9pv7Gyuw,GcYqiJ1MAuYbNTNYXm1F1gQYTfTgkErACAhNU5dpVj9T,1686.5277868600003,1695.9425689100003,1666.7215842561616,0.9882562251519649,0.6666886337024647,1.0,1958.06222926,1126.29870513,3061.365892431129
moFiBS1R4Lf3E3zzmBPnw3NF4RhWPkhREFviuzUaCAU,44ALBrpqi9PfZkBRTvbtRNtFJGsatfY4QydjtMbFWq8S,2ho8qEEie1UjVwWNBo9y4oAJZMyMLx8zPj9bxyUz6uWs,3669.1232628479956,3667.762295496006,3660.7005765334843,0.9977044417123306,1.464280230613394,0.9988371577762656,39217.015736115,29125.342209905,68218.4648228269
TETFuZgEmET6d9vYmz9iMFCxK1jKdKYxf3oPz8hSzJK,Eu1Ze6Z84LWNkq7SNoAHBJbXx5t1P95EwyqYohrfCRFV,ASMbv7WNu3qe4pkhREmvyEdwFNDZQ6B6iSrjkj4u8bdC,13.005991394000034,12.928718799999999,12.922153932412094,0.9935539353327101,0.005168861572964837,0.999260322527757,296.802446482,55.504892727,350.35307572681774
DFWzVTzNBrQZLjoQ4yQwkj9HuoXmfkuZP9V5vbymZe23,DhgiEgiNdqZdRdo195UUHnoEJUtefK8buko8nU97XJUZ,2K2kkXsouBHtWVjtcgkyiXd8eP3oVBvq1bTJzcVdLLr2,1306.4568083780014,1507.4222091840056,1136.630054454063,0.8700096682608417,0.4546520217816252,0.9988371577762656,66545.312637067,9462.980768512,67347.04218660065
BUSDgu5JdqP1rndBvXvanbEufS94FNh1w5FJcAj6vawb,Bgzr8cWubt89JQFXndVjtdKmDbGzuPxNhvjH1EhWCwbo,Dxaf8xPBBQsasRKW5Aa4Sw2YrbfGofY9xZueyyF23FBW,23790.232376639993,23512.87324948999,24084.234650072085,1.0123581085202336,9.633693860028833,1.0,3575.26614295,11218.59999796,14838.049667893294
SAMGk1Nd4haC8zQA63DG37pzuEZy8j4q13tSFtCbcRE,9U9TnkHD3jXMAVZtynCVLgDruuqN4pTvLJTmVHCLWS8g,C6zoEbvqSknmi96QWq96UBiPCyNW3YSTvKhavR2BfifE,0.5387244300000058,0.6373890800000059,1.1549011507756284,2.1437697762761863,0.00046196046031025137,0.0,53.51302994,1.20435105,114.71961622233466
wrmcMSHFi3sWpAEy4rGDvQb3ezh3PhXoV2xNjgLBkKU,8p4mGnARWPBu6P2Gcw4adodLkNDorrXniZMhaY7eJXUn,AyY89zccbsgp9LKFgH4CFZMJmpSgqmPSdTfukhP227rc,0.036920749999999974,0.5538758999999942,9.821960627826543,266.02819898909286,0.0039287842511306174,3994.7269604122557,49.55417331,0.13746411,13731.93906435875
ALBpShJ9NLpE739pcHDF2LNVk5J4VYPvvKuV6jMPitZi,D6d156U1bPiJpDYRLextvDRccgFk7QzkQbJg42ceKEu5,GNcM8U5g8RwTZffwwm3kSQqUNPSwv5d2fbN9sLxPJqt2,3252.274301999998,3252.930195000008,3249.726516411132,0.9992166141744873,1.2998906065644529,1.0000460021160973,51061.790651,49147.861315,100171.91178860086
Dg3mAgpwDfVNnbGWcsxL8sUcSkEbjSJQhKAWNigG44Ju,EATxwd8YA2wV93VJcKMmH2Kn2Y9XfJVUB9hHVu3udwEy,GiGvrRi7NMHfHKanG2B8xyCEqe8jaafWins8bhrLVEaa,0.129793348,0.13046144799999995,23.05681700493651,177.64251681786118,0.009222726801974604,175.81725132935424,0.199913545,0.258777103,81.01062423621394
SEQV6QiTpvTzrceiaYg9Avnwf7oc8ZALpnQMz6TyT4A,3dFMPj4r9mMmPHF32mz1gNDX7f8ftidWof7S8YiYTs1j,Fc1ED3YPeQfXQosHbd8DTaBd2AV5gHQtwiSAL5C5pUhi,430.03448239799945,430.48350505600115,428.40984302872454,0.9962220718668525,0.17136393721148985,0.999260322527757,4413.096612686,1190.199754084,5585.743640977071
WiiQFxXqp8P9Fs1rt9SVcDyA3KUdJmUsog6wnVQAwba,3S2jpqSYxho6wiz3cafhjXruVY8cg4HYa2v3BqBHYFSj,Dfe67M6TfrG74gKRtdqys4e6E9QirPD53BkF4FujFjuv,54.678748151001855,54.73868097099967,54.43676605627556,0.9955744763201595,0.005443676605627556,0.9988371577762656,21716.923197858,4995.632067468,26610.637375558308
MATSnbbiTCv7Dc3trJrkrqjx7ckKdr6fwPoVwv9q3sD,631WX9JizSHJm4w6VanZeJAst9T8DeUUnPLesdGkCVtK,211maUSfpnXbPuW1iBu8b4dtJv5EbN1j7JJiEX5TZKEP,102706.5963,102779.23690699998,102770.93090274512,1.000626392121468,41.10837236109805,0.9992565531244754,20950.76982,23621.537775,44567.86963370003
KysFMBBoavfov2tLpvefWW6tPFt6rAeZWDJVy1mMQae,B8ka2V21TH3x64dFV8ETcjuQcwmrciJ2qzy1mJUttRew,7fSf7EYxBANyxzk2s5pymFgshA91tFYQNKKs5UnLWcYS,116.6636140000005,169.98222800000804,2.788608488030868,0.023902983907483407,0.0011154433952123473,0.03455705629171685,134999.667874,2248.52079,3304.5971482209525
7oAd7xG4m3oC2qeWB1szghTebAZyyGPAFDJ4wwwbRSNi,D9yh4KAysxt9GLacVe4Wwh2XqghhcjTCSTV9HuM7TBJd,HDYfJLpZKaMFb84jM4mRytn7XLR8UFZUnQpSfhJJaNEy,244.88065162597923,5.82080256200004,244.59589406449294,0.9988371577762656,0.09783835762579718,0.02382473717088928,985.693131702,300313.078462936,8139.427089468912
SUiuyGR7SFq3xeRVJonq84fjjeFwRSsFekcevJ53tzy,49GjCCPsv7fBqo6t3iKDrP1xxGDS8uWZbVCdfnp2gjMf,CEwj5xEbbJEjYqM8D6Ai8ByGz1mrh8mkAVsE5fzDSSSx,2.848673999999999,106.26456599999989,0.048534860647522306,0.01703770268115001,1.9413944259008924e-05,0.9575746549140337,570.979719,2.581687,12.200340727409628
NorjjEePhxfwLF4vZjUHCrVVKLzQjEEGQFd3wgjEJmh,34M8pFVqgbV7aqHxvRT5tCv3vu2P1JJYT8J3VaxBK2oG,3AZWBSze3ucsY3xSeuLne3b2pauVqiaJ1SZSV5T9WGWw,1.5621290000003683,2.3924079999997048,1.020737824034867,0.6534273571738483,0.0004082951296139469,1.0,37603.320954,2581.78385,27152.822481932213
SBFjafzbDXgDRsA5SUypY8FXjJ9sBdb4JbuQq2PHQDG,46xwHtnXoQR3wCHUbm2eCAbPYWbioDQ59Te1Db8M5DDL,FC38fiikZwFvDt5zTjNtGfKd7LjaPz2uUAzLwKP5pRJY,7.654719103000389,2.80578799700001,44.46759175935497,5.809173551766934,0.017787036703741987,2.1448733237814976,200.592970449,9541.113124964,21629.758399519502
C98Sspw7XqnMsgxea3SLQVdbMDL8pKUc3RE82UvX9eq2,CSqgQJurPCzGxb4Cgwx5R61hWQUiaoUHcShNc8r1cKEL,6S2CR5EnukPhC914XkAns8m5GixjMAoUuZMsS5ubHuWc,36.707565999999815,36.696022000000085,0.0,0.0,0.0,1.0,966.384396,1046.504752,1046.504752
ercAoEmXjQzEvAFbdjAo81KtMxRGn9AW1ju882upmPH,CMRhskR2Eg6V42RTSdRTXGdozyPbWB8U9dVpijPWb9T4,7TKLLgrWswt6ZJ1pXhVR3FyufHGjJFqiEXxvWJfDcgRm,3.064568924000014,2.994617312000173,462.3772527276572,150.87839895085196,0.18495090109106288,145.90778277949659,324.258006477,1012.554710186,196663.14157041977
KEN5P7p3asnb23Sw6yAmJRGvijfAzso3RqfyLAQhznt,9zj4aX38Uxf3h6AUjS4EipWS8mwbEofasHAf3a1uKGds,CwQDG1MWunn9cLNwcZLd8YBacweSR7ARo32w4mLua1Yr,200278.251751001,200346.57514800015,199983.47610721894,0.9985281694781891,19.998347610721897,1.0,2102531.927606,1829461.024554,3928898.381495868
heyk4SZTeCUV6a65WiVA5bzic3KcxgVf1qxobfeV4tQ,9ZDpBKPqMABtGfq66FbVribaArMvtk63xxy91onZAtDt,DaTP4s6N7xxSPinbNZ3FB52EpRDRt87QShTuN3VPCW52,96.82329483599915,84.61941907300104,16679.810026150535,172.2706302693279,6.671924010460215,151.0203995335282,647.679724137,4505.348336953,791975.7001741044
MATgk4zXLXtYkwBH678J1xZbRDZ45LicNzkRBHkxTuY,y8dALFo1bJrSzPYjMX14HJX448pXqYmrfXHD1K8MXih,GN7Yuet3UyiWS5YVkEHv6oQKi4HGBJc3XDPt9zQhAqZz,140902.43289400014,140896.56361000013,140868.9060943497,0.999762056630522,56.347562437739874,1.0,9931.657933,8219.337665,18148.632425846918
KEnkcdADoLR5jS2CLLLesy8TtFsyWL37BhXNfDMzWzP,3qsjFRuw1qeLMPo4DLwaQevenGAGBj9dA3Q6rb8ax2YR,77iEv8zPQAEyCcEbvBRSB6AFcUdfkhiqnAKtPxk76rNN,6.580335999999994,6.422116000000001,0.11211380831006783,0.01703770268115001,4.484552332402713e-05,0.999563190885583,105.19994,0.46508,2.257242148611887
BSCrK1Nx9PXU9mF7STWWBqeHLxmtJDr9h7jheEy4tAWX,FfSySSbVJPvEo5a5AvrP3nySoXpRE2QPn1uUMpJJ1x7v,HL7Vcj6838ZmvBHDbQxXfjBNckNi83WvPiZQoMQLFeRM,0.004921171000000113,0.004899592000000119,19.775095737713276,4018.3719967692286,0.007910038295085312,3999.360102383619,1.025258224,1.826291295,11423.865477332467
HEDSDjj84KS7LKhZY7ejkCACTdPen62rKhCby1wXtgxc,EnnjMSFttpCTywBrYNt1J5QQeoSVkvzPipJDa8Y7kJow,6bjVT6JN2rSvpyn9PdfLYC8wJn4LWh49jpY47fnLDXZk,28.81226520000746,29.36244957499366,27.94923353459399,0.9700463792269535,0.011179693413837597,0.9988371577762656,38641.093289774,9565.969405822,47038.498327802154
STK75uPSyBnEhGTTzb1nwmP3n427XoXmfRhXxxhyady,6TYyD5fUmDe6N65avW1Ny2RxzRNobw2RRgKwH9CTzSAU,54zDfk4cx2vGrEajPtodWpArNe5eUurytyxd4X3aZAxK,531.8554674359981,593.0386943040003,80374.82185580255,151.12154857273254,8.037482185580256,168.36482232544483,496.129013798,92.946475123,90624.70162687662
SoN9GaFpSXfpyR5dth3x7PHPVhvJMpQqqDJfCSmPv1t,9kZ9iS68ViMPtoeqtnhAKuF2iqVyfHPdZHoUNdwCELr,BBhm5fJLjw3HRzjtKB8uMEYjGhY6EDm9co3cqpjrSzB9,96.5484417040001,95.504937497,16988.74689895379,175.9608606738386,6.795498759581516,174.93435588295492,31.545483977,48.631586807,14058.105824614257
ALLwa5WNZbvQsRKAqe1jdRGemdYQnW8E5k4msbRFcYtu,CGoM82Hbz7QVqTgvQatYtjvDWBvoUJp5qm21P8iMs9yb,3dxNNww8TivyN5FMy5dCNdi3Zcxv6e4kUfSPxfFwpdNq,3.6393573220000013,3.559739950000001,14563.837376445641,4001.760774740886,5.825534950578256,3949.384685865942,0.909480761,7.641570284,33819.02509034915
SAMyS8Jr2HJrkFwYVKbpUwsNStnQmvz3f8Tup8bWUWF,6jPzm5TFfquvgm25sTyN3MMGBfufRaFHMxobDWv6hMFW,Cj9ECoDmxsHTDzCY5ZA6RWrPbg9uFzEC1Qc2kso2vJG6,14845.286480289973,576.4483009600045,14670.946053378178,0.988256176319449,5.868378421351272,0.034609109737532076,692.75764925,111174.46430733,4532.271260787582
BSCNHw8CmxbZ8hCWWzMf5FaG2ajPT6JxfznKUNuRVrn4,7n9kgNL633yGzCYksgnzHyjG73ZLBAwvEae5sbAekbzW,SscdxE99omdG9AiMVwmaEMQySQnCgeAh1sPj2Leutm2,18.055452771001,17.78827216400032,18.317989270650155,1.0145405658323239,0.0073271957082600625,0.9988371577762656,2598.797579417,9086.996358089,11713.01518174229
RoBgmK8CvjdHvPrqdDyVw54VwjZv2TqJ493xnqJAQHx,ExiHJxM7qPAcy27NDHAF6G7vnW7muNHi2sVJpnaNynGQ,6rkPHSqZb7StM4HwS9EuVrmfkV7tRdc7dnsFhyB6cefE,22.090783000000087,152.45105800000067,0.5313858200113549,0.02405463943995796,5.31385820011355e-05,0.9457114350698173,6040.422503,23.627775,167.64524237743015
AUSejoEUCh2DBs9mof6BNC8Pubs22w4cJa1ccV9h44R,4xkyD7AfGQDwsQMy9MosRRNGoVJ1zosNinesxg1TzHG7,Cbm5gsQe3nSiCsFrvepVzMCD9xLK3ri9g3ypS2hdmVJ7,73.417555,73.4223750000001,73.40192039095672,0.9997870453593385,0.007340192039095673,1.0,14500.820757,14352.836779,28850.569518926393
HDSBGqAuMRr6X2AfmmbXQPpRgU6VEhtfNVVZ3wUTZXg,DCZ1d8kNLgDcdSd99y4udLgwq46mfDXNS9KXj96kQf5L,Fq8GGYQM5Pz3q7LmVMbrXHJgsxA5ev86kTq8yGgGuYsa,25.101103683000474,25.20305750800071,24.98282922340615,0.9952880773256825,0.00999313168936246,0.9988371577762656,12711.582593342,12186.482763597,24823.99840597465
SERgf3DMJpQxUifu7VoFKmfne73d2fDJxSrxUMrcNJB,AJfM2GZ2tTB8UtN2krcyR9xufRJEx2mhSCbJyMgPo3GU,F4yRYkufQvERZcEKnKjJwRLU1btiMBUuEwq46hfm11QD,0.1100980399999969,0.1096770749999969,16.615941113625464,150.91949968978497,0.006646376445450186,151.3633065980325,26.094349003,31.144805989,8652.326914112646
BkMBnJpvHKtWhUvrgRrLesXfi9RUV3ELgdBaJcdH7hcY,5uerVwBnZQsuVhZ15igs7ZgmcqhHnYWbwoRtLyRqLvR,9YWiQh5d4jCtgMdzcGLv9bWgnLaFtzvDDh2nnhJdzhBX,3.054714184999966,3.05593636399999,3.051397511194738,0.9989142441471236,0.0012205590044778952,0.9988371577762656,1471.600204339,1400.65693504,2869.0305978190136
Sid7E679i9ABqptiAVhkmQ27YHN8vaYT4fppPwmxFsJ,GP7KB8o1bv527HG8kTzzzf4wJ5aEGHvcMQvVhLziUfmT,9gYxhAZ1M9wu5pxr8SBoa5NDm21gi3s9vMHaYTME77sa,170243.34625000015,249293.28179799975,2907.9490831608437,0.017081132080724953,1.1631796332643376,0.03462800878872714,125767.232435,12737.634417,2589.3256251889397
B2izdXFYb2sNwbWWHmh75T4aQFtfXsUxem9u2p61HGzf,4DYwgJtxwuJdAjkj5RJSNH4e7U329V5cNp7d3a1nLrZv,EXNW64GEf1ACC6xY9BtKRiunrs6GoJSXBdxWN2eTPmrF,10204.14792,10072.30509400002,10323.236779488176,1.0116706324155458,1.0323236779488176,1.0,9528.298431,30493.341743,40132.84144253383
parEAJhzYzHW87y9VoZAQ22dzQ2MD2ekEtTReaxbMcz,3oyc6hpjYSJEquK6dSvG72NXyz3pqLZz5D8AC71pwgQb,Di2vordgFJVZ1aj1aBpvzXtLfZgJsuLLXawGtVFwX6Rz,6.261861065000005,7.2810261250003805,928.8347382109768,148.3320579248553,0.3715338952843908,172.72320588087973,1284.676142803,172.385161993,220333.57385466
BerKDkt6v49dT1bHRedgnpsJS263C1DSJtEGvY9Mg35V,78XKqNb8wbfsMMrvo8WPUpdx7GEkfQutpNVH943aCGFa,DKYQwn4nDvFHCszi5tXbqfVMAP7DaXXp1KGTXEnYnKVH,30.64554702600003,30.774058999999852,30.743569608133615,1.0031985913663222,0.012297427843253446,0.9988371577762656,1309.705904782,2229.307811322,3540.6105968507504
Cob4usZcpHEY7Qt4ZCwj6WVg9S44zvzYV2v9qYF65dTf,NhFM9UXE48PyNAyeyPYA3iXztqKVJwA4bTdLj4ysM8w,6TuFuynuBoeskxyR2cz4wxyidk8dpDK7kAWw3UkjQGx,1629.7444990000004,76693.87997099994,27.90308978945839,0.017121143717054747,0.011161235915783357,1.0,63372.918756,280.895618,1365.9124677907103
daob129AwBGn9Y5r91uLoWZeYiGzbPmksauMhFZKTze,6VW5GQNyj4LStgmxEHLr5zUfW92vQnmbw8jTnCH7a38F,4VPCCUifPeBA1c7HWK358CHn2nyjm8pdTRk6Ps3KmnMQ,31.854243816999784,28.724397408000037,5326.0627326602125,167.20104119432372,2.130425093064085,151.40588693341456,52.542737999,233.46630482,44133.37345097238
7dwD9TF6uikvHXxPFK9AsSim54yJoujQjY9vU6gNFumk,CquVr6atkvwueDYficKjn6SSEWq4F4rH4VSiBbW4GBWU,8BCa6ge3b7ho3TfZuM64Vk1hgbrJ3J7EPiAb9uP86CGd,1.3852680890000002,1.4066996840000006,239.69694482742395,173.03289286080127,0.09587877793096958,177.74298755034792,2.711673317,1.467822692,730.1038690042287
Lee1XZJfJ9Hm2K1qTyeCz1LXNc1YBZaKZszvNY4KCDw,9DgFSWkPDGijNKcLGbr3p5xoJbHsPgXUTr6QvGBJ5vGN,2hNHZg7XBhuhHVZ3JDEi4buq2fPQwuWBdQ9xkH7t1GQX,2817.6994160402883,2400.2642930889906,501246.02919211943,177.8919448748441,50.124602919211945,151.7121244233612,7361.78749365,56582.84331629,9893906.060429242
YAkoNb6HKmSxQN9L8hiBE5tPJRsniSSMzND1boHmZxe,CfWX7o2TswwbxusJ4hCaPobu2jLCb1hfXuXJQjVq3jQF,EnTrdMMpdhugeH6Ban6gYZWXughWxKtVGfCwFn78ZmY3,9244661.44620701,9248277.472497994,9244661.44620701,1.0,924.466144620701,0.9999510024008824,975631.857792,265412.326879,1241031.1801042068
MARpDPs5A7XiyCWPNH8GsMWPLxmwNn9SBmKvPa9LzgA,6YjT74rmcfCpw8LSjPNx5JTmZoYLGrTKnf9arfSgZ4SR,F8GSmi3vA8M8TsybLya1LQ4n1aFHCRbZ6k437PeTdXtg,101021.39788500013,107261.066728,97015.6228188114,0.9603472615697836,38.80624912752456,1.0,371502.867415,21951.430264,378723.19165131764
FrnkTEL6yZ5Aycq2TrEgu29dCrwKG4LPUZydfiwqspkc,DjvZuMZ46fxKBoBpGMPcRcos4xdTtHFxwMh69DpA2ZFY,9rvDPJLAng4uVVqnnSoEXgNDFhBZQTny9AoQioYDZbQX,682.7682829609992,581.4714806929995,122212.02640836734,178.99487931449255,48.88481056334694,151.6609758413165,322.719665996,2570.31596941,447581.7958086074
ZUCKWFa4LTL833dPhhpeeRWZcaAEoMeYJPi2iKn4F8N,7eEYpq6ShaJ9opZWMxitRFrdCHh6vfyHhGfoSvFht3N2,H8VggnHmuwd1wvwpT8eg9cUJFEfZ7HAaeYjgXrSm7A2u,2.954010159999825,2.9537703119999605,2.9545757573916385,1.0001914676528443,0.0011818303029566555,0.999712745538835,1916.072738944,1930.352406397,3846.2375089506468
JSoLLrxK5bYdHwTEWYaGgmeycBCNXKDiBCTw5hXGBg7,xG4wXczA7Dk4hccJ61CHKpDHW4NrNfQwgmWgkb9BuF2,BVR6WgfhsRr9Lob4QDnkEAiNGgAbv7ZieKcY9kSg3QYR,70.44841695800044,60.94809436700001,12039.900041461327,170.90376989789866,4.8159600165845315,151.8832151732547,18.256136402,168.844704967,28764.71919023963
RajgMbScQbqqrdJfR2rxfHJiTiY5b6bJ2tTXiF4aPxy,725ZA3fhyBAKb5iopNRrcbSuQa3LXA1656Q3mBvYPxeg,GLA6i1dSZpUfk2f9Nj8uiG7xyDdAR2reff8oEiZH3617,946974.92521107,947148.7169029504,946714.2853011838,0.9997247657747347,378.68571412047356,1.0,129780.43306259,103173.2548724,232917.96791804142
DA1mL7dfBow33EH5yjUuZE6SH2KeUK5zEXzsyhE5r5j5,B4UtLRZND3D83CitRCBUyeiNr7H8m7YFRqBmiPmXjhW4,AAmpYbuixWiSqDaJBCqYEs1pb5SrbdPr9mgXrB58Q2e,3.965695235000112,3.96939155799987,3.963996539599001,0.9995716525601567,0.0015855986158396004,0.999712745538835,1637.759450222,1468.764487038,3105.4004980411155
BSC8REUo9LpiiWUuqMuLXs2D2yJsJfGd4HdiF3wCLxk5,AZjEH1zWVx1UJ6udMyRijGTzPteuLnaY18yNNmprJEsh,Caf8ypkSVR8xYnXNhjvfvdGCC7mrM3C11rz8Xi6NA6aK,54.56292070800009,54.55930433499998,54.55404263765528,0.9998372874796728,0.021821617055062116,0.999712745538835,3208.135673993,3094.052253214,6300.777143053119
Lid8SLUxQ9RmF7XMqUA8c24RitTwzja8VSKngJxRcUa,4PgzyzLtds9bKZ2to9PMnKqJzKEUpjvNUaeN23phegax,AtymwxoVN9peZo7EXTcDz9jKVc4vRmisJKKrNfe3ewBa,847.7449676060096,734.3417300140029,147179.32557110945,173.6127387305367,14.717932557110945,152.10370065261614,1112.623417492,7613.782995002,1351250.1681922786
SRMuKizofcAMicegrfSv7xs9q76tH1w8aAF7oX9FEWu,72Hj2KWntXPfbie4UgKeTPnm1XVkomDfCnRPKbvfTtPi,6aqJQ5wedqpUt4fFEDUqUmXhrdxCu4bEJsQdVPCADLko,2870.3396079999993,2881.396022000001,241.87125258727374,0.08426572657575013,0.09674850103490949,0.08447700413455801,18090.832658,4862.917208,1935.241835372908
GokA1R67GqSavkd15zR62QD68Tuc5AEfvjssntVDEbM8,3YB7hfpBdbQEuZqLGWVDpRPmeZWCUsrrWyqGXegnQ6Cg,4DPCj6Z1DsG6HUtwSogBGqXEUxdEV5a8YVrrFtcnz7UW,87606.18505600002,87608.62232699999,87617.57534079431,1.0001300169021972,8.76175753407943,1.0,16367.966843,17447.273697,33817.368652344194
BSCuChvaSj9b5HUSqgDVRzcnr2sSn7cXaamt1jbKH6hn,GnKpRj5kBVPMJfiwZtEuD9GYApLzPdW5JFuZTcyX4BTc,3dmwD9okkomV9nDwyuh4UMhKdUR13QpuKxRo89ycZB5t,24.54610503899994,24.56373799999983,24.568611926719605,1.000916922977552,0.009827444770687843,0.9992383984789706,1498.365713792,1597.147209047,3095.6704190470336
