0,1,2,3,4,5,6,7,8,9,10,11
Dg3mAgpwDfVNnbGWcsxL8sUcSkEbjSJQhKAWNigG44Ju,EATxwd8YA2wV93VJcKMmH2Kn2Y9XfJVUB9hHVu3udwEy,GiGvrRi7NMHfHKanG2B8xyCEqe8jaafWins8bhrLVEaa,0.12463807899999998,0.12430349400000001,21.906968998278558,175.76465534484498,0.008762787599311424,178.84454974811536,0.200861766,0.257957642,81.43871741052243
SEQV6QiTpvTzrceiaYg9Avnwf7oc8ZALpnQMz6TyT4A,3dFMPj4r9mMmPHF32mz1gNDX7f8ftidWof7S8YiYTs1j,Fc1ED3YPeQfXQosHbd8DTaBd2AV5gHQtwiSAL5C5pUhi,125.07840703599982,125.50408341300044,124.68561629794284,0.9968596439036522,0.04987424651917714,0.9985421284924011,4557.35161262,1046.426716995,5587.941066999611
MNkYtBe2HtgL15osfaMmyqNW3vo4J399FXXCS4a39Wf,2mUxDu8NrhSKhQJMgKfYLxJqZzeEbmwhQdHeHMyohyuk,AZCBmDBcFsA2jHHhfFJBTsWCHx9XnnKmGfFsue3ZVW1t,0.01449322000007669,0.01449322000007669,0.014487251107747786,0.9995881596823293,5.794900443099115e-06,1.0,2194.39033408,1941.67408916,4135.160684827719
C98Sspw7XqnMsgxea3SLQVdbMDL8pKUc3RE82UvX9eq2,CSqgQJurPCzGxb4Cgwx5R61hWQUiaoUHcShNc8r1cKEL,6S2CR5EnukPhC914XkAns8m5GixjMAoUuZMsS5ubHuWc,106.83694000000003,106.68592599999977,0.0,0.0,0.0,1.0,932.37825,1080.592113,1080.592113
SBFjafzbDXgDRsA5SUypY8FXjJ9sBdb4JbuQq2PHQDG,46xwHtnXoQR3wCHUbm2eCAbPYWbioDQ59Te1Db8M5DDL,FC38fiikZwFvDt5zTjNtGfKd7LjaPz2uUAzLwKP5pRJY,1.7852928089996567,0.6613667219999968,10.787633464719198,6.042500933370013,0.004315053385887679,2.2299278618336698,201.254337171,9539.327832155,22488.09243628835
KEnkcdADoLR5jS2CLLLesy8TtFsyWL37BhXNfDMzWzP,3qsjFRuw1qeLMPo4DLwaQevenGAGBj9dA3Q6rb8ax2YR,77iEv8zPQAEyCcEbvBRSB6AFcUdfkhiqnAKtPxk76rNN,0.08376899999999998,6.9497189999999875,0.0007519886306076884,0.008976932165928788,3.0079545224307544e-07,0.9999360040957378,116.710029,0.319297,1.3669745797163384
wrmcMSHFi3sWpAEy4rGDvQb3ezh3PhXoV2xNjgLBkKU,8p4mGnARWPBu6P2Gcw4adodLkNDorrXniZMhaY7eJXUn,AyY89zccbsgp9LKFgH4CFZMJmpSgqmPSdTfukhP227rc,0.011068080000000036,0.16633312999999106,2.9180279462167245,263.6435539151068,0.0011672111784866899,4014.613192018949,49.57125618,0.13633141,13616.460028403944
SAMyS8Jr2HJrkFwYVKbpUwsNStnQmvz3f8Tup8bWUWF,6jPzm5TFfquvgm25sTyN3MMGBfufRaFHMxobDWv6hMFW,Cj9ECoDmxsHTDzCY5ZA6RWrPbg9uFzEC1Qc2kso2vJG6,5532.672654969986,215.98122556999135,5462.598118549348,0.9873344148857804,2.1850392474197395,0.03438816507914849,692.84304686,111174.82382349,4507.165978566624
Lee1XZJfJ9Hm2K1qTyeCz1LXNc1YBZaKZszvNY4KCDw,9DgFSWkPDGijNKcLGbr3p5xoJbHsPgXUTr6QvGBJ5vGN,2hNHZg7XBhuhHVZ3JDEi4buq2fPQwuWBdQ9xkH7t1GQX,14293.775475150607,12224.309215049976,2557969.132295576,178.9568569019812,255.7969132295576,152.18513504300145,7367.845509,56567.615227932,9927276.636953395
GokA1R67GqSavkd15zR62QD68Tuc5AEfvjssntVDEbM8,3YB7hfpBdbQEuZqLGWVDpRPmeZWCUsrrWyqGXegnQ6Cg,4DPCj6Z1DsG6HUtwSogBGqXEUxdEV5a8YVrrFtcnz7UW,51004.60473000002,51021.406663999966,50988.13556221342,0.9996771042953125,5.098813556221343,1.0,22559.931221,11262.483364,33815.13008011069
SoN9GaFpSXfpyR5dth3x7PHPVhvJMpQqqDJfCSmPv1t,9kZ9iS68ViMPtoeqtnhAKuF2iqVyfHPdZHoUNdwCELr,BBhm5fJLjw3HRzjtKB8uMEYjGhY6EDm9co3cqpjrSzB9,36.91199268300005,36.365180868000024,6661.7287259856475,180.4759982262819,2.664691490394259,175.7053912563726,31.739934179,48.450852513,14241.372302092976
Cob4usZcpHEY7Qt4ZCwj6WVg9S44zvzYV2v9qYF65dTf,NhFM9UXE48PyNAyeyPYA3iXztqKVJwA4bTdLj4ysM8w,6TuFuynuBoeskxyR2cz4wxyidk8dpDK7kAWw3UkjQGx,152.421932,14472.872967000025,1.3673056917239828,0.008970531168204735,0.0005469222766895931,1.0,70890.286096,187.456435,823.3799559471188
KwnjUuZhTMTSGAaavkLEmSyfobY16JNH4poL9oeeEvE,J63v6qEZmQpDqCD8bd4PXu2Pq5ZbyXrFcSa3Xt1HdAPQ,BnKQtTdLw9qPCDgZkWX3sURkBAoKCUYL1yahh6Mw7mRK,1176.2608349999994,34272.83253599971,40.34067398227974,0.03429568747163104,0.004034067398227975,1.0,270736.290199,762.944398,10048.031593893707
WiiQFxXqp8P9Fs1rt9SVcDyA3KUdJmUsog6wnVQAwba,3S2jpqSYxho6wiz3cafhjXruVY8cg4HYa2v3BqBHYFSj,Dfe67M6TfrG74gKRtdqys4e6E9QirPD53BkF4FujFjuv,5749.458351448996,5778.1682709400075,5729.529620775064,0.9965338072813574,0.5729529620775065,1.0,21851.609896232,4861.992080867,26637.86008598606
RajgMbScQbqqrdJfR2rxfHJiTiY5b6bJ2tTXiF4aPxy,725ZA3fhyBAKb5iopNRrcbSuQa3LXA1656Q3mBvYPxeg,GLA6i1dSZpUfk2f9Nj8uiG7xyDdAR2reff8oEiZH3617,535187.22461028,535372.5703138891,534856.8061211625,0.9993826114041527,213.94272244846502,1.0,131138.4860309,102103.58918093,233161.11180607785
JSoLLrxK5bYdHwTEWYaGgmeycBCNXKDiBCTw5hXGBg7,xG4wXczA7Dk4hccJ61CHKpDHW4NrNfQwgmWgkb9BuF2,BVR6WgfhsRr9Lob4QDnkEAiNGgAbv7ZieKcY9kSg3QYR,29.566661027000094,25.51478256999999,5218.3972058213485,176.49599327620862,2.0873588823285396,152.7075662323256,18.316846683,168.78791356,29008.04153818386
KysFMBBoavfov2tLpvefWW6tPFt6rAeZWDJVy1mMQae,B8ka2V21TH3x64dFV8ETcjuQcwmrciJ2qzy1mJUttRew,7fSf7EYxBANyxzk2s5pymFgshA91tFYQNKKs5UnLWcYS,232.79836700000078,334.0474529999774,5.568849850531088,0.023921344132671985,0.0022275399402124354,0.0340889977827834,134974.449735,2266.025727,3306.016807212405
HEDSDjj84KS7LKhZY7ejkCACTdPen62rKhCby1wXtgxc,EnnjMSFttpCTywBrYNt1J5QQeoSVkvzPipJDa8Y7kJow,6bjVT6JN2rSvpyn9PdfLYC8wJn4LWh49jpY47fnLDXZk,6.058183596000163,6.238107036995643,5.825918947152144,0.9616610085898736,0.0023303675788608575,1.0,38647.762737467,9559.49231388,46725.53880773464
BSC8REUo9LpiiWUuqMuLXs2D2yJsJfGd4HdiF3wCLxk5,AZjEH1zWVx1UJ6udMyRijGTzPteuLnaY18yNNmprJEsh,Caf8ypkSVR8xYnXNhjvfvdGCC7mrM3C11rz8Xi6NA6aK,2141.457924478001,2137.3628277820007,2141.433972539018,0.9999888151251028,0.8565735890156074,1.0,3249.700136474,3053.358175279,6303.02196426352
oKQqupM9E7SSLAFDLxr7mdsXP7znck9qRbVWc6Yyj7Q,CMR2J7CwfW98RpvnJmFBgRFTLAd3x8CJ1SWs8Bt3uunG,FmRb5jHfSNj1YWP3b45d9vvYuhwjp4om8bALmtqZpr1v,3.8092373100000714,3.9472090299996125,3.6787477851388113,0.9657439234571453,0.0014714991140555244,1.0,4454.39635192,1453.10365035,5754.909859886416
7dwD9TF6uikvHXxPFK9AsSim54yJoujQjY9vU6gNFumk,CquVr6atkvwueDYficKjn6SSEWq4F4rH4VSiBbW4GBWU,8BCa6ge3b7ho3TfZuM64Vk1hgbrJ3J7EPiAb9uP86CGd,1.6496454280000004,1.6924862640000016,285.9441796725565,173.33675153407358,0.11437767186902262,179.47949868504347,2.817162865,1.366196237,733.5220752836767
YAkoNb6HKmSxQN9L8hiBE5tPJRsniSSMzND1boHmZxe,CfWX7o2TswwbxusJ4hCaPobu2jLCb1hfXuXJQjVq3jQF,EnTrdMMpdhugeH6Ban6gYZWXughWxKtVGfCwFn78ZmY3,13277879.573036939,13283979.426026056,13277879.573036939,1.0,1327.787957303694,1.000223049740092,996373.891842,245247.423332,1241676.0175480323
vEnkoSUkpnbRrPgBz9DfcVxNz67zjwMYBZraAvDDNSf,DtfyjjsZ5yCjWKLKHvwsfXs5QVsmm1QkK6Sh9JZHoq1g,e5wrKCRv4GhHvEf1VD5Pq2KGaZDXP77nTL612Jyrxwy,5044.469279000002,5043.622649000002,5042.537986951,0.9996171466328396,0.5042537986951,0.9990449130631117,3643.91883,3218.529138,6857.978906270577
STK75uPSyBnEhGTTzb1nwmP3n427XoXmfRhXxxhyady,6TYyD5fUmDe6N65avW1Ny2RxzRNobw2RRgKwH9CTzSAU,54zDfk4cx2vGrEajPtodWpArNe5eUurytyxd4X3aZAxK,1478.2017535339985,1642.0079040099909,226113.48422752458,152.9652388024474,22.61134842275246,170.58808878905316,458.204083515,85.918535638,84745.9758411691
AUSejoEUCh2DBs9mof6BNC8Pubs22w4cJa1ccV9h44R,4xkyD7AfGQDwsQMy9MosRRNGoVJ1zosNinesxg1TzHG7,Cbm5gsQe3nSiCsFrvepVzMCD9xLK3ri9g3ypS2hdmVJ7,10202.766618,10223.774558999998,10203.154337864838,1.0000380014440549,1.020315433786484,1.0,14389.272605,14465.427827,28855.24724513789
parEAJhzYzHW87y9VoZAQ22dzQ2MD2ekEtTReaxbMcz,3oyc6hpjYSJEquK6dSvG72NXyz3pqLZz5D8AC71pwgQb,Di2vordgFJVZ1aj1aBpvzXtLfZgJsuLLXawGtVFwX6Rz,6.40631129199997,7.4645116789999975,945.937875898268,147.65718254739352,0.3783751503593072,173.48337795036676,1283.091958072,173.750894713,219600.63561483964
ALBpShJ9NLpE739pcHDF2LNVk5J4VYPvvKuV6jMPitZi,D6d156U1bPiJpDYRLextvDRccgFk7QzkQbJg42ceKEu5,GNcM8U5g8RwTZffwwm3kSQqUNPSwv5d2fbN9sLxPJqt2,484.6688220000069,485.0040950000039,484.9137034202341,1.0005052551538527,0.19396548136809366,0.9996701088640749,51528.003845,48681.996228,100219.97510347568
SERgf3DMJpQxUifu7VoFKmfne73d2fDJxSrxUMrcNJB,AJfM2GZ2tTB8UtN2krcyR9xufRJEx2mhSCbJyMgPo3GU,F4yRYkufQvERZcEKnKjJwRLU1btiMBUuEwq46hfm11QD,1.7684667740000002,1.7601313239999996,269.91930871275,152.62899630408887,0.1079677234851,153.0264500097784,24.3346446,32.913699684,8750.839000045202
BUSDgu5JdqP1rndBvXvanbEufS94FNh1w5FJcAj6vawb,Bgzr8cWubt89JQFXndVjtdKmDbGzuPxNhvjH1EhWCwbo,Dxaf8xPBBQsasRKW5Aa4Sw2YrbfGofY9xZueyyF23FBW,12195.989993930001,12033.251543979997,12514.384852814614,1.0261065201794262,5.005753941125846,1.0,2589.86205276,12227.07934662,14884.55368532231
BSCNHw8CmxbZ8hCWWzMf5FaG2ajPT6JxfznKUNuRVrn4,7n9kgNL633yGzCYksgnzHyjG73ZLBAwvEae5sbAekbzW,SscdxE99omdG9AiMVwmaEMQySQnCgeAh1sPj2Leutm2,2055.6694283550023,2021.3077434680013,2101.2637567141865,1.0221797959001948,0.8405055026856746,1.0,2211.021089849,9482.686381836,11742.747468188878
SAMGk1Nd4haC8zQA63DG37pzuEZy8j4q13tSFtCbcRE,9U9TnkHD3jXMAVZtynCVLgDruuqN4pTvLJTmVHCLWS8g,C6zoEbvqSknmi96QWq96UBiPCyNW3YSTvKhavR2BfifE,0.32949494000000357,0.1948173999999998,0.7359611084928392,2.2336036738313227,0.0002943844433971357,0.0,53.183535,1.39916845,118.79093916333673
Lid8SLUxQ9RmF7XMqUA8c24RitTwzja8VSKngJxRcUa,4PgzyzLtds9bKZ2to9PMnKqJzKEUpjvNUaeN23phegax,AtymwxoVN9peZo7EXTcDz9jKVc4vRmisJKKrNfe3ewBa,1576.5344458659802,1381.8029383000069,273595.4086723216,173.5422967698225,27.359540867232162,152.96687670548508,1142.682420474,7579.761564665,1357756.1844466438
daob129AwBGn9Y5r91uLoWZeYiGzbPmksauMhFZKTze,6VW5GQNyj4LStgmxEHLr5zUfW92vQnmbw8jTnCH7a38F,4VPCCUifPeBA1c7HWK358CHn2nyjm8pdTRk6Ps3KmnMQ,28.64882507699987,25.897173972000004,4799.142229459645,167.51619714110157,1.919656891783858,152.95255794034085,53.071483462,232.893198588,44511.94353713348
RoBgmK8CvjdHvPrqdDyVw54VwjZv2TqJ493xnqJAQHx,ExiHJxM7qPAcy27NDHAF6G7vnW7muNHi2sVJpnaNynGQ,6rkPHSqZb7StM4HwS9EuVrmfkV7tRdc7dnsFhyB6cefE,20.49178799999939,25.03198299999925,0.491432941624213,0.023981945432200825,4.914329416242131e-05,0.9090735540503319,6045.078492,23.511981,166.3468626589487
AURHmCnNwiW4uA2Qj1XvEh4iKgRUZYXtiY7FKAapUV5Y,BKWm4TRnTeKwfWXRyuzjRHU7iZDkPuXBX5b5V5jSVfGJ,A5Ww74HVrkj9nPeC7pHKLfgeDMEhBCpW1efQdz3TGLEg,1.936273872999891,1.7204338469999811,332.638465743409,171.7930869087483,0.13305538629736358,151.50454619691774,285.131867163,1819.944015877,324713.47586522787
heyk4SZTeCUV6a65WiVA5bzic3KcxgVf1qxobfeV4tQ,9ZDpBKPqMABtGfq66FbVribaArMvtk63xxy91onZAtDt,DaTP4s6N7xxSPinbNZ3FB52EpRDRt87QShTuN3VPCW52,86.1824782959975,75.30146326199986,15037.136943060912,174.48021036730003,6.0148547772243655,153.30961735759223,654.171638948,4497.961924215,803720.8266703894
BSCuChvaSj9b5HUSqgDVRzcnr2sSn7cXaamt1jbKH6hn,GnKpRj5kBVPMJfiwZtEuD9GYApLzPdW5JFuZTcyX4BTc,3dmwD9okkomV9nDwyuh4UMhKdUR13QpuKxRo89ycZB5t,173.09764949300006,173.0736535630001,173.22348873573307,1.0007269841219772,0.06928939549429323,0.9933939303630854,1561.709177681,1533.863380648,3086.5750877982464
iLiUBQ7Z7im6Ew3b4ewwPcehzWgEQRJ1iQz7g6D62NW,GpugBvKWM3TVhYcZjemSdtehBWgfvuGr6uAm9iPjXT6v,92fMXJ3xy8tEyMUWLHKRLyhPw2nECBo77GtDiBBbYrjX,9.775468008999951,10.0,9.56048198596847,0.9780075979141305,0.003824192794387388,1.0,1865.499763466,1097.88479105,2922.3577336267617
DFWzVTzNBrQZLjoQ4yQwkj9HuoXmfkuZP9V5vbymZe23,DhgiEgiNdqZdRdo195UUHnoEJUtefK8buko8nU97XJUZ,2K2kkXsouBHtWVjtcgkyiXd8eP3oVBvq1bTJzcVdLLr2,21.1587287429993,24.288058062022174,18.433796933921236,0.871214767097969,0.007373518773568496,1.0,66536.12655173,9471.018016403,67438.27401376945
KZMu9QBEdL97EFgamLbN5DE1AoKBG4HdrKKJo4Vuon3,DD4ACBWyVqdaKWh7v5btsgqQCCMwbKnuL2xd9pv7Gyuw,GcYqiJ1MAuYbNTNYXm1F1gQYTfTgkErACAhNU5dpVj9T,1005.0066333499999,1012.8116854299985,992.2776362949502,0.9873344148857804,0.3969110545179801,1.0,1982.37569879,1102.7344309,3060.0021815486148
B2izdXFYb2sNwbWWHmh75T4aQFtfXsUxem9u2p61HGzf,4DYwgJtxwuJdAjkj5RJSNH4e7U329V5cNp7d3a1nLrZv,EXNW64GEf1ACC6xY9BtKRiunrs6GoJSXBdxWN2eTPmrF,8215.349960000021,8110.651505999993,8296.2215274496,1.009843958911469,0.82962215274496,1.0,9337.151356,30688.036438,40117.10232829863
KEVpg4SYCVrqFxKijQH6hm4QxsRdoE51ud64bEEFUC9,2bPenuBYfqzD8p5dFjCcggwkHDsc2RQDnx9AoyYGUBjA,AE6n6iLuX8oYu61vt5hoDYkjswpnxFxrhSehxrnQTnbx,1750.710146672,1754.0485341209996,1747.1595846884325,0.9979719304247382,0.698863833875373,1.0,5945.030212941,1652.225644649,7585.198922691123
Sid7E679i9ABqptiAVhkmQ27YHN8vaYT4fppPwmxFsJ,GP7KB8o1bv527HG8kTzzzf4wJ5aEGHvcMQvVhLziUfmT,9gYxhAZ1M9wu5pxr8SBoa5NDm21gi3s9vMHaYTME77sa,7785.561844000008,22061.09756800012,70.16363144569573,0.009012019023362813,0.028065452578278294,0.03429099745070438,140577.723646,7280.301746,1516.5379283712368
SoNcU2iwHMw6dGzsYNQkYFkUjwN1UdAjrWVRnStrZu2,8ivTTid27jZnYNc4w3CTA1Z6QS2twsFb8WMwUabeDJgc,CyXm53PMvHCbeXJBykU46Rcbo28xk5srhMZFg7gv6EYB,25.205258025999967,24.974906180000005,4530.108789075939,179.72872106300193,1.8120435156303756,172.58673691637208,11.718516168,14.468081805,4603.152951794835
MATSnbbiTCv7Dc3trJrkrqjx7ckKdr6fwPoVwv9q3sD,631WX9JizSHJm4w6VanZeJAst9T8DeUUnPLesdGkCVtK,211maUSfpnXbPuW1iBu8b4dtJv5EbN1j7JJiEX5TZKEP,236652.35376400006,235306.376651,236978.19878733266,1.0013768932281888,94.79127951493305,1.0001460213191127,18862.692923,25814.757646,44707.191988115126
MARpDPs5A7XiyCWPNH8GsMWPLxmwNn9SBmKvPa9LzgA,6YjT74rmcfCpw8LSjPNx5JTmZoYLGrTKnf9arfSgZ4SR,F8GSmi3vA8M8TsybLya1LQ4n1aFHCRbZ6k437PeTdXtg,147952.34939100026,154769.02584100002,134673.66108197827,0.9102502368926241,53.86946443279131,1.0,374535.192121,18596.698053,359517.44540576474
KEN5P7p3asnb23Sw6yAmJRGvijfAzso3RqfyLAQhznt,9zj4aX38Uxf3h6AUjS4EipWS8mwbEofasHAf3a1uKGds,CwQDG1MWunn9cLNwcZLd8YBacweSR7ARo32w4mLua1Yr,241370.36444699788,241423.212023,240981.9016215839,0.9983905943618887,24.098190162158392,1.0,2045560.038848,1864064.953971,3906332.856959383
moFiBS1R4Lf3E3zzmBPnw3NF4RhWPkhREFviuzUaCAU,44ALBrpqi9PfZkBRTvbtRNtFJGsatfY4QydjtMbFWq8S,2ho8qEEie1UjVwWNBo9y4oAJZMyMLx8zPj9bxyUz6uWs,1600.5425142210006,1604.0806043070043,1596.8537501211458,0.9976953038940987,0.6387415000484583,1.0,40821.096340422,27524.799695684,68251.81581433161
ercAoEmXjQzEvAFbdjAo81KtMxRGn9AW1ju882upmPH,CMRhskR2Eg6V42RTSdRTXGdozyPbWB8U9dVpijPWb9T4,7TKLLgrWswt6ZJ1pXhVR3FyufHGjJFqiEXxvWJfDcgRm,6.2432579260000125,6.381779551000022,955.8291266137294,153.0978117423572,0.3823316506454918,149.02827602898063,318.021070231,1012.812682076,199626.05789040294
FrnkTEL6yZ5Aycq2TrEgu29dCrwKG4LPUZydfiwqspkc,DjvZuMZ46fxKBoBpGMPcRcos4xdTtHFxwMh69DpA2ZFY,9rvDPJLAng4uVVqnnSoEXgNDFhBZQTny9AoQioYDZbQX,345.5593167229995,293.84770272599974,61622.93854456794,178.32810623932596,24.649175417827177,153.0568748633011,324.049681473,2568.893830035,450974.02750531014
BUSDTd9WiT6uBHJRgNvFXBsA7JrifsAtWzKfioN7ERcy,DyBxrn7gSc1EwnpWhDyhzvMHPtxpmBqRqotapLcKcfTM,Cds99GeBgoCpqBsoRWu1C6fF9LiUMd4pXQQD24s9LPff,4677.59262364,4664.95095517,4684.74984390903,1.0015301076525684,0.46847498439090296,0.9974674301947355,295.2303333,329.95313501,624.799573155374
ALLwa5WNZbvQsRKAqe1jdRGemdYQnW8E5k4msbRFcYtu,CGoM82Hbz7QVqTgvQatYtjvDWBvoUJp5qm21P8iMs9yb,3dxNNww8TivyN5FMy5dCNdi3Zcxv6e4kUfSPxfFwpdNq,6.600883173999999,6.274123643999997,26486.169544980337,4012.519059465533,10.594467817992134,3965.1699471839365,0.931521283,7.622632418,33962.77988461891
MATgk4zXLXtYkwBH678J1xZbRDZ45LicNzkRBHkxTuY,y8dALFo1bJrSzPYjMX14HJX448pXqYmrfXHD1K8MXih,GN7Yuet3UyiWS5YVkEHv6oQKi4HGBJc3XDPt9zQhAqZz,217622.50000399997,217674.34289300005,217796.7373939151,1.00080064051241,87.11869495756605,1.0,8588.899913,9682.034874,18277.811408227382
SUiuyGR7SFq3xeRVJonq84fjjeFwRSsFekcevJ53tzy,49GjCCPsv7fBqo6t3iKDrP1xxGDS8uWZbVCdfnp2gjMf,CEwj5xEbbJEjYqM8D6Ai8ByGz1mrh8mkAVsE5fzDSSSx,3.956168000000024,44.535889999999995,0.0355134888794001,0.008976739329421774,1.4205395551760038e-05,0.9400333899860123,634.279267,1.760923,7.3490860591100535
