0,1,2,3,4,5,6,7,8,9,10,11
parEAJhzYzHW87y9VoZAQ22dzQ2MD2ekEtTReaxbMcz,3oyc6hpjYSJEquK6dSvG72NXyz3pqLZz5D8AC71pwgQb,Di2vordgFJVZ1aj1aBpvzXtLfZgJsuLLXawGtVFwX6Rz,7.856594871999903,8.840828069000196,1260.4650905200665,160.43401894276548,0.5041860362080266,186.82376801868537,1282.754585868,174.043885829,238313.00807925366
MATSnbbiTCv7Dc3trJrkrqjx7ckKdr6fwPoVwv9q3sD,631WX9JizSHJm4w6VanZeJAst9T8DeUUnPLesdGkCVtK,211maUSfpnXbPuW1iBu8b4dtJv5EbN1j7JJiEX5TZKEP,224568.62922599996,223402.733254,224281.9968340461,0.9987236311993274,89.71279873361843,0.9983497278997817,20419.529944,24295.847321,44649.21965507007
KEN5P7p3asnb23Sw6yAmJRGvijfAzso3RqfyLAQhznt,9zj4aX38Uxf3h6AUjS4EipWS8mwbEofasHAf3a1uKGds,CwQDG1MWunn9cLNwcZLd8YBacweSR7ARo32w4mLua1Yr,267192.97955199913,267252.37300800043,266656.2006201507,0.9979910440283708,26.665620062015073,1.0,2058434.113672,1899403.277376,3953702.0875431336
JSoLLrxK5bYdHwTEWYaGgmeycBCNXKDiBCTw5hXGBg7,xG4wXczA7Dk4hccJ61CHKpDHW4NrNfQwgmWgkb9BuF2,BVR6WgfhsRr9Lob4QDnkEAiNGgAbv7ZieKcY9kSg3QYR,27.141893613000107,23.156669365999985,5287.29878653857,194.8021336288092,2.114919514615428,166.42715025958475,17.77703884,169.427082683,31660.271643360946
SUiuyGR7SFq3xeRVJonq84fjjeFwRSsFekcevJ53tzy,49GjCCPsv7fBqo6t3iKDrP1xxGDS8uWZbVCdfnp2gjMf,CEwj5xEbbJEjYqM8D6Ai8ByGz1mrh8mkAVsE5fzDSSSx,3.9620370000000094,0.0372030000000001,0.03817699369273206,0.009635698428038903,1.5270797477092827e-05,0.9357092863532415,623.727055,1.86643,7.756481686717114
ACUSESXyNnwRLAg1dpSGMLSzUDdLjUMybY8rkXiAKhCP,AhFPQdu8GKBsxuhiH46UmCu1YpaLgNpoP325HnYtsgas,A8wxWpT3aFEr2XqZp1kDmbxbFfcBE95UUmdsNTDBJYbT,0.0,0.03243110399989746,0.0,1.0,0.0,0.9871651492131812,1027.164017027,1857.75618587,2861.076179453069
BUSDTd9WiT6uBHJRgNvFXBsA7JrifsAtWzKfioN7ERcy,DyBxrn7gSc1EwnpWhDyhzvMHPtxpmBqRqotapLcKcfTM,Cds99GeBgoCpqBsoRWu1C6fF9LiUMd4pXQQD24s9LPff,7330.280318149993,7364.04274584,7332.107699351902,1.0002492921310777,0.7332107699351902,0.9968360424014179,310.40994543,315.30680665,624.796517470019
heyk4SZTeCUV6a65WiVA5bzic3KcxgVf1qxobfeV4tQ,9ZDpBKPqMABtGfq66FbVribaArMvtk63xxy91onZAtDt,DaTP4s6N7xxSPinbNZ3FB52EpRDRt87QShTuN3VPCW52,111.68221459300275,97.81407572800083,20875.301257447052,186.91697092076606,8.35012050297882,166.2039548563466,655.516610586,4496.462041699,869856.9534307992
TETFuZgEmET6d9vYmz9iMFCxK1jKdKYxf3oPz8hSzJK,Eu1Ze6Z84LWNkq7SNoAHBJbXx5t1P95EwyqYohrfCRFV,ASMbv7WNu3qe4pkhREmvyEdwFNDZQ6B6iSrjkj4u8bdC,38.71599637,39.00800102599993,38.37405845094194,0.9911680454820214,0.015349623380376775,0.9985664131218338,296.790256342,55.532580357,349.6219878750978
SoN9GaFpSXfpyR5dth3x7PHPVhvJMpQqqDJfCSmPv1t,9kZ9iS68ViMPtoeqtnhAKuF2iqVyfHPdZHoUNdwCELr,BBhm5fJLjw3HRzjtKB8uMEYjGhY6EDm9co3cqpjrSzB9,21.498645589999974,21.20156823899999,4170.484955143119,193.98826487390474,1.6681939820572476,193.663223140896,36.362868042,43.776213038,15531.812191147937
7dwD9TF6uikvHXxPFK9AsSim54yJoujQjY9vU6gNFumk,CquVr6atkvwueDYficKjn6SSEWq4F4rH4VSiBbW4GBWU,8BCa6ge3b7ho3TfZuM64Vk1hgbrJ3J7EPiAb9uP86CGd,1.4879067719999999,1.538688702999997,277.4122105936713,186.44461858371818,0.11096488423746853,194.90506466657686,2.955235946,1.233701474,791.4425043460849
GokA1R67GqSavkd15zR62QD68Tuc5AEfvjssntVDEbM8,3YB7hfpBdbQEuZqLGWVDpRPmeZWCUsrrWyqGXegnQ6Cg,4DPCj6Z1DsG6HUtwSogBGqXEUxdEV5a8YVrrFtcnz7UW,51120.27563699997,51142.728237,51112.40432673365,0.9998460237123483,5.111240432673366,1.0,20543.084997,13281.734852,33821.65670103525
KEnkcdADoLR5jS2CLLLesy8TtFsyWL37BhXNfDMzWzP,3qsjFRuw1qeLMPo4DLwaQevenGAGBj9dA3Q6rb8ax2YR,77iEv8zPQAEyCcEbvBRSB6AFcUdfkhiqnAKtPxk76rNN,3.4803479999999922,0.030196999999999974,0.033535583752628266,0.009635698428038903,1.3414233501051306e-05,1.0002210488517962,116.710029,0.319297,1.4439502232069068
SoNcU2iwHMw6dGzsYNQkYFkUjwN1UdAjrWVRnStrZu2,8ivTTid27jZnYNc4w3CTA1Z6QS2twsFb8WMwUabeDJgc,CyXm53PMvHCbeXJBykU46Rcbo28xk5srhMZFg7gv6EYB,19.212865375000007,19.057605921,3747.9179090400316,195.07334465148878,1.4991671636160127,193.90013445035325,12.799837306,13.386741391,5092.598029843331
AURHmCnNwiW4uA2Qj1XvEh4iKgRUZYXtiY7FKAapUV5Y,BKWm4TRnTeKwfWXRyuzjRHU7iZDkPuXBX5b5V5jSVfGJ,A5Ww74HVrkj9nPeC7pHKLfgeDMEhBCpW1efQdz3TGLEg,2.4709540839999136,2.1970700530000045,460.50771667605903,186.36838282749537,0.18420308667042362,166.42626392842206,286.885138437,1817.972954127,356024.7659860191
SAMGk1Nd4haC8zQA63DG37pzuEZy8j4q13tSFtCbcRE,9U9TnkHD3jXMAVZtynCVLgDruuqN4pTvLJTmVHCLWS8g,C6zoEbvqSknmi96QWq96UBiPCyNW3YSTvKhavR2BfifE,0.32949494000000357,0.1948173999999998,0.7508914893859541,2.2789166030469117,0.00030035659575438164,0.0,53.183535,1.39916845,121.20084092022653
CZgvH45CRmoaNJ7395Ao5CQZXkGznvqU7cErD6n7FaRg,4ZjU6MKvtqVQKCiowhvZ5yUsPxXX5SCzd5eFsPeXyey5,BsyWeshjDbCvjDojry3vKDCesmFRM37WtwcR4Kfgzqr,886.07069971,886.46650775,883.5997747917789,0.9972113682135864,0.35343990991671154,1.0,597.64445487,507.77009274,1103.7479372861758
wrmcMSHFi3sWpAEy4rGDvQb3ezh3PhXoV2xNjgLBkKU,8p4mGnARWPBu6P2Gcw4adodLkNDorrXniZMhaY7eJXUn,AyY89zccbsgp9LKFgH4CFZMJmpSgqmPSdTfukhP227rc,0.029660009999999626,0.37829783000000067,8.294186241610632,279.64205816554806,0.003317674496644253,3977.8829706830024,49.50353318,0.14095202,14403.960544963067
YAkoNb6HKmSxQN9L8hiBE5tPJRsniSSMzND1boHmZxe,CfWX7o2TswwbxusJ4hCaPobu2jLCb1hfXuXJQjVq3jQF,EnTrdMMpdhugeH6Ban6gYZWXughWxKtVGfCwFn78ZmY3,13725703.183957914,13735726.338848984,13725703.183957914,1.0,1372.5703183957914,0.9990628790194797,1001496.844862,241149.688224,1242420.5466537194
FrnkTEL6yZ5Aycq2TrEgu29dCrwKG4LPUZydfiwqspkc,DjvZuMZ46fxKBoBpGMPcRcos4xdTtHFxwMh69DpA2ZFY,9rvDPJLAng4uVVqnnSoEXgNDFhBZQTny9AoQioYDZbQX,84.50804615599873,72.05474640800009,15477.757678022363,183.15129010852996,6.191103071208945,165.3719695173156,323.965540257,2568.998289535,484175.01347579435
KEVpg4SYCVrqFxKijQH6hm4QxsRdoE51ud64bEEFUC9,2bPenuBYfqzD8p5dFjCcggwkHDsc2RQDnx9AoyYGUBjA,AE6n6iLuX8oYu61vt5hoDYkjswpnxFxrhSehxrnQTnbx,1827.603795672,1831.0857946450005,1824.3432236507842,0.9982159305923214,0.7297372894603138,1.0,5836.276701741,1760.776437649,7586.640816671676
daob129AwBGn9Y5r91uLoWZeYiGzbPmksauMhFZKTze,6VW5GQNyj4LStgmxEHLr5zUfW92vQnmbw8jTnCH7a38F,4VPCCUifPeBA1c7HWK358CHn2nyjm8pdTRk6Ps3KmnMQ,75.28423061699957,67.9172557680001,13827.120132701959,183.66555677570707,5.530848053080784,166.13354412357413,52.415414849,233.647276669,48443.55649971349
KwnjUuZhTMTSGAaavkLEmSyfobY16JNH4poL9oeeEvE,J63v6qEZmQpDqCD8bd4PXu2Pq5ZbyXrFcSa3Xt1HdAPQ,BnKQtTdLw9qPCDgZkWX3sURkBAoKCUYL1yahh6Mw7mRK,1364.3057780000008,38632.091407000495,47.17302024475723,0.03457657440541691,0.004717302024475723,1.0,270437.73932,773.472382,10124.282997630722
BSC8REUo9LpiiWUuqMuLXs2D2yJsJfGd4HdiF3wCLxk5,AZjEH1zWVx1UJ6udMyRijGTzPteuLnaY18yNNmprJEsh,Caf8ypkSVR8xYnXNhjvfvdGCC7mrM3C11rz8Xi6NA6aK,2545.904089753001,2542.041438518,2546.210248619505,1.0001202554596367,1.0184840994478022,1.0,3200.131525738,3103.294446583,6303.810805608526
AUSejoEUCh2DBs9mof6BNC8Pubs22w4cJa1ccV9h44R,4xkyD7AfGQDwsQMy9MosRRNGoVJ1zosNinesxg1TzHG7,Cbm5gsQe3nSiCsFrvepVzMCD9xLK3ri9g3ypS2hdmVJ7,10360.297268000004,10381.004551000002,10359.64461038955,0.9999370039687501,1.0359644610389551,1.0,14488.055386,14366.684403,28853.827099010152
MATgk4zXLXtYkwBH678J1xZbRDZ45LicNzkRBHkxTuY,y8dALFo1bJrSzPYjMX14HJX448pXqYmrfXHD1K8MXih,GN7Yuet3UyiWS5YVkEHv6oQKi4HGBJc3XDPt9zQhAqZz,206303.18036999996,206357.4280409999,206485.09373758276,1.0008817768454008,82.59403749503312,1.0,8595.471506,9808.54871,18411.59950374929
BSCuChvaSj9b5HUSqgDVRzcnr2sSn7cXaamt1jbKH6hn,GnKpRj5kBVPMJfiwZtEuD9GYApLzPdW5JFuZTcyX4BTc,3dmwD9okkomV9nDwyuh4UMhKdUR13QpuKxRo89ycZB5t,381.24171544199953,381.4184027030003,381.029669001933,0.9994438005300109,0.1524118676007732,0.9985114829858995,1685.472823473,1410.293121514,3092.7292405896605
WiiQFxXqp8P9Fs1rt9SVcDyA3KUdJmUsog6wnVQAwba,3S2jpqSYxho6wiz3cafhjXruVY8cg4HYa2v3BqBHYFSj,Dfe67M6TfrG74gKRtdqys4e6E9QirPD53BkF4FujFjuv,5880.515032300002,5907.012548085007,5860.987248460898,0.9966792391938728,0.5860987248460898,1.0,21674.929950717,5038.082830867,26641.035523728104
ercAoEmXjQzEvAFbdjAo81KtMxRGn9AW1ju882upmPH,CMRhskR2Eg6V42RTSdRTXGdozyPbWB8U9dVpijPWb9T4,7TKLLgrWswt6ZJ1pXhVR3FyufHGjJFqiEXxvWJfDcgRm,12.412059975999966,12.402416876000018,2064.6409777687827,166.34152443357385,0.8258563911075131,159.74338822116152,306.70083253,1012.968841837,212832.1589855947
B2izdXFYb2sNwbWWHmh75T4aQFtfXsUxem9u2p61HGzf,4DYwgJtxwuJdAjkj5RJSNH4e7U329V5cNp7d3a1nLrZv,EXNW64GEf1ACC6xY9BtKRiunrs6GoJSXBdxWN2eTPmrF,10700.448625000006,10542.070818999982,10787.732165954745,1.008156998273027,1.0787732165954746,1.0,8359.568549,31681.649046,40109.40658121744
C98Sspw7XqnMsgxea3SLQVdbMDL8pKUc3RE82UvX9eq2,CSqgQJurPCzGxb4Cgwx5R61hWQUiaoUHcShNc8r1cKEL,6S2CR5EnukPhC914XkAns8m5GixjMAoUuZMsS5ubHuWc,173.44216500000005,173.05446900000027,0.0,0.0,0.0,1.0,910.06131,1103.011804,1103.011804
Sid7E679i9ABqptiAVhkmQ27YHN8vaYT4fppPwmxFsJ,GP7KB8o1bv527HG8kTzzzf4wJ5aEGHvcMQvVhLziUfmT,9gYxhAZ1M9wu5pxr8SBoa5NDm21gi3s9vMHaYTME77sa,2269.689719,8434.599316999956,21.87004565750436,0.009635698428038903,0.008748018263001743,0.03509015344678471,139601.204903,7540.858623,1609.7649968377536
ZUCKWFa4LTL833dPhhpeeRWZcaAEoMeYJPi2iKn4F8N,7eEYpq6ShaJ9opZWMxitRFrdCHh6vfyHhGfoSvFht3N2,H8VggnHmuwd1wvwpT8eg9cUJFEfZ7HAaeYjgXrSm7A2u,0.032080951999887475,0.032080951999887475,0.03209631952509817,1.0004790233535075,1.283852781003927e-05,1.0,1916.072738944,1930.384487349,3847.375069881973
BUSDgu5JdqP1rndBvXvanbEufS94FNh1w5FJcAj6vawb,Bgzr8cWubt89JQFXndVjtdKmDbGzuPxNhvjH1EhWCwbo,Dxaf8xPBBQsasRKW5Aa4Sw2YrbfGofY9xZueyyF23FBW,14788.231493449997,14515.83193688999,15138.540034792295,1.0236883322726897,6.055416013916918,1.0,2640.34120296,12178.20213377,14881.08861645899
KysFMBBoavfov2tLpvefWW6tPFt6rAeZWDJVy1mMQae,B8ka2V21TH3x64dFV8ETcjuQcwmrciJ2qzy1mJUttRew,7fSf7EYxBANyxzk2s5pymFgshA91tFYQNKKs5UnLWcYS,483.5799489999881,585.2056139999927,11.848525196825447,0.024501688337838296,0.004739410078730179,0.035176629772831085,134974.449735,2266.113624,3386.8161409528075
RoBgmK8CvjdHvPrqdDyVw54VwjZv2TqJ493xnqJAQHx,ExiHJxM7qPAcy27NDHAF6G7vnW7muNHi2sVJpnaNynGQ,6rkPHSqZb7StM4HwS9EuVrmfkV7tRdc7dnsFhyB6cefE,0.6215880000000027,24.52618899999925,0.015233613666481838,0.024507573612234747,1.5233613666481838e-06,0.9399282458777096,6045.078492,23.511981,170.24978119286703
NorjjEePhxfwLF4vZjUHCrVVKLzQjEEGQFd3wgjEJmh,34M8pFVqgbV7aqHxvRT5tCv3vu2P1JJYT8J3VaxBK2oG,3AZWBSze3ucsY3xSeuLne3b2pauVqiaJ1SZSV5T9WGWw,24.41084299999966,37.46884200000204,15.867249464067973,0.6500082551048398,0.006346899785627189,1.0,37633.895191,2561.880191,27024.222736900334
RajgMbScQbqqrdJfR2rxfHJiTiY5b6bJ2tTXiF4aPxy,725ZA3fhyBAKb5iopNRrcbSuQa3LXA1656Q3mBvYPxeg,GLA6i1dSZpUfk2f9Nj8uiG7xyDdAR2reff8oEiZH3617,225225.5538359601,225157.75936125996,226080.26156883416,1.0037948967970862,90.43210462753366,1.0,49626.80577722,183722.9222511,233538.0566346136
BSCNHw8CmxbZ8hCWWzMf5FaG2ajPT6JxfznKUNuRVrn4,7n9kgNL633yGzCYksgnzHyjG73ZLBAwvEae5sbAekbzW,SscdxE99omdG9AiMVwmaEMQySQnCgeAh1sPj2Leutm2,1785.506326638002,1754.206356126001,1824.4066220107957,1.0217867026245941,0.7297626488043183,1.0,2201.298486857,9492.649513655,11741.907036033122
Lid8SLUxQ9RmF7XMqUA8c24RitTwzja8VSKngJxRcUa,4PgzyzLtds9bKZ2to9PMnKqJzKEUpjvNUaeN23phegax,AtymwxoVN9peZo7EXTcDz9jKVc4vRmisJKKrNfe3ewBa,1323.194717671001,1171.3289141310036,246767.91259677662,186.49402790174452,24.67679125967766,165.95973352177506,1193.451697823,7522.578300791,1471016.704429149
MARpDPs5A7XiyCWPNH8GsMWPLxmwNn9SBmKvPa9LzgA,6YjT74rmcfCpw8LSjPNx5JTmZoYLGrTKnf9arfSgZ4SR,F8GSmi3vA8M8TsybLya1LQ4n1aFHCRbZ6k437PeTdXtg,135737.46308700007,143002.67081399786,126635.88850814283,0.9329472175782183,50.654355403257135,1.0,374327.500958,18825.252743,368053.05322477396
STK75uPSyBnEhGTTzb1nwmP3n427XoXmfRhXxxhyady,6TYyD5fUmDe6N65avW1Ny2RxzRNobw2RRgKwH9CTzSAU,54zDfk4cx2vGrEajPtodWpArNe5eUurytyxd4X3aZAxK,607.6204213020022,676.7444032389968,100915.88908494191,166.08376800223482,10.091588908494193,185.2283708368303,463.50696339,86.575817957,93017.28068912622
Cob4usZcpHEY7Qt4ZCwj6WVg9S44zvzYV2v9qYF65dTf,NhFM9UXE48PyNAyeyPYA3iXztqKVJwA4bTdLj4ysM8w,6TuFuynuBoeskxyR2cz4wxyidk8dpDK7kAWw3UkjQGx,98.38546700000245,4761.018903000004,0.9480126897137969,0.009635698428038903,0.0003792050758855188,1.0,70049.806787,195.27413,870.2529431419247
SAMyS8Jr2HJrkFwYVKbpUwsNStnQmvz3f8Tup8bWUWF,6jPzm5TFfquvgm25sTyN3MMGBfufRaFHMxobDWv6hMFW,Cj9ECoDmxsHTDzCY5ZA6RWrPbg9uFzEC1Qc2kso2vJG6,6033.111715359948,212.75187985000002,5949.341711918198,0.9861149590138574,2.379736684767279,0.035319289912740165,702.66272222,110898.78729036,4609.77264080207
HEDSDjj84KS7LKhZY7ejkCACTdPen62rKhCby1wXtgxc,EnnjMSFttpCTywBrYNt1J5QQeoSVkvzPipJDa8Y7kJow,6bjVT6JN2rSvpyn9PdfLYC8wJn4LWh49jpY47fnLDXZk,6.05612072599979,6.232742792992212,5.886209702801623,0.9719439174208145,0.0023544838811206496,1.0,38643.647207764,9563.49231388,47122.950164422065
KZMu9QBEdL97EFgamLbN5DE1AoKBG4HdrKKJo4Vuon3,DD4ACBWyVqdaKWh7v5btsgqQCCMwbKnuL2xd9pv7Gyuw,GcYqiJ1MAuYbNTNYXm1F1gQYTfTgkErACAhNU5dpVj9T,259.41400144000113,262.78844192999964,255.81202739762745,0.9861149590138574,0.10232481095905098,1.0,2012.60140041,1073.02299343,3057.6793409065394
SEQV6QiTpvTzrceiaYg9Avnwf7oc8ZALpnQMz6TyT4A,3dFMPj4r9mMmPHF32mz1gNDX7f8ftidWof7S8YiYTs1j,Fc1ED3YPeQfXQosHbd8DTaBd2AV5gHQtwiSAL5C5pUhi,101.60449100800008,102.02913355500004,100.92149860994586,0.9932779310119231,0.04036859944397835,0.9987921845821972,4659.380746175,944.822225987,5571.741122492865
DFWzVTzNBrQZLjoQ4yQwkj9HuoXmfkuZP9V5vbymZe23,DhgiEgiNdqZdRdo195UUHnoEJUtefK8buko8nU97XJUZ,2K2kkXsouBHtWVjtcgkyiXd8eP3oVBvq1bTJzcVdLLr2,59.22247466399676,67.83937444502953,51.660308834453375,0.8723091888265745,0.020664123533781352,1.0,66483.359216563,9517.065887522,67511.11103618784
vEnkoSUkpnbRrPgBz9DfcVxNz67zjwMYBZraAvDDNSf,DtfyjjsZ5yCjWKLKHvwsfXs5QVsmm1QkK6Sh9JZHoq1g,e5wrKCRv4GhHvEf1VD5Pq2KGaZDXP77nTL612Jyrxwy,2710.101695000002,2711.117604000002,2708.574059230596,0.999436317916695,0.2708574059230596,0.9998330278843433,4371.956542,2490.973933,6860.050158240647
SERgf3DMJpQxUifu7VoFKmfne73d2fDJxSrxUMrcNJB,AJfM2GZ2tTB8UtN2krcyR9xufRJEx2mhSCbJyMgPo3GU,F4yRYkufQvERZcEKnKjJwRLU1btiMBUuEwq46hfm11QD,2.223364611000001,2.2129025490000025,368.82605661372696,165.88644740901958,0.14753042264549077,166.08376800223482,26.082027007,31.159012226,9501.660959139117
Lee1XZJfJ9Hm2K1qTyeCz1LXNc1YBZaKZszvNY4KCDw,9DgFSWkPDGijNKcLGbr3p5xoJbHsPgXUTr6QvGBJ5vGN,2hNHZg7XBhuhHVZ3JDEi4buq2fPQwuWBdQ9xkH7t1GQX,7809.332800810447,6663.235835422983,1520677.7857916926,194.72569867093867,152.06777857916927,166.10255470712215,7352.56210435,56575.626026451,10829088.80993928
moFiBS1R4Lf3E3zzmBPnw3NF4RhWPkhREFviuzUaCAU,44ALBrpqi9PfZkBRTvbtRNtFJGsatfY4QydjtMbFWq8S,2ho8qEEie1UjVwWNBo9y4oAJZMyMLx8zPj9bxyUz6uWs,1640.957169833,1644.5963031300053,1637.1943781613675,0.9977069531485605,0.6548777512645471,1.0,40861.612039245,27484.385040072,68252.29948848567
BkwbeSfcX1h4thMDd7obGkHrPevf3QwgzJ4pCEqG18Lu,35yX27bmurdebhfAb8EPmjLETDiUaEUCn9zHaDPbakH2,2CxECn1ZJFoESyUnQysQU8rRgT3iJ5GRs2Mdd6gZjx5g,0.09013927000000188,0.08144456000000089,161.58624336727715,1792.6287107414312,0.06463449734691086,1550.387596899225,1.72798377,21.58093673,36556.44995345614
ALLwa5WNZbvQsRKAqe1jdRGemdYQnW8E5k4msbRFcYtu,CGoM82Hbz7QVqTgvQatYtjvDWBvoUJp5qm21P8iMs9yb,3dxNNww8TivyN5FMy5dCNdi3Zcxv6e4kUfSPxfFwpdNq,8.499450884000005,8.339616223,33773.54718270685,3973.615195104506,13.509418873082739,3939.9706078192653,0.975807866,7.580830676,33745.735010134755
ALBpShJ9NLpE739pcHDF2LNVk5J4VYPvvKuV6jMPitZi,D6d156U1bPiJpDYRLextvDRccgFk7QzkQbJg42ceKEu5,GNcM8U5g8RwTZffwwm3kSQqUNPSwv5d2fbN9sLxPJqt2,4615.602931000023,4618.4489570000005,4612.01017507364,0.9992216063686388,1.8448040700294563,0.9998850132234792,52807.675115,47404.879678,100165.99870069796
Dg3mAgpwDfVNnbGWcsxL8sUcSkEbjSJQhKAWNigG44Ju,EATxwd8YA2wV93VJcKMmH2Kn2Y9XfJVUB9hHVu3udwEy,GiGvrRi7NMHfHKanG2B8xyCEqe8jaafWins8bhrLVEaa,0.039210985999999975,0.039113412999999986,7.6359293671899655,194.7395397603613,0.0030543717468759866,194.95883249293078,0.200861766,0.257957642,89.40684858324279
