0,1,2,3,4,5,6,7,8,9,10,11
C98Sspw7XqnMsgxea3SLQVdbMDL8pKUc3RE82UvX9eq2,CSqgQJurPCzGxb4Cgwx5R61hWQUiaoUHcShNc8r1cKEL,6S2CR5EnukPhC914XkAns8m5GixjMAoUuZMsS5ubHuWc,38.86156300000016,38.80323199999998,0.0,0.0,0.0,1.0,922.668364,1090.519863,1090.519863
KZMu9QBEdL97EFgamLbN5DE1AoKBG4HdrKKJo4Vuon3,DD4ACBWyVqdaKWh7v5btsgqQCCMwbKnuL2xd9pv7Gyuw,GcYqiJ1MAuYbNTNYXm1F1gQYTfTgkErACAhNU5dpVj9T,204.68054130999917,201.83141230999968,207.60977825877683,1.01431126246799,0.08304391130351074,1.0,1087.86851544,1998.39742827,3101.8347155651245
oKQqupM9E7SSLAFDLxr7mdsXP7znck9qRbVWc6Yyj7Q,CMR2J7CwfW98RpvnJmFBgRFTLAd3x8CJ1SWs8Bt3uunG,FmRb5jHfSNj1YWP3b45d9vvYuhwjp4om8bALmtqZpr1v,0.038445669999873644,0.038445669999873644,0.038378437118591804,0.9982512235764897,1.5351374847436723e-05,1.0,3105.51324212,2783.44241828,5883.524812059281
CZgvH45CRmoaNJ7395Ao5CQZXkGznvqU7cErD6n7FaRg,4ZjU6MKvtqVQKCiowhvZ5yUsPxXX5SCzd5eFsPeXyey5,BsyWeshjDbCvjDojry3vKDCesmFRM37WtwcR4Kfgzqr,0.018748840000000655,0.018748840000000655,0.018696570372142663,0.997212114037029,7.478628148857067e-06,1.0,597.64445487,507.78884158,1103.7671318634204
BUSDgu5JdqP1rndBvXvanbEufS94FNh1w5FJcAj6vawb,Bgzr8cWubt89JQFXndVjtdKmDbGzuPxNhvjH1EhWCwbo,Dxaf8xPBBQsasRKW5Aa4Sw2YrbfGofY9xZueyyF23FBW,20417.345023559996,20303.373505779986,20469.03116947573,1.00253148222044,8.187612467790293,1.0,6270.84938511,8540.45543573,14827.179364565465
JSoLLrxK5bYdHwTEWYaGgmeycBCNXKDiBCTw5hXGBg7,xG4wXczA7Dk4hccJ61CHKpDHW4NrNfQwgmWgkb9BuF2,BVR6WgfhsRr9Lob4QDnkEAiNGgAbv7ZieKcY9kSg3QYR,55.26161243499982,48.30401591200001,12804.604433609695,231.70884578640937,5.121841773443879,201.8536218090727,18.446935956,166.677828332,37918.84156274565
GokA1R67GqSavkd15zR62QD68Tuc5AEfvjssntVDEbM8,3YB7hfpBdbQEuZqLGWVDpRPmeZWCUsrrWyqGXegnQ6Cg,4DPCj6Z1DsG6HUtwSogBGqXEUxdEV5a8YVrrFtcnz7UW,62405.05545399999,62413.03920300004,62375.427126115086,0.999525225517879,6.237542712611509,1.0,22176.760624,11791.694145,33957.92580895962
SERgf3DMJpQxUifu7VoFKmfne73d2fDJxSrxUMrcNJB,AJfM2GZ2tTB8UtN2krcyR9xufRJEx2mhSCbJyMgPo3GU,F4yRYkufQvERZcEKnKjJwRLU1btiMBUuEwq46hfm11QD,0.1227426230000006,0.12196056000000155,24.566231939982462,200.14426398548073,0.009826492775992984,201.97658323889246,26.203928038,31.039376067,11513.793014573725
Dg3mAgpwDfVNnbGWcsxL8sUcSkEbjSJQhKAWNigG44Ju,EATxwd8YA2wV93VJcKMmH2Kn2Y9XfJVUB9hHVu3udwEy,GiGvrRi7NMHfHKanG2B8xyCEqe8jaafWins8bhrLVEaa,0.14027087400000002,0.14083933,27.23999848527366,194.19568516607129,0.010895999394109464,235.10691722167573,0.264616321,0.194521959,97.12080587513125
ercAoEmXjQzEvAFbdjAo81KtMxRGn9AW1ju882upmPH,CMRhskR2Eg6V42RTSdRTXGdozyPbWB8U9dVpijPWb9T4,7TKLLgrWswt6ZJ1pXhVR3FyufHGjJFqiEXxvWJfDcgRm,0.05632448300002579,0.05679746600003455,11.370772133494553,201.87974265985443,0.004548308853397821,195.457795384616,298.015945959,983.040594361,252306.32982611965
KEN5P7p3asnb23Sw6yAmJRGvijfAzso3RqfyLAQhznt,9zj4aX38Uxf3h6AUjS4EipWS8mwbEofasHAf3a1uKGds,CwQDG1MWunn9cLNwcZLd8YBacweSR7ARo32w4mLua1Yr,471593.5196279993,471681.7261930017,466762.9894501794,0.989757004757762,46.67629894501794,1.0,1884817.601469,1813411.949188,3678923.372932667
heyk4SZTeCUV6a65WiVA5bzic3KcxgVf1qxobfeV4tQ,9ZDpBKPqMABtGfq66FbVribaArMvtk63xxy91onZAtDt,DaTP4s6N7xxSPinbNZ3FB52EpRDRt87QShTuN3VPCW52,151.36991468900305,132.13903164999965,34331.44473364664,226.80494207968792,13.732577893458657,200.97601994325242,655.950912138,4469.583759071,1047052.063335668
SoN9GaFpSXfpyR5dth3x7PHPVhvJMpQqqDJfCSmPv1t,9kZ9iS68ViMPtoeqtnhAKuF2iqVyfHPdZHoUNdwCELr,BBhm5fJLjw3HRzjtKB8uMEYjGhY6EDm9co3cqpjrSzB9,9.659138029999998,9.447785526000002,2247.1054954309425,232.6403752023971,0.898842198172377,230.5894419551033,4.006762164,5.551791122,2212.319069853005
MARpDPs5A7XiyCWPNH8GsMWPLxmwNn9SBmKvPa9LzgA,6YjT74rmcfCpw8LSjPNx5JTmZoYLGrTKnf9arfSgZ4SR,F8GSmi3vA8M8TsybLya1LQ4n1aFHCRbZ6k437PeTdXtg,616753.7901800006,627841.9508740006,594448.3063797145,0.9638340547631233,237.77932255188585,1.0,367801.021836,25255.909917,379755.06013921194
YAkoNb6HKmSxQN9L8hiBE5tPJRsniSSMzND1boHmZxe,CfWX7o2TswwbxusJ4hCaPobu2jLCb1hfXuXJQjVq3jQF,EnTrdMMpdhugeH6Ban6gYZWXughWxKtVGfCwFn78ZmY3,19807503.32320088,19788295.290612943,19807503.32320088,1.0,1980.7503323200883,0.9927164394835095,227292.267652,1110599.304285,1329802.454694668
WiiQFxXqp8P9Fs1rt9SVcDyA3KUdJmUsog6wnVQAwba,3S2jpqSYxho6wiz3cafhjXruVY8cg4HYa2v3BqBHYFSj,Dfe67M6TfrG74gKRtdqys4e6E9QirPD53BkF4FujFjuv,35158.160655058,35258.03460847899,35061.748315343204,0.9972577535935194,3.5061748315343206,1.0,21282.136104683,5438.910976418,26662.686219845702
Lee1XZJfJ9Hm2K1qTyeCz1LXNc1YBZaKZszvNY4KCDw,9DgFSWkPDGijNKcLGbr3p5xoJbHsPgXUTr6QvGBJ5vGN,2hNHZg7XBhuhHVZ3JDEi4buq2fPQwuWBdQ9xkH7t1GQX,10469.132715589207,8958.37189408895,2449508.38846881,233.97433722674427,244.950838846881,201.46862569385792,7560.599506098,56348.01863565,13121344.13357243
BSCuChvaSj9b5HUSqgDVRzcnr2sSn7cXaamt1jbKH6hn,GnKpRj5kBVPMJfiwZtEuD9GYApLzPdW5JFuZTcyX4BTc,3dmwD9okkomV9nDwyuh4UMhKdUR13QpuKxRo89ycZB5t,995.0687850119998,995.8779314140004,994.0034965546897,0.9989294323434161,0.39760139862187593,0.9954765545361874,1572.895911867,1523.909091233,3088.2277919435815
SEQV6QiTpvTzrceiaYg9Avnwf7oc8ZALpnQMz6TyT4A,3dFMPj4r9mMmPHF32mz1gNDX7f8ftidWof7S8YiYTs1j,Fc1ED3YPeQfXQosHbd8DTaBd2AV5gHQtwiSAL5C5pUhi,285.8767440529998,285.9073871860005,284.91326994283037,0.996629756948712,0.11396530797713214,0.9974614605828167,4130.989448896,1473.256121352,5586.583213027256
TETFuZgEmET6d9vYmz9iMFCxK1jKdKYxf3oPz8hSzJK,Eu1Ze6Z84LWNkq7SNoAHBJbXx5t1P95EwyqYohrfCRFV,ASMbv7WNu3qe4pkhREmvyEdwFNDZQ6B6iSrjkj4u8bdC,2.002560570000007,2.0020707719999677,1.9844272272256653,0.9909449216937585,0.0007937708908902662,0.9955033115417657,310.137502717,42.29515226,349.4341474811886
SAMyS8Jr2HJrkFwYVKbpUwsNStnQmvz3f8Tup8bWUWF,6jPzm5TFfquvgm25sTyN3MMGBfufRaFHMxobDWv6hMFW,Cj9ECoDmxsHTDzCY5ZA6RWrPbg9uFzEC1Qc2kso2vJG6,5205.202553159965,150.7868420000002,5279.695573097289,1.01431126246799,2.1118782292389158,0.030270623307550534,632.2571732,113055.18906806,4063.5566127960838
STK75uPSyBnEhGTTzb1nwmP3n427XoXmfRhXxxhyady,6TYyD5fUmDe6N65avW1Ny2RxzRNobw2RRgKwH9CTzSAU,54zDfk4cx2vGrEajPtodWpArNe5eUurytyxd4X3aZAxK,2381.237703205992,2642.6715787749954,479868.72602150193,201.52071562424368,47.98687260215019,223.71369658024534,479.549899096,91.695883719,117152.8639513296
AURHmCnNwiW4uA2Qj1XvEh4iKgRUZYXtiY7FKAapUV5Y,BKWm4TRnTeKwfWXRyuzjRHU7iZDkPuXBX5b5V5jSVfGJ,A5Ww74HVrkj9nPeC7pHKLfgeDMEhBCpW1efQdz3TGLEg,0.9318580460002295,1.0168249499998865,209.87732378266224,225.22456578392902,0.0839509295130649,201.2058265183243,286.337084549,1818.566573946,430396.336124787
SoNcU2iwHMw6dGzsYNQkYFkUjwN1UdAjrWVRnStrZu2,8ivTTid27jZnYNc4w3CTA1Z6QS2twsFb8WMwUabeDJgc,CyXm53PMvHCbeXJBykU46Rcbo28xk5srhMZFg7gv6EYB,61.87175775899996,60.83949169500001,14419.622098474332,233.05660968354874,5.767848839389734,230.86647883369946,13.863013609,15.93163383,6908.947156110383
BSCrK1Nx9PXU9mF7STWWBqeHLxmtJDr9h7jheEy4tAWX,FfSySSbVJPvEo5a5AvrP3nySoXpRE2QPn1uUMpJJ1x7v,HL7Vcj6838ZmvBHDbQxXfjBNckNi83WvPiZQoMQLFeRM,0.054050522999999906,0.05376418900000002,197.50904586331228,3654.1560543884584,0.07900361834532492,3623.713581678504,0.967850435,1.884024661,10363.842279080693
ALBpShJ9NLpE739pcHDF2LNVk5J4VYPvvKuV6jMPitZi,D6d156U1bPiJpDYRLextvDRccgFk7QzkQbJg42ceKEu5,GNcM8U5g8RwTZffwwm3kSQqUNPSwv5d2fbN9sLxPJqt2,1953.4666989999896,1953.4732999999978,1937.6131482212436,0.9918844018242738,0.7750452592884974,0.9960784391849289,50072.770818,50148.884424,99618.6228544192
Sid7E679i9ABqptiAVhkmQ27YHN8vaYT4fppPwmxFsJ,GP7KB8o1bv527HG8kTzzzf4wJ5aEGHvcMQvVhLziUfmT,9gYxhAZ1M9wu5pxr8SBoa5NDm21gi3s9vMHaYTME77sa,4848.798963000001,18652.23248299997,37.592829417452826,0.007753018779354333,0.01503713176698113,0.030043878182769594,140945.141239,7197.727714,1308.9979815168765
iLiUBQ7Z7im6Ew3b4ewwPcehzWgEQRJ1iQz7g6D62NW,GpugBvKWM3TVhYcZjemSdtehBWgfvuGr6uAm9iPjXT6v,92fMXJ3xy8tEyMUWLHKRLyhPw2nECBo77GtDiBBbYrjX,0.018105720999983532,0.018105720999983532,0.017707577142057354,0.9780100522963687,7.083030856822942e-06,1.0,1865.499763466,1097.938100929,2922.415622155246
RajgMbScQbqqrdJfR2rxfHJiTiY5b6bJ2tTXiF4aPxy,725ZA3fhyBAKb5iopNRrcbSuQa3LXA1656Q3mBvYPxeg,GLA6i1dSZpUfk2f9Nj8uiG7xyDdAR2reff8oEiZH3617,7582.4867189199795,7600.163085700042,7563.671481017231,0.9975185926991734,3.0254685924068925,1.0,137082.6386782,44559.93926162,181302.42007938732
vEnkoSUkpnbRrPgBz9DfcVxNz67zjwMYBZraAvDDNSf,DtfyjjsZ5yCjWKLKHvwsfXs5QVsmm1QkK6Sh9JZHoq1g,e5wrKCRv4GhHvEf1VD5Pq2KGaZDXP77nTL612Jyrxwy,53278.28518199999,53282.294981,53016.70078034975,0.9950902248306854,5.3016700780349755,0.99293920928279,3937.338269,2940.512525,6837.757004793311
NorjjEePhxfwLF4vZjUHCrVVKLzQjEEGQFd3wgjEJmh,34M8pFVqgbV7aqHxvRT5tCv3vu2P1JJYT8J3VaxBK2oG,3AZWBSze3ucsY3xSeuLne3b2pauVqiaJ1SZSV5T9WGWw,0.037475000000085856,0.037475000000085856,0.02400760043158321,0.6406297646838748,9.603040172633284e-06,1.0,37716.797632,2508.477108,26670.980299617484
Cob4usZcpHEY7Qt4ZCwj6WVg9S44zvzYV2v9qYF65dTf,NhFM9UXE48PyNAyeyPYA3iXztqKVJwA4bTdLj4ysM8w,6TuFuynuBoeskxyR2cz4wxyidk8dpDK7kAWw3UkjQGx,217.09962800000898,10917.174304000015,1.6792107222716064,0.007734747119288186,0.0006716842889086425,1.0,72817.508366,171.484484,734.7094970676619
AUSejoEUCh2DBs9mof6BNC8Pubs22w4cJa1ccV9h44R,4xkyD7AfGQDwsQMy9MosRRNGoVJ1zosNinesxg1TzHG7,Cbm5gsQe3nSiCsFrvepVzMCD9xLK3ri9g3ypS2hdmVJ7,16496.546017,16509.503386999997,16487.609732524972,0.9994582936048662,1.6487609732524973,1.0,14666.35819,14192.816158,28851.229487975153
ACUSESXyNnwRLAg1dpSGMLSzUDdLjUMybY8rkXiAKhCP,AhFPQdu8GKBsxuhiH46UmCu1YpaLgNpoP325HnYtsgas,A8wxWpT3aFEr2XqZp1kDmbxbFfcBE95UUmdsNTDBJYbT,0.0,0.03870401000040147,0.0,0.9985874361591319,0.0,0.9871876323001101,1027.944778918,1857.687343982,2860.378711952362
BkwbeSfcX1h4thMDd7obGkHrPevf3QwgzJ4pCEqG18Lu,35yX27bmurdebhfAb8EPmjLETDiUaEUCn9zHaDPbakH2,2CxECn1ZJFoESyUnQysQU8rRgT3iJ5GRs2Mdd6gZjx5g,0.10257160000000065,0.0603687600000008,299.28688141923624,2917.833800186741,0.1197147525676945,1715.2658662092626,0.78282633,22.82671272,41438.03829173093
SRMuKizofcAMicegrfSv7xs9q76tH1w8aAF7oX9FEWu,72Hj2KWntXPfbie4UgKeTPnm1XVkomDfCnRPKbvfTtPi,6aqJQ5wedqpUt4fFEDUqUmXhrdxCu4bEJsQdVPCADLko,2370.8345409999974,2371.929637999995,182.17590853224414,0.07684041436961853,0.07287036341289767,0.07701357972749977,17562.815996,5392.116302,1764.800237354033
BUSDTd9WiT6uBHJRgNvFXBsA7JrifsAtWzKfioN7ERcy,DyBxrn7gSc1EwnpWhDyhzvMHPtxpmBqRqotapLcKcfTM,Cds99GeBgoCpqBsoRWu1C6fF9LiUMd4pXQQD24s9LPff,6464.777105610002,6475.67329139,6442.641156990755,0.9965759146436716,0.6442641156990756,0.994819972403694,362.75047553,271.59078057,631.6923197704816
KEVpg4SYCVrqFxKijQH6hm4QxsRdoE51ud64bEEFUC9,2bPenuBYfqzD8p5dFjCcggwkHDsc2RQDnx9AoyYGUBjA,AE6n6iLuX8oYu61vt5hoDYkjswpnxFxrhSehxrnQTnbx,6040.017978790001,6051.943876442001,6032.262961848877,0.998716060619628,2.412905184739551,0.9987957310124079,5493.50462462,2110.76757342,7594.6769391875105
KwnjUuZhTMTSGAaavkLEmSyfobY16JNH4poL9oeeEvE,J63v6qEZmQpDqCD8bd4PXu2Pq5ZbyXrFcSa3Xt1HdAPQ,BnKQtTdLw9qPCDgZkWX3sURkBAoKCUYL1yahh6Mw7mRK,626.649140999989,20562.904750999005,18.74400210552844,0.029911478176794903,0.0018744002105528443,1.0,272390.346583,709.902507,8857.500414387005
DFWzVTzNBrQZLjoQ4yQwkj9HuoXmfkuZP9V5vbymZe23,DhgiEgiNdqZdRdo195UUHnoEJUtefK8buko8nU97XJUZ,2K2kkXsouBHtWVjtcgkyiXd8eP3oVBvq1bTJzcVdLLr2,25.482153508997726,29.891776902994025,21.705367235048204,0.8517870056541358,0.00868214689401928,0.9981607450920208,67394.842246578,8734.089848073,66124.07650419872
MATSnbbiTCv7Dc3trJrkrqjx7ckKdr6fwPoVwv9q3sD,631WX9JizSHJm4w6VanZeJAst9T8DeUUnPLesdGkCVtK,211maUSfpnXbPuW1iBu8b4dtJv5EbN1j7JJiEX5TZKEP,16700.326058000002,16695.950787,16601.11777815773,0.9940595004254574,6.640447111263093,0.9949674546145596,21220.625483,23675.359359,44650.77640485593
BerKDkt6v49dT1bHRedgnpsJS263C1DSJtEGvY9Mg35V,78XKqNb8wbfsMMrvo8WPUpdx7GEkfQutpNVH943aCGFa,DKYQwn4nDvFHCszi5tXbqfVMAP7DaXXp1KGTXEnYnKVH,0.09382506700012527,0.018004332999680628,0.09420362956091909,1.004034769948987,3.7681451824367634e-05,1.0,1340.351451808,2198.734871777,3544.4943333438364
KysFMBBoavfov2tLpvefWW6tPFt6rAeZWDJVy1mMQae,B8ka2V21TH3x64dFV8ETcjuQcwmrciJ2qzy1mJUttRew,7fSf7EYxBANyxzk2s5pymFgshA91tFYQNKKs5UnLWcYS,6080.3624599999985,6813.951701000027,133.1664543211756,0.021901071720184198,0.053266581728470236,0.029543622236574515,134714.50191,2454.946361,3022.919975980238
B2izdXFYb2sNwbWWHmh75T4aQFtfXsUxem9u2p61HGzf,4DYwgJtxwuJdAjkj5RJSNH4e7U329V5cNp7d3a1nLrZv,EXNW64GEf1ACC6xY9BtKRiunrs6GoJSXBdxWN2eTPmrF,13777.13071399998,13462.11233399999,13625.290476925127,0.9889788200295903,1.3625290476925127,1.0,6627.21115,33462.830106,40017.00156921394
MATgk4zXLXtYkwBH678J1xZbRDZ45LicNzkRBHkxTuY,y8dALFo1bJrSzPYjMX14HJX448pXqYmrfXHD1K8MXih,GN7Yuet3UyiWS5YVkEHv6oQKi4HGBJc3XDPt9zQhAqZz,40335.930389,40329.134198000014,40335.84971730057,0.999998000004,16.134339886920227,1.0,9232.625345,8187.26484,17419.871719786242
7dwD9TF6uikvHXxPFK9AsSim54yJoujQjY9vU6gNFumk,CquVr6atkvwueDYficKjn6SSEWq4F4rH4VSiBbW4GBWU,8BCa6ge3b7ho3TfZuM64Vk1hgbrJ3J7EPiAb9uP86CGd,1.1315354689999995,1.1392192809999986,263.0129129132618,232.43894700508227,0.10520516516530472,232.28426018624552,2.175332155,2.000359895,970.2840338108072
wrmcMSHFi3sWpAEy4rGDvQb3ezh3PhXoV2xNjgLBkKU,8p4mGnARWPBu6P2Gcw4adodLkNDorrXniZMhaY7eJXUn,AyY89zccbsgp9LKFgH4CFZMJmpSgqmPSdTfukhP227rc,0.08235402999999797,0.6616368700000286,35.310070273676295,428.7594702247986,0.01412402810947052,3598.6756873470563,48.96684785,0.19022655,21679.563403317225
daob129AwBGn9Y5r91uLoWZeYiGzbPmksauMhFZKTze,6VW5GQNyj4LStgmxEHLr5zUfW92vQnmbw8jTnCH7a38F,4VPCCUifPeBA1c7HWK358CHn2nyjm8pdTRk6Ps3KmnMQ,52.10635502200026,47.39888787800002,11336.606773895188,217.56668201236997,4.534642709558075,199.31376271497234,51.085016942,220.272854074,55017.80900607161
ALLwa5WNZbvQsRKAqe1jdRGemdYQnW8E5k4msbRFcYtu,CGoM82Hbz7QVqTgvQatYtjvDWBvoUJp5qm21P8iMs9yb,3dxNNww8TivyN5FMy5dCNdi3Zcxv6e4kUfSPxfFwpdNq,12.088691988,11.845701968,43507.97908223862,3599.064243296743,17.40319163289545,3584.8589895716455,1.344971791,7.222626625,30732.737866181644
FrnkTEL6yZ5Aycq2TrEgu29dCrwKG4LPUZydfiwqspkc,DjvZuMZ46fxKBoBpGMPcRcos4xdTtHFxwMh69DpA2ZFY,9rvDPJLAng4uVVqnnSoEXgNDFhBZQTny9AoQioYDZbQX,148.12995090600225,126.58065735700063,34149.462077440265,230.537186224481,13.659784830976108,199.38438078588553,322.712041498,2504.342949091,573723.9941877143
Lid8SLUxQ9RmF7XMqUA8c24RitTwzja8VSKngJxRcUa,4PgzyzLtds9bKZ2to9PMnKqJzKEUpjvNUaeN23phegax,AtymwxoVN9peZo7EXTcDz9jKVc4vRmisJKKrNfe3ewBa,1187.1444481309718,1022.4456250279968,274913.38459893625,231.57534454358702,27.49133845989363,198.25134384673427,1040.301906387,7697.478379709,1766943.7054094118
BSC8REUo9LpiiWUuqMuLXs2D2yJsJfGd4HdiF3wCLxk5,AZjEH1zWVx1UJ6udMyRijGTzPteuLnaY18yNNmprJEsh,Caf8ypkSVR8xYnXNhjvfvdGCC7mrM3C11rz8Xi6NA6aK,5043.869683367999,5044.676472733,5042.299183652763,0.9996886319802403,2.016919673461105,0.9920378122592903,3281.047808491,3026.282543071,6282.212908438769
DA1mL7dfBow33EH5yjUuZE6SH2KeUK5zEXzsyhE5r5j5,B4UtLRZND3D83CitRCBUyeiNr7H8m7YFRqBmiPmXjhW4,AAmpYbuixWiSqDaJBCqYEs1pb5SrbdPr9mgXrB58Q2e,0.018929794999849037,0.018929794999849037,0.018927132122703562,0.9998593287911731,7.5708528490814255e-06,0.9967101448708826,1637.759450222,1468.899120589,3101.5957199033437
moFiBS1R4Lf3E3zzmBPnw3NF4RhWPkhREFviuzUaCAU,44ALBrpqi9PfZkBRTvbtRNtFJGsatfY4QydjtMbFWq8S,2ho8qEEie1UjVwWNBo9y4oAJZMyMLx8zPj9bxyUz6uWs,622.6592970390011,623.6477922380072,621.7277790942343,0.9985039684636581,0.24869111163769372,0.9971123218343624,39867.392646786,28016.689221077,67743.53580945452
RoBgmK8CvjdHvPrqdDyVw54VwjZv2TqJ493xnqJAQHx,ExiHJxM7qPAcy27NDHAF6G7vnW7muNHi2sVJpnaNynGQ,6rkPHSqZb7StM4HwS9EuVrmfkV7tRdc7dnsFhyB6cefE,3.1239099999999986,121.96674600000006,0.06827618644219674,0.021856003035361702,6.8276186442196745e-06,0.9471463899988918,6089.525401,22.452888,154.35885746241763
BSCNHw8CmxbZ8hCWWzMf5FaG2ajPT6JxfznKUNuRVrn4,7n9kgNL633yGzCYksgnzHyjG73ZLBAwvEae5sbAekbzW,SscdxE99omdG9AiMVwmaEMQySQnCgeAh1sPj2Leutm2,3681.854644133001,3661.900595232,3697.660582711326,1.0042929284575401,1.4790642330845303,0.9975056692436706,4136.412368922,7532.328152957,11667.70972647098
parEAJhzYzHW87y9VoZAQ22dzQ2MD2ekEtTReaxbMcz,3oyc6hpjYSJEquK6dSvG72NXyz3pqLZz5D8AC71pwgQb,Di2vordgFJVZ1aj1aBpvzXtLfZgJsuLLXawGtVFwX6Rz,9.060621107000088,10.520124770000052,1735.7152585732113,191.56691777258249,0.6942861034292845,226.09881196379254,1278.283618708,174.560146579,284344.694632812
