0,1,2,3,4,5,6,7,8,9,10,11
daob129AwBGn9Y5r91uLoWZeYiGzbPmksauMhFZKTze,6VW5GQNyj4LStgmxEHLr5zUfW92vQnmbw8jTnCH7a38F,4VPCCUifPeBA1c7HWK358CHn2nyjm8pdTRk6Ps3KmnMQ,72.14672935700014,65.74669894199997,14136.303134678763,195.93823948316194,5.654521253871505,179.93239220295365,53.968522023,217.322392934,49677.83523257976
KysFMBBoavfov2tLpvefWW6tPFt6rAeZWDJVy1mMQae,B8ka2V21TH3x64dFV8ETcjuQcwmrciJ2qzy1mJUttRew,7fSf7EYxBANyxzk2s5pymFgshA91tFYQNKKs5UnLWcYS,6910.854847999996,7649.9415510000035,196.64356019788136,0.028454303342051825,0.07865742407915254,0.028671165726878417,128215.257531,8291.742881,3886.0097651721835
RoBgmK8CvjdHvPrqdDyVw54VwjZv2TqJ493xnqJAQHx,ExiHJxM7qPAcy27NDHAF6G7vnW7muNHi2sVJpnaNynGQ,6rkPHSqZb7StM4HwS9EuVrmfkV7tRdc7dnsFhyB6cefE,77.51983699999982,2.0648170000000015,2.2023267210266315,0.028409847159851953,0.00022023267210266316,0.9484228676134456,5967.558655,25.576798,193.79504940953152
vEnkoSUkpnbRrPgBz9DfcVxNz67zjwMYBZraAvDDNSf,DtfyjjsZ5yCjWKLKHvwsfXs5QVsmm1QkK6Sh9JZHoq1g,e5wrKCRv4GhHvEf1VD5Pq2KGaZDXP77nTL612Jyrxwy,52050.65578299998,52062.02622700004,51769.70161234976,0.994602293353968,5.176970161234976,0.9972296959047766,3863.816972,3008.222845,6842.850374384336
heyk4SZTeCUV6a65WiVA5bzic3KcxgVf1qxobfeV4tQ,9ZDpBKPqMABtGfq66FbVribaArMvtk63xxy91onZAtDt,DaTP4s6N7xxSPinbNZ3FB52EpRDRt87QShTuN3VPCW52,205.58109078099915,179.33966726299957,41546.868062413974,202.09479337120993,16.618747224965592,179.45295918826966,634.223129857,4494.403287091,934707.1620336586
BUSDTd9WiT6uBHJRgNvFXBsA7JrifsAtWzKfioN7ERcy,DyBxrn7gSc1EwnpWhDyhzvMHPtxpmBqRqotapLcKcfTM,Cds99GeBgoCpqBsoRWu1C6fF9LiUMd4pXQQD24s9LPff,10872.96156996,10932.936551940003,10859.47616386495,0.9987597301794658,1.0859476163864952,0.9953279306933256,314.13911281,319.35100174,631.6084672756472
Lee1XZJfJ9Hm2K1qTyeCz1LXNc1YBZaKZszvNY4KCDw,9DgFSWkPDGijNKcLGbr3p5xoJbHsPgXUTr6QvGBJ5vGN,2hNHZg7XBhuhHVZ3JDEi4buq2fPQwuWBdQ9xkH7t1GQX,10967.288605286132,9356.268506246042,2300179.614675236,209.73092780348378,230.0179614675236,179.77266308571507,7399.084574395,56579.335618892,11723234.712512977
Dg3mAgpwDfVNnbGWcsxL8sUcSkEbjSJQhKAWNigG44Ju,EATxwd8YA2wV93VJcKMmH2Kn2Y9XfJVUB9hHVu3udwEy,GiGvrRi7NMHfHKanG2B8xyCEqe8jaafWins8bhrLVEaa,0.03990990899999999,0.03991517900000002,8.116466784743123,203.36971414149613,0.0032465867138972487,210.50943071724143,0.214802782,0.244064352,95.06222817003054
MATgk4zXLXtYkwBH678J1xZbRDZ45LicNzkRBHkxTuY,y8dALFo1bJrSzPYjMX14HJX448pXqYmrfXHD1K8MXih,GN7Yuet3UyiWS5YVkEHv6oQKi4HGBJc3XDPt9zQhAqZz,75016.62727200001,75089.19728299999,75016.25219073906,0.9999950000249999,30.006500876295625,1.0,9759.800632,8646.736141,18406.487974240834
FrnkTEL6yZ5Aycq2TrEgu29dCrwKG4LPUZydfiwqspkc,DjvZuMZ46fxKBoBpGMPcRcos4xdTtHFxwMh69DpA2ZFY,9rvDPJLAng4uVVqnnSoEXgNDFhBZQTny9AoQioYDZbQX,154.42910558299536,131.26210990099986,32478.536045746434,210.31356701273765,12.991414418298575,179.8386164223949,327.522129367,2555.193290727,528404.773398911
SoN9GaFpSXfpyR5dth3x7PHPVhvJMpQqqDJfCSmPv1t,9kZ9iS68ViMPtoeqtnhAKuF2iqVyfHPdZHoUNdwCELr,BBhm5fJLjw3HRzjtKB8uMEYjGhY6EDm9co3cqpjrSzB9,13.567213045999999,12.999300394999985,2811.970687733351,207.2622194550413,1.1247882750933405,195.7406827435014,2.526997697,7.0734107,1908.305390981186
ZUCKWFa4LTL833dPhhpeeRWZcaAEoMeYJPi2iKn4F8N,7eEYpq6ShaJ9opZWMxitRFrdCHh6vfyHhGfoSvFht3N2,H8VggnHmuwd1wvwpT8eg9cUJFEfZ7HAaeYjgXrSm7A2u,1.3145654160002778,1.27712037099991,1.3137673286234857,0.999392888807907,0.0005255069314493942,0.9935548780613029,1749.693524096,2097.111866493,3832.226990369152
AUSejoEUCh2DBs9mof6BNC8Pubs22w4cJa1ccV9h44R,4xkyD7AfGQDwsQMy9MosRRNGoVJ1zosNinesxg1TzHG7,Cbm5gsQe3nSiCsFrvepVzMCD9xLK3ri9g3ypS2hdmVJ7,1318.740416999999,1319.605005000005,1318.0523936505135,0.9994782723418376,0.13180523936505137,1.0,14599.607264,14257.869446,28849.859691092064
YAkoNb6HKmSxQN9L8hiBE5tPJRsniSSMzND1boHmZxe,CfWX7o2TswwbxusJ4hCaPobu2jLCb1hfXuXJQjVq3jQF,EnTrdMMpdhugeH6Ban6gYZWXughWxKtVGfCwFn78ZmY3,33116648.916791093,33093853.832380105,33116648.916791093,1.0,3311.6648916791096,0.9969364143985532,201923.598322,1062659.364305,1261327.4146992727
B2izdXFYb2sNwbWWHmh75T4aQFtfXsUxem9u2p61HGzf,4DYwgJtxwuJdAjkj5RJSNH4e7U329V5cNp7d3a1nLrZv,EXNW64GEf1ACC6xY9BtKRiunrs6GoJSXBdxWN2eTPmrF,29409.527987999954,28732.390874000026,29606.35100951118,1.00669249168472,2.9606351009511185,1.0,7803.092292,32256.805393,40112.11981527931
ercAoEmXjQzEvAFbdjAo81KtMxRGn9AW1ju882upmPH,CMRhskR2Eg6V42RTSdRTXGdozyPbWB8U9dVpijPWb9T4,7TKLLgrWswt6ZJ1pXhVR3FyufHGjJFqiEXxvWJfDcgRm,6.571220052999934,6.4087474410000596,1178.7136313280746,179.37515740170062,0.47148545253122986,172.9844030342848,298.16974736,982.881777232,223507.46285287972
HEDSDjj84KS7LKhZY7ejkCACTdPen62rKhCby1wXtgxc,EnnjMSFttpCTywBrYNt1J5QQeoSVkvzPipJDa8Y7kJow,6bjVT6JN2rSvpyn9PdfLYC8wJn4LWh49jpY47fnLDXZk,33.78409342100531,33.89442625400625,32.15507858590418,0.9517816028152382,0.012862031434361671,0.989388736543361,38659.743505429,9547.994169447,46242.310525855755
SRMuKizofcAMicegrfSv7xs9q76tH1w8aAF7oX9FEWu,72Hj2KWntXPfbie4UgKeTPnm1XVkomDfCnRPKbvfTtPi,6aqJQ5wedqpUt4fFEDUqUmXhrdxCu4bEJsQdVPCADLko,5023.919617999999,5037.314767999997,366.76233384009737,0.07300322491746074,0.14670493353603895,0.07290197236286228,17693.037092,5261.347376,1675.2113672968212
BerKDkt6v49dT1bHRedgnpsJS263C1DSJtEGvY9Mg35V,78XKqNb8wbfsMMrvo8WPUpdx7GEkfQutpNVH943aCGFa,DKYQwn4nDvFHCszi5tXbqfVMAP7DaXXp1KGTXEnYnKVH,0.018818974000168964,0.018818974000168964,0.01884149972907206,1.0011969690219507,7.536599891628824e-06,0.9875774186998296,1340.351451808,2198.678957077,3513.321499954078
C98Sspw7XqnMsgxea3SLQVdbMDL8pKUc3RE82UvX9eq2,CSqgQJurPCzGxb4Cgwx5R61hWQUiaoUHcShNc8r1cKEL,6S2CR5EnukPhC914XkAns8m5GixjMAoUuZMsS5ubHuWc,82.72288200000003,82.56648400000006,0.0,0.0,0.0,1.0,908.22445,1104.974574,1104.974574
SATqdxinH3vFiJBKv3JA6MuCXweEXr6UV1aRcvGjLD5,bDVSLHopvEo45R3rR7JXoRRAcnUXKD7r14ijj1apALb,33QrhvkyroiTxp21hbXPRowPhsgVHmrgEQbY7eHPp1h4,0.0028301759999999794,0.0028324379999999823,0.0,0.0,0.0,3165.6589319066766,0.00113424,0.183358388,580.45011871221
Lid8SLUxQ9RmF7XMqUA8c24RitTwzja8VSKngJxRcUa,4PgzyzLtds9bKZ2to9PMnKqJzKEUpjvNUaeN23phegax,AtymwxoVN9peZo7EXTcDz9jKVc4vRmisJKKrNfe3ewBa,2519.679359268992,2177.440535074998,519788.6994838774,206.29160514879092,51.97886994838774,176.2399937540546,1043.894733988,7693.148285643,1571187.1260914928
BSCNHw8CmxbZ8hCWWzMf5FaG2ajPT6JxfznKUNuRVrn4,7n9kgNL633yGzCYksgnzHyjG73ZLBAwvEae5sbAekbzW,SscdxE99omdG9AiMVwmaEMQySQnCgeAh1sPj2Leutm2,362.8729594079996,358.17408115100034,366.8147740795896,1.0108627952824614,0.14672590963183585,0.9878097832230489,2763.926645352,8914.726864679,11600.005026367453
KZMu9QBEdL97EFgamLbN5DE1AoKBG4HdrKKJo4Vuon3,DD4ACBWyVqdaKWh7v5btsgqQCCMwbKnuL2xd9pv7Gyuw,GcYqiJ1MAuYbNTNYXm1F1gQYTfTgkErACAhNU5dpVj9T,243.74953980000168,239.80696416999945,247.54095127196854,1.0155545379699085,0.09901638050878742,1.0,1059.30411161,2027.27425204,3103.055349675718
parEAJhzYzHW87y9VoZAQ22dzQ2MD2ekEtTReaxbMcz,3oyc6hpjYSJEquK6dSvG72NXyz3pqLZz5D8AC71pwgQb,Di2vordgFJVZ1aj1aBpvzXtLfZgJsuLLXawGtVFwX6Rz,16.658337797000172,19.377289860000104,2916.676421465759,175.08808243707205,1.1666705685863037,203.71660575540156,1284.670788788,169.075286683,259373.98849199392
BSC8REUo9LpiiWUuqMuLXs2D2yJsJfGd4HdiF3wCLxk5,AZjEH1zWVx1UJ6udMyRijGTzPteuLnaY18yNNmprJEsh,Caf8ypkSVR8xYnXNhjvfvdGCC7mrM3C11rz8Xi6NA6aK,2275.689149393,2278.907974426999,2267.552334888608,0.9964244613520425,0.9070209339554434,0.990164819588128,3308.459146631,2996.83168929,6263.986932048851
iLiUBQ7Z7im6Ew3b4ewwPcehzWgEQRJ1iQz7g6D62NW,GpugBvKWM3TVhYcZjemSdtehBWgfvuGr6uAm9iPjXT6v,92fMXJ3xy8tEyMUWLHKRLyhPw2nECBo77GtDiBBbYrjX,0.018585645000030127,0.018585645000030127,0.018116571474199584,0.9747615148234143,7.246628589679833e-06,0.9904585689165039,1865.499763466,1097.919995208,2905.86164257737
STK75uPSyBnEhGTTzb1nwmP3n427XoXmfRhXxxhyady,6TYyD5fUmDe6N65avW1Ny2RxzRNobw2RRgKwH9CTzSAU,54zDfk4cx2vGrEajPtodWpArNe5eUurytyxd4X3aZAxK,1859.98567196199,2066.621142016001,327189.39714572375,175.90963311055552,32.71893971457237,196.12523223679062,477.902070147,92.931678904,102293.82492953559
SEQV6QiTpvTzrceiaYg9Avnwf7oc8ZALpnQMz6TyT4A,3dFMPj4r9mMmPHF32mz1gNDX7f8ftidWof7S8YiYTs1j,Fc1ED3YPeQfXQosHbd8DTaBd2AV5gHQtwiSAL5C5pUhi,340.452786175,341.00474678599994,337.9522306450969,0.9926552061506179,0.13518089225803878,0.9944153633195971,4132.62856974,1471.291427708,5565.350064472452
WiiQFxXqp8P9Fs1rt9SVcDyA3KUdJmUsog6wnVQAwba,3S2jpqSYxho6wiz3cafhjXruVY8cg4HYa2v3BqBHYFSj,Dfe67M6TfrG74gKRtdqys4e6E9QirPD53BkF4FujFjuv,6641.990768881998,6665.148272108001,6597.698223672973,0.9933314352954934,0.6597698223672973,0.9868891168949256,21785.4955001,4933.600511544,26509.134165687858
RajgMbScQbqqrdJfR2rxfHJiTiY5b6bJ2tTXiF4aPxy,725ZA3fhyBAKb5iopNRrcbSuQa3LXA1656Q3mBvYPxeg,GLA6i1dSZpUfk2f9Nj8uiG7xyDdAR2reff8oEiZH3617,78861.48496068997,78979.37838576997,78689.36692152884,0.9978174638830739,31.475746768611536,1.0,131500.88811871,50126.27145515,181340.15413613306
KEN5P7p3asnb23Sw6yAmJRGvijfAzso3RqfyLAQhznt,9zj4aX38Uxf3h6AUjS4EipWS8mwbEofasHAf3a1uKGds,CwQDG1MWunn9cLNwcZLd8YBacweSR7ARo32w4mLua1Yr,665919.2236670011,665943.5943190006,661376.2303407902,0.99317786127093,66.13762303407903,1.0,2015570.466797,2006405.74665,4008225.7121042944
JSoLLrxK5bYdHwTEWYaGgmeycBCNXKDiBCTw5hXGBg7,xG4wXczA7Dk4hccJ61CHKpDHW4NrNfQwgmWgkb9BuF2,BVR6WgfhsRr9Lob4QDnkEAiNGgAbv7ZieKcY9kSg3QYR,165.78893454699988,149.7003565189998,32438.692462626957,195.66259081923732,12.975476985050785,176.82921869424354,21.616237932,163.057481768,33062.81622082649
GokA1R67GqSavkd15zR62QD68Tuc5AEfvjssntVDEbM8,3YB7hfpBdbQEuZqLGWVDpRPmeZWCUsrrWyqGXegnQ6Cg,4DPCj6Z1DsG6HUtwSogBGqXEUxdEV5a8YVrrFtcnz7UW,75005.92234299988,74997.65767999997,74964.01745724128,0.9994413123064207,7.496401745724129,1.0,23918.840814,10043.911326,33949.38897799254
MARpDPs5A7XiyCWPNH8GsMWPLxmwNn9SBmKvPa9LzgA,6YjT74rmcfCpw8LSjPNx5JTmZoYLGrTKnf9arfSgZ4SR,F8GSmi3vA8M8TsybLya1LQ4n1aFHCRbZ6k437PeTdXtg,211746.76702599993,221519.2250669997,190418.89831970175,0.8992765320299819,76.1675593278807,1.0,373661.883466,19367.571605,355392.93432009575
SoNcU2iwHMw6dGzsYNQkYFkUjwN1UdAjrWVRnStrZu2,8ivTTid27jZnYNc4w3CTA1Z6QS2twsFb8WMwUabeDJgc,CyXm53PMvHCbeXJBykU46Rcbo28xk5srhMZFg7gv6EYB,112.1181494559999,108.999056825,23280.307976232576,207.64085109493172,9.31212319049303,187.69829151384116,8.301471867,21.603620345,5778.687313074672
wrmcMSHFi3sWpAEy4rGDvQb3ezh3PhXoV2xNjgLBkKU,8p4mGnARWPBu6P2Gcw4adodLkNDorrXniZMhaY7eJXUn,AyY89zccbsgp9LKFgH4CFZMJmpSgqmPSdTfukhP227rc,0.1067793600000001,1.0646352199999924,38.12187076044273,357.0153516601214,0.015248748304177094,3487.8448606605975,49.10328689,0.17509895,18141.345209565745
ALBpShJ9NLpE739pcHDF2LNVk5J4VYPvvKuV6jMPitZi,D6d156U1bPiJpDYRLextvDRccgFk7QzkQbJg42ceKEu5,GNcM8U5g8RwTZffwwm3kSQqUNPSwv5d2fbN9sLxPJqt2,398.1350089999978,398.1727099999989,395.3713631714295,0.9930585209386389,0.1581485452685718,0.9957699691709617,51671.100048,48547.089995,99654.16049660038
DA1mL7dfBow33EH5yjUuZE6SH2KeUK5zEXzsyhE5r5j5,B4UtLRZND3D83CitRCBUyeiNr7H8m7YFRqBmiPmXjhW4,AAmpYbuixWiSqDaJBCqYEs1pb5SrbdPr9mgXrB58Q2e,0.07800243700035026,0.03969213699997454,0.07773260528454551,0.9965407271082629,3.1093042113818206e-05,0.9904298546586382,1637.759450222,1468.880190794,3086.916787231715
KwnjUuZhTMTSGAaavkLEmSyfobY16JNH4poL9oeeEvE,J63v6qEZmQpDqCD8bd4PXu2Pq5ZbyXrFcSa3Xt1HdAPQ,BnKQtTdLw9qPCDgZkWX3sURkBAoKCUYL1yahh6Mw7mRK,998.7206669999998,32208.49530399975,28.769715993729843,0.028806569188309237,0.0028769715993729847,1.0,272843.988428,696.313267,8556.012497265427
ALLwa5WNZbvQsRKAqe1jdRGemdYQnW8E5k4msbRFcYtu,CGoM82Hbz7QVqTgvQatYtjvDWBvoUJp5qm21P8iMs9yb,3dxNNww8TivyN5FMy5dCNdi3Zcxv6e4kUfSPxfFwpdNq,7.224921219000002,7.177490132,25234.610104432268,3492.717683629632,10.093844041772906,3461.585059798882,1.050354605,7.514543683,29680.824247244185
KEVpg4SYCVrqFxKijQH6hm4QxsRdoE51ud64bEEFUC9,2bPenuBYfqzD8p5dFjCcggwkHDsc2RQDnx9AoyYGUBjA,AE6n6iLuX8oYu61vt5hoDYkjswpnxFxrhSehxrnQTnbx,7660.695532672,7668.635033479999,7628.655180912168,0.9958175662218681,3.0514620723648678,0.9875937241875405,5417.529638798,2184.22351564,7551.996616111571
oKQqupM9E7SSLAFDLxr7mdsXP7znck9qRbVWc6Yyj7Q,CMR2J7CwfW98RpvnJmFBgRFTLAd3x8CJ1SWs8Bt3uunG,FmRb5jHfSNj1YWP3b45d9vvYuhwjp4om8bALmtqZpr1v,2669.84538808,2783.2780047399997,2665.1756804667407,0.9982509445550264,1.0660702721866964,1.0,3105.51324212,2783.40397261,5883.485499884433
BSCuChvaSj9b5HUSqgDVRzcnr2sSn7cXaamt1jbKH6hn,GnKpRj5kBVPMJfiwZtEuD9GYApLzPdW5JFuZTcyX4BTc,3dmwD9okkomV9nDwyuh4UMhKdUR13QpuKxRo89ycZB5t,1110.3189647059999,1111.5484838570003,1105.7653599252023,0.9958988318442321,0.442306143970081,0.9962967649247746,1835.761393336,1260.990191689,3084.5530757496845
MATSnbbiTCv7Dc3trJrkrqjx7ckKdr6fwPoVwv9q3sD,631WX9JizSHJm4w6VanZeJAst9T8DeUUnPLesdGkCVtK,211maUSfpnXbPuW1iBu8b4dtJv5EbN1j7JJiEX5TZKEP,41201.793692999985,41206.319399,41003.78640843366,0.9951942071735589,16.401514563373464,0.9929914662313392,21059.553283,23829.281258,44620.6183685249
7oAd7xG4m3oC2qeWB1szghTebAZyyGPAFDJ4wwwbRSNi,D9yh4KAysxt9GLacVe4Wwh2XqghhcjTCSTV9HuM7TBJd,HDYfJLpZKaMFb84jM4mRytn7XLR8UFZUnQpSfhJJaNEy,5784.366888294113,149.8955063230003,5727.654817682534,0.9901956304455121,2.291061927073014,0.023657529385064862,982.921380642,300434.479362885,8080.821979997293
DFWzVTzNBrQZLjoQ4yQwkj9HuoXmfkuZP9V5vbymZe23,DhgiEgiNdqZdRdo195UUHnoEJUtefK8buko8nU97XJUZ,2K2kkXsouBHtWVjtcgkyiXd8eP3oVBvq1bTJzcVdLLr2,511.948851385996,601.1640355788404,434.4648366069353,0.8486489137161091,0.17378593464277411,0.9850631748152499,67407.228272345,8723.517567068,65798.28696011199
Cob4usZcpHEY7Qt4ZCwj6WVg9S44zvzYV2v9qYF65dTf,NhFM9UXE48PyNAyeyPYA3iXztqKVJwA4bTdLj4ysM8w,6TuFuynuBoeskxyR2cz4wxyidk8dpDK7kAWw3UkjQGx,160.2570550000024,14099.415919000036,1.1847406576407502,0.00739275196115848,0.00047389626305630007,1.0,73468.541688,166.477519,709.6122246474156
MNkYtBe2HtgL15osfaMmyqNW3vo4J399FXXCS4a39Wf,2mUxDu8NrhSKhQJMgKfYLxJqZzeEbmwhQdHeHMyohyuk,AZCBmDBcFsA2jHHhfFJBTsWCHx9XnnKmGfFsue3ZVW1t,0.03794261000007282,0.03794261000007282,0.03791430090815674,0.9992538970852025,1.5165720363262698e-05,0.9997693132286657,2195.09800886,1941.07146697,4134.083927297679
NorjjEePhxfwLF4vZjUHCrVVKLzQjEEGQFd3wgjEJmh,34M8pFVqgbV7aqHxvRT5tCv3vu2P1JJYT8J3VaxBK2oG,3AZWBSze3ucsY3xSeuLne3b2pauVqiaJ1SZSV5T9WGWw,74.71869599999991,116.17122899999958,47.866591329281974,0.6406240190444709,0.01914663653171279,1.0,37716.797632,2508.439633,26670.726117498823
SQDY9uoDoCbNq7F3HAHYYQZbrUzpKxDtdWLvYcqBLak,GiehZ4X2uQjhEKuxSm3ACmEFrabxh3RTvjbLfLjw1xGX,rxDQYV77NKRKYxCjq4cECX3QQsiSyLv1T1FT2X3zNA2,0.056904887000001736,0.018976230999982135,0.05683313885634963,0.9987391567326703,2.273325554253985e-05,0.9887016778197275,171.365745094,234.97809579,403.47291730650494
ACUSESXyNnwRLAg1dpSGMLSzUDdLjUMybY8rkXiAKhCP,AhFPQdu8GKBsxuhiH46UmCu1YpaLgNpoP325HnYtsgas,A8wxWpT3aFEr2XqZp1kDmbxbFfcBE95UUmdsNTDBJYbT,192.141473012,190.07690908600011,190.32753135122306,0.9905593434236675,0.07613101254048922,0.9839088670862818,1027.925426913,1857.687343982,2846.016185989288
Sid7E679i9ABqptiAVhkmQ27YHN8vaYT4fppPwmxFsJ,GP7KB8o1bv527HG8kTzzzf4wJ5aEGHvcMQvVhLziUfmT,9gYxhAZ1M9wu5pxr8SBoa5NDm21gi3s9vMHaYTME77sa,10554.303946,40617.7395480001,78.29138045033145,0.00741795772140931,0.03131655218013258,0.029060808433911584,141166.375074,7139.398279,1254.6428877029582
BkwbeSfcX1h4thMDd7obGkHrPevf3QwgzJ4pCEqG18Lu,35yX27bmurdebhfAb8EPmjLETDiUaEUCn9zHaDPbakH2,2CxECn1ZJFoESyUnQysQU8rRgT3iJ5GRs2Mdd6gZjx5g,0.5173536700000059,0.3165199500000013,1576.048467678078,3046.365685736916,0.6304193870712312,1666.6666666666667,0.72615962,22.92558227,40421.45153206909
SERgf3DMJpQxUifu7VoFKmfne73d2fDJxSrxUMrcNJB,AJfM2GZ2tTB8UtN2krcyR9xufRJEx2mhSCbJyMgPo3GU,F4yRYkufQvERZcEKnKjJwRLU1btiMBUuEwq46hfm11QD,3.410276961000001,3.3935528820000016,608.2418388957082,178.35555465188742,0.2432967355582833,178.26138109787618,26.082027007,31.161384317,10206.745798549111
7dwD9TF6uikvHXxPFK9AsSim54yJoujQjY9vU6gNFumk,CquVr6atkvwueDYficKjn6SSEWq4F4rH4VSiBbW4GBWU,8BCa6ge3b7ho3TfZuM64Vk1hgbrJ3J7EPiAb9uP86CGd,1.4490406719999995,1.470699402999999,299.08577514499774,206.40260892897686,0.1196343100579991,209.81867470132312,2.332233742,1.843914187,868.266759960298
BUSDgu5JdqP1rndBvXvanbEufS94FNh1w5FJcAj6vawb,Bgzr8cWubt89JQFXndVjtdKmDbGzuPxNhvjH1EhWCwbo,Dxaf8xPBBQsasRKW5Aa4Sw2YrbfGofY9xZueyyF23FBW,18139.023360259984,17938.89169075001,18427.276454749757,1.0158913238471976,7.370910581899904,1.0,3235.21028882,11589.47072947,14876.092792703424
SAMyS8Jr2HJrkFwYVKbpUwsNStnQmvz3f8Tup8bWUWF,6jPzm5TFfquvgm25sTyN3MMGBfufRaFHMxobDWv6hMFW,Cj9ECoDmxsHTDzCY5ZA6RWrPbg9uFzEC1Qc2kso2vJG6,5095.974267220008,154.82963455000004,5173.522997126353,1.0152176455060182,2.069409198850541,0.02925639175361788,616.75587868,113579.68717213,3949.0732741667075
AURHmCnNwiW4uA2Qj1XvEh4iKgRUZYXtiY7FKAapUV5Y,BKWm4TRnTeKwfWXRyuzjRHU7iZDkPuXBX5b5V5jSVfGJ,A5Ww74HVrkj9nPeC7pHKLfgeDMEhBCpW1efQdz3TGLEg,0.21162917900005596,0.18759340499991595,42.43881641707674,200.53386124540754,0.016975526566830695,180.43513014244633,287.020405933,1817.797719177,385551.8782903129
BSCrK1Nx9PXU9mF7STWWBqeHLxmtJDr9h7jheEy4tAWX,FfSySSbVJPvEo5a5AvrP3nySoXpRE2QPn1uUMpJJ1x7v,HL7Vcj6838ZmvBHDbQxXfjBNckNi83WvPiZQoMQLFeRM,0.0645560289999999,0.0647590440000001,228.51368122221245,3539.772888171495,0.09140547248888498,3510.00351000351,0.960067294,1.891827864,10038.742621083815
