0,1,2,3,4,5,6,7,8,9,10,11
wrmcMSHFi3sWpAEy4rGDvQb3ezh3PhXoV2xNjgLBkKU,8p4mGnARWPBu6P2Gcw4adodLkNDorrXniZMhaY7eJXUn,AyY89zccbsgp9LKFgH4CFZMJmpSgqmPSdTfukhP227rc,0.012792429999999327,0.1678118800000004,2.9601280087373896,231.39685022607472,0.0011840512034949557,3908.2346504084103,49.70307803,0.12807497,12001.682738286832
BkwbeSfcX1h4thMDd7obGkHrPevf3QwgzJ4pCEqG18Lu,35yX27bmurdebhfAb8EPmjLETDiUaEUCn9zHaDPbakH2,2CxECn1ZJFoESyUnQysQU8rRgT3iJ5GRs2Mdd6gZjx5g,0.0020198900000025777,0.0019681499999995022,3.6792837756654544,1821.5268037669175,0.0014717135102661819,1605.1364365971108,1.80779149,21.49003072,37787.37198691998
SAMGk1Nd4haC8zQA63DG37pzuEZy8j4q13tSFtCbcRE,9U9TnkHD3jXMAVZtynCVLgDruuqN4pTvLJTmVHCLWS8g,C6zoEbvqSknmi96QWq96UBiPCyNW3YSTvKhavR2BfifE,0.013537140000003944,0.007377159999999883,0.029350085640578335,2.1681156906532535,1.1740034256231335e-05,0.0,53.55124247,1.18308511,116.10528905318388
oKQqupM9E7SSLAFDLxr7mdsXP7znck9qRbVWc6Yyj7Q,CMR2J7CwfW98RpvnJmFBgRFTLAd3x8CJ1SWs8Bt3uunG,FmRb5jHfSNj1YWP3b45d9vvYuhwjp4om8bALmtqZpr1v,1.509096619999582,1.4576070000000527,1.4577047718041012,0.9659452897088227,0.0005830819087216405,1.0,4450.44914289,1456.91288766,5755.8032743232625
HEDSDjj84KS7LKhZY7ejkCACTdPen62rKhCby1wXtgxc,EnnjMSFttpCTywBrYNt1J5QQeoSVkvzPipJDa8Y7kJow,6bjVT6JN2rSvpyn9PdfLYC8wJn4LWh49jpY47fnLDXZk,99.96046503000252,102.88191210400146,97.0174395461097,0.9705581053168421,0.038806975818443876,0.9994064465149761,38647.892903986,9559.349063865,47063.70079029446
DFWzVTzNBrQZLjoQ4yQwkj9HuoXmfkuZP9V5vbymZe23,DhgiEgiNdqZdRdo195UUHnoEJUtefK8buko8nU97XJUZ,2K2kkXsouBHtWVjtcgkyiXd8eP3oVBvq1bTJzcVdLLr2,471.0624667230004,544.2341058980091,405.6794071406046,0.861200872068538,0.16227176285624184,0.9994064465149761,66972.403926235,9092.56455089,66763.86029331297
KZMu9QBEdL97EFgamLbN5DE1AoKBG4HdrKKJo4Vuon3,DD4ACBWyVqdaKWh7v5btsgqQCCMwbKnuL2xd9pv7Gyuw,GcYqiJ1MAuYbNTNYXm1F1gQYTfTgkErACAhNU5dpVj9T,516.4446457800002,521.6271819499991,510.2188633697669,0.9879449182770975,0.20408754534790677,1.0,1965.83608117,1117.90072455,3060.0384911076653
SEQV6QiTpvTzrceiaYg9Avnwf7oc8ZALpnQMz6TyT4A,3dFMPj4r9mMmPHF32mz1gNDX7f8ftidWof7S8YiYTs1j,Fc1ED3YPeQfXQosHbd8DTaBd2AV5gHQtwiSAL5C5pUhi,432.4078691259999,433.68439875700005,431.31458026030396,0.9974716258797377,0.1725258321041216,0.9992618372867015,4607.915909306,995.813120924,5591.343422781286
NorjjEePhxfwLF4vZjUHCrVVKLzQjEEGQFd3wgjEJmh,34M8pFVqgbV7aqHxvRT5tCv3vu2P1JJYT8J3VaxBK2oG,3AZWBSze3ucsY3xSeuLne3b2pauVqiaJ1SZSV5T9WGWw,0.09995200000003024,0.15033499999844935,0.06651454140490955,0.6654648371707362,2.660581656196382e-05,1.0,37493.974528,2653.826028,27604.74768215925
JSoLLrxK5bYdHwTEWYaGgmeycBCNXKDiBCTw5hXGBg7,xG4wXczA7Dk4hccJ61CHKpDHW4NrNfQwgmWgkb9BuF2,BVR6WgfhsRr9Lob4QDnkEAiNGgAbv7ZieKcY9kSg3QYR,36.401032562000125,31.335934597999977,6127.86102169759,168.34305486418,2.451144408679036,144.96236921857454,18.267518898,168.792089857,27543.711187103705
BSC8REUo9LpiiWUuqMuLXs2D2yJsJfGd4HdiF3wCLxk5,AZjEH1zWVx1UJ6udMyRijGTzPteuLnaY18yNNmprJEsh,Caf8ypkSVR8xYnXNhjvfvdGCC7mrM3C11rz8Xi6NA6aK,1163.3864076309997,1164.0418988060005,1162.6167355875561,0.9993384209765603,0.4650466942350225,0.9994064465149761,3262.695556036,3039.489910214,6298.222835481354
ALBpShJ9NLpE739pcHDF2LNVk5J4VYPvvKuV6jMPitZi,D6d156U1bPiJpDYRLextvDRccgFk7QzkQbJg42ceKEu5,GNcM8U5g8RwTZffwwm3kSQqUNPSwv5d2fbN9sLxPJqt2,3418.2634340000004,3420.8140219999987,3418.348892722319,1.0000250006250158,1.3673395570889277,1.0012405370253745,53096.180596,47112.656006,100268.60903384002
ALLwa5WNZbvQsRKAqe1jdRGemdYQnW8E5k4msbRFcYtu,CGoM82Hbz7QVqTgvQatYtjvDWBvoUJp5qm21P8iMs9yb,3dxNNww8TivyN5FMy5dCNdi3Zcxv6e4kUfSPxfFwpdNq,5.757051443000002,5.745503448000001,22466.54221658537,3902.4390243902435,8.986616886634147,3887.1785303355414,1.309563717,7.230410583,33216.38933789483
RajgMbScQbqqrdJfR2rxfHJiTiY5b6bJ2tTXiF4aPxy,725ZA3fhyBAKb5iopNRrcbSuQa3LXA1656Q3mBvYPxeg,GLA6i1dSZpUfk2f9Nj8uiG7xyDdAR2reff8oEiZH3617,35570.79715587001,35573.713190139955,35559.68048855567,0.9996874777007211,14.22387219542227,1.0,117293.00498651,115190.69431545,232447.04262235228
SoNcU2iwHMw6dGzsYNQkYFkUjwN1UdAjrWVRnStrZu2,8ivTTid27jZnYNc4w3CTA1Z6QS2twsFb8WMwUabeDJgc,CyXm53PMvHCbeXJBykU46Rcbo28xk5srhMZFg7gv6EYB,35.09662923899998,34.910143701000024,5963.028938589342,169.9031806724938,2.385211575435737,166.65636174829856,10.928701866,13.748461231,4148.0897360508125
Lid8SLUxQ9RmF7XMqUA8c24RitTwzja8VSKngJxRcUa,4PgzyzLtds9bKZ2to9PMnKqJzKEUpjvNUaeN23phegax,AtymwxoVN9peZo7EXTcDz9jKVc4vRmisJKKrNfe3ewBa,170.17230575100893,145.88896954799702,28799.379130389498,169.2365805545815,2.87993791303895,145.10178454880744,1028.293864147,7710.946367328,1292897.0158329324
MARpDPs5A7XiyCWPNH8GsMWPLxmwNn9SBmKvPa9LzgA,6YjT74rmcfCpw8LSjPNx5JTmZoYLGrTKnf9arfSgZ4SR,F8GSmi3vA8M8TsybLya1LQ4n1aFHCRbZ6k437PeTdXtg,80966.07475400006,85348.22889600051,71714.8580637733,0.8857395925597874,28.68594322550932,1.0,376203.457468,18112.48201,351330.77914728964
KEN5P7p3asnb23Sw6yAmJRGvijfAzso3RqfyLAQhznt,9zj4aX38Uxf3h6AUjS4EipWS8mwbEofasHAf3a1uKGds,CwQDG1MWunn9cLNwcZLd8YBacweSR7ARo32w4mLua1Yr,413736.2314429986,413799.10534099326,413504.66882845474,0.9994403134244824,41.350466882845474,1.0,2044676.425803,1829878.281326,3873410.329182201
SoN9GaFpSXfpyR5dth3x7PHPVhvJMpQqqDJfCSmPv1t,9kZ9iS68ViMPtoeqtnhAKuF2iqVyfHPdZHoUNdwCELr,BBhm5fJLjw3HRzjtKB8uMEYjGhY6EDm9co3cqpjrSzB9,52.90502289699999,52.140218756999985,9008.532756104103,170.2774568993701,3.6034131024416416,168.3460872329021,32.291090587,47.821618554,13549.0271543718
FrnkTEL6yZ5Aycq2TrEgu29dCrwKG4LPUZydfiwqspkc,DjvZuMZ46fxKBoBpGMPcRcos4xdTtHFxwMh69DpA2ZFY,9rvDPJLAng4uVVqnnSoEXgNDFhBZQTny9AoQioYDZbQX,339.4597416790001,286.4886544729996,57457.066979019684,169.26032729192445,22.982826791607874,144.98012829871473,322.528512039,2560.356753438,425792.1321126205
B2izdXFYb2sNwbWWHmh75T4aQFtfXsUxem9u2p61HGzf,4DYwgJtxwuJdAjkj5RJSNH4e7U329V5cNp7d3a1nLrZv,EXNW64GEf1ACC6xY9BtKRiunrs6GoJSXBdxWN2eTPmrF,8916.335815999983,8800.295067000008,8987.154594202297,1.0079425875902108,0.8987154594202297,1.0,9504.198839,30515.672565,40095.35933575354
GokA1R67GqSavkd15zR62QD68Tuc5AEfvjssntVDEbM8,3YB7hfpBdbQEuZqLGWVDpRPmeZWCUsrrWyqGXegnQ6Cg,4DPCj6Z1DsG6HUtwSogBGqXEUxdEV5a8YVrrFtcnz7UW,34439.60106300002,34431.515695,34442.70090608157,1.0000900081007291,3.444270090608157,1.0,17054.60111,16749.708981,33805.8451432546
Cob4usZcpHEY7Qt4ZCwj6WVg9S44zvzYV2v9qYF65dTf,NhFM9UXE48PyNAyeyPYA3iXztqKVJwA4bTdLj4ysM8w,6TuFuynuBoeskxyR2cz4wxyidk8dpDK7kAWw3UkjQGx,171.5575429999963,6499.2395790000155,1.3896613273292584,0.008100263637660563,0.0005558645309317033,1.0,72235.30809,175.544617,760.6696564766349
AURHmCnNwiW4uA2Qj1XvEh4iKgRUZYXtiY7FKAapUV5Y,BKWm4TRnTeKwfWXRyuzjRHU7iZDkPuXBX5b5V5jSVfGJ,A5Ww74HVrkj9nPeC7pHKLfgeDMEhBCpW1efQdz3TGLEg,1.9127855490000911,1.7010573639999507,310.04009561264195,162.08826743526762,0.1240160382450568,144.48077654371932,286.827260284,1818.137429213,309177.2413085338
RoBgmK8CvjdHvPrqdDyVw54VwjZv2TqJ493xnqJAQHx,ExiHJxM7qPAcy27NDHAF6G7vnW7muNHi2sVJpnaNynGQ,6rkPHSqZb7StM4HwS9EuVrmfkV7tRdc7dnsFhyB6cefE,0.6676949999999984,25.883410000000367,0.015600707679755247,0.02336502097477933,1.5600707679755247e-06,0.9391673154747538,6035.997927,23.738323,163.32547525386218
SAMyS8Jr2HJrkFwYVKbpUwsNStnQmvz3f8Tup8bWUWF,6jPzm5TFfquvgm25sTyN3MMGBfufRaFHMxobDWv6hMFW,Cj9ECoDmxsHTDzCY5ZA6RWrPbg9uFzEC1Qc2kso2vJG6,7900.981616239864,262.98258337999994,7805.68559146899,0.9879387107324741,3.122274236587596,0.03374626500557201,683.50203729,111434.77212676,4435.765472528475
parEAJhzYzHW87y9VoZAQ22dzQ2MD2ekEtTReaxbMcz,3oyc6hpjYSJEquK6dSvG72NXyz3pqLZz5D8AC71pwgQb,Di2vordgFJVZ1aj1aBpvzXtLfZgJsuLLXawGtVFwX6Rz,3.940604768999833,4.51953351000023,561.2111597514178,142.41752031728345,0.22448446390056712,164.18589981343555,1288.256098036,173.128278158,211895.46114842832
SERgf3DMJpQxUifu7VoFKmfne73d2fDJxSrxUMrcNJB,AJfM2GZ2tTB8UtN2krcyR9xufRJEx2mhSCbJyMgPo3GU,F4yRYkufQvERZcEKnKjJwRLU1btiMBUuEwq46hfm11QD,7.858099107999998,7.861254612,1140.0144535412974,145.075092318535,0.45600578141651893,145.09559478166597,26.171410496,31.067237247,8304.539060390067
AUSejoEUCh2DBs9mof6BNC8Pubs22w4cJa1ccV9h44R,4xkyD7AfGQDwsQMy9MosRRNGoVJ1zosNinesxg1TzHG7,Cbm5gsQe3nSiCsFrvepVzMCD9xLK3ri9g3ypS2hdmVJ7,2991.156688000001,2994.2679680000056,2989.850123496033,0.999563190885583,0.29898501234960334,1.0,14599.73824,14253.83865,28847.199591268665
BerKDkt6v49dT1bHRedgnpsJS263C1DSJtEGvY9Mg35V,78XKqNb8wbfsMMrvo8WPUpdx7GEkfQutpNVH943aCGFa,DKYQwn4nDvFHCszi5tXbqfVMAP7DaXXp1KGTXEnYnKVH,9.964662555000132,10.002652073999798,9.997541720394537,1.0032995763993942,0.003999016688157815,0.9994064465149761,1340.351451808,2163.710734322,3507.200500100339
MATgk4zXLXtYkwBH678J1xZbRDZ45LicNzkRBHkxTuY,y8dALFo1bJrSzPYjMX14HJX448pXqYmrfXHD1K8MXih,GN7Yuet3UyiWS5YVkEHv6oQKi4HGBJc3XDPt9zQhAqZz,40384.18201200001,40416.275481,40384.18201200001,1.0,16.153672804800006,1.0,9583.295359,8498.706107,18082.001466
MATSnbbiTCv7Dc3trJrkrqjx7ckKdr6fwPoVwv9q3sD,631WX9JizSHJm4w6VanZeJAst9T8DeUUnPLesdGkCVtK,211maUSfpnXbPuW1iBu8b4dtJv5EbN1j7JJiEX5TZKEP,45186.74654900003,45187.602428000035,45037.98608097457,0.9967078738925329,18.01519443238983,1.0007245245557783,23415.854515,21109.587748,44463.6487317083
BkMBnJpvHKtWhUvrgRrLesXfi9RUV3ELgdBaJcdH7hcY,5uerVwBnZQsuVhZ15igs7ZgmcqhHnYWbwoRtLyRqLvR,9YWiQh5d4jCtgMdzcGLv9bWgnLaFtzvDDh2nnhJdzhBX,1.459824972000206,1.4599209999998948,1.4590710728949832,0.9994835688389481,0.0005836284291579933,0.9994064465149761,1471.600204339,1400.655712861,2870.6645729181814
7dwD9TF6uikvHXxPFK9AsSim54yJoujQjY9vU6gNFumk,CquVr6atkvwueDYficKjn6SSEWq4F4rH4VSiBbW4GBWU,8BCa6ge3b7ho3TfZuM64Vk1hgbrJ3J7EPiAb9uP86CGd,1.0474665110000012,1.0538787409999997,176.9592397892101,168.94023620885946,0.07078369591568404,169.5825251312823,2.259188305,1.912502308,705.9947765970383
Dg3mAgpwDfVNnbGWcsxL8sUcSkEbjSJQhKAWNigG44Ju,EATxwd8YA2wV93VJcKMmH2Kn2Y9XfJVUB9hHVu3udwEy,GiGvrRi7NMHfHKanG2B8xyCEqe8jaafWins8bhrLVEaa,0.168229548,0.16829879200000003,28.677571889733137,170.46691399142995,0.011471028755893255,170.148674210038,0.220611611,0.237823851,78.07239346102342
YAkoNb6HKmSxQN9L8hiBE5tPJRsniSSMzND1boHmZxe,CfWX7o2TswwbxusJ4hCaPobu2jLCb1hfXuXJQjVq3jQF,EnTrdMMpdhugeH6Ban6gYZWXughWxKtVGfCwFn78ZmY3,7464656.663553013,7479710.806813062,7464656.663553013,1.0,746.4656663553013,1.0013568385161895,1102837.141124,136935.815826,1239958.7567391586
SRMuKizofcAMicegrfSv7xs9q76tH1w8aAF7oX9FEWu,72Hj2KWntXPfbie4UgKeTPnm1XVkomDfCnRPKbvfTtPi,6aqJQ5wedqpUt4fFEDUqUmXhrdxCu4bEJsQdVPCADLko,7953.521322999998,7957.907110999999,652.7094631252352,0.08206546969802288,0.2610837852500941,0.0824541249984746,18090.832658,4861.769268,1885.505610244516
BSCNHw8CmxbZ8hCWWzMf5FaG2ajPT6JxfznKUNuRVrn4,7n9kgNL633yGzCYksgnzHyjG73ZLBAwvEae5sbAekbzW,SscdxE99omdG9AiMVwmaEMQySQnCgeAh1sPj2Leutm2,5950.5117370419985,5909.504476088,6052.762063443781,1.0171834509232665,2.4211048253775127,0.9994064465149761,2452.640042887,9229.479361551,11718.786034607383
WiiQFxXqp8P9Fs1rt9SVcDyA3KUdJmUsog6wnVQAwba,3S2jpqSYxho6wiz3cafhjXruVY8cg4HYa2v3BqBHYFSj,Dfe67M6TfrG74gKRtdqys4e6E9QirPD53BkF4FujFjuv,6928.461627923,6954.044355789003,6898.204076770288,0.9956328615531667,0.6898204076770288,0.9994064465149761,22039.278888486,4673.775932215,26614.03210253382
BUSDgu5JdqP1rndBvXvanbEufS94FNh1w5FJcAj6vawb,Bgzr8cWubt89JQFXndVjtdKmDbGzuPxNhvjH1EhWCwbo,Dxaf8xPBBQsasRKW5Aa4Sw2YrbfGofY9xZueyyF23FBW,15155.74723924,15040.006720659996,15402.07368177783,1.0162530054539352,6.160829472711132,0.9999766205466116,3162.73949215,11627.25317558,14841.124851121636
KysFMBBoavfov2tLpvefWW6tPFt6rAeZWDJVy1mMQae,B8ka2V21TH3x64dFV8ETcjuQcwmrciJ2qzy1mJUttRew,7fSf7EYxBANyxzk2s5pymFgshA91tFYQNKKs5UnLWcYS,25.88340999998036,17.84215200000017,0.6054507764942941,0.02339146103603635,0.00024218031059771767,0.03363783195830846,134983.0303,2259.948048,3233.470046461696
7oAd7xG4m3oC2qeWB1szghTebAZyyGPAFDJ4wwwbRSNi,D9yh4KAysxt9GLacVe4Wwh2XqghhcjTCSTV9HuM7TBJd,HDYfJLpZKaMFb84jM4mRytn7XLR8UFZUnQpSfhJJaNEy,826.1815547180013,16.722129999999993,825.691171776936,0.9994064465149761,0.3302764687107744,0.020574913119809135,904.961242636,303958.660361687,7158.347128691905
KEVpg4SYCVrqFxKijQH6hm4QxsRdoE51ud64bEEFUC9,2bPenuBYfqzD8p5dFjCcggwkHDsc2RQDnx9AoyYGUBjA,AE6n6iLuX8oYu61vt5hoDYkjswpnxFxrhSehxrnQTnbx,2254.645892429,2257.0102799600018,2252.6793911750005,0.9991278003962383,0.9010717564700002,0.9994064465149761,4609.611079308,2984.962163253,7588.7810069094685
vEnkoSUkpnbRrPgBz9DfcVxNz67zjwMYBZraAvDDNSf,DtfyjjsZ5yCjWKLKHvwsfXs5QVsmm1QkK6Sh9JZHoq1g,e5wrKCRv4GhHvEf1VD5Pq2KGaZDXP77nTL612Jyrxwy,18451.417063999994,18451.84977099999,18435.85720052275,0.9991567117352953,1.8435857200522752,1.0011162446127433,4224.109672,2635.444018,6858.933348072055
daob129AwBGn9Y5r91uLoWZeYiGzbPmksauMhFZKTze,6VW5GQNyj4LStgmxEHLr5zUfW92vQnmbw8jTnCH7a38F,4VPCCUifPeBA1c7HWK358CHn2nyjm8pdTRk6Ps3KmnMQ,22.53004343399988,20.302426620999938,3604.9742202437997,160.00742434448958,1.44198968809752,144.89221612934355,52.56399645,233.420635273,42231.46282024158
HDSBGqAuMRr6X2AfmmbXQPpRgU6VEhtfNVVZ3wUTZXg,DCZ1d8kNLgDcdSd99y4udLgwq46mfDXNS9KXj96kQf5L,Fq8GGYQM5Pz3q7LmVMbrXHJgsxA5ev86kTq8yGgGuYsa,493.5224393489989,494.3477112089986,490.3647989734333,0.9936018301827759,0.19614591958937333,0.9994064465149761,12670.717017012,12227.187682153,24809.577810123385
heyk4SZTeCUV6a65WiVA5bzic3KcxgVf1qxobfeV4tQ,9ZDpBKPqMABtGfq66FbVribaArMvtk63xxy91onZAtDt,DaTP4s6N7xxSPinbNZ3FB52EpRDRt87QShTuN3VPCW52,40.55453766399876,35.48526329899994,6691.759358586812,165.00642700033166,2.676703743434725,144.6473605834496,650.541448894,4501.996952234,758545.4965930003
STK75uPSyBnEhGTTzb1nwmP3n427XoXmfRhXxxhyady,6TYyD5fUmDe6N65avW1Ny2RxzRNobw2RRgKwH9CTzSAU,54zDfk4cx2vGrEajPtodWpArNe5eUurytyxd4X3aZAxK,389.6325247620016,434.47066288600246,56314.547258862636,144.5324598947717,5.631454725886264,161.16858830660647,470.547383665,87.665774926,82138.34004577948
Sid7E679i9ABqptiAVhkmQ27YHN8vaYT4fppPwmxFsJ,GP7KB8o1bv527HG8kTzzzf4wJ5aEGHvcMQvVhLziUfmT,9gYxhAZ1M9wu5pxr8SBoa5NDm21gi3s9vMHaYTME77sa,1448.9697690000003,6039.772743000009,11.741899091563234,0.008103619097358291,0.004696759636625293,0.03338260717427614,142184.631594,6844.346904,1380.6922399966963
Lee1XZJfJ9Hm2K1qTyeCz1LXNc1YBZaKZszvNY4KCDw,9DgFSWkPDGijNKcLGbr3p5xoJbHsPgXUTr6QvGBJ5vGN,2hNHZg7XBhuhHVZ3JDEi4buq2fPQwuWBdQ9xkH7t1GQX,5117.686138266021,4361.721869283046,869145.3725897096,169.83170696829686,86.91453725897097,144.58913479163044,7353.507693947,56594.467820871,9431803.900080033
C98Sspw7XqnMsgxea3SLQVdbMDL8pKUc3RE82UvX9eq2,CSqgQJurPCzGxb4Cgwx5R61hWQUiaoUHcShNc8r1cKEL,6S2CR5EnukPhC914XkAns8m5GixjMAoUuZMsS5ubHuWc,100.75471900000002,100.74276400000053,0.0,0.0,0.0,1.0,981.013636,1002.926972,1002.926972
SUiuyGR7SFq3xeRVJonq84fjjeFwRSsFekcevJ53tzy,49GjCCPsv7fBqo6t3iKDrP1xxGDS8uWZbVCdfnp2gjMf,CEwj5xEbbJEjYqM8D6Ai8ByGz1mrh8mkAVsE5fzDSSSx,0.07908400000000015,9.020276999999965,0.0006406392407282805,0.008100744028226687,2.562556962913122e-07,0.9414015209282972,648.676161,1.629144,6.788438176884972
KwnjUuZhTMTSGAaavkLEmSyfobY16JNH4poL9oeeEvE,J63v6qEZmQpDqCD8bd4PXu2Pq5ZbyXrFcSa3Xt1HdAPQ,BnKQtTdLw9qPCDgZkWX3sURkBAoKCUYL1yahh6Mw7mRK,1540.1803649999988,46959.02484800032,51.414597618894895,0.033382192623196395,0.00514145976188949,1.0,271014.661447,752.778411,9799.842043134111
BUSDTd9WiT6uBHJRgNvFXBsA7JrifsAtWzKfioN7ERcy,DyBxrn7gSc1EwnpWhDyhzvMHPtxpmBqRqotapLcKcfTM,Cds99GeBgoCpqBsoRWu1C6fF9LiUMd4pXQQD24s9LPff,5325.47566501,5331.545026520001,5329.66920863343,1.0007874495889602,0.532966920863343,1.0016266416660657,344.11741431,279.39729756,624.2401662720497
