0,1,2,3,4,5,6,7,8,9,10,11
GokA1R67GqSavkd15zR62QD68Tuc5AEfvjssntVDEbM8,3YB7hfpBdbQEuZqLGWVDpRPmeZWCUsrrWyqGXegnQ6Cg,4DPCj6Z1DsG6HUtwSogBGqXEUxdEV5a8YVrrFtcnz7UW,54582.582843999975,54583.383680000035,54609.61460322857,1.0004952451463474,5.460961460322857,1.0,10086.615459,23717.672857,33809.283663349146
MARpDPs5A7XiyCWPNH8GsMWPLxmwNn9SBmKvPa9LzgA,6YjT74rmcfCpw8LSjPNx5JTmZoYLGrTKnf9arfSgZ4SR,F8GSmi3vA8M8TsybLya1LQ4n1aFHCRbZ6k437PeTdXtg,79887.3177109998,85051.66303700006,75904.96378596895,0.9501503612946749,30.36198551438758,1.0,374498.347629,19710.354494,375540.09479795315
ALBpShJ9NLpE739pcHDF2LNVk5J4VYPvvKuV6jMPitZi,D6d156U1bPiJpDYRLextvDRccgFk7QzkQbJg42ceKEu5,GNcM8U5g8RwTZffwwm3kSQqUNPSwv5d2fbN9sLxPJqt2,8027.556022000004,8029.965279000011,8040.831434698691,1.0016537303087396,3.2163325738794764,0.9979263091296287,50294.200409,49912.085605,100185.9568213299
4vezWG46exH6pf9nry3n1VJ7hZHvjBJNgNeF4qEFCML5,,,0.03366299999999889,0.03317200000000042,0.0,0.0,0.0,0.9979263091296287,50294.200409,49912.085605,49808.58336875972
SUiuyGR7SFq3xeRVJonq84fjjeFwRSsFekcevJ53tzy,49GjCCPsv7fBqo6t3iKDrP1xxGDS8uWZbVCdfnp2gjMf,CEwj5xEbbJEjYqM8D6Ai8ByGz1mrh8mkAVsE5fzDSSSx,3.998799999999994,9.055396999999964,0.0326183536709029,0.008157035528384253,1.3047341468361161e-05,0.9465690186067073,648.676161,1.629144,6.833371728941909
STK75uPSyBnEhGTTzb1nwmP3n427XoXmfRhXxxhyady,6TYyD5fUmDe6N65avW1Ny2RxzRNobw2RRgKwH9CTzSAU,54zDfk4cx2vGrEajPtodWpArNe5eUurytyxd4X3aZAxK,300.214542885,334.5850584250009,44014.92606744954,146.61157199273276,4.401492606744954,163.46570840888853,470.331237213,87.830756345,83313.31885110874
SoN9GaFpSXfpyR5dth3x7PHPVhvJMpQqqDJfCSmPv1t,9kZ9iS68ViMPtoeqtnhAKuF2iqVyfHPdZHoUNdwCELr,BBhm5fJLjw3HRzjtKB8uMEYjGhY6EDm9co3cqpjrSzB9,84.37183911800003,83.3716387689999,14822.245693965337,175.67764136604123,5.928898277586135,170.30726837359964,27.33983177,52.874392906,13807.890583431254
RoBgmK8CvjdHvPrqdDyVw54VwjZv2TqJ493xnqJAQHx,ExiHJxM7qPAcy27NDHAF6G7vnW7muNHi2sVJpnaNynGQ,6rkPHSqZb7StM4HwS9EuVrmfkV7tRdc7dnsFhyB6cefE,3.550292000000308,55.1742109999999,0.08563937172791777,0.024121782582365154,8.56393717279178e-06,0.9499382540134892,6035.997927,23.738323,168.14897076652903
NorjjEePhxfwLF4vZjUHCrVVKLzQjEEGQFd3wgjEJmh,34M8pFVqgbV7aqHxvRT5tCv3vu2P1JJYT8J3VaxBK2oG,3AZWBSze3ucsY3xSeuLne3b2pauVqiaJ1SZSV5T9WGWw,2.2280829999999696,3.350334999995539,1.4827108907978652,0.6654648371707362,0.0005930843563191462,1.0,37493.974528,2653.826028,27604.74768215925
oKQqupM9E7SSLAFDLxr7mdsXP7znck9qRbVWc6Yyj7Q,CMR2J7CwfW98RpvnJmFBgRFTLAd3x8CJ1SWs8Bt3uunG,FmRb5jHfSNj1YWP3b45d9vvYuhwjp4om8bALmtqZpr1v,295.60571555000024,304.23818667999876,285.5389485465288,0.9659452897088227,0.11421557941861153,1.0,4450.44914289,1456.91288766,5755.8032743232625
ALLwa5WNZbvQsRKAqe1jdRGemdYQnW8E5k4msbRFcYtu,CGoM82Hbz7QVqTgvQatYtjvDWBvoUJp5qm21P8iMs9yb,3dxNNww8TivyN5FMy5dCNdi3Zcxv6e4kUfSPxfFwpdNq,9.028301269000009,8.947259120000002,35490.00066433432,3930.9721294076026,14.19600026573373,3914.0628363647747,1.431671331,7.107191255,33445.853262765115
Lee1XZJfJ9Hm2K1qTyeCz1LXNc1YBZaKZszvNY4KCDw,9DgFSWkPDGijNKcLGbr3p5xoJbHsPgXUTr6QvGBJ5vGN,2hNHZg7XBhuhHVZ3JDEi4buq2fPQwuWBdQ9xkH7t1GQX,3010.1251660030975,2565.9484958770054,517769.17949779466,172.00918597856798,51.77691794977947,146.51641115669725,7357.955818243,56590.355730487,9557051.818474038
C98Sspw7XqnMsgxea3SLQVdbMDL8pKUc3RE82UvX9eq2,CSqgQJurPCzGxb4Cgwx5R61hWQUiaoUHcShNc8r1cKEL,6S2CR5EnukPhC914XkAns8m5GixjMAoUuZMsS5ubHuWc,107.2522590000001,107.26807600000006,0.0,0.0,0.0,1.0,989.085868,994.82881,994.82881
YAkoNb6HKmSxQN9L8hiBE5tPJRsniSSMzND1boHmZxe,CfWX7o2TswwbxusJ4hCaPobu2jLCb1hfXuXJQjVq3jQF,EnTrdMMpdhugeH6Ban6gYZWXughWxKtVGfCwFn78ZmY3,5729138.583486987,5741613.738942026,5729138.583486987,1.0,572.9138583486988,1.000557310421905,1102153.486709,137379.516279,1239609.5660241786
BSCNHw8CmxbZ8hCWWzMf5FaG2ajPT6JxfznKUNuRVrn4,7n9kgNL633yGzCYksgnzHyjG73ZLBAwvEae5sbAekbzW,SscdxE99omdG9AiMVwmaEMQySQnCgeAh1sPj2Leutm2,1891.805859256,1892.739119382999,1887.8892442299205,0.9979296950546396,0.7551556976919683,0.9997715801875313,6800.371519253,4860.443687329,11645.626142159828
wrmcMSHFi3sWpAEy4rGDvQb3ezh3PhXoV2xNjgLBkKU,8p4mGnARWPBu6P2Gcw4adodLkNDorrXniZMhaY7eJXUn,AyY89zccbsgp9LKFgH4CFZMJmpSgqmPSdTfukhP227rc,0.027540550000002856,0.38439731999999605,6.585497369680263,239.12003825920613,0.002634198947872105,3933.60081818897,49.66246611,0.13051101,12388.669011988395
HDSBGqAuMRr6X2AfmmbXQPpRgU6VEhtfNVVZ3wUTZXg,DCZ1d8kNLgDcdSd99y4udLgwq46mfDXNS9KXj96kQf5L,Fq8GGYQM5Pz3q7LmVMbrXHJgsxA5ev86kTq8yGgGuYsa,478.52182782699856,479.29404131999763,476.5316724014714,0.9958410352259904,0.19061266896058857,0.9998553079388222,12655.663347123,12242.188293675,24843.445835288054
WiiQFxXqp8P9Fs1rt9SVcDyA3KUdJmUsog6wnVQAwba,3S2jpqSYxho6wiz3cafhjXruVY8cg4HYa2v3BqBHYFSj,Dfe67M6TfrG74gKRtdqys4e6E9QirPD53BkF4FujFjuv,17.872120826000355,17.899058983999566,17.846139220831343,0.9985462494674266,0.0017846139220831342,0.9997595578263426,19357.658151194,7348.325993312,26676.076091184754
FrnkTEL6yZ5Aycq2TrEgu29dCrwKG4LPUZydfiwqspkc,DjvZuMZ46fxKBoBpGMPcRcos4xdTtHFxwMh69DpA2ZFY,9rvDPJLAng4uVVqnnSoEXgNDFhBZQTny9AoQioYDZbQX,496.6758711019984,420.89985993599964,87071.18096696629,175.30785373925517,34.828472386786515,146.77879979856078,310.340744317,2574.801252597,432331.40739007475
KEVpg4SYCVrqFxKijQH6hm4QxsRdoE51ud64bEEFUC9,2bPenuBYfqzD8p5dFjCcggwkHDsc2RQDnx9AoyYGUBjA,AE6n6iLuX8oYu61vt5hoDYkjswpnxFxrhSehxrnQTnbx,656.4825201750004,656.9027008130006,655.8984124673714,0.9991102463665393,0.26235936498694856,0.9998553079388222,4967.151838802,2626.837702746,7589.189917589885
SAMyS8Jr2HJrkFwYVKbpUwsNStnQmvz3f8Tup8bWUWF,6jPzm5TFfquvgm25sTyN3MMGBfufRaFHMxobDWv6hMFW,Cj9ECoDmxsHTDzCY5ZA6RWrPbg9uFzEC1Qc2kso2vJG6,7752.408132509969,259.4316700999998,7662.575772193146,0.9884123283009175,3.0650303088772586,0.03484243588486582,696.08771104,111071.69504638,4558.030088447566
HEDSDjj84KS7LKhZY7ejkCACTdPen62rKhCby1wXtgxc,EnnjMSFttpCTywBrYNt1J5QQeoSVkvzPipJDa8Y7kJow,6bjVT6JN2rSvpyn9PdfLYC8wJn4LWh49jpY47fnLDXZk,0.16613581099773,0.16146986000421748,0.15307990059515142,0.9214142313799102,6.123196023806057e-05,0.9998553079388222,38647.892903986,9559.309072631,45168.64445107719
BerKDkt6v49dT1bHRedgnpsJS263C1DSJtEGvY9Mg35V,78XKqNb8wbfsMMrvo8WPUpdx7GEkfQutpNVH943aCGFa,DKYQwn4nDvFHCszi5tXbqfVMAP7DaXXp1KGTXEnYnKVH,9.964662555000132,10.002652073999798,10.002024146001176,1.0037494085519532,0.0040008096584004706,0.9998553079388222,1340.351451808,2163.710734322,3508.7746395600907
BSCuChvaSj9b5HUSqgDVRzcnr2sSn7cXaamt1jbKH6hn,GnKpRj5kBVPMJfiwZtEuD9GYApLzPdW5JFuZTcyX4BTc,3dmwD9okkomV9nDwyuh4UMhKdUR13QpuKxRo89ycZB5t,1.6560396349998427,1.6573544329999095,1.6595291185798353,1.002107125642553,0.0006638116474319342,1.0011773846042946,1594.472422246,1501.000946047,3100.600377425166
DFWzVTzNBrQZLjoQ4yQwkj9HuoXmfkuZP9V5vbymZe23,DhgiEgiNdqZdRdo195UUHnoEJUtefK8buko8nU97XJUZ,2K2kkXsouBHtWVjtcgkyiXd8eP3oVBvq1bTJzcVdLLr2,1643.7763983719942,1832.7124405550112,1415.6061739514025,0.8611914463265363,0.566242469580561,0.9997916174323451,66989.816105029,9077.563939368,66766.72895392487
daob129AwBGn9Y5r91uLoWZeYiGzbPmksauMhFZKTze,6VW5GQNyj4LStgmxEHLr5zUfW92vQnmbw8jTnCH7a38F,4VPCCUifPeBA1c7HWK358CHn2nyjm8pdTRk6Ps3KmnMQ,24.925622583999882,22.476315343999993,4035.25005767388,161.8916455978181,1.614100023069552,146.9499509040214,52.914617421,233.026207704,42809.62427191775
AURHmCnNwiW4uA2Qj1XvEh4iKgRUZYXtiY7FKAapUV5Y,BKWm4TRnTeKwfWXRyuzjRHU7iZDkPuXBX5b5V5jSVfGJ,A5Ww74HVrkj9nPeC7pHKLfgeDMEhBCpW1efQdz3TGLEg,3.369711301000052,2.995101985999952,554.4991507373088,164.55390423884276,0.22179966029492354,146.84794556052964,286.83711222,1818.126349509,314188.28589125816
Cob4usZcpHEY7Qt4ZCwj6WVg9S44zvzYV2v9qYF65dTf,NhFM9UXE48PyNAyeyPYA3iXztqKVJwA4bTdLj4ysM8w,6TuFuynuBoeskxyR2cz4wxyidk8dpDK7kAWw3UkjQGx,110.50962299998858,6336.601215000017,0.9062827307182285,0.008200939484865695,0.00036251309228729143,1.0,72154.925325,176.19094,767.9291161253282
BkMBnJpvHKtWhUvrgRrLesXfi9RUV3ELgdBaJcdH7hcY,5uerVwBnZQsuVhZ15igs7ZgmcqhHnYWbwoRtLyRqLvR,9YWiQh5d4jCtgMdzcGLv9bWgnLaFtzvDDh2nnhJdzhBX,1.459824972000206,1.4599209999998948,1.4597263791611046,0.9999324625616136,0.0005838905516644418,0.9998553069391117,1471.600204339,1400.655712861,2871.953863929525
B2izdXFYb2sNwbWWHmh75T4aQFtfXsUxem9u2p61HGzf,4DYwgJtxwuJdAjkj5RJSNH4e7U329V5cNp7d3a1nLrZv,EXNW64GEf1ACC6xY9BtKRiunrs6GoJSXBdxWN2eTPmrF,8606.114241000007,8493.712440999996,8668.213321233323,1.007215693226273,0.8668213321233322,1.0,9474.179318,30545.489653,40088.03174252939
AUSejoEUCh2DBs9mof6BNC8Pubs22w4cJa1ccV9h44R,4xkyD7AfGQDwsQMy9MosRRNGoVJ1zosNinesxg1TzHG7,Cbm5gsQe3nSiCsFrvepVzMCD9xLK3ri9g3ypS2hdmVJ7,600.3428060000024,600.5757959999937,600.0955666265521,0.9995881696740941,0.060009556662655214,1.0,14615.240339,14238.058041,28847.279380807995
7dwD9TF6uikvHXxPFK9AsSim54yJoujQjY9vU6gNFumk,CquVr6atkvwueDYficKjn6SSEWq4F4rH4VSiBbW4GBWU,8BCa6ge3b7ho3TfZuM64Vk1hgbrJ3J7EPiAb9uP86CGd,0.7926994569999999,0.7972816990000005,135.76638386408484,171.2709434391411,0.054306553545633934,172.34954832353873,2.257710229,1.913846838,716.530799022762
MATSnbbiTCv7Dc3trJrkrqjx7ckKdr6fwPoVwv9q3sD,631WX9JizSHJm4w6VanZeJAst9T8DeUUnPLesdGkCVtK,211maUSfpnXbPuW1iBu8b4dtJv5EbN1j7JJiEX5TZKEP,47208.02556100002,47210.794147,47296.94381537292,1.0018835410571876,18.918777526149167,1.0016426940181897,22676.041236,21844.413873,44599.05005168253
SoNcU2iwHMw6dGzsYNQkYFkUjwN1UdAjrWVRnStrZu2,8ivTTid27jZnYNc4w3CTA1Z6QS2twsFb8WMwUabeDJgc,CyXm53PMvHCbeXJBykU46Rcbo28xk5srhMZFg7gv6EYB,41.727409172999984,41.47603056900001,7194.5533130880185,172.4179251882071,2.877821325235207,169.59739444130972,10.972631242,13.697258098,4214.89759701187
ercAoEmXjQzEvAFbdjAo81KtMxRGn9AW1ju882upmPH,CMRhskR2Eg6V42RTSdRTXGdozyPbWB8U9dVpijPWb9T4,7TKLLgrWswt6ZJ1pXhVR3FyufHGjJFqiEXxvWJfDcgRm,26.61980077399994,26.063170500000012,3911.0847132302674,146.92389122048942,1.5644338852921071,143.39195387597056,335.629209826,1012.553781602,194504.01466330758
KZMu9QBEdL97EFgamLbN5DE1AoKBG4HdrKKJo4Vuon3,DD4ACBWyVqdaKWh7v5btsgqQCCMwbKnuL2xd9pv7Gyuw,GcYqiJ1MAuYbNTNYXm1F1gQYTfTgkErACAhNU5dpVj9T,583.7791061900002,588.6809101699989,577.0144655626867,0.9884123283009175,0.23080578622507467,1.0,1953.41427354,1130.15264863,3060.931398875917
RajgMbScQbqqrdJfR2rxfHJiTiY5b6bJ2tTXiF4aPxy,725ZA3fhyBAKb5iopNRrcbSuQa3LXA1656Q3mBvYPxeg,GLA6i1dSZpUfk2f9Nj8uiG7xyDdAR2reff8oEiZH3617,29083.642748500046,29087.731449419996,29081.754179383643,0.9999350642169299,11.632701671753457,1.0,123409.56475714,109060.48136497,232462.03242538415
KysFMBBoavfov2tLpvefWW6tPFt6rAeZWDJVy1mMQae,B8ka2V21TH3x64dFV8ETcjuQcwmrciJ2qzy1mJUttRew,7fSf7EYxBANyxzk2s5pymFgshA91tFYQNKKs5UnLWcYS,39.35747700000047,57.22028999996837,0.9518408514878418,0.02418449870371087,0.00038073634059513674,0.034606073185892545,134983.0303,2259.948048,3342.7048488587184
KEN5P7p3asnb23Sw6yAmJRGvijfAzso3RqfyLAQhznt,9zj4aX38Uxf3h6AUjS4EipWS8mwbEofasHAf3a1uKGds,CwQDG1MWunn9cLNwcZLd8YBacweSR7ARo32w4mLua1Yr,234873.72199500026,234894.5596110043,234785.677365988,0.9996251405722854,23.4785677365988,1.0,2300178.101786,2201729.073969,4501044.9323081225
SEQV6QiTpvTzrceiaYg9Avnwf7oc8ZALpnQMz6TyT4A,3dFMPj4r9mMmPHF32mz1gNDX7f8ftidWof7S8YiYTs1j,Fc1ED3YPeQfXQosHbd8DTaBd2AV5gHQtwiSAL5C5pUhi,1883.6142089700006,1886.4660109760005,1884.4418256687652,1.000439376967334,0.7537767302675061,1.0016386808819229,4174.231510549,1428.22099005,5606.626960212611
BSC8REUo9LpiiWUuqMuLXs2D2yJsJfGd4HdiF3wCLxk5,AZjEH1zWVx1UJ6udMyRijGTzPteuLnaY18yNNmprJEsh,Caf8ypkSVR8xYnXNhjvfvdGCC7mrM3C11rz8Xi6NA6aK,1739.9320201199994,1739.8157154500004,1740.1793013388992,1.0001421211955641,0.6960717205355597,0.9998553079388222,3055.782537441,3246.070085337,6301.81723367423
BUSDTd9WiT6uBHJRgNvFXBsA7JrifsAtWzKfioN7ERcy,DyBxrn7gSc1EwnpWhDyhzvMHPtxpmBqRqotapLcKcfTM,Cds99GeBgoCpqBsoRWu1C6fF9LiUMd4pXQQD24s9LPff,6616.458041389994,6616.006794699999,6629.562963682824,1.00198065524044,0.6629562963682825,1.0018132820404932,313.9482968,309.12324757,624.2538953424016
TETFuZgEmET6d9vYmz9iMFCxK1jKdKYxf3oPz8hSzJK,Eu1Ze6Z84LWNkq7SNoAHBJbXx5t1P95EwyqYohrfCRFV,ASMbv7WNu3qe4pkhREmvyEdwFNDZQ6B6iSrjkj4u8bdC,26.088736484000002,26.26872062700005,25.978894470815582,0.9957896767728945,0.010391557788326233,1.0012465519571867,303.749562483,48.588646431,351.1198933481603
parEAJhzYzHW87y9VoZAQ22dzQ2MD2ekEtTReaxbMcz,3oyc6hpjYSJEquK6dSvG72NXyz3pqLZz5D8AC71pwgQb,Di2vordgFJVZ1aj1aBpvzXtLfZgJsuLLXawGtVFwX6Rz,4.569192148999917,5.254251730000533,653.2861095538493,142.97628295120776,0.26131444382153973,167.64316013392008,1286.572121641,174.576320249,213215.82571197292
JSoLLrxK5bYdHwTEWYaGgmeycBCNXKDiBCTw5hXGBg7,xG4wXczA7Dk4hccJ61CHKpDHW4NrNfQwgmWgkb9BuF2,BVR6WgfhsRr9Lob4QDnkEAiNGgAbv7ZieKcY9kSg3QYR,53.10744874299985,45.72244658199999,9054.515326240746,170.49426286805448,3.621806130496298,147.21019024267306,17.659875561,162.646561732,26954.138760998656
Lid8SLUxQ9RmF7XMqUA8c24RitTwzja8VSKngJxRcUa,4PgzyzLtds9bKZ2to9PMnKqJzKEUpjvNUaeN23phegax,AtymwxoVN9peZo7EXTcDz9jKVc4vRmisJKKrNfe3ewBa,173.27297179901007,148.54229001200054,29751.203334407623,171.7013509118887,2.975120333440762,147.23489914703876,1027.827283387,7711.481992241,1311878.6064634537
SERgf3DMJpQxUifu7VoFKmfne73d2fDJxSrxUMrcNJB,AJfM2GZ2tTB8UtN2krcyR9xufRJEx2mhSCbJyMgPo3GU,F4yRYkufQvERZcEKnKjJwRLU1btiMBUuEwq46hfm11QD,3.9172747369999996,3.943979875,581.355446689942,148.4081372181637,0.23254217867597682,147.29610021790984,22.254135759,35.008061618,8459.245785913006
BUSD5rCfUDpCxKGMvYU2yThChxgHoioK74PTPociGnv2,CcFHbafgYDZ8yA8Me1PdtDiVb2eeaS61LbqyKKK5CsNZ,26R9s4nmF3CFDTkiePDwRmtscn8i7r2eygbSijditJ58,0.13364598000001138,0.1336480899999941,0.13360262861907707,0.9996756252531179,1.3360262861907707e-05,1.0,72.63382713,73.42900626,146.03927281070963
heyk4SZTeCUV6a65WiVA5bzic3KcxgVf1qxobfeV4tQ,9ZDpBKPqMABtGfq66FbVribaArMvtk63xxy91onZAtDt,DaTP4s6N7xxSPinbNZ3FB52EpRDRt87QShTuN3VPCW52,35.02750414599814,30.622837240000194,5871.880313399056,167.6362748805759,2.3487521253596224,147.18538131243145,653.156199068,4498.994704688,771678.9232590286
Dg3mAgpwDfVNnbGWcsxL8sUcSkEbjSJQhKAWNigG44Ju,EATxwd8YA2wV93VJcKMmH2Kn2Y9XfJVUB9hHVu3udwEy,GiGvrRi7NMHfHKanG2B8xyCEqe8jaafWins8bhrLVEaa,0.4029171640000001,0.39994965199999993,70.78923276454879,175.69177758967044,0.028315693105819512,172.61044997472985,0.191139449,0.267522899,79.75887753725436
MATgk4zXLXtYkwBH678J1xZbRDZ45LicNzkRBHkxTuY,y8dALFo1bJrSzPYjMX14HJX448pXqYmrfXHD1K8MXih,GN7Yuet3UyiWS5YVkEHv6oQKi4HGBJc3XDPt9zQhAqZz,48585.503613999994,48630.19525200002,48585.40644318711,0.999998000004,19.434162577274844,1.0,9579.529611,8492.721075,18072.231526979096
KwnjUuZhTMTSGAaavkLEmSyfobY16JNH4poL9oeeEvE,J63v6qEZmQpDqCD8bd4PXu2Pq5ZbyXrFcSa3Xt1HdAPQ,BnKQtTdLw9qPCDgZkWX3sURkBAoKCUYL1yahh6Mw7mRK,1610.8106859999932,47712.43332699948,55.87215219711907,0.03468573475624392,0.005587215219711907,1.0,270570.629269,767.979227,10152.920306654541
vEnkoSUkpnbRrPgBz9DfcVxNz67zjwMYBZraAvDDNSf,DtfyjjsZ5yCjWKLKHvwsfXs5QVsmm1QkK6Sh9JZHoq1g,e5wrKCRv4GhHvEf1VD5Pq2KGaZDXP77nTL612Jyrxwy,9873.118250000005,9877.002178999996,9884.891155366045,1.0011924201724254,0.9884891155366047,1.001546387622489,4047.472049,2810.515761,6867.160244104176
BUSDgu5JdqP1rndBvXvanbEufS94FNh1w5FJcAj6vawb,Bgzr8cWubt89JQFXndVjtdKmDbGzuPxNhvjH1EhWCwbo,Dxaf8xPBBQsasRKW5Aa4Sw2YrbfGofY9xZueyyF23FBW,14852.222815939991,14760.67121167,14955.174385964718,1.0069317280854577,5.982069754385888,1.0,4664.6339645,10104.76133723,14801.729275990105
Sid7E679i9ABqptiAVhkmQ27YHN8vaYT4fppPwmxFsJ,GP7KB8o1bv527HG8kTzzzf4wJ5aEGHvcMQvVhLziUfmT,9gYxhAZ1M9wu5pxr8SBoa5NDm21gi3s9vMHaYTME77sa,1680.1834689999987,6999.899770999968,13.787556826636765,0.008205982906642189,0.005515022730654706,0.034694081467254334,142672.45095,6728.480729,1404.206152307223
