0,1,2,3,4,5,6,7,8,9,10,11
SoNcU2iwHMw6dGzsYNQkYFkUjwN1UdAjrWVRnStrZu2,8ivTTid27jZnYNc4w3CTA1Z6QS2twsFb8WMwUabeDJgc,CyXm53PMvHCbeXJBykU46Rcbo28xk5srhMZFg7gv6EYB,169.7655870000002,167.34554839100008,37693.28652615933,222.03137392126055,15.077314610463736,219.35072623735198,12.290247824,17.466242471,6560.053580847034
RajgMbScQbqqrdJfR2rxfHJiTiY5b6bJ2tTXiF4aPxy,725ZA3fhyBAKb5iopNRrcbSuQa3LXA1656Q3mBvYPxeg,GLA6i1dSZpUfk2f9Nj8uiG7xyDdAR2reff8oEiZH3617,31296.54910588001,31297.36397527001,31275.00656860549,0.9993116641326288,12.510002627442198,0.999965511189519,118484.0156176,114875.40984427,233273.9067479712
Dg3mAgpwDfVNnbGWcsxL8sUcSkEbjSJQhKAWNigG44Ju,EATxwd8YA2wV93VJcKMmH2Kn2Y9XfJVUB9hHVu3udwEy,GiGvrRi7NMHfHKanG2B8xyCEqe8jaafWins8bhrLVEaa,0.12191206299999999,0.12408828499999999,27.41226256954976,224.85274955563474,0.010964905027819905,223.34954180958246,0.208679875,0.25017678,102.79911285507288
ALBpShJ9NLpE739pcHDF2LNVk5J4VYPvvKuV6jMPitZi,D6d156U1bPiJpDYRLextvDRccgFk7QzkQbJg42ceKEu5,GNcM8U5g8RwTZffwwm3kSQqUNPSwv5d2fbN9sLxPJqt2,7112.730300999989,7114.102641999998,7052.816623780969,0.991576557147036,2.821126649512388,0.9851022979481304,51950.238025,48267.918567,99061.47566132346
MNkYtBe2HtgL15osfaMmyqNW3vo4J399FXXCS4a39Wf,2mUxDu8NrhSKhQJMgKfYLxJqZzeEbmwhQdHeHMyohyuk,AZCBmDBcFsA2jHHhfFJBTsWCHx9XnnKmGfFsue3ZVW1t,0.7826989600000616,0.7076747800001613,0.7823574609683489,0.999563690449119,0.00031294298438733957,0.9999798004080317,2195.09800886,1941.07146697,4135.172524752001
Lee1XZJfJ9Hm2K1qTyeCz1LXNc1YBZaKZszvNY4KCDw,9DgFSWkPDGijNKcLGbr3p5xoJbHsPgXUTr6QvGBJ5vGN,2hNHZg7XBhuhHVZ3JDEi4buq2fPQwuWBdQ9xkH7t1GQX,10657.857770820696,9085.286009833031,2385208.4155296856,223.7981090402575,238.52084155296856,190.6375242896036,7345.812162206,56582.253437361,12430679.585292041
Lid8SLUxQ9RmF7XMqUA8c24RitTwzja8VSKngJxRcUa,4PgzyzLtds9bKZ2to9PMnKqJzKEUpjvNUaeN23phegax,AtymwxoVN9peZo7EXTcDz9jKVc4vRmisJKKrNfe3ewBa,10234.799598594993,9494.11206797198,2257484.827815712,220.56951932166933,225.74848278157117,189.7258158399807,1051.438944375,7686.240525752,1690193.6370474976
JSoLLrxK5bYdHwTEWYaGgmeycBCNXKDiBCTw5hXGBg7,xG4wXczA7Dk4hccJ61CHKpDHW4NrNfQwgmWgkb9BuF2,BVR6WgfhsRr9Lob4QDnkEAiNGgAbv7ZieKcY9kSg3QYR,133.1479184539997,115.6043555429999,28567.91071953848,214.55769681753003,11.427164287815392,188.75859512262892,18.575308923,168.602489817,35810.64461222726
parEAJhzYzHW87y9VoZAQ22dzQ2MD2ekEtTReaxbMcz,3oyc6hpjYSJEquK6dSvG72NXyz3pqLZz5D8AC71pwgQb,Di2vordgFJVZ1aj1aBpvzXtLfZgJsuLLXawGtVFwX6Rz,21.315852776000014,24.68509679899978,3970.4817299021875,186.26896008461082,1.588192691960875,216.45471421051172,1279.505427418,173.502635293,275887.6087248833
SERgf3DMJpQxUifu7VoFKmfne73d2fDJxSrxUMrcNJB,AJfM2GZ2tTB8UtN2krcyR9xufRJEx2mhSCbJyMgPo3GU,F4yRYkufQvERZcEKnKjJwRLU1btiMBUuEwq46hfm11QD,3.4103202890000013,3.393634414000001,648.4989209497015,190.1577758081658,0.2593995683798806,190.81238372370368,26.082027007,31.161074673,10905.619181967093
TETFuZgEmET6d9vYmz9iMFCxK1jKdKYxf3oPz8hSzJK,Eu1Ze6Z84LWNkq7SNoAHBJbXx5t1P95EwyqYohrfCRFV,ASMbv7WNu3qe4pkhREmvyEdwFNDZQ6B6iSrjkj4u8bdC,49.30266986100001,49.611926993000054,48.653358006046034,0.9868300873606927,0.01946134320241841,0.9858996630194952,312.148306059,40.30132426,347.7704021448686
BSC8REUo9LpiiWUuqMuLXs2D2yJsJfGd4HdiF3wCLxk5,AZjEH1zWVx1UJ6udMyRijGTzPteuLnaY18yNNmprJEsh,Caf8ypkSVR8xYnXNhjvfvdGCC7mrM3C11rz8Xi6NA6aK,42.869006968999656,42.844670999999835,42.814418756342995,0.9987266275447869,0.017125767502537196,1.0,3358.731982048,2945.659550638,6300.114615895617
HEDSDjj84KS7LKhZY7ejkCACTdPen62rKhCby1wXtgxc,EnnjMSFttpCTywBrYNt1J5QQeoSVkvzPipJDa8Y7kJow,6bjVT6JN2rSvpyn9PdfLYC8wJn4LWh49jpY47fnLDXZk,6.888937820000137,7.090770258997509,6.621144950368009,0.9611271176153361,0.0026484579801472037,1.0,38652.423564363,9555.036119665,46704.928568928306
AURHmCnNwiW4uA2Qj1XvEh4iKgRUZYXtiY7FKAapUV5Y,BKWm4TRnTeKwfWXRyuzjRHU7iZDkPuXBX5b5V5jSVfGJ,A5Ww74HVrkj9nPeC7pHKLfgeDMEhBCpW1efQdz3TGLEg,0.03581163800004106,0.03119927699992786,7.6406262168044385,213.35595475402937,0.0030562504867217757,190.3486749923908,286.921653278,1817.908246072,407252.8691722786
SAMyS8Jr2HJrkFwYVKbpUwsNStnQmvz3f8Tup8bWUWF,6jPzm5TFfquvgm25sTyN3MMGBfufRaFHMxobDWv6hMFW,Cj9ECoDmxsHTDzCY5ZA6RWrPbg9uFzEC1Qc2kso2vJG6,6814.970932059952,237.67329940999912,6936.881420361746,1.0178886292424645,2.7747525681446983,0.03237302098834372,653.62077023,112359.815574,4302.73981767735
KwnjUuZhTMTSGAaavkLEmSyfobY16JNH4poL9oeeEvE,J63v6qEZmQpDqCD8bd4PXu2Pq5ZbyXrFcSa3Xt1HdAPQ,BnKQtTdLw9qPCDgZkWX3sURkBAoKCUYL1yahh6Mw7mRK,1147.3455879999829,33699.187528999624,36.43563307151878,0.031756458954125794,0.003643563307151878,1.0,271522.569352,736.98483,9359.580158745563
BUSDTd9WiT6uBHJRgNvFXBsA7JrifsAtWzKfioN7ERcy,DyBxrn7gSc1EwnpWhDyhzvMHPtxpmBqRqotapLcKcfTM,Cds99GeBgoCpqBsoRWu1C6fF9LiUMd4pXQQD24s9LPff,5353.132611089998,6033.521068490002,5331.76375504199,0.9960081586613905,0.533176375504199,0.9967744379188944,328.3898966,304.22068036,630.318413904713
BkMBnJpvHKtWhUvrgRrLesXfi9RUV3ELgdBaJcdH7hcY,5uerVwBnZQsuVhZ15igs7ZgmcqhHnYWbwoRtLyRqLvR,9YWiQh5d4jCtgMdzcGLv9bWgnLaFtzvDDh2nnhJdzhBX,205.3921654820001,205.36192469399975,205.40814561950486,1.000077803052844,0.08216325824780195,1.0,1471.600204339,1400.790465989,2872.5051653164637
heyk4SZTeCUV6a65WiVA5bzic3KcxgVf1qxobfeV4tQ,9ZDpBKPqMABtGfq66FbVribaArMvtk63xxy91onZAtDt,DaTP4s6N7xxSPinbNZ3FB52EpRDRt87QShTuN3VPCW52,251.04971883500616,219.33158263500138,54270.389159443825,216.1738695079407,21.708155663777532,190.54947035821968,651.236840994,4474.831601366,993457.1794663158
DFWzVTzNBrQZLjoQ4yQwkj9HuoXmfkuZP9V5vbymZe23,DhgiEgiNdqZdRdo195UUHnoEJUtefK8buko8nU97XJUZ,2K2kkXsouBHtWVjtcgkyiXd8eP3oVBvq1bTJzcVdLLr2,364.3601603930092,425.16341106898653,310.0563285396608,0.8509611155215906,0.12402253141586433,1.0,67428.009358298,8705.688150368,66084.30221130552
KysFMBBoavfov2tLpvefWW6tPFt6rAeZWDJVy1mMQae,B8ka2V21TH3x64dFV8ETcjuQcwmrciJ2qzy1mJUttRew,7fSf7EYxBANyxzk2s5pymFgshA91tFYQNKKs5UnLWcYS,735.4679459999975,735.7096729999976,16.60524481284176,0.022577795406520433,0.0066420979251367055,0.032018767608521126,134974.449735,2266.355351,3119.991416526503
daob129AwBGn9Y5r91uLoWZeYiGzbPmksauMhFZKTze,6VW5GQNyj4LStgmxEHLr5zUfW92vQnmbw8jTnCH7a38F,4VPCCUifPeBA1c7HWK358CHn2nyjm8pdTRk6Ps3KmnMQ,139.3373180079998,126.8355695680001,29070.912151954417,208.6369435522317,11.628364860781767,191.02736810897423,53.022021144,218.101786447,52725.76267728192
MATSnbbiTCv7Dc3trJrkrqjx7ckKdr6fwPoVwv9q3sD,631WX9JizSHJm4w6VanZeJAst9T8DeUUnPLesdGkCVtK,211maUSfpnXbPuW1iBu8b4dtJv5EbN1j7JJiEX5TZKEP,23633.291268999998,23645.769120999987,23494.812842108608,0.9941405356826862,9.397925136843446,0.9899176883442141,23054.3296,21819.530603,44518.782873626806
Cob4usZcpHEY7Qt4ZCwj6WVg9S44zvzYV2v9qYF65dTf,NhFM9UXE48PyNAyeyPYA3iXztqKVJwA4bTdLj4ysM8w,6TuFuynuBoeskxyR2cz4wxyidk8dpDK7kAWw3UkjQGx,172.1370240000021,7264.700006000028,1.6340341692950946,0.009492636338914949,0.0006536136677180379,1.0,70253.348758,193.451637,860.3411283506562
BSCuChvaSj9b5HUSqgDVRzcnr2sSn7cXaamt1jbKH6hn,GnKpRj5kBVPMJfiwZtEuD9GYApLzPdW5JFuZTcyX4BTc,3dmwD9okkomV9nDwyuh4UMhKdUR13QpuKxRo89ycZB5t,130.71644078100007,130.63624008500005,130.6318895517515,0.9993531706589974,0.0522527558207006,0.9962441595186148,1493.67070613,1602.191423733,3088.8784044162944
B2izdXFYb2sNwbWWHmh75T4aQFtfXsUxem9u2p61HGzf,4DYwgJtxwuJdAjkj5RJSNH4e7U329V5cNp7d3a1nLrZv,EXNW64GEf1ACC6xY9BtKRiunrs6GoJSXBdxWN2eTPmrF,28855.33397900005,28272.34848700003,28154.704165833286,0.9757192270352283,2.8154704165833286,1.0,6999.844129,33076.123501,39906.00600391496
WiiQFxXqp8P9Fs1rt9SVcDyA3KUdJmUsog6wnVQAwba,3S2jpqSYxho6wiz3cafhjXruVY8cg4HYa2v3BqBHYFSj,Dfe67M6TfrG74gKRtdqys4e6E9QirPD53BkF4FujFjuv,4600.073035666997,4607.608593384994,4587.426496288281,0.9972507959589639,0.4587426496288281,1.0,21316.361719182,5400.610784252,26658.36947565544
7oAd7xG4m3oC2qeWB1szghTebAZyyGPAFDJ4wwwbRSNi,D9yh4KAysxt9GLacVe4Wwh2XqghhcjTCSTV9HuM7TBJd,HDYfJLpZKaMFb84jM4mRytn7XLR8UFZUnQpSfhJJaNEy,9951.56830074316,468.69790625398764,9951.56830074316,1.0,3.980627320297264,0.02492472441979816,1011.142754354,299272.138808721,8470.418340684952
MARpDPs5A7XiyCWPNH8GsMWPLxmwNn9SBmKvPa9LzgA,6YjT74rmcfCpw8LSjPNx5JTmZoYLGrTKnf9arfSgZ4SR,F8GSmi3vA8M8TsybLya1LQ4n1aFHCRbZ6k437PeTdXtg,141368.67252100006,152141.28193600048,129900.41443280029,0.9188769485934292,51.960165773120124,1.0,376724.236223,16700.753811,362863.97045278037
ALLwa5WNZbvQsRKAqe1jdRGemdYQnW8E5k4msbRFcYtu,CGoM82Hbz7QVqTgvQatYtjvDWBvoUJp5qm21P8iMs9yb,3dxNNww8TivyN5FMy5dCNdi3Zcxv6e4kUfSPxfFwpdNq,10.456731089000009,10.221747227999998,38740.112214730325,3704.8014226437463,15.49604488589213,3620.709007237798,0.663525498,7.905626663,31082.203875534193
GokA1R67GqSavkd15zR62QD68Tuc5AEfvjssntVDEbM8,3YB7hfpBdbQEuZqLGWVDpRPmeZWCUsrrWyqGXegnQ6Cg,4DPCj6Z1DsG6HUtwSogBGqXEUxdEV5a8YVrrFtcnz7UW,94628.88869699996,94613.410826,94655.39220681787,1.000280078421958,9.465539220681787,1.0,11921.301722,22034.47326,33959.11388137398
vEnkoSUkpnbRrPgBz9DfcVxNz67zjwMYBZraAvDDNSf,DtfyjjsZ5yCjWKLKHvwsfXs5QVsmm1QkK6Sh9JZHoq1g,e5wrKCRv4GhHvEf1VD5Pq2KGaZDXP77nTL612Jyrxwy,26997.497648999997,27003.106198000016,26925.472011369584,0.9973321365347695,2.6925472011369584,0.9932054813024102,3031.935213,3835.560616,6833.346251495141
HDSBGqAuMRr6X2AfmmbXQPpRgU6VEhtfNVVZ3wUTZXg,DCZ1d8kNLgDcdSd99y4udLgwq46mfDXNS9KXj96kQf5L,Fq8GGYQM5Pz3q7LmVMbrXHJgsxA5ev86kTq8yGgGuYsa,119.26895995899758,119.86429743199915,117.46407707669114,0.9848671198027809,0.04698563083067646,1.0,12774.436127712,12123.971436863,24705.09355306731
ZUCKWFa4LTL833dPhhpeeRWZcaAEoMeYJPi2iKn4F8N,7eEYpq6ShaJ9opZWMxitRFrdCHh6vfyHhGfoSvFht3N2,H8VggnHmuwd1wvwpT8eg9cUJFEfZ7HAaeYjgXrSm7A2u,221.2299814650005,220.65452441200023,221.72533893160897,1.002239106396557,0.08869013557264359,1.0,1748.416403725,2098.372994481,3850.704288559426
FrnkTEL6yZ5Aycq2TrEgu29dCrwKG4LPUZydfiwqspkc,DjvZuMZ46fxKBoBpGMPcRcos4xdTtHFxwMh69DpA2ZFY,9rvDPJLAng4uVVqnnSoEXgNDFhBZQTny9AoQioYDZbQX,260.5378765250031,226.92292102999943,58206.55083161899,223.40917032089598,23.282620332647596,190.32331553873775,324.338834729,2568.684339962,561340.7901236542
BUSDgu5JdqP1rndBvXvanbEufS94FNh1w5FJcAj6vawb,Bgzr8cWubt89JQFXndVjtdKmDbGzuPxNhvjH1EhWCwbo,Dxaf8xPBBQsasRKW5Aa4Sw2YrbfGofY9xZueyyF23FBW,18791.78689117999,18653.294117959995,19088.459538441857,1.0157873569437461,7.635383815376743,1.0,3210.88832058,11611.32505589,14872.904816493501
SoN9GaFpSXfpyR5dth3x7PHPVhvJMpQqqDJfCSmPv1t,9kZ9iS68ViMPtoeqtnhAKuF2iqVyfHPdZHoUNdwCELr,BBhm5fJLjw3HRzjtKB8uMEYjGhY6EDm9co3cqpjrSzB9,39.10417804099994,38.50630208000002,8659.071864610487,221.4359768803125,3.463628745844195,219.4613496741328,3.638793925,5.915378491,2103.9568349167166
7dwD9TF6uikvHXxPFK9AsSim54yJoujQjY9vU6gNFumk,CquVr6atkvwueDYficKjn6SSEWq4F4rH4VSiBbW4GBWU,8BCa6ge3b7ho3TfZuM64Vk1hgbrJ3J7EPiAb9uP86CGd,2.738396971999999,2.857079819999997,602.314631880304,219.95154027664626,0.24092585275212156,222.37640319510416,2.431610818,1.745127,922.9116101511182
BSCNHw8CmxbZ8hCWWzMf5FaG2ajPT6JxfznKUNuRVrn4,7n9kgNL633yGzCYksgnzHyjG73ZLBAwvEae5sbAekbzW,SscdxE99omdG9AiMVwmaEMQySQnCgeAh1sPj2Leutm2,472.5228098970001,465.17058614999996,478.63897599886275,1.0129436420290394,0.1914555903995451,0.9995188975709566,2732.837004601,8946.109292371,11710.01516597222
KEN5P7p3asnb23Sw6yAmJRGvijfAzso3RqfyLAQhznt,9zj4aX38Uxf3h6AUjS4EipWS8mwbEofasHAf3a1uKGds,CwQDG1MWunn9cLNwcZLd8YBacweSR7ARo32w4mLua1Yr,595954.5275989992,596002.2411629993,594111.5934361602,0.9969075926476072,59.41115934361603,1.0,2048333.210369,2001192.036896,4043190.9665851044
moFiBS1R4Lf3E3zzmBPnw3NF4RhWPkhREFviuzUaCAU,44ALBrpqi9PfZkBRTvbtRNtFJGsatfY4QydjtMbFWq8S,2ho8qEEie1UjVwWNBo9y4oAJZMyMLx8zPj9bxyUz6uWs,45.05295516900151,45.1662986559968,44.955867174531235,0.9978450249466194,0.017982346869812493,0.9995188975709566,40445.610347256,27439.348518116,67784.59844683149
STK75uPSyBnEhGTTzb1nwmP3n427XoXmfRhXxxhyady,6TYyD5fUmDe6N65avW1Ny2RxzRNobw2RRgKwH9CTzSAU,54zDfk4cx2vGrEajPtodWpArNe5eUurytyxd4X3aZAxK,1217.064022272003,1356.375542993,230819.87235061894,189.65302410281316,23.08198723506189,212.29213945895225,481.352707658,89.67398896,110327.0796375539
C98Sspw7XqnMsgxea3SLQVdbMDL8pKUc3RE82UvX9eq2,CSqgQJurPCzGxb4Cgwx5R61hWQUiaoUHcShNc8r1cKEL,6S2CR5EnukPhC914XkAns8m5GixjMAoUuZMsS5ubHuWc,17.469652000000224,17.442918000000077,0.0,0.0,0.0,1.0,925.945251,1087.191155,1087.191155
KEVpg4SYCVrqFxKijQH6hm4QxsRdoE51ud64bEEFUC9,2bPenuBYfqzD8p5dFjCcggwkHDsc2RQDnx9AoyYGUBjA,AE6n6iLuX8oYu61vt5hoDYkjswpnxFxrhSehxrnQTnbx,878.4886130049999,879.206166461001,877.3972492755298,0.998757680278021,0.350958899710212,1.0,5151.279359096,2447.155807997,7592.035631151772
KZMu9QBEdL97EFgamLbN5DE1AoKBG4HdrKKJo4Vuon3,DD4ACBWyVqdaKWh7v5btsgqQCCMwbKnuL2xd9pv7Gyuw,GcYqiJ1MAuYbNTNYXm1F1gQYTfTgkErACAhNU5dpVj9T,360.1028193199986,354.87354682999955,366.5919738262899,1.0180202824252949,0.14663678953051598,1.0,1007.71795024,2079.62776713,3105.505079438364
Sid7E679i9ABqptiAVhkmQ27YHN8vaYT4fppPwmxFsJ,GP7KB8o1bv527HG8kTzzzf4wJ5aEGHvcMQvVhLziUfmT,9gYxhAZ1M9wu5pxr8SBoa5NDm21gi3s9vMHaYTME77sa,6074.135294999997,18674.725255000114,57.65955742880285,0.009492636338914949,0.02306382297152114,0.032060218837282946,138056.409939,7983.898688,1566.4848329190665
wrmcMSHFi3sWpAEy4rGDvQb3ezh3PhXoV2xNjgLBkKU,8p4mGnARWPBu6P2Gcw4adodLkNDorrXniZMhaY7eJXUn,AyY89zccbsgp9LKFgH4CFZMJmpSgqmPSdTfukhP227rc,0.07408276000000011,0.8856998299999645,27.673799028763582,373.55248412401943,0.011069519611505433,3710.299792223212,49.12388991,0.17296849,18992.116058223517
SEQV6QiTpvTzrceiaYg9Avnwf7oc8ZALpnQMz6TyT4A,3dFMPj4r9mMmPHF32mz1gNDX7f8ftidWof7S8YiYTs1j,Fc1ED3YPeQfXQosHbd8DTaBd2AV5gHQtwiSAL5C5pUhi,1885.5555151549997,1888.6575100130003,1865.7453980701346,0.9894937502896929,0.7462981592280539,0.9968648600152521,3928.720678373,1674.84304872,5557.036739193747
BkwbeSfcX1h4thMDd7obGkHrPevf3QwgzJ4pCEqG18Lu,35yX27bmurdebhfAb8EPmjLETDiUaEUCn9zHaDPbakH2,2CxECn1ZJFoESyUnQysQU8rRgT3iJ5GRs2Mdd6gZjx5g,1.2242918600000088,0.8964263699999979,3871.523448123229,3162.2553204945766,1.5486093792492917,1876.1726078799247,0.79128351,22.81231665,45302.084110530246
ercAoEmXjQzEvAFbdjAo81KtMxRGn9AW1ju882upmPH,CMRhskR2Eg6V42RTSdRTXGdozyPbWB8U9dVpijPWb9T4,7TKLLgrWswt6ZJ1pXhVR3FyufHGjJFqiEXxvWJfDcgRm,3.13399498900003,3.0596060369999236,597.285109757514,190.58266265706155,0.23891404390300558,186.08850704354305,300.593111461,983.037310963,240219.7811238121
AUSejoEUCh2DBs9mof6BNC8Pubs22w4cJa1ccV9h44R,4xkyD7AfGQDwsQMy9MosRRNGoVJ1zosNinesxg1TzHG7,Cbm5gsQe3nSiCsFrvepVzMCD9xLK3ri9g3ypS2hdmVJ7,892.1119450000006,892.6539710000034,891.7400893827281,0.9995831738165186,0.08917400893827282,1.0,14619.493103,14237.87296,28851.272275485448
MATgk4zXLXtYkwBH678J1xZbRDZ45LicNzkRBHkxTuY,y8dALFo1bJrSzPYjMX14HJX448pXqYmrfXHD1K8MXih,GN7Yuet3UyiWS5YVkEHv6oQKi4HGBJc3XDPt9zQhAqZz,58648.93966900001,58682.93685700001,58696.013872125455,1.0008026437202637,23.478405548850183,1.0,8641.475668,9745.383242,18393.794936178732
YAkoNb6HKmSxQN9L8hiBE5tPJRsniSSMzND1boHmZxe,CfWX7o2TswwbxusJ4hCaPobu2jLCb1hfXuXJQjVq3jQF,EnTrdMMpdhugeH6Ban6gYZWXughWxKtVGfCwFn78ZmY3,26213269.703165114,26199476.59122319,26213269.703165114,1.0,2621.3269703165115,0.986740185388746,155588.821382,1099724.420561,1240731.1000028923
