0,1,2,3,4,5,6,7,8,9,10,11
MATgk4zXLXtYkwBH678J1xZbRDZ45LicNzkRBHkxTuY,y8dALFo1bJrSzPYjMX14HJX448pXqYmrfXHD1K8MXih,GN7Yuet3UyiWS5YVkEHv6oQKi4HGBJc3XDPt9zQhAqZz,73401.15442099998,73442.912789,73378.55382642146,0.9996920948347909,29.351421530568583,1.0,10159.971671,8242.28955,18399.13291324412
STK75uPSyBnEhGTTzb1nwmP3n427XoXmfRhXxxhyady,6TYyD5fUmDe6N65avW1Ny2RxzRNobw2RRgKwH9CTzSAU,54zDfk4cx2vGrEajPtodWpArNe5eUurytyxd4X3aZAxK,1402.4421045989989,1561.737010773001,261893.5102814951,186.74104936144832,26.189351028149513,208.39172643167723,478.681438614,92.166739779,108596.26017875102
daob129AwBGn9Y5r91uLoWZeYiGzbPmksauMhFZKTze,6VW5GQNyj4LStgmxEHLr5zUfW92vQnmbw8jTnCH7a38F,4VPCCUifPeBA1c7HWK358CHn2nyjm8pdTRk6Ps3KmnMQ,105.122749022,95.67069416900006,21361.996721815834,203.21002752073403,8.544798688726333,186.34362136466888,54.777882045,216.435555366,51462.8000968657
SoNcU2iwHMw6dGzsYNQkYFkUjwN1UdAjrWVRnStrZu2,8ivTTid27jZnYNc4w3CTA1Z6QS2twsFb8WMwUabeDJgc,CyXm53PMvHCbeXJBykU46Rcbo28xk5srhMZFg7gv6EYB,165.924598375,162.62788064799983,36501.858123418264,219.9906371984808,14.600743249367305,198.66189295382026,6.283683353,23.763212573,6103.196297196158
SATqdxinH3vFiJBKv3JA6MuCXweEXr6UV1aRcvGjLD5,bDVSLHopvEo45R3rR7JXoRRAcnUXKD7r14ijj1apALb,33QrhvkyroiTxp21hbXPRowPhsgVHmrgEQbY7eHPp1h4,0.0028301759999999794,0.0028324379999999823,0.0,0.0,0.0,3558.7188612099644,0.00113424,0.183358388,652.5209537366549
SQDY9uoDoCbNq7F3HAHYYQZbrUzpKxDtdWLvYcqBLak,GiehZ4X2uQjhEKuxSm3ACmEFrabxh3RTvjbLfLjw1xGX,rxDQYV77NKRKYxCjq4cECX3QQsiSyLv1T1FT2X3zNA2,0.056904887000001736,0.018976230999982135,0.0570204902278487,1.0020315166928802,2.280819609113948e-05,0.9917304496948368,171.365745094,234.97809579,404.74881007199946
iLiUBQ7Z7im6Ew3b4ewwPcehzWgEQRJ1iQz7g6D62NW,GpugBvKWM3TVhYcZjemSdtehBWgfvuGr6uAm9iPjXT6v,92fMXJ3xy8tEyMUWLHKRLyhPw2nECBo77GtDiBBbYrjX,0.018585645000030127,0.018585645000030127,0.018176292517519496,0.9779748035373556,7.270517007007799e-06,0.9917136552331793,1865.499763466,1097.919995208,2913.234016275965
BerKDkt6v49dT1bHRedgnpsJS263C1DSJtEGvY9Mg35V,78XKqNb8wbfsMMrvo8WPUpdx7GEkfQutpNVH943aCGFa,DKYQwn4nDvFHCszi5tXbqfVMAP7DaXXp1KGTXEnYnKVH,0.018818974000168964,0.018818974000168964,0.01889423510455317,1.0039992140051595,7.557694041821268e-06,0.9892691453171132,1340.351451808,2198.678957077,3520.797056800192
KEN5P7p3asnb23Sw6yAmJRGvijfAzso3RqfyLAQhznt,9zj4aX38Uxf3h6AUjS4EipWS8mwbEofasHAf3a1uKGds,CwQDG1MWunn9cLNwcZLd8YBacweSR7ARo32w4mLua1Yr,683637.6451500002,683670.3835920007,669197.0421768656,0.9788768171624515,66.91970421768657,1.0,2022243.020654,2013489.610432,3993016.422018769
C98Sspw7XqnMsgxea3SLQVdbMDL8pKUc3RE82UvX9eq2,CSqgQJurPCzGxb4Cgwx5R61hWQUiaoUHcShNc8r1cKEL,6S2CR5EnukPhC914XkAns8m5GixjMAoUuZMsS5ubHuWc,40.11732400000005,40.04236300000002,0.0,0.0,0.0,1.0,904.220658,1108.968667,1108.968667
BSC8REUo9LpiiWUuqMuLXs2D2yJsJfGd4HdiF3wCLxk5,AZjEH1zWVx1UJ6udMyRijGTzPteuLnaY18yNNmprJEsh,Caf8ypkSVR8xYnXNhjvfvdGCC7mrM3C11rz8Xi6NA6aK,632.5480653380005,632.880085539,632.349731374154,0.9996864523429685,0.2529398925496616,0.9908497227787765,3284.637367348,3019.954230345,6275.928288939207
parEAJhzYzHW87y9VoZAQ22dzQ2MD2ekEtTReaxbMcz,3oyc6hpjYSJEquK6dSvG72NXyz3pqLZz5D8AC71pwgQb,Di2vordgFJVZ1aj1aBpvzXtLfZgJsuLLXawGtVFwX6Rz,15.183386490000032,17.38665138000067,2775.7831090502395,182.81712784420031,1.110313243620096,211.3545140146008,1281.385044406,171.88865624,270588.576885046
BUSDgu5JdqP1rndBvXvanbEufS94FNh1w5FJcAj6vawb,Bgzr8cWubt89JQFXndVjtdKmDbGzuPxNhvjH1EhWCwbo,Dxaf8xPBBQsasRKW5Aa4Sw2YrbfGofY9xZueyyF23FBW,24689.598851870003,24471.90412166,25090.363463924754,1.016232123270176,10.036145385569903,1.0,3248.08559392,11575.97741887,14876.786338542592
BSCNHw8CmxbZ8hCWWzMf5FaG2ajPT6JxfznKUNuRVrn4,7n9kgNL633yGzCYksgnzHyjG73ZLBAwvEae5sbAekbzW,SscdxE99omdG9AiMVwmaEMQySQnCgeAh1sPj2Leutm2,72.56732649699916,71.60148532999983,73.55384321997262,1.0135945027961621,0.02942153728798905,0.9897242571805213,2732.837004601,8946.109292371,11624.16993894915
MNkYtBe2HtgL15osfaMmyqNW3vo4J399FXXCS4a39Wf,2mUxDu8NrhSKhQJMgKfYLxJqZzeEbmwhQdHeHMyohyuk,AZCBmDBcFsA2jHHhfFJBTsWCHx9XnnKmGfFsue3ZVW1t,0.7826989600000616,0.7076747800001613,0.7823732658332279,0.9995838832252522,0.0003129493063332911,1.0,2195.09800886,1941.07146697,4135.256058726298
FrnkTEL6yZ5Aycq2TrEgu29dCrwKG4LPUZydfiwqspkc,DjvZuMZ46fxKBoBpGMPcRcos4xdTtHFxwMh69DpA2ZFY,9rvDPJLAng4uVVqnnSoEXgNDFhBZQTny9AoQioYDZbQX,353.85854254799955,306.33815414099945,77425.94170252867,218.80478324760563,30.97037668101147,186.7093558937982,326.840393867,2555.975830042,548738.842443889
ALBpShJ9NLpE739pcHDF2LNVk5J4VYPvvKuV6jMPitZi,D6d156U1bPiJpDYRLextvDRccgFk7QzkQbJg42ceKEu5,GNcM8U5g8RwTZffwwm3kSQqUNPSwv5d2fbN9sLxPJqt2,5820.627752,5821.720926999988,5784.181623589761,0.9937384540013376,2.3136726494359046,0.9938233876457814,51671.100048,48547.089995,99594.79251742348
DFWzVTzNBrQZLjoQ4yQwkj9HuoXmfkuZP9V5vbymZe23,DhgiEgiNdqZdRdo195UUHnoEJUtefK8buko8nU97XJUZ,2K2kkXsouBHtWVjtcgkyiXd8eP3oVBvq1bTJzcVdLLr2,544.3334430859959,639.0456100618467,463.47282083123315,0.851450203396766,0.18538912833249327,0.9874286518492749,67407.228272345,8723.517567068,66007.7494135338
YAkoNb6HKmSxQN9L8hiBE5tPJRsniSSMzND1boHmZxe,CfWX7o2TswwbxusJ4hCaPobu2jLCb1hfXuXJQjVq3jQF,EnTrdMMpdhugeH6Ban6gYZWXughWxKtVGfCwFn78ZmY3,31926796.94325215,31907599.152155045,31926796.94325215,1.0,3192.679694325215,0.9926316949285454,241571.62766,1022306.592067,1256345.5528800911
SoN9GaFpSXfpyR5dth3x7PHPVhvJMpQqqDJfCSmPv1t,9kZ9iS68ViMPtoeqtnhAKuF2iqVyfHPdZHoUNdwCELr,BBhm5fJLjw3HRzjtKB8uMEYjGhY6EDm9co3cqpjrSzB9,24.541198036000033,24.051027787000013,5405.256153685038,220.2523342893019,2.1621024614740154,189.3377835285974,1.955738852,7.688985841,1886.571584130988
Cob4usZcpHEY7Qt4ZCwj6WVg9S44zvzYV2v9qYF65dTf,NhFM9UXE48PyNAyeyPYA3iXztqKVJwA4bTdLj4ysM8w,6TuFuynuBoeskxyR2cz4wxyidk8dpDK7kAWw3UkjQGx,276.9032079999962,10955.877184000012,2.0572807794354144,0.007429602547022289,0.0008229123117741658,1.0,73305.889857,167.684459,712.3180849933026
ALLwa5WNZbvQsRKAqe1jdRGemdYQnW8E5k4msbRFcYtu,CGoM82Hbz7QVqTgvQatYtjvDWBvoUJp5qm21P8iMs9yb,3dxNNww8TivyN5FMy5dCNdi3Zcxv6e4kUfSPxfFwpdNq,10.151855337,10.004527824999997,36934.640678891075,3638.215818962381,14.77385627155643,3616.7804144107,1.133587402,7.43038359,30998.301458003534
Dg3mAgpwDfVNnbGWcsxL8sUcSkEbjSJQhKAWNigG44Ju,EATxwd8YA2wV93VJcKMmH2Kn2Y9XfJVUB9hHVu3udwEy,GiGvrRi7NMHfHKanG2B8xyCEqe8jaafWins8bhrLVEaa,0.16182197199999998,0.16400346400000002,35.05389768944297,216.62013666131182,0.014021559075777188,219.46982673954528,0.206046004,0.252874394,100.13201298304472
Sid7E679i9ABqptiAVhkmQ27YHN8vaYT4fppPwmxFsJ,GP7KB8o1bv527HG8kTzzzf4wJ5aEGHvcMQvVhLziUfmT,9gYxhAZ1M9wu5pxr8SBoa5NDm21gi3s9vMHaYTME77sa,8498.205751999989,31083.111890000146,63.1201940127258,0.007427473028394368,0.025248077605090322,0.027792748032697278,141752.965865,6991.736444,1247.185899956314
NorjjEePhxfwLF4vZjUHCrVVKLzQjEEGQFd3wgjEJmh,34M8pFVqgbV7aqHxvRT5tCv3vu2P1JJYT8J3VaxBK2oG,3AZWBSze3ucsY3xSeuLne3b2pauVqiaJ1SZSV5T9WGWw,74.71869599999991,116.17122899999958,47.866591329281974,0.6406240190444709,0.01914663653171279,1.0,37716.797632,2508.439633,26670.726117498823
ACUSESXyNnwRLAg1dpSGMLSzUDdLjUMybY8rkXiAKhCP,AhFPQdu8GKBsxuhiH46UmCu1YpaLgNpoP325HnYtsgas,A8wxWpT3aFEr2XqZp1kDmbxbFfcBE95UUmdsNTDBJYbT,192.141473012,190.04144729200038,191.87683552106515,0.9986226945865126,0.07675073420842606,0.9868038977743474,1027.907696016,1857.687343982,2859.6650650692245
BkMBnJpvHKtWhUvrgRrLesXfi9RUV3ELgdBaJcdH7hcY,5uerVwBnZQsuVhZ15igs7ZgmcqhHnYWbwoRtLyRqLvR,9YWiQh5d4jCtgMdzcGLv9bWgnLaFtzvDDh2nnhJdzhBX,205.3921654820001,205.36192469399975,205.32851097432743,0.9996900830782747,0.08213140438973097,0.9854817420521979,1471.600204339,1400.790465989,2851.5975592066106
BSCuChvaSj9b5HUSqgDVRzcnr2sSn7cXaamt1jbKH6hn,GnKpRj5kBVPMJfiwZtEuD9GYApLzPdW5JFuZTcyX4BTc,3dmwD9okkomV9nDwyuh4UMhKdUR13QpuKxRo89ycZB5t,775.8277149400001,775.1380456220004,774.3366723764256,0.99807812670924,0.3097346689505702,0.9932508604035577,1686.72144002,1409.486436278,3083.4533906957413
KwnjUuZhTMTSGAaavkLEmSyfobY16JNH4poL9oeeEvE,J63v6qEZmQpDqCD8bd4PXu2Pq5ZbyXrFcSa3Xt1HdAPQ,BnKQtTdLw9qPCDgZkWX3sURkBAoKCUYL1yahh6Mw7mRK,982.4681640000116,30568.34848299937,29.178364793233523,0.029699043554181955,0.0029178364793233523,1.0,272312.693064,712.172763,8799.599294664318
Lee1XZJfJ9Hm2K1qTyeCz1LXNc1YBZaKZszvNY4KCDw,9DgFSWkPDGijNKcLGbr3p5xoJbHsPgXUTr6QvGBJ5vGN,2hNHZg7XBhuhHVZ3JDEi4buq2fPQwuWBdQ9xkH7t1GQX,8908.937825233283,7597.49422781605,1949797.7363964673,218.85860858451005,194.97977363964674,186.72514898332824,7390.108454991,56489.926236065,12165478.746234413
7dwD9TF6uikvHXxPFK9AsSim54yJoujQjY9vU6gNFumk,CquVr6atkvwueDYficKjn6SSEWq4F4rH4VSiBbW4GBWU,8BCa6ge3b7ho3TfZuM64Vk1hgbrJ3J7EPiAb9uP86CGd,3.623413825999999,3.739577572999996,778.3326092924402,214.8064357726609,0.3113330437169761,218.11977698561523,2.507690995,1.670609523,903.0611412419527
JSoLLrxK5bYdHwTEWYaGgmeycBCNXKDiBCTw5hXGBg7,xG4wXczA7Dk4hccJ61CHKpDHW4NrNfQwgmWgkb9BuF2,BVR6WgfhsRr9Lob4QDnkEAiNGgAbv7ZieKcY9kSg3QYR,177.13846335299968,155.788121898,32590.860341229985,183.98522672223513,13.036344136491996,186.0022517432596,28.741878336,155.295020879,34173.30457008237
RajgMbScQbqqrdJfR2rxfHJiTiY5b6bJ2tTXiF4aPxy,725ZA3fhyBAKb5iopNRrcbSuQa3LXA1656Q3mBvYPxeg,GLA6i1dSZpUfk2f9Nj8uiG7xyDdAR2reff8oEiZH3617,89819.11229016997,89915.19377104998,89549.87164607887,0.997002412546438,35.81994865843155,1.0,141359.8081947,40286.28925401,181222.35906122765
oKQqupM9E7SSLAFDLxr7mdsXP7znck9qRbVWc6Yyj7Q,CMR2J7CwfW98RpvnJmFBgRFTLAd3x8CJ1SWs8Bt3uunG,FmRb5jHfSNj1YWP3b45d9vvYuhwjp4om8bALmtqZpr1v,2669.77034222,2783.2780047399997,2665.100047547678,0.9982506754987627,1.0660400190190713,1.0,3105.51324212,2783.36644968,5883.447141396643
B2izdXFYb2sNwbWWHmh75T4aQFtfXsUxem9u2p61HGzf,4DYwgJtxwuJdAjkj5RJSNH4e7U329V5cNp7d3a1nLrZv,EXNW64GEf1ACC6xY9BtKRiunrs6GoJSXBdxWN2eTPmrF,27321.87389699998,26687.755937000024,26938.193211094364,0.9859570142460929,2.693819321109437,1.0,7254.479365,32816.581485,39969.1862996253
Lid8SLUxQ9RmF7XMqUA8c24RitTwzja8VSKngJxRcUa,4PgzyzLtds9bKZ2to9PMnKqJzKEUpjvNUaeN23phegax,AtymwxoVN9peZo7EXTcDz9jKVc4vRmisJKKrNfe3ewBa,4133.857101728976,3643.33047352999,888170.4671024975,214.85272597618874,88.81704671024974,186.23940367632858,1069.551189314,7663.373648301,1657018.1270036565
ercAoEmXjQzEvAFbdjAo81KtMxRGn9AW1ju882upmPH,CMRhskR2Eg6V42RTSdRTXGdozyPbWB8U9dVpijPWb9T4,7TKLLgrWswt6ZJ1pXhVR3FyufHGjJFqiEXxvWJfDcgRm,7.062846809999996,6.891062806000036,1314.91092742048,186.1729360402878,0.525964370968192,180.77095921771004,300.745411487,982.881777232,233667.13792501553
wrmcMSHFi3sWpAEy4rGDvQb3ezh3PhXoV2xNjgLBkKU,8p4mGnARWPBu6P2Gcw4adodLkNDorrXniZMhaY7eJXUn,AyY89zccbsgp9LKFgH4CFZMJmpSgqmPSdTfukhP227rc,0.11205635999999553,1.0720427499999876,39.428698099928056,351.8648838845883,0.01577147923997122,3626.999383410105,49.13403992,0.17197562,17912.298718933096
HEDSDjj84KS7LKhZY7ejkCACTdPen62rKhCby1wXtgxc,EnnjMSFttpCTywBrYNt1J5QQeoSVkvzPipJDa8Y7kJow,6bjVT6JN2rSvpyn9PdfLYC8wJn4LWh49jpY47fnLDXZk,17.13606126200102,17.364432602003944,16.338815663041917,0.9534755632131763,0.006535526265216767,0.9854819246329933,38638.947172707,9568.152920561,46270.53367279822
DA1mL7dfBow33EH5yjUuZE6SH2KeUK5zEXzsyhE5r5j5,B4UtLRZND3D83CitRCBUyeiNr7H8m7YFRqBmiPmXjhW4,AAmpYbuixWiSqDaJBCqYEs1pb5SrbdPr9mgXrB58Q2e,0.07800243700035026,0.03969213699997454,0.07796122256615699,0.9994716263263278,3.1184489026462796e-05,0.9910863458190727,1637.759450222,1468.880190794,3092.681201984743
MATSnbbiTCv7Dc3trJrkrqjx7ckKdr6fwPoVwv9q3sD,631WX9JizSHJm4w6VanZeJAst9T8DeUUnPLesdGkCVtK,211maUSfpnXbPuW1iBu8b4dtJv5EbN1j7JJiEX5TZKEP,34364.70053799999,34370.46603399997,33976.88833454944,0.9887148091681547,13.590755333819777,0.9854838232830408,22747.810175,22134.293651,44304.08512902555
heyk4SZTeCUV6a65WiVA5bzic3KcxgVf1qxobfeV4tQ,9ZDpBKPqMABtGfq66FbVribaArMvtk63xxy91onZAtDt,DaTP4s6N7xxSPinbNZ3FB52EpRDRt87QShTuN3VPCW52,180.21126127600292,157.45991518000005,38260.52072584354,212.309266662562,15.304208290337417,183.84228538021802,640.602297809,4487.047033486,960914.7853147748
7oAd7xG4m3oC2qeWB1szghTebAZyyGPAFDJ4wwwbRSNi,D9yh4KAysxt9GLacVe4Wwh2XqghhcjTCSTV9HuM7TBJd,HDYfJLpZKaMFb84jM4mRytn7XLR8UFZUnQpSfhJJaNEy,11491.25853363114,505.83328196598757,11302.3551181507,0.9835611204005563,4.52094204726028,0.02372709067486459,982.921380642,300434.479362885,8095.199388108814
moFiBS1R4Lf3E3zzmBPnw3NF4RhWPkhREFviuzUaCAU,44ALBrpqi9PfZkBRTvbtRNtFJGsatfY4QydjtMbFWq8S,2ho8qEEie1UjVwWNBo9y4oAJZMyMLx8zPj9bxyUz6uWs,45.05295516900151,45.1662986559968,44.95591212328256,0.9978460226337003,0.017982364849313023,0.9903646737538859,40445.610347256,27439.348518116,67533.45286116496
SAMyS8Jr2HJrkFwYVKbpUwsNStnQmvz3f8Tup8bWUWF,6jPzm5TFfquvgm25sTyN3MMGBfufRaFHMxobDWv6hMFW,Cj9ECoDmxsHTDzCY5ZA6RWrPbg9uFzEC1Qc2kso2vJG6,4959.524362979995,155.4265644799999,5037.0536859026715,1.0156324109427486,2.014821474361069,0.029492757891089672,621.00655091,113432.42725232,3976.14949446328
SERgf3DMJpQxUifu7VoFKmfne73d2fDJxSrxUMrcNJB,AJfM2GZ2tTB8UtN2krcyR9xufRJEx2mhSCbJyMgPo3GU,F4yRYkufQvERZcEKnKjJwRLU1btiMBUuEwq46hfm11QD,3.410028866000001,3.3936149550000003,616.7924326539812,180.87601509880622,0.24671697306159254,185.3903161368366,26.082027007,31.161227057,10494.60284603458
MARpDPs5A7XiyCWPNH8GsMWPLxmwNn9SBmKvPa9LzgA,6YjT74rmcfCpw8LSjPNx5JTmZoYLGrTKnf9arfSgZ4SR,F8GSmi3vA8M8TsybLya1LQ4n1aFHCRbZ6k437PeTdXtg,173265.5237170002,182532.06054600002,161036.86713720247,0.9294224475968389,64.41474685488099,1.0,372959.764423,20317.933187,366955.1102921651
WiiQFxXqp8P9Fs1rt9SVcDyA3KUdJmUsog6wnVQAwba,3S2jpqSYxho6wiz3cafhjXruVY8cg4HYa2v3BqBHYFSj,Dfe67M6TfrG74gKRtdqys4e6E9QirPD53BkF4FujFjuv,4716.214217877001,4727.102554465997,4696.542365064454,0.9958288890402858,0.46965423650644544,0.9921786950341932,22049.82485702,4669.725827139,26591.05506823735
KEVpg4SYCVrqFxKijQH6hm4QxsRdoE51ud64bEEFUC9,2bPenuBYfqzD8p5dFjCcggwkHDsc2RQDnx9AoyYGUBjA,AE6n6iLuX8oYu61vt5hoDYkjswpnxFxrhSehxrnQTnbx,646.1394980329997,646.9334591160004,645.1206209741786,0.9984231314415497,0.25804824838967144,0.9875951491633296,5304.323062398,2294.329236679,7561.827266864827
KZMu9QBEdL97EFgamLbN5DE1AoKBG4HdrKKJo4Vuon3,DD4ACBWyVqdaKWh7v5btsgqQCCMwbKnuL2xd9pv7Gyuw,GcYqiJ1MAuYbNTNYXm1F1gQYTfTgkErACAhNU5dpVj9T,313.1074521600003,308.19157573999973,318.0125282781673,1.0156657916773582,0.1272050113112669,1.0,1056.83092719,2029.76570215,3103.1527224835477
BUSDTd9WiT6uBHJRgNvFXBsA7JrifsAtWzKfioN7ERcy,DyBxrn7gSc1EwnpWhDyhzvMHPtxpmBqRqotapLcKcfTM,Cds99GeBgoCpqBsoRWu1C6fF9LiUMd4pXQQD24s9LPff,11957.906500619996,12686.305318270006,11910.983419657921,0.9960759786038098,1.1910983419657923,0.9937463541930629,319.17527645,314.22385374,630.1816348906946
ZUCKWFa4LTL833dPhhpeeRWZcaAEoMeYJPi2iKn4F8N,7eEYpq6ShaJ9opZWMxitRFrdCHh6vfyHhGfoSvFht3N2,H8VggnHmuwd1wvwpT8eg9cUJFEfZ7HAaeYjgXrSm7A2u,1.278940464000243,1.27712037099991,1.2812895084327913,1.001836711323685,0.0005125158033731166,0.9899984319414837,1749.693524096,2097.094054017,3829.0270311153245
SRMuKizofcAMicegrfSv7xs9q76tH1w8aAF7oX9FEWu,72Hj2KWntXPfbie4UgKeTPnm1XVkomDfCnRPKbvfTtPi,6aqJQ5wedqpUt4fFEDUqUmXhrdxCu4bEJsQdVPCADLko,0.4802299999992101,0.19441999999980908,0.03559752932103698,0.07412600071027534,1.423901172841479e-05,0.0722014727223197,17693.037092,5259.338454,1691.246061972448
AUSejoEUCh2DBs9mof6BNC8Pubs22w4cJa1ccV9h44R,4xkyD7AfGQDwsQMy9MosRRNGoVJ1zosNinesxg1TzHG7,Cbm5gsQe3nSiCsFrvepVzMCD9xLK3ri9g3ypS2hdmVJ7,1537.7849369999967,1538.8114220000098,1537.1224372295505,0.9995691856809714,0.15371224372295508,1.0,14624.529028,14232.917342,28851.145913485692
vEnkoSUkpnbRrPgBz9DfcVxNz67zjwMYBZraAvDDNSf,DtfyjjsZ5yCjWKLKHvwsfXs5QVsmm1QkK6Sh9JZHoq1g,e5wrKCRv4GhHvEf1VD5Pq2KGaZDXP77nTL612Jyrxwy,45777.20947999999,45781.071589999985,44836.62672457192,0.9794530342475548,4.483662672457193,0.9884841595413434,3876.248341,2994.356643,6756.477308712394
SEQV6QiTpvTzrceiaYg9Avnwf7oc8ZALpnQMz6TyT4A,3dFMPj4r9mMmPHF32mz1gNDX7f8ftidWof7S8YiYTs1j,Fc1ED3YPeQfXQosHbd8DTaBd2AV5gHQtwiSAL5C5pUhi,952.040571025,953.1784920620003,945.716335137152,0.9933571781704228,0.3782865340548608,0.9928366833297757,4132.62856974,1471.291427708,5565.928355760538
TETFuZgEmET6d9vYmz9iMFCxK1jKdKYxf3oPz8hSzJK,Eu1Ze6Z84LWNkq7SNoAHBJbXx5t1P95EwyqYohrfCRFV,ASMbv7WNu3qe4pkhREmvyEdwFNDZQ6B6iSrjkj4u8bdC,44.37576960300004,44.39283639600002,43.720952632168014,0.9852438171396186,0.017488381052867208,0.9911156394083437,312.148306059,40.30132426,347.48546133818803
KysFMBBoavfov2tLpvefWW6tPFt6rAeZWDJVy1mMQae,B8ka2V21TH3x64dFV8ETcjuQcwmrciJ2qzy1mJUttRew,7fSf7EYxBANyxzk2s5pymFgshA91tFYQNKKs5UnLWcYS,889.1761139999971,953.4474229999978,19.065537444214,0.021441801173050924,0.007626214977685601,0.007346982341616105,134756.711985,2420.063519,2907.206789056141
GokA1R67GqSavkd15zR62QD68Tuc5AEfvjssntVDEbM8,3YB7hfpBdbQEuZqLGWVDpRPmeZWCUsrrWyqGXegnQ6Cg,4DPCj6Z1DsG6HUtwSogBGqXEUxdEV5a8YVrrFtcnz7UW,73718.87310299993,73701.61331600005,73731.84990858384,1.0001760309814527,7.373184990858385,1.0,15290.911428,18668.709266,33962.31236814598
BSCrK1Nx9PXU9mF7STWWBqeHLxmtJDr9h7jheEy4tAWX,FfSySSbVJPvEo5a5AvrP3nySoXpRE2QPn1uUMpJJ1x7v,HL7Vcj6838ZmvBHDbQxXfjBNckNi83WvPiZQoMQLFeRM,0.05236879900000002,0.052641150000000136,191.32880666104037,3653.4885335262375,0.07653152266441615,3626.999383410105,0.972185188,1.879640634,10369.322857372628
AURHmCnNwiW4uA2Qj1XvEh4iKgRUZYXtiY7FKAapUV5Y,BKWm4TRnTeKwfWXRyuzjRHU7iZDkPuXBX5b5V5jSVfGJ,A5Ww74HVrkj9nPeC7pHKLfgeDMEhBCpW1efQdz3TGLEg,0.017294461000119554,0.014708638000001883,3.5516944236186423,205.36600843438197,0.001420677769447457,184.30940831334956,286.926412443,1817.90304759,393981.5671101639
BkwbeSfcX1h4thMDd7obGkHrPevf3QwgzJ4pCEqG18Lu,35yX27bmurdebhfAb8EPmjLETDiUaEUCn9zHaDPbakH2,2CxECn1ZJFoESyUnQysQU8rRgT3iJ5GRs2Mdd6gZjx5g,0.5386052100000072,0.33169632000000016,1809.8901508787499,3360.327968009678,0.7239560603515001,1838.235294117647,0.72876122,22.92089237,44582.870036772736
