0,1,2,3,4,5,6,7,8,9,10,11
MARpDPs5A7XiyCWPNH8GsMWPLxmwNn9SBmKvPa9LzgA,6YjT74rmcfCpw8LSjPNx5JTmZoYLGrTKnf9arfSgZ4SR,F8GSmi3vA8M8TsybLya1LQ4n1aFHCRbZ6k437PeTdXtg,103432.98264699991,109523.47024100006,99009.81803605708,0.9572364201655252,39.60392721442283,1.0,371267.345942,22180.911171,377571.5363248757
BUSDgu5JdqP1rndBvXvanbEufS94FNh1w5FJcAj6vawb,Bgzr8cWubt89JQFXndVjtdKmDbGzuPxNhvjH1EhWCwbo,Dxaf8xPBBQsasRKW5Aa4Sw2YrbfGofY9xZueyyF23FBW,20918.222855509986,20673.30069849,21168.450237018227,1.0119621720849163,8.467380094807291,0.9997011493384168,3578.17336171,11215.89670838,14833.52091744089
WiiQFxXqp8P9Fs1rt9SVcDyA3KUdJmUsog6wnVQAwba,3S2jpqSYxho6wiz3cafhjXruVY8cg4HYa2v3BqBHYFSj,Dfe67M6TfrG74gKRtdqys4e6E9QirPD53BkF4FujFjuv,54.678748151001855,54.73868097099967,54.46741105572393,0.9961349317161707,0.005446741105572393,0.9993994488783757,21716.923197858,4995.632067468,26625.617741810263
BSCuChvaSj9b5HUSqgDVRzcnr2sSn7cXaamt1jbKH6hn,GnKpRj5kBVPMJfiwZtEuD9GYApLzPdW5JFuZTcyX4BTc,3dmwD9okkomV9nDwyuh4UMhKdUR13QpuKxRo89ycZB5t,24.54610503899994,24.56373799999983,24.568611926719605,1.000916922977552,0.009827444770687843,0.9974584758036523,1498.365713792,1597.147209047,3092.82762051383
TETFuZgEmET6d9vYmz9iMFCxK1jKdKYxf3oPz8hSzJK,Eu1Ze6Z84LWNkq7SNoAHBJbXx5t1P95EwyqYohrfCRFV,ASMbv7WNu3qe4pkhREmvyEdwFNDZQ6B6iSrjkj4u8bdC,13.005991394000034,12.928718799999999,12.886987334229284,0.9908500585487354,0.005154794933691713,0.9974584758036523,296.802446482,55.504892727,349.45054717321625
Lee1XZJfJ9Hm2K1qTyeCz1LXNc1YBZaKZszvNY4KCDw,9DgFSWkPDGijNKcLGbr3p5xoJbHsPgXUTr6QvGBJ5vGN,2hNHZg7XBhuhHVZ3JDEi4buq2fPQwuWBdQ9xkH7t1GQX,3107.902850682316,2647.6289819319863,551067.025477064,177.3115351260357,55.1067025477064,151.01834691693026,7360.996117756,56579.077540583,9849668.281959767
YAkoNb6HKmSxQN9L8hiBE5tPJRsniSSMzND1boHmZxe,CfWX7o2TswwbxusJ4hCaPobu2jLCb1hfXuXJQjVq3jQF,EnTrdMMpdhugeH6Ban6gYZWXughWxKtVGfCwFn78ZmY3,9101981.931927,9105757.416527992,9101981.931927,1.0,910.1981931926999,0.9996930942200744,901465.442736,339704.599426,1241065.7848569688
heyk4SZTeCUV6a65WiVA5bzic3KcxgVf1qxobfeV4tQ,9ZDpBKPqMABtGfq66FbVribaArMvtk63xxy91onZAtDt,DaTP4s6N7xxSPinbNZ3FB52EpRDRt87QShTuN3VPCW52,103.84738996099986,90.75360134900086,17906.75698514708,172.4333851035833,7.162702794058832,150.8822689796315,647.778750815,4505.237245423,791459.1006821682
ALLwa5WNZbvQsRKAqe1jdRGemdYQnW8E5k4msbRFcYtu,CGoM82Hbz7QVqTgvQatYtjvDWBvoUJp5qm21P8iMs9yb,3dxNNww8TivyN5FMy5dCNdi3Zcxv6e4kUfSPxfFwpdNq,3.6088956940000028,3.5349401590000014,14441.359319727902,4001.6006402561025,5.776543727891161,3953.0379096335537,0.909571116,7.641570284,33847.1573819253
moFiBS1R4Lf3E3zzmBPnw3NF4RhWPkhREFviuzUaCAU,44ALBrpqi9PfZkBRTvbtRNtFJGsatfY4QydjtMbFWq8S,2ho8qEEie1UjVwWNBo9y4oAJZMyMLx8zPj9bxyUz6uWs,3669.1232628479956,3667.762295496006,3662.761354047968,0.9982660956462145,1.4651045416191872,0.9993994488783757,39217.015736115,29125.342209905,68256.86813476082
Dg3mAgpwDfVNnbGWcsxL8sUcSkEbjSJQhKAWNigG44Ju,EATxwd8YA2wV93VJcKMmH2Kn2Y9XfJVUB9hHVu3udwEy,GiGvrRi7NMHfHKanG2B8xyCEqe8jaafWins8bhrLVEaa,0.129793348,0.13046144799999995,23.0609299929872,177.67420556088283,0.00922437199719488,177.04391893088135,0.199913545,0.258777103,81.33439273343512
Lid8SLUxQ9RmF7XMqUA8c24RitTwzja8VSKngJxRcUa,4PgzyzLtds9bKZ2to9PMnKqJzKEUpjvNUaeN23phegax,AtymwxoVN9peZo7EXTcDz9jKVc4vRmisJKKrNfe3ewBa,917.311688462014,795.289735501002,158075.86036115454,172.32513479272043,15.807586036115454,150.89406240918063,1110.32463673,7616.414097752,1340608.506888529
C98Sspw7XqnMsgxea3SLQVdbMDL8pKUc3RE82UvX9eq2,CSqgQJurPCzGxb4Cgwx5R61hWQUiaoUHcShNc8r1cKEL,6S2CR5EnukPhC914XkAns8m5GixjMAoUuZMsS5ubHuWc,36.707565999999815,36.696022000000085,0.0,0.0,0.0,1.0,966.384396,1046.504752,1046.504752
BSC8REUo9LpiiWUuqMuLXs2D2yJsJfGd4HdiF3wCLxk5,AZjEH1zWVx1UJ6udMyRijGTzPteuLnaY18yNNmprJEsh,Caf8ypkSVR8xYnXNhjvfvdGCC7mrM3C11rz8Xi6NA6aK,54.56292070800009,54.55930433499998,54.53900208324646,0.9995616322505602,0.021815600833298587,0.9990654142675692,3208.135673993,3094.052253214,6297.889926900445
SRMuKizofcAMicegrfSv7xs9q76tH1w8aAF7oX9FEWu,72Hj2KWntXPfbie4UgKeTPnm1XVkomDfCnRPKbvfTtPi,6aqJQ5wedqpUt4fFEDUqUmXhrdxCu4bEJsQdVPCADLko,2870.3396079999993,2881.396022000001,239.85067911492033,0.08356177730552376,0.09594027164596812,0.08374491165916759,18090.832658,4862.917208,1918.9467018290984
SBFjafzbDXgDRsA5SUypY8FXjJ9sBdb4JbuQq2PHQDG,46xwHtnXoQR3wCHUbm2eCAbPYWbioDQ59Te1Db8M5DDL,FC38fiikZwFvDt5zTjNtGfKd7LjaPz2uUAzLwKP5pRJY,7.654719103000389,2.80578799700001,43.663727194265164,5.704157998057757,0.017465490877706068,2.106078986386305,200.592970449,9541.113124964,21238.55185596208
DA1mL7dfBow33EH5yjUuZE6SH2KeUK5zEXzsyhE5r5j5,B4UtLRZND3D83CitRCBUyeiNr7H8m7YFRqBmiPmXjhW4,AAmpYbuixWiSqDaJBCqYEs1pb5SrbdPr9mgXrB58Q2e,3.965695235000112,3.96939155799987,3.9627542848331316,0.999258402375194,0.0015851017139332528,0.9993994488783757,1637.759450222,1468.764487038,3104.427310581619
DFWzVTzNBrQZLjoQ4yQwkj9HuoXmfkuZP9V5vbymZe23,DhgiEgiNdqZdRdo195UUHnoEJUtefK8buko8nU97XJUZ,2K2kkXsouBHtWVjtcgkyiXd8eP3oVBvq1bTJzcVdLLr2,1306.4568083780014,1507.4222091840056,1137.269906764202,0.8704994298098159,0.45490796270568085,0.9993994488783757,66545.312637067,9462.980768512,67384.95447188032
vEnkoSUkpnbRrPgBz9DfcVxNz67zjwMYBZraAvDDNSf,DtfyjjsZ5yCjWKLKHvwsfXs5QVsmm1QkK6Sh9JZHoq1g,e5wrKCRv4GhHvEf1VD5Pq2KGaZDXP77nTL612Jyrxwy,11915.573331999996,11907.316447999985,11917.6589223114,1.0001750306303603,1.1917658922311403,0.999511239004127,3092.454747,3769.464961,6860.618614855482
SEQV6QiTpvTzrceiaYg9Avnwf7oc8ZALpnQMz6TyT4A,3dFMPj4r9mMmPHF32mz1gNDX7f8ftidWof7S8YiYTs1j,Fc1ED3YPeQfXQosHbd8DTaBd2AV5gHQtwiSAL5C5pUhi,326.3986314940007,326.6674334500001,325.27823500937853,0.9965673983389762,0.1301112940037514,0.9990690444857602,4431.847529207,1171.505124031,5587.049266892663
SAMGk1Nd4haC8zQA63DG37pzuEZy8j4q13tSFtCbcRE,9U9TnkHD3jXMAVZtynCVLgDruuqN4pTvLJTmVHCLWS8g,C6zoEbvqSknmi96QWq96UBiPCyNW3YSTvKhavR2BfifE,0.5387244300000058,0.6373890800000059,1.1345962014759523,2.106078986386305,0.00045383848059038094,0.0,53.51302994,1.20435105,112.7026678544952
JSoLLrxK5bYdHwTEWYaGgmeycBCNXKDiBCTw5hXGBg7,xG4wXczA7Dk4hccJ61CHKpDHW4NrNfQwgmWgkb9BuF2,BVR6WgfhsRr9Lob4QDnkEAiNGgAbv7ZieKcY9kSg3QYR,69.59466606300049,60.21200998099999,12168.437734874615,174.8472752762281,4.867375093949846,150.63618935029257,18.322412486,168.767803266,28626.16266867434
RajgMbScQbqqrdJfR2rxfHJiTiY5b6bJ2tTXiF4aPxy,725ZA3fhyBAKb5iopNRrcbSuQa3LXA1656Q3mBvYPxeg,GLA6i1dSZpUfk2f9Nj8uiG7xyDdAR2reff8oEiZH3617,910848.85976901,911023.1740076104,910551.45545263,0.9996734866457917,364.220582181052,0.9997011493384168,130109.61006971,102898.13980779,232934.51617514418
KwnjUuZhTMTSGAaavkLEmSyfobY16JNH4poL9oeeEvE,J63v6qEZmQpDqCD8bd4PXu2Pq5ZbyXrFcSa3Xt1HdAPQ,BnKQtTdLw9qPCDgZkWX3sURkBAoKCUYL1yahh6Mw7mRK,4470.745976999987,124071.88569599926,155.010981822395,0.03467228570351749,0.0155010981822395,1.0,270610.059584,767.19453,10149.86383014234
BUSDTd9WiT6uBHJRgNvFXBsA7JrifsAtWzKfioN7ERcy,DyBxrn7gSc1EwnpWhDyhzvMHPtxpmBqRqotapLcKcfTM,Cds99GeBgoCpqBsoRWu1C6fF9LiUMd4pXQQD24s9LPff,9163.241152600001,9191.57605539,9166.901312956237,1.0003994394881988,0.9166901312956238,0.9972983188542238,309.65799181,315.0234242,623.9540127941262
Sid7E679i9ABqptiAVhkmQ27YHN8vaYT4fppPwmxFsJ,GP7KB8o1bv527HG8kTzzzf4wJ5aEGHvcMQvVhLziUfmT,9gYxhAZ1M9wu5pxr8SBoa5NDm21gi3s9vMHaYTME77sa,170750.69421300016,250314.50601999977,2967.936202597822,0.017381693329431028,1.187174481039129,0.034051501056567,125363.848832,12938.03639,2619.5955347989616
AURHmCnNwiW4uA2Qj1XvEh4iKgRUZYXtiY7FKAapUV5Y,BKWm4TRnTeKwfWXRyuzjRHU7iZDkPuXBX5b5V5jSVfGJ,A5Ww74HVrkj9nPeC7pHKLfgeDMEhBCpW1efQdz3TGLEg,0.008708504000424,0.007582454000043981,1.4630571724249508,168.00327270375226,0.0005852228689699803,150.3993252484672,286.822515611,1818.041309853,321619.30758350174
BUSD5rCfUDpCxKGMvYU2yThChxgHoioK74PTPociGnv2,CcFHbafgYDZ8yA8Me1PdtDiVb2eeaS61LbqyKKK5CsNZ,26R9s4nmF3CFDTkiePDwRmtscn8i7r2eygbSijditJ58,12.185507239999993,12.088721499999998,12.184817335642448,0.9999433832056428,0.001218481733564245,0.9997011493384168,100.43737839,45.70946298,146.12749462434974
ercAoEmXjQzEvAFbdjAo81KtMxRGn9AW1ju882upmPH,CMRhskR2Eg6V42RTSdRTXGdozyPbWB8U9dVpijPWb9T4,7TKLLgrWswt6ZJ1pXhVR3FyufHGjJFqiEXxvWJfDcgRm,3.064568924000014,2.9945100120000916,461.73416853935333,150.6685540414203,0.1846936674157413,147.0203387936687,324.258006477,1012.554710186,197721.62151091383
BkMBnJpvHKtWhUvrgRrLesXfi9RUV3ELgdBaJcdH7hcY,5uerVwBnZQsuVhZ15igs7ZgmcqhHnYWbwoRtLyRqLvR,9YWiQh5d4jCtgMdzcGLv9bWgnLaFtzvDDh2nnhJdzhBX,3.054714184999966,3.05593636399999,3.0531152746368693,0.9994765761160411,0.0012212461098547477,0.9993994488783757,1471.600204339,1400.65693504,2870.6457025910613
7oAd7xG4m3oC2qeWB1szghTebAZyyGPAFDJ4wwwbRSNi,D9yh4KAysxt9GLacVe4Wwh2XqghhcjTCSTV9HuM7TBJd,HDYfJLpZKaMFb84jM4mRytn7XLR8UFZUnQpSfhJJaNEy,244.88065162597923,5.82080256200004,244.73358827598116,0.9993994488783757,0.09789343531039248,0.02383813745922263,985.693131702,300313.078462936,8144.005617787959
SoN9GaFpSXfpyR5dth3x7PHPVhvJMpQqqDJfCSmPv1t,9kZ9iS68ViMPtoeqtnhAKuF2iqVyfHPdZHoUNdwCELr,BBhm5fJLjw3HRzjtKB8uMEYjGhY6EDm9co3cqpjrSzB9,96.60653659600004,95.55784779099996,17162.638681259497,177.65504577637566,6.8650554725037995,172.44218660141453,31.797346906,48.375549796,13990.94470502058
SUiuyGR7SFq3xeRVJonq84fjjeFwRSsFekcevJ53tzy,49GjCCPsv7fBqo6t3iKDrP1xxGDS8uWZbVCdfnp2gjMf,CEwj5xEbbJEjYqM8D6Ai8ByGz1mrh8mkAVsE5fzDSSSx,36.99411799999989,74.65320800000003,0.6431225861032053,0.017384455174825557,0.0002572490344412821,0.9562725261946952,567.30304,2.647419,12.393908324448104
BerKDkt6v49dT1bHRedgnpsJS263C1DSJtEGvY9Mg35V,78XKqNb8wbfsMMrvo8WPUpdx7GEkfQutpNVH943aCGFa,DKYQwn4nDvFHCszi5tXbqfVMAP7DaXXp1KGTXEnYnKVH,61.39499117799983,61.41960602599988,61.60564311143498,1.003431093146091,0.024642257244573994,0.9988651493492183,1340.351451808,2198.55836717,3541.0136542638875
B2izdXFYb2sNwbWWHmh75T4aQFtfXsUxem9u2p61HGzf,4DYwgJtxwuJdAjkj5RJSNH4e7U329V5cNp7d3a1nLrZv,EXNW64GEf1ACC6xY9BtKRiunrs6GoJSXBdxWN2eTPmrF,10553.350016000002,10416.984915000012,10668.753927230857,1.0109352869994732,1.0668753927230858,1.0,9560.640482,30460.613356,40125.80218556945
SERgf3DMJpQxUifu7VoFKmfne73d2fDJxSrxUMrcNJB,AJfM2GZ2tTB8UtN2krcyR9xufRJEx2mhSCbJyMgPo3GU,F4yRYkufQvERZcEKnKjJwRLU1btiMBUuEwq46hfm11QD,0.11024617000000347,0.1096770749999969,16.583057077331095,150.4184415416025,0.0066332228309324386,150.47955577231298,26.094349003,31.144805989,8611.727879913524
ALBpShJ9NLpE739pcHDF2LNVk5J4VYPvvKuV6jMPitZi,D6d156U1bPiJpDYRLextvDRccgFk7QzkQbJg42ceKEu5,GNcM8U5g8RwTZffwwm3kSQqUNPSwv5d2fbN9sLxPJqt2,1889.134689999999,1889.8148720000027,1887.583096694516,0.9991786751290438,0.7550332386778064,0.9998820139223571,51080.1877,49129.476324,100161.91400122076
FrnkTEL6yZ5Aycq2TrEgu29dCrwKG4LPUZydfiwqspkc,DjvZuMZ46fxKBoBpGMPcRcos4xdTtHFxwMh69DpA2ZFY,9rvDPJLAng4uVVqnnSoEXgNDFhBZQTny9AoQioYDZbQX,684.9681013049981,583.2411345640002,121089.1426074019,176.78070318413867,48.43565704296076,150.6581576947976,325.285118113,2567.285586174,444286.64860473515
MATSnbbiTCv7Dc3trJrkrqjx7ckKdr6fwPoVwv9q3sD,631WX9JizSHJm4w6VanZeJAst9T8DeUUnPLesdGkCVtK,211maUSfpnXbPuW1iBu8b4dtJv5EbN1j7JJiEX5TZKEP,108419.04398200003,108492.95971399997,108400.72425960015,0.9998310285561739,43.36028970384006,0.999796041607512,23434.186956,21141.941239,44567.85641024597
RoBgmK8CvjdHvPrqdDyVw54VwjZv2TqJ493xnqJAQHx,ExiHJxM7qPAcy27NDHAF6G7vnW7muNHi2sVJpnaNynGQ,6rkPHSqZb7StM4HwS9EuVrmfkV7tRdc7dnsFhyB6cefE,59.689946000000205,117.99774400000021,1.4398534971260486,0.024122211421100024,0.0001439853497126049,0.9582022592492869,6040.422503,23.627775,168.34853607617
GokA1R67GqSavkd15zR62QD68Tuc5AEfvjssntVDEbM8,3YB7hfpBdbQEuZqLGWVDpRPmeZWCUsrrWyqGXegnQ6Cg,4DPCj6Z1DsG6HUtwSogBGqXEUxdEV5a8YVrrFtcnz7UW,80108.828576,80109.29764399995,80108.74846725154,0.9999990000010001,8.010874846725153,1.0,17675.28718,16140.297841,33815.567345730495
KysFMBBoavfov2tLpvefWW6tPFt6rAeZWDJVy1mMQae,B8ka2V21TH3x64dFV8ETcjuQcwmrciJ2qzy1mJUttRew,7fSf7EYxBANyxzk2s5pymFgshA91tFYQNKKs5UnLWcYS,118.79953800000021,173.0523380000377,2.8630154562466688,0.024099550422886862,0.0011452061824986676,0.034509913162360406,134978.605724,2263.058466,3331.0216657995074
BkwbeSfcX1h4thMDd7obGkHrPevf3QwgzJ4pCEqG18Lu,35yX27bmurdebhfAb8EPmjLETDiUaEUCn9zHaDPbakH2,2CxECn1ZJFoESyUnQysQU8rRgT3iJ5GRs2Mdd6gZjx5g,0.0004496500000001902,0.0003972000000000975,0.7469641344256195,1661.2123527750553,0.0002987856537702478,1459.8540145985403,1.8081996,21.48956873,34375.43669428467
SoNcU2iwHMw6dGzsYNQkYFkUjwN1UdAjrWVRnStrZu2,8ivTTid27jZnYNc4w3CTA1Z6QS2twsFb8WMwUabeDJgc,CyXm53PMvHCbeXJBykU46Rcbo28xk5srhMZFg7gv6EYB,52.969313162999974,52.34823000400004,9359.223780935132,176.69143173773904,3.7436895123740532,173.64831285035717,10.942813349,13.763665302,4323.5386162029545
7dwD9TF6uikvHXxPFK9AsSim54yJoujQjY9vU6gNFumk,CquVr6atkvwueDYficKjn6SSEWq4F4rH4VSiBbW4GBWU,8BCa6ge3b7ho3TfZuM64Vk1hgbrJ3J7EPiAb9uP86CGd,1.4328164160000003,1.455534709,246.60227268033364,172.1101670294749,0.09864090907213345,176.67123479589438,2.695819936,1.483273655,726.0298076354177
KEN5P7p3asnb23Sw6yAmJRGvijfAzso3RqfyLAQhznt,9zj4aX38Uxf3h6AUjS4EipWS8mwbEofasHAf3a1uKGds,CwQDG1MWunn9cLNwcZLd8YBacweSR7ARo32w4mLua1Yr,212396.54376500077,212469.30363699934,212255.1818139127,0.9993344432607882,21.22551818139127,1.0,2104622.644553,1827529.860261,3930751.75902942
KZMu9QBEdL97EFgamLbN5DE1AoKBG4HdrKKJo4Vuon3,DD4ACBWyVqdaKWh7v5btsgqQCCMwbKnuL2xd9pv7Gyuw,GcYqiJ1MAuYbNTNYXm1F1gQYTfTgkErACAhNU5dpVj9T,1713.9894101900009,1723.73576113,1693.5906359925675,0.9880986579752719,0.6774362543970271,0.9997011493384168,1954.38561407,1129.94549699,3060.733614459416
BSCrK1Nx9PXU9mF7STWWBqeHLxmtJDr9h7jheEy4tAWX,FfSySSbVJPvEo5a5AvrP3nySoXpRE2QPn1uUMpJJ1x7v,HL7Vcj6838ZmvBHDbQxXfjBNckNi83WvPiZQoMQLFeRM,0.004921171000000113,0.004899592000000119,19.794902014416724,4022.3967048526197,0.007917960805766691,3999.2001599680066,1.025258224,1.826291295,11427.699740952827
Cob4usZcpHEY7Qt4ZCwj6WVg9S44zvzYV2v9qYF65dTf,NhFM9UXE48PyNAyeyPYA3iXztqKVJwA4bTdLj4ysM8w,6TuFuynuBoeskxyR2cz4wxyidk8dpDK7kAWw3UkjQGx,1636.7823820000003,77099.72711799995,28.545416310724395,0.017439958191537028,0.01141816652428976,1.0,63169.476589,284.409334,1386.082364693437
parEAJhzYzHW87y9VoZAQ22dzQ2MD2ekEtTReaxbMcz,3oyc6hpjYSJEquK6dSvG72NXyz3pqLZz5D8AC71pwgQb,Di2vordgFJVZ1aj1aBpvzXtLfZgJsuLLXawGtVFwX6Rz,8.172340935000022,9.50279321300036,1208.9615842298374,147.93332704123583,0.48358463369193494,171.17595484515252,1284.231474367,172.767976809,219554.35809112762
NorjjEePhxfwLF4vZjUHCrVVKLzQjEEGQFd3wgjEJmh,34M8pFVqgbV7aqHxvRT5tCv3vu2P1JJYT8J3VaxBK2oG,3AZWBSze3ucsY3xSeuLne3b2pauVqiaJ1SZSV5T9WGWw,1.5017790000001696,2.3000000000029104,0.9813034830292955,0.6534273571738483,0.0003925213932117182,1.0,37603.320954,2581.78385,27152.822481932213
SAMyS8Jr2HJrkFwYVKbpUwsNStnQmvz3f8Tup8bWUWF,6jPzm5TFfquvgm25sTyN3MMGBfufRaFHMxobDWv6hMFW,Cj9ECoDmxsHTDzCY5ZA6RWrPbg9uFzEC1Qc2kso2vJG6,15631.654752249977,604.2414931800045,15445.617082630983,0.9880986579752719,6.178246833052393,0.03485341264575915,696.43643211,111070.10928323,4559.320255390957
KEnkcdADoLR5jS2CLLLesy8TtFsyWL37BhXNfDMzWzP,3qsjFRuw1qeLMPo4DLwaQevenGAGBj9dA3Q6rb8ax2YR,77iEv8zPQAEyCcEbvBRSB6AFcUdfkhiqnAKtPxk76rNN,6.580335999999994,6.422116000000001,0.11479676558310498,0.017445426127648357,4.591870623324199e-05,0.9975589731925977,105.19994,0.46508,2.299202509155453
ZUCKWFa4LTL833dPhhpeeRWZcaAEoMeYJPi2iKn4F8N,7eEYpq6ShaJ9opZWMxitRFrdCHh6vfyHhGfoSvFht3N2,H8VggnHmuwd1wvwpT8eg9cUJFEfZ7HAaeYjgXrSm7A2u,2.954010159999825,2.9537703119999605,2.9536498383487455,0.9998780228802329,0.0011814599353394983,0.9993994488783757,1916.072738944,1930.352406397,3845.0321530042474
MATgk4zXLXtYkwBH678J1xZbRDZ45LicNzkRBHkxTuY,y8dALFo1bJrSzPYjMX14HJX448pXqYmrfXHD1K8MXih,GN7Yuet3UyiWS5YVkEHv6oQKi4HGBJc3XDPt9zQhAqZz,156074.8542230001,156085.04372300013,156080.31703409628,1.000035001225043,62.432126813638526,1.0,9575.480236,8583.577773,18159.393162538636
wrmcMSHFi3sWpAEy4rGDvQb3ezh3PhXoV2xNjgLBkKU,8p4mGnARWPBu6P2Gcw4adodLkNDorrXniZMhaY7eJXUn,AyY89zccbsgp9LKFgH4CFZMJmpSgqmPSdTfukhP227rc,0.03652795999999997,0.546576899999998,9.774674872892687,267.5943270002676,0.003909869949157075,4005.7683063611603,49.55853831,0.13717198,13811.062876186235
AUSejoEUCh2DBs9mof6BNC8Pubs22w4cJa1ccV9h44R,4xkyD7AfGQDwsQMy9MosRRNGoVJ1zosNinesxg1TzHG7,Cbm5gsQe3nSiCsFrvepVzMCD9xLK3ri9g3ypS2hdmVJ7,73.417555,73.4223750000001,73.40192039095672,0.9997870453593385,0.007340192039095673,1.0,14500.820757,14352.836779,28850.569518926393
BSCNHw8CmxbZ8hCWWzMf5FaG2ajPT6JxfznKUNuRVrn4,7n9kgNL633yGzCYksgnzHyjG73ZLBAwvEae5sbAekbzW,SscdxE99omdG9AiMVwmaEMQySQnCgeAh1sPj2Leutm2,18.055452771001,17.78827216400032,18.325597439891865,1.014961943758328,0.007330238975956746,0.9993994488783757,2598.797579417,9086.996358089,11719.21979487347
STK75uPSyBnEhGTTzb1nwmP3n427XoXmfRhXxxhyady,6TYyD5fUmDe6N65avW1Ny2RxzRNobw2RRgKwH9CTzSAU,54zDfk4cx2vGrEajPtodWpArNe5eUurytyxd4X3aZAxK,504.6433818459985,562.5769726249986,76283.47044020191,151.16312466271728,7.628347044020191,168.43906674650677,496.269665796,92.823328407,90652.74816622538
HEDSDjj84KS7LKhZY7ejkCACTdPen62rKhCby1wXtgxc,EnnjMSFttpCTywBrYNt1J5QQeoSVkvzPipJDa8Y7kJow,6bjVT6JN2rSvpyn9PdfLYC8wJn4LWh49jpY47fnLDXZk,29.231173546006175,29.79379023099682,28.315746500252654,0.9686831921300473,0.011326298600101063,0.9993994488783757,38641.52463043,9565.550497476,46991.201323172565
daob129AwBGn9Y5r91uLoWZeYiGzbPmksauMhFZKTze,6VW5GQNyj4LStgmxEHLr5zUfW92vQnmbw8jTnCH7a38F,4VPCCUifPeBA1c7HWK358CHn2nyjm8pdTRk6Ps3KmnMQ,32.7597321689999,29.532267357000023,5450.0426422741275,166.36407813588386,2.180017056909651,151.33220005693119,52.567903262,233.438820208,44072.22100649
