0,1,2,3,4,5,6,7,8,9,10,11
RajgMbScQbqqrdJfR2rxfHJiTiY5b6bJ2tTXiF4aPxy,725ZA3fhyBAKb5iopNRrcbSuQa3LXA1656Q3mBvYPxeg,GLA6i1dSZpUfk2f9Nj8uiG7xyDdAR2reff8oEiZH3617,535246.18092152,535431.570435749,534859.792858561,0.9992781114994717,213.94391714342444,0.9999198364267138,131197.48615276,102044.63286969,233139.22880349256
heyk4SZTeCUV6a65WiVA5bzic3KcxgVf1qxobfeV4tQ,9ZDpBKPqMABtGfq66FbVribaArMvtk63xxy91onZAtDt,DaTP4s6N7xxSPinbNZ3FB52EpRDRt87QShTuN3VPCW52,107.76697741700082,94.1120721530001,18851.108002368626,174.92471677501797,7.5404432009474505,156.06201842187278,655.282215633,4496.707218995,816390.2608258749
MARpDPs5A7XiyCWPNH8GsMWPLxmwNn9SBmKvPa9LzgA,6YjT74rmcfCpw8LSjPNx5JTmZoYLGrTKnf9arfSgZ4SR,F8GSmi3vA8M8TsybLya1LQ4n1aFHCRbZ6k437PeTdXtg,147502.24994500034,154861.9836429995,138097.1439558848,0.9362375421892042,55.238857582353916,1.0,374753.149122,18399.699232,369257.6664936456
BSC8REUo9LpiiWUuqMuLXs2D2yJsJfGd4HdiF3wCLxk5,AZjEH1zWVx1UJ6udMyRijGTzPteuLnaY18yNNmprJEsh,Caf8ypkSVR8xYnXNhjvfvdGCC7mrM3C11rz8Xi6NA6aK,2141.457924478001,2137.3628277820007,2140.6830443109875,0.9996381529806604,0.8562732177243951,1.0,3249.700136474,3053.358175279,6301.882417444869
RoBgmK8CvjdHvPrqdDyVw54VwjZv2TqJ493xnqJAQHx,ExiHJxM7qPAcy27NDHAF6G7vnW7muNHi2sVJpnaNynGQ,6rkPHSqZb7StM4HwS9EuVrmfkV7tRdc7dnsFhyB6cefE,20.49178799999939,25.03198299999925,0.5001258747747559,0.02440616088624237,5.001258747747559e-05,0.932586145313708,6045.078492,23.511981,169.46410597519454
NorjjEePhxfwLF4vZjUHCrVVKLzQjEEGQFd3wgjEJmh,34M8pFVqgbV7aqHxvRT5tCv3vu2P1JJYT8J3VaxBK2oG,3AZWBSze3ucsY3xSeuLne3b2pauVqiaJ1SZSV5T9WGWw,21.162430999999742,32.46884200000204,13.767621311598958,0.650568987636587,0.005507048524639583,1.0,37628.895191,2565.128603,27045.32085329211
HEDSDjj84KS7LKhZY7ejkCACTdPen62rKhCby1wXtgxc,EnnjMSFttpCTywBrYNt1J5QQeoSVkvzPipJDa8Y7kJow,6bjVT6JN2rSvpyn9PdfLYC8wJn4LWh49jpY47fnLDXZk,10.058183596000163,10.353636739993817,9.7265815256899,0.9670316148889815,0.00389063261027596,0.9982392606712613,38643.647207764,9563.49231388,46916.28206136696
ALLwa5WNZbvQsRKAqe1jdRGemdYQnW8E5k4msbRFcYtu,CGoM82Hbz7QVqTgvQatYtjvDWBvoUJp5qm21P8iMs9yb,3dxNNww8TivyN5FMy5dCNdi3Zcxv6e4kUfSPxfFwpdNq,6.332797354,6.006187727999996,25051.613410340597,3955.852684046046,10.02064536413624,3870.2236602253247,0.690877373,7.867617795,33182.44965014753
SAMGk1Nd4haC8zQA63DG37pzuEZy8j4q13tSFtCbcRE,9U9TnkHD3jXMAVZtynCVLgDruuqN4pTvLJTmVHCLWS8g,C6zoEbvqSknmi96QWq96UBiPCyNW3YSTvKhavR2BfifE,0.32949494000000357,0.1948173999999998,0.7406894024714085,2.2479538000535015,0.0002962757609885634,0.0,53.183535,1.39916845,119.5541296035284
ALBpShJ9NLpE739pcHDF2LNVk5J4VYPvvKuV6jMPitZi,D6d156U1bPiJpDYRLextvDRccgFk7QzkQbJg42ceKEu5,GNcM8U5g8RwTZffwwm3kSQqUNPSwv5d2fbN9sLxPJqt2,3100.4683590000204,3102.1999640000067,3099.8328932569025,0.9997950420163866,1.239933157302761,0.9936782191696427,51508.655908,48702.399015,99892.61192026103
moFiBS1R4Lf3E3zzmBPnw3NF4RhWPkhREFviuzUaCAU,44ALBrpqi9PfZkBRTvbtRNtFJGsatfY4QydjtMbFWq8S,2ho8qEEie1UjVwWNBo9y4oAJZMyMLx8zPj9bxyUz6uWs,1600.5425142210006,1604.0806043070043,1596.8537485279724,0.9976953028987027,0.638741499411189,1.0,40821.096340422,27524.799695684,68251.81577369844
B2izdXFYb2sNwbWWHmh75T4aQFtfXsUxem9u2p61HGzf,4DYwgJtxwuJdAjkj5RJSNH4e7U329V5cNp7d3a1nLrZv,EXNW64GEf1ACC6xY9BtKRiunrs6GoJSXBdxWN2eTPmrF,8780.615450000014,8666.68342599999,8823.205060828634,1.0048504129432771,0.8823205060828634,1.0,9091.818367,30937.097143,40073.01458348522
MATSnbbiTCv7Dc3trJrkrqjx7ckKdr6fwPoVwv9q3sD,631WX9JizSHJm4w6VanZeJAst9T8DeUUnPLesdGkCVtK,211maUSfpnXbPuW1iBu8b4dtJv5EbN1j7JJiEX5TZKEP,208430.703368,207084.12225100005,208425.9095720798,0.9999770005289877,83.37036382883193,0.9956034153179559,19096.599154,25580.719174,44564.41131824524
DFWzVTzNBrQZLjoQ4yQwkj9HuoXmfkuZP9V5vbymZe23,DhgiEgiNdqZdRdo195UUHnoEJUtefK8buko8nU97XJUZ,2K2kkXsouBHtWVjtcgkyiXd8eP3oVBvq1bTJzcVdLLr2,21.1587287429993,24.288058062022174,18.433796933921236,0.871214767097969,0.007373518773568496,1.0,66536.12655173,9471.018016403,67438.27401376945
FrnkTEL6yZ5Aycq2TrEgu29dCrwKG4LPUZydfiwqspkc,DjvZuMZ46fxKBoBpGMPcRcos4xdTtHFxwMh69DpA2ZFY,9rvDPJLAng4uVVqnnSoEXgNDFhBZQTny9AoQioYDZbQX,282.17532558199827,241.6622570969996,52262.955212175824,185.21447651165573,20.90518208487033,156.6722807567271,323.908121143,2569.062211271,462493.30914112297
SoN9GaFpSXfpyR5dth3x7PHPVhvJMpQqqDJfCSmPv1t,9kZ9iS68ViMPtoeqtnhAKuF2iqVyfHPdZHoUNdwCELr,BBhm5fJLjw3HRzjtKB8uMEYjGhY6EDm9co3cqpjrSzB9,33.126147166000024,32.63910065000001,6109.393767361609,184.42814181638852,2.4437575069446438,181.32185445113421,31.447531431,48.748780752,14639.0291147162
SERgf3DMJpQxUifu7VoFKmfne73d2fDJxSrxUMrcNJB,AJfM2GZ2tTB8UtN2krcyR9xufRJEx2mhSCbJyMgPo3GU,F4yRYkufQvERZcEKnKjJwRLU1btiMBUuEwq46hfm11QD,2.773452800000001,2.7601313239999996,434.53815336551514,156.67768110764854,0.17381526134620606,156.69624151529027,25.3346446,31.908713658,8969.34886941062
JSoLLrxK5bYdHwTEWYaGgmeycBCNXKDiBCTw5hXGBg7,xG4wXczA7Dk4hccJ61CHKpDHW4NrNfQwgmWgkb9BuF2,BVR6WgfhsRr9Lob4QDnkEAiNGgAbv7ZieKcY9kSg3QYR,27.785065223000174,23.99976308899997,5057.519289972224,182.022941079356,2.0230077159888897,156.44604645196011,18.311152677,168.795000598,29740.360369234008
BUSDTd9WiT6uBHJRgNvFXBsA7JrifsAtWzKfioN7ERcy,DyBxrn7gSc1EwnpWhDyhzvMHPtxpmBqRqotapLcKcfTM,Cds99GeBgoCpqBsoRWu1C6fF9LiUMd4pXQQD24s9LPff,5163.3877399899975,5151.073140790002,5172.4006481193455,1.0017455416062488,0.5172400648119345,0.997530115434185,272.11194323,353.14059579,624.8553052313607
SAMyS8Jr2HJrkFwYVKbpUwsNStnQmvz3f8Tup8bWUWF,6jPzm5TFfquvgm25sTyN3MMGBfufRaFHMxobDWv6hMFW,Cj9ECoDmxsHTDzCY5ZA6RWrPbg9uFzEC1Qc2kso2vJG6,5925.900910779971,216.7135130100063,5852.804474829246,0.9876649243631879,2.3411217899316985,0.03517987947302933,701.68160985,110925.0842367,4595.357408102272
Sid7E679i9ABqptiAVhkmQ27YHN8vaYT4fppPwmxFsJ,GP7KB8o1bv527HG8kTzzzf4wJ5aEGHvcMQvVhLziUfmT,9gYxhAZ1M9wu5pxr8SBoa5NDm21gi3s9vMHaYTME77sa,4223.649444000001,14331.421447000088,39.0567432001019,0.00924715550330173,0.01562269728004076,0.03509607093168627,140417.874037,7322.140302,1555.4442720739244
MATgk4zXLXtYkwBH678J1xZbRDZ45LicNzkRBHkxTuY,y8dALFo1bJrSzPYjMX14HJX448pXqYmrfXHD1K8MXih,GN7Yuet3UyiWS5YVkEHv6oQKi4HGBJc3XDPt9zQhAqZz,218315.99438199998,218373.717284,218491.22434392382,1.0008026437202637,87.39648973756952,1.0,8589.267576,9686.852856,18283.01455368154
daob129AwBGn9Y5r91uLoWZeYiGzbPmksauMhFZKTze,6VW5GQNyj4LStgmxEHLr5zUfW92vQnmbw8jTnCH7a38F,4VPCCUifPeBA1c7HWK358CHn2nyjm8pdTRk6Ps3KmnMQ,29.444527385999706,26.634579437000035,5097.383731389742,173.11820511044942,2.038953492555897,157.12753271905896,53.272585207,232.673031447,45781.79369416045
BUSDgu5JdqP1rndBvXvanbEufS94FNh1w5FJcAj6vawb,Bgzr8cWubt89JQFXndVjtdKmDbGzuPxNhvjH1EhWCwbo,Dxaf8xPBBQsasRKW5Aa4Sw2YrbfGofY9xZueyyF23FBW,12550.813998349997,12379.565840529998,12752.09562613199,1.0160373365272128,5.100838250452796,0.9989569690494761,2602.25805684,12214.51599667,14845.767223467996
SEQV6QiTpvTzrceiaYg9Avnwf7oc8ZALpnQMz6TyT4A,3dFMPj4r9mMmPHF32mz1gNDX7f8ftidWof7S8YiYTs1j,Fc1ED3YPeQfXQosHbd8DTaBd2AV5gHQtwiSAL5C5pUhi,144.45394437599998,144.95438775100047,143.95042880809785,0.9965143522381672,0.057580171523239146,0.9986727638967813,4576.801916958,1027.051179655,5586.536837849311
7dwD9TF6uikvHXxPFK9AsSim54yJoujQjY9vU6gNFumk,CquVr6atkvwueDYficKjn6SSEWq4F4rH4VSiBbW4GBWU,8BCa6ge3b7ho3TfZuM64Vk1hgbrJ3J7EPiAb9uP86CGd,1.6693536410000014,1.714389124000001,296.58142677856114,177.66243143118461,0.11863257071142445,184.3951883919541,2.854418427,1.330291374,752.4222465877189
Cob4usZcpHEY7Qt4ZCwj6WVg9S44zvzYV2v9qYF65dTf,NhFM9UXE48PyNAyeyPYA3iXztqKVJwA4bTdLj4ysM8w,6TuFuynuBoeskxyR2cz4wxyidk8dpDK7kAWw3UkjQGx,161.6911620000038,12613.947773999971,1.4925038290077521,0.00923058385224368,0.000597001531603101,1.0,70545.083798,190.604569,841.7768803609962
TETFuZgEmET6d9vYmz9iMFCxK1jKdKYxf3oPz8hSzJK,Eu1Ze6Z84LWNkq7SNoAHBJbXx5t1P95EwyqYohrfCRFV,ASMbv7WNu3qe4pkhREmvyEdwFNDZQ6B6iSrjkj4u8bdC,38.71599637,39.00800102599993,38.50516097602417,0.9945543079413243,0.015402064390409668,1.0000530028091488,296.790256342,55.532580357,350.7095517397043
Lee1XZJfJ9Hm2K1qTyeCz1LXNc1YBZaKZszvNY4KCDw,9DgFSWkPDGijNKcLGbr3p5xoJbHsPgXUTr6QvGBJ5vGN,2hNHZg7XBhuhHVZ3JDEi4buq2fPQwuWBdQ9xkH7t1GQX,14978.435650818647,12810.436015116982,2763229.3553529223,184.48050382363516,276.32293553529223,157.29082286693983,7363.788980833,56572.512283875,10256812.510015765
WiiQFxXqp8P9Fs1rt9SVcDyA3KUdJmUsog6wnVQAwba,3S2jpqSYxho6wiz3cafhjXruVY8cg4HYa2v3BqBHYFSj,Dfe67M6TfrG74gKRtdqys4e6E9QirPD53BkF4FujFjuv,5787.936485224999,5816.6674189360065,5768.040529233729,0.9965625130749001,0.576804052923373,0.9973249311872725,21832.967156596,4880.570454867,26625.431210513932
KEVpg4SYCVrqFxKijQH6hm4QxsRdoE51ud64bEEFUC9,2bPenuBYfqzD8p5dFjCcggwkHDsc2RQDnx9AoyYGUBjA,AE6n6iLuX8oYu61vt5hoDYkjswpnxFxrhSehxrnQTnbx,1769.122785672,1772.498074432,1765.6388535707172,0.9980307007916585,0.706255541428287,0.9989935749118842,5926.58067263,1670.638283649,7583.866373370386
vEnkoSUkpnbRrPgBz9DfcVxNz67zjwMYBZraAvDDNSf,DtfyjjsZ5yCjWKLKHvwsfXs5QVsmm1QkK6Sh9JZHoq1g,e5wrKCRv4GhHvEf1VD5Pq2KGaZDXP77nTL612Jyrxwy,5309.727475000003,5309.016928000002,5296.317199849984,0.9974743948322847,0.5296317199849984,0.9969036173644659,3919.812065,2942.725015,6843.525379754566
SUiuyGR7SFq3xeRVJonq84fjjeFwRSsFekcevJ53tzy,49GjCCPsv7fBqo6t3iKDrP1xxGDS8uWZbVCdfnp2gjMf,CEwj5xEbbJEjYqM8D6Ai8ByGz1mrh8mkAVsE5fzDSSSx,0.48679700000000015,44.485006999999996,0.00451554490551563,0.009276032731334887,1.806217962206252e-06,0.9182770184647142,634.279267,1.760923,7.500610363685039
parEAJhzYzHW87y9VoZAQ22dzQ2MD2ekEtTReaxbMcz,3oyc6hpjYSJEquK6dSvG72NXyz3pqLZz5D8AC71pwgQb,Di2vordgFJVZ1aj1aBpvzXtLfZgJsuLLXawGtVFwX6Rz,8.049870238999972,9.372189156000104,1216.2654999294361,151.09131747700465,0.48650619997177447,167.69300374726788,1283.145496163,173.705504156,223001.34128930565
AURHmCnNwiW4uA2Qj1XvEh4iKgRUZYXtiY7FKAapUV5Y,BKWm4TRnTeKwfWXRyuzjRHU7iZDkPuXBX5b5V5jSVfGJ,A5Ww74HVrkj9nPeC7pHKLfgeDMEhBCpW1efQdz3TGLEg,3.2116360659999827,2.8543798200000197,559.2713856735043,174.13909116111765,0.2237085542694017,157.60856117095594,286.265813136,1818.668653684,336487.8182838562
wrmcMSHFi3sWpAEy4rGDvQb3ezh3PhXoV2xNjgLBkKU,8p4mGnARWPBu6P2Gcw4adodLkNDorrXniZMhaY7eJXUn,AyY89zccbsgp9LKFgH4CFZMJmpSgqmPSdTfukhP227rc,0.015271660000000048,0.22764196999999342,4.264635576654579,279.2516056967328,0.001705854230661832,3958.82818685669,49.49972434,0.14121277,14381.914597710758
BSCuChvaSj9b5HUSqgDVRzcnr2sSn7cXaamt1jbKH6hn,GnKpRj5kBVPMJfiwZtEuD9GYApLzPdW5JFuZTcyX4BTc,3dmwD9okkomV9nDwyuh4UMhKdUR13QpuKxRo89ycZB5t,173.09764949300006,173.0736535630001,173.1844290930989,1.000501333209047,0.06927377163723956,0.9995352161245021,1561.709177681,1533.863380648,3095.642580036103
BSCNHw8CmxbZ8hCWWzMf5FaG2ajPT6JxfznKUNuRVrn4,7n9kgNL633yGzCYksgnzHyjG73ZLBAwvEae5sbAekbzW,SscdxE99omdG9AiMVwmaEMQySQnCgeAh1sPj2Leutm2,2055.6694283550023,2021.3077434680013,2100.8758393684384,1.021991089807475,0.8403503357473753,1.0,2211.021089849,9482.686381836,11742.33023503809
AUSejoEUCh2DBs9mof6BNC8Pubs22w4cJa1ccV9h44R,4xkyD7AfGQDwsQMy9MosRRNGoVJ1zosNinesxg1TzHG7,Cbm5gsQe3nSiCsFrvepVzMCD9xLK3ri9g3ypS2hdmVJ7,10202.774122,10223.774558999998,10203.835320873373,1.000104010817125,1.0203835320873371,1.0,14389.272605,14465.431579,28856.200824001484
SoNcU2iwHMw6dGzsYNQkYFkUjwN1UdAjrWVRnStrZu2,8ivTTid27jZnYNc4w3CTA1Z6QS2twsFb8WMwUabeDJgc,CyXm53PMvHCbeXJBykU46Rcbo28xk5srhMZFg7gv6EYB,24.584948995999984,24.357233319,4520.239350893383,183.8620593286093,1.808095740357353,182.6363595021406,11.476495723,14.713004895,4797.221788866731
SBFjafzbDXgDRsA5SUypY8FXjJ9sBdb4JbuQq2PHQDG,46xwHtnXoQR3wCHUbm2eCAbPYWbioDQ59Te1Db8M5DDL,FC38fiikZwFvDt5zTjNtGfKd7LjaPz2uUAzLwKP5pRJY,1.7852928089996567,0.6613667219999968,10.882338997786343,6.0955485525559165,0.004352935599114537,2.256770876823189,201.254337171,9539.327832155,22754.832819714582
KEN5P7p3asnb23Sw6yAmJRGvijfAzso3RqfyLAQhznt,9zj4aX38Uxf3h6AUjS4EipWS8mwbEofasHAf3a1uKGds,CwQDG1MWunn9cLNwcZLd8YBacweSR7ARo32w4mLua1Yr,248057.43403499783,248112.30532600125,247976.84156149035,0.9996751055906831,24.797684156149035,1.0,2045882.105175,1864229.239082,3909446.648598907
KZMu9QBEdL97EFgamLbN5DE1AoKBG4HdrKKJo4Vuon3,DD4ACBWyVqdaKWh7v5btsgqQCCMwbKnuL2xd9pv7Gyuw,GcYqiJ1MAuYbNTNYXm1F1gQYTfTgkErACAhNU5dpVj9T,1018.2007718500001,1026.1751590299991,1005.7226899776325,0.987744969148181,0.402289075991053,1.0,1971.81595202,1113.17153697,3060.822823663886
MNkYtBe2HtgL15osfaMmyqNW3vo4J399FXXCS4a39Wf,2mUxDu8NrhSKhQJMgKfYLxJqZzeEbmwhQdHeHMyohyuk,AZCBmDBcFsA2jHHhfFJBTsWCHx9XnnKmGfFsue3ZVW1t,0.01449322000007669,0.01449322000007669,0.014487251107747786,0.9995881596823293,5.794900443099115e-06,1.0,2194.39033408,1941.67408916,4135.160684827719
oKQqupM9E7SSLAFDLxr7mdsXP7znck9qRbVWc6Yyj7Q,CMR2J7CwfW98RpvnJmFBgRFTLAd3x8CJ1SWs8Bt3uunG,FmRb5jHfSNj1YWP3b45d9vvYuhwjp4om8bALmtqZpr1v,3.8092373100000714,3.9472090299996125,3.6787477851388113,0.9657439234571453,0.0014714991140555244,1.0,4454.39635192,1453.10365035,5754.909859886416
GokA1R67GqSavkd15zR62QD68Tuc5AEfvjssntVDEbM8,3YB7hfpBdbQEuZqLGWVDpRPmeZWCUsrrWyqGXegnQ6Cg,4DPCj6Z1DsG6HUtwSogBGqXEUxdEV5a8YVrrFtcnz7UW,42578.39141800003,42594.020622999975,42549.75543259389,0.9993274526243838,4.25497554325939,1.0,23984.325711,9839.138414,33807.333529687145
ercAoEmXjQzEvAFbdjAo81KtMxRGn9AW1ju882upmPH,CMRhskR2Eg6V42RTSdRTXGdozyPbWB8U9dVpijPWb9T4,7TKLLgrWswt6ZJ1pXhVR3FyufHGjJFqiEXxvWJfDcgRm,6.2432579260000125,6.381779551000022,971.563743106316,155.61806906298781,0.38862549724252643,153.55614534764806,318.021070231,1012.812682076,205013.43628949657
Lid8SLUxQ9RmF7XMqUA8c24RitTwzja8VSKngJxRcUa,4PgzyzLtds9bKZ2to9PMnKqJzKEUpjvNUaeN23phegax,AtymwxoVN9peZo7EXTcDz9jKVc4vRmisJKKrNfe3ewBa,1640.777758333984,1440.2567559090032,292205.4559768712,178.08960079613178,29.220545597687117,157.717263416219,1155.359669837,7565.435155098,1398957.2715921367
KEnkcdADoLR5jS2CLLLesy8TtFsyWL37BhXNfDMzWzP,3qsjFRuw1qeLMPo4DLwaQevenGAGBj9dA3Q6rb8ax2YR,77iEv8zPQAEyCcEbvBRSB6AFcUdfkhiqnAKtPxk76rNN,3.4803479999999922,0.030196999999999974,0.03228382196443584,0.009276032731334887,1.2913528785774336e-05,1.0004582098601158,116.710029,0.319297,1.4020493541127492
KysFMBBoavfov2tLpvefWW6tPFt6rAeZWDJVy1mMQae,B8ka2V21TH3x64dFV8ETcjuQcwmrciJ2qzy1mJUttRew,7fSf7EYxBANyxzk2s5pymFgshA91tFYQNKKs5UnLWcYS,232.79836700000078,334.0474529999774,5.7216215228463225,0.024577584441759864,0.002288648609138529,0.03529343420008596,134974.449735,2266.025727,3397.3217657336113
STK75uPSyBnEhGTTzb1nwmP3n427XoXmfRhXxxhyady,6TYyD5fUmDe6N65avW1Ny2RxzRNobw2RRgKwH9CTzSAU,54zDfk4cx2vGrEajPtodWpArNe5eUurytyxd4X3aZAxK,1452.416524409999,1613.1892649909905,228228.61075035023,157.1371620431414,22.822861075035025,175.05093544594138,458.15044643,85.973661307,87042.23077631136
C98Sspw7XqnMsgxea3SLQVdbMDL8pKUc3RE82UvX9eq2,CSqgQJurPCzGxb4Cgwx5R61hWQUiaoUHcShNc8r1cKEL,6S2CR5EnukPhC914XkAns8m5GixjMAoUuZMsS5ubHuWc,127.16310500000009,126.96839399999965,0.0,0.0,0.0,1.0,883.673656,1129.412621,1129.412621
YAkoNb6HKmSxQN9L8hiBE5tPJRsniSSMzND1boHmZxe,CfWX7o2TswwbxusJ4hCaPobu2jLCb1hfXuXJQjVq3jQF,EnTrdMMpdhugeH6Ban6gYZWXughWxKtVGfCwFn78ZmY3,13216017.473927869,13222743.72075607,13216017.473927869,1.0,1321.6017473927868,0.9960824078897695,1030507.891994,211423.550655,1241103.171415037
Dg3mAgpwDfVNnbGWcsxL8sUcSkEbjSJQhKAWNigG44Ju,EATxwd8YA2wV93VJcKMmH2Kn2Y9XfJVUB9hHVu3udwEy,GiGvrRi7NMHfHKanG2B8xyCEqe8jaafWins8bhrLVEaa,0.12463807899999998,0.12430349400000001,22.71001052431342,182.20764237158554,0.00908400420972537,184.16172345907282,0.200861766,0.257957642,84.1044727556116
KwnjUuZhTMTSGAaavkLEmSyfobY16JNH4poL9oeeEvE,J63v6qEZmQpDqCD8bd4PXu2Pq5ZbyXrFcSa3Xt1HdAPQ,BnKQtTdLw9qPCDgZkWX3sURkBAoKCUYL1yahh6Mw7mRK,1230.2092279999636,35224.66923599997,43.216547000609474,0.03512942840696262,0.004321654700060948,1.0,270401.880008,774.67362,10273.737104849133
