0,1,2,3,4,5,6,7,8,9,10,11
KwnjUuZhTMTSGAaavkLEmSyfobY16JNH4poL9oeeEvE,J63v6qEZmQpDqCD8bd4PXu2Pq5ZbyXrFcSa3Xt1HdAPQ,BnKQtTdLw9qPCDgZkWX3sURkBAoKCUYL1yahh6Mw7mRK,1099.951023000001,33483.41908700019,33.83562368152471,0.030761027513062898,0.0033835623681524713,1.0,271887.743698,725.251614,9088.79797835877
BUSDgu5JdqP1rndBvXvanbEufS94FNh1w5FJcAj6vawb,Bgzr8cWubt89JQFXndVjtdKmDbGzuPxNhvjH1EhWCwbo,Dxaf8xPBBQsasRKW5Aa4Sw2YrbfGofY9xZueyyF23FBW,18290.887863690023,17895.311647089995,18486.50727720552,1.010694910765039,7.394602910882209,1.0,3826.41358213,10980.29887326,14847.635607201013
SAMyS8Jr2HJrkFwYVKbpUwsNStnQmvz3f8Tup8bWUWF,6jPzm5TFfquvgm25sTyN3MMGBfufRaFHMxobDWv6hMFW,Cj9ECoDmxsHTDzCY5ZA6RWrPbg9uFzEC1Qc2kso2vJG6,8137.261109249957,267.3197819099996,8251.006933016371,1.0139783917757186,3.300402773206549,0.03147956769865189,644.91921367,112635.60468041,4199.654289917926
daob129AwBGn9Y5r91uLoWZeYiGzbPmksauMhFZKTze,6VW5GQNyj4LStgmxEHLr5zUfW92vQnmbw8jTnCH7a38F,4VPCCUifPeBA1c7HWK358CHn2nyjm8pdTRk6Ps3KmnMQ,210.81641957099976,192.22958132700003,40055.750596561855,190.00299254713264,16.02230023862474,178.9212835812884,52.392696661,218.762341626,49096.0081161764
ercAoEmXjQzEvAFbdjAo81KtMxRGn9AW1ju882upmPH,CMRhskR2Eg6V42RTSdRTXGdozyPbWB8U9dVpijPWb9T4,7TKLLgrWswt6ZJ1pXhVR3FyufHGjJFqiEXxvWJfDcgRm,40.36262642400004,39.379080384000076,7239.168171111615,179.35324859848888,2.8956672684446465,174.18880708014794,308.258277584,982.968841837,226509.2934486068
BSCrK1Nx9PXU9mF7STWWBqeHLxmtJDr9h7jheEy4tAWX,FfSySSbVJPvEo5a5AvrP3nySoXpRE2QPn1uUMpJJ1x7v,HL7Vcj6838ZmvBHDbQxXfjBNckNi83WvPiZQoMQLFeRM,0.002142917000000244,0.0021401030000001153,7.9436435416019275,3706.9301058328547,0.003177457416640771,3674.174229341955,1.024553987,1.826999484,10510.664440595232
KEN5P7p3asnb23Sw6yAmJRGvijfAzso3RqfyLAQhznt,9zj4aX38Uxf3h6AUjS4EipWS8mwbEofasHAf3a1uKGds,CwQDG1MWunn9cLNwcZLd8YBacweSR7ARo32w4mLua1Yr,710807.2280299994,710870.1746780034,706385.9583168939,0.9937799314093091,70.6385958316894,1.0,2060614.609675,1982330.227526,4030127.6729898416
moFiBS1R4Lf3E3zzmBPnw3NF4RhWPkhREFviuzUaCAU,44ALBrpqi9PfZkBRTvbtRNtFJGsatfY4QydjtMbFWq8S,2ho8qEEie1UjVwWNBo9y4oAJZMyMLx8zPj9bxyUz6uWs,0.016433213000709657,0.016433213000709657,0.016397342534921797,0.997817197051708,6.558937013968719e-06,0.9967408239613639,40861.612039245,27484.401473285,68167.24416258078
MARpDPs5A7XiyCWPNH8GsMWPLxmwNn9SBmKvPa9LzgA,6YjT74rmcfCpw8LSjPNx5JTmZoYLGrTKnf9arfSgZ4SR,F8GSmi3vA8M8TsybLya1LQ4n1aFHCRbZ6k437PeTdXtg,178697.5232910001,192806.36981800088,157745.59554510386,0.8827519970057052,63.09823821804155,1.0,376614.018579,16774.163939,349230.940939956
ALBpShJ9NLpE739pcHDF2LNVk5J4VYPvvKuV6jMPitZi,D6d156U1bPiJpDYRLextvDRccgFk7QzkQbJg42ceKEu5,GNcM8U5g8RwTZffwwm3kSQqUNPSwv5d2fbN9sLxPJqt2,8462.678555999992,8469.807303000001,8426.780471192711,0.9957580706191624,3.3707121884770848,0.9887949753394534,52220.105011,47996.023671,99456.81805544169
BUSDTd9WiT6uBHJRgNvFXBsA7JrifsAtWzKfioN7ERcy,DyBxrn7gSc1EwnpWhDyhzvMHPtxpmBqRqotapLcKcfTM,Cds99GeBgoCpqBsoRWu1C6fF9LiUMd4pXQQD24s9LPff,10205.873753880001,10218.187868140001,10189.594246735762,0.9984048884459255,1.018959424673576,0.9927134830345267,310.96563256,316.01942033,624.1863471489298
SRMuKizofcAMicegrfSv7xs9q76tH1w8aAF7oX9FEWu,72Hj2KWntXPfbie4UgKeTPnm1XVkomDfCnRPKbvfTtPi,6aqJQ5wedqpUt4fFEDUqUmXhrdxCu4bEJsQdVPCADLko,284.81632900000113,283.6242659999998,20.587251583837325,0.072282553658773,0.008234900633534931,0.07100219311574095,17693.037092,5259.001129,1652.2985167463087
ZUCKWFa4LTL833dPhhpeeRWZcaAEoMeYJPi2iKn4F8N,7eEYpq6ShaJ9opZWMxitRFrdCHh6vfyHhGfoSvFht3N2,H8VggnHmuwd1wvwpT8eg9cUJFEfZ7HAaeYjgXrSm7A2u,221.2299814650005,220.65452441200023,221.72533893160897,1.002239106396557,0.08869013557264359,0.9900603906839488,1748.416403725,2098.372994481,3829.8472807949324
GokA1R67GqSavkd15zR62QD68Tuc5AEfvjssntVDEbM8,3YB7hfpBdbQEuZqLGWVDpRPmeZWCUsrrWyqGXegnQ6Cg,4DPCj6Z1DsG6HUtwSogBGqXEUxdEV5a8YVrrFtcnz7UW,93912.59137999998,93928.73802799999,93916.16019408735,1.0000380014440549,9.391616019408737,1.0,17176.918705,16772.972316,33950.5437687152
MATgk4zXLXtYkwBH678J1xZbRDZ45LicNzkRBHkxTuY,y8dALFo1bJrSzPYjMX14HJX448pXqYmrfXHD1K8MXih,GN7Yuet3UyiWS5YVkEHv6oQKi4HGBJc3XDPt9zQhAqZz,71303.04525099996,71241.99160799998,71303.04525099996,1.0,28.521218100399985,1.0,9737.024905,8635.448397,18372.473302
SERgf3DMJpQxUifu7VoFKmfne73d2fDJxSrxUMrcNJB,AJfM2GZ2tTB8UtN2krcyR9xufRJEx2mhSCbJyMgPo3GU,F4yRYkufQvERZcEKnKjJwRLU1btiMBUuEwq46hfm11QD,0.161985959999992,0.16044247499999997,27.873151028271504,172.07140068357086,0.011149260411308603,178.15432475858753,26.082027007,31.159648287,10039.197020046777
HEDSDjj84KS7LKhZY7ejkCACTdPen62rKhCby1wXtgxc,EnnjMSFttpCTywBrYNt1J5QQeoSVkvzPipJDa8Y7kJow,6bjVT6JN2rSvpyn9PdfLYC8wJn4LWh49jpY47fnLDXZk,5.615337557999737,5.779350963999605,5.187583932879815,0.9238240585357982,0.002075033573151926,0.9937092490705651,38656.424117365,9551.148078719,45202.798801650875
STK75uPSyBnEhGTTzb1nwmP3n427XoXmfRhXxxhyady,6TYyD5fUmDe6N65avW1Ny2RxzRNobw2RRgKwH9CTzSAU,54zDfk4cx2vGrEajPtodWpArNe5eUurytyxd4X3aZAxK,1111.2199887079996,1238.5143679400019,198175.96301994612,178.34089112306432,19.817596301994616,199.21124300444816,477.038543223,88.799013195,102765.2406945826
BerKDkt6v49dT1bHRedgnpsJS263C1DSJtEGvY9Mg35V,78XKqNb8wbfsMMrvo8WPUpdx7GEkfQutpNVH943aCGFa,DKYQwn4nDvFHCszi5tXbqfVMAP7DaXXp1KGTXEnYnKVH,0.03354329600006167,0.03354329600006167,0.03367862547365745,1.0040344715556733,1.347145018946298e-05,0.9968020198877154,1340.351451808,2198.660138103,3537.387928322599
Lid8SLUxQ9RmF7XMqUA8c24RitTwzja8VSKngJxRcUa,4PgzyzLtds9bKZ2to9PMnKqJzKEUpjvNUaeN23phegax,AtymwxoVN9peZo7EXTcDz9jKVc4vRmisJKKrNfe3ewBa,12641.360270399971,11881.489383540007,2387099.9196706405,188.83252028344518,238.7099919670641,176.60221921880716,1632.388183851,7045.875236381,1552565.1779212223
TETFuZgEmET6d9vYmz9iMFCxK1jKdKYxf3oPz8hSzJK,Eu1Ze6Z84LWNkq7SNoAHBJbXx5t1P95EwyqYohrfCRFV,ASMbv7WNu3qe4pkhREmvyEdwFNDZQ6B6iSrjkj4u8bdC,15.314393444000004,15.424120270999992,15.111940977073532,0.9867802490730843,0.006044776390829413,0.9917693065251477,312.214376613,40.218186913,347.97414366277866
AUSejoEUCh2DBs9mof6BNC8Pubs22w4cJa1ccV9h44R,4xkyD7AfGQDwsQMy9MosRRNGoVJ1zosNinesxg1TzHG7,Cbm5gsQe3nSiCsFrvepVzMCD9xLK3ri9g3ypS2hdmVJ7,23473.477079,23461.309108000005,23467.704023810144,0.9997540605011167,2.346770402381014,1.0,14537.239117,14320.015113,28853.67894869642
DA1mL7dfBow33EH5yjUuZE6SH2KeUK5zEXzsyhE5r5j5,B4UtLRZND3D83CitRCBUyeiNr7H8m7YFRqBmiPmXjhW4,AAmpYbuixWiSqDaJBCqYEs1pb5SrbdPr9mgXrB58Q2e,99.96956085500005,100.00778280999975,99.95547133167209,0.9998590618663574,0.039982188532668834,0.9891944004363946,1637.759450222,1468.821343507,3090.4784757003163
B2izdXFYb2sNwbWWHmh75T4aQFtfXsUxem9u2p61HGzf,4DYwgJtxwuJdAjkj5RJSNH4e7U329V5cNp7d3a1nLrZv,EXNW64GEf1ACC6xY9BtKRiunrs6GoJSXBdxWN2eTPmrF,33933.236982999995,33308.295784,33255.58786899351,0.9800299301140656,3.3255587868993515,1.0,7779.070196,32277.48971,39901.211330538295
MNkYtBe2HtgL15osfaMmyqNW3vo4J399FXXCS4a39Wf,2mUxDu8NrhSKhQJMgKfYLxJqZzeEbmwhQdHeHMyohyuk,AZCBmDBcFsA2jHHhfFJBTsWCHx9XnnKmGfFsue3ZVW1t,0.017112040000029083,0.017112040000029083,0.01710499650456843,0.9995883894929745,6.841998601827373e-06,1.0,2194.39033408,1941.7403381,4135.2274380619765
MATSnbbiTCv7Dc3trJrkrqjx7ckKdr6fwPoVwv9q3sD,631WX9JizSHJm4w6VanZeJAst9T8DeUUnPLesdGkCVtK,211maUSfpnXbPuW1iBu8b4dtJv5EbN1j7JJiEX5TZKEP,64140.922087000006,64165.91593400001,63382.23671353894,0.9881715861142129,25.352894685415578,0.9939379723069002,22928.198613,21939.993192,44463.98673583358
HDSBGqAuMRr6X2AfmmbXQPpRgU6VEhtfNVVZ3wUTZXg,DCZ1d8kNLgDcdSd99y4udLgwq46mfDXNS9KXj96kQf5L,Fq8GGYQM5Pz3q7LmVMbrXHJgsxA5ev86kTq8yGgGuYsa,122.13554804500018,122.72746972300047,120.52742926078483,0.9868333273157881,0.04821097170431393,0.9808617829064795,12774.436127712,12123.971436863,24498.179547961718
heyk4SZTeCUV6a65WiVA5bzic3KcxgVf1qxobfeV4tQ,9ZDpBKPqMABtGfq66FbVribaArMvtk63xxy91onZAtDt,DaTP4s6N7xxSPinbNZ3FB52EpRDRt87QShTuN3VPCW52,310.0945575490068,270.9760862950001,58456.76659769744,188.51271386296108,23.38270663907898,177.3745305783048,645.425749156,4481.437709404,916563.8695918804
KZMu9QBEdL97EFgamLbN5DE1AoKBG4HdrKKJo4Vuon3,DD4ACBWyVqdaKWh7v5btsgqQCCMwbKnuL2xd9pv7Gyuw,GcYqiJ1MAuYbNTNYXm1F1gQYTfTgkErACAhNU5dpVj9T,1300.6654557499985,1296.9598167700003,1318.2957097908,1.0135547953263935,0.5273182839163201,0.999631236037026,1097.56017619,1988.31913971,3100.023299001039
BkMBnJpvHKtWhUvrgRrLesXfi9RUV3ELgdBaJcdH7hcY,5uerVwBnZQsuVhZ15igs7ZgmcqhHnYWbwoRtLyRqLvR,9YWiQh5d4jCtgMdzcGLv9bWgnLaFtzvDDh2nnhJdzhBX,0.017369529000006878,0.017369529000006878,0.017370872202699953,1.000077330979618,6.948348881079982e-06,0.9926991050887056,1471.600204339,1400.690567607,2862.1782775940674
BkwbeSfcX1h4thMDd7obGkHrPevf3QwgzJ4pCEqG18Lu,35yX27bmurdebhfAb8EPmjLETDiUaEUCn9zHaDPbakH2,2CxECn1ZJFoESyUnQysQU8rRgT3iJ5GRs2Mdd6gZjx5g,1.1979501500000047,0.9373513700000006,2550.295169565505,2128.8825495497413,1.020118067826202,1460.3656755651616,0.94677398,22.56826158,34973.485172997745
BSCNHw8CmxbZ8hCWWzMf5FaG2ajPT6JxfznKUNuRVrn4,7n9kgNL633yGzCYksgnzHyjG73ZLBAwvEae5sbAekbzW,SscdxE99omdG9AiMVwmaEMQySQnCgeAh1sPj2Leutm2,514.7752594100002,506.0914963979999,521.8334635122717,1.013711234122559,0.2087333854049087,0.9855917980974437,2706.264313783,8973.020034868,11587.105487916744
parEAJhzYzHW87y9VoZAQ22dzQ2MD2ekEtTReaxbMcz,3oyc6hpjYSJEquK6dSvG72NXyz3pqLZz5D8AC71pwgQb,Di2vordgFJVZ1aj1aBpvzXtLfZgJsuLLXawGtVFwX6Rz,22.18489954399996,25.814860922999515,3850.845088401459,173.57955940994754,1.5403380353605838,202.6356001975292,1280.960288691,172.247403447,257251.97851257178
AURHmCnNwiW4uA2Qj1XvEh4iKgRUZYXtiY7FKAapUV5Y,BKWm4TRnTeKwfWXRyuzjRHU7iZDkPuXBX5b5V5jSVfGJ,A5Ww74HVrkj9nPeC7pHKLfgeDMEhBCpW1efQdz3TGLEg,0.02462094900010925,0.021248463999995693,4.892809278433688,198.72545442549665,0.001957123711373475,174.94708725346018,286.913482329,1817.917190978,375056.3295862256
7dwD9TF6uikvHXxPFK9AsSim54yJoujQjY9vU6gNFumk,CquVr6atkvwueDYficKjn6SSEWq4F4rH4VSiBbW4GBWU,8BCa6ge3b7ho3TfZuM64Vk1hgbrJ3J7EPiAb9uP86CGd,1.0632211630000006,1.1413210399999996,202.1888836741052,190.1663461095959,0.08087555346964209,209.00205281816275,3.337405082,0.876661492,817.8861813861697
RajgMbScQbqqrdJfR2rxfHJiTiY5b6bJ2tTXiF4aPxy,725ZA3fhyBAKb5iopNRrcbSuQa3LXA1656Q3mBvYPxeg,GLA6i1dSZpUfk2f9Nj8uiG7xyDdAR2reff8oEiZH3617,128699.98631221008,128660.41179633,128784.11324634713,1.000653667001432,51.513645298538854,1.0,99314.63671133,134036.65274309,233416.2081551974
ALLwa5WNZbvQsRKAqe1jdRGemdYQnW8E5k4msbRFcYtu,CGoM82Hbz7QVqTgvQatYtjvDWBvoUJp5qm21P8iMs9yb,3dxNNww8TivyN5FMy5dCNdi3Zcxv6e4kUfSPxfFwpdNq,5.770359652999998,5.641625508,20926.05495194922,3626.473254759746,8.370421980779689,3554.6076601795075,0.574202497,7.994705468,30500.37129561856
BSC8REUo9LpiiWUuqMuLXs2D2yJsJfGd4HdiF3wCLxk5,AZjEH1zWVx1UJ6udMyRijGTzPteuLnaY18yNNmprJEsh,Caf8ypkSVR8xYnXNhjvfvdGCC7mrM3C11rz8Xi6NA6aK,1792.0317519779996,1790.2293580649998,1790.4112990523324,0.9990957454164088,0.716164519620933,0.9955477452224395,3358.731982048,2945.659550638,6288.239557088784
C98Sspw7XqnMsgxea3SLQVdbMDL8pKUc3RE82UvX9eq2,CSqgQJurPCzGxb4Cgwx5R61hWQUiaoUHcShNc8r1cKEL,6S2CR5EnukPhC914XkAns8m5GixjMAoUuZMsS5ubHuWc,37.30953999999997,37.13376000000005,0.0,0.0,0.0,1.0,922.248069,1090.891495,1090.891495
SEQV6QiTpvTzrceiaYg9Avnwf7oc8ZALpnQMz6TyT4A,3dFMPj4r9mMmPHF32mz1gNDX7f8ftidWof7S8YiYTs1j,Fc1ED3YPeQfXQosHbd8DTaBd2AV5gHQtwiSAL5C5pUhi,1493.9811412539998,1497.6927925130003,1480.5903783511644,0.9910368594803041,0.5922361513404658,0.9857072449482505,4271.275920336,1332.509288733,5546.455933928593
Sid7E679i9ABqptiAVhkmQ27YHN8vaYT4fppPwmxFsJ,GP7KB8o1bv527HG8kTzzzf4wJ5aEGHvcMQvVhLziUfmT,9gYxhAZ1M9wu5pxr8SBoa5NDm21gi3s9vMHaYTME77sa,2635.438141000008,8154.116251999978,28.691554715083047,0.010886825332275163,0.011476621886033218,0.030519756644006052,134300.52647,9182.590984,1742.3568159046113
WiiQFxXqp8P9Fs1rt9SVcDyA3KUdJmUsog6wnVQAwba,3S2jpqSYxho6wiz3cafhjXruVY8cg4HYa2v3BqBHYFSj,Dfe67M6TfrG74gKRtdqys4e6E9QirPD53BkF4FujFjuv,42711.790789396,42813.99551879299,42674.486630860716,0.9991266074813105,4.267448663086071,0.9979487940937463,18242.331592168,8469.030565704,26678.057716419335
vEnkoSUkpnbRrPgBz9DfcVxNz67zjwMYBZraAvDDNSf,DtfyjjsZ5yCjWKLKHvwsfXs5QVsmm1QkK6Sh9JZHoq1g,e5wrKCRv4GhHvEf1VD5Pq2KGaZDXP77nTL612Jyrxwy,26121.21670200001,26132.615516,25658.743508993903,0.9822951128853543,2.5658743508993904,0.9933465647095752,4068.992653,2797.09102,6775.432353305314
YAkoNb6HKmSxQN9L8hiBE5tPJRsniSSMzND1boHmZxe,CfWX7o2TswwbxusJ4hCaPobu2jLCb1hfXuXJQjVq3jQF,EnTrdMMpdhugeH6Ban6gYZWXughWxKtVGfCwFn78ZmY3,24806255.206533995,24791006.906326044,24806255.206533995,1.0,2480.6255206533997,0.9802499245207558,291506.509071,960607.559024,1233141.9962983434
FrnkTEL6yZ5Aycq2TrEgu29dCrwKG4LPUZydfiwqspkc,DjvZuMZ46fxKBoBpGMPcRcos4xdTtHFxwMh69DpA2ZFY,9rvDPJLAng4uVVqnnSoEXgNDFhBZQTny9AoQioYDZbQX,22.849259121002092,19.460644378999802,4807.400885642866,210.39635728162855,1.9229603542571465,179.19839896982424,325.771365581,2566.886179573,528523.0023421544
SoNcU2iwHMw6dGzsYNQkYFkUjwN1UdAjrWVRnStrZu2,8ivTTid27jZnYNc4w3CTA1Z6QS2twsFb8WMwUabeDJgc,CyXm53PMvHCbeXJBykU46Rcbo28xk5srhMZFg7gv6EYB,78.62600245900003,77.93648489799996,16473.83066291317,209.5214070116758,6.589532265165268,170.89410256414638,11.74359267,17.970823273,5531.641775168613
Cob4usZcpHEY7Qt4ZCwj6WVg9S44zvzYV2v9qYF65dTf,NhFM9UXE48PyNAyeyPYA3iXztqKVJwA4bTdLj4ysM8w,6TuFuynuBoeskxyR2cz4wxyidk8dpDK7kAWw3UkjQGx,630.8365139999886,3168.2604550000365,6.874949305905043,0.010898147385782375,0.002749979722362017,1.0,68417.107704,212.099938,957.7196614671388
DFWzVTzNBrQZLjoQ4yQwkj9HuoXmfkuZP9V5vbymZe23,DhgiEgiNdqZdRdo195UUHnoEJUtefK8buko8nU97XJUZ,2K2kkXsouBHtWVjtcgkyiXd8eP3oVBvq1bTJzcVdLLr2,5844.651449216999,6378.834557231989,4996.612346327727,0.8549033915439247,1.9986449385310912,0.9952231656679075,67266.673564359,8843.113613704,66307.37889304003
KEVpg4SYCVrqFxKijQH6hm4QxsRdoE51ud64bEEFUC9,2bPenuBYfqzD8p5dFjCcggwkHDsc2RQDnx9AoyYGUBjA,AE6n6iLuX8oYu61vt5hoDYkjswpnxFxrhSehxrnQTnbx,5266.296264163002,5274.873109153,5263.109098975263,0.9993947994894575,2.105243639590105,0.9942994822086015,4857.739913136,2740.347108512,7579.5257175258075
JSoLLrxK5bYdHwTEWYaGgmeycBCNXKDiBCTw5hXGBg7,xG4wXczA7Dk4hccJ61CHKpDHW4NrNfQwgmWgkb9BuF2,BVR6WgfhsRr9Lob4QDnkEAiNGgAbv7ZieKcY9kSg3QYR,94.07266714399998,80.34699589700001,19316.920161594684,205.34041128041656,7.7267680646378745,178.85299428528913,18.975052347,168.0915831,33960.02800458992
BSCuChvaSj9b5HUSqgDVRzcnr2sSn7cXaamt1jbKH6hn,GnKpRj5kBVPMJfiwZtEuD9GYApLzPdW5JFuZTcyX4BTc,3dmwD9okkomV9nDwyuh4UMhKdUR13QpuKxRo89ycZB5t,146.48350189999974,146.40863675800006,146.45943378186806,0.9998356940008977,0.058583773512747225,0.994746742453105,1446.944007476,1648.914507218,3086.958600533979
SoN9GaFpSXfpyR5dth3x7PHPVhvJMpQqqDJfCSmPv1t,9kZ9iS68ViMPtoeqtnhAKuF2iqVyfHPdZHoUNdwCELr,BBhm5fJLjw3HRzjtKB8uMEYjGhY6EDm9co3cqpjrSzB9,79.39017559099999,78.238461466,16574.83799243434,208.77694083741684,6.629935196973736,203.50956311788048,3.399756953,6.150487483,1961.4738768653997
Lee1XZJfJ9Hm2K1qTyeCz1LXNc1YBZaKZszvNY4KCDw,9DgFSWkPDGijNKcLGbr3p5xoJbHsPgXUTr6QvGBJ5vGN,2hNHZg7XBhuhHVZ3JDEi4buq2fPQwuWBdQ9xkH7t1GQX,16684.886172999977,14216.034248419006,3457997.4634270445,207.25328465368185,345.79974634270445,177.60553987199967,7354.148309628,56574.801335825,11572169.527401052
wrmcMSHFi3sWpAEy4rGDvQb3ezh3PhXoV2xNjgLBkKU,8p4mGnARWPBu6P2Gcw4adodLkNDorrXniZMhaY7eJXUn,AyY89zccbsgp9LKFgH4CFZMJmpSgqmPSdTfukhP227rc,0.0461230200000001,0.5776264099999722,13.926032608695683,301.9323671497585,0.005570413043478273,3652.434347492604,49.28388497,0.15804491,15457.648709058882
