0,1,2,3,4,5,6,7,8,9,10,11
iLiUBQ7Z7im6Ew3b4ewwPcehzWgEQRJ1iQz7g6D62NW,GpugBvKWM3TVhYcZjemSdtehBWgfvuGr6uAm9iPjXT6v,92fMXJ3xy8tEyMUWLHKRLyhPw2nECBo77GtDiBBbYrjX,0.016618512999912127,0.016618512999912127,0.016253044696429773,0.9780083631138184,6.5012178785719086e-06,1.0,1865.499763466,1097.901409563,2922.3757796195982
moFiBS1R4Lf3E3zzmBPnw3NF4RhWPkhREFviuzUaCAU,44ALBrpqi9PfZkBRTvbtRNtFJGsatfY4QydjtMbFWq8S,2ho8qEEie1UjVwWNBo9y4oAJZMyMLx8zPj9bxyUz6uWs,1640.957169833,1644.5963031300053,1637.1744651339122,0.9976948181411263,0.6548697860535649,0.9998498275551503,40861.612039245,27484.385040072,68247.67623522315
7dwD9TF6uikvHXxPFK9AsSim54yJoujQjY9vU6gNFumk,CquVr6atkvwueDYficKjn6SSEWq4F4rH4VSiBbW4GBWU,8BCa6ge3b7ho3TfZuM64Vk1hgbrJ3J7EPiAb9uP86CGd,1.4154249309999993,1.4664702009999973,266.94536278770977,188.59732998987985,0.10677814511508392,197.4900203355474,2.974788138,1.215050837,800.9975146202202
JSoLLrxK5bYdHwTEWYaGgmeycBCNXKDiBCTw5hXGBg7,xG4wXczA7Dk4hccJ61CHKpDHW4NrNfQwgmWgkb9BuF2,BVR6WgfhsRr9Lob4QDnkEAiNGgAbv7ZieKcY9kSg3QYR,31.355770272000004,26.566705711999987,6020.4620160516115,192.00491532583234,2.408184806420645,168.37202269856914,17.566441627,169.678277725,31941.917965736127
ZUCKWFa4LTL833dPhhpeeRWZcaAEoMeYJPi2iKn4F8N,7eEYpq6ShaJ9opZWMxitRFrdCHh6vfyHhGfoSvFht3N2,H8VggnHmuwd1wvwpT8eg9cUJFEfZ7HAaeYjgXrSm7A2u,0.032080951999887475,0.032080951999887475,0.03209631952509817,1.0004790233535075,1.283852781003927e-05,0.9993084655508286,1916.072738944,1930.384487349,3846.0401425088257
SRMuKizofcAMicegrfSv7xs9q76tH1w8aAF7oX9FEWu,72Hj2KWntXPfbie4UgKeTPnm1XVkomDfCnRPKbvfTtPi,6aqJQ5wedqpUt4fFEDUqUmXhrdxCu4bEJsQdVPCADLko,112.97923699999956,112.45965500000057,8.395012995713488,0.07430580360277633,0.0033580051982853958,0.07402057090882012,17977.853421,4975.376863,1704.1390813861212
heyk4SZTeCUV6a65WiVA5bzic3KcxgVf1qxobfeV4tQ,9ZDpBKPqMABtGfq66FbVribaArMvtk63xxy91onZAtDt,DaTP4s6N7xxSPinbNZ3FB52EpRDRt87QShTuN3VPCW52,113.39152604200251,99.38772704400094,21692.083317216577,191.30250799501007,8.676833326886632,168.31622174517665,658.784232695,4492.736557066,882227.5185239041
AUSejoEUCh2DBs9mof6BNC8Pubs22w4cJa1ccV9h44R,4xkyD7AfGQDwsQMy9MosRRNGoVJ1zosNinesxg1TzHG7,Cbm5gsQe3nSiCsFrvepVzMCD9xLK3ri9g3ypS2hdmVJ7,689.3599880000038,689.374308000004,689.1539309746423,0.999701089374277,0.06891539309746424,1.0,14500.424433,14354.353971,28850.444073059483
ionytDfEj1mXodptgrsKEZro7DGsfpzANUfarJdm6Qb,3gkSjY95an9xNFSjCfsay6JZez7uv7yfW3Ad4ubc4fMK,9wXqANaSuEqkKL9yHzCPEDGHwbkStVAqV5rB3QDs3Jr6,0.0030684100000000075,0.011981259000000133,3.0365294770207667,989.6100837309092,0.0012146117908083066,3948.3555099301143,3.167492611,0.080182596,3451.1720227058468
SoNcU2iwHMw6dGzsYNQkYFkUjwN1UdAjrWVRnStrZu2,8ivTTid27jZnYNc4w3CTA1Z6QS2twsFb8WMwUabeDJgc,CyXm53PMvHCbeXJBykU46Rcbo28xk5srhMZFg7gv6EYB,20.04267714400001,19.95914255100001,3950.3997656882275,197.09940629716834,1.5801599062752911,197.23527426649682,13.662419036,12.527508423,5163.721240264986
BkwbeSfcX1h4thMDd7obGkHrPevf3QwgzJ4pCEqG18Lu,35yX27bmurdebhfAb8EPmjLETDiUaEUCn9zHaDPbakH2,2CxECn1ZJFoESyUnQysQU8rRgT3iJ5GRs2Mdd6gZjx5g,0.09013927000000188,0.08144456000000089,162.60353567241253,1803.914494452963,0.06504141426896502,1562.4999999999998,1.72798377,21.58093673,36837.34860950748
Lee1XZJfJ9Hm2K1qTyeCz1LXNc1YBZaKZszvNY4KCDw,9DgFSWkPDGijNKcLGbr3p5xoJbHsPgXUTr6QvGBJ5vGN,2hNHZg7XBhuhHVZ3JDEi4buq2fPQwuWBdQ9xkH7t1GQX,7364.867490535224,6280.423128633979,1452923.731778001,197.27764737725286,145.2923731778001,168.19811046242705,7342.919562266,56587.005480969,10966421.294750232
parEAJhzYzHW87y9VoZAQ22dzQ2MD2ekEtTReaxbMcz,3oyc6hpjYSJEquK6dSvG72NXyz3pqLZz5D8AC71pwgQb,Di2vordgFJVZ1aj1aBpvzXtLfZgJsuLLXawGtVFwX6Rz,7.460219925999979,8.655448749000016,1225.6078656733916,164.28575535715314,0.4902431462693567,189.69155394562225,1282.121710689,174.589388063,243752.4660244335
SoN9GaFpSXfpyR5dth3x7PHPVhvJMpQqqDJfCSmPv1t,9kZ9iS68ViMPtoeqtnhAKuF2iqVyfHPdZHoUNdwCELr,BBhm5fJLjw3HRzjtKB8uMEYjGhY6EDm9co3cqpjrSzB9,24.203707781999974,23.946645645999965,4790.292115951638,197.9156317328424,1.9161168463806553,195.2335295625539,38.467470233,41.666511045,15748.013688200992
WiiQFxXqp8P9Fs1rt9SVcDyA3KUdJmUsog6wnVQAwba,3S2jpqSYxho6wiz3cafhjXruVY8cg4HYa2v3BqBHYFSj,Dfe67M6TfrG74gKRtdqys4e6E9QirPD53BkF4FujFjuv,1343.928202772,1346.3406415360041,1339.1620073416145,0.9964535341839283,0.13391620073416147,1.0,21778.482604125,4934.89056506,26636.13652510356
YAkoNb6HKmSxQN9L8hiBE5tPJRsniSSMzND1boHmZxe,CfWX7o2TswwbxusJ4hCaPobu2jLCb1hfXuXJQjVq3jQF,EnTrdMMpdhugeH6Ban6gYZWXughWxKtVGfCwFn78ZmY3,11456027.513098938,11462938.891405938,11456027.513098938,1.0,1145.6027513098938,0.9973351205578693,911500.122509,331305.560091,1241922.79322385
RajgMbScQbqqrdJfR2rxfHJiTiY5b6bJ2tTXiF4aPxy,725ZA3fhyBAKb5iopNRrcbSuQa3LXA1656Q3mBvYPxeg,GLA6i1dSZpUfk2f9Nj8uiG7xyDdAR2reff8oEiZH3617,86762.70073492003,86654.99545149997,87076.21079502856,1.003613419792756,34.83048431801142,1.0,49626.80577722,183722.9222511,233529.05051056668
STK75uPSyBnEhGTTzb1nwmP3n427XoXmfRhXxxhyady,6TYyD5fUmDe6N65avW1Ny2RxzRNobw2RRgKwH9CTzSAU,54zDfk4cx2vGrEajPtodWpArNe5eUurytyxd4X3aZAxK,603.8800780860004,672.8864621889977,101702.04176843107,168.41430187724686,10.170204176843107,187.8987210861448,463.815794816,86.305719643,94329.94762691608
MATgk4zXLXtYkwBH678J1xZbRDZ45LicNzkRBHkxTuY,y8dALFo1bJrSzPYjMX14HJX448pXqYmrfXHD1K8MXih,GN7Yuet3UyiWS5YVkEHv6oQKi4HGBJc3XDPt9zQhAqZz,158457.109377,158512.16987500017,158511.47881423324,1.0003431176893673,63.404591525693306,1.0,8610.810462,9709.890853,18323.655836389302
Cob4usZcpHEY7Qt4ZCwj6WVg9S44zvzYV2v9qYF65dTf,NhFM9UXE48PyNAyeyPYA3iXztqKVJwA4bTdLj4ysM8w,6TuFuynuBoeskxyR2cz4wxyidk8dpDK7kAWw3UkjQGx,43.78564799999998,4749.372869000013,0.4216086157057412,0.009628922602806778,0.0001686434462822965,1.0,70050.111093,195.271613,869.7787110325136
Lid8SLUxQ9RmF7XMqUA8c24RitTwzja8VSKngJxRcUa,4PgzyzLtds9bKZ2to9PMnKqJzKEUpjvNUaeN23phegax,AtymwxoVN9peZo7EXTcDz9jKVc4vRmisJKKrNfe3ewBa,1465.1159151150068,1298.370726853005,275635.2824972287,188.13206494695146,27.56352824972287,167.79461000086079,1204.587052047,7510.105280075,1486776.636045553
HEDSDjj84KS7LKhZY7ejkCACTdPen62rKhCby1wXtgxc,EnnjMSFttpCTywBrYNt1J5QQeoSVkvzPipJDa8Y7kJow,6bjVT6JN2rSvpyn9PdfLYC8wJn4LWh49jpY47fnLDXZk,40.27739574000043,41.466087769993464,38.93383955108394,0.9666424264967516,0.015573535820433578,1.0,38661.290865792,9546.365575536,46918.00958954188
daob129AwBGn9Y5r91uLoWZeYiGzbPmksauMhFZKTze,6VW5GQNyj4LStgmxEHLr5zUfW92vQnmbw8jTnCH7a38F,4VPCCUifPeBA1c7HWK358CHn2nyjm8pdTRk6Ps3KmnMQ,81.30851276399954,73.31986563900006,15055.04937816927,185.1595714444687,6.022019751267708,168.30692990319324,52.189769908,233.872470913,49025.7929981916
SAMGk1Nd4haC8zQA63DG37pzuEZy8j4q13tSFtCbcRE,9U9TnkHD3jXMAVZtynCVLgDruuqN4pTvLJTmVHCLWS8g,C6zoEbvqSknmi96QWq96UBiPCyNW3YSTvKhavR2BfifE,0.32949494000000357,0.1948173999999998,0.7557552737390013,2.2936779355063637,0.00030230210949560053,0.0,53.183535,1.39916845,121.98590076173043
C98Sspw7XqnMsgxea3SLQVdbMDL8pKUc3RE82UvX9eq2,CSqgQJurPCzGxb4Cgwx5R61hWQUiaoUHcShNc8r1cKEL,6S2CR5EnukPhC914XkAns8m5GixjMAoUuZMsS5ubHuWc,172.67579499999943,172.28322000000037,0.0,0.0,0.0,1.0,907.312259,1105.76888,1105.76888
B2izdXFYb2sNwbWWHmh75T4aQFtfXsUxem9u2p61HGzf,4DYwgJtxwuJdAjkj5RJSNH4e7U329V5cNp7d3a1nLrZv,EXNW64GEf1ACC6xY9BtKRiunrs6GoJSXBdxWN2eTPmrF,11126.68882500002,10957.81462299999,11315.7063844458,1.0169877636032283,1.1315706384445803,1.0,8306.801686,31735.458066,40183.37373534067
RoBgmK8CvjdHvPrqdDyVw54VwjZv2TqJ493xnqJAQHx,ExiHJxM7qPAcy27NDHAF6G7vnW7muNHi2sVJpnaNynGQ,6rkPHSqZb7StM4HwS9EuVrmfkV7tRdc7dnsFhyB6cefE,0.6215880000000027,24.52618899999925,0.015220686585712795,0.024486776748767237,1.5220686585712795e-06,0.9423498624640375,6045.078492,23.511981,170.18099952398558
FrnkTEL6yZ5Aycq2TrEgu29dCrwKG4LPUZydfiwqspkc,DjvZuMZ46fxKBoBpGMPcRcos4xdTtHFxwMh69DpA2ZFY,9rvDPJLAng4uVVqnnSoEXgNDFhBZQTny9AoQioYDZbQX,30.134090955998488,25.584282249000296,5985.728558934039,198.63644029197172,2.3942914235736157,168.31950813000054,324.995906788,2567.782189567,496763.86516672303
GokA1R67GqSavkd15zR62QD68Tuc5AEfvjssntVDEbM8,3YB7hfpBdbQEuZqLGWVDpRPmeZWCUsrrWyqGXegnQ6Cg,4DPCj6Z1DsG6HUtwSogBGqXEUxdEV5a8YVrrFtcnz7UW,52401.92501399994,52423.05043000003,52386.36626321977,0.9997030881828097,5.238636626321977,1.0,22098.615209,11727.218719,33819.27258800091
DFWzVTzNBrQZLjoQ4yQwkj9HuoXmfkuZP9V5vbymZe23,DhgiEgiNdqZdRdo195UUHnoEJUtefK8buko8nU97XJUZ,2K2kkXsouBHtWVjtcgkyiXd8eP3oVBvq1bTJzcVdLLr2,64.22247466399676,73.57097657101986,56.02943832038847,0.8724272711932521,0.022411775328155387,1.0,66477.627614437,9522.065887522,67518.96114258646
BSC8REUo9LpiiWUuqMuLXs2D2yJsJfGd4HdiF3wCLxk5,AZjEH1zWVx1UJ6udMyRijGTzPteuLnaY18yNNmprJEsh,Caf8ypkSVR8xYnXNhjvfvdGCC7mrM3C11rz8Xi6NA6aK,869.2948670920009,869.9011575999998,868.8504005876274,0.999488704556763,0.347540160235051,1.0,3367.241816932,2936.410071303,6301.930232837725
CZgvH45CRmoaNJ7395Ao5CQZXkGznvqU7cErD6n7FaRg,4ZjU6MKvtqVQKCiowhvZ5yUsPxXX5SCzd5eFsPeXyey5,BsyWeshjDbCvjDojry3vKDCesmFRM37WtwcR4Kfgzqr,886.07069971,886.46650775,883.5997747917789,0.9972113682135864,0.35343990991671154,1.0,597.64445487,507.77009274,1103.7479372861758
ACUSESXyNnwRLAg1dpSGMLSzUDdLjUMybY8rkXiAKhCP,AhFPQdu8GKBsxuhiH46UmCu1YpaLgNpoP325HnYtsgas,A8wxWpT3aFEr2XqZp1kDmbxbFfcBE95UUmdsNTDBJYbT,704.12563989,703.0672761039998,704.12563989,1.0,0.281650255956,1.0089394761725474,1730.198862027,1153.63054598,2894.1422607847107
TETFuZgEmET6d9vYmz9iMFCxK1jKdKYxf3oPz8hSzJK,Eu1Ze6Z84LWNkq7SNoAHBJbXx5t1P95EwyqYohrfCRFV,ASMbv7WNu3qe4pkhREmvyEdwFNDZQ6B6iSrjkj4u8bdC,38.71599637,39.00800102599993,38.43210086215363,0.9926672297121519,0.015372840344861452,0.9985734150520681,296.790256342,55.532580357,350.0673199823155
ALLwa5WNZbvQsRKAqe1jdRGemdYQnW8E5k4msbRFcYtu,CGoM82Hbz7QVqTgvQatYtjvDWBvoUJp5qm21P8iMs9yb,3dxNNww8TivyN5FMy5dCNdi3Zcxv6e4kUfSPxfFwpdNq,10.62129123,10.448180459999998,42011.277707459856,3955.383276639506,16.804511082983943,3920.584637581156,1.010171839,7.54698397,33584.20621136602
MATSnbbiTCv7Dc3trJrkrqjx7ckKdr6fwPoVwv9q3sD,631WX9JizSHJm4w6VanZeJAst9T8DeUUnPLesdGkCVtK,211maUSfpnXbPuW1iBu8b4dtJv5EbN1j7JJiEX5TZKEP,247875.94394099998,246709.05052600006,247600.11741020498,0.9988872396150688,99.040046964082,0.9960466906846727,22634.989253,22092.038178,44614.50345132226
NorjjEePhxfwLF4vZjUHCrVVKLzQjEEGQFd3wgjEJmh,34M8pFVqgbV7aqHxvRT5tCv3vu2P1JJYT8J3VaxBK2oG,3AZWBSze3ucsY3xSeuLne3b2pauVqiaJ1SZSV5T9WGWw,24.41084299999966,37.46884200000204,15.867249464067973,0.6500082551048398,0.006346899785627189,1.0,37633.895191,2561.880191,27024.222736900334
SEQV6QiTpvTzrceiaYg9Avnwf7oc8ZALpnQMz6TyT4A,3dFMPj4r9mMmPHF32mz1gNDX7f8ftidWof7S8YiYTs1j,Fc1ED3YPeQfXQosHbd8DTaBd2AV5gHQtwiSAL5C5pUhi,101.60449100800008,102.02913355500004,101.00704564579432,0.9941198921791881,0.040402818258317735,0.9985724169070517,4659.380746175,944.822225987,5575.456498760615
KEVpg4SYCVrqFxKijQH6hm4QxsRdoE51ud64bEEFUC9,2bPenuBYfqzD8p5dFjCcggwkHDsc2RQDnx9AoyYGUBjA,AE6n6iLuX8oYu61vt5hoDYkjswpnxFxrhSehxrnQTnbx,236.17278825900007,236.23636764000094,235.68433012796655,0.997931776414064,0.09427373205118662,1.0,5765.797408625,1831.141786649,7585.014237081753
KwnjUuZhTMTSGAaavkLEmSyfobY16JNH4poL9oeeEvE,J63v6qEZmQpDqCD8bd4PXu2Pq5ZbyXrFcSa3Xt1HdAPQ,BnKQtTdLw9qPCDgZkWX3sURkBAoKCUYL1yahh6Mw7mRK,1491.8907509999835,42447.580211999964,52.08669812905625,0.034913212039248596,0.005208669812905626,1.0,270529.743985,770.248321,10215.310635671944
BUSDTd9WiT6uBHJRgNvFXBsA7JrifsAtWzKfioN7ERcy,DyBxrn7gSc1EwnpWhDyhzvMHPtxpmBqRqotapLcKcfTM,Cds99GeBgoCpqBsoRWu1C6fF9LiUMd4pXQQD24s9LPff,7271.617759459998,7305.307981719998,7273.075792964212,1.000200510196279,0.7273075792964213,0.9976833791935127,310.22853953,315.53857156,625.0983318552273
BSCNHw8CmxbZ8hCWWzMf5FaG2ajPT6JxfznKUNuRVrn4,7n9kgNL633yGzCYksgnzHyjG73ZLBAwvEae5sbAekbzW,SscdxE99omdG9AiMVwmaEMQySQnCgeAh1sPj2Leutm2,1320.738191344,1319.1463710860003,1349.3115514343735,1.0216343861922377,0.5397246205737495,1.0,2201.298486857,9492.649513655,11741.571742101052
MNkYtBe2HtgL15osfaMmyqNW3vo4J399FXXCS4a39Wf,2mUxDu8NrhSKhQJMgKfYLxJqZzeEbmwhQdHeHMyohyuk,AZCBmDBcFsA2jHHhfFJBTsWCHx9XnnKmGfFsue3ZVW1t,0.016263380000054894,0.016263380000054894,0.016256683709468128,0.9995882595999882,6.502673483787252e-06,1.0,2194.39033408,1941.70687584,4135.193690766064
ercAoEmXjQzEvAFbdjAo81KtMxRGn9AW1ju882upmPH,CMRhskR2Eg6V42RTSdRTXGdozyPbWB8U9dVpijPWb9T4,7TKLLgrWswt6ZJ1pXhVR3FyufHGjJFqiEXxvWJfDcgRm,10.827537873999972,10.563103784999953,1826.4017530021827,168.68116964872482,0.7305607012008731,162.987389339712,306.701318643,1012.968841837,216835.88417499175
vEnkoSUkpnbRrPgBz9DfcVxNz67zjwMYBZraAvDDNSf,DtfyjjsZ5yCjWKLKHvwsfXs5QVsmm1QkK6Sh9JZHoq1g,e5wrKCRv4GhHvEf1VD5Pq2KGaZDXP77nTL612Jyrxwy,2536.1421220000025,2537.3509170000016,2528.2287659625395,0.9968797663313826,0.2528228765962539,0.9998220316783613,4290.96421,2571.938691,6849.056366388932
BkMBnJpvHKtWhUvrgRrLesXfi9RUV3ELgdBaJcdH7hcY,5uerVwBnZQsuVhZ15igs7ZgmcqhHnYWbwoRtLyRqLvR,9YWiQh5d4jCtgMdzcGLv9bWgnLaFtzvDDh2nnhJdzhBX,0.016263038000033703,0.016263038000033703,0.01626429428665299,1.0000772479667874,6.505717714661197e-06,1.0,1471.600204339,1400.673198078,2872.387080540709
Sid7E679i9ABqptiAVhkmQ27YHN8vaYT4fppPwmxFsJ,GP7KB8o1bv527HG8kTzzzf4wJ5aEGHvcMQvVhLziUfmT,9gYxhAZ1M9wu5pxr8SBoa5NDm21gi3s9vMHaYTME77sa,2297.1536520000036,8335.898250999962,22.049868340278948,0.00959877817536557,0.008819947336111581,0.03353758842604408,139600.900597,7540.952888,1592.9034522097943
BUSDgu5JdqP1rndBvXvanbEufS94FNh1w5FJcAj6vawb,Bgzr8cWubt89JQFXndVjtdKmDbGzuPxNhvjH1EhWCwbo,Dxaf8xPBBQsasRKW5Aa4Sw2YrbfGofY9xZueyyF23FBW,14054.101305769998,13789.746115499991,14408.751100994321,1.0252346121255522,5.763500440397729,1.0,2620.55160668,12198.49197377,14885.172183799563
AURHmCnNwiW4uA2Qj1XvEh4iKgRUZYXtiY7FKAapUV5Y,BKWm4TRnTeKwfWXRyuzjRHU7iZDkPuXBX5b5V5jSVfGJ,A5Ww74HVrkj9nPeC7pHKLfgeDMEhBCpW1efQdz3TGLEg,2.48161123699947,2.2059308919999694,470.7052441780875,189.67726981572662,0.18828209767123502,168.57879979986325,286.890678785,1817.94159414,360883.0527338907
MARpDPs5A7XiyCWPNH8GsMWPLxmwNn9SBmKvPa9LzgA,6YjT74rmcfCpw8LSjPNx5JTmZoYLGrTKnf9arfSgZ4SR,F8GSmi3vA8M8TsybLya1LQ4n1aFHCRbZ6k437PeTdXtg,138113.82948600006,145575.7759049979,130273.20629210351,0.9432307161196243,52.10928251684141,1.0,374598.360151,18575.257219,371907.9367214647
ALBpShJ9NLpE739pcHDF2LNVk5J4VYPvvKuV6jMPitZi,D6d156U1bPiJpDYRLextvDRccgFk7QzkQbJg42ceKEu5,GNcM8U5g8RwTZffwwm3kSQqUNPSwv5d2fbN9sLxPJqt2,4615.602931000023,4618.4489570000005,4611.788981512313,0.9991736833638581,1.8447155926049252,0.9997480634880012,52807.675115,47404.879678,100156.9759124987
BSCuChvaSj9b5HUSqgDVRzcnr2sSn7cXaamt1jbKH6hn,GnKpRj5kBVPMJfiwZtEuD9GYApLzPdW5JFuZTcyX4BTc,3dmwD9okkomV9nDwyuh4UMhKdUR13QpuKxRo89ycZB5t,362.9732816359997,363.23852071700026,363.01267794988684,1.000108537779171,0.14520507117995476,0.9986753011547316,1603.707013372,1492.023364514,3093.927959055587
KysFMBBoavfov2tLpvefWW6tPFt6rAeZWDJVy1mMQae,B8ka2V21TH3x64dFV8ETcjuQcwmrciJ2qzy1mJUttRew,7fSf7EYxBANyxzk2s5pymFgshA91tFYQNKKs5UnLWcYS,245.72802199999614,332.0946490000083,6.002276550187077,0.024426504154203346,0.002400910620074831,0.03480733703857436,134974.449735,2266.113624,3375.8313378415614
KEN5P7p3asnb23Sw6yAmJRGvijfAzso3RqfyLAQhznt,9zj4aX38Uxf3h6AUjS4EipWS8mwbEofasHAf3a1uKGds,CwQDG1MWunn9cLNwcZLd8YBacweSR7ARo32w4mLua1Yr,296764.43022299884,296810.5054670002,296357.82728396525,0.9986298798049077,29.635782728396528,1.0,2007782.38257,1941356.973167,3946388.4525472904
KZMu9QBEdL97EFgamLbN5DE1AoKBG4HdrKKJo4Vuon3,DD4ACBWyVqdaKWh7v5btsgqQCCMwbKnuL2xd9pv7Gyuw,GcYqiJ1MAuYbNTNYXm1F1gQYTfTgkErACAhNU5dpVj9T,285.3805913200006,289.1451180399995,281.5890010526073,0.9867139168439742,0.1126356004210429,1.0,1998.02230509,1087.4112004,3058.88761499698
SAMyS8Jr2HJrkFwYVKbpUwsNStnQmvz3f8Tup8bWUWF,6jPzm5TFfquvgm25sTyN3MMGBfufRaFHMxobDWv6hMFW,Cj9ECoDmxsHTDzCY5ZA6RWrPbg9uFzEC1Qc2kso2vJG6,6279.2870447899595,244.806722750002,6195.859914952325,0.9867139168439742,2.47834396598093,0.03515608122334444,700.3051097,110965.02184661,4592.0961187675475
SERgf3DMJpQxUifu7VoFKmfne73d2fDJxSrxUMrcNJB,AJfM2GZ2tTB8UtN2krcyR9xufRJEx2mhSCbJyMgPo3GU,F4yRYkufQvERZcEKnKjJwRLU1btiMBUuEwq46hfm11QD,2.223364611000001,2.2129025490000025,370.94692424814247,166.84034746838125,0.14837876969925698,168.8083665477862,26.082027007,31.159012226,9611.436405641143
wrmcMSHFi3sWpAEy4rGDvQb3ezh3PhXoV2xNjgLBkKU,8p4mGnARWPBu6P2Gcw4adodLkNDorrXniZMhaY7eJXUn,AyY89zccbsgp9LKFgH4CFZMJmpSgqmPSdTfukhP227rc,0.03184856999999619,0.38185423000000396,8.97648534385462,281.8489289740699,0.0035905941375418485,3948.8232506713,49.48563878,0.1422182,14509.06882456932
