0,1,2,3,4,5,6,7,8,9,10,11
STK75uPSyBnEhGTTzb1nwmP3n427XoXmfRhXxxhyady,6TYyD5fUmDe6N65avW1Ny2RxzRNobw2RRgKwH9CTzSAU,54zDfk4cx2vGrEajPtodWpArNe5eUurytyxd4X3aZAxK,401.21653984200066,447.4315191360027,57970.89984292739,144.48781165840364,5.7970899842927395,161.20418234578844,470.57620904,87.647288232,82121.6360969623
KwnjUuZhTMTSGAaavkLEmSyfobY16JNH4poL9oeeEvE,J63v6qEZmQpDqCD8bd4PXu2Pq5ZbyXrFcSa3Xt1HdAPQ,BnKQtTdLw9qPCDgZkWX3sURkBAoKCUYL1yahh6Mw7mRK,1514.093276999972,45388.55969600033,50.853996489945985,0.033587096160091416,0.005085399648994599,1.0,270904.0534,756.537276,9855.41776770434
AURHmCnNwiW4uA2Qj1XvEh4iKgRUZYXtiY7FKAapUV5Y,BKWm4TRnTeKwfWXRyuzjRHU7iZDkPuXBX5b5V5jSVfGJ,A5Ww74HVrkj9nPeC7pHKLfgeDMEhBCpW1efQdz3TGLEg,1.912900491000073,1.7011596499999655,309.03791331529516,161.55462072871796,0.12361516532611808,144.16417647079177,286.82736257,1818.137314271,308448.55439731065
HDSBGqAuMRr6X2AfmmbXQPpRgU6VEhtfNVVZ3wUTZXg,DCZ1d8kNLgDcdSd99y4udLgwq46mfDXNS9KXj96kQf5L,Fq8GGYQM5Pz3q7LmVMbrXHJgsxA5ev86kTq8yGgGuYsa,497.9737826689998,498.8144633389984,495.2699263392105,0.9945702837701668,0.19810797053568419,0.9996396469011662,12686.379535834,12211.58386728,24824.679480162216
WiiQFxXqp8P9Fs1rt9SVcDyA3KUdJmUsog6wnVQAwba,3S2jpqSYxho6wiz3cafhjXruVY8cg4HYa2v3BqBHYFSj,Dfe67M6TfrG74gKRtdqys4e6E9QirPD53BkF4FujFjuv,7139.616745154999,7162.073650868004,7114.744090731146,0.9965162479567643,0.7114744090731147,0.9999489666045405,21692.72251798,5019.738347506,26636.63262479845
TETFuZgEmET6d9vYmz9iMFCxK1jKdKYxf3oPz8hSzJK,Eu1Ze6Z84LWNkq7SNoAHBJbXx5t1P95EwyqYohrfCRFV,ASMbv7WNu3qe4pkhREmvyEdwFNDZQ6B6iSrjkj4u8bdC,6.0124725040000015,6.058875393000051,5.950980975918964,0.9897726720512853,0.0023803923903675853,0.9994812692212742,309.808437876,42.576173927,349.19401373570685
MATSnbbiTCv7Dc3trJrkrqjx7ckKdr6fwPoVwv9q3sD,631WX9JizSHJm4w6VanZeJAst9T8DeUUnPLesdGkCVtK,211maUSfpnXbPuW1iBu8b4dtJv5EbN1j7JJiEX5TZKEP,37934.61278300002,37927.248909000016,37908.418066116334,0.9993094771512885,15.163367226446534,1.000123015130861,24152.874665,20375.257351,44513.96036913111
oKQqupM9E7SSLAFDLxr7mdsXP7znck9qRbVWc6Yyj7Q,CMR2J7CwfW98RpvnJmFBgRFTLAd3x8CJ1SWs8Bt3uunG,FmRb5jHfSNj1YWP3b45d9vvYuhwjp4om8bALmtqZpr1v,1.509096619999582,1.4576070000000527,1.4577047718041012,0.9659452897088227,0.0005830819087216405,1.0,4450.44914289,1456.91288766,5755.8032743232625
BUSDTd9WiT6uBHJRgNvFXBsA7JrifsAtWzKfioN7ERcy,DyBxrn7gSc1EwnpWhDyhzvMHPtxpmBqRqotapLcKcfTM,Cds99GeBgoCpqBsoRWu1C6fF9LiUMd4pXQQD24s9LPff,5020.611408410001,5026.589580360001,5023.432517877715,1.0005619055605437,0.5023432517877715,0.9994812692212742,327.13901894,296.38730123,623.5563961882417
B2izdXFYb2sNwbWWHmh75T4aQFtfXsUxem9u2p61HGzf,4DYwgJtxwuJdAjkj5RJSNH4e7U329V5cNp7d3a1nLrZv,EXNW64GEf1ACC6xY9BtKRiunrs6GoJSXBdxWN2eTPmrF,9209.725609999992,9090.453837000006,9116.780037517501,0.989907889070922,0.9116780037517501,1.0,9746.572273,30270.307794,39918.516578442606
7dwD9TF6uikvHXxPFK9AsSim54yJoujQjY9vU6gNFumk,CquVr6atkvwueDYficKjn6SSEWq4F4rH4VSiBbW4GBWU,8BCa6ge3b7ho3TfZuM64Vk1hgbrJ3J7EPiAb9uP86CGd,0.3100337880000008,0.3119193639999993,52.1356010184506,168.16102965671104,0.02085424040738024,169.2130981767627,2.259188305,1.912502308,703.527872364089
SRMuKizofcAMicegrfSv7xs9q76tH1w8aAF7oX9FEWu,72Hj2KWntXPfbie4UgKeTPnm1XVkomDfCnRPKbvfTtPi,6aqJQ5wedqpUt4fFEDUqUmXhrdxCu4bEJsQdVPCADLko,7953.521322999998,7957.907110999999,604.0765027592174,0.07595082457531717,0.24163060110368698,0.07613090556950866,18090.832658,4861.769268,1744.144554672024
BUSDgu5JdqP1rndBvXvanbEufS94FNh1w5FJcAj6vawb,Bgzr8cWubt89JQFXndVjtdKmDbGzuPxNhvjH1EhWCwbo,Dxaf8xPBBQsasRKW5Aa4Sw2YrbfGofY9xZueyyF23FBW,12402.434566490005,12302.719914759997,12611.765020655801,1.0168781744457966,5.044706008262321,1.0,3162.73949215,11627.25317558,14843.373936605118
SoNcU2iwHMw6dGzsYNQkYFkUjwN1UdAjrWVRnStrZu2,8ivTTid27jZnYNc4w3CTA1Z6QS2twsFb8WMwUabeDJgc,CyXm53PMvHCbeXJBykU46Rcbo28xk5srhMZFg7gv6EYB,21.207536675999982,20.959282239000025,3589.2088295653803,169.24213709493165,1.435683531826152,165.51443790717587,10.69680169,13.98341227,4124.806199989633
ALBpShJ9NLpE739pcHDF2LNVk5J4VYPvvKuV6jMPitZi,D6d156U1bPiJpDYRLextvDRccgFk7QzkQbJg42ceKEu5,GNcM8U5g8RwTZffwwm3kSQqUNPSwv5d2fbN9sLxPJqt2,3418.2634340000004,3420.8140219999987,3412.796134592383,0.9984005622991966,1.3651184538369534,1.000401160865507,53096.180596,47112.656006,100142.8123228458
JSoLLrxK5bYdHwTEWYaGgmeycBCNXKDiBCTw5hXGBg7,xG4wXczA7Dk4hccJ61CHKpDHW4NrNfQwgmWgkb9BuF2,BVR6WgfhsRr9Lob4QDnkEAiNGgAbv7ZieKcY9kSg3QYR,27.28383714499995,23.592440692999975,4549.750923662974,166.75627036927844,1.8199003694651896,144.28706893516718,18.432627394,168.601138095,27400.720232190943
BSCNHw8CmxbZ8hCWWzMf5FaG2ajPT6JxfznKUNuRVrn4,7n9kgNL633yGzCYksgnzHyjG73ZLBAwvEae5sbAekbzW,SscdxE99omdG9AiMVwmaEMQySQnCgeAh1sPj2Leutm2,5902.883855658997,5861.792835128999,6007.334363438945,1.0176948268565056,2.4029337453755786,0.9999489666045405,2452.640042887,9235.479960854,11731.047726740117
heyk4SZTeCUV6a65WiVA5bzic3KcxgVf1qxobfeV4tQ,9ZDpBKPqMABtGfq66FbVribaArMvtk63xxy91onZAtDt,DaTP4s6N7xxSPinbNZ3FB52EpRDRt87QShTuN3VPCW52,50.319497061997254,43.97462928100015,8294.646365788867,164.83961188183704,3.3178585463155468,144.33584294874663,650.364700466,4502.205521905,757035.4939391225
YAkoNb6HKmSxQN9L8hiBE5tPJRsniSSMzND1boHmZxe,CfWX7o2TswwbxusJ4hCaPobu2jLCb1hfXuXJQjVq3jQF,EnTrdMMpdhugeH6Ban6gYZWXughWxKtVGfCwFn78ZmY3,7495072.281257005,7509569.091272061,7495072.281257005,1.0,749.5072281257005,1.0004602116973809,1054753.584461,185080.216193,1239918.976734446
BSCuChvaSj9b5HUSqgDVRzcnr2sSn7cXaamt1jbKH6hn,GnKpRj5kBVPMJfiwZtEuD9GYApLzPdW5JFuZTcyX4BTc,3dmwD9okkomV9nDwyuh4UMhKdUR13QpuKxRo89ycZB5t,17.31754828599992,17.31882699999983,17.33779119749046,1.0011689247898277,0.0069351164789961854,0.9994812692212742,1577.15487396,1518.319773047,3096.530623238342
SEQV6QiTpvTzrceiaYg9Avnwf7oc8ZALpnQMz6TyT4A,3dFMPj4r9mMmPHF32mz1gNDX7f8ftidWof7S8YiYTs1j,Fc1ED3YPeQfXQosHbd8DTaBd2AV5gHQtwiSAL5C5pUhi,432.4078691259999,433.68439875700005,430.4637300534699,0.9955039230057038,0.17218549202138794,0.9994812692212742,4607.915909306,995.813120924,5582.494926602835
GokA1R67GqSavkd15zR62QD68Tuc5AEfvjssntVDEbM8,3YB7hfpBdbQEuZqLGWVDpRPmeZWCUsrrWyqGXegnQ6Cg,4DPCj6Z1DsG6HUtwSogBGqXEUxdEV5a8YVrrFtcnz7UW,35049.61258199999,35042.12167499998,35045.82763261566,0.9998920116627404,3.504582763261567,1.0,19346.279016,14458.711059,33802.900902496905
KZMu9QBEdL97EFgamLbN5DE1AoKBG4HdrKKJo4Vuon3,DD4ACBWyVqdaKWh7v5btsgqQCCMwbKnuL2xd9pv7Gyuw,GcYqiJ1MAuYbNTNYXm1F1gQYTfTgkErACAhNU5dpVj9T,254.02551975999995,257.3829011499988,250.9812427757515,0.9880158616066423,0.1003924971103006,1.0,1963.97892971,1119.74808871,3060.190423124717
ercAoEmXjQzEvAFbdjAo81KtMxRGn9AW1ju882upmPH,CMRhskR2Eg6V42RTSdRTXGdozyPbWB8U9dVpijPWb9T4,7TKLLgrWswt6ZJ1pXhVR3FyufHGjJFqiEXxvWJfDcgRm,0.0009081789999640932,0.0009285840000075041,0.1311978589441742,144.4625552334522,5.247914357766969e-05,140.95670416161983,327.250942215,1012.554710186,190001.8820460764
RajgMbScQbqqrdJfR2rxfHJiTiY5b6bJ2tTXiF4aPxy,725ZA3fhyBAKb5iopNRrcbSuQa3LXA1656Q3mBvYPxeg,GLA6i1dSZpUfk2f9Nj8uiG7xyDdAR2reff8oEiZH3617,138980.02298871,138999.96635863,138930.07068179635,0.9996405792297379,55.57202827271855,1.0,126632.5345607,105893.77107861,232480.79127619797
AUSejoEUCh2DBs9mof6BNC8Pubs22w4cJa1ccV9h44R,4xkyD7AfGQDwsQMy9MosRRNGoVJ1zosNinesxg1TzHG7,Cbm5gsQe3nSiCsFrvepVzMCD9xLK3ri9g3ypS2hdmVJ7,2986.6069240000033,2986.7734060000057,2985.278475078593,0.999555197936918,0.2985278475078594,1.0,14627.77405,14225.918232,28847.185817924263
Sid7E679i9ABqptiAVhkmQ27YHN8vaYT4fppPwmxFsJ,GP7KB8o1bv527HG8kTzzzf4wJ5aEGHvcMQvVhLziUfmT,9gYxhAZ1M9wu5pxr8SBoa5NDm21gi3s9vMHaYTME77sa,2044.4098310000018,8367.424074000039,17.101062552732706,0.008364791781679069,0.006840425021093084,0.033995713752418666,141626.360661,6980.352472,1421.9770822553487
BkwbeSfcX1h4thMDd7obGkHrPevf3QwgzJ4pCEqG18Lu,35yX27bmurdebhfAb8EPmjLETDiUaEUCn9zHaDPbakH2,2CxECn1ZJFoESyUnQysQU8rRgT3iJ5GRs2Mdd6gZjx5g,0.0020198900000025777,0.0019681499999995022,3.55364180155274,1759.3244194229414,0.0014214567206210962,1552.7950310559006,1.80779149,21.49003072,36550.10463283664
SAMGk1Nd4haC8zQA63DG37pzuEZy8j4q13tSFtCbcRE,9U9TnkHD3jXMAVZtynCVLgDruuqN4pTvLJTmVHCLWS8g,C6zoEbvqSknmi96QWq96UBiPCyNW3YSTvKhavR2BfifE,0.013537140000003944,0.007377159999999883,0.030048878589322058,2.2197361177703194,1.2019551435728824e-05,0.0,53.55124247,1.18308511,118.86962706213485
ALLwa5WNZbvQsRKAqe1jdRGemdYQnW8E5k4msbRFcYtu,CGoM82Hbz7QVqTgvQatYtjvDWBvoUJp5qm21P8iMs9yb,3dxNNww8TivyN5FMy5dCNdi3Zcxv6e4kUfSPxfFwpdNq,13.018556095000001,13.000685242,50311.31587185036,3864.5849435770597,20.124526348740147,3856.2988785882862,1.359715595,7.185151472,32962.82797994449
wrmcMSHFi3sWpAEy4rGDvQb3ezh3PhXoV2xNjgLBkKU,8p4mGnARWPBu6P2Gcw4adodLkNDorrXniZMhaY7eJXUn,AyY89zccbsgp9LKFgH4CFZMJmpSgqmPSdTfukhP227rc,0.010661370000000003,0.17788386999999517,2.4263472917614934,227.5830678197542,0.0009705389167045976,3868.023053417399,49.70310591,0.12807357,11806.976844461422
FrnkTEL6yZ5Aycq2TrEgu29dCrwKG4LPUZydfiwqspkc,DjvZuMZ46fxKBoBpGMPcRcos4xdTtHFxwMh69DpA2ZFY,9rvDPJLAng4uVVqnnSoEXgNDFhBZQTny9AoQioYDZbQX,260.06009716399956,220.1664127969999,43906.731433939276,168.83301941647255,17.56269257357571,143.92943772957645,324.499889856,2558.043471938,422964.05480855115
MATgk4zXLXtYkwBH678J1xZbRDZ45LicNzkRBHkxTuY,y8dALFo1bJrSzPYjMX14HJX448pXqYmrfXHD1K8MXih,GN7Yuet3UyiWS5YVkEHv6oQKi4HGBJc3XDPt9zQhAqZz,38541.96096100002,38537.275674,38541.9224190776,0.9999990000010001,15.416768967631041,1.0,9586.178665,8500.739904,18086.908982830922
daob129AwBGn9Y5r91uLoWZeYiGzbPmksauMhFZKTze,6VW5GQNyj4LStgmxEHLr5zUfW92vQnmbw8jTnCH7a38F,4VPCCUifPeBA1c7HWK358CHn2nyjm8pdTRk6Ps3KmnMQ,24.90473261999989,22.44736724099996,3877.804275050665,155.70551726929892,1.551121710020266,143.7574960549349,52.996178627,232.94449995,41739.315438994105
Cob4usZcpHEY7Qt4ZCwj6WVg9S44zvzYV2v9qYF65dTf,NhFM9UXE48PyNAyeyPYA3iXztqKVJwA4bTdLj4ysM8w,6TuFuynuBoeskxyR2cz4wxyidk8dpDK7kAWw3UkjQGx,66.5477520000033,7236.799268000005,0.5566580890188444,0.008364791781679069,0.00022266323560753777,1.0,71893.294493,178.361422,779.7338609328795
KEVpg4SYCVrqFxKijQH6hm4QxsRdoE51ud64bEEFUC9,2bPenuBYfqzD8p5dFjCcggwkHDsc2RQDnx9AoyYGUBjA,AE6n6iLuX8oYu61vt5hoDYkjswpnxFxrhSehxrnQTnbx,1997.117501493,1999.213276460001,1995.594384035329,0.9992373420910226,0.7982377536141316,0.9999123556821998,4621.487134216,2973.475931321,7591.177843553357
Lee1XZJfJ9Hm2K1qTyeCz1LXNc1YBZaKZszvNY4KCDw,9DgFSWkPDGijNKcLGbr3p5xoJbHsPgXUTr6QvGBJ5vGN,2hNHZg7XBhuhHVZ3JDEi4buq2fPQwuWBdQ9xkH7t1GQX,5003.725299496939,4264.710210023041,845377.0927563289,168.9495410232294,84.53770927563289,143.8754315004035,7352.584601612,56595.588114687,9384930.454796512
C98Sspw7XqnMsgxea3SLQVdbMDL8pKUc3RE82UvX9eq2,CSqgQJurPCzGxb4Cgwx5R61hWQUiaoUHcShNc8r1cKEL,6S2CR5EnukPhC914XkAns8m5GixjMAoUuZMsS5ubHuWc,83.77537400000006,83.75656400000014,0.0,0.0,0.0,1.0,980.940418,1003.009519,1003.009519
Dg3mAgpwDfVNnbGWcsxL8sUcSkEbjSJQhKAWNigG44Ju,EATxwd8YA2wV93VJcKMmH2Kn2Y9XfJVUB9hHVu3udwEy,GiGvrRi7NMHfHKanG2B8xyCEqe8jaafWins8bhrLVEaa,0.029699047999999978,0.029472162000000024,5.03847824257674,169.6511700501896,0.002015391297030696,168.9464297902564,0.220611611,0.237823851,77.60650847822717
MARpDPs5A7XiyCWPNH8GsMWPLxmwNn9SBmKvPa9LzgA,6YjT74rmcfCpw8LSjPNx5JTmZoYLGrTKnf9arfSgZ4SR,F8GSmi3vA8M8TsybLya1LQ4n1aFHCRbZ6k437PeTdXtg,73824.97029999999,77934.00033900041,68167.9191901657,0.9233721180401981,27.267167676066283,1.0,377989.606543,16440.867987,365465.931577791
KEN5P7p3asnb23Sw6yAmJRGvijfAzso3RqfyLAQhznt,9zj4aX38Uxf3h6AUjS4EipWS8mwbEofasHAf3a1uKGds,CwQDG1MWunn9cLNwcZLd8YBacweSR7ARo32w4mLua1Yr,456840.59390199766,456932.4902029941,456578.51783276163,0.9994263292869892,45.657851783276165,1.0,2059009.16662,1831738.44393,3889566.4172932897
BSC8REUo9LpiiWUuqMuLXs2D2yJsJfGd4HdiF3wCLxk5,AZjEH1zWVx1UJ6udMyRijGTzPteuLnaY18yNNmprJEsh,Caf8ypkSVR8xYnXNhjvfvdGCC7mrM3C11rz8Xi6NA6aK,1163.3864076309997,1164.0418988060005,1162.6311868272915,0.9993508426789633,0.4650524747309166,0.9999489666045405,3262.695556036,3039.489910214,6299.9123480529015
NorjjEePhxfwLF4vZjUHCrVVKLzQjEEGQFd3wgjEJmh,34M8pFVqgbV7aqHxvRT5tCv3vu2P1JJYT8J3VaxBK2oG,3AZWBSze3ucsY3xSeuLne3b2pauVqiaJ1SZSV5T9WGWw,71.51167899999973,108.52978099999746,46.75854626247709,0.6538588789458749,0.018703418504990837,1.0,37599.444747,2584.314349,27169.045140260787
SHRJZYZxBfNz1SL5puXfaymPnndnJTY6MJrTrzpsYMc,BKJWe131yeNE594dMwrLyT25RPsytUgcTdMpph8rbuda,EreMRai79gFEuXwrMnj6kpV4pvVAUqukjSuy87XQTT8K,3.2535559999999997,3.294455,3.00908304778288,0.9248597681376561,0.0012036332191131518,0.9998480231004888,0.001287,0.019393,0.02058034723358094
SAMyS8Jr2HJrkFwYVKbpUwsNStnQmvz3f8Tup8bWUWF,6jPzm5TFfquvgm25sTyN3MMGBfufRaFHMxobDWv6hMFW,Cj9ECoDmxsHTDzCY5ZA6RWrPbg9uFzEC1Qc2kso2vJG6,7769.856938929907,284.5215046699982,7676.184687474201,0.9879441472099219,3.0704738749896805,0.033934277742788406,683.63657418,111431.21403815,4456.7325186664575
BerKDkt6v49dT1bHRedgnpsJS263C1DSJtEGvY9Mg35V,78XKqNb8wbfsMMrvo8WPUpdx7GEkfQutpNVH943aCGFa,DKYQwn4nDvFHCszi5tXbqfVMAP7DaXXp1KGTXEnYnKVH,9.964662555000132,10.002652073999798,10.003471553074275,1.0038946625497789,0.00400138862122971,0.9999489666045405,1340.351451808,2163.710734322,3509.1719812273336
parEAJhzYzHW87y9VoZAQ22dzQ2MD2ekEtTReaxbMcz,3oyc6hpjYSJEquK6dSvG72NXyz3pqLZz5D8AC71pwgQb,Di2vordgFJVZ1aj1aBpvzXtLfZgJsuLLXawGtVFwX6Rz,3.3010931159999473,3.8383809679999104,464.60797833672603,140.7436755070115,0.18584319133469043,164.5832620139198,1284.605269867,172.441585845,209181.06596198148
HEDSDjj84KS7LKhZY7ejkCACTdPen62rKhCby1wXtgxc,EnnjMSFttpCTywBrYNt1J5QQeoSVkvzPipJDa8Y7kJow,6bjVT6JN2rSvpyn9PdfLYC8wJn4LWh49jpY47fnLDXZk,103.68142546500349,105.25135656599741,100.70724582635009,0.9713142481855894,0.04028289833054004,1.0,38650.9827113,9556.348464562,47098.59867842257
vEnkoSUkpnbRrPgBz9DfcVxNz67zjwMYBZraAvDDNSf,DtfyjjsZ5yCjWKLKHvwsfXs5QVsmm1QkK6Sh9JZHoq1g,e5wrKCRv4GhHvEf1VD5Pq2KGaZDXP77nTL612Jyrxwy,18451.311908,18453.602800999997,18411.91041970184,0.9978645698205839,1.8411910419701838,1.0001310171632485,4422.476047,2437.476197,6850.827706398308
SUiuyGR7SFq3xeRVJonq84fjjeFwRSsFekcevJ53tzy,49GjCCPsv7fBqo6t3iKDrP1xxGDS8uWZbVCdfnp2gjMf,CEwj5xEbbJEjYqM8D6Ai8ByGz1mrh8mkAVsE5fzDSSSx,0.07908400000000015,9.020276999999965,0.00066149675275306,0.00836448273674901,2.64598701101224e-07,0.9320854573230692,648.676161,1.629144,6.944341980710256
Lid8SLUxQ9RmF7XMqUA8c24RitTwzja8VSKngJxRcUa,4PgzyzLtds9bKZ2to9PMnKqJzKEUpjvNUaeN23phegax,AtymwxoVN9peZo7EXTcDz9jKVc4vRmisJKKrNfe3ewBa,136.2942035550068,116.86872982499654,22866.336394556336,167.77189196698114,2.2866336394556335,144.05757462650553,1028.220380825,7711.03602522,1283339.626300823
7oAd7xG4m3oC2qeWB1szghTebAZyyGPAFDJ4wwwbRSNi,D9yh4KAysxt9GLacVe4Wwh2XqghhcjTCSTV9HuM7TBJd,HDYfJLpZKaMFb84jM4mRytn7XLR8UFZUnQpSfhJJaNEy,826.1815547180013,16.722129999999993,826.1815547180013,1.0,0.3304726218872005,0.020587121067052194,904.961242636,303958.660361687,7162.594982881049
SERgf3DMJpQxUifu7VoFKmfne73d2fDJxSrxUMrcNJB,AJfM2GZ2tTB8UtN2krcyR9xufRJEx2mhSCbJyMgPo3GU,F4yRYkufQvERZcEKnKjJwRLU1btiMBUuEwq46hfm11QD,4.001404862000001,3.977664251,561.7254051355685,140.38204693308745,0.2246901620542274,143.94951402644065,26.203928038,31.034633884,8145.981521252071
DFWzVTzNBrQZLjoQ4yQwkj9HuoXmfkuZP9V5vbymZe23,DhgiEgiNdqZdRdo195UUHnoEJUtefK8buko8nU97XJUZ,2K2kkXsouBHtWVjtcgkyiXd8eP3oVBvq1bTJzcVdLLr2,31.615424282001186,33.21885207100422,27.243401118306647,0.8617123362097799,0.01089736044732266,1.0,66972.403926235,9092.56455089,66803.511199751
SoN9GaFpSXfpyR5dth3x7PHPVhvJMpQqqDJfCSmPv1t,9kZ9iS68ViMPtoeqtnhAKuF2iqVyfHPdZHoUNdwCELr,BBhm5fJLjw3HRzjtKB8uMEYjGhY6EDm9co3cqpjrSzB9,40.58136512300001,39.97729301699999,6870.095423566581,169.2918757844562,2.748038169426633,166.46829195209042,32.00822559,48.111296488,13427.737900621101
RoBgmK8CvjdHvPrqdDyVw54VwjZv2TqJ493xnqJAQHx,ExiHJxM7qPAcy27NDHAF6G7vnW7muNHi2sVJpnaNynGQ,6rkPHSqZb7StM4HwS9EuVrmfkV7tRdc7dnsFhyB6cefE,0.6676949999999984,25.883410000000367,0.015709109255308495,0.023527372910248742,1.5709109255308497e-06,0.9281560787261987,6035.997927,23.738323,164.0440429052333
KysFMBBoavfov2tLpvefWW6tPFt6rAeZWDJVy1mMQae,B8ka2V21TH3x64dFV8ETcjuQcwmrciJ2qzy1mJUttRew,7fSf7EYxBANyxzk2s5pymFgshA91tFYQNKKs5UnLWcYS,25.88340999998036,17.84215200000017,0.6087904724701927,0.023520489474557437,0.0002435161889880771,0.03377816359946867,134983.0303,2259.948048,3251.203838306662
