0,1,2,3,4,5,6,7,8,9,10,11
Lee1XZJfJ9Hm2K1qTyeCz1LXNc1YBZaKZszvNY4KCDw,9DgFSWkPDGijNKcLGbr3p5xoJbHsPgXUTr6QvGBJ5vGN,2hNHZg7XBhuhHVZ3JDEi4buq2fPQwuWBdQ9xkH7t1GQX,14861.5729925276,12708.32928207597,2656843.641372581,178.77270748583896,265.6843641372581,152.26568290854254,7373.282095615,56561.120699953,9930459.2727408
GokA1R67GqSavkd15zR62QD68Tuc5AEfvjssntVDEbM8,3YB7hfpBdbQEuZqLGWVDpRPmeZWCUsrrWyqGXegnQ6Cg,4DPCj6Z1DsG6HUtwSogBGqXEUxdEV5a8YVrrFtcnz7UW,53805.192972000004,53821.238274999996,53790.13173511417,0.9997200783780541,5.379013173511417,1.0,20686.119756,13135.155151,33815.48441480613
RajgMbScQbqqrdJfR2rxfHJiTiY5b6bJ2tTXiF4aPxy,725ZA3fhyBAKb5iopNRrcbSuQa3LXA1656Q3mBvYPxeg,GLA6i1dSZpUfk2f9Nj8uiG7xyDdAR2reff8oEiZH3617,716947.7788479895,717171.6449097386,716666.2293531258,0.9996072942783697,286.6664917412503,1.0,132154.97160378,101086.31676814,233189.3903584293
SERgf3DMJpQxUifu7VoFKmfne73d2fDJxSrxUMrcNJB,AJfM2GZ2tTB8UtN2krcyR9xufRJEx2mhSCbJyMgPo3GU,F4yRYkufQvERZcEKnKjJwRLU1btiMBUuEwq46hfm11QD,1.7689677600000024,1.759778468000004,269.9105388177798,152.58081290174528,0.10796421552711193,152.59189541717708,24.3346446,32.913699684,8735.36367471637
BSCNHw8CmxbZ8hCWWzMf5FaG2ajPT6JxfznKUNuRVrn4,7n9kgNL633yGzCYksgnzHyjG73ZLBAwvEae5sbAekbzW,SscdxE99omdG9AiMVwmaEMQySQnCgeAh1sPj2Leutm2,792.7279501810026,782.6297263390006,810.1305550139375,1.021952808436944,0.324052222005575,1.0,2206.662377419,9486.934732098,11742.03954597349
iLiUBQ7Z7im6Ew3b4ewwPcehzWgEQRJ1iQz7g6D62NW,GpugBvKWM3TVhYcZjemSdtehBWgfvuGr6uAm9iPjXT6v,92fMXJ3xy8tEyMUWLHKRLyhPw2nECBo77GtDiBBbYrjX,62.43251993099989,61.433311,61.05947884944327,0.9780075979141305,0.024423791539777313,0.9997876091194691,1865.499763466,1097.88479105,2922.124552909269
MATgk4zXLXtYkwBH678J1xZbRDZ45LicNzkRBHkxTuY,y8dALFo1bJrSzPYjMX14HJX448pXqYmrfXHD1K8MXih,GN7Yuet3UyiWS5YVkEHv6oQKi4HGBJc3XDPt9zQhAqZz,284068.9539419998,284139.71410799975,284068.9539419998,1.0,113.62758157679993,1.0,9677.392761,8585.607534,18263.000294999998
ALLwa5WNZbvQsRKAqe1jdRGemdYQnW8E5k4msbRFcYtu,CGoM82Hbz7QVqTgvQatYtjvDWBvoUJp5qm21P8iMs9yb,3dxNNww8TivyN5FMy5dCNdi3Zcxv6e4kUfSPxfFwpdNq,6.038873877000003,5.720147300999998,24556.2535662004,4066.363044892648,9.822501426480162,4018.420439293722,0.924307526,7.62949394,34417.08435580614
vEnkoSUkpnbRrPgBz9DfcVxNz67zjwMYBZraAvDDNSf,DtfyjjsZ5yCjWKLKHvwsfXs5QVsmm1QkK6Sh9JZHoq1g,e5wrKCRv4GhHvEf1VD5Pq2KGaZDXP77nTL612Jyrxwy,5876.801859000004,5875.767755000003,5876.73721489064,0.9999890001209987,0.587673721489064,0.9995571961621003,3424.929073,3437.483784,6860.853052182336
KysFMBBoavfov2tLpvefWW6tPFt6rAeZWDJVy1mMQae,B8ka2V21TH3x64dFV8ETcjuQcwmrciJ2qzy1mJUttRew,7fSf7EYxBANyxzk2s5pymFgshA91tFYQNKKs5UnLWcYS,236.92373200001293,324.0589399999808,5.963738563808101,0.025171554210566695,0.0023854954255232404,0.03636315636997228,134998.975924,2249.088942,3479.918013729876
parEAJhzYzHW87y9VoZAQ22dzQ2MD2ekEtTReaxbMcz,3oyc6hpjYSJEquK6dSvG72NXyz3pqLZz5D8AC71pwgQb,Di2vordgFJVZ1aj1aBpvzXtLfZgJsuLLXawGtVFwX6Rz,8.394282172999993,9.778030556999965,1252.2112739381876,149.1743127203771,0.5008845095752751,169.99546112118807,1283.72022545,173.210089514,220943.011394526
SEQV6QiTpvTzrceiaYg9Avnwf7oc8ZALpnQMz6TyT4A,3dFMPj4r9mMmPHF32mz1gNDX7f8ftidWof7S8YiYTs1j,Fc1ED3YPeQfXQosHbd8DTaBd2AV5gHQtwiSAL5C5pUhi,143.7730370889999,144.2549999339999,143.3887230487665,0.9973269394038363,0.0573554892195066,0.9992355847776452,4557.35161262,1046.426716995,5590.796348084893
MATSnbbiTCv7Dc3trJrkrqjx7ckKdr6fwPoVwv9q3sD,631WX9JizSHJm4w6VanZeJAst9T8DeUUnPLesdGkCVtK,211maUSfpnXbPuW1iBu8b4dtJv5EbN1j7JJiEX5TZKEP,161678.47767800005,160786.11027999996,161262.5814803622,0.9974276341315745,64.50503259214487,1.0005282789312757,20525.059604,24113.03482,44598.03486949179
Sid7E679i9ABqptiAVhkmQ27YHN8vaYT4fppPwmxFsJ,GP7KB8o1bv527HG8kTzzzf4wJ5aEGHvcMQvVhLziUfmT,9gYxhAZ1M9wu5pxr8SBoa5NDm21gi3s9vMHaYTME77sa,9693.847133000003,25945.414039000098,89.75178973344255,0.009258634730055478,0.03590071589337702,0.036018883259737754,141020.061323,7166.260071,1563.77392230595
BSC8REUo9LpiiWUuqMuLXs2D2yJsJfGd4HdiF3wCLxk5,AZjEH1zWVx1UJ6udMyRijGTzPteuLnaY18yNNmprJEsh,Caf8ypkSVR8xYnXNhjvfvdGCC7mrM3C11rz8Xi6NA6aK,2107.374263478001,2103.2762549700005,2107.046436551124,0.9998444382032378,0.8428185746204495,1.0,3283.786709286,3019.274514279,6302.55039180432
BUSD5rCfUDpCxKGMvYU2yThChxgHoioK74PTPociGnv2,CcFHbafgYDZ8yA8Me1PdtDiVb2eeaS61LbqyKKK5CsNZ,26R9s4nmF3CFDTkiePDwRmtscn8i7r2eygbSijditJ58,3.143812500000003,3.1426667200000082,3.1414234474682035,0.9992400779207413,0.00031414234474682034,0.9998366166984652,98.87256767,47.26447798,146.0541879763369
wrmcMSHFi3sWpAEy4rGDvQb3ezh3PhXoV2xNjgLBkKU,8p4mGnARWPBu6P2Gcw4adodLkNDorrXniZMhaY7eJXUn,AyY89zccbsgp9LKFgH4CFZMJmpSgqmPSdTfukhP227rc,0.008721840000000036,0.131294969999999,2.3517496885667697,269.6391688642259,0.0009406998754267079,4067.5208460443364,49.56952034,0.13644488,13920.876659211957
JSoLLrxK5bYdHwTEWYaGgmeycBCNXKDiBCTw5hXGBg7,xG4wXczA7Dk4hccJ61CHKpDHW4NrNfQwgmWgkb9BuF2,BVR6WgfhsRr9Lob4QDnkEAiNGgAbv7ZieKcY9kSg3QYR,31.37550103900014,27.070863142999976,5510.119322077381,175.61852845722635,2.2040477288309526,152.11610231085655,18.233445675,168.884730341,28892.217817441255
KZMu9QBEdL97EFgamLbN5DE1AoKBG4HdrKKJo4Vuon3,DD4ACBWyVqdaKWh7v5btsgqQCCMwbKnuL2xd9pv7Gyuw,GcYqiJ1MAuYbNTNYXm1F1gQYTfTgkErACAhNU5dpVj9T,993.559278200001,1001.1274336799986,981.981092649761,0.9883467591674894,0.3927924370599044,0.9998366166984652,1951.56400077,1133.13002477,3061.7668457144546
MARpDPs5A7XiyCWPNH8GsMWPLxmwNn9SBmKvPa9LzgA,6YjT74rmcfCpw8LSjPNx5JTmZoYLGrTKnf9arfSgZ4SR,F8GSmi3vA8M8TsybLya1LQ4n1aFHCRbZ6k437PeTdXtg,157522.58964900018,164360.64791599993,148712.27937000367,0.9440695439388846,59.48491174800147,1.0,374034.819197,19063.834222,372178.71539857495
KEnkcdADoLR5jS2CLLLesy8TtFsyWL37BhXNfDMzWzP,3qsjFRuw1qeLMPo4DLwaQevenGAGBj9dA3Q6rb8ax2YR,77iEv8zPQAEyCcEbvBRSB6AFcUdfkhiqnAKtPxk76rNN,0.08376899999999998,6.9497189999999875,0.0007755865727020172,0.009258634730055478,3.102346290808069e-07,0.9977699840855687,116.710029,0.319297,1.399160490453752
BUSDTd9WiT6uBHJRgNvFXBsA7JrifsAtWzKfioN7ERcy,DyBxrn7gSc1EwnpWhDyhzvMHPtxpmBqRqotapLcKcfTM,Cds99GeBgoCpqBsoRWu1C6fF9LiUMd4pXQQD24s9LPff,4191.811988519999,4176.21688223,4186.440659560563,0.998718614056607,0.41864406595605635,0.9999470028088511,358.33625255,266.76038496,624.6233329218617
heyk4SZTeCUV6a65WiVA5bzic3KcxgVf1qxobfeV4tQ,9ZDpBKPqMABtGfq66FbVribaArMvtk63xxy91onZAtDt,DaTP4s6N7xxSPinbNZ3FB52EpRDRt87QShTuN3VPCW52,100.72348772799796,87.8604409779997,17508.84281160132,173.8307837282566,7.003537124640529,152.10363124604055,652.506359381,4499.862915242,797871.1813565728
FrnkTEL6yZ5Aycq2TrEgu29dCrwKG4LPUZydfiwqspkc,DjvZuMZ46fxKBoBpGMPcRcos4xdTtHFxwMh69DpA2ZFY,9rvDPJLAng4uVVqnnSoEXgNDFhBZQTny9AoQioYDZbQX,364.4525131619971,309.88611558800005,65312.58395409229,179.2073907995284,26.125033581636913,152.31389945058854,325.946087587,2566.647965627,449348.10805934935
YAkoNb6HKmSxQN9L8hiBE5tPJRsniSSMzND1boHmZxe,CfWX7o2TswwbxusJ4hCaPobu2jLCb1hfXuXJQjVq3jQF,EnTrdMMpdhugeH6Ban6gYZWXughWxKtVGfCwFn78ZmY3,13471117.27190395,13477014.307925984,13471117.27190395,1.0,1347.1117271903952,0.9998360268915897,985425.505488,256230.072949,1241613.5635954703
STK75uPSyBnEhGTTzb1nwmP3n427XoXmfRhXxxhyady,6TYyD5fUmDe6N65avW1Ny2RxzRNobw2RRgKwH9CTzSAU,54zDfk4cx2vGrEajPtodWpArNe5eUurytyxd4X3aZAxK,1432.343669451002,1590.866977703994,218213.37845818384,152.3470819973129,21.821337845818384,169.8500818252769,458.157054947,85.950687526,84397.6217268879
daob129AwBGn9Y5r91uLoWZeYiGzbPmksauMhFZKTze,6VW5GQNyj4LStgmxEHLr5zUfW92vQnmbw8jTnCH7a38F,4VPCCUifPeBA1c7HWK358CHn2nyjm8pdTRk6Ps3KmnMQ,28.942763136000032,26.152368804000027,4864.979147805611,168.08965767868855,1.9459916591222448,152.4997453254253,53.413363148,232.513642001,44436.50511685441
HEDSDjj84KS7LKhZY7ejkCACTdPen62rKhCby1wXtgxc,EnnjMSFttpCTywBrYNt1J5QQeoSVkvzPipJDa8Y7kJow,6bjVT6JN2rSvpyn9PdfLYC8wJn4LWh49jpY47fnLDXZk,5.3152313720001985,5.473061980002967,5.166012882495778,0.9719262475965808,0.0020664051529983114,1.0,38646.566351754,9560.65417445,47122.266391202545
SAMyS8Jr2HJrkFwYVKbpUwsNStnQmvz3f8Tup8bWUWF,6jPzm5TFfquvgm25sTyN3MMGBfufRaFHMxobDWv6hMFW,Cj9ECoDmxsHTDzCY5ZA6RWrPbg9uFzEC1Qc2kso2vJG6,5050.615883899925,178.2435731899991,4991.759840652336,0.9883467591674894,1.9967039362609347,0.03636422424752058,713.65474488,110593.32557876,4726.978845891732
KwnjUuZhTMTSGAaavkLEmSyfobY16JNH4poL9oeeEvE,J63v6qEZmQpDqCD8bd4PXu2Pq5ZbyXrFcSa3Xt1HdAPQ,BnKQtTdLw9qPCDgZkWX3sURkBAoKCUYL1yahh6Mw7mRK,1259.8727369999988,36098.129427998734,45.290903632575116,0.03594879252679246,0.004529090363257511,1.0,270066.088974,786.684909,10495.234710048599
BerKDkt6v49dT1bHRedgnpsJS263C1DSJtEGvY9Mg35V,78XKqNb8wbfsMMrvo8WPUpdx7GEkfQutpNVH943aCGFa,DKYQwn4nDvFHCszi5tXbqfVMAP7DaXXp1KGTXEnYnKVH,30.749444151999796,30.64554702600003,30.873489386572576,1.0040340642894097,0.012349395754629032,1.0,1340.351451808,2198.55836717,3544.3168829049973
Cob4usZcpHEY7Qt4ZCwj6WVg9S44zvzYV2v9qYF65dTf,NhFM9UXE48PyNAyeyPYA3iXztqKVJwA4bTdLj4ysM8w,6TuFuynuBoeskxyR2cz4wxyidk8dpDK7kAWw3UkjQGx,234.95160100000447,15050.036118000033,2.1753310529007788,0.009258634730055478,0.0008701324211603116,1.0,70568.973231,190.374923,843.7472694208918
WiiQFxXqp8P9Fs1rt9SVcDyA3KUdJmUsog6wnVQAwba,3S2jpqSYxho6wiz3cafhjXruVY8cg4HYa2v3BqBHYFSj,Dfe67M6TfrG74gKRtdqys4e6E9QirPD53BkF4FujFjuv,5024.253927558996,5050.417857311007,5003.513628054208,0.9958719643147367,0.5003513628054208,1.0,22032.379620273,4681.817018757,26623.246189726244
ercAoEmXjQzEvAFbdjAo81KtMxRGn9AW1ju882upmPH,CMRhskR2Eg6V42RTSdRTXGdozyPbWB8U9dVpijPWb9T4,7TKLLgrWswt6ZJ1pXhVR3FyufHGjJFqiEXxvWJfDcgRm,6.2432579260000125,6.3816322549999995,952.8537616862103,152.6212392600434,0.38114150467448416,148.78328747088497,318.020836615,1012.812682076,199226.33462616862
Dg3mAgpwDfVNnbGWcsxL8sUcSkEbjSJQhKAWNigG44Ju,EATxwd8YA2wV93VJcKMmH2Kn2Y9XfJVUB9hHVu3udwEy,GiGvrRi7NMHfHKanG2B8xyCEqe8jaafWins8bhrLVEaa,0.12463807899999998,0.12430349400000001,22.35925311337306,179.39343491785576,0.008943701245349225,178.71120626490006,0.209576307,0.249167106,82.12556766492327
DFWzVTzNBrQZLjoQ4yQwkj9HuoXmfkuZP9V5vbymZe23,DhgiEgiNdqZdRdo195UUHnoEJUtefK8buko8nU97XJUZ,2K2kkXsouBHtWVjtcgkyiXd8eP3oVBvq1bTJzcVdLLr2,8.031996317000448,9.21601878400179,6.997592934957595,0.871214659317828,0.0027990371739830384,1.0,66536.12655173,9471.012764829,67438.26159092234
C98Sspw7XqnMsgxea3SLQVdbMDL8pKUc3RE82UvX9eq2,CSqgQJurPCzGxb4Cgwx5R61hWQUiaoUHcShNc8r1cKEL,6S2CR5EnukPhC914XkAns8m5GixjMAoUuZMsS5ubHuWc,101.5496599999999,101.40598299999976,0.0,0.0,0.0,1.0,937.660625,1075.300116,1075.300116
SoN9GaFpSXfpyR5dth3x7PHPVhvJMpQqqDJfCSmPv1t,9kZ9iS68ViMPtoeqtnhAKuF2iqVyfHPdZHoUNdwCELr,BBhm5fJLjw3HRzjtKB8uMEYjGhY6EDm9co3cqpjrSzB9,39.44463872600005,38.864437273000014,7093.95502558578,179.845861306109,2.837582010234312,175.97327740198685,32.741975232,47.431801957,14235.238379917591
B2izdXFYb2sNwbWWHmh75T4aQFtfXsUxem9u2p61HGzf,4DYwgJtxwuJdAjkj5RJSNH4e7U329V5cNp7d3a1nLrZv,EXNW64GEf1ACC6xY9BtKRiunrs6GoJSXBdxWN2eTPmrF,7929.428914000013,7829.88128900001,7999.036529883055,1.0087783895458278,0.7999036529883055,1.0,9378.872898,30645.573541,40106.77783879945
RoBgmK8CvjdHvPrqdDyVw54VwjZv2TqJ493xnqJAQHx,ExiHJxM7qPAcy27NDHAF6G7vnW7muNHi2sVJpnaNynGQ,6rkPHSqZb7StM4HwS9EuVrmfkV7tRdc7dnsFhyB6cefE,1.0424030000000002,40.93234999999913,0.026278666201194786,0.025209699320891038,2.6278666201194786e-06,0.9489295600098309,6020.552303,24.133569,174.67737031696498
BSCuChvaSj9b5HUSqgDVRzcnr2sSn7cXaamt1jbKH6hn,GnKpRj5kBVPMJfiwZtEuD9GYApLzPdW5JFuZTcyX4BTc,3dmwD9okkomV9nDwyuh4UMhKdUR13QpuKxRo89ycZB5t,173.09764949300006,173.0736535630001,173.2078942391886,1.0006368933749905,0.06928315769567545,0.9997891424702746,1561.709177681,1533.863380648,3096.243773914547
SBFjafzbDXgDRsA5SUypY8FXjJ9sBdb4JbuQq2PHQDG,46xwHtnXoQR3wCHUbm2eCAbPYWbioDQ59Te1Db8M5DDL,FC38fiikZwFvDt5zTjNtGfKd7LjaPz2uUAzLwKP5pRJY,1.7852928089996567,0.6613667219999968,10.356052886698905,5.800758752006431,0.004142421154679562,2.1503711540611907,201.254337171,9539.327832155,21680.523257123117
BUSDgu5JdqP1rndBvXvanbEufS94FNh1w5FJcAj6vawb,Bgzr8cWubt89JQFXndVjtdKmDbGzuPxNhvjH1EhWCwbo,Dxaf8xPBBQsasRKW5Aa4Sw2YrbfGofY9xZueyyF23FBW,6301.554872819996,6221.071009399999,6372.637437494538,1.0112801627708008,2.5490549749978153,0.9998366166984652,3593.59497726,11202.45179895,14834.752818925628
Lid8SLUxQ9RmF7XMqUA8c24RitTwzja8VSKngJxRcUa,4PgzyzLtds9bKZ2to9PMnKqJzKEUpjvNUaeN23phegax,AtymwxoVN9peZo7EXTcDz9jKVc4vRmisJKKrNfe3ewBa,1641.0352204259916,1437.2738028950046,284821.19920272456,173.56190510572262,28.482119920272456,152.4784921462903,1129.403417816,7594.826522571,1354069.105103339
7dwD9TF6uikvHXxPFK9AsSim54yJoujQjY9vU6gNFumk,CquVr6atkvwueDYficKjn6SSEWq4F4rH4VSiBbW4GBWU,8BCa6ge3b7ho3TfZuM64Vk1hgbrJ3J7EPiAb9uP86CGd,1.6474152210000017,1.6899422390000005,285.5192968116732,173.31349933646928,0.11420771872466928,178.67011190287778,2.76395915,1.417685723,732.3294990810754
AURHmCnNwiW4uA2Qj1XvEh4iKgRUZYXtiY7FKAapUV5Y,BKWm4TRnTeKwfWXRyuzjRHU7iZDkPuXBX5b5V5jSVfGJ,A5Ww74HVrkj9nPeC7pHKLfgeDMEhBCpW1efQdz3TGLEg,1.9359397719999833,1.720137803,331.24832693857877,171.10466540824888,0.13249933077543152,152.4237820120427,285.130912552,1819.945090021,326190.14306500694
oKQqupM9E7SSLAFDLxr7mdsXP7znck9qRbVWc6Yyj7Q,CMR2J7CwfW98RpvnJmFBgRFTLAd3x8CJ1SWs8Bt3uunG,FmRb5jHfSNj1YWP3b45d9vvYuhwjp4om8bALmtqZpr1v,3.8092373100000714,3.9472090299996125,3.6781467972323934,0.9655861522663508,0.0014712587188929573,0.9998366166984652,4454.39635192,1453.10365035,5753.969671597836
BkwbeSfcX1h4thMDd7obGkHrPevf3QwgzJ4pCEqG18Lu,35yX27bmurdebhfAb8EPmjLETDiUaEUCn9zHaDPbakH2,2CxECn1ZJFoESyUnQysQU8rRgT3iJ5GRs2Mdd6gZjx5g,0.0004496500000001902,0.0003972000000000975,0.7837173632659221,1742.9497681876808,0.00031348694530636885,1538.4615384615386,1.8081996,21.48956873,36212.47604288782
MNkYtBe2HtgL15osfaMmyqNW3vo4J399FXXCS4a39Wf,2mUxDu8NrhSKhQJMgKfYLxJqZzeEbmwhQdHeHMyohyuk,AZCBmDBcFsA2jHHhfFJBTsWCHx9XnnKmGfFsue3ZVW1t,0.01449322000007669,0.01449322000007669,0.01448488409412936,0.999424840998254,5.793953637651745e-06,0.9998366166984652,2194.39033408,1941.67408916,4134.485062762818
AUSejoEUCh2DBs9mof6BNC8Pubs22w4cJa1ccV9h44R,4xkyD7AfGQDwsQMy9MosRRNGoVJ1zosNinesxg1TzHG7,Cbm5gsQe3nSiCsFrvepVzMCD9xLK3ri9g3ypS2hdmVJ7,10462.926162000002,10483.898153999999,10462.141501387398,0.9999250056245781,1.0462141501387396,1.0,14389.272605,14465.427827,28853.621317488214
KEVpg4SYCVrqFxKijQH6hm4QxsRdoE51ud64bEEFUC9,2bPenuBYfqzD8p5dFjCcggwkHDsc2RQDnx9AoyYGUBjA,AE6n6iLuX8oYu61vt5hoDYkjswpnxFxrhSehxrnQTnbx,1661.990332672,1665.1347438619996,1658.1012346707637,0.9976599755577495,0.6632404938683054,1.0,6033.9440032,1563.505830649,7583.330257398342
KEN5P7p3asnb23Sw6yAmJRGvijfAzso3RqfyLAQhznt,9zj4aX38Uxf3h6AUjS4EipWS8mwbEofasHAf3a1uKGds,CwQDG1MWunn9cLNwcZLd8YBacweSR7ARo32w4mLua1Yr,282205.90201699873,282267.0096039993,281966.5124479304,0.999151720189559,28.196651244793042,1.0,2023883.136429,1888105.893527,3910272.2107526753
SUiuyGR7SFq3xeRVJonq84fjjeFwRSsFekcevJ53tzy,49GjCCPsv7fBqo6t3iKDrP1xxGDS8uWZbVCdfnp2gjMf,CEwj5xEbbJEjYqM8D6Ai8ByGz1mrh8mkAVsE5fzDSSSx,4.2143590000000355,48.02011000000002,0.039019210602322205,0.009258634730055478,1.5607684240928882e-05,0.9446376228383148,634.279267,1.760923,7.535994166721645
ALBpShJ9NLpE739pcHDF2LNVk5J4VYPvvKuV6jMPitZi,D6d156U1bPiJpDYRLextvDRccgFk7QzkQbJg42ceKEu5,GNcM8U5g8RwTZffwwm3kSQqUNPSwv5d2fbN9sLxPJqt2,484.4594500000021,484.8071689999997,484.70519553413794,1.00050725717939,0.1938820782136552,0.9990309399882116,51546.59782,48663.401865,100188.98931003237
SoNcU2iwHMw6dGzsYNQkYFkUjwN1UdAjrWVRnStrZu2,8ivTTid27jZnYNc4w3CTA1Z6QS2twsFb8WMwUabeDJgc,CyXm53PMvHCbeXJBykU46Rcbo28xk5srhMZFg7gv6EYB,27.77783648999997,27.52550828800001,4955.785436313459,178.4078986172139,1.982314174525384,176.92733134490604,11.744235787,14.441967457,4650.44318916074
