0,1,2,3,4,5,6,7,8,9,10,11
ercAoEmXjQzEvAFbdjAo81KtMxRGn9AW1ju882upmPH,CMRhskR2Eg6V42RTSdRTXGdozyPbWB8U9dVpijPWb9T4,7TKLLgrWswt6ZJ1pXhVR3FyufHGjJFqiEXxvWJfDcgRm,15.325900265999962,15.00876574299997,2254.1781500675206,147.08291917234678,0.9016712600270081,143.82446511681425,344.864969403,997.236073166,194150.69123836746
BSCNHw8CmxbZ8hCWWzMf5FaG2ajPT6JxfznKUNuRVrn4,7n9kgNL633yGzCYksgnzHyjG73ZLBAwvEae5sbAekbzW,SscdxE99omdG9AiMVwmaEMQySQnCgeAh1sPj2Leutm2,3244.6263117480003,3244.376096748999,3244.3888289744973,0.9999268073575551,1.297755531589799,1.0,5900.013086344,5759.348947604,11658.930196399751
FrnkTEL6yZ5Aycq2TrEgu29dCrwKG4LPUZydfiwqspkc,DjvZuMZ46fxKBoBpGMPcRcos4xdTtHFxwMh69DpA2ZFY,9rvDPJLAng4uVVqnnSoEXgNDFhBZQTny9AoQioYDZbQX,585.6261070680007,498.3132740399995,100896.13813264678,172.2876369665178,40.358455253058715,147.1313722781248,332.424714637,2548.538706902,432242.6658044866
MARpDPs5A7XiyCWPNH8GsMWPLxmwNn9SBmKvPa9LzgA,6YjT74rmcfCpw8LSjPNx5JTmZoYLGrTKnf9arfSgZ4SR,F8GSmi3vA8M8TsybLya1LQ4n1aFHCRbZ6k437PeTdXtg,87749.59741300007,94682.43535500037,82264.913373477,0.9374961914217225,32.9059653493908,1.0,376864.538231,17452.713337,370761.7826104686
GokA1R67GqSavkd15zR62QD68Tuc5AEfvjssntVDEbM8,3YB7hfpBdbQEuZqLGWVDpRPmeZWCUsrrWyqGXegnQ6Cg,4DPCj6Z1DsG6HUtwSogBGqXEUxdEV5a8YVrrFtcnz7UW,46044.65718199998,46052.950424000024,46038.534056970406,0.9998670176866478,4.603853405697041,1.0,18473.19753,15327.208801,33797.949722457444
SUiuyGR7SFq3xeRVJonq84fjjeFwRSsFekcevJ53tzy,49GjCCPsv7fBqo6t3iKDrP1xxGDS8uWZbVCdfnp2gjMf,CEwj5xEbbJEjYqM8D6Ai8ByGz1mrh8mkAVsE5fzDSSSx,0.06907400000000008,7.714319000000046,0.0005735787556871798,0.008303830032822467,2.294315022748719e-07,0.9367611296589816,639.655884,1.708228,6.911795331225907
Lee1XZJfJ9Hm2K1qTyeCz1LXNc1YBZaKZszvNY4KCDw,9DgFSWkPDGijNKcLGbr3p5xoJbHsPgXUTr6QvGBJ5vGN,2hNHZg7XBhuhHVZ3JDEi4buq2fPQwuWBdQ9xkH7t1GQX,3788.0464032340606,3228.710628031008,654328.7258942171,172.73514002774127,65.4328725894217,147.27124063649453,7432.870412334,57112.346857858,9694924.088901116
KZMu9QBEdL97EFgamLbN5DE1AoKBG4HdrKKJo4Vuon3,DD4ACBWyVqdaKWh7v5btsgqQCCMwbKnuL2xd9pv7Gyuw,GcYqiJ1MAuYbNTNYXm1F1gQYTfTgkErACAhNU5dpVj9T,225.43807117999972,226.32383011000115,224.66256744992205,0.9965600143488698,0.08986502697996883,1.0,1689.57326646,1391.7679905,3075.529149166844
ALBpShJ9NLpE739pcHDF2LNVk5J4VYPvvKuV6jMPitZi,D6d156U1bPiJpDYRLextvDRccgFk7QzkQbJg42ceKEu5,GNcM8U5g8RwTZffwwm3kSQqUNPSwv5d2fbN9sLxPJqt2,7985.2312680000105,7987.790706000007,8000.92909087631,1.0019658570114565,3.200371636350524,1.0018674809845551,50348.098472,49858.169081,100398.35389807817
daob129AwBGn9Y5r91uLoWZeYiGzbPmksauMhFZKTze,6VW5GQNyj4LStgmxEHLr5zUfW92vQnmbw8jTnCH7a38F,4VPCCUifPeBA1c7HWK358CHn2nyjm8pdTRk6Ps3KmnMQ,39.553378551999735,35.67874155799994,6331.627363292109,160.07804124666856,2.5326509453168438,147.08291917234678,53.282487667,234.713408775,43051.689590002454
BSCuChvaSj9b5HUSqgDVRzcnr2sSn7cXaamt1jbKH6hn,GnKpRj5kBVPMJfiwZtEuD9GYApLzPdW5JFuZTcyX4BTc,3dmwD9okkomV9nDwyuh4UMhKdUR13QpuKxRo89ycZB5t,329.49935480299973,329.8646088979997,330.1413443598284,1.0019483787979266,0.13205653774393136,1.002299274535785,1594.472422246,1501.000946047,3102.031217807818
wrmcMSHFi3sWpAEy4rGDvQb3ezh3PhXoV2xNjgLBkKU,8p4mGnARWPBu6P2Gcw4adodLkNDorrXniZMhaY7eJXUn,AyY89zccbsgp9LKFgH4CFZMJmpSgqmPSdTfukhP227rc,0.016078719999998853,0.11001099000001116,3.818348053033395,237.47835978446463,0.001527339221213358,3921.8762255863207,49.67519674,0.12972873,12305.56426574829
Lid8SLUxQ9RmF7XMqUA8c24RitTwzja8VSKngJxRcUa,4PgzyzLtds9bKZ2to9PMnKqJzKEUpjvNUaeN23phegax,AtymwxoVN9peZo7EXTcDz9jKVc4vRmisJKKrNfe3ewBa,327.2342107670012,280.3432595549988,56093.25776511298,171.41623925455877,5.609325776511299,147.2589224181093,1026.073761326,7720.809804231,1312843.8373305134
JSoLLrxK5bYdHwTEWYaGgmeycBCNXKDiBCTw5hXGBg7,xG4wXczA7Dk4hccJ61CHKpDHW4NrNfQwgmWgkb9BuF2,BVR6WgfhsRr9Lob4QDnkEAiNGgAbv7ZieKcY9kSg3QYR,96.79191511199963,84.353054052,16516.244539329713,170.6366127813307,6.606497815731885,147.30931435321563,17.667666368,162.630179001,26971.69090656419
KysFMBBoavfov2tLpvefWW6tPFt6rAeZWDJVy1mMQae,B8ka2V21TH3x64dFV8ETcjuQcwmrciJ2qzy1mJUttRew,7fSf7EYxBANyxzk2s5pymFgshA91tFYQNKKs5UnLWcYS,121.9863060000007,177.7246279999381,3.002159287055793,0.0246106254504975,0.0012008637148223174,0.03562742985751771,135008.91371,2242.105896,3402.534278338214
oKQqupM9E7SSLAFDLxr7mdsXP7znck9qRbVWc6Yyj7Q,CMR2J7CwfW98RpvnJmFBgRFTLAd3x8CJ1SWs8Bt3uunG,FmRb5jHfSNj1YWP3b45d9vvYuhwjp4om8bALmtqZpr1v,197.40013360000012,202.72909005999918,191.58862785414343,0.9705597679197483,0.07663545114165737,1.0,4351.95823951,1552.20325561,5776.038834545262
DFWzVTzNBrQZLjoQ4yQwkj9HuoXmfkuZP9V5vbymZe23,DhgiEgiNdqZdRdo195UUHnoEJUtefK8buko8nU97XJUZ,2K2kkXsouBHtWVjtcgkyiXd8eP3oVBvq1bTJzcVdLLr2,168.51002291299483,150.78824715499468,150.53710849815215,0.8933421638419545,0.060214843399260864,1.0,65342.733044411,10522.828475535,68896.2470047763
BUSD5rCfUDpCxKGMvYU2yThChxgHoioK74PTPociGnv2,CcFHbafgYDZ8yA8Me1PdtDiVb2eeaS61LbqyKKK5CsNZ,26R9s4nmF3CFDTkiePDwRmtscn8i7r2eygbSijditJ58,20.703171410000017,20.680610339999987,20.698699042097992,0.9997839766761596,0.0020698699042097993,1.0,72.63382713,73.42900626,146.04714278924013
BSC8REUo9LpiiWUuqMuLXs2D2yJsJfGd4HdiF3wCLxk5,AZjEH1zWVx1UJ6udMyRijGTzPteuLnaY18yNNmprJEsh,Caf8ypkSVR8xYnXNhjvfvdGCC7mrM3C11rz8Xi6NA6aK,1456.2918407819998,1456.2683511209998,1455.4600060910986,0.9994287994565331,0.5821840024364395,1.0,3316.680091345,2985.071375266,6299.856977140318
BUSDTd9WiT6uBHJRgNvFXBsA7JrifsAtWzKfioN7ERcy,DyBxrn7gSc1EwnpWhDyhzvMHPtxpmBqRqotapLcKcfTM,Cds99GeBgoCpqBsoRWu1C6fF9LiUMd4pXQQD24s9LPff,9263.838757270001,9280.210457900004,9289.01002374224,1.0027171529137944,0.9289010023742239,1.0018614585900603,308.80287708,314.02778987,624.2542813142171
heyk4SZTeCUV6a65WiVA5bzic3KcxgVf1qxobfeV4tQ,9ZDpBKPqMABtGfq66FbVribaArMvtk63xxy91onZAtDt,DaTP4s6N7xxSPinbNZ3FB52EpRDRt87QShTuN3VPCW52,64.9784350699947,56.95100951800032,10515.798769242361,161.83521129609775,4.206319507696945,147.01579978800322,652.710127727,4499.496321311,767128.531756517
SoN9GaFpSXfpyR5dth3x7PHPVhvJMpQqqDJfCSmPv1t,9kZ9iS68ViMPtoeqtnhAKuF2iqVyfHPdZHoUNdwCELr,BBhm5fJLjw3HRzjtKB8uMEYjGhY6EDm9co3cqpjrSzB9,103.19977282500003,101.84973112799996,17809.99605918455,172.577861090699,7.12399842367382,166.08911943535014,35.469599875,44.579743637,13525.478045493408
ALLwa5WNZbvQsRKAqe1jdRGemdYQnW8E5k4msbRFcYtu,CGoM82Hbz7QVqTgvQatYtjvDWBvoUJp5qm21P8iMs9yb,3dxNNww8TivyN5FMy5dCNdi3Zcxv6e4kUfSPxfFwpdNq,4.043856245999996,3.8870542,15830.943650172238,3914.813654870028,6.332377460068895,3779.089541747602,0.542100822,8.006341106,32378.903641630397
TETFuZgEmET6d9vYmz9iMFCxK1jKdKYxf3oPz8hSzJK,Eu1Ze6Z84LWNkq7SNoAHBJbXx5t1P95EwyqYohrfCRFV,ASMbv7WNu3qe4pkhREmvyEdwFNDZQ6B6iSrjkj4u8bdC,26.088736484000002,26.26872062700005,25.98602296027618,0.9960629168918619,0.010394409184110472,1.001511280522308,303.749562483,48.588646431,351.2157527174003
C98Sspw7XqnMsgxea3SLQVdbMDL8pKUc3RE82UvX9eq2,CSqgQJurPCzGxb4Cgwx5R61hWQUiaoUHcShNc8r1cKEL,6S2CR5EnukPhC914XkAns8m5GixjMAoUuZMsS5ubHuWc,89.22360800000013,89.18476999999996,0.0,0.0,0.0,1.0,991.940069,991.95863,991.95863
Dg3mAgpwDfVNnbGWcsxL8sUcSkEbjSJQhKAWNigG44Ju,EATxwd8YA2wV93VJcKMmH2Kn2Y9XfJVUB9hHVu3udwEy,GiGvrRi7NMHfHKanG2B8xyCEqe8jaafWins8bhrLVEaa,0.38128564900000006,0.379104024,65.59397624042742,172.03368763671304,0.026237590496170967,172.29591892994586,0.267927771,0.190672183,78.94464144977857
RajgMbScQbqqrdJfR2rxfHJiTiY5b6bJ2tTXiF4aPxy,725ZA3fhyBAKb5iopNRrcbSuQa3LXA1656Q3mBvYPxeg,GLA6i1dSZpUfk2f9Nj8uiG7xyDdAR2reff8oEiZH3617,125637.39432354005,125814.48254735998,125657.19287084877,1.0001575848290656,50.262877148339506,1.0,100569.40848272,131893.32830853,232478.585004295
7dwD9TF6uikvHXxPFK9AsSim54yJoujQjY9vU6gNFumk,CquVr6atkvwueDYficKjn6SSEWq4F4rH4VSiBbW4GBWU,8BCa6ge3b7ho3TfZuM64Vk1hgbrJ3J7EPiAb9uP86CGd,0.16683144999999966,0.16765251500000078,28.409434581727737,170.28824350401436,0.011363773832691096,171.12018352297443,2.234918358,1.936207377,711.9044832494728
SAMGk1Nd4haC8zQA63DG37pzuEZy8j4q13tSFtCbcRE,9U9TnkHD3jXMAVZtynCVLgDruuqN4pTvLJTmVHCLWS8g,C6zoEbvqSknmi96QWq96UBiPCyNW3YSTvKhavR2BfifE,0.13948302999999984,0.24462799999999874,0.29494188197928994,2.1145359545121027,0.00011797675279171598,0.0,53.56477961,1.17570795,113.26465238086178
NorjjEePhxfwLF4vZjUHCrVVKLzQjEEGQFd3wgjEJmh,34M8pFVqgbV7aqHxvRT5tCv3vu2P1JJYT8J3VaxBK2oG,3AZWBSze3ucsY3xSeuLne3b2pauVqiaJ1SZSV5T9WGWw,2.1281309999999394,3.1999999999970896,1.4162312201198528,0.665481222781818,0.0005664924880479411,1.0,37493.824193,2653.92598,27605.36195072415
Sid7E679i9ABqptiAVhkmQ27YHN8vaYT4fppPwmxFsJ,GP7KB8o1bv527HG8kTzzzf4wJ5aEGHvcMQvVhLziUfmT,9gYxhAZ1M9wu5pxr8SBoa5NDm21gi3s9vMHaYTME77sa,978.0994600000058,3651.3770260000138,8.121971671035485,0.008303830032822467,0.0032487886684141945,0.03544509791814635,142878.384857,6680.031747,1423.2122025854644
MATgk4zXLXtYkwBH678J1xZbRDZ45LicNzkRBHkxTuY,y8dALFo1bJrSzPYjMX14HJX448pXqYmrfXHD1K8MXih,GN7Yuet3UyiWS5YVkEHv6oQKi4HGBJc3XDPt9zQhAqZz,38921.02817400001,38923.01638800001,38937.07024694175,1.0004121698139634,15.5748280987767,1.0,9013.533386,9047.120922,18064.36941437886
SAMyS8Jr2HJrkFwYVKbpUwsNStnQmvz3f8Tup8bWUWF,6jPzm5TFfquvgm25sTyN3MMGBfufRaFHMxobDWv6hMFW,Cj9ECoDmxsHTDzCY5ZA6RWrPbg9uFzEC1Qc2kso2vJG6,2500.270306719991,113.69025028000715,2491.6694127409273,0.9965600143488698,0.9966677650963709,0.035618640974863995,701.28133202,110922.45666999,4649.776094478728
HEDSDjj84KS7LKhZY7ejkCACTdPen62rKhCby1wXtgxc,EnnjMSFttpCTywBrYNt1J5QQeoSVkvzPipJDa8Y7kJow,6bjVT6JN2rSvpyn9PdfLYC8wJn4LWh49jpY47fnLDXZk,1.7567978329989273,1.8085926969943102,1.7063092894696716,0.9712610394998782,0.0006825237157878686,1.0,38647.892904858,9559.309071783,47096.50170903535
KwnjUuZhTMTSGAaavkLEmSyfobY16JNH4poL9oeeEvE,J63v6qEZmQpDqCD8bd4PXu2Pq5ZbyXrFcSa3Xt1HdAPQ,BnKQtTdLw9qPCDgZkWX3sURkBAoKCUYL1yahh6Mw7mRK,707.3550300000002,19798.443151999905,24.487149746847916,0.03461790573094237,0.0024487149746847915,1.0,270332.31482,776.235047,10134.573637466196
AUSejoEUCh2DBs9mof6BNC8Pubs22w4cJa1ccV9h44R,4xkyD7AfGQDwsQMy9MosRRNGoVJ1zosNinesxg1TzHG7,Cbm5gsQe3nSiCsFrvepVzMCD9xLK3ri9g3ypS2hdmVJ7,1539.2443740000017,1539.7768929999875,1538.9858243815056,0.9998320282192592,0.15389858243815058,1.0,14525.870155,14327.373286,28850.803504723255
BkMBnJpvHKtWhUvrgRrLesXfi9RUV3ELgdBaJcdH7hcY,5uerVwBnZQsuVhZ15igs7ZgmcqhHnYWbwoRtLyRqLvR,9YWiQh5d4jCtgMdzcGLv9bWgnLaFtzvDDh2nnhJdzhBX,1011.0199146570001,1011.4250931650001,1011.0842671373506,1.0000636510511984,0.40443370685494023,1.0,1473.060029311,1399.195791861,2872.3495829913445
Cob4usZcpHEY7Qt4ZCwj6WVg9S44zvzYV2v9qYF65dTf,NhFM9UXE48PyNAyeyPYA3iXztqKVJwA4bTdLj4ysM8w,6TuFuynuBoeskxyR2cz4wxyidk8dpDK7kAWw3UkjQGx,28.995145000000008,3468.6965839999757,0.24077075585704225,0.008303830032822467,9.63083023428169e-05,1.0,71958.011695,177.796185,775.3232836151313
CZgvH45CRmoaNJ7395Ao5CQZXkGznvqU7cErD6n7FaRg,4ZjU6MKvtqVQKCiowhvZ5yUsPxXX5SCzd5eFsPeXyey5,BsyWeshjDbCvjDojry3vKDCesmFRM37WtwcR4Kfgzqr,739.65525668,740.0,738.0669881861128,0.99785269085896,0.2952267952744451,1.0,588.64445487,516.3742847,1103.7547379512353
SRMuKizofcAMicegrfSv7xs9q76tH1w8aAF7oX9FEWu,72Hj2KWntXPfbie4UgKeTPnm1XVkomDfCnRPKbvfTtPi,6aqJQ5wedqpUt4fFEDUqUmXhrdxCu4bEJsQdVPCADLko,100.91325000000143,100.95353000000159,7.152423506227598,0.07087695130448675,0.0028609694024910397,0.07055723991366616,18090.832658,4908.625951,1628.5621642298393
DEDaBEWzMCXohXYXoLzB4jK1xqMsd3SS9izXp2xvg9pe,GC5zHpW5GuVdw3C7covC6viyGdLS8ZAaVGDKMeru7p78,F8juxtAFueW19vxkdDArUkjVWAv9QV6yy1wCXUWQiXvh,0.17134496999999982,21895.134399641305,0.17134496999999982,1.0,6.853798799999993e-05,0.0,32.14413399,8633348.72245931,32.14413399
BUSDgu5JdqP1rndBvXvanbEufS94FNh1w5FJcAj6vawb,Bgzr8cWubt89JQFXndVjtdKmDbGzuPxNhvjH1EhWCwbo,Dxaf8xPBBQsasRKW5Aa4Sw2YrbfGofY9xZueyyF23FBW,13688.1358052,13573.157390829994,13781.787461170641,1.0068418123039855,5.512714984468257,1.0,4619.64020556,10147.16935576,14798.416272518385
SoNcU2iwHMw6dGzsYNQkYFkUjwN1UdAjrWVRnStrZu2,8ivTTid27jZnYNc4w3CTA1Z6QS2twsFb8WMwUabeDJgc,CyXm53PMvHCbeXJBykU46Rcbo28xk5srhMZFg7gv6EYB,51.98270641300007,51.170451500000006,8938.776935820251,171.9567439371491,3.5755107743281003,166.09174010828187,10.759923543,13.903934555,4159.570102058573
vEnkoSUkpnbRrPgBz9DfcVxNz67zjwMYBZraAvDDNSf,DtfyjjsZ5yCjWKLKHvwsfXs5QVsmm1QkK6Sh9JZHoq1g,e5wrKCRv4GhHvEf1VD5Pq2KGaZDXP77nTL612Jyrxwy,8113.012618000006,8118.296991,8123.988125958175,1.0013528276701824,0.8123988125958176,0.9998140345895663,4482.276965,2375.341553,6863.24053493685
SEQV6QiTpvTzrceiaYg9Avnwf7oc8ZALpnQMz6TyT4A,3dFMPj4r9mMmPHF32mz1gNDX7f8ftidWof7S8YiYTs1j,Fc1ED3YPeQfXQosHbd8DTaBd2AV5gHQtwiSAL5C5pUhi,1883.6142089700006,1886.4660109760005,1884.64646187616,1.0005480171583139,0.753858584750464,1.0006814640770365,4174.231510549,1428.22099005,5605.713332388344
STK75uPSyBnEhGTTzb1nwmP3n427XoXmfRhXxxhyady,6TYyD5fUmDe6N65avW1Ny2RxzRNobw2RRgKwH9CTzSAU,54zDfk4cx2vGrEajPtodWpArNe5eUurytyxd4X3aZAxK,427.5407875020017,476.37038279299946,62625.198166333605,146.47771627178471,6.262519816633361,163.23948097027588,470.415987083,87.739233016,83227.96634391714
KEVpg4SYCVrqFxKijQH6hm4QxsRdoE51ud64bEEFUC9,2bPenuBYfqzD8p5dFjCcggwkHDsc2RQDnx9AoyYGUBjA,AE6n6iLuX8oYu61vt5hoDYkjswpnxFxrhSehxrnQTnbx,398.9541292390004,399.10569731299984,398.65359147215423,0.9992466859099329,0.1594614365888617,1.0,4998.428746107,2595.366093682,7590.02945298636
MATSnbbiTCv7Dc3trJrkrqjx7ckKdr6fwPoVwv9q3sD,631WX9JizSHJm4w6VanZeJAst9T8DeUUnPLesdGkCVtK,211maUSfpnXbPuW1iBu8b4dtJv5EbN1j7JJiEX5TZKEP,43387.02360900002,43406.639437999955,43450.72236799149,1.0014681523112883,17.380288947196597,0.9980946373373231,24072.813414,20432.807322,44502.03138448797
KEN5P7p3asnb23Sw6yAmJRGvijfAzso3RqfyLAQhznt,9zj4aX38Uxf3h6AUjS4EipWS8mwbEofasHAf3a1uKGds,CwQDG1MWunn9cLNwcZLd8YBacweSR7ARo32w4mLua1Yr,212913.1376700038,212929.37892399868,212736.99144109056,0.999172685016806,21.27369914410906,1.0,2280647.031746,2209420.921257,4488181.139542259
parEAJhzYzHW87y9VoZAQ22dzQ2MD2ekEtTReaxbMcz,3oyc6hpjYSJEquK6dSvG72NXyz3pqLZz5D8AC71pwgQb,Di2vordgFJVZ1aj1aBpvzXtLfZgJsuLLXawGtVFwX6Rz,5.947147561999998,6.905905160000202,850.4531674626147,143.00186074021195,0.3401812669850459,166.71679284904994,1299.876220211,176.15578074,215252.84502891975
SERgf3DMJpQxUifu7VoFKmfne73d2fDJxSrxUMrcNJB,AJfM2GZ2tTB8UtN2krcyR9xufRJEx2mhSCbJyMgPo3GU,F4yRYkufQvERZcEKnKjJwRLU1btiMBUuEwq46hfm11QD,0.03552258099999506,0.035217121999998824,5.207526704226214,146.59764458632492,0.002083010681690486,146.18474623570623,26.171410496,31.064081743,8377.762040861111
moFiBS1R4Lf3E3zzmBPnw3NF4RhWPkhREFviuzUaCAU,44ALBrpqi9PfZkBRTvbtRNtFJGsatfY4QydjtMbFWq8S,2ho8qEEie1UjVwWNBo9y4oAJZMyMLx8zPj9bxyUz6uWs,1244.635427416004,1247.5238044529979,1241.5295116596278,0.9975045578102945,0.4966118046638512,1.0,42888.738980459,25460.179895905,68241.89250764888
WiiQFxXqp8P9Fs1rt9SVcDyA3KUdJmUsog6wnVQAwba,3S2jpqSYxho6wiz3cafhjXruVY8cg4HYa2v3BqBHYFSj,Dfe67M6TfrG74gKRtdqys4e6E9QirPD53BkF4FujFjuv,399.6516431900027,400.1720925340005,399.13176010285713,0.9986991593904234,0.03991317601028571,1.0,19339.75909221,7366.198114138,26680.799262341425
YAkoNb6HKmSxQN9L8hiBE5tPJRsniSSMzND1boHmZxe,CfWX7o2TswwbxusJ4hCaPobu2jLCb1hfXuXJQjVq3jQF,EnTrdMMpdhugeH6Ban6gYZWXughWxKtVGfCwFn78ZmY3,6554487.2921249885,6567686.967561963,6554487.2921249885,1.0,655.4487292124988,0.9986199072881278,1114895.414891,124354.815052,1239078.6087690603
B2izdXFYb2sNwbWWHmh75T4aQFtfXsUxem9u2p61HGzf,4DYwgJtxwuJdAjkj5RJSNH4e7U329V5cNp7d3a1nLrZv,EXNW64GEf1ACC6xY9BtKRiunrs6GoJSXBdxWN2eTPmrF,11789.05156899997,11637.616615999985,11913.897298794034,1.0105899723199407,1.1913897298794034,1.0,9443.049156,30576.520882,40119.57166717788
AURHmCnNwiW4uA2Qj1XvEh4iKgRUZYXtiY7FKAapUV5Y,BKWm4TRnTeKwfWXRyuzjRHU7iZDkPuXBX5b5V5jSVfGJ,A5Ww74HVrkj9nPeC7pHKLfgeDMEhBCpW1efQdz3TGLEg,2.4663288829997327,2.1909844569999564,405.9837386181657,164.61054379916197,0.1623934954472663,146.27468367002595,285.409806546,1821.778928891,313461.60000140045
RoBgmK8CvjdHvPrqdDyVw54VwjZv2TqJ493xnqJAQHx,ExiHJxM7qPAcy27NDHAF6G7vnW7muNHi2sVJpnaNynGQ,6rkPHSqZb7StM4HwS9EuVrmfkV7tRdc7dnsFhyB6cefE,1.6311100000000032,61.90907199999947,0.040104075720436824,0.024586984152164322,4.010407572043683e-06,0.9370306062306912,6010.114517,24.406018,170.63977622438887
4vezWG46exH6pf9nry3n1VJ7hZHvjBJNgNeF4qEFCML5,,,0.03366299999999889,0.03317200000000042,0.0,0.0,0.0,0.9370306062306912,6010.114517,24.406018,22.869185842217163
