0,1,2,3,4,5,6,7,8,9,10,11
KZMu9QBEdL97EFgamLbN5DE1AoKBG4HdrKKJo4Vuon3,DD4ACBWyVqdaKWh7v5btsgqQCCMwbKnuL2xd9pv7Gyuw,GcYqiJ1MAuYbNTNYXm1F1gQYTfTgkErACAhNU5dpVj9T,1728.045290200001,1737.93937998,1707.4066705879354,0.9880566674212127,0.6829626682351743,0.9996221128526783,1952.67353307,1131.63909601,3060.5635677869604
ALBpShJ9NLpE739pcHDF2LNVk5J4VYPvvKuV6jMPitZi,D6d156U1bPiJpDYRLextvDRccgFk7QzkQbJg42ceKEu5,GNcM8U5g8RwTZffwwm3kSQqUNPSwv5d2fbN9sLxPJqt2,1889.134689999999,1889.8148720000027,1886.9590262427412,0.9988483278779567,0.7547836104970965,0.9999950000249999,51080.1877,49129.476324,100150.59074968379
KwnjUuZhTMTSGAaavkLEmSyfobY16JNH4poL9oeeEvE,J63v6qEZmQpDqCD8bd4PXu2Pq5ZbyXrFcSa3Xt1HdAPQ,BnKQtTdLw9qPCDgZkWX3sURkBAoKCUYL1yahh6Mw7mRK,4501.541896999988,124962.74646299932,157.04615373075734,0.03488719139444627,0.015704615373075735,1.0,270555.193478,769.116617,10208.027434628428
ALLwa5WNZbvQsRKAqe1jdRGemdYQnW8E5k4msbRFcYtu,CGoM82Hbz7QVqTgvQatYtjvDWBvoUJp5qm21P8iMs9yb,3dxNNww8TivyN5FMy5dCNdi3Zcxv6e4kUfSPxfFwpdNq,3.6155291460000036,3.5414852600000017,14527.198432979765,4018.000642880103,5.810879373191907,3965.8933174697604,0.909573735,7.641570284,33960.320376267955
DA1mL7dfBow33EH5yjUuZE6SH2KeUK5zEXzsyhE5r5j5,B4UtLRZND3D83CitRCBUyeiNr7H8m7YFRqBmiPmXjhW4,AAmpYbuixWiSqDaJBCqYEs1pb5SrbdPr9mgXrB58Q2e,3.965695235000112,3.96939155799987,3.9627542848331316,0.999258402375194,0.0015851017139332528,0.9993994488783757,1637.759450222,1468.764487038,3104.427310581619
GokA1R67GqSavkd15zR62QD68Tuc5AEfvjssntVDEbM8,3YB7hfpBdbQEuZqLGWVDpRPmeZWCUsrrWyqGXegnQ6Cg,4DPCj6Z1DsG6HUtwSogBGqXEUxdEV5a8YVrrFtcnz7UW,79563.277817,79563.26207199995,79561.68658326834,0.9999800003999921,7.956168658326834,1.0,18208.774388,15606.907781,33815.31800079561
7dwD9TF6uikvHXxPFK9AsSim54yJoujQjY9vU6gNFumk,CquVr6atkvwueDYficKjn6SSEWq4F4rH4VSiBbW4GBWU,8BCa6ge3b7ho3TfZuM64Vk1hgbrJ3J7EPiAb9uP86CGd,1.4596780860000005,1.4831702930000001,251.65635642260915,172.40538090986252,0.10066254256904365,176.98034367812937,2.707008666,1.472392053,727.2873117569153
BSCNHw8CmxbZ8hCWWzMf5FaG2ajPT6JxfznKUNuRVrn4,7n9kgNL633yGzCYksgnzHyjG73ZLBAwvEae5sbAekbzW,SscdxE99omdG9AiMVwmaEMQySQnCgeAh1sPj2Leutm2,18.055452771001,17.78827216400032,18.325597439891865,1.014961943758328,0.007330238975956746,0.9993994488783757,2598.797579417,9086.996358089,11719.21979487347
BUSDTd9WiT6uBHJRgNvFXBsA7JrifsAtWzKfioN7ERcy,DyBxrn7gSc1EwnpWhDyhzvMHPtxpmBqRqotapLcKcfTM,Cds99GeBgoCpqBsoRWu1C6fF9LiUMd4pXQQD24s9LPff,9045.67498029,9074.379623229996,9035.191176911694,0.998841014805291,0.9035191176911693,0.9997980407957592,348.75431658,275.95932651,624.2537094745081
MARpDPs5A7XiyCWPNH8GsMWPLxmwNn9SBmKvPa9LzgA,6YjT74rmcfCpw8LSjPNx5JTmZoYLGrTKnf9arfSgZ4SR,F8GSmi3vA8M8TsybLya1LQ4n1aFHCRbZ6k437PeTdXtg,108959.27719499993,115117.33379000024,104816.61030588062,0.9619796772173391,41.92664412235225,1.0,369442.435237,23946.497209,379342.611808677
BSCrK1Nx9PXU9mF7STWWBqeHLxmtJDr9h7jheEy4tAWX,FfSySSbVJPvEo5a5AvrP3nySoXpRE2QPn1uUMpJJ1x7v,HL7Vcj6838ZmvBHDbQxXfjBNckNi83WvPiZQoMQLFeRM,0.004921171000000113,0.004899592000000119,19.864096519766985,4036.4572821725824,0.007945638607906794,4013.0021268911273,1.025258224,1.826291295,11467.32187552988
Cob4usZcpHEY7Qt4ZCwj6WVg9S44zvzYV2v9qYF65dTf,NhFM9UXE48PyNAyeyPYA3iXztqKVJwA4bTdLj4ysM8w,6TuFuynuBoeskxyR2cz4wxyidk8dpDK7kAWw3UkjQGx,1641.7992870000003,77389.31098799995,28.543458346943265,0.017385473713476682,0.011417383338777306,1.0,63169.476589,284.409334,1382.6406087321402
BSC8REUo9LpiiWUuqMuLXs2D2yJsJfGd4HdiF3wCLxk5,AZjEH1zWVx1UJ6udMyRijGTzPteuLnaY18yNNmprJEsh,Caf8ypkSVR8xYnXNhjvfvdGCC7mrM3C11rz8Xi6NA6aK,54.56292070800009,54.55930433499998,54.53900208324646,0.9995616322505602,0.021815600833298587,0.9993994488783757,3208.135673993,3094.052253214,6298.923447440662
AUSejoEUCh2DBs9mof6BNC8Pubs22w4cJa1ccV9h44R,4xkyD7AfGQDwsQMy9MosRRNGoVJ1zosNinesxg1TzHG7,Cbm5gsQe3nSiCsFrvepVzMCD9xLK3ri9g3ypS2hdmVJ7,333.5770990000019,333.54597000000103,333.603453672842,1.000079006241493,0.0333603453672842,1.0,14388.821738,14464.856339,28854.814883725034
ercAoEmXjQzEvAFbdjAo81KtMxRGn9AW1ju882upmPH,CMRhskR2Eg6V42RTSdRTXGdozyPbWB8U9dVpijPWb9T4,7TKLLgrWswt6ZJ1pXhVR3FyufHGjJFqiEXxvWJfDcgRm,3.064568924000014,2.9945100120000916,460.780891247031,150.35748996814826,0.1843123564988124,146.43781949986507,324.258086462,1012.554710186,197030.93586625677
BUSDgu5JdqP1rndBvXvanbEufS94FNh1w5FJcAj6vawb,Bgzr8cWubt89JQFXndVjtdKmDbGzuPxNhvjH1EhWCwbo,Dxaf8xPBBQsasRKW5Aa4Sw2YrbfGofY9xZueyyF23FBW,20823.26412585999,20578.24305198,21068.03529880611,1.0117546976048843,8.427214119522445,0.9996221128526783,3593.97472052,11199.90249753,14831.891004884239
SAMGk1Nd4haC8zQA63DG37pzuEZy8j4q13tSFtCbcRE,9U9TnkHD3jXMAVZtynCVLgDruuqN4pTvLJTmVHCLWS8g,C6zoEbvqSknmi96QWq96UBiPCyNW3YSTvKhavR2BfifE,0.5387244300000058,0.6373890800000059,1.1326377678776165,2.1024436702779643,0.0004530551071510466,0.0,53.51302994,1.20435105,112.50813107474819
FrnkTEL6yZ5Aycq2TrEgu29dCrwKG4LPUZydfiwqspkc,DjvZuMZ46fxKBoBpGMPcRcos4xdTtHFxwMh69DpA2ZFY,9rvDPJLAng4uVVqnnSoEXgNDFhBZQTny9AoQioYDZbQX,684.0582248679966,582.4772936480006,120222.69267965817,175.74921009517524,48.089077071863265,150.78294041812111,326.647784143,2565.683773986,444269.43366714264
moFiBS1R4Lf3E3zzmBPnw3NF4RhWPkhREFviuzUaCAU,44ALBrpqi9PfZkBRTvbtRNtFJGsatfY4QydjtMbFWq8S,2ho8qEEie1UjVwWNBo9y4oAJZMyMLx8zPj9bxyUz6uWs,3669.1232628479956,3667.762295496006,3662.761354047968,0.9982660956462145,1.4651045416191872,0.9993994488783757,39217.015736115,29125.342209905,68256.86813476082
STK75uPSyBnEhGTTzb1nwmP3n427XoXmfRhXxxhyady,6TYyD5fUmDe6N65avW1Ny2RxzRNobw2RRgKwH9CTzSAU,54zDfk4cx2vGrEajPtodWpArNe5eUurytyxd4X3aZAxK,511.1109064269989,569.7822916889984,77046.61445723,150.74343648003222,7.704661445723,168.0816621393871,496.400783615,92.706754739,90411.4654215856
WiiQFxXqp8P9Fs1rt9SVcDyA3KUdJmUsog6wnVQAwba,3S2jpqSYxho6wiz3cafhjXruVY8cg4HYa2v3BqBHYFSj,Dfe67M6TfrG74gKRtdqys4e6E9QirPD53BkF4FujFjuv,54.678748151001855,54.73868097099967,54.46741105572393,0.9961349317161707,0.005446741105572393,0.9993994488783757,21716.923197858,4995.632067468,26625.617741810263
RoBgmK8CvjdHvPrqdDyVw54VwjZv2TqJ493xnqJAQHx,ExiHJxM7qPAcy27NDHAF6G7vnW7muNHi2sVJpnaNynGQ,6rkPHSqZb7StM4HwS9EuVrmfkV7tRdc7dnsFhyB6cefE,59.689946000000205,117.99774400000021,1.443903651359634,0.02419006462762806,0.00014439036513596342,0.9585862003847764,6040.422503,23.627775,168.76746978654523
wrmcMSHFi3sWpAEy4rGDvQb3ezh3PhXoV2xNjgLBkKU,8p4mGnARWPBu6P2Gcw4adodLkNDorrXniZMhaY7eJXUn,AyY89zccbsgp9LKFgH4CFZMJmpSgqmPSdTfukhP227rc,0.036163909999999966,0.5403308999999936,9.682439089692092,267.7376171352075,0.0038729756358768367,4004.4850232260133,49.55853831,0.13717198,13817.988095339551
daob129AwBGn9Y5r91uLoWZeYiGzbPmksauMhFZKTze,6VW5GQNyj4LStgmxEHLr5zUfW92vQnmbw8jTnCH7a38F,4VPCCUifPeBA1c7HWK358CHn2nyjm8pdTRk6Ps3KmnMQ,32.635419269999915,29.419978047000036,5449.650827731782,166.98577648553052,2.1798603310927125,150.64129505718796,52.617816746,233.383507935,43943.62086662207
SoNcU2iwHMw6dGzsYNQkYFkUjwN1UdAjrWVRnStrZu2,8ivTTid27jZnYNc4w3CTA1Z6QS2twsFb8WMwUabeDJgc,CyXm53PMvHCbeXJBykU46Rcbo28xk5srhMZFg7gv6EYB,53.41186707099997,52.78706115700004,9420.263470849788,176.37023357239144,3.768105388339915,172.30583458570956,11.075877631,13.629995101,4301.982806075634
Sid7E679i9ABqptiAVhkmQ27YHN8vaYT4fppPwmxFsJ,GP7KB8o1bv527HG8kTzzzf4wJ5aEGHvcMQvVhLziUfmT,9gYxhAZ1M9wu5pxr8SBoa5NDm21gi3s9vMHaYTME77sa,170895.73590400015,250604.08988999977,2965.7110973725926,0.017353920983953434,1.186284438949037,0.03472342910251846,125463.698191,12888.239335,2624.810969566358
SUiuyGR7SFq3xeRVJonq84fjjeFwRSsFekcevJ53tzy,49GjCCPsv7fBqo6t3iKDrP1xxGDS8uWZbVCdfnp2gjMf,CEwj5xEbbJEjYqM8D6Ai8ByGz1mrh8mkAVsE5fzDSSSx,36.99411799999989,74.65320800000003,0.6421404311894824,0.017357906226862452,0.00025685617247579295,0.9542558378986524,567.30304,2.647419,12.373508006647812
DFWzVTzNBrQZLjoQ4yQwkj9HuoXmfkuZP9V5vbymZe23,DhgiEgiNdqZdRdo195UUHnoEJUtefK8buko8nU97XJUZ,2K2kkXsouBHtWVjtcgkyiXd8eP3oVBvq1bTJzcVdLLr2,1297.8478445910023,1497.4222091840056,1129.775808696366,0.8704994298098159,0.4519103234785465,0.9993994488783757,66545.312637067,9462.980768512,67384.95447188032
SEQV6QiTpvTzrceiaYg9Avnwf7oc8ZALpnQMz6TyT4A,3dFMPj4r9mMmPHF32mz1gNDX7f8ftidWof7S8YiYTs1j,Fc1ED3YPeQfXQosHbd8DTaBd2AV5gHQtwiSAL5C5pUhi,191.66022103099954,191.99922813100034,190.8186381349234,0.9956089850489109,0.07632745525396935,0.9987625332213388,4431.847529207,1171.505124031,5582.442645804284
NorjjEePhxfwLF4vZjUHCrVVKLzQjEEGQFd3wgjEJmh,34M8pFVqgbV7aqHxvRT5tCv3vu2P1JJYT8J3VaxBK2oG,3AZWBSze3ucsY3xSeuLne3b2pauVqiaJ1SZSV5T9WGWw,1.5017790000001696,2.3000000000029104,0.9813034830292955,0.6534273571738483,0.0003925213932117182,1.0,37603.320954,2581.78385,27152.822481932213
SRMuKizofcAMicegrfSv7xs9q76tH1w8aAF7oX9FEWu,72Hj2KWntXPfbie4UgKeTPnm1XVkomDfCnRPKbvfTtPi,6aqJQ5wedqpUt4fFEDUqUmXhrdxCu4bEJsQdVPCADLko,2870.3396079999993,2881.396022000001,241.59035584405675,0.08416786472608115,0.09663614233762269,0.0844639965457604,18090.832658,4862.917208,1933.408178199546
iLiUBQ7Z7im6Ew3b4ewwPcehzWgEQRJ1iQz7g6D62NW,GpugBvKWM3TVhYcZjemSdtehBWgfvuGr6uAm9iPjXT6v,92fMXJ3xy8tEyMUWLHKRLyhPw2nECBo77GtDiBBbYrjX,52.65705192199994,51.433311,51.50568286501917,0.9781345704904583,0.02060227314600767,0.9978894677672302,1855.499763466,1107.660259059,2920.2509705622606
MATSnbbiTCv7Dc3trJrkrqjx7ckKdr6fwPoVwv9q3sD,631WX9JizSHJm4w6VanZeJAst9T8DeUUnPLesdGkCVtK,211maUSfpnXbPuW1iBu8b4dtJv5EbN1j7JJiEX5TZKEP,110923.085588,110996.58751699998,110846.71220329194,0.9993114743941425,44.33868488131678,0.9999030094080874,22337.489973,22238.881114,44558.83419094028
SoN9GaFpSXfpyR5dth3x7PHPVhvJMpQqqDJfCSmPv1t,9kZ9iS68ViMPtoeqtnhAKuF2iqVyfHPdZHoUNdwCELr,BBhm5fJLjw3HRzjtKB8uMEYjGhY6EDm9co3cqpjrSzB9,98.15288227700003,97.08130691499996,17397.82332005596,177.25229169487932,6.959129328022384,172.73585612899637,33.79119807,46.352932569,13996.380788418937
B2izdXFYb2sNwbWWHmh75T4aQFtfXsUxem9u2p61HGzf,4DYwgJtxwuJdAjkj5RJSNH4e7U329V5cNp7d3a1nLrZv,EXNW64GEf1ACC6xY9BtKRiunrs6GoJSXBdxWN2eTPmrF,10598.277281,10461.700687000015,10693.826621866376,1.0090155539747645,1.0693826621866378,1.0,9529.935555,30491.728179,40107.58138237213
vEnkoSUkpnbRrPgBz9DfcVxNz67zjwMYBZraAvDDNSf,DtfyjjsZ5yCjWKLKHvwsfXs5QVsmm1QkK6Sh9JZHoq1g,e5wrKCRv4GhHvEf1VD5Pq2KGaZDXP77nTL612Jyrxwy,10236.768762999995,10230.636617999997,10223.651817717864,0.9987186439797741,1.0223651817717865,0.998768518416792,3046.533175,3815.421826,6853.352685664507
JSoLLrxK5bYdHwTEWYaGgmeycBCNXKDiBCTw5hXGBg7,xG4wXczA7Dk4hccJ61CHKpDHW4NrNfQwgmWgkb9BuF2,BVR6WgfhsRr9Lob4QDnkEAiNGgAbv7ZieKcY9kSg3QYR,70.68317574500047,61.16988011499998,12384.001693350376,175.2043759044926,4.953600677340151,150.37645994865846,18.18419732,168.929291369,28588.939760480433
ZUCKWFa4LTL833dPhhpeeRWZcaAEoMeYJPi2iKn4F8N,7eEYpq6ShaJ9opZWMxitRFrdCHh6vfyHhGfoSvFht3N2,H8VggnHmuwd1wvwpT8eg9cUJFEfZ7HAaeYjgXrSm7A2u,2.954010159999825,2.9537703119999605,2.9536498383487455,0.9998780228802329,0.0011814599353394983,0.9980552972377746,1916.072738944,1930.352406397,3842.437466650251
BerKDkt6v49dT1bHRedgnpsJS263C1DSJtEGvY9Mg35V,78XKqNb8wbfsMMrvo8WPUpdx7GEkfQutpNVH943aCGFa,DKYQwn4nDvFHCszi5tXbqfVMAP7DaXXp1KGTXEnYnKVH,61.39499117799983,61.41960602599988,61.60564311143498,1.003431093146091,0.024642257244573994,0.9982532863471484,1340.351451808,2198.55836717,3539.6684377411248
RajgMbScQbqqrdJfR2rxfHJiTiY5b6bJ2tTXiF4aPxy,725ZA3fhyBAKb5iopNRrcbSuQa3LXA1656Q3mBvYPxeg,GLA6i1dSZpUfk2f9Nj8uiG7xyDdAR2reff8oEiZH3617,805932.2165115506,806100.0710376003,805714.0613722934,0.9997293132911332,322.2856245489174,1.0,130412.70875645,102614.99426019,232992.4020297123
C98Sspw7XqnMsgxea3SLQVdbMDL8pKUc3RE82UvX9eq2,CSqgQJurPCzGxb4Cgwx5R61hWQUiaoUHcShNc8r1cKEL,6S2CR5EnukPhC914XkAns8m5GixjMAoUuZMsS5ubHuWc,36.707565999999815,36.696022000000085,0.0,0.0,0.0,1.0,966.384396,1046.504752,1046.504752
BkwbeSfcX1h4thMDd7obGkHrPevf3QwgzJ4pCEqG18Lu,35yX27bmurdebhfAb8EPmjLETDiUaEUCn9zHaDPbakH2,2CxECn1ZJFoESyUnQysQU8rRgT3iJ5GRs2Mdd6gZjx5g,0.0004496500000001902,0.0003972000000000975,0.7469641344256195,1661.2123527750553,0.0002987856537702478,1457.725947521866,1.8081996,21.48956873,34329.70545057842
heyk4SZTeCUV6a65WiVA5bzic3KcxgVf1qxobfeV4tQ,9ZDpBKPqMABtGfq66FbVribaArMvtk63xxy91onZAtDt,DaTP4s6N7xxSPinbNZ3FB52EpRDRt87QShTuN3VPCW52,105.43125714099938,92.17695192200165,18093.56182714125,171.61477836637832,7.2374247308565,150.40717478321437,648.247335571,4504.701563467,788788.2582232126
Dg3mAgpwDfVNnbGWcsxL8sUcSkEbjSJQhKAWNigG44Ju,EATxwd8YA2wV93VJcKMmH2Kn2Y9XfJVUB9hHVu3udwEy,GiGvrRi7NMHfHKanG2B8xyCEqe8jaafWins8bhrLVEaa,0.129793348,0.13046144799999995,23.00244993963763,177.2236427681766,0.009200979975855053,176.40405277727012,0.212013573,0.246584765,81.07236962248749
BkMBnJpvHKtWhUvrgRrLesXfi9RUV3ELgdBaJcdH7hcY,5uerVwBnZQsuVhZ15igs7ZgmcqhHnYWbwoRtLyRqLvR,9YWiQh5d4jCtgMdzcGLv9bWgnLaFtzvDDh2nnhJdzhBX,3.054714184999966,3.05593636399999,3.0531152746368693,0.9994765761160411,0.0012212461098547477,0.9993994488783757,1471.600204339,1400.65693504,2870.6457025910613
HEDSDjj84KS7LKhZY7ejkCACTdPen62rKhCby1wXtgxc,EnnjMSFttpCTywBrYNt1J5QQeoSVkvzPipJDa8Y7kJow,6bjVT6JN2rSvpyn9PdfLYC8wJn4LWh49jpY47fnLDXZk,24.210572718999174,24.870550636998814,23.271968343388735,0.9612316327042577,0.009308787337355495,0.9993994488783757,38641.52463043,9565.550497476,46703.26170608581
YAkoNb6HKmSxQN9L8hiBE5tPJRsniSSMzND1boHmZxe,CfWX7o2TswwbxusJ4hCaPobu2jLCb1hfXuXJQjVq3jQF,EnTrdMMpdhugeH6Ban6gYZWXughWxKtVGfCwFn78ZmY3,9129211.666468007,9133026.728653966,9129211.666468007,1.0,912.9211666468008,0.9995901680311072,894753.157321,346355.392842,1240966.602650415
SERgf3DMJpQxUifu7VoFKmfne73d2fDJxSrxUMrcNJB,AJfM2GZ2tTB8UtN2krcyR9xufRJEx2mhSCbJyMgPo3GU,F4yRYkufQvERZcEKnKjJwRLU1btiMBUuEwq46hfm11QD,0.11024617000000347,0.1096770749999969,16.344017874231856,148.2502101817355,0.006537607149692743,150.65057698417732,26.094349003,31.144805989,8560.475716553423
Lid8SLUxQ9RmF7XMqUA8c24RitTwzja8VSKngJxRcUa,4PgzyzLtds9bKZ2to9PMnKqJzKEUpjvNUaeN23phegax,AtymwxoVN9peZo7EXTcDz9jKVc4vRmisJKKrNfe3ewBa,936.5290803250155,812.2242792230022,161115.57680768394,172.03478268050148,16.111557680768396,150.64229354699634,1110.693422655,7615.995696444,1338368.960947493
parEAJhzYzHW87y9VoZAQ22dzQ2MD2ekEtTReaxbMcz,3oyc6hpjYSJEquK6dSvG72NXyz3pqLZz5D8AC71pwgQb,Di2vordgFJVZ1aj1aBpvzXtLfZgJsuLLXawGtVFwX6Rz,8.172340935000022,9.50279321300036,1201.8544338813547,147.0636679796511,0.48074177355254183,172.131764111319,1284.231474367,172.767976809,218602.6477854029
KEnkcdADoLR5jS2CLLLesy8TtFsyWL37BhXNfDMzWzP,3qsjFRuw1qeLMPo4DLwaQevenGAGBj9dA3Q6rb8ax2YR,77iEv8zPQAEyCcEbvBRSB6AFcUdfkhiqnAKtPxk76rNN,6.580335999999994,6.422116000000001,0.11461802488913048,0.017418263275481766,4.5847209955652185e-05,1.0000680046243144,105.19994,0.46508,2.2975118790755613
KEN5P7p3asnb23Sw6yAmJRGvijfAzso3RqfyLAQhznt,9zj4aX38Uxf3h6AUjS4EipWS8mwbEofasHAf3a1uKGds,CwQDG1MWunn9cLNwcZLd8YBacweSR7ARo32w4mLua1Yr,263363.6806520012,263445.9310629992,263271.5356145361,0.9996501224571399,26.32715356145361,1.0,2050346.98697,1881795.653511,3931425.2701151883
7oAd7xG4m3oC2qeWB1szghTebAZyyGPAFDJ4wwwbRSNi,D9yh4KAysxt9GLacVe4Wwh2XqghhcjTCSTV9HuM7TBJd,HDYfJLpZKaMFb84jM4mRytn7XLR8UFZUnQpSfhJJaNEy,244.88065162597923,5.82080256200004,244.73358827598116,0.9993994488783757,0.09789343531039248,0.02383813745922263,985.693131702,300313.078462936,8144.005617787959
AURHmCnNwiW4uA2Qj1XvEh4iKgRUZYXtiY7FKAapUV5Y,BKWm4TRnTeKwfWXRyuzjRHU7iZDkPuXBX5b5V5jSVfGJ,A5Ww74HVrkj9nPeC7pHKLfgeDMEhBCpW1efQdz3TGLEg,0.009448547000374674,0.0082410210000603,1.5925989228287682,168.55490296715624,0.0006370395691315074,148.6955902389672,286.823174178,1818.04056981,318680.06789859076
SBFjafzbDXgDRsA5SUypY8FXjJ9sBdb4JbuQq2PHQDG,46xwHtnXoQR3wCHUbm2eCAbPYWbioDQ59Te1Db8M5DDL,FC38fiikZwFvDt5zTjNtGfKd7LjaPz2uUAzLwKP5pRJY,7.654719103000389,2.80578799700001,43.730371650790524,5.712864320997711,0.01749214866031621,2.1045896891941944,200.592970449,9541.113124964,21226.088730155672
BUSD5rCfUDpCxKGMvYU2yThChxgHoioK74PTPociGnv2,CcFHbafgYDZ8yA8Me1PdtDiVb2eeaS61LbqyKKK5CsNZ,26R9s4nmF3CFDTkiePDwRmtscn8i7r2eygbSijditJ58,13.740522239999997,13.65353222000001,13.744369976374882,1.0002800283939488,0.0013744369976374882,1.0,98.87256767,47.26447798,146.16473277633023
Lee1XZJfJ9Hm2K1qTyeCz1LXNc1YBZaKZszvNY4KCDw,9DgFSWkPDGijNKcLGbr3p5xoJbHsPgXUTr6QvGBJ5vGN,2hNHZg7XBhuhHVZ3JDEi4buq2fPQwuWBdQ9xkH7t1GQX,3463.9942839602954,2951.19208659999,607883.1704108333,175.48619327277186,60.78831704108334,149.88953141534688,7369.822497293,56565.233814967,9771838.48607092
KysFMBBoavfov2tLpvefWW6tPFt6rAeZWDJVy1mMQae,B8ka2V21TH3x64dFV8ETcjuQcwmrciJ2qzy1mJUttRew,7fSf7EYxBANyxzk2s5pymFgshA91tFYQNKKs5UnLWcYS,118.79953800000021,173.0523380000377,2.860748411778792,0.02408046748278421,0.001144299364711517,0.03458379697236149,134978.605724,2263.058466,3328.61308053306
MATgk4zXLXtYkwBH678J1xZbRDZ45LicNzkRBHkxTuY,y8dALFo1bJrSzPYjMX14HJX448pXqYmrfXHD1K8MXih,GN7Yuet3UyiWS5YVkEHv6oQKi4HGBJc3XDPt9zQhAqZz,168737.44818300015,168749.92651600015,168763.26896315152,1.0001530234125822,67.50530758526061,1.0,9424.783739,8748.612156,18174.83810757059
SAMyS8Jr2HJrkFwYVKbpUwsNStnQmvz3f8Tup8bWUWF,6jPzm5TFfquvgm25sTyN3MMGBfufRaFHMxobDWv6hMFW,Cj9ECoDmxsHTDzCY5ZA6RWrPbg9uFzEC1Qc2kso2vJG6,16064.23943017995,590.7853489099997,15874.785454375362,0.9882064770866985,6.349914181750146,0.0346965058467429,698.14851311,111021.72745323,4541.980898320242
