0,1,2,3,4,5,6,7,8,9,10,11
wrmcMSHFi3sWpAEy4rGDvQb3ezh3PhXoV2xNjgLBkKU,8p4mGnARWPBu6P2Gcw4adodLkNDorrXniZMhaY7eJXUn,AyY89zccbsgp9LKFgH4CFZMJmpSgqmPSdTfukhP227rc,0.021690280000001477,0.13546761000000151,4.996516995770978,230.35742257687028,0.001998606798308391,4019.454158125327,49.74465487,0.12566497,11964.155069026352
ercAoEmXjQzEvAFbdjAo81KtMxRGn9AW1ju882upmPH,CMRhskR2Eg6V42RTSdRTXGdozyPbWB8U9dVpijPWb9T4,7TKLLgrWswt6ZJ1pXhVR3FyufHGjJFqiEXxvWJfDcgRm,0.0009081789999640932,0.0012304720000884117,0.1332843644027848,146.7600158207297,5.3313745761113924e-05,142.66672354313377,327.851173143,1011.941157413,192485.77270387078
KEnkcdADoLR5jS2CLLLesy8TtFsyWL37BhXNfDMzWzP,3qsjFRuw1qeLMPo4DLwaQevenGAGBj9dA3Q6rb8ax2YR,77iEv8zPQAEyCcEbvBRSB6AFcUdfkhiqnAKtPxk76rNN,6.4629719999999935,0.06312400000000001,0.07443980121181328,0.011517890099448574,2.9775920484725313e-05,0.9997050869993352,112.695722,0.360367,1.6582776637606984
7dwD9TF6uikvHXxPFK9AsSim54yJoujQjY9vU6gNFumk,CquVr6atkvwueDYficKjn6SSEWq4F4rH4VSiBbW4GBWU,8BCa6ge3b7ho3TfZuM64Vk1hgbrJ3J7EPiAb9uP86CGd,0.08138714800000035,0.08199390300000031,13.96093853592505,171.53738494344327,0.00558437541437002,172.74707582387398,2.282278334,1.889604036,717.9196288114288
heyk4SZTeCUV6a65WiVA5bzic3KcxgVf1qxobfeV4tQ,9ZDpBKPqMABtGfq66FbVribaArMvtk63xxy91onZAtDt,DaTP4s6N7xxSPinbNZ3FB52EpRDRt87QShTuN3VPCW52,112.22863539999616,97.97280277499988,18327.14180967762,163.30183240986148,7.330856723871049,146.75691434195153,648.119057836,4504.816568702,766952.0090635752
ALLwa5WNZbvQsRKAqe1jdRGemdYQnW8E5k4msbRFcYtu,CGoM82Hbz7QVqTgvQatYtjvDWBvoUJp5qm21P8iMs9yb,3dxNNww8TivyN5FMy5dCNdi3Zcxv6e4kUfSPxfFwpdNq,15.958972026000001,15.878689733000002,64519.797962401455,4042.8542551041032,25.807919184960582,4006.1695010315884,1.048796027,7.49961998,34284.87831369636
SRMuKizofcAMicegrfSv7xs9q76tH1w8aAF7oX9FEWu,72Hj2KWntXPfbie4UgKeTPnm1XVkomDfCnRPKbvfTtPi,6aqJQ5wedqpUt4fFEDUqUmXhrdxCu4bEJsQdVPCADLko,267.8928249999999,269.2092080000002,22.174515295072556,0.0827738305237274,0.008869806118029021,0.08260299209514146,18090.832658,4861.769268,1899.0442048794105
KEVpg4SYCVrqFxKijQH6hm4QxsRdoE51ud64bEEFUC9,2bPenuBYfqzD8p5dFjCcggwkHDsc2RQDnx9AoyYGUBjA,AE6n6iLuX8oYu61vt5hoDYkjswpnxFxrhSehxrnQTnbx,977.9535273699998,978.2822108620012,977.3238444582825,0.9993561218461875,0.390929537783313,1.0,4621.487134216,2973.475931321,7591.987390933153
SAMGk1Nd4haC8zQA63DG37pzuEZy8j4q13tSFtCbcRE,9U9TnkHD3jXMAVZtynCVLgDruuqN4pTvLJTmVHCLWS8g,C6zoEbvqSknmi96QWq96UBiPCyNW3YSTvKhavR2BfifE,0.4290227599999956,0.404134290000006,1.065090614790309,2.4825969950645974,0.00042603624591612364,0.0,53.03149694,1.49649663,131.6558349470214
Sid7E679i9ABqptiAVhkmQ27YHN8vaYT4fppPwmxFsJ,GP7KB8o1bv527HG8kTzzzf4wJ5aEGHvcMQvVhLziUfmT,9gYxhAZ1M9wu5pxr8SBoa5NDm21gi3s9vMHaYTME77sa,9683.66747500001,30858.33638100003,111.09544391163567,0.011472455471901214,0.04443817756465427,0.03550444052262394,135868.550487,8610.958699,1864.4731664652863
FrnkTEL6yZ5Aycq2TrEgu29dCrwKG4LPUZydfiwqspkc,DjvZuMZ46fxKBoBpGMPcRcos4xdTtHFxwMh69DpA2ZFY,9rvDPJLAng4uVVqnnSoEXgNDFhBZQTny9AoQioYDZbQX,368.41284411500146,310.8669462689998,63542.53935265819,172.4764496343758,25.417015741063278,146.92695658587593,329.545782408,2562.017339331,433268.2969298616
MARpDPs5A7XiyCWPNH8GsMWPLxmwNn9SBmKvPa9LzgA,6YjT74rmcfCpw8LSjPNx5JTmZoYLGrTKnf9arfSgZ4SR,F8GSmi3vA8M8TsybLya1LQ4n1aFHCRbZ6k437PeTdXtg,91873.03739099995,98461.27562700026,85314.32781181132,0.928611159863197,34.12573112472453,1.0,378116.389481,16351.01864,367474.1176392358
SAMyS8Jr2HJrkFwYVKbpUwsNStnQmvz3f8Tup8bWUWF,6jPzm5TFfquvgm25sTyN3MMGBfufRaFHMxobDWv6hMFW,Cj9ECoDmxsHTDzCY5ZA6RWrPbg9uFzEC1Qc2kso2vJG6,5049.080970640032,173.4998816300007,5015.836159052914,0.9934156707368264,2.0063344636211657,0.0356552177524762,703.50822005,110865.46709432,4651.8084607678065
RoBgmK8CvjdHvPrqdDyVw54VwjZv2TqJ493xnqJAQHx,ExiHJxM7qPAcy27NDHAF6G7vnW7muNHi2sVJpnaNynGQ,6rkPHSqZb7StM4HwS9EuVrmfkV7tRdc7dnsFhyB6cefE,17.992040000000088,0.4608699999999999,0.44321274230845403,0.024633823752529,4.432127423084541e-05,0.91161359252331,6018.005887,24.199193,170.3068096289349
BkwbeSfcX1h4thMDd7obGkHrPevf3QwgzJ4pCEqG18Lu,35yX27bmurdebhfAb8EPmjLETDiUaEUCn9zHaDPbakH2,2CxECn1ZJFoESyUnQysQU8rRgT3iJ5GRs2Mdd6gZjx5g,0.00039719999999987543,0.0004500000000007276,0.7064850058693669,1778.6631567713707,0.0002825940023477468,1564.9452269170579,1.80779149,21.49003072,36846.173119952764
NorjjEePhxfwLF4vZjUHCrVVKLzQjEEGQFd3wgjEJmh,34M8pFVqgbV7aqHxvRT5tCv3vu2P1JJYT8J3VaxBK2oG,3AZWBSze3ucsY3xSeuLne3b2pauVqiaJ1SZSV5T9WGWw,74.54039899999998,113.16632399999071,48.72583919905449,0.6536836380370664,0.019490335679621797,1.0,37601.020954,2583.285629,27162.457800118682
B2izdXFYb2sNwbWWHmh75T4aQFtfXsUxem9u2p61HGzf,4DYwgJtxwuJdAjkj5RJSNH4e7U329V5cNp7d3a1nLrZv,EXNW64GEf1ACC6xY9BtKRiunrs6GoJSXBdxWN2eTPmrF,15248.871195999976,15063.600382000002,15020.884215378956,0.9850489273802231,1.5020884215378958,1.0,9606.611566,30413.328967,39876.31138584675
TETFuZgEmET6d9vYmz9iMFCxK1jKdKYxf3oPz8hSzJK,Eu1Ze6Z84LWNkq7SNoAHBJbXx5t1P95EwyqYohrfCRFV,ASMbv7WNu3qe4pkhREmvyEdwFNDZQ6B6iSrjkj4u8bdC,18.941191304,19.064866787000085,18.814074181121917,0.9932888528056185,0.0075256296724487675,0.9999860001959973,296.802446482,55.504892727,350.3146772453874
BSCrK1Nx9PXU9mF7STWWBqeHLxmtJDr9h7jheEy4tAWX,FfSySSbVJPvEo5a5AvrP3nySoXpRE2QPn1uUMpJJ1x7v,HL7Vcj6838ZmvBHDbQxXfjBNckNi83WvPiZQoMQLFeRM,0.004921171000000113,0.004899592000000119,19.968313931077475,4057.6346424615235,0.007987325572430991,4032.9085336344574,1.025258224,1.826291295,11525.389035678802
HEDSDjj84KS7LKhZY7ejkCACTdPen62rKhCby1wXtgxc,EnnjMSFttpCTywBrYNt1J5QQeoSVkvzPipJDa8Y7kJow,6bjVT6JN2rSvpyn9PdfLYC8wJn4LWh49jpY47fnLDXZk,12.487974642001063,12.854752837003616,11.995954751813338,0.9606005053427236,0.0047983819007253355,1.0,38649.081560793,9558.199253223,46684.526531552896
MATSnbbiTCv7Dc3trJrkrqjx7ckKdr6fwPoVwv9q3sD,631WX9JizSHJm4w6VanZeJAst9T8DeUUnPLesdGkCVtK,211maUSfpnXbPuW1iBu8b4dtJv5EbN1j7JJiEX5TZKEP,24713.790983000014,24722.26915400001,24721.973956379574,1.0003311095972767,9.888789582551832,0.9975748954292115,21939.971,22594.609243,44487.05048781169
ALBpShJ9NLpE739pcHDF2LNVk5J4VYPvvKuV6jMPitZi,D6d156U1bPiJpDYRLextvDRccgFk7QzkQbJg42ceKEu5,GNcM8U5g8RwTZffwwm3kSQqUNPSwv5d2fbN9sLxPJqt2,3776.5126489999966,3778.6440090000033,3767.429376772598,0.9975947989397563,1.5069717507090392,0.996427806314363,50940.324693,49268.321271,99910.12825489305
SoNcU2iwHMw6dGzsYNQkYFkUjwN1UdAjrWVRnStrZu2,8ivTTid27jZnYNc4w3CTA1Z6QS2twsFb8WMwUabeDJgc,CyXm53PMvHCbeXJBykU46Rcbo28xk5srhMZFg7gv6EYB,26.950997838,26.753076422000042,4628.753825536276,171.74702967805848,1.8515015302145104,169.8252175843144,11.021719457,13.665140722,4213.633075118539
BSCuChvaSj9b5HUSqgDVRzcnr2sSn7cXaamt1jbKH6hn,GnKpRj5kBVPMJfiwZtEuD9GYApLzPdW5JFuZTcyX4BTc,3dmwD9okkomV9nDwyuh4UMhKdUR13QpuKxRo89ycZB5t,96.14498428599995,96.10798716799991,96.26940083798554,1.0012940514048605,0.03850776033519422,0.9946111965371617,1498.365713792,1597.147209047,3088.845172685152
BUSDTd9WiT6uBHJRgNvFXBsA7JrifsAtWzKfioN7ERcy,DyBxrn7gSc1EwnpWhDyhzvMHPtxpmBqRqotapLcKcfTM,Cds99GeBgoCpqBsoRWu1C6fF9LiUMd4pXQQD24s9LPff,6562.314971330001,6597.312377609996,6551.505184321028,0.9983527479165203,0.6551505184321028,0.9973301471959564,368.90626554,255.3305593,622.9474482157754
KEN5P7p3asnb23Sw6yAmJRGvijfAzso3RqfyLAQhznt,9zj4aX38Uxf3h6AUjS4EipWS8mwbEofasHAf3a1uKGds,CwQDG1MWunn9cLNwcZLd8YBacweSR7ARo32w4mLua1Yr,312016.2686859998,312120.2346240012,310492.0631480062,0.9951149805604288,31.04920631480062,1.0,2068218.84617,1829305.452442,3887421.009343172
BUSDgu5JdqP1rndBvXvanbEufS94FNh1w5FJcAj6vawb,Bgzr8cWubt89JQFXndVjtdKmDbGzuPxNhvjH1EhWCwbo,Dxaf8xPBBQsasRKW5Aa4Sw2YrbfGofY9xZueyyF23FBW,14002.965186340001,13844.097225330006,14175.547085396816,1.0123246681513691,5.670218834158727,1.0,3673.94675438,11114.59128621,14833.818215143532
BSCNHw8CmxbZ8hCWWzMf5FaG2ajPT6JxfznKUNuRVrn4,7n9kgNL633yGzCYksgnzHyjG73ZLBAwvEae5sbAekbzW,SscdxE99omdG9AiMVwmaEMQySQnCgeAh1sPj2Leutm2,133.37626456099906,131.36986366899873,135.40934006771232,1.0152431582441226,0.05416373602708493,1.0,2581.009307253,9105.05181086,11725.403851413012
SEQV6QiTpvTzrceiaYg9Avnwf7oc8ZALpnQMz6TyT4A,3dFMPj4r9mMmPHF32mz1gNDX7f8ftidWof7S8YiYTs1j,Fc1ED3YPeQfXQosHbd8DTaBd2AV5gHQtwiSAL5C5pUhi,636.5894985259999,638.4049769530002,633.5860781269647,0.9952820139100794,0.2534344312507859,0.9996880973136381,4350.43719164,1252.638488124,5582.159676299283
GokA1R67GqSavkd15zR62QD68Tuc5AEfvjssntVDEbM8,3YB7hfpBdbQEuZqLGWVDpRPmeZWCUsrrWyqGXegnQ6Cg,4DPCj6Z1DsG6HUtwSogBGqXEUxdEV5a8YVrrFtcnz7UW,52539.25237900001,52548.23416099999,52541.45912028306,1.000042001764074,5.2541459120283065,1.0,17895.167516,15914.369117,33810.28826160407
STK75uPSyBnEhGTTzb1nwmP3n427XoXmfRhXxxhyady,6TYyD5fUmDe6N65avW1Ny2RxzRNobw2RRgKwH9CTzSAU,54zDfk4cx2vGrEajPtodWpArNe5eUurytyxd4X3aZAxK,539.5996473359971,601.8998851979998,78804.20345868269,146.04198473393924,7.88042034586827,163.05643415797493,496.844616819,92.768480416,87686.67156350719
C98Sspw7XqnMsgxea3SLQVdbMDL8pKUc3RE82UvX9eq2,CSqgQJurPCzGxb4Cgwx5R61hWQUiaoUHcShNc8r1cKEL,6S2CR5EnukPhC914XkAns8m5GixjMAoUuZMsS5ubHuWc,44.05457799999988,44.03893700000003,0.0,0.0,0.0,1.0,966.937896,1045.940126,1045.940126
AUSejoEUCh2DBs9mof6BNC8Pubs22w4cJa1ccV9h44R,4xkyD7AfGQDwsQMy9MosRRNGoVJ1zosNinesxg1TzHG7,Cbm5gsQe3nSiCsFrvepVzMCD9xLK3ri9g3ypS2hdmVJ7,1082.899677000003,1083.0763439999973,1082.626855032535,0.9997480634880012,0.1082626855032535,1.0,14556.27304,14297.394283,28850.0000663426
SHRJZYZxBfNz1SL5puXfaymPnndnJTY6MJrTrzpsYMc,BKJWe131yeNE594dMwrLyT25RPsytUgcTdMpph8rbuda,EreMRai79gFEuXwrMnj6kpV4pvVAUqukjSuy87XQTT8K,3.2703049999999996,3.311013,3.031560514779564,0.9269962632780626,0.0012126242059118258,1.000042001764074,0.017845,0.002644,0.019186359370861238
KysFMBBoavfov2tLpvefWW6tPFt6rAeZWDJVy1mMQae,B8ka2V21TH3x64dFV8ETcjuQcwmrciJ2qzy1mJUttRew,7fSf7EYxBANyxzk2s5pymFgshA91tFYQNKKs5UnLWcYS,12.401752000000215,17.992039999982808,0.3046762125272386,0.0245671911942146,0.00012187048501089544,0.03543394625201863,135001.02234,2247.546296,3396.235361892604
Lid8SLUxQ9RmF7XMqUA8c24RitTwzja8VSKngJxRcUa,4PgzyzLtds9bKZ2to9PMnKqJzKEUpjvNUaeN23phegax,AtymwxoVN9peZo7EXTcDz9jKVc4vRmisJKKrNfe3ewBa,253.26304144599544,217.23574195300057,43078.055874931146,170.09215252639575,4.307805587493115,146.14767872180408,1031.194380439,7707.593592606,1301844.98393241
HDSBGqAuMRr6X2AfmmbXQPpRgU6VEhtfNVVZ3wUTZXg,DCZ1d8kNLgDcdSd99y4udLgwq46mfDXNS9KXj96kQf5L,Fq8GGYQM5Pz3q7LmVMbrXHJgsxA5ev86kTq8yGgGuYsa,40.70491855600085,40.865576329999385,40.49697424716976,0.9948914205897501,0.016198789698867906,1.0,12711.582593342,12186.482763597,24833.127227830963
KwnjUuZhTMTSGAaavkLEmSyfobY16JNH4poL9oeeEvE,J63v6qEZmQpDqCD8bd4PXu2Pq5ZbyXrFcSa3Xt1HdAPQ,BnKQtTdLw9qPCDgZkWX3sURkBAoKCUYL1yahh6Mw7mRK,1701.0347560000125,49389.40243999961,59.84788238699483,0.03518322137504543,0.005984788238699483,1.0,270290.42889,778.091893,10287.779888192845
DA1mL7dfBow33EH5yjUuZE6SH2KeUK5zEXzsyhE5r5j5,B4UtLRZND3D83CitRCBUyeiNr7H8m7YFRqBmiPmXjhW4,AAmpYbuixWiSqDaJBCqYEs1pb5SrbdPr9mgXrB58Q2e,3.965695235000112,3.96939155799987,3.9651355402580624,0.9998588659216396,0.001586054216103225,0.9991051484764517,1637.759450222,1468.764487038,3104.978467450457
daob129AwBGn9Y5r91uLoWZeYiGzbPmksauMhFZKTze,6VW5GQNyj4LStgmxEHLr5zUfW92vQnmbw8jTnCH7a38F,4VPCCUifPeBA1c7HWK358CHn2nyjm8pdTRk6Ps3KmnMQ,34.03546219600008,30.686478458000025,5522.475235357135,162.25650774344845,2.208990094142854,146.3366949798904,52.66623201,233.320181514,42688.7431168157
RajgMbScQbqqrdJfR2rxfHJiTiY5b6bJ2tTXiF4aPxy,725ZA3fhyBAKb5iopNRrcbSuQa3LXA1656Q3mBvYPxeg,GLA6i1dSZpUfk2f9Nj8uiG7xyDdAR2reff8oEiZH3617,581058.69910193,581144.3350295596,581054.6840140636,0.9999930900477478,232.42187360562542,1.0,124958.00674555,107747.5734649,232704.71675658986
BSC8REUo9LpiiWUuqMuLXs2D2yJsJfGd4HdiF3wCLxk5,AZjEH1zWVx1UJ6udMyRijGTzPteuLnaY18yNNmprJEsh,Caf8ypkSVR8xYnXNhjvfvdGCC7mrM3C11rz8Xi6NA6aK,54.56292070800009,54.55930433499998,54.56727212054807,1.0000797503596126,0.02182690884821923,0.998939281318828,3208.135673993,3094.052253214,6299.161858155181
KZMu9QBEdL97EFgamLbN5DE1AoKBG4HdrKKJo4Vuon3,DD4ACBWyVqdaKWh7v5btsgqQCCMwbKnuL2xd9pv7Gyuw,GcYqiJ1MAuYbNTNYXm1F1gQYTfTgkErACAhNU5dpVj9T,343.6007441500001,347.09398623999846,341.3733173913532,0.9935173983276518,0.1365493269565413,0.9990514406191897,1772.38735888,1309.71473001,3069.3700654399395
SBFjafzbDXgDRsA5SUypY8FXjJ9sBdb4JbuQq2PHQDG,46xwHtnXoQR3wCHUbm2eCAbPYWbioDQ59Te1Db8M5DDL,FC38fiikZwFvDt5zTjNtGfKd7LjaPz2uUAzLwKP5pRJY,16.778450018001735,7.036135467000605,112.807983861359,6.723385279350977,0.045123193544543604,2.474463536305329,200.592970449,9541.113124964,24957.8003481457
MATgk4zXLXtYkwBH678J1xZbRDZ45LicNzkRBHkxTuY,y8dALFo1bJrSzPYjMX14HJX448pXqYmrfXHD1K8MXih,GN7Yuet3UyiWS5YVkEHv6oQKi4HGBJc3XDPt9zQhAqZz,55519.98364700002,55494.789136,55484.47358390633,0.9993604093380237,22.193789433562532,1.0,10405.930318,7697.729501,18097.00428313943
moFiBS1R4Lf3E3zzmBPnw3NF4RhWPkhREFviuzUaCAU,44ALBrpqi9PfZkBRTvbtRNtFJGsatfY4QydjtMbFWq8S,2ho8qEEie1UjVwWNBo9y4oAJZMyMLx8zPj9bxyUz6uWs,3669.1232628479956,3667.762295496006,3663.7161600257896,0.9985263229292523,1.4654864640103158,0.9999845702380813,39217.015736115,29125.342209905,68284.11533205042
BUSD5rCfUDpCxKGMvYU2yThChxgHoioK74PTPociGnv2,CcFHbafgYDZ8yA8Me1PdtDiVb2eeaS61LbqyKKK5CsNZ,26R9s4nmF3CFDTkiePDwRmtscn8i7r2eygbSijditJ58,10.607651239999996,10.499924,10.607305229703401,0.9999673810640296,0.0010607305229703404,0.9998723662924427,102.02617589,44.13160698,146.14882220408202
SoN9GaFpSXfpyR5dth3x7PHPVhvJMpQqqDJfCSmPv1t,9kZ9iS68ViMPtoeqtnhAKuF2iqVyfHPdZHoUNdwCELr,BBhm5fJLjw3HRzjtKB8uMEYjGhY6EDm9co3cqpjrSzB9,40.458232388000035,39.64830918000001,6572.881081378785,162.46090581377723,2.629152432551514,169.8394371928666,34.438275784,45.660655645,13349.853535137396
WiiQFxXqp8P9Fs1rt9SVcDyA3KUdJmUsog6wnVQAwba,3S2jpqSYxho6wiz3cafhjXruVY8cg4HYa2v3BqBHYFSj,Dfe67M6TfrG74gKRtdqys4e6E9QirPD53BkF4FujFjuv,6619.280667034003,6632.851683061999,6596.956888175306,0.9966274615050127,0.6596956888175306,1.0,21771.72251798,4941.013958468,26639.31050415393
Cob4usZcpHEY7Qt4ZCwj6WVg9S44zvzYV2v9qYF65dTf,NhFM9UXE48PyNAyeyPYA3iXztqKVJwA4bTdLj4ysM8w,6TuFuynuBoeskxyR2cz4wxyidk8dpDK7kAWw3UkjQGx,368.6105100000001,22054.805703000035,5.686635573309681,0.015427220383134708,0.002274654229323873,1.0,64206.54524,266.806019,1257.3345424571887
parEAJhzYzHW87y9VoZAQ22dzQ2MD2ekEtTReaxbMcz,3oyc6hpjYSJEquK6dSvG72NXyz3pqLZz5D8AC71pwgQb,Di2vordgFJVZ1aj1aBpvzXtLfZgJsuLLXawGtVFwX6Rz,5.981285795999867,6.948688746999949,842.0145606233998,140.77484162126444,0.33680582424935995,166.08707812636501,1284.314528444,172.693555543,209481.34238498303
DFWzVTzNBrQZLjoQ4yQwkj9HuoXmfkuZP9V5vbymZe23,DhgiEgiNdqZdRdo195UUHnoEJUtefK8buko8nU97XJUZ,2K2kkXsouBHtWVjtcgkyiXd8eP3oVBvq1bTJzcVdLLr2,808.5743918699991,933.5072528760065,696.5806717025356,0.8614923731279018,0.27863226868101426,0.998939281318828,66982.403926235,9084.27495102,66779.46920709843
7oAd7xG4m3oC2qeWB1szghTebAZyyGPAFDJ4wwwbRSNi,D9yh4KAysxt9GLacVe4Wwh2XqghhcjTCSTV9HuM7TBJd,HDYfJLpZKaMFb84jM4mRytn7XLR8UFZUnQpSfhJJaNEy,4643.8589079469675,104.65228037200018,4638.702118466294,0.9988895464778552,1.8554808473865179,0.02367695444056326,981.482432264,300490.39091116,8095.089837070748
AURHmCnNwiW4uA2Qj1XvEh4iKgRUZYXtiY7FKAapUV5Y,BKWm4TRnTeKwfWXRyuzjRHU7iZDkPuXBX5b5V5jSVfGJ,A5Ww74HVrkj9nPeC7pHKLfgeDMEhBCpW1efQdz3TGLEg,0.028348041000072044,0.02521872400001257,4.652574109889093,164.12330255474333,0.0018610296439556372,146.09673356923085,286.83244982,1818.131606612,312698.9778693171
SERgf3DMJpQxUifu7VoFKmfne73d2fDJxSrxUMrcNJB,AJfM2GZ2tTB8UtN2krcyR9xufRJEx2mhSCbJyMgPo3GU,F4yRYkufQvERZcEKnKjJwRLU1btiMBUuEwq46hfm11QD,0.06058049100000318,0.06038951400000059,8.568927324119265,141.446977115435,0.003427570929647706,146.48835908281296,26.203928038,31.034633884,8252.679001928518
vEnkoSUkpnbRrPgBz9DfcVxNz67zjwMYBZraAvDDNSf,DtfyjjsZ5yCjWKLKHvwsfXs5QVsmm1QkK6Sh9JZHoq1g,e5wrKCRv4GhHvEf1VD5Pq2KGaZDXP77nTL612Jyrxwy,21033.799595999993,21031.639837000002,21045.8588731343,1.0005733285172405,2.10458588731343,0.9988024358793807,2548.212607,4313.329399,6857.83748042693
Lee1XZJfJ9Hm2K1qTyeCz1LXNc1YBZaKZszvNY4KCDw,9DgFSWkPDGijNKcLGbr3p5xoJbHsPgXUTr6QvGBJ5vGN,2hNHZg7XBhuhHVZ3JDEi4buq2fPQwuWBdQ9xkH7t1GQX,2646.5163735379974,2255.0363311309957,454320.8059338578,171.66748351777574,45.432080593385784,146.01134245310445,7352.541749416,56593.455648551,9525478.772886787
SUiuyGR7SFq3xeRVJonq84fjjeFwRSsFekcevJ53tzy,49GjCCPsv7fBqo6t3iKDrP1xxGDS8uWZbVCdfnp2gjMf,CEwj5xEbbJEjYqM8D6Ai8ByGz1mrh8mkAVsE5fzDSSSx,12.607446999999935,78.50773299999992,0.1960817026548405,0.015552847666529276,7.843268106193621e-05,0.9298485090809004,569.928449,2.597706,11.279483399248809
JSoLLrxK5bYdHwTEWYaGgmeycBCNXKDiBCTw5hXGBg7,xG4wXczA7Dk4hccJ61CHKpDHW4NrNfQwgmWgkb9BuF2,BVR6WgfhsRr9Lob4QDnkEAiNGgAbv7ZieKcY9kSg3QYR,32.78288813299983,28.199001074999995,5593.664143710691,170.62755792037768,2.2374656574842766,146.6133775910249,18.217385573,168.863415733,27866.02374418746
YAkoNb6HKmSxQN9L8hiBE5tPJRsniSSMzND1boHmZxe,CfWX7o2TswwbxusJ4hCaPobu2jLCb1hfXuXJQjVq3jQF,EnTrdMMpdhugeH6Ban6gYZWXughWxKtVGfCwFn78ZmY3,7922202.820854023,7928602.53277498,7922202.820854023,1.0,792.2202820854023,1.000203041217367,1002514.654019,237935.385495,1240498.3502043255
