0,1,2,3,4,5,6,7,8,9,10,11
MARpDPs5A7XiyCWPNH8GsMWPLxmwNn9SBmKvPa9LzgA,6YjT74rmcfCpw8LSjPNx5JTmZoYLGrTKnf9arfSgZ4SR,F8GSmi3vA8M8TsybLya1LQ4n1aFHCRbZ6k437PeTdXtg,83214.15365499989,88520.23992500035,77348.57887330085,0.9295122941943591,30.939431549320346,1.0,378299.52413,16163.562042,367797.62060871057
daob129AwBGn9Y5r91uLoWZeYiGzbPmksauMhFZKTze,6VW5GQNyj4LStgmxEHLr5zUfW92vQnmbw8jTnCH7a38F,4VPCCUifPeBA1c7HWK358CHn2nyjm8pdTRk6Ps3KmnMQ,29.220663609000205,26.350079099999988,4764.544184192281,163.0539349806129,1.9058176736769123,147.2589224181093,52.295858573,233.726479265,42945.355000659736
SoN9GaFpSXfpyR5dth3x7PHPVhvJMpQqqDJfCSmPv1t,9kZ9iS68ViMPtoeqtnhAKuF2iqVyfHPdZHoUNdwCELr,BBhm5fJLjw3HRzjtKB8uMEYjGhY6EDm9co3cqpjrSzB9,51.74115747400002,50.82119854400002,8966.368806537854,173.29277589206353,3.5865475226151413,167.76519315142218,32.304861938,47.818818193,13620.532470467273
Cob4usZcpHEY7Qt4ZCwj6WVg9S44zvzYV2v9qYF65dTf,NhFM9UXE48PyNAyeyPYA3iXztqKVJwA4bTdLj4ysM8w,6TuFuynuBoeskxyR2cz4wxyidk8dpDK7kAWw3UkjQGx,116.60410400000293,6587.613989000034,0.9732284054206558,0.008346433547661678,0.00038929136216826234,1.0,71924.448104,178.114465,778.4270915522769
BSCNHw8CmxbZ8hCWWzMf5FaG2ajPT6JxfznKUNuRVrn4,7n9kgNL633yGzCYksgnzHyjG73ZLBAwvEae5sbAekbzW,SscdxE99omdG9AiMVwmaEMQySQnCgeAh1sPj2Leutm2,3051.5385702369977,3008.3991115560007,3097.774518429474,1.0151516840204597,1.2391098073717897,0.9999093132248371,2572.640042887,9113.548238991,11724.34163260612
SERgf3DMJpQxUifu7VoFKmfne73d2fDJxSrxUMrcNJB,AJfM2GZ2tTB8UtN2krcyR9xufRJEx2mhSCbJyMgPo3GU,F4yRYkufQvERZcEKnKjJwRLU1btiMBUuEwq46hfm11QD,4.001404862000001,3.977664251,589.8288566791618,147.40544309339165,0.23593154267166475,147.22783242056985,26.203928038,31.034633884,8431.76349993603
KEVpg4SYCVrqFxKijQH6hm4QxsRdoE51ud64bEEFUC9,2bPenuBYfqzD8p5dFjCcggwkHDsc2RQDnx9AoyYGUBjA,AE6n6iLuX8oYu61vt5hoDYkjswpnxFxrhSehxrnQTnbx,2156.3305453470007,2155.903191862001,2154.978722884178,0.9993730912611056,0.8619914891536712,1.0,4621.487134216,2973.475931321,7592.065814865873
HEDSDjj84KS7LKhZY7ejkCACTdPen62rKhCby1wXtgxc,EnnjMSFttpCTywBrYNt1J5QQeoSVkvzPipJDa8Y7kJow,6bjVT6JN2rSvpyn9PdfLYC8wJn4LWh49jpY47fnLDXZk,6.818892642000719,7.021704822000174,6.627115348948996,0.9718755957718885,0.0026508461395795984,1.0,38654.914608808,9552.530171223,47120.298336169755
KZMu9QBEdL97EFgamLbN5DE1AoKBG4HdrKKJo4Vuon3,DD4ACBWyVqdaKWh7v5btsgqQCCMwbKnuL2xd9pv7Gyuw,GcYqiJ1MAuYbNTNYXm1F1gQYTfTgkErACAhNU5dpVj9T,139.8466678399991,141.62910625999848,138.21250537210673,0.9883146127602981,0.055285002148842695,0.9999259454844774,1954.11164118,1129.52490399,3060.7183475136667
SBFjafzbDXgDRsA5SUypY8FXjJ9sBdb4JbuQq2PHQDG,46xwHtnXoQR3wCHUbm2eCAbPYWbioDQ59Te1Db8M5DDL,FC38fiikZwFvDt5zTjNtGfKd7LjaPz2uUAzLwKP5pRJY,1.4008409150004297,1.4016470000005938,8.485685433879116,6.05756538305887,0.0033942741735516467,2.2369462998671255,200.615882922,9541.044954067,22558.04903454618
HDSBGqAuMRr6X2AfmmbXQPpRgU6VEhtfNVVZ3wUTZXg,DCZ1d8kNLgDcdSd99y4udLgwq46mfDXNS9KXj96kQf5L,Fq8GGYQM5Pz3q7LmVMbrXHJgsxA5ev86kTq8yGgGuYsa,15.603814873000374,15.662518821998674,15.495037278583863,0.9930287820445287,0.006198014911433547,0.9999575967981077,12686.379535834,12211.58386728,24809.00607604772
Dg3mAgpwDfVNnbGWcsxL8sUcSkEbjSJQhKAWNigG44Ju,EATxwd8YA2wV93VJcKMmH2Kn2Y9XfJVUB9hHVu3udwEy,GiGvrRi7NMHfHKanG2B8xyCEqe8jaafWins8bhrLVEaa,0.029699047999999978,0.029472162000000024,5.157979563325691,173.6749125199466,0.0020631918253302766,172.95167280587455,0.220611611,0.237823851,79.44673510489454
AUSejoEUCh2DBs9mof6BNC8Pubs22w4cJa1ccV9h44R,4xkyD7AfGQDwsQMy9MosRRNGoVJ1zosNinesxg1TzHG7,Cbm5gsQe3nSiCsFrvepVzMCD9xLK3ri9g3ypS2hdmVJ7,2132.178451000005,2132.3181380000024,2131.5411202050636,0.999701089374277,0.21315411202050638,1.0,14574.248099,14279.424191,28849.315892381288
7dwD9TF6uikvHXxPFK9AsSim54yJoujQjY9vU6gNFumk,CquVr6atkvwueDYficKjn6SSEWq4F4rH4VSiBbW4GBWU,8BCa6ge3b7ho3TfZuM64Vk1hgbrJ3J7EPiAb9uP86CGd,0.09187284600000023,0.09227829799999987,15.793983859588359,171.9113377590188,0.006317593543835345,170.60755910912144,2.288679211,1.883233767,714.7438210840116
BUSDgu5JdqP1rndBvXvanbEufS94FNh1w5FJcAj6vawb,Bgzr8cWubt89JQFXndVjtdKmDbGzuPxNhvjH1EhWCwbo,Dxaf8xPBBQsasRKW5Aa4Sw2YrbfGofY9xZueyyF23FBW,7381.826425390002,7307.033329169999,7469.606476952755,1.0118913730158745,2.987842590781102,1.0,3626.32050267,11157.30695637,14826.74938881236
B2izdXFYb2sNwbWWHmh75T4aQFtfXsUxem9u2p61HGzf,4DYwgJtxwuJdAjkj5RJSNH4e7U329V5cNp7d3a1nLrZv,EXNW64GEf1ACC6xY9BtKRiunrs6GoJSXBdxWN2eTPmrF,14267.565743999963,14093.408494999987,14402.924427772166,1.0094871603328077,1.4402924427772166,1.0,9662.596288,30356.084726,40110.35161421545
BUSDTd9WiT6uBHJRgNvFXBsA7JrifsAtWzKfioN7ERcy,DyBxrn7gSc1EwnpWhDyhzvMHPtxpmBqRqotapLcKcfTM,Cds99GeBgoCpqBsoRWu1C6fF9LiUMd4pXQQD24s9LPff,4159.200753550001,4163.00588005,4146.867761483959,0.9970347687460109,0.41468677614839594,0.9977859130589223,359.77980352,263.87363814,622.002372165748
SoNcU2iwHMw6dGzsYNQkYFkUjwN1UdAjrWVRnStrZu2,8ivTTid27jZnYNc4w3CTA1Z6QS2twsFb8WMwUabeDJgc,CyXm53PMvHCbeXJBykU46Rcbo28xk5srhMZFg7gv6EYB,32.27016782300001,31.973761668000044,5578.469367758898,172.867690008818,2.2313877471035592,171.05183708817773,10.895079828,13.789562662,4242.137308305672
SEQV6QiTpvTzrceiaYg9Avnwf7oc8ZALpnQMz6TyT4A,3dFMPj4r9mMmPHF32mz1gNDX7f8ftidWof7S8YiYTs1j,Fc1ED3YPeQfXQosHbd8DTaBd2AV5gHQtwiSAL5C5pUhi,432.4078691259999,433.68439875700005,430.0959147719938,0.994653301849758,0.17203836590879754,0.998591985300726,4607.915909306,995.813120924,5577.689775249251
TETFuZgEmET6d9vYmz9iMFCxK1jKdKYxf3oPz8hSzJK,Eu1Ze6Z84LWNkq7SNoAHBJbXx5t1P95EwyqYohrfCRFV,ASMbv7WNu3qe4pkhREmvyEdwFNDZQ6B6iSrjkj4u8bdC,6.0124725040000015,6.058875393000051,5.944141130328457,0.9886350625926213,0.002377656452131383,0.9986957034113447,309.808437876,42.576173927,348.80812633985056
Lid8SLUxQ9RmF7XMqUA8c24RitTwzja8VSKngJxRcUa,4PgzyzLtds9bKZ2to9PMnKqJzKEUpjvNUaeN23phegax,AtymwxoVN9peZo7EXTcDz9jKVc4vRmisJKKrNfe3ewBa,183.95938872799957,157.80176527499543,31682.85841232108,172.22746080748846,3.168285841232108,147.85749317378918,1029.850789719,7709.143115403,1317223.162085353
YAkoNb6HKmSxQN9L8hiBE5tPJRsniSSMzND1boHmZxe,CfWX7o2TswwbxusJ4hCaPobu2jLCb1hfXuXJQjVq3jQF,EnTrdMMpdhugeH6Ban6gYZWXughWxKtVGfCwFn78ZmY3,7868247.459352973,7880346.60533803,7868247.459352973,1.0,786.8247459352973,0.9983337809196452,911606.401007,328396.210675,1239455.4316498572
SRMuKizofcAMicegrfSv7xs9q76tH1w8aAF7oX9FEWu,72Hj2KWntXPfbie4UgKeTPnm1XVkomDfCnRPKbvfTtPi,6aqJQ5wedqpUt4fFEDUqUmXhrdxCu4bEJsQdVPCADLko,7953.521322999998,7957.907110999999,658.0029082434424,0.08273101705789475,0.263201163297377,0.08302346899119097,18090.832658,4861.769268,1900.3139352846406
BSC8REUo9LpiiWUuqMuLXs2D2yJsJfGd4HdiF3wCLxk5,AZjEH1zWVx1UJ6udMyRijGTzPteuLnaY18yNNmprJEsh,Caf8ypkSVR8xYnXNhjvfvdGCC7mrM3C11rz8Xi6NA6aK,703.9230348880001,704.250791556,703.6648067918628,0.9996331586219815,0.2814659227167452,0.9998758274207442,3262.695556036,3039.489910214,6300.611153214396
KEN5P7p3asnb23Sw6yAmJRGvijfAzso3RqfyLAQhznt,9zj4aX38Uxf3h6AUjS4EipWS8mwbEofasHAf3a1uKGds,CwQDG1MWunn9cLNwcZLd8YBacweSR7ARo32w4mLua1Yr,459448.3159290012,459566.5934609964,459057.1991952868,0.9991487252860562,45.905719919528686,1.0,2078786.241229,1809148.656036,3886165.2791021476
JSoLLrxK5bYdHwTEWYaGgmeycBCNXKDiBCTw5hXGBg7,xG4wXczA7Dk4hccJ61CHKpDHW4NrNfQwgmWgkb9BuF2,BVR6WgfhsRr9Lob4QDnkEAiNGgAbv7ZieKcY9kSg3QYR,45.69526443099987,39.42647877199995,7816.483547162805,171.0567526962393,3.126593418865122,147.79344388282937,18.33432357,168.724003406,28072.511381837296
ercAoEmXjQzEvAFbdjAo81KtMxRGn9AW1ju882upmPH,CMRhskR2Eg6V42RTSdRTXGdozyPbWB8U9dVpijPWb9T4,7TKLLgrWswt6ZJ1pXhVR3FyufHGjJFqiEXxvWJfDcgRm,0.0009081789999640932,0.0009285840000075041,0.13429477126464523,147.87257938132774,5.371790850585809e-05,143.0587330489707,327.850942215,1011.941157413,193247.1843775435
GokA1R67GqSavkd15zR62QD68Tuc5AEfvjssntVDEbM8,3YB7hfpBdbQEuZqLGWVDpRPmeZWCUsrrWyqGXegnQ6Cg,4DPCj6Z1DsG6HUtwSogBGqXEUxdEV5a8YVrrFtcnz7UW,30953.505961999985,30957.72311299998,30935.563335265528,0.999420336205001,3.093556333526553,1.0,23935.759939,9872.080623,33793.96586855758
Lee1XZJfJ9Hm2K1qTyeCz1LXNc1YBZaKZszvNY4KCDw,9DgFSWkPDGijNKcLGbr3p5xoJbHsPgXUTr6QvGBJ5vGN,2hNHZg7XBhuhHVZ3JDEi4buq2fPQwuWBdQ9xkH7t1GQX,3755.7764054849167,3200.322733075016,651885.3914278767,173.5687434629672,65.18853914278766,148.11148232785632,7349.293749834,56599.549822013,9658650.904726628
heyk4SZTeCUV6a65WiVA5bzic3KcxgVf1qxobfeV4tQ,9ZDpBKPqMABtGfq66FbVribaArMvtk63xxy91onZAtDt,DaTP4s6N7xxSPinbNZ3FB52EpRDRt87QShTuN3VPCW52,91.57046094099678,79.90966968200007,15409.207033273384,168.2770499888853,6.163682813309354,148.06453007575575,656.00809218,4495.774800096,776055.8896235261
FrnkTEL6yZ5Aycq2TrEgu29dCrwKG4LPUZydfiwqspkc,DjvZuMZ46fxKBoBpGMPcRcos4xdTtHFxwMh69DpA2ZFY,9rvDPJLAng4uVVqnnSoEXgNDFhBZQTny9AoQioYDZbQX,361.8178189229981,305.417898323,62848.05414654237,173.7008263816815,25.139221658616947,148.04835259195653,325.126003862,2557.379269662,435090.4433752832
Sid7E679i9ABqptiAVhkmQ27YHN8vaYT4fppPwmxFsJ,GP7KB8o1bv527HG8kTzzzf4wJ5aEGHvcMQvVhLziUfmT,9gYxhAZ1M9wu5pxr8SBoa5NDm21gi3s9vMHaYTME77sa,2500.7756590000054,10043.59123000002,20.872557855453387,0.008346433547661678,0.008349023142181356,0.0347143415845389,142195.668846,6842.534194,1424.3607701028484
ALBpShJ9NLpE739pcHDF2LNVk5J4VYPvvKuV6jMPitZi,D6d156U1bPiJpDYRLextvDRccgFk7QzkQbJg42ceKEu5,GNcM8U5g8RwTZffwwm3kSQqUNPSwv5d2fbN9sLxPJqt2,3160.932106,3163.424527000003,3156.106419284914,0.9984733342718983,1.2624425677139657,0.9974634504455171,52340.049505,47868.605983,100007.32863703367
SHRJZYZxBfNz1SL5puXfaymPnndnJTY6MJrTrzpsYMc,BKJWe131yeNE594dMwrLyT25RPsytUgcTdMpph8rbuda,EreMRai79gFEuXwrMnj6kpV4pvVAUqukjSuy87XQTT8K,3.2703049999999996,3.311013,3.025496916963868,0.9251421249589468,0.0012101987667855472,0.9995012488768105,0.017845,0.002644,0.01915184252192269
KwnjUuZhTMTSGAaavkLEmSyfobY16JNH4poL9oeeEvE,J63v6qEZmQpDqCD8bd4PXu2Pq5ZbyXrFcSa3Xt1HdAPQ,BnKQtTdLw9qPCDgZkWX3sURkBAoKCUYL1yahh6Mw7mRK,1208.2612830000007,36802.4383290002,41.981863274765345,0.03474568279679398,0.004198186327476535,1.0,270635.965098,765.839778,10169.271174699314
WiiQFxXqp8P9Fs1rt9SVcDyA3KUdJmUsog6wnVQAwba,3S2jpqSYxho6wiz3cafhjXruVY8cg4HYa2v3BqBHYFSj,Dfe67M6TfrG74gKRtdqys4e6E9QirPD53BkF4FujFjuv,9518.010772008,9543.584890465005,9486.140612269286,0.9966515944873228,0.9486140612269287,1.0,21771.72251798,4941.013958468,26639.83592074832
SAMyS8Jr2HJrkFwYVKbpUwsNStnQmvz3f8Tup8bWUWF,6jPzm5TFfquvgm25sTyN3MMGBfufRaFHMxobDWv6hMFW,Cj9ECoDmxsHTDzCY5ZA6RWrPbg9uFzEC1Qc2kso2vJG6,4090.197260669959,160.34382875999393,4042.832086794212,0.9884198314024618,1.617132834717685,0.03473897763930137,694.22396921,111126.48906936,4546.605357516662
C98Sspw7XqnMsgxea3SLQVdbMDL8pKUc3RE82UvX9eq2,CSqgQJurPCzGxb4Cgwx5R61hWQUiaoUHcShNc8r1cKEL,6S2CR5EnukPhC914XkAns8m5GixjMAoUuZMsS5ubHuWc,92.29239800000005,92.26875100000007,0.0,0.0,0.0,1.0,982.921565,1029.940126,1029.940126
BSCuChvaSj9b5HUSqgDVRzcnr2sSn7cXaamt1jbKH6hn,GnKpRj5kBVPMJfiwZtEuD9GYApLzPdW5JFuZTcyX4BTc,3dmwD9okkomV9nDwyuh4UMhKdUR13QpuKxRo89ycZB5t,34.13912528600008,34.13669960099992,34.16271040135612,1.000690852948295,0.01366508416054245,0.9996027328838836,1560.337001359,1535.141350047,3095.9464536467585
SUiuyGR7SFq3xeRVJonq84fjjeFwRSsFekcevJ53tzy,49GjCCPsv7fBqo6t3iKDrP1xxGDS8uWZbVCdfnp2gjMf,CEwj5xEbbJEjYqM8D6Ai8ByGz1mrh8mkAVsE5fzDSSSx,11.783319999999936,9.408624999999908,0.09834869735083228,0.008346433547661678,3.933947894033291e-05,0.92674712685222,646.280954,1.649656,6.92295499397492
MATSnbbiTCv7Dc3trJrkrqjx7ckKdr6fwPoVwv9q3sD,631WX9JizSHJm4w6VanZeJAst9T8DeUUnPLesdGkCVtK,211maUSfpnXbPuW1iBu8b4dtJv5EbN1j7JJiEX5TZKEP,17846.002984000013,17853.373351000017,17832.379046408558,0.9992365832503967,7.132951618563423,1.0002160466660799,23598.706112,20931.972176,44517.18492328823
MATgk4zXLXtYkwBH678J1xZbRDZ45LicNzkRBHkxTuY,y8dALFo1bJrSzPYjMX14HJX448pXqYmrfXHD1K8MXih,GN7Yuet3UyiWS5YVkEHv6oQKi4HGBJc3XDPt9zQhAqZz,50520.26690200003,50504.781697,50534.972579020534,1.0002910847056494,20.213989031608214,1.0,9195.122713,8899.001944,18096.801216588326
STK75uPSyBnEhGTTzb1nwmP3n427XoXmfRhXxxhyady,6TYyD5fUmDe6N65avW1Ny2RxzRNobw2RRgKwH9CTzSAU,54zDfk4cx2vGrEajPtodWpArNe5eUurytyxd4X3aZAxK,425.0761720379994,474.1489933810024,62822.022967458324,147.7900364686694,6.282202296745833,164.82081093487187,470.669092907,87.759374991,84024.77375855521
SAMGk1Nd4haC8zQA63DG37pzuEZy8j4q13tSFtCbcRE,9U9TnkHD3jXMAVZtynCVLgDruuqN4pTvLJTmVHCLWS8g,C6zoEbvqSknmi96QWq96UBiPCyNW3YSTvKhavR2BfifE,0.17109258000000405,0.28054383999999555,0.3831706224609177,2.239551373068947,0.00015326824898436708,0.0,53.27807579,1.34064055,119.31898778996593
NorjjEePhxfwLF4vZjUHCrVVKLzQjEEGQFd3wgjEJmh,34M8pFVqgbV7aqHxvRT5tCv3vu2P1JJYT8J3VaxBK2oG,3AZWBSze3ucsY3xSeuLne3b2pauVqiaJ1SZSV5T9WGWw,74.48004899999978,113.07391599999391,48.68715321538938,0.6536938934531249,0.01947486128615575,1.0,37600.928546,2583.345979,27162.84335768749
BkwbeSfcX1h4thMDd7obGkHrPevf3QwgzJ4pCEqG18Lu,35yX27bmurdebhfAb8EPmjLETDiUaEUCn9zHaDPbakH2,2CxECn1ZJFoESyUnQysQU8rRgT3iJ5GRs2Mdd6gZjx5g,0.0020198900000025777,0.0019681499999995022,3.7640273559111077,1863.4813558690346,0.0015056109423644433,1636.6612111292961,1.80779149,21.49003072,38540.68544231469
vEnkoSUkpnbRrPgBz9DfcVxNz67zjwMYBZraAvDDNSf,DtfyjjsZ5yCjWKLKHvwsfXs5QVsmm1QkK6Sh9JZHoq1g,e5wrKCRv4GhHvEf1VD5Pq2KGaZDXP77nTL612Jyrxwy,18421.988377000012,18431.21418999998,18425.323360528266,1.0001810327669307,1.8425323360528267,0.9960506591365237,2783.536229,4077.12449,6845.062675911551
RajgMbScQbqqrdJfR2rxfHJiTiY5b6bJ2tTXiF4aPxy,725ZA3fhyBAKb5iopNRrcbSuQa3LXA1656Q3mBvYPxeg,GLA6i1dSZpUfk2f9Nj8uiG7xyDdAR2reff8oEiZH3617,195244.5899362399,195271.83921373988,195183.7648196092,0.9996884670830031,78.07350592784368,1.0,127791.44640007,104758.99168718,232510.6268451857
AURHmCnNwiW4uA2Qj1XvEh4iKgRUZYXtiY7FKAapUV5Y,BKWm4TRnTeKwfWXRyuzjRHU7iZDkPuXBX5b5V5jSVfGJ,A5Ww74HVrkj9nPeC7pHKLfgeDMEhBCpW1efQdz3TGLEg,0.01811385700000301,0.016336710999951265,3.005038298200398,165.89720776750633,0.0012020153192801592,147.87526898511427,286.822488103,1818.142800859,316441.4056315902
parEAJhzYzHW87y9VoZAQ22dzQ2MD2ekEtTReaxbMcz,3oyc6hpjYSJEquK6dSvG72NXyz3pqLZz5D8AC71pwgQb,Di2vordgFJVZ1aj1aBpvzXtLfZgJsuLLXawGtVFwX6Rz,5.740494359999957,6.68457419699962,828.1997584288696,144.27324660395203,0.33127990337154783,168.63284127956575,1283.048799085,173.781781924,214414.9314437647
ALLwa5WNZbvQsRKAqe1jdRGemdYQnW8E5k4msbRFcYtu,CGoM82Hbz7QVqTgvQatYtjvDWBvoUJp5qm21P8iMs9yb,3dxNNww8TivyN5FMy5dCNdi3Zcxv6e4kUfSPxfFwpdNq,15.481430055000002,15.416137491,61844.086026445104,3994.7269604122557,24.737634410578043,3912.8835604110095,0.717696901,7.835186426,33525.17531887992
wrmcMSHFi3sWpAEy4rGDvQb3ezh3PhXoV2xNjgLBkKU,8p4mGnARWPBu6P2Gcw4adodLkNDorrXniZMhaY7eJXUn,AyY89zccbsgp9LKFgH4CFZMJmpSgqmPSdTfukhP227rc,0.009499690000000005,0.16034761999999603,2.2077618142351843,232.40356414105966,0.0008831047256940737,3992.812936713915,49.72344319,0.12688374,12062.528457252145
7oAd7xG4m3oC2qeWB1szghTebAZyyGPAFDJ4wwwbRSNi,D9yh4KAysxt9GLacVe4Wwh2XqghhcjTCSTV9HuM7TBJd,HDYfJLpZKaMFb84jM4mRytn7XLR8UFZUnQpSfhJJaNEy,834.0471500690328,16.883931000000075,834.0471500690328,1.0,0.33361886002761315,0.02059345405078067,905.123043636,303950.794766336,7164.519769354805
