0,1,2,3,4,5,6,7,8,9,10,11
TETFuZgEmET6d9vYmz9iMFCxK1jKdKYxf3oPz8hSzJK,Eu1Ze6Z84LWNkq7SNoAHBJbXx5t1P95EwyqYohrfCRFV,ASMbv7WNu3qe4pkhREmvyEdwFNDZQ6B6iSrjkj4u8bdC,10.263472235999998,10.32905062399999,10.125884172330345,0.9865943941284264,0.004050353668932138,0.9957560875548412,307.119306966,45.269108121,348.0791765709271
AURHmCnNwiW4uA2Qj1XvEh4iKgRUZYXtiY7FKAapUV5Y,BKWm4TRnTeKwfWXRyuzjRHU7iZDkPuXBX5b5V5jSVfGJ,A5Ww74HVrkj9nPeC7pHKLfgeDMEhBCpW1efQdz3TGLEg,0.0105362259996582,0.007630922999965151,2.1080053466596453,200.07214601585332,0.0008432021386638583,179.94346536205256,286.898224306,1817.934101727,384525.70548964565
Cob4usZcpHEY7Qt4ZCwj6WVg9S44zvzYV2v9qYF65dTf,NhFM9UXE48PyNAyeyPYA3iXztqKVJwA4bTdLj4ysM8w,6TuFuynuBoeskxyR2cz4wxyidk8dpDK7kAWw3UkjQGx,284.34037700000255,19816.977276999998,3.007567829851582,0.010577350503588715,0.0012030271319406329,1.0,68871.725326,207.20734,935.6877185599897
SEQV6QiTpvTzrceiaYg9Avnwf7oc8ZALpnQMz6TyT4A,3dFMPj4r9mMmPHF32mz1gNDX7f8ftidWof7S8YiYTs1j,Fc1ED3YPeQfXQosHbd8DTaBd2AV5gHQtwiSAL5C5pUhi,637.6963488410003,638.3058831950001,632.2044513602743,0.9913879113614068,0.25288178054410976,0.9940634530583355,4736.904856641,867.907649875,5558.865487513513
SAMGk1Nd4haC8zQA63DG37pzuEZy8j4q13tSFtCbcRE,9U9TnkHD3jXMAVZtynCVLgDruuqN4pTvLJTmVHCLWS8g,C6zoEbvqSknmi96QWq96UBiPCyNW3YSTvKhavR2BfifE,0.1381149599999998,0.22955499999999773,0.288121861720658,2.086101764216262,0.00011524874468826321,0.0,53.41309,1.26105349,111.42514128124198
SERgf3DMJpQxUifu7VoFKmfne73d2fDJxSrxUMrcNJB,AJfM2GZ2tTB8UtN2krcyR9xufRJEx2mhSCbJyMgPo3GU,F4yRYkufQvERZcEKnKjJwRLU1btiMBUuEwq46hfm11QD,0.16152453599999106,0.16044247499999997,29.037194861393363,179.76956059106072,0.011614877944557346,179.33089491137827,26.082027007,31.159417575,10276.600773014647
YAkoNb6HKmSxQN9L8hiBE5tPJRsniSSMzND1boHmZxe,CfWX7o2TswwbxusJ4hCaPobu2jLCb1hfXuXJQjVq3jQF,EnTrdMMpdhugeH6Ban6gYZWXughWxKtVGfCwFn78ZmY3,22411195.509403016,22405792.836600024,22411195.509403016,1.0,2241.119550940302,0.9959038474753339,215875.729902,1029253.232021,1240912.9836981364
wrmcMSHFi3sWpAEy4rGDvQb3ezh3PhXoV2xNjgLBkKU,8p4mGnARWPBu6P2Gcw4adodLkNDorrXniZMhaY7eJXUn,AyY89zccbsgp9LKFgH4CFZMJmpSgqmPSdTfukhP227rc,0.024606399999996004,0.24795746999998905,7.410718050342432,301.17034797222004,0.0029642872201369732,3724.949713178872,49.35280951,0.152294,15430.890305152254
ACUSESXyNnwRLAg1dpSGMLSzUDdLjUMybY8rkXiAKhCP,AhFPQdu8GKBsxuhiH46UmCu1YpaLgNpoP325HnYtsgas,A8wxWpT3aFEr2XqZp1kDmbxbFfcBE95UUmdsNTDBJYbT,1408.3201216680002,1405.5756298659996,1408.3201216680002,1.0,0.5633280486672001,0.9871834953976025,1027.793993161,1857.687343982,2861.672278749039
ZUCKWFa4LTL833dPhhpeeRWZcaAEoMeYJPi2iKn4F8N,7eEYpq6ShaJ9opZWMxitRFrdCHh6vfyHhGfoSvFht3N2,H8VggnHmuwd1wvwpT8eg9cUJFEfZ7HAaeYjgXrSm7A2u,167.65633521900008,167.8820360000002,168.03172094011958,1.002239019006524,0.06721268837604784,0.9997091516173925,1748.416403725,2098.355022282,3850.0758604018915
7dwD9TF6uikvHXxPFK9AsSim54yJoujQjY9vU6gNFumk,CquVr6atkvwueDYficKjn6SSEWq4F4rH4VSiBbW4GBWU,8BCa6ge3b7ho3TfZuM64Vk1hgbrJ3J7EPiAb9uP86CGd,1.0808567290000006,1.1531378190000001,203.9393491528981,188.6830545446861,0.08157573966115925,209.8794892960411,3.385724812,0.832936788,813.6452470572178
MATSnbbiTCv7Dc3trJrkrqjx7ckKdr6fwPoVwv9q3sD,631WX9JizSHJm4w6VanZeJAst9T8DeUUnPLesdGkCVtK,211maUSfpnXbPuW1iBu8b4dtJv5EbN1j7JJiEX5TZKEP,95992.13646400002,96136.62884300004,95432.52016574806,0.9941701860291251,38.173008066299225,0.9942917709430161,23746.844538,21117.773187,44605.632952423344
BkwbeSfcX1h4thMDd7obGkHrPevf3QwgzJ4pCEqG18Lu,35yX27bmurdebhfAb8EPmjLETDiUaEUCn9zHaDPbakH2,2CxECn1ZJFoESyUnQysQU8rRgT3iJ5GRs2Mdd6gZjx5g,0.41000980999999914,0.3495277400000003,640.4702032272664,1562.085071152975,0.2561880812909066,1257.8616352201257,1.36895758,22.00575119,29818.61837486033
moFiBS1R4Lf3E3zzmBPnw3NF4RhWPkhREFviuzUaCAU,44ALBrpqi9PfZkBRTvbtRNtFJGsatfY4QydjtMbFWq8S,2ho8qEEie1UjVwWNBo9y4oAJZMyMLx8zPj9bxyUz6uWs,0.016433213000709657,0.016433213000709657,0.016397434961840804,0.9978228214490186,6.558973984736321e-06,0.9955756042712336,40861.612039245,27484.401473285,68135.44861875354
heyk4SZTeCUV6a65WiVA5bzic3KcxgVf1qxobfeV4tQ,9ZDpBKPqMABtGfq66FbVribaArMvtk63xxy91onZAtDt,DaTP4s6N7xxSPinbNZ3FB52EpRDRt87QShTuN3VPCW52,240.93376226600412,210.76168301099938,48626.413029246054,201.8248192860568,19.45056521169842,177.60538215350076,651.466777877,4501.200139237,930919.5355944735
SUiuyGR7SFq3xeRVJonq84fjjeFwRSsFekcevJ53tzy,49GjCCPsv7fBqo6t3iKDrP1xxGDS8uWZbVCdfnp2gjMf,CEwj5xEbbJEjYqM8D6Ai8ByGz1mrh8mkAVsE5fzDSSSx,39.585482999999954,0.5009759999999999,0.41771335640442003,0.010552185416164317,0.000167085342561768,0.9127843665595969,613.457764,1.97946,8.280140212943632
Lid8SLUxQ9RmF7XMqUA8c24RitTwzja8VSKngJxRcUa,4PgzyzLtds9bKZ2to9PMnKqJzKEUpjvNUaeN23phegax,AtymwxoVN9peZo7EXTcDz9jKVc4vRmisJKKrNfe3ewBa,7321.967556823998,6821.771325289994,1379899.5048818728,188.46020474316643,137.98995048818728,178.19410255925933,1758.409394193,6911.76094868,1563025.2338060876
KwnjUuZhTMTSGAaavkLEmSyfobY16JNH4poL9oeeEvE,J63v6qEZmQpDqCD8bd4PXu2Pq5ZbyXrFcSa3Xt1HdAPQ,BnKQtTdLw9qPCDgZkWX3sURkBAoKCUYL1yahh6Mw7mRK,1300.1289229999973,38501.387149999966,42.244080777749396,0.03249222444822842,0.00422440807777494,1.0,271352.671384,742.423703,9559.275606235296
SQDY9uoDoCbNq7F3HAHYYQZbrUzpKxDtdWLvYcqBLak,GiehZ4X2uQjhEKuxSm3ACmEFrabxh3RTvjbLfLjw1xGX,rxDQYV77NKRKYxCjq4cECX3QQsiSyLv1T1FT2X3zNA2,0.016524559000004047,0.016524559000004047,0.016558696591041804,1.0020658700203586,6.623478636416721e-06,0.9985294367411576,171.365745094,234.940155231,406.31442531999664
JSoLLrxK5bYdHwTEWYaGgmeycBCNXKDiBCTw5hXGBg7,xG4wXczA7Dk4hccJ61CHKpDHW4NrNfQwgmWgkb9BuF2,BVR6WgfhsRr9Lob4QDnkEAiNGgAbv7ZieKcY9kSg3QYR,97.32649424699997,82.94155140300009,20062.412417705684,206.13515952593858,8.024964967082273,178.19410255925933,18.068812951,169.131089133,33862.78028302376
SRMuKizofcAMicegrfSv7xs9q76tH1w8aAF7oX9FEWu,72Hj2KWntXPfbie4UgKeTPnm1XVkomDfCnRPKbvfTtPi,6aqJQ5wedqpUt4fFEDUqUmXhrdxCu4bEJsQdVPCADLko,396.60350299999936,397.2759840000017,28.41684077739073,0.07165050374603164,0.01136673631095629,0.07010705838564897,17693.037092,5259.001129,1636.4081196400195
parEAJhzYzHW87y9VoZAQ22dzQ2MD2ekEtTReaxbMcz,3oyc6hpjYSJEquK6dSvG72NXyz3pqLZz5D8AC71pwgQb,Di2vordgFJVZ1aj1aBpvzXtLfZgJsuLLXawGtVFwX6Rz,14.625278617999953,16.804017038000012,2549.998390349622,174.35554268424195,1.0199993561398488,199.1028425912837,1279.604247208,173.409206419,257632.35887253334
BerKDkt6v49dT1bHRedgnpsJS263C1DSJtEGvY9Mg35V,78XKqNb8wbfsMMrvo8WPUpdx7GEkfQutpNVH943aCGFa,DKYQwn4nDvFHCszi5tXbqfVMAP7DaXXp1KGTXEnYnKVH,0.16890618199977325,0.03463568400002259,0.1695876291866287,1.0040344715556733,6.783505167465149e-05,0.9993208056185365,1340.351451808,2198.660138103,3542.9258821053772
BSC8REUo9LpiiWUuqMuLXs2D2yJsJfGd4HdiF3wCLxk5,AZjEH1zWVx1UJ6udMyRijGTzPteuLnaY18yNNmprJEsh,Caf8ypkSVR8xYnXNhjvfvdGCC7mrM3C11rz8Xi6NA6aK,2148.0404899920004,2146.5834639229997,2146.625968663324,0.9993414829304815,0.8586503874653296,0.9989727373536972,3401.600989017,2902.814879638,6299.193903045058
MNkYtBe2HtgL15osfaMmyqNW3vo4J399FXXCS4a39Wf,2mUxDu8NrhSKhQJMgKfYLxJqZzeEbmwhQdHeHMyohyuk,AZCBmDBcFsA2jHHhfFJBTsWCHx9XnnKmGfFsue3ZVW1t,0.08344781999971929,0.016523300000017116,0.08341303426204098,0.9995831438415238,3.336521370481639e-05,0.9999947600274576,2194.39033408,1941.7403381,4135.205752389082
KEVpg4SYCVrqFxKijQH6hm4QxsRdoE51ud64bEEFUC9,2bPenuBYfqzD8p5dFjCcggwkHDsc2RQDnx9AoyYGUBjA,AE6n6iLuX8oYu61vt5hoDYkjswpnxFxrhSehxrnQTnbx,5240.533837453,5249.527680355999,5237.314229954021,0.9993856336780103,2.094925691981609,0.9994946624951051,5224.903535701,2373.339125512,7593.833319173064
ercAoEmXjQzEvAFbdjAo81KtMxRGn9AW1ju882upmPH,CMRhskR2Eg6V42RTSdRTXGdozyPbWB8U9dVpijPWb9T4,7TKLLgrWswt6ZJ1pXhVR3FyufHGjJFqiEXxvWJfDcgRm,45.82293065400006,44.69748554800003,8187.002375543916,178.6660577727418,3.2748009502175663,173.02977911710516,308.25795048,982.968841837,225158.11437141945
iLiUBQ7Z7im6Ew3b4ewwPcehzWgEQRJ1iQz7g6D62NW,GpugBvKWM3TVhYcZjemSdtehBWgfvuGr6uAm9iPjXT6v,92fMXJ3xy8tEyMUWLHKRLyhPw2nECBo77GtDiBBbYrjX,0.016618512999912127,0.016618512999912127,0.016253044696429773,0.9780083631138184,6.5012178785719086e-06,0.9990505812525735,1865.499763466,1097.901409563,2921.3334114385334
daob129AwBGn9Y5r91uLoWZeYiGzbPmksauMhFZKTze,6VW5GQNyj4LStgmxEHLr5zUfW92vQnmbw8jTnCH7a38F,4VPCCUifPeBA1c7HWK358CHn2nyjm8pdTRk6Ps3KmnMQ,199.77474640299943,181.48886766599983,39001.80750799646,195.22891761964408,15.600723003198585,178.76542097558368,53.594728219,217.416536718,49329.799493761086
B2izdXFYb2sNwbWWHmh75T4aQFtfXsUxem9u2p61HGzf,4DYwgJtxwuJdAjkj5RJSNH4e7U329V5cNp7d3a1nLrZv,EXNW64GEf1ACC6xY9BtKRiunrs6GoJSXBdxWN2eTPmrF,28120.869417000013,27611.47555899999,28646.21230445135,1.0186816018971927,2.864621230445135,1.0,7671.774046,32385.74072,40200.83579457259
BUSDgu5JdqP1rndBvXvanbEufS94FNh1w5FJcAj6vawb,Bgzr8cWubt89JQFXndVjtdKmDbGzuPxNhvjH1EhWCwbo,Dxaf8xPBBQsasRKW5Aa4Sw2YrbfGofY9xZueyyF23FBW,15973.802554390022,15601.701369069999,16345.146800387756,1.023247078754938,6.538058720155102,1.0,2740.00479697,12082.57482848,14886.276732754068
AUSejoEUCh2DBs9mof6BNC8Pubs22w4cJa1ccV9h44R,4xkyD7AfGQDwsQMy9MosRRNGoVJ1zosNinesxg1TzHG7,Cbm5gsQe3nSiCsFrvepVzMCD9xLK3ri9g3ypS2hdmVJ7,24738.942884000004,24727.283542,24731.919018998607,0.9997160806331002,2.473191901899861,1.0,14450.391939,14406.838219,28853.127411869224
RajgMbScQbqqrdJfR2rxfHJiTiY5b6bJ2tTXiF4aPxy,725ZA3fhyBAKb5iopNRrcbSuQa3LXA1656Q3mBvYPxeg,GLA6i1dSZpUfk2f9Nj8uiG7xyDdAR2reff8oEiZH3617,182529.03119892007,182407.23103595994,181786.85545774837,0.9959339304202909,72.71474218309935,1.0,100041.78605453,133307.83901317,232942.8482047239
GokA1R67GqSavkd15zR62QD68Tuc5AEfvjssntVDEbM8,3YB7hfpBdbQEuZqLGWVDpRPmeZWCUsrrWyqGXegnQ6Cg,4DPCj6Z1DsG6HUtwSogBGqXEUxdEV5a8YVrrFtcnz7UW,58556.32948099999,58577.842907,58546.31806061163,0.9998290292360007,5.854631806061163,1.0,19001.396412,14943.57034,33941.71806873839
DA1mL7dfBow33EH5yjUuZE6SH2KeUK5zEXzsyhE5r5j5,B4UtLRZND3D83CitRCBUyeiNr7H8m7YFRqBmiPmXjhW4,AAmpYbuixWiSqDaJBCqYEs1pb5SrbdPr9mgXrB58Q2e,99.9864221790001,100.0246441339998,99.97233027926859,0.9998590618663574,0.03998893211170744,0.9955094727937829,1637.759450222,1468.821343507,3099.7541887646394
HDSBGqAuMRr6X2AfmmbXQPpRgU6VEhtfNVVZ3wUTZXg,DCZ1d8kNLgDcdSd99y4udLgwq46mfDXNS9KXj96kQf5L,Fq8GGYQM5Pz3q7LmVMbrXHJgsxA5ev86kTq8yGgGuYsa,62.55803975500203,62.66987728600179,62.142544881402884,0.9933582497912921,0.024857017952561154,0.9971684424850563,12733.35411027,12164.8230842,24779.160040928535
oKQqupM9E7SSLAFDLxr7mdsXP7znck9qRbVWc6Yyj7Q,CMR2J7CwfW98RpvnJmFBgRFTLAd3x8CJ1SWs8Bt3uunG,FmRb5jHfSNj1YWP3b45d9vvYuhwjp4om8bALmtqZpr1v,0.04954483999995318,0.016738260000010996,0.04784769378485103,0.965745247838044,1.913907751394041e-05,1.0,4454.39635192,1453.1367919,5754.94890075386
STK75uPSyBnEhGTTzb1nwmP3n427XoXmfRhXxxhyady,6TYyD5fUmDe6N65avW1Ny2RxzRNobw2RRgKwH9CTzSAU,54zDfk4cx2vGrEajPtodWpArNe5eUurytyxd4X3aZAxK,1047.241667719997,1167.862228677004,186612.28914202692,178.19410255925933,18.66122891420269,198.57920550048513,476.767334343,89.332034801,102696.6117693455
WiiQFxXqp8P9Fs1rt9SVcDyA3KUdJmUsog6wnVQAwba,3S2jpqSYxho6wiz3cafhjXruVY8cg4HYa2v3BqBHYFSj,Dfe67M6TfrG74gKRtdqys4e6E9QirPD53BkF4FujFjuv,45935.422825998,46054.420600111,45897.25989695532,0.9991692047945822,4.589725989695532,0.9955756042712336,17678.183310462,9032.554508676,26656.087273615132
BkMBnJpvHKtWhUvrgRrLesXfi9RUV3ELgdBaJcdH7hcY,5uerVwBnZQsuVhZ15igs7ZgmcqhHnYWbwoRtLyRqLvR,9YWiQh5d4jCtgMdzcGLv9bWgnLaFtzvDDh2nnhJdzhBX,0.017369529000006878,0.017369529000006878,0.017370872202699953,1.000077330979618,6.948348881079982e-06,0.9955756042712336,1471.600204339,1400.690567607,2866.207362866764
BSCNHw8CmxbZ8hCWWzMf5FaG2ajPT6JxfznKUNuRVrn4,7n9kgNL633yGzCYksgnzHyjG73ZLBAwvEae5sbAekbzW,SscdxE99omdG9AiMVwmaEMQySQnCgeAh1sPj2Leutm2,114.81977600999926,112.52239557799976,117.06389246749563,1.019544685902374,0.04682555698699825,0.9976083377614838,2312.695212963,9372.975518268,11708.454641146707
Lee1XZJfJ9Hm2K1qTyeCz1LXNc1YBZaKZszvNY4KCDw,9DgFSWkPDGijNKcLGbr3p5xoJbHsPgXUTr6QvGBJ5vGN,2hNHZg7XBhuhHVZ3JDEi4buq2fPQwuWBdQ9xkH7t1GQX,14726.847743165818,12540.847128492998,3077168.362187697,208.9495604119148,307.71683621876974,176.06430431799467,7347.690282093,56578.931879425,11496826.934892405
Sid7E679i9ABqptiAVhkmQ27YHN8vaYT4fppPwmxFsJ,GP7KB8o1bv527HG8kTzzzf4wJ5aEGHvcMQvVhLziUfmT,9gYxhAZ1M9wu5pxr8SBoa5NDm21gi3s9vMHaYTME77sa,12612.470149000008,36749.66267300007,133.22707130004395,0.010563122824168348,0.053290828520017576,0.03238718071340797,135990.774247,8616.0369,1715.5363954385023
BUSDTd9WiT6uBHJRgNvFXBsA7JrifsAtWzKfioN7ERcy,DyBxrn7gSc1EwnpWhDyhzvMHPtxpmBqRqotapLcKcfTM,Cds99GeBgoCpqBsoRWu1C6fF9LiUMd4pXQQD24s9LPff,11240.561845990002,11253.455429700007,11193.790272405296,0.9958390359640794,1.1193790272405297,0.9989191694586457,310.96880867,315.91145508,625.2448869718169
ALBpShJ9NLpE739pcHDF2LNVk5J4VYPvvKuV6jMPitZi,D6d156U1bPiJpDYRLextvDRccgFk7QzkQbJg42ceKEu5,GNcM8U5g8RwTZffwwm3kSQqUNPSwv5d2fbN9sLxPJqt2,8179.419393999997,8186.284386000007,8163.4272400367645,0.9980448301776819,3.265370896014706,0.9979860641226005,52924.534403,47291.379132,100017.19527734938
vEnkoSUkpnbRrPgBz9DfcVxNz67zjwMYBZraAvDDNSf,DtfyjjsZ5yCjWKLKHvwsfXs5QVsmm1QkK6Sh9JZHoq1g,e5wrKCRv4GhHvEf1VD5Pq2KGaZDXP77nTL612Jyrxwy,21013.515832000012,21027.98557499999,20976.178234742172,0.998223162770269,2.0976178234742173,0.9982191769882529,4056.734248,2808.31609,6852.841067639697
BSCrK1Nx9PXU9mF7STWWBqeHLxmtJDr9h7jheEy4tAWX,FfSySSbVJPvEo5a5AvrP3nySoXpRE2QPn1uUMpJJ1x7v,HL7Vcj6838ZmvBHDbQxXfjBNckNi83WvPiZQoMQLFeRM,0.002142917000000244,0.0021401030000001153,8.051175599823582,3757.110331301989,0.0032204702399294322,3729.673280620618,1.024553987,1.826999484,10663.473528716799
ALLwa5WNZbvQsRKAqe1jdRGemdYQnW8E5k4msbRFcYtu,CGoM82Hbz7QVqTgvQatYtjvDWBvoUJp5qm21P8iMs9yb,3dxNNww8TivyN5FMy5dCNdi3Zcxv6e4kUfSPxfFwpdNq,4.0781227989999955,4.038257861999999,15210.06563852005,3729.673280620618,6.08402625540802,3673.9582491384567,0.804740365,7.757091044,31500.647267599226
SoN9GaFpSXfpyR5dth3x7PHPVhvJMpQqqDJfCSmPv1t,9kZ9iS68ViMPtoeqtnhAKuF2iqVyfHPdZHoUNdwCELr,BBhm5fJLjw3HRzjtKB8uMEYjGhY6EDm9co3cqpjrSzB9,95.23328572500006,93.96488692099994,20056.5358136759,210.60426153511133,8.022614325470359,208.10571770459396,34.126308719,46.079281141,16776.507919843792
SoNcU2iwHMw6dGzsYNQkYFkUjwN1UdAjrWVRnStrZu2,8ivTTid27jZnYNc4w3CTA1Z6QS2twsFb8WMwUabeDJgc,CyXm53PMvHCbeXJBykU46Rcbo28xk5srhMZFg7gv6EYB,48.41058876300004,48.178208121,10120.63473503431,209.0582864955664,4.048253894013724,205.83954437005175,12.091332008,14.120743116,5434.400480205461
KEN5P7p3asnb23Sw6yAmJRGvijfAzso3RqfyLAQhznt,9zj4aX38Uxf3h6AUjS4EipWS8mwbEofasHAf3a1uKGds,CwQDG1MWunn9cLNwcZLd8YBacweSR7ARo32w4mLua1Yr,550252.9964579989,550298.3716050037,547766.1381906135,0.9954805184462541,54.77661381906135,1.0,2063800.827602,1979093.839163,4033567.356994047
HEDSDjj84KS7LKhZY7ejkCACTdPen62rKhCby1wXtgxc,EnnjMSFttpCTywBrYNt1J5QQeoSVkvzPipJDa8Y7kJow,6bjVT6JN2rSvpyn9PdfLYC8wJn4LWh49jpY47fnLDXZk,9.323116687000947,9.490708876990539,8.989629004159525,0.9642300215649561,0.00359585160166381,1.0,38653.333900108,9554.148975593,46824.85395565159
C98Sspw7XqnMsgxea3SLQVdbMDL8pKUc3RE82UvX9eq2,CSqgQJurPCzGxb4Cgwx5R61hWQUiaoUHcShNc8r1cKEL,6S2CR5EnukPhC914XkAns8m5GixjMAoUuZMsS5ubHuWc,58.466814999999656,58.27412899999979,0.0,0.0,0.0,1.0,920.343891,1092.794851,1092.794851
KZMu9QBEdL97EFgamLbN5DE1AoKBG4HdrKKJo4Vuon3,DD4ACBWyVqdaKWh7v5btsgqQCCMwbKnuL2xd9pv7Gyuw,GcYqiJ1MAuYbNTNYXm1F1gQYTfTgkErACAhNU5dpVj9T,1287.49465902,1287.9899898600004,1307.1521887818647,1.0152680476180207,0.522860875512746,0.9999387137562338,1064.24514861,2022.04670875,3102.4168793187255
SAMyS8Jr2HJrkFwYVKbpUwsNStnQmvz3f8Tup8bWUWF,6jPzm5TFfquvgm25sTyN3MMGBfufRaFHMxobDWv6hMFW,Cj9ECoDmxsHTDzCY5ZA6RWrPbg9uFzEC1Qc2kso2vJG6,9032.169838649977,306.95764428999973,9170.073437840536,1.0152680476180207,3.6680293751362147,0.0325188340957374,660.74600389,112134.77936096,4317.326591741987
FrnkTEL6yZ5Aycq2TrEgu29dCrwKG4LPUZydfiwqspkc,DjvZuMZ46fxKBoBpGMPcRcos4xdTtHFxwMh69DpA2ZFY,9rvDPJLAng4uVVqnnSoEXgNDFhBZQTny9AoQioYDZbQX,35.486833940003635,29.979568517999837,7430.36296237745,209.38365408815304,2.97214518495098,177.445788537144,324.649157094,2568.208004972,523693.92137864255
BSCuChvaSj9b5HUSqgDVRzcnr2sSn7cXaamt1jbKH6hn,GnKpRj5kBVPMJfiwZtEuD9GYApLzPdW5JFuZTcyX4BTc,3dmwD9okkomV9nDwyuh4UMhKdUR13QpuKxRo89ycZB5t,221.19743687899972,221.04427542200006,221.25771566728298,1.0002725112421453,0.0885030862669132,0.9905236601434079,1403.304075473,1692.583442514,3080.2304381868116
MATgk4zXLXtYkwBH678J1xZbRDZ45LicNzkRBHkxTuY,y8dALFo1bJrSzPYjMX14HJX448pXqYmrfXHD1K8MXih,GN7Yuet3UyiWS5YVkEHv6oQKi4HGBJc3XDPt9zQhAqZz,118369.65880699991,118306.67029000005,118404.8250400368,1.0002970882352058,47.361930016014725,1.0,9324.770603,9038.498827,18366.039709642144
DFWzVTzNBrQZLjoQ4yQwkj9HuoXmfkuZP9V5vbymZe23,DhgiEgiNdqZdRdo195UUHnoEJUtefK8buko8nU97XJUZ,2K2kkXsouBHtWVjtcgkyiXd8eP3oVBvq1bTJzcVdLLr2,5883.7391477540095,6769.137335229971,5035.4384199628785,0.8558228523582743,2.0141753679851515,0.9983979128020389,67228.301043451,8875.904140015,66397.20052582894
MARpDPs5A7XiyCWPNH8GsMWPLxmwNn9SBmKvPa9LzgA,6YjT74rmcfCpw8LSjPNx5JTmZoYLGrTKnf9arfSgZ4SR,F8GSmi3vA8M8TsybLya1LQ4n1aFHCRbZ6k437PeTdXtg,182937.86297299925,196406.01170100167,167908.53767430948,0.9178446437799045,67.1634150697238,1.0,378226.664214,15248.290903,362401.60878656036
