0,1,2,3,4,5,6,7,8,9,10,11
YAkoNb6HKmSxQN9L8hiBE5tPJRsniSSMzND1boHmZxe,CfWX7o2TswwbxusJ4hCaPobu2jLCb1hfXuXJQjVq3jQF,EnTrdMMpdhugeH6Ban6gYZWXughWxKtVGfCwFn78ZmY3,10424976.762451917,10425775.58740096,10424976.762451917,1.0,1042.4976762451918,0.998521190117436,725955.081479,717631.564902,1442525.405730783
JSoLLrxK5bYdHwTEWYaGgmeycBCNXKDiBCTw5hXGBg7,xG4wXczA7Dk4hccJ61CHKpDHW4NrNfQwgmWgkb9BuF2,BVR6WgfhsRr9Lob4QDnkEAiNGgAbv7ZieKcY9kSg3QYR,9.56193982100001,8.188592305999983,2060.6110112142615,215.50135744305052,0.8242444044857048,185.08551320881276,17.78942849,167.502445469,34835.922071092114
ALBpShJ9NLpE739pcHDF2LNVk5J4VYPvvKuV6jMPitZi,D6d156U1bPiJpDYRLextvDRccgFk7QzkQbJg42ceKEu5,GNcM8U5g8RwTZffwwm3kSQqUNPSwv5d2fbN9sLxPJqt2,6307.560103000011,6297.067582999989,6298.980891026432,0.9986398525208665,2.519592356410573,0.9989870271544653,41720.580026,58520.116357,100124.67095246247
iLiUBQ7Z7im6Ew3b4ewwPcehzWgEQRJ1iQz7g6D62NW,GpugBvKWM3TVhYcZjemSdtehBWgfvuGr6uAm9iPjXT6v,92fMXJ3xy8tEyMUWLHKRLyhPw2nECBo77GtDiBBbYrjX,0.019260928999756288,0.019268549999878815,0.01881791473430451,0.9769993303304642,7.527165893721805e-06,0.9925759477997799,1865.493847277,1097.982592727,2912.4173521688917
B2izdXFYb2sNwbWWHmh75T4aQFtfXsUxem9u2p61HGzf,4DYwgJtxwuJdAjkj5RJSNH4e7U329V5cNp7d3a1nLrZv,EXNW64GEf1ACC6xY9BtKRiunrs6GoJSXBdxWN2eTPmrF,6023.357058000021,5909.587284999996,6098.681877873638,1.012505454873138,0.6098681877873638,1.0,8526.210023,31535.47958,40168.31373768152
vEnkoSUkpnbRrPgBz9DfcVxNz67zjwMYBZraAvDDNSf,DtfyjjsZ5yCjWKLKHvwsfXs5QVsmm1QkK6Sh9JZHoq1g,e5wrKCRv4GhHvEf1VD5Pq2KGaZDXP77nTL612Jyrxwy,3643.0724360000013,3643.238543999998,3617.187839818262,0.9928948444928095,0.3617187839818262,0.9987725085869468,1118.522601,840.437894,1949.9815876834982
GokA1R67GqSavkd15zR62QD68Tuc5AEfvjssntVDEbM8,3YB7hfpBdbQEuZqLGWVDpRPmeZWCUsrrWyqGXegnQ6Cg,4DPCj6Z1DsG6HUtwSogBGqXEUxdEV5a8YVrrFtcnz7UW,67018.38403999999,67020.976341,67009.00277961085,0.9998600195972563,6.700900277961084,1.0,18835.804789,13749.057016,32582.22516145964
daob129AwBGn9Y5r91uLoWZeYiGzbPmksauMhFZKTze,6VW5GQNyj4LStgmxEHLr5zUfW92vQnmbw8jTnCH7a38F,4VPCCUifPeBA1c7HWK358CHn2nyjm8pdTRk6Ps3KmnMQ,30.33476446000003,27.22884691000001,6228.5168828304995,205.32603412970403,2.4914067531321997,184.98957583740156,48.822582424,222.914151874,51261.34162841589
BkwbeSfcX1h4thMDd7obGkHrPevf3QwgzJ4pCEqG18Lu,35yX27bmurdebhfAb8EPmjLETDiUaEUCn9zHaDPbakH2,2CxECn1ZJFoESyUnQysQU8rRgT3iJ5GRs2Mdd6gZjx5g,0.07298628999999934,0.04589727999999993,188.09445145993698,2577.1203257480092,0.07523778058397479,1582.2784810126584,0.82836723,22.75185356,38134.570316755824
DFWzVTzNBrQZLjoQ4yQwkj9HuoXmfkuZP9V5vbymZe23,DhgiEgiNdqZdRdo195UUHnoEJUtefK8buko8nU97XJUZ,2K2kkXsouBHtWVjtcgkyiXd8eP3oVBvq1bTJzcVdLLr2,5311.591777931999,6277.067124374982,4283.381806629697,0.8064214995636163,1.713352722651879,0.9989642598698671,62326.67074278,6755.650393357,57010.220578339875
Lee1XZJfJ9Hm2K1qTyeCz1LXNc1YBZaKZszvNY4KCDw,9DgFSWkPDGijNKcLGbr3p5xoJbHsPgXUTr6QvGBJ5vGN,2hNHZg7XBhuhHVZ3JDEi4buq2fPQwuWBdQ9xkH7t1GQX,1174.7631684058742,997.7818533239906,255811.3922834069,217.75571380105225,25.581139228340692,184.51818611242325,7229.065178693,56398.432742854,11980706.757395545
BSCrK1Nx9PXU9mF7STWWBqeHLxmtJDr9h7jheEy4tAWX,FfSySSbVJPvEo5a5AvrP3nySoXpRE2QPn1uUMpJJ1x7v,HL7Vcj6838ZmvBHDbQxXfjBNckNi83WvPiZQoMQLFeRM,0.557425386,0.5560400350000002,1979.40217958688,3550.9724338009964,0.791760871834752,3543.8372669927,0.878960472,0.924427792,6397.18606640609
BUSDTd9WiT6uBHJRgNvFXBsA7JrifsAtWzKfioN7ERcy,DyBxrn7gSc1EwnpWhDyhzvMHPtxpmBqRqotapLcKcfTM,Cds99GeBgoCpqBsoRWu1C6fF9LiUMd4pXQQD24s9LPff,26278.435925640002,26318.176246400002,26224.576938506776,0.997950449285276,2.622457693850678,0.998609934970521,3205.20922327,2317.98639173,5513.4042243236545
SQDY9uoDoCbNq7F3HAHYYQZbrUzpKxDtdWLvYcqBLak,GiehZ4X2uQjhEKuxSm3ACmEFrabxh3RTvjbLfLjw1xGX,rxDQYV77NKRKYxCjq4cECX3QQsiSyLv1T1FT2X3zNA2,19.991871387999993,19.999831270999977,20.014198487307088,1.0011168088706541,0.008005679394922834,0.9989642598698671,169.909384756,236.620863382,406.47492672227145
WiiQFxXqp8P9Fs1rt9SVcDyA3KUdJmUsog6wnVQAwba,3S2jpqSYxho6wiz3cafhjXruVY8cg4HYa2v3BqBHYFSj,Dfe67M6TfrG74gKRtdqys4e6E9QirPD53BkF4FujFjuv,6637.815290624001,6635.741843517,6633.498090663632,0.9993496052885853,0.6633498090663632,0.9989642598698671,11527.668986572,15205.736727243,26710.158987134553
wrmcMSHFi3sWpAEy4rGDvQb3ezh3PhXoV2xNjgLBkKU,8p4mGnARWPBu6P2Gcw4adodLkNDorrXniZMhaY7eJXUn,AyY89zccbsgp9LKFgH4CFZMJmpSgqmPSdTfukhP227rc,0.013406680000000046,0.08425631999999803,4.429032044928988,330.3600925008259,0.001771612817971595,3537.819288190759,27.12120087,0.09184667,9284.699348828772
MATSnbbiTCv7Dc3trJrkrqjx7ckKdr6fwPoVwv9q3sD,631WX9JizSHJm4w6VanZeJAst9T8DeUUnPLesdGkCVtK,211maUSfpnXbPuW1iBu8b4dtJv5EbN1j7JJiEX5TZKEP,123242.41276199999,123353.221833,123061.02081731526,0.9985281694781891,49.22440832692611,0.9975291203688463,27022.556538,23964.835356,50888.40504696492
BUSDgu5JdqP1rndBvXvanbEufS94FNh1w5FJcAj6vawb,Bgzr8cWubt89JQFXndVjtdKmDbGzuPxNhvjH1EhWCwbo,Dxaf8xPBBQsasRKW5Aa4Sw2YrbfGofY9xZueyyF23FBW,18556.042785210004,18538.82752584,18623.04963518036,1.003611052784582,7.449219854072145,0.9999077585092775,5781.61270613,9131.33239928,14932.980526359053
BSC8REUo9LpiiWUuqMuLXs2D2yJsJfGd4HdiF3wCLxk5,AZjEH1zWVx1UJ6udMyRijGTzPteuLnaY18yNNmprJEsh,Caf8ypkSVR8xYnXNhjvfvdGCC7mrM3C11rz8Xi6NA6aK,717.3370060850007,717.0890747939993,716.857380468023,0.9993313803513424,0.2867429521872092,0.9989642598698671,3164.219704167,3147.661307221,6306.505192789169
KEVpg4SYCVrqFxKijQH6hm4QxsRdoE51ud64bEEFUC9,2bPenuBYfqzD8p5dFjCcggwkHDsc2RQDnx9AoyYGUBjA,AE6n6iLuX8oYu61vt5hoDYkjswpnxFxrhSehxrnQTnbx,3311.6608713039996,3317.864765173,3301.557692071549,0.9969492107963119,1.3206230768286198,0.9989642598698671,5956.83342641,1659.839787941,7596.781008567578
HDSBGqAuMRr6X2AfmmbXQPpRgU6VEhtfNVVZ3wUTZXg,DCZ1d8kNLgDcdSd99y4udLgwq46mfDXNS9KXj96kQf5L,Fq8GGYQM5Pz3q7LmVMbrXHJgsxA5ev86kTq8yGgGuYsa,85.26098886,85.70865738599787,84.43718773915978,0.990337889205192,0.03377487509566392,0.9989642598698671,10959.448650324,10375.628712767,21218.43950094839
MATgk4zXLXtYkwBH678J1xZbRDZ45LicNzkRBHkxTuY,y8dALFo1bJrSzPYjMX14HJX448pXqYmrfXHD1K8MXih,GN7Yuet3UyiWS5YVkEHv6oQKi4HGBJc3XDPt9zQhAqZz,18704.960659000004,18671.622550000004,18734.692616181885,1.0015895225723224,7.493877046472755,1.0,7301.399659,10266.322871,17579.328269567526
MARpDPs5A7XiyCWPNH8GsMWPLxmwNn9SBmKvPa9LzgA,6YjT74rmcfCpw8LSjPNx5JTmZoYLGrTKnf9arfSgZ4SR,F8GSmi3vA8M8TsybLya1LQ4n1aFHCRbZ6k437PeTdXtg,105274.77701999998,106510.38913000029,101873.82136746841,0.9676944872380451,40.74952854698737,1.0,329520.582833,33234.859809,352110.1112479617
SUiuyGR7SFq3xeRVJonq84fjjeFwRSsFekcevJ53tzy,49GjCCPsv7fBqo6t3iKDrP1xxGDS8uWZbVCdfnp2gjMf,CEwj5xEbbJEjYqM8D6Ai8ByGz1mrh8mkAVsE5fzDSSSx,0.02957300000000007,2.3066129999999703,0.0003604457314354734,0.012188338397709822,1.4417829257418938e-07,0.9708643605401889,602.949202,2.108449,9.395966900721696
BSCuChvaSj9b5HUSqgDVRzcnr2sSn7cXaamt1jbKH6hn,GnKpRj5kBVPMJfiwZtEuD9GYApLzPdW5JFuZTcyX4BTc,3dmwD9okkomV9nDwyuh4UMhKdUR13QpuKxRo89ycZB5t,391.8289805159998,392.4426194470002,392.7861989116026,1.0024429494580576,0.15711447956464106,0.9975848470852067,1241.612330002,1896.966339839,3137.030402224769
SAMyS8Jr2HJrkFwYVKbpUwsNStnQmvz3f8Tup8bWUWF,6jPzm5TFfquvgm25sTyN3MMGBfufRaFHMxobDWv6hMFW,Cj9ECoDmxsHTDzCY5ZA6RWrPbg9uFzEC1Qc2kso2vJG6,1824.4643305699865,55.91523483000003,1802.7502756102715,0.9880983943638234,0.7211001102441086,0.029269092514420805,627.1506956,113250.14116858,3934.415454480899
C98Sspw7XqnMsgxea3SLQVdbMDL8pKUc3RE82UvX9eq2,CSqgQJurPCzGxb4Cgwx5R61hWQUiaoUHcShNc8r1cKEL,6S2CR5EnukPhC914XkAns8m5GixjMAoUuZMsS5ubHuWc,401.0957080000003,400.4706640000004,0.0,0.0,0.0,1.0,839.856911,986.774087,986.774087
RoBgmK8CvjdHvPrqdDyVw54VwjZv2TqJ493xnqJAQHx,ExiHJxM7qPAcy27NDHAF6G7vnW7muNHi2sVJpnaNynGQ,6rkPHSqZb7StM4HwS9EuVrmfkV7tRdc7dnsFhyB6cefE,0.603394999999999,26.43604100000084,0.0,0.0,0.0,0.9759001458970719,6105.30935,22.097055,21.564519198395622
STK75uPSyBnEhGTTzb1nwmP3n427XoXmfRhXxxhyady,6TYyD5fUmDe6N65avW1Ny2RxzRNobw2RRgKwH9CTzSAU,54zDfk4cx2vGrEajPtodWpArNe5eUurytyxd4X3aZAxK,348.77263830300103,390.14442034999945,64361.21251846306,184.53630087389013,6.436121251846306,207.10854517430877,577.579544834,105.505006293,128435.38102604105
moFiBS1R4Lf3E3zzmBPnw3NF4RhWPkhREFviuzUaCAU,44ALBrpqi9PfZkBRTvbtRNtFJGsatfY4QydjtMbFWq8S,2ho8qEEie1UjVwWNBo9y4oAJZMyMLx8zPj9bxyUz6uWs,19.957167954002216,19.99886082699959,19.910794936075096,0.9976763728183277,0.007964317974430039,0.9989642598698671,38958.511563463,28139.975182903,66978.81598838177
Sid7E679i9ABqptiAVhkmQ27YHN8vaYT4fppPwmxFsJ,GP7KB8o1bv527HG8kTzzzf4wJ5aEGHvcMQvVhLziUfmT,9gYxhAZ1M9wu5pxr8SBoa5NDm21gi3s9vMHaYTME77sa,463.6626950000027,965.2667640000291,5.655995545493333,0.012198513286675565,0.002262398218197333,0.029238390509639476,130185.440803,10780.143788,1903.2628831907189
BerKDkt6v49dT1bHRedgnpsJS263C1DSJtEGvY9Mg35V,78XKqNb8wbfsMMrvo8WPUpdx7GEkfQutpNVH943aCGFa,DKYQwn4nDvFHCszi5tXbqfVMAP7DaXXp1KGTXEnYnKVH,999.5322241839999,993.7971980259997,1006.3965673404107,1.0068675556328508,0.40255862693616423,0.9989642598698671,1339.340750272,3124.926511405,4470.228646999259
AURHmCnNwiW4uA2Qj1XvEh4iKgRUZYXtiY7FKAapUV5Y,BKWm4TRnTeKwfWXRyuzjRHU7iZDkPuXBX5b5V5jSVfGJ,A5Ww74HVrkj9nPeC7pHKLfgeDMEhBCpW1efQdz3TGLEg,0.0012828849999664271,0.0014389309999387478,0.2652931534926559,206.7941814734747,0.00010611726139706236,184.57448290997178,289.584587719,1809.838697396,393934.44950700784
BSCNHw8CmxbZ8hCWWzMf5FaG2ajPT6JxfznKUNuRVrn4,7n9kgNL633yGzCYksgnzHyjG73ZLBAwvEae5sbAekbzW,SscdxE99omdG9AiMVwmaEMQySQnCgeAh1sPj2Leutm2,3440.7636627420006,3446.8588673099994,3437.8000418976817,0.9991386735228548,1.3751200167590727,0.9989642598698671,5935.440667708,5735.845764811,11660.233234679512
SoN9GaFpSXfpyR5dth3x7PHPVhvJMpQqqDJfCSmPv1t,9kZ9iS68ViMPtoeqtnhAKuF2iqVyfHPdZHoUNdwCELr,BBhm5fJLjw3HRzjtKB8uMEYjGhY6EDm9co3cqpjrSzB9,1.9203780329999995,1.8890047850000005,420.27939861103107,218.85242977627374,0.16811175944441245,214.61276881590624,3.814769714,5.759004667,2070.827558154437
KysFMBBoavfov2tLpvefWW6tPFt6rAeZWDJVy1mMQae,B8ka2V21TH3x64dFV8ETcjuQcwmrciJ2qzy1mJUttRew,7fSf7EYxBANyxzk2s5pymFgshA91tFYQNKKs5UnLWcYS,26.436041000008117,19.249430000000302,0.0,0.0,0.0,0.028635026146356022,134674.492796,2484.335109,71.13900080252525
RajgMbScQbqqrdJfR2rxfHJiTiY5b6bJ2tTXiF4aPxy,725ZA3fhyBAKb5iopNRrcbSuQa3LXA1656Q3mBvYPxeg,GLA6i1dSZpUfk2f9Nj8uiG7xyDdAR2reff8oEiZH3617,8218.96524340997,8221.117331810005,8212.882536217172,0.9992599181268378,3.285153014486869,0.9999077585092775,99213.64563414,82566.3266802,181698.93005257938
Lid8SLUxQ9RmF7XMqUA8c24RitTwzja8VSKngJxRcUa,4PgzyzLtds9bKZ2to9PMnKqJzKEUpjvNUaeN23phegax,AtymwxoVN9peZo7EXTcDz9jKVc4vRmisJKKrNfe3ewBa,208.49460499498764,178.54278173800049,45007.60075972802,215.86937830266655,4.500760075972802,184.43793829370563,1010.818601915,7683.836580863,1635395.7603322896
SoNcU2iwHMw6dGzsYNQkYFkUjwN1UdAjrWVRnStrZu2,8ivTTid27jZnYNc4w3CTA1Z6QS2twsFb8WMwUabeDJgc,CyXm53PMvHCbeXJBykU46Rcbo28xk5srhMZFg7gv6EYB,22.062122911000017,21.86640405499999,4788.654825907042,217.05322036436723,1.9154619303628166,214.7285766372732,17.137564277,20.747327025,8174.807516630471
SRMuKizofcAMicegrfSv7xs9q76tH1w8aAF7oX9FEWu,72Hj2KWntXPfbie4UgKeTPnm1XVkomDfCnRPKbvfTtPi,6aqJQ5wedqpUt4fFEDUqUmXhrdxCu4bEJsQdVPCADLko,0.02360899999985122,0.02360899999985122,0.001466350155141028,0.06210979521158323,5.865400620564112e-07,0.06217568386102043,17693.037092,5263.695502,1426.1847779280931
ACUSESXyNnwRLAg1dpSGMLSzUDdLjUMybY8rkXiAKhCP,AhFPQdu8GKBsxuhiH46UmCu1YpaLgNpoP325HnYtsgas,A8wxWpT3aFEr2XqZp1kDmbxbFfcBE95UUmdsNTDBJYbT,76.07201861500016,75.56153853699993,75.9932277725404,0.9989642598698671,0.030397291109016157,0.9866622873595264,1039.724246801,1845.791608762,2859.8203333644506
ercAoEmXjQzEvAFbdjAo81KtMxRGn9AW1ju882upmPH,CMRhskR2Eg6V42RTSdRTXGdozyPbWB8U9dVpijPWb9T4,7TKLLgrWswt6ZJ1pXhVR3FyufHGjJFqiEXxvWJfDcgRm,0.05624651599998742,0.05500000000000682,10.343768344083076,183.90060540079298,0.004137507337633231,179.03743744431935,317.608983808,983.285429108,234453.38790685614
KEN5P7p3asnb23Sw6yAmJRGvijfAzso3RqfyLAQhznt,9zj4aX38Uxf3h6AUjS4EipWS8mwbEofasHAf3a1uKGds,CwQDG1MWunn9cLNwcZLd8YBacweSR7ARo32w4mLua1Yr,152331.25389999757,152337.11907500052,152031.1444209107,0.9980298889991158,15.20311444209107,1.0,2091474.532275,2073414.521499,4160768.616789896
heyk4SZTeCUV6a65WiVA5bzic3KcxgVf1qxobfeV4tQ,9ZDpBKPqMABtGfq66FbVribaArMvtk63xxy91onZAtDt,DaTP4s6N7xxSPinbNZ3FB52EpRDRt87QShTuN3VPCW52,45.109892497001056,39.28990360500018,9414.658246047922,208.70495860024087,3.765863298419169,183.59211559987713,633.153937909,4496.175888199,957604.8098224883
KZMu9QBEdL97EFgamLbN5DE1AoKBG4HdrKKJo4Vuon3,DD4ACBWyVqdaKWh7v5btsgqQCCMwbKnuL2xd9pv7Gyuw,GcYqiJ1MAuYbNTNYXm1F1gQYTfTgkErACAhNU5dpVj9T,200.29968238000038,202.52627473999905,197.90280042391814,0.9880335209342221,0.07916112016956726,0.9999077585092775,1963.44251313,1123.92449087,3063.7678377992743
ALLwa5WNZbvQsRKAqe1jdRGemdYQnW8E5k4msbRFcYtu,CGoM82Hbz7QVqTgvQatYtjvDWBvoUJp5qm21P8iMs9yb,3dxNNww8TivyN5FMy5dCNdi3Zcxv6e4kUfSPxfFwpdNq,15.687711827999983,15.675644096999996,55527.792113832584,3539.572419651706,22.211116845533038,3550.858952780678,4.514045275,4.087054134,30490.34291866228
parEAJhzYzHW87y9VoZAQ22dzQ2MD2ekEtTReaxbMcz,3oyc6hpjYSJEquK6dSvG72NXyz3pqLZz5D8AC71pwgQb,Di2vordgFJVZ1aj1aBpvzXtLfZgJsuLLXawGtVFwX6Rz,4.882218480000006,5.726741474999699,874.9418652058442,179.20989582707966,0.34997674608233775,210.79218020033267,1115.466086709,144.211948416,230301.31221530662
FrnkTEL6yZ5Aycq2TrEgu29dCrwKG4LPUZydfiwqspkc,DjvZuMZ46fxKBoBpGMPcRcos4xdTtHFxwMh69DpA2ZFY,9rvDPJLAng4uVVqnnSoEXgNDFhBZQTny9AoQioYDZbQX,13.27091413899825,11.166887016999965,2834.3542226722575,213.57641176677882,1.133741689068903,183.49334258629096,180.531303806,1454.217381346,305396.4362287242
7dwD9TF6uikvHXxPFK9AsSim54yJoujQjY9vU6gNFumk,CquVr6atkvwueDYficKjn6SSEWq4F4rH4VSiBbW4GBWU,8BCa6ge3b7ho3TfZuM64Vk1hgbrJ3J7EPiAb9uP86CGd,0.209020902,0.21056496100000044,44.82798968501728,214.46654021719453,0.017931195874006912,216.12378533029548,2.274953053,1.904343422,899.4752193649423
ZUCKWFa4LTL833dPhhpeeRWZcaAEoMeYJPi2iKn4F8N,7eEYpq6ShaJ9opZWMxitRFrdCHh6vfyHhGfoSvFht3N2,H8VggnHmuwd1wvwpT8eg9cUJFEfZ7HAaeYjgXrSm7A2u,19.068087161999983,19.124966999999742,19.10733282110656,1.002058185426422,0.007642933128442624,0.9989642598698671,1671.361569348,2175.828818645,3848.376766793544
HEDSDjj84KS7LKhZY7ejkCACTdPen62rKhCby1wXtgxc,EnnjMSFttpCTywBrYNt1J5QQeoSVkvzPipJDa8Y7kJow,6bjVT6JN2rSvpyn9PdfLYC8wJn4LWh49jpY47fnLDXZk,1.9096032099987497,1.9726986679979746,1.8458743036787761,0.9666271474690205,0.0007383497214715106,0.9989642598698671,39130.996139268,9091.284311331,46906.95127905718
Cob4usZcpHEY7Qt4ZCwj6WVg9S44zvzYV2v9qYF65dTf,NhFM9UXE48PyNAyeyPYA3iXztqKVJwA4bTdLj4ysM8w,6TuFuynuBoeskxyR2cz4wxyidk8dpDK7kAWw3UkjQGx,13.279301000000004,1064.3202410000085,0.16103205101822124,0.012126545743501197,6.44128204072885e-05,1.0,67114.525598,227.633261,1041.500625717529
SEQV6QiTpvTzrceiaYg9Avnwf7oc8ZALpnQMz6TyT4A,3dFMPj4r9mMmPHF32mz1gNDX7f8ftidWof7S8YiYTs1j,Fc1ED3YPeQfXQosHbd8DTaBd2AV5gHQtwiSAL5C5pUhi,1440.0688534770004,1437.5712629349996,1445.1796373277334,1.003548985757447,0.5780718549310934,0.9982739842811778,871.297472437,4736.488455445,5602.70289667606
NorjjEePhxfwLF4vZjUHCrVVKLzQjEEGQFd3wgjEJmh,34M8pFVqgbV7aqHxvRT5tCv3vu2P1JJYT8J3VaxBK2oG,3AZWBSze3ucsY3xSeuLne3b2pauVqiaJ1SZSV5T9WGWw,0.004547999999886088,0.0015499999999519787,0.0027139228178288785,0.5967288517803108,1.0855691271315516e-06,1.0,38093.983701,2279.215467,25010.994620635603
AUSejoEUCh2DBs9mof6BNC8Pubs22w4cJa1ccV9h44R,4xkyD7AfGQDwsQMy9MosRRNGoVJ1zosNinesxg1TzHG7,Cbm5gsQe3nSiCsFrvepVzMCD9xLK3ri9g3ypS2hdmVJ7,2626.798338000006,2627.683314,2627.1083367837464,1.0001180139256431,0.2627108336783746,1.0,14420.544469,14442.013678,28864.259972062697
ionytDfEj1mXodptgrsKEZro7DGsfpzANUfarJdm6Qb,3gkSjY95an9xNFSjCfsay6JZez7uv7yfW3Ad4ubc4fMK,9wXqANaSuEqkKL9yHzCPEDGHwbkStVAqV5rB3QDs3Jr6,0.028022969999999994,0.09878652200000015,25.45635814626134,908.4104270982464,0.010182543258504536,3555.6819798037263,3.163138708,0.081290796,3162.4724031663764
KwnjUuZhTMTSGAaavkLEmSyfobY16JNH4poL9oeeEvE,J63v6qEZmQpDqCD8bd4PXu2Pq5ZbyXrFcSa3Xt1HdAPQ,BnKQtTdLw9qPCDgZkWX3sURkBAoKCUYL1yahh6Mw7mRK,576.0649129999921,10832.505161999474,15.92709180574323,0.027648085218034184,0.001592709180574323,1.0,272666.745546,693.606178,8232.31959497985
