0,1,2,3,4,5,6,7,8,9,10,11
ionytDfEj1mXodptgrsKEZro7DGsfpzANUfarJdm6Qb,3gkSjY95an9xNFSjCfsay6JZez7uv7yfW3Ad4ubc4fMK,9wXqANaSuEqkKL9yHzCPEDGHwbkStVAqV5rB3QDs3Jr6,0.028022969999999994,0.09878652200000015,25.560777030940578,912.136616173824,0.010224310812376233,3571.301024963394,3.163138708,0.081290796,3175.528540678452
C98Sspw7XqnMsgxea3SLQVdbMDL8pKUc3RE82UvX9eq2,CSqgQJurPCzGxb4Cgwx5R61hWQUiaoUHcShNc8r1cKEL,6S2CR5EnukPhC914XkAns8m5GixjMAoUuZMsS5ubHuWc,883.1768580000004,881.5634670000002,0.0,0.0,0.0,1.0,829.851088,996.743686,996.743686
MATgk4zXLXtYkwBH678J1xZbRDZ45LicNzkRBHkxTuY,y8dALFo1bJrSzPYjMX14HJX448pXqYmrfXHD1K8MXih,GN7Yuet3UyiWS5YVkEHv6oQKi4HGBJc3XDPt9zQhAqZz,22484.218646000005,22461.341381,22509.81230258805,1.0011382942405516,9.00392492103522,1.0,7829.238161,9733.373646,17571.523783706572
KEN5P7p3asnb23Sw6yAmJRGvijfAzso3RqfyLAQhznt,9zj4aX38Uxf3h6AUjS4EipWS8mwbEofasHAf3a1uKGds,CwQDG1MWunn9cLNwcZLd8YBacweSR7ARo32w4mLua1Yr,135370.91525099752,135380.97491999972,135168.16300648777,0.9985022466300548,13.516816300648777,1.0,2093959.993481,2042957.793494,4133781.5513382335
SoNcU2iwHMw6dGzsYNQkYFkUjwN1UdAjrWVRnStrZu2,8ivTTid27jZnYNc4w3CTA1Z6QS2twsFb8WMwUabeDJgc,CyXm53PMvHCbeXJBykU46Rcbo28xk5srhMZFg7gv6EYB,16.91432145400002,16.764685388,3762.387616877264,222.4379870696798,1.5049550467509059,218.94735367091513,17.290880475,20.586789545,8353.571738979243
7dwD9TF6uikvHXxPFK9AsSim54yJoujQjY9vU6gNFumk,CquVr6atkvwueDYficKjn6SSEWq4F4rH4VSiBbW4GBWU,8BCa6ge3b7ho3TfZuM64Vk1hgbrJ3J7EPiAb9uP86CGd,0.04443953799999978,0.04484661800000023,9.803311409483275,220.59885972449408,0.00392132456379331,222.13593475245617,2.289866063,1.889479118,924.8630524917928
BerKDkt6v49dT1bHRedgnpsJS263C1DSJtEGvY9Mg35V,78XKqNb8wbfsMMrvo8WPUpdx7GEkfQutpNVH943aCGFa,DKYQwn4nDvFHCszi5tXbqfVMAP7DaXXp1KGTXEnYnKVH,999.5322241839999,993.7971980259997,1007.2333054242466,1.0077046853057026,0.40289332216969864,0.9993481991214799,1339.340750272,3225.773353646,4573.330741010136
SQDY9uoDoCbNq7F3HAHYYQZbrUzpKxDtdWLvYcqBLak,GiehZ4X2uQjhEKuxSm3ACmEFrabxh3RTvjbLfLjw1xGX,rxDQYV77NKRKYxCjq4cECX3QQsiSyLv1T1FT2X3zNA2,78.51934396499996,78.32352256200005,78.63715902165495,1.0015004590041852,0.03145486360866199,0.9993481991214799,169.928535054,236.601672382,406.63096105857187
ercAoEmXjQzEvAFbdjAo81KtMxRGn9AW1ju882upmPH,CMRhskR2Eg6V42RTSdRTXGdozyPbWB8U9dVpijPWb9T4,7TKLLgrWswt6ZJ1pXhVR3FyufHGjJFqiEXxvWJfDcgRm,0.1320261779999896,0.13512564200004817,24.850381989452654,188.2231415458729,0.009940152795781063,182.65927797709966,317.553983808,983.341675624,239387.48891702018
SAMyS8Jr2HJrkFwYVKbpUwsNStnQmvz3f8Tup8bWUWF,6jPzm5TFfquvgm25sTyN3MMGBfufRaFHMxobDWv6hMFW,Cj9ECoDmxsHTDzCY5ZA6RWrPbg9uFzEC1Qc2kso2vJG6,1956.4291567500186,60.74888869000017,1934.1028597297566,0.9885882415198974,0.7736411438919026,0.030032210747314925,637.94893131,112890.65535926,4021.0247653350443
JSoLLrxK5bYdHwTEWYaGgmeycBCNXKDiBCTw5hXGBg7,xG4wXczA7Dk4hccJ61CHKpDHW4NrNfQwgmWgkb9BuF2,BVR6WgfhsRr9Lob4QDnkEAiNGgAbv7ZieKcY9kSg3QYR,6.324032338000016,5.428388804999994,1388.6392015848537,219.58129360610016,0.5554556806339415,188.41812620057675,17.824705413,167.45849177,35466.1871084123
wrmcMSHFi3sWpAEy4rGDvQb3ezh3PhXoV2xNjgLBkKU,8p4mGnARWPBu6P2Gcw4adodLkNDorrXniZMhaY7eJXUn,AyY89zccbsgp9LKFgH4CFZMJmpSgqmPSdTfukhP227rc,0.009586550000000013,0.09622800999999725,3.2662862010221505,340.71550255536624,0.0013065144804088604,3559.0988361746804,27.10613511,0.09328695,9567.497921512593
Lee1XZJfJ9Hm2K1qTyeCz1LXNc1YBZaKZszvNY4KCDw,9DgFSWkPDGijNKcLGbr3p5xoJbHsPgXUTr6QvGBJ5vGN,2hNHZg7XBhuhHVZ3JDEi4buq2fPQwuWBdQ9xkH7t1GQX,1251.133698962054,1062.89726496201,276481.0483681967,220.98441485315806,27.648104836819673,187.57875963170036,7237.191061374,56388.815883016,12176650.572314706
BSC8REUo9LpiiWUuqMuLXs2D2yJsJfGd4HdiF3wCLxk5,AZjEH1zWVx1UJ6udMyRijGTzPteuLnaY18yNNmprJEsh,Caf8ypkSVR8xYnXNhjvfvdGCC7mrM3C11rz8Xi6NA6aK,1725.9973312149991,1728.053040469999,1725.7120244231373,0.9998347003284989,0.690284809769255,0.9968045208210998,3121.68491529,3190.18139929,6301.156142850627
FrnkTEL6yZ5Aycq2TrEgu29dCrwKG4LPUZydfiwqspkc,DjvZuMZ46fxKBoBpGMPcRcos4xdTtHFxwMh69DpA2ZFY,9rvDPJLAng4uVVqnnSoEXgNDFhBZQTny9AoQioYDZbQX,9.910864198998752,8.343931627999922,2195.341364421637,221.50857083113118,0.878136545768655,186.27548318463272,180.74117736,1453.964974927,310873.7481254089
moFiBS1R4Lf3E3zzmBPnw3NF4RhWPkhREFviuzUaCAU,44ALBrpqi9PfZkBRTvbtRNtFJGsatfY4QydjtMbFWq8S,2ho8qEEie1UjVwWNBo9y4oAJZMyMLx8zPj9bxyUz6uWs,425.16975134300446,425.9201212029948,424.344843638145,0.9980598156330411,0.169737937455258,0.9993039528191349,38958.511563463,28139.975182903,67003.3133008749
BUSDTd9WiT6uBHJRgNvFXBsA7JrifsAtWzKfioN7ERcy,DyBxrn7gSc1EwnpWhDyhzvMHPtxpmBqRqotapLcKcfTM,Cds99GeBgoCpqBsoRWu1C6fF9LiUMd4pXQQD24s9LPff,20961.728873399996,20968.760843729982,20999.835384687405,1.0018179087954795,2.099983538468741,0.9924868743610865,2453.00167889,3068.55470203,5502.96127724115
KZMu9QBEdL97EFgamLbN5DE1AoKBG4HdrKKJo4Vuon3,DD4ACBWyVqdaKWh7v5btsgqQCCMwbKnuL2xd9pv7Gyuw,GcYqiJ1MAuYbNTNYXm1F1gQYTfTgkErACAhNU5dpVj9T,295.827520080001,299.1832692299997,292.45160786908036,0.9885882415198974,0.11698064314763215,1.0,1950.99310544,1136.19498429,3064.9238276143733
heyk4SZTeCUV6a65WiVA5bzic3KcxgVf1qxobfeV4tQ,9ZDpBKPqMABtGfq66FbVribaArMvtk63xxy91onZAtDt,DaTP4s6N7xxSPinbNZ3FB52EpRDRt87QShTuN3VPCW52,40.956784887998424,35.8226106850002,8840.218399889493,215.84258686476986,3.536087359955798,188.16842127447225,636.861070446,4491.903007755,982696.0384058428
BUSDgu5JdqP1rndBvXvanbEufS94FNh1w5FJcAj6vawb,Bgzr8cWubt89JQFXndVjtdKmDbGzuPxNhvjH1EhWCwbo,Dxaf8xPBBQsasRKW5Aa4Sw2YrbfGofY9xZueyyF23FBW,25126.355400169996,25114.530146209992,25209.613678689784,1.0033135835736537,10.083845471475914,1.0,5632.32032458,9279.78048207,14930.763970759084
SoN9GaFpSXfpyR5dth3x7PHPVhvJMpQqqDJfCSmPv1t,9kZ9iS68ViMPtoeqtnhAKuF2iqVyfHPdZHoUNdwCELr,BBhm5fJLjw3HRzjtKB8uMEYjGhY6EDm9co3cqpjrSzB9,0.6946243259999978,0.6825026499999991,154.2505522158468,222.0632742652426,0.061700220886338725,218.42993870637488,4.298802864,6.536252882,2382.3195557852687
Cob4usZcpHEY7Qt4ZCwj6WVg9S44zvzYV2v9qYF65dTf,NhFM9UXE48PyNAyeyPYA3iXztqKVJwA4bTdLj4ysM8w,6TuFuynuBoeskxyR2cz4wxyidk8dpDK7kAWw3UkjQGx,57.21677500000004,4625.657223000031,0.7100876565872184,0.012410480258407047,0.0002840350626348874,1.0,66971.100596,229.39328,1060.5368018304505
NorjjEePhxfwLF4vZjUHCrVVKLzQjEEGQFd3wgjEJmh,34M8pFVqgbV7aqHxvRT5tCv3vu2P1JJYT8J3VaxBK2oG,3AZWBSze3ucsY3xSeuLne3b2pauVqiaJ1SZSV5T9WGWw,0.007773000000270258,0.0015229999999064603,0.004638365061510854,0.5967277835262554,1.8553460246043416e-06,1.0,38093.983701,2279.212418,25010.95087758303
DFWzVTzNBrQZLjoQ4yQwkj9HuoXmfkuZP9V5vbymZe23,DhgiEgiNdqZdRdo195UUHnoEJUtefK8buko8nU97XJUZ,2K2kkXsouBHtWVjtcgkyiXd8eP3oVBvq1bTJzcVdLLr2,5886.371903016997,6981.737953816987,4731.604291553261,0.8038235384223902,1.8926417166213045,0.9981942257197097,62405.019022709,6692.46142602,56842.99955745557
MATSnbbiTCv7Dc3trJrkrqjx7ckKdr6fwPoVwv9q3sD,631WX9JizSHJm4w6VanZeJAst9T8DeUUnPLesdGkCVtK,211maUSfpnXbPuW1iBu8b4dtJv5EbN1j7JJiEX5TZKEP,145378.24418299997,145504.88287500004,144790.82779463712,0.9959593927436391,57.91633111785486,0.997435593090165,27523.401833,22643.735865,49997.85868811716
parEAJhzYzHW87y9VoZAQ22dzQ2MD2ekEtTReaxbMcz,3oyc6hpjYSJEquK6dSvG72NXyz3pqLZz5D8AC71pwgQb,Di2vordgFJVZ1aj1aBpvzXtLfZgJsuLLXawGtVFwX6Rz,5.642556004000085,6.617451651000238,999.5141097043903,177.13853597479957,0.39980564388175616,208.03199032734457,1114.39846032,145.120003536,227592.5149255609
RoBgmK8CvjdHvPrqdDyVw54VwjZv2TqJ493xnqJAQHx,ExiHJxM7qPAcy27NDHAF6G7vnW7muNHi2sVJpnaNynGQ,6rkPHSqZb7StM4HwS9EuVrmfkV7tRdc7dnsFhyB6cefE,10.606884000000719,0.2454679999999989,0.0,0.0,0.0,0.9867771857114662,6078.873309,22.70045,22.400286165383854
WiiQFxXqp8P9Fs1rt9SVcDyA3KUdJmUsog6wnVQAwba,3S2jpqSYxho6wiz3cafhjXruVY8cg4HYa2v3BqBHYFSj,Dfe67M6TfrG74gKRtdqys4e6E9QirPD53BkF4FujFjuv,5244.321699661001,5242.987785398,5244.491054766141,1.000032293042807,0.5244491054766142,0.9993481991214799,9951.278223671,16782.150496938,26722.8114572253
KEnkcdADoLR5jS2CLLLesy8TtFsyWL37BhXNfDMzWzP,3qsjFRuw1qeLMPo4DLwaQevenGAGBj9dA3Q6rb8ax2YR,77iEv8zPQAEyCcEbvBRSB6AFcUdfkhiqnAKtPxk76rNN,5.012900999999999,0.05734800000000001,0.06221250889784894,0.012410480258407047,2.4885003559139575e-05,0.9971789806637024,110.178549,0.39182,1.7580833754680856
ALBpShJ9NLpE739pcHDF2LNVk5J4VYPvvKuV6jMPitZi,D6d156U1bPiJpDYRLextvDRccgFk7QzkQbJg42ceKEu5,GNcM8U5g8RwTZffwwm3kSQqUNPSwv5d2fbN9sLxPJqt2,6307.560103000011,6297.067582999989,6314.973882337876,1.001175379895998,2.52598955293515,0.9975072294336453,41720.580026,58520.116357,100143.85669041757
Lid8SLUxQ9RmF7XMqUA8c24RitTwzja8VSKngJxRcUa,4PgzyzLtds9bKZ2to9PMnKqJzKEUpjvNUaeN23phegax,AtymwxoVN9peZo7EXTcDz9jKVc4vRmisJKKrNfe3ewBa,219.28699782998888,188.0941717769971,48244.34466632732,220.00549573728352,4.824434466632732,188.2048624984685,1011.891753394,7682.570835443,1668518.93455721
SEQV6QiTpvTzrceiaYg9Avnwf7oc8ZALpnQMz6TyT4A,3dFMPj4r9mMmPHF32mz1gNDX7f8ftidWof7S8YiYTs1j,Fc1ED3YPeQfXQosHbd8DTaBd2AV5gHQtwiSAL5C5pUhi,1604.6207690800002,1601.5165919279998,1605.752458451648,1.0007052690538816,0.6423009833806592,0.9983925879334273,871.297472437,4736.488455445,5600.78693832957
KwnjUuZhTMTSGAaavkLEmSyfobY16JNH4poL9oeeEvE,J63v6qEZmQpDqCD8bd4PXu2Pq5ZbyXrFcSa3Xt1HdAPQ,BnKQtTdLw9qPCDgZkWX3sURkBAoKCUYL1yahh6Mw7mRK,361.81098900000075,11820.647364999517,10.801020584842297,0.029852660403419298,0.0010801020584842297,1.0,272251.652879,705.887008,8833.32314566638
DA1mL7dfBow33EH5yjUuZE6SH2KeUK5zEXzsyhE5r5j5,B4UtLRZND3D83CitRCBUyeiNr7H8m7YFRqBmiPmXjhW4,AAmpYbuixWiSqDaJBCqYEs1pb5SrbdPr9mgXrB58Q2e,0.018972768000139695,0.018972768000139695,0.01895776175632833,0.9992090640748227,7.5831047025313325e-06,0.9988665501663304,1637.764926542,1469.324503619,3104.128657429369
BkwbeSfcX1h4thMDd7obGkHrPevf3QwgzJ4pCEqG18Lu,35yX27bmurdebhfAb8EPmjLETDiUaEUCn9zHaDPbakH2,2CxECn1ZJFoESyUnQysQU8rRgT3iJ5GRs2Mdd6gZjx5g,0.08260930999999772,0.056151489999998416,229.1393265283416,2773.771219349828,0.09165573061133664,1733.1022530329287,0.85279462,22.71268956,41728.870621845854
iLiUBQ7Z7im6Ew3b4ewwPcehzWgEQRJ1iQz7g6D62NW,GpugBvKWM3TVhYcZjemSdtehBWgfvuGr6uAm9iPjXT6v,92fMXJ3xy8tEyMUWLHKRLyhPw2nECBo77GtDiBBbYrjX,0.02814540700001089,0.028359957000020586,0.02750863169188089,0.9773755160787068,1.1003452676752358e-05,0.9993481991214799,1865.484105727,1097.992112106,2920.5549304542724
HEDSDjj84KS7LKhZY7ejkCACTdPen62rKhCby1wXtgxc,EnnjMSFttpCTywBrYNt1J5QQeoSVkvzPipJDa8Y7kJow,6bjVT6JN2rSvpyn9PdfLYC8wJn4LWh49jpY47fnLDXZk,3.905355793003764,3.9061647269954847,3.7809927336054137,0.9681557671080467,0.0015123970934421656,0.9993481991214799,39130.996139268,9091.284311331,46970.258189145025
KEVpg4SYCVrqFxKijQH6hm4QxsRdoE51ud64bEEFUC9,2bPenuBYfqzD8p5dFjCcggwkHDsc2RQDnx9AoyYGUBjA,AE6n6iLuX8oYu61vt5hoDYkjswpnxFxrhSehxrnQTnbx,23.784883004999756,23.79494406499998,23.778206298674945,0.9997192878214534,0.009511282519469979,0.9993481991214799,3862.168239023,3751.400907005,7610.039821960843
AURHmCnNwiW4uA2Qj1XvEh4iKgRUZYXtiY7FKAapUV5Y,BKWm4TRnTeKwfWXRyuzjRHU7iZDkPuXBX5b5V5jSVfGJ,A5Ww74HVrkj9nPeC7pHKLfgeDMEhBCpW1efQdz3TGLEg,0.00458987399997568,0.004095350000000053,0.965145920816683,210.27721476053526,0.00038605836832667325,187.8701276352073,289.572371549,1809.852387462,400907.6707942972
vEnkoSUkpnbRrPgBz9DfcVxNz67zjwMYBZraAvDDNSf,DtfyjjsZ5yCjWKLKHvwsfXs5QVsmm1QkK6Sh9JZHoq1g,e5wrKCRv4GhHvEf1VD5Pq2KGaZDXP77nTL612Jyrxwy,3844.4071729999996,3843.672235999999,3813.956543953078,0.9920792393530056,0.3813956543953078,0.9983846136950415,885.364095,1073.346853,1949.9643211112557
GokA1R67GqSavkd15zR62QD68Tuc5AEfvjssntVDEbM8,3YB7hfpBdbQEuZqLGWVDpRPmeZWCUsrrWyqGXegnQ6Cg,4DPCj6Z1DsG6HUtwSogBGqXEUxdEV5a8YVrrFtcnz7UW,62552.708617000026,62545.99867999999,62554.02225146731,1.0000210004410093,6.255402225146732,1.0,17540.447029,15042.452257,32583.26764312311
BSCrK1Nx9PXU9mF7STWWBqeHLxmtJDr9h7jheEy4tAWX,FfSySSbVJPvEo5a5AvrP3nySoXpRE2QPn1uUMpJJ1x7v,HL7Vcj6838ZmvBHDbQxXfjBNckNi83WvPiZQoMQLFeRM,0.4281574210000002,0.42727352200000035,1534.9004868290872,3584.897543628203,0.6139601947316349,3555.6819798037263,0.601229291,1.202790194,6432.084826753655
YAkoNb6HKmSxQN9L8hiBE5tPJRsniSSMzND1boHmZxe,CfWX7o2TswwbxusJ4hCaPobu2jLCb1hfXuXJQjVq3jQF,EnTrdMMpdhugeH6Ban6gYZWXughWxKtVGfCwFn78ZmY3,9234490.81927599,9236190.918340003,9234490.81927599,1.0,923.4490819275991,0.9994283269969577,897897.104818,540233.867592,1437822.1352925687
MARpDPs5A7XiyCWPNH8GsMWPLxmwNn9SBmKvPa9LzgA,6YjT74rmcfCpw8LSjPNx5JTmZoYLGrTKnf9arfSgZ4SR,F8GSmi3vA8M8TsybLya1LQ4n1aFHCRbZ6k437PeTdXtg,227360.2962630003,230312.76175100007,224788.93562834762,0.9886903708478713,89.91557425133907,1.0,320521.281484,42119.069902,359015.3745570509
HDSBGqAuMRr6X2AfmmbXQPpRgU6VEhtfNVVZ3wUTZXg,DCZ1d8kNLgDcdSd99y4udLgwq46mfDXNS9KXj96kQf5L,Fq8GGYQM5Pz3q7LmVMbrXHJgsxA5ev86kTq8yGgGuYsa,1824.7348883880004,1826.5017476249996,1813.3800087065028,0.9937772441609155,0.7253520034826011,0.9993481991214799,10991.179162497,10344.051795767,21260.09327190421
Sid7E679i9ABqptiAVhkmQ27YHN8vaYT4fppPwmxFsJ,GP7KB8o1bv527HG8kTzzzf4wJ5aEGHvcMQvVhLziUfmT,9gYxhAZ1M9wu5pxr8SBoa5NDm21gi3s9vMHaYTME77sa,3472.2759450000103,8073.546444,43.0926120671643,0.012410480258407047,0.01723704482686572,0.029798809168068503,130331.172418,10719.626399,1936.9045437654245
daob129AwBGn9Y5r91uLoWZeYiGzbPmksauMhFZKTze,6VW5GQNyj4LStgmxEHLr5zUfW92vQnmbw8jTnCH7a38F,4VPCCUifPeBA1c7HWK358CHn2nyjm8pdTRk6Ps3KmnMQ,17.502413407000084,15.727194170000018,3656.5393949282825,208.91629685000188,1.462615757971313,187.81430724317144,48.856429454,222.867947352,52064.69345746652
SUiuyGR7SFq3xeRVJonq84fjjeFwRSsFekcevJ53tzy,49GjCCPsv7fBqo6t3iKDrP1xxGDS8uWZbVCdfnp2gjMf,CEwj5xEbbJEjYqM8D6Ai8ByGz1mrh8mkAVsE5fzDSSSx,17.873489999999947,0.21340899999999996,0.22181859479383512,0.012410480258407047,8.872743791753404e-05,0.9886903708478713,600.642589,2.138022,9.568104757203905
AUSejoEUCh2DBs9mof6BNC8Pubs22w4cJa1ccV9h44R,4xkyD7AfGQDwsQMy9MosRRNGoVJ1zosNinesxg1TzHG7,Cbm5gsQe3nSiCsFrvepVzMCD9xLK3ri9g3ypS2hdmVJ7,218.07115700000213,217.90062600000056,218.28747989257565,1.0009919830552076,0.021828747989257564,1.0,14103.189371,14759.25186,28876.431355880417
KysFMBBoavfov2tLpvefWW6tPFt6rAeZWDJVy1mMQae,B8ka2V21TH3x64dFV8ETcjuQcwmrciJ2qzy1mJUttRew,7fSf7EYxBANyxzk2s5pymFgshA91tFYQNKKs5UnLWcYS,7.70750500000031,10.606884000007994,0.0,0.0,0.0,0.029717360561092292,134700.928837,2465.085679,73.25583993682801
B2izdXFYb2sNwbWWHmh75T4aQFtfXsUxem9u2p61HGzf,4DYwgJtxwuJdAjkj5RJSNH4e7U329V5cNp7d3a1nLrZv,EXNW64GEf1ACC6xY9BtKRiunrs6GoJSXBdxWN2eTPmrF,5966.747108999982,5851.585183000006,5982.319085579746,1.0026097932919389,0.5982319085579746,1.0,8205.14333,31861.883488,40088.44054602203
RajgMbScQbqqrdJfR2rxfHJiTiY5b6bJ2tTXiF4aPxy,725ZA3fhyBAKb5iopNRrcbSuQa3LXA1656Q3mBvYPxeg,GLA6i1dSZpUfk2f9Nj8uiG7xyDdAR2reff8oEiZH3617,13763.089260790002,13766.510621089983,13756.911719582324,0.999551151555394,5.502764687832929,1.0,94724.86319281,87052.50615049,181734.85223579037
ALLwa5WNZbvQsRKAqe1jdRGemdYQnW8E5k4msbRFcYtu,CGoM82Hbz7QVqTgvQatYtjvDWBvoUJp5qm21P8iMs9yb,3dxNNww8TivyN5FMy5dCNdi3Zcxv6e4kUfSPxfFwpdNq,15.256383494999994,15.215513854999998,54237.20535746025,3555.0499484517754,21.6948821429841,3545.4706612302784,1.517165783,7.085305946,30514.34449603039
BSCuChvaSj9b5HUSqgDVRzcnr2sSn7cXaamt1jbKH6hn,GnKpRj5kBVPMJfiwZtEuD9GYApLzPdW5JFuZTcyX4BTc,3dmwD9okkomV9nDwyuh4UMhKdUR13QpuKxRo89ycZB5t,556.3680770159997,555.617579212,558.2419013689555,1.003367958066548,0.2232967605475822,0.9977460915791228,1218.729795733,1919.911802717,3138.4189239169955
STK75uPSyBnEhGTTzb1nwmP3n427XoXmfRhXxxhyady,6TYyD5fUmDe6N65avW1Ny2RxzRNobw2RRgKwH9CTzSAU,54zDfk4cx2vGrEajPtodWpArNe5eUurytyxd4X3aZAxK,270.06965789500026,301.87439403800045,50588.9105668899,187.31800884702955,5.05889105668899,209.5684336289436,604.254987423,110.645259045,136375.5947064926
BSCNHw8CmxbZ8hCWWzMf5FaG2ajPT6JxfznKUNuRVrn4,7n9kgNL633yGzCYksgnzHyjG73ZLBAwvEae5sbAekbzW,SscdxE99omdG9AiMVwmaEMQySQnCgeAh1sPj2Leutm2,3589.9426472940004,3597.168151824999,3575.665868066952,0.9960231177403879,1.4302663472267807,0.9982554288474377,7287.397364722,4385.766223204,11636.53118539261
