0,1,2,3,4,5,6,7,8,9,10,11
ALBpShJ9NLpE739pcHDF2LNVk5J4VYPvvKuV6jMPitZi,D6d156U1bPiJpDYRLextvDRccgFk7QzkQbJg42ceKEu5,GNcM8U5g8RwTZffwwm3kSQqUNPSwv5d2fbN9sLxPJqt2,44163.86030800002,44217.442323,44128.954305144645,0.9992096251864775,17.65158172205786,0.9988263790046696,53960.303935,46303.16602,100166.47872204843
BSCNHw8CmxbZ8hCWWzMf5FaG2ajPT6JxfznKUNuRVrn4,7n9kgNL633yGzCYksgnzHyjG73ZLBAwvEae5sbAekbzW,SscdxE99omdG9AiMVwmaEMQySQnCgeAh1sPj2Leutm2,3721.1194017399976,3728.3418279359976,3717.1345814288215,0.9989291339833619,1.4868538325715288,0.9999871171659697,6390.397308884,5292.492644122,11675.97851139076
MATgk4zXLXtYkwBH678J1xZbRDZ45LicNzkRBHkxTuY,y8dALFo1bJrSzPYjMX14HJX448pXqYmrfXHD1K8MXih,GN7Yuet3UyiWS5YVkEHv6oQKi4HGBJc3XDPt9zQhAqZz,16783.80866900002,16770.294843,16794.94371668418,1.0006634398606276,6.717977486673672,1.0,8346.72217,9031.394349,17383.65406719316
AyiATPCAx5HZstcZ1jdH9rENwFb3yd9zEhkgspvDrCs4,DvHVapj4g2Y1tJVSw2ubSPkPBsJPb8fW387ZWXwaKmZq,DKjqWWgrtDRPKrnMWtZ4UiJk4sGQVCQgFjSo7BvfngvK,0.024588620000000005,0.02472668999999994,63.65985760517801,2588.9967637540453,0.025463943042071203,2666.595557451801,0.84455258,0.31858958,3036.0934551185646
MARpDPs5A7XiyCWPNH8GsMWPLxmwNn9SBmKvPa9LzgA,6YjT74rmcfCpw8LSjPNx5JTmZoYLGrTKnf9arfSgZ4SR,F8GSmi3vA8M8TsybLya1LQ4n1aFHCRbZ6k437PeTdXtg,69857.40735499997,73681.78792099917,65790.81150506067,0.9417871918825478,26.316324602024267,1.0,346956.035777,16403.75858,343162.50922112167
SRMuKizofcAMicegrfSv7xs9q76tH1w8aAF7oX9FEWu,72Hj2KWntXPfbie4UgKeTPnm1XVkomDfCnRPKbvfTtPi,6aqJQ5wedqpUt4fFEDUqUmXhrdxCu4bEJsQdVPCADLko,0.026695999999901687,0.026695999999901687,0.0019099440216628467,0.07154420219021128,7.639776086651387e-07,0.07150359913366239,17693.037092,5263.745765,1642.2109901910287
SoNcU2iwHMw6dGzsYNQkYFkUjwN1UdAjrWVRnStrZu2,8ivTTid27jZnYNc4w3CTA1Z6QS2twsFb8WMwUabeDJgc,CyXm53PMvHCbeXJBykU46Rcbo28xk5srhMZFg7gv6EYB,302.9062856420001,288.8893840699995,68687.71223915256,226.76225451568683,27.475084895661027,203.4751521231106,7.540030534,30.913418294,7999.9068130239575
daob129AwBGn9Y5r91uLoWZeYiGzbPmksauMhFZKTze,6VW5GQNyj4LStgmxEHLr5zUfW92vQnmbw8jTnCH7a38F,4VPCCUifPeBA1c7HWK358CHn2nyjm8pdTRk6Ps3KmnMQ,164.63703320399995,146.69738416299975,35313.04281140126,214.49027672677542,14.125217124560505,193.0658843122192,48.975067184,222.862083788,53531.74099920269
moFiBS1R4Lf3E3zzmBPnw3NF4RhWPkhREFviuzUaCAU,44ALBrpqi9PfZkBRTvbtRNtFJGsatfY4QydjtMbFWq8S,2ho8qEEie1UjVwWNBo9y4oAJZMyMLx8zPj9bxyUz6uWs,1043.7603445950008,1049.4345918239997,1037.8836759708474,0.9943697146049042,0.415153470388339,0.9995396140528464,46642.675782933,20484.340391077,66854.9738953084
SoN9GaFpSXfpyR5dth3x7PHPVhvJMpQqqDJfCSmPv1t,9kZ9iS68ViMPtoeqtnhAKuF2iqVyfHPdZHoUNdwCELr,BBhm5fJLjw3HRzjtKB8uMEYjGhY6EDm9co3cqpjrSzB9,43.96274824399999,41.37542154399995,9998.418966697518,227.4293433887427,3.9993675866790075,203.46140754194815,1.822274445,7.881803552,2018.081525159482
HEDSDjj84KS7LKhZY7ejkCACTdPen62rKhCby1wXtgxc,EnnjMSFttpCTywBrYNt1J5QQeoSVkvzPipJDa8Y7kJow,6bjVT6JN2rSvpyn9PdfLYC8wJn4LWh49jpY47fnLDXZk,6.230668108995815,6.425470439999117,6.0360939563427705,0.9687715427544409,0.002414437582537108,0.9999871171659697,39131.461223453,9090.839627848,47000.16857175002
BUSDTd9WiT6uBHJRgNvFXBsA7JrifsAtWzKfioN7ERcy,DyBxrn7gSc1EwnpWhDyhzvMHPtxpmBqRqotapLcKcfTM,Cds99GeBgoCpqBsoRWu1C6fF9LiUMd4pXQQD24s9LPff,26874.58881275999,26927.194612639993,26870.559572352115,0.9998500724816314,2.687055957235212,0.9983636819253244,2914.93885313,2614.76291179,5524.986151558001
C98Sspw7XqnMsgxea3SLQVdbMDL8pKUc3RE82UvX9eq2,CSqgQJurPCzGxb4Cgwx5R61hWQUiaoUHcShNc8r1cKEL,6S2CR5EnukPhC914XkAns8m5GixjMAoUuZMsS5ubHuWc,87.6718480000003,87.5821209999998,0.0,0.0,0.0,1.0,885.272546,982.996158,982.996158
BkwbeSfcX1h4thMDd7obGkHrPevf3QwgzJ4pCEqG18Lu,35yX27bmurdebhfAb8EPmjLETDiUaEUCn9zHaDPbakH2,2CxECn1ZJFoESyUnQysQU8rRgT3iJ5GRs2Mdd6gZjx5g,0.025965479999999985,0.015444860000000005,67.53753316339798,2601.0508245331116,0.027015013265359194,1557.632398753894,0.79692543,22.80358604,37592.447970468915
KwnjUuZhTMTSGAaavkLEmSyfobY16JNH4poL9oeeEvE,J63v6qEZmQpDqCD8bd4PXu2Pq5ZbyXrFcSa3Xt1HdAPQ,BnKQtTdLw9qPCDgZkWX3sURkBAoKCUYL1yahh6Mw7mRK,462.1808040000162,13797.099421000152,13.804983692596906,0.029869227741869654,0.0013804983692596907,1.0,272350.621394,703.093234,8837.995970057105
BkMBnJpvHKtWhUvrgRrLesXfi9RUV3ELgdBaJcdH7hcY,5uerVwBnZQsuVhZ15igs7ZgmcqhHnYWbwoRtLyRqLvR,9YWiQh5d4jCtgMdzcGLv9bWgnLaFtzvDDh2nnhJdzhBX,1.035985289999644,1.0003971670000738,1.0360478434602884,1.000060380645602,0.0004144191373841154,0.9999871171659697,1472.204326323,1400.40822633,2872.683404073927
vEnkoSUkpnbRrPgBz9DfcVxNz67zjwMYBZraAvDDNSf,DtfyjjsZ5yCjWKLKHvwsfXs5QVsmm1QkK6Sh9JZHoq1g,e5wrKCRv4GhHvEf1VD5Pq2KGaZDXP77nTL612Jyrxwy,3825.4813249999993,3826.157078999998,3811.8729386091645,0.9964426995625616,0.3811872938609165,0.9924317157357989,1374.785665,585.497556,1950.9614834127085
STK75uPSyBnEhGTTzb1nwmP3n427XoXmfRhXxxhyady,6TYyD5fUmDe6N65avW1Ny2RxzRNobw2RRgKwH9CTzSAU,54zDfk4cx2vGrEajPtodWpArNe5eUurytyxd4X3aZAxK,287.89877108399975,322.5054912820017,55726.32991947612,193.56223616257446,5.5726329919476125,217.02326120420565,583.360605587,106.147978088,135953.16368146366
7dwD9TF6uikvHXxPFK9AsSim54yJoujQjY9vU6gNFumk,CquVr6atkvwueDYficKjn6SSEWq4F4rH4VSiBbW4GBWU,8BCa6ge3b7ho3TfZuM64Vk1hgbrJ3J7EPiAb9uP86CGd,0.110583718,0.11101947500000087,25.116223471909297,227.12406424885532,0.01004648938876372,228.38845679061686,0.003938223,0.0035697,1.7097434878837847
SAMGk1Nd4haC8zQA63DG37pzuEZy8j4q13tSFtCbcRE,9U9TnkHD3jXMAVZtynCVLgDruuqN4pTvLJTmVHCLWS8g,C6zoEbvqSknmi96QWq96UBiPCyNW3YSTvKhavR2BfifE,0.013877059999998664,0.007106679999999921,0.027451386113932878,1.9781845804468323,1.0980554445573151e-05,0.0,53.69674578,1.10645011,106.22207452216952
SEQV6QiTpvTzrceiaYg9Avnwf7oc8ZALpnQMz6TyT4A,3dFMPj4r9mMmPHF32mz1gNDX7f8ftidWof7S8YiYTs1j,Fc1ED3YPeQfXQosHbd8DTaBd2AV5gHQtwiSAL5C5pUhi,5151.288853271001,5184.205888947,5133.523151629125,0.9965512122989192,2.0534092606516503,0.9983826201553484,4517.968748555,1093.0293815,5593.648771309867
NorjjEePhxfwLF4vZjUHCrVVKLzQjEEGQFd3wgjEJmh,34M8pFVqgbV7aqHxvRT5tCv3vu2P1JJYT8J3VaxBK2oG,3AZWBSze3ucsY3xSeuLne3b2pauVqiaJ1SZSV5T9WGWw,0.0526809999996658,0.0014949999999771535,0.031355181154671195,0.5951895589466811,1.2542072461868479e-05,1.0,38106.662703,2271.705673,24952.393440128515
BUSDgu5JdqP1rndBvXvanbEufS94FNh1w5FJcAj6vawb,Bgzr8cWubt89JQFXndVjtdKmDbGzuPxNhvjH1EhWCwbo,Dxaf8xPBBQsasRKW5Aa4Sw2YrbfGofY9xZueyyF23FBW,23755.526000240014,23788.316253509987,23751.019719268676,0.9998103059906444,9.500407887707471,1.0,7796.49778427,7133.27157399,14928.290409336369
B2izdXFYb2sNwbWWHmh75T4aQFtfXsUxem9u2p61HGzf,4DYwgJtxwuJdAjkj5RJSNH4e7U329V5cNp7d3a1nLrZv,EXNW64GEf1ACC6xY9BtKRiunrs6GoJSXBdxWN2eTPmrF,5055.4652230000465,4964.586199000002,5104.813454666305,1.0097613630970592,0.5104813454666305,1.0,7791.894991,32285.261402,40153.21590922131
BSCuChvaSj9b5HUSqgDVRzcnr2sSn7cXaamt1jbKH6hn,GnKpRj5kBVPMJfiwZtEuD9GYApLzPdW5JFuZTcyX4BTc,3dmwD9okkomV9nDwyuh4UMhKdUR13QpuKxRo89ycZB5t,2636.310540027,2641.7416147559998,2632.6391772665083,0.9986073860781005,1.0530556709066035,0.9901735180072956,1744.137188995,1398.89665327,3126.858699760891
Lee1XZJfJ9Hm2K1qTyeCz1LXNc1YBZaKZszvNY4KCDw,9DgFSWkPDGijNKcLGbr3p5xoJbHsPgXUTr6QvGBJ5vGN,2hNHZg7XBhuhHVZ3JDEi4buq2fPQwuWBdQ9xkH7t1GQX,1109.4631666549785,941.6459530840093,252626.9789648846,227.7019972880692,25.26269789648846,192.94448331203867,7217.00139381,56412.609920405,12527827.505177446
KEVpg4SYCVrqFxKijQH6hm4QxsRdoE51ud64bEEFUC9,2bPenuBYfqzD8p5dFjCcggwkHDsc2RQDnx9AoyYGUBjA,AE6n6iLuX8oYu61vt5hoDYkjswpnxFxrhSehxrnQTnbx,11106.084167461,11119.908828977,11063.916660194996,0.9962032065820691,4.425566664078,0.9999871171659697,6195.636704666,1427.655491759,7599.7502515160795
ACUSESXyNnwRLAg1dpSGMLSzUDdLjUMybY8rkXiAKhCP,AhFPQdu8GKBsxuhiH46UmCu1YpaLgNpoP325HnYtsgas,A8wxWpT3aFEr2XqZp1kDmbxbFfcBE95UUmdsNTDBJYbT,0.0,0.003012212000157888,0.0,0.9999871171659697,0.0,0.9876832462060411,1040.127502244,1845.791608762,2863.171550415941
Cob4usZcpHEY7Qt4ZCwj6WVg9S44zvzYV2v9qYF65dTf,NhFM9UXE48PyNAyeyPYA3iXztqKVJwA4bTdLj4ysM8w,6TuFuynuBoeskxyR2cz4wxyidk8dpDK7kAWw3UkjQGx,22.30014200000005,1926.8004399999772,0.27068119523558065,0.012138092898044328,0.00010827247809423226,1.0,67234.684823,226.203586,1042.3044363523052
7oAd7xG4m3oC2qeWB1szghTebAZyyGPAFDJ4wwwbRSNi,D9yh4KAysxt9GLacVe4Wwh2XqghhcjTCSTV9HuM7TBJd,HDYfJLpZKaMFb84jM4mRytn7XLR8UFZUnQpSfhJJaNEy,326.77365017605246,907.3745982050001,326.76944040535176,0.9999871171659697,0.13070777616214072,0.024111669476266494,991.914012172,300059.904035883,8226.846462701862
ercAoEmXjQzEvAFbdjAo81KtMxRGn9AW1ju882upmPH,CMRhskR2Eg6V42RTSdRTXGdozyPbWB8U9dVpijPWb9T4,7TKLLgrWswt6ZJ1pXhVR3FyufHGjJFqiEXxvWJfDcgRm,1.6757059840001602,1.6380959209999446,323.1704463929239,192.856294289448,0.12926817855716957,188.48084252444454,318.178050589,984.037861084,246834.9248938997
heyk4SZTeCUV6a65WiVA5bzic3KcxgVf1qxobfeV4tQ,9ZDpBKPqMABtGfq66FbVribaArMvtk63xxy91onZAtDt,DaTP4s6N7xxSPinbNZ3FB52EpRDRt87QShTuN3VPCW52,41.66366798999945,36.3506474609992,9166.6876760267,220.01633841329055,3.6666750704106805,192.9303378711835,642.906102172,4485.02685534,1006747.5931055222
KEN5P7p3asnb23Sw6yAmJRGvijfAzso3RqfyLAQhznt,9zj4aX38Uxf3h6AUjS4EipWS8mwbEofasHAf3a1uKGds,CwQDG1MWunn9cLNwcZLd8YBacweSR7ARo32w4mLua1Yr,167140.3817720008,167163.3888040008,166823.08426572738,0.9981016107363794,16.68230842657274,1.0,2156606.766021,2068941.605853,4221454.292743534
MATSnbbiTCv7Dc3trJrkrqjx7ckKdr6fwPoVwv9q3sD,631WX9JizSHJm4w6VanZeJAst9T8DeUUnPLesdGkCVtK,211maUSfpnXbPuW1iBu8b4dtJv5EbN1j7JJiEX5TZKEP,77846.78428000004,77911.56386999998,77829.89519274322,0.999783047078784,31.131958077097288,0.9988812529966438,27299.760047,23978.030541,51245.04247549518
RoBgmK8CvjdHvPrqdDyVw54VwjZv2TqJ493xnqJAQHx,ExiHJxM7qPAcy27NDHAF6G7vnW7muNHi2sVJpnaNynGQ,6rkPHSqZb7StM4HwS9EuVrmfkV7tRdc7dnsFhyB6cefE,13.069636000000173,0.28126999999999924,0.0,0.0,0.0,0.929228127363724,6120.079332,21.771779,20.23094942954685
BSCrK1Nx9PXU9mF7STWWBqeHLxmtJDr9h7jheEy4tAWX,FfSySSbVJPvEo5a5AvrP3nySoXpRE2QPn1uUMpJJ1x7v,HL7Vcj6838ZmvBHDbQxXfjBNckNi83WvPiZQoMQLFeRM,0.013764987000000173,0.013761611999999923,48.44387157170922,3519.3546911238354,0.01937754862868369,3516.174402250352,0.874714416,0.92868505,6343.848883905835
YAkoNb6HKmSxQN9L8hiBE5tPJRsniSSMzND1boHmZxe,CfWX7o2TswwbxusJ4hCaPobu2jLCb1hfXuXJQjVq3jQF,EnTrdMMpdhugeH6Ban6gYZWXughWxKtVGfCwFn78ZmY3,8211742.580613986,8213516.270064004,8211742.580613986,1.0,821.1742580613986,0.9975291203688463,1093937.364832,289086.370936,1382309.4381424102
Lid8SLUxQ9RmF7XMqUA8c24RitTwzja8VSKngJxRcUa,4PgzyzLtds9bKZ2to9PMnKqJzKEUpjvNUaeN23phegax,AtymwxoVN9peZo7EXTcDz9jKVc4vRmisJKKrNfe3ewBa,111.80543997801101,95.47483471500107,25362.185228858994,226.84213964765064,2.5362185228858998,193.0486650588287,997.056279716,7664.473085934,1705790.6774587838
SAMyS8Jr2HJrkFwYVKbpUwsNStnQmvz3f8Tup8bWUWF,6jPzm5TFfquvgm25sTyN3MMGBfufRaFHMxobDWv6hMFW,Cj9ECoDmxsHTDzCY5ZA6RWrPbg9uFzEC1Qc2kso2vJG6,2341.0385006000083,97.52199518000259,2320.640120354891,0.9912866105192679,0.9282560481419566,0.02987459349793735,632.87590774,113061.2322469,4005.0197672149134
SUiuyGR7SFq3xeRVJonq84fjjeFwRSsFekcevJ53tzy,49GjCCPsv7fBqo6t3iKDrP1xxGDS8uWZbVCdfnp2gjMf,CEwj5xEbbJEjYqM8D6Ai8ByGz1mrh8mkAVsE5fzDSSSx,5.919505000000072,0.07179499999999983,0.07185150160043877,0.012138092898044328,2.8740600640175508e-05,0.9399574011305807,604.795992,2.085296,9.30115934400887
ALLwa5WNZbvQsRKAqe1jdRGemdYQnW8E5k4msbRFcYtu,CGoM82Hbz7QVqTgvQatYtjvDWBvoUJp5qm21P8iMs9yb,3dxNNww8TivyN5FMy5dCNdi3Zcxv6e4kUfSPxfFwpdNq,8.393003941999995,8.278405904999998,29552.83078169012,3521.1267605633802,11.821132312676049,3519.4290078377685,2.472306766,6.140609264,30316.743883603438
GokA1R67GqSavkd15zR62QD68Tuc5AEfvjssntVDEbM8,3YB7hfpBdbQEuZqLGWVDpRPmeZWCUsrrWyqGXegnQ6Cg,4DPCj6Z1DsG6HUtwSogBGqXEUxdEV5a8YVrrFtcnz7UW,38284.15716900003,38298.029564999975,38273.59365715065,0.9997240761549813,3.8273593657150657,1.0,21313.313093,11272.999285,32580.431526701293
parEAJhzYzHW87y9VoZAQ22dzQ2MD2ekEtTReaxbMcz,3oyc6hpjYSJEquK6dSvG72NXyz3pqLZz5D8AC71pwgQb,Di2vordgFJVZ1aj1aBpvzXtLfZgJsuLLXawGtVFwX6Rz,3.2462928550000356,3.8116699740000968,603.578315495361,185.92848595459031,0.24143132619814442,217.97353060228482,1113.90287056,145.549261189,238832.16056161324
WiiQFxXqp8P9Fs1rt9SVcDyA3KUdJmUsog6wnVQAwba,3S2jpqSYxho6wiz3cafhjXruVY8cg4HYa2v3BqBHYFSj,Dfe67M6TfrG74gKRtdqys4e6E9QirPD53BkF4FujFjuv,44367.68598389901,44084.98813551598,44382.99709708857,1.0003450960502,4.438299709708858,1.0,11778.588349965,14965.012633081,26747.665727362506
wrmcMSHFi3sWpAEy4rGDvQb3ezh3PhXoV2xNjgLBkKU,8p4mGnARWPBu6P2Gcw4adodLkNDorrXniZMhaY7eJXUn,AyY89zccbsgp9LKFgH4CFZMJmpSgqmPSdTfukhP227rc,0.007870190000000013,0.08332414999999571,2.84459215244044,361.43881563728894,0.001137836860976176,3506.1884225658287,27.07437031,0.09646852,10123.96514693784
FrnkTEL6yZ5Aycq2TrEgu29dCrwKG4LPUZydfiwqspkc,DjvZuMZ46fxKBoBpGMPcRcos4xdTtHFxwMh69DpA2ZFY,9rvDPJLAng4uVVqnnSoEXgNDFhBZQTny9AoQioYDZbQX,34.08399289700043,28.690288539999784,7791.24490491027,228.58955898902153,3.116497961964108,192.87005688509458,180.088933982,1454.787197654,321751.3395649827
Sid7E679i9ABqptiAVhkmQ27YHN8vaYT4fppPwmxFsJ,GP7KB8o1bv527HG8kTzzzf4wJ5aEGHvcMQvVhLziUfmT,9gYxhAZ1M9wu5pxr8SBoa5NDm21gi3s9vMHaYTME77sa,1553.5093169999964,3641.803229000023,18.779679642950523,0.012088552953912259,0.007511871857180209,0.026461727292424422,130743.99592,10552.428794,1859.7412111045635
DFWzVTzNBrQZLjoQ4yQwkj9HuoXmfkuZP9V5vbymZe23,DhgiEgiNdqZdRdo195UUHnoEJUtefK8buko8nU97XJUZ,2K2kkXsouBHtWVjtcgkyiXd8eP3oVBvq1bTJzcVdLLr2,1069.9354954280016,1263.5179985589884,911.4259481081825,0.8518513050579641,0.364570379243273,1.0,60949.618574212,7901.072491529,59821.08461675662
BSC8REUo9LpiiWUuqMuLXs2D2yJsJfGd4HdiF3wCLxk5,AZjEH1zWVx1UJ6udMyRijGTzPteuLnaY18yNNmprJEsh,Caf8ypkSVR8xYnXNhjvfvdGCC7mrM3C11rz8Xi6NA6aK,10039.512174056,10066.325892766003,10028.536322135804,0.9989067345375047,4.011414528854322,1.0,3333.396771248,2997.675662071,6327.428145756201
HDSBGqAuMRr6X2AfmmbXQPpRgU6VEhtfNVVZ3wUTZXg,DCZ1d8kNLgDcdSd99y4udLgwq46mfDXNS9KXj96kQf5L,Fq8GGYQM5Pz3q7LmVMbrXHJgsxA5ev86kTq8yGgGuYsa,184.0399641510012,185.03246107199993,182.8277576131436,0.9934133515867076,0.07313110304525745,1.0,10978.315779022,10356.941303198,21262.94677601348
DA1mL7dfBow33EH5yjUuZE6SH2KeUK5zEXzsyhE5r5j5,B4UtLRZND3D83CitRCBUyeiNr7H8m7YFRqBmiPmXjhW4,AAmpYbuixWiSqDaJBCqYEs1pb5SrbdPr9mgXrB58Q2e,662.5785501269997,662.216691138,662.4931262758184,0.9998710736241537,0.2649972505103274,1.0,1636.322930958,1471.031396387,3107.143362159797
KysFMBBoavfov2tLpvefWW6tPFt6rAeZWDJVy1mMQae,B8ka2V21TH3x64dFV8ETcjuQcwmrciJ2qzy1mJUttRew,7fSf7EYxBANyxzk2s5pymFgshA91tFYQNKKs5UnLWcYS,9.560966999999891,13.069636000000173,0.0,0.0,0.0,0.029611360078491425,134659.722814,2495.139548,73.88447560191234
MNkYtBe2HtgL15osfaMmyqNW3vo4J399FXXCS4a39Wf,2mUxDu8NrhSKhQJMgKfYLxJqZzeEbmwhQdHeHMyohyuk,AZCBmDBcFsA2jHHhfFJBTsWCHx9XnnKmGfFsue3ZVW1t,0.09078251999994791,0.018134480000071562,0.09074479466646121,0.9995844427596114,3.629791786658449e-05,1.0,2195.09800886,1941.23195391,4135.417773899056
JSoLLrxK5bYdHwTEWYaGgmeycBCNXKDiBCTw5hXGBg7,xG4wXczA7Dk4hccJ61CHKpDHW4NrNfQwgmWgkb9BuF2,BVR6WgfhsRr9Lob4QDnkEAiNGgAbv7ZieKcY9kSg3QYR,627.0417621920008,573.1867167710003,126493.92328805827,201.7312576531796,50.59756931522331,192.5392577919675,29.443596113,154.942655129,35772.237492562206
RajgMbScQbqqrdJfR2rxfHJiTiY5b6bJ2tTXiF4aPxy,725ZA3fhyBAKb5iopNRrcbSuQa3LXA1656Q3mBvYPxeg,GLA6i1dSZpUfk2f9Nj8uiG7xyDdAR2reff8oEiZH3617,7148.080049740034,7148.82011712002,7149.685583134584,1.0002246104385202,2.8598742332538336,1.0,94687.16606069,87100.63585909,181809.06964567112
AUSejoEUCh2DBs9mof6BNC8Pubs22w4cJa1ccV9h44R,4xkyD7AfGQDwsQMy9MosRRNGoVJ1zosNinesxg1TzHG7,Cbm5gsQe3nSiCsFrvepVzMCD9xLK3ri9g3ypS2hdmVJ7,26384.601881999988,26410.14135599998,26365.88210570494,0.999290503742343,2.636588210570494,1.0,14618.573222,14249.688804,28857.890203006704
KZMu9QBEdL97EFgamLbN5DE1AoKBG4HdrKKJo4Vuon3,DD4ACBWyVqdaKWh7v5btsgqQCCMwbKnuL2xd9pv7Gyuw,GcYqiJ1MAuYbNTNYXm1F1gQYTfTgkErACAhNU5dpVj9T,93.49595969000052,94.27290239999911,92.6755971574745,0.9912256900164879,0.0370702388629898,1.0,1874.88610531,1211.74127094,3070.1765443782306
