0,1,2,3,4,5,6,7,8,9,10,11
KEN5P7p3asnb23Sw6yAmJRGvijfAzso3RqfyLAQhznt,9zj4aX38Uxf3h6AUjS4EipWS8mwbEofasHAf3a1uKGds,CwQDG1MWunn9cLNwcZLd8YBacweSR7ARo32w4mLua1Yr,137735.21662399778,137742.93311899994,137705.74759401268,0.9997860457862018,13.770574759401267,1.0,2084436.921326,2064942.673101,4148933.620364286
SoNcU2iwHMw6dGzsYNQkYFkUjwN1UdAjrWVRnStrZu2,8ivTTid27jZnYNc4w3CTA1Z6QS2twsFb8WMwUabeDJgc,CyXm53PMvHCbeXJBykU46Rcbo28xk5srhMZFg7gv6EYB,21.886885913000018,21.69753698599999,4796.3834884947155,219.1441718826632,1.9185533953978862,216.37851179619915,16.421938284,21.469142884,8244.233252735263
moFiBS1R4Lf3E3zzmBPnw3NF4RhWPkhREFviuzUaCAU,44ALBrpqi9PfZkBRTvbtRNtFJGsatfY4QydjtMbFWq8S,2ho8qEEie1UjVwWNBo9y4oAJZMyMLx8zPj9bxyUz6uWs,19.957167954002216,19.99886082699959,19.910794936075096,0.9976763728183277,0.007964317974430039,0.9989642598698671,38958.511563463,28139.975182903,66978.81598838177
AUSejoEUCh2DBs9mof6BNC8Pubs22w4cJa1ccV9h44R,4xkyD7AfGQDwsQMy9MosRRNGoVJ1zosNinesxg1TzHG7,Cbm5gsQe3nSiCsFrvepVzMCD9xLK3ri9g3ypS2hdmVJ7,2677.2744860000057,2678.153634000002,2678.0216540414835,1.0002790778627237,0.26780216540414836,1.0,14365.546112,14497.011877,28866.567094905797
FrnkTEL6yZ5Aycq2TrEgu29dCrwKG4LPUZydfiwqspkc,DjvZuMZ46fxKBoBpGMPcRcos4xdTtHFxwMh69DpA2ZFY,9rvDPJLAng4uVVqnnSoEXgNDFhBZQTny9AoQioYDZbQX,13.572595530998086,11.432587345000002,2993.7622831615067,220.57404394937825,1.1975049132646027,186.4115314173335,180.591260076,1454.146073811,310903.34106048854
WiiQFxXqp8P9Fs1rt9SVcDyA3KUdJmUsog6wnVQAwba,3S2jpqSYxho6wiz3cafhjXruVY8cg4HYa2v3BqBHYFSj,Dfe67M6TfrG74gKRtdqys4e6E9QirPD53BkF4FujFjuv,6637.815290624001,6635.741843517,6633.498090663632,0.9993496052885853,0.6633498090663632,0.9989642598698671,11527.668986572,15205.736727243,26710.158987134553
MATSnbbiTCv7Dc3trJrkrqjx7ckKdr6fwPoVwv9q3sD,631WX9JizSHJm4w6VanZeJAst9T8DeUUnPLesdGkCVtK,211maUSfpnXbPuW1iBu8b4dtJv5EbN1j7JJiEX5TZKEP,123721.85171100004,123838.07634199997,123450.63067540617,0.9978078162277476,49.38025227016247,0.9975331006421121,27018.388595,23965.03806,50865.07804496766
BUSDTd9WiT6uBHJRgNvFXBsA7JrifsAtWzKfioN7ERcy,DyBxrn7gSc1EwnpWhDyhzvMHPtxpmBqRqotapLcKcfTM,Cds99GeBgoCpqBsoRWu1C6fF9LiUMd4pXQQD24s9LPff,26311.884076510007,26351.582472460002,26249.64511794954,0.9976345685326263,2.6249645117949543,0.9977918865550537,3253.15987048,2270.14473273,5510.596739377655
SRMuKizofcAMicegrfSv7xs9q76tH1w8aAF7oX9FEWu,72Hj2KWntXPfbie4UgKeTPnm1XVkomDfCnRPKbvfTtPi,6aqJQ5wedqpUt4fFEDUqUmXhrdxCu4bEJsQdVPCADLko,0.02360899999985122,0.02360899999985122,0.001478223579600904,0.06261271462621117,5.912894318403617e-07,0.0625098179482815,17693.037092,5263.695502,1436.8417298775732
AURHmCnNwiW4uA2Qj1XvEh4iKgRUZYXtiY7FKAapUV5Y,BKWm4TRnTeKwfWXRyuzjRHU7iZDkPuXBX5b5V5jSVfGJ,A5Ww74HVrkj9nPeC7pHKLfgeDMEhBCpW1efQdz3TGLEg,0.0012828849999664271,0.0014389309999387478,0.24809805063441384,193.39071751630624,9.923922025376553e-05,186.31803333117827,289.584587719,1809.838697396,393208.55794612534
BUSDgu5JdqP1rndBvXvanbEufS94FNh1w5FJcAj6vawb,Bgzr8cWubt89JQFXndVjtdKmDbGzuPxNhvjH1EhWCwbo,Dxaf8xPBBQsasRKW5Aa4Sw2YrbfGofY9xZueyyF23FBW,19121.696723399997,19104.660193370004,19181.330713334526,1.0031186557760616,7.672532285333811,0.9999077585092775,5781.61270613,9131.33239928,14930.133677558131
MATgk4zXLXtYkwBH678J1xZbRDZ45LicNzkRBHkxTuY,y8dALFo1bJrSzPYjMX14HJX448pXqYmrfXHD1K8MXih,GN7Yuet3UyiWS5YVkEHv6oQKi4HGBJc3XDPt9zQhAqZz,18704.981277000006,18671.640056,18734.713266954666,1.0015895225723224,7.493885306781866,1.0,7301.399659,10266.322871,17579.328269567526
SoN9GaFpSXfpyR5dth3x7PHPVhvJMpQqqDJfCSmPv1t,9kZ9iS68ViMPtoeqtnhAKuF2iqVyfHPdZHoUNdwCELr,BBhm5fJLjw3HRzjtKB8uMEYjGhY6EDm9co3cqpjrSzB9,1.8961795659999998,1.865058819000001,412.81008789670966,217.70622112943374,0.16512403515868387,217.116463224922,3.716513255,5.858996778,2081.192715009075
B2izdXFYb2sNwbWWHmh75T4aQFtfXsUxem9u2p61HGzf,4DYwgJtxwuJdAjkj5RJSNH4e7U329V5cNp7d3a1nLrZv,EXNW64GEf1ACC6xY9BtKRiunrs6GoJSXBdxWN2eTPmrF,6592.2362730000195,6469.318197999995,6682.21903451885,1.0136498083188212,0.668221903451885,1.0,8421.568084,31641.8929,40178.4137740905
BkwbeSfcX1h4thMDd7obGkHrPevf3QwgzJ4pCEqG18Lu,35yX27bmurdebhfAb8EPmjLETDiUaEUCn9zHaDPbakH2,2CxECn1ZJFoESyUnQysQU8rRgT3iJ5GRs2Mdd6gZjx5g,0.07298628999999934,0.04589727999999993,190.2121133147412,2606.134841416695,0.07608484532589649,1594.896331738437,0.82836723,22.75185356,38445.68448268494
Sid7E679i9ABqptiAVhkmQ27YHN8vaYT4fppPwmxFsJ,GP7KB8o1bv527HG8kTzzzf4wJ5aEGHvcMQvVhLziUfmT,9gYxhAZ1M9wu5pxr8SBoa5NDm21gi3s9vMHaYTME77sa,463.6626950000027,965.2667640000291,5.684589074924789,0.012260182102691603,0.0022738356299699157,0.029365897764682545,130185.440803,10780.143788,1912.6658117309435
YAkoNb6HKmSxQN9L8hiBE5tPJRsniSSMzND1boHmZxe,CfWX7o2TswwbxusJ4hCaPobu2jLCb1hfXuXJQjVq3jQF,EnTrdMMpdhugeH6Ban6gYZWXughWxKtVGfCwFn78ZmY3,10159506.626937946,10160428.329191986,10159506.626937946,1.0,1015.9506626937947,0.9993683991717235,701372.600571,742163.941368,1443067.790578915
Lee1XZJfJ9Hm2K1qTyeCz1LXNc1YBZaKZszvNY4KCDw,9DgFSWkPDGijNKcLGbr3p5xoJbHsPgXUTr6QvGBJ5vGN,2hNHZg7XBhuhHVZ3JDEi4buq2fPQwuWBdQ9xkH7t1GQX,1208.4809617408755,1026.4275013259949,265230.9283098972,219.47464354574456,26.52309283098972,186.31803333117827,7229.422027061,56398.00799695,12094640.756218756
ACUSESXyNnwRLAg1dpSGMLSzUDdLjUMybY8rkXiAKhCP,AhFPQdu8GKBsxuhiH46UmCu1YpaLgNpoP325HnYtsgas,A8wxWpT3aFEr2XqZp1kDmbxbFfcBE95UUmdsNTDBJYbT,34.38114853099978,34.394792999999936,34.34553859574616,0.9989642598698671,0.013738215438298467,0.9866618492836099,1039.707776338,1845.791609606,2859.8030721964624
BSC8REUo9LpiiWUuqMuLXs2D2yJsJfGd4HdiF3wCLxk5,AZjEH1zWVx1UJ6udMyRijGTzPteuLnaY18yNNmprJEsh,Caf8ypkSVR8xYnXNhjvfvdGCC7mrM3C11rz8Xi6NA6aK,717.3370060850007,717.0890747939993,716.857380468023,0.9993313803513424,0.2867429521872092,0.9989642598698671,3164.219704167,3147.661307221,6306.505192789169
Lid8SLUxQ9RmF7XMqUA8c24RitTwzja8VSKngJxRcUa,4PgzyzLtds9bKZ2to9PMnKqJzKEUpjvNUaeN23phegax,AtymwxoVN9peZo7EXTcDz9jKVc4vRmisJKKrNfe3ewBa,220.1433847999881,188.5541484719987,48149.63049543185,218.7194066229986,4.814963049543184,187.00274800538196,1010.838815463,7683.810911852,1657983.8215796258
iLiUBQ7Z7im6Ew3b4ewwPcehzWgEQRJ1iQz7g6D62NW,GpugBvKWM3TVhYcZjemSdtehBWgfvuGr6uAm9iPjXT6v,92fMXJ3xy8tEyMUWLHKRLyhPw2nECBo77GtDiBBbYrjX,0.019260928999756288,0.019268549999878815,0.01881791473430451,0.9769993303304642,7.527165893721805e-06,0.9989642598698671,1865.493847277,1097.982592727,2919.4316076187556
ZUCKWFa4LTL833dPhhpeeRWZcaAEoMeYJPi2iKn4F8N,7eEYpq6ShaJ9opZWMxitRFrdCHh6vfyHhGfoSvFht3N2,H8VggnHmuwd1wvwpT8eg9cUJFEfZ7HAaeYjgXrSm7A2u,19.068087161999983,19.124966999999742,19.10733282110656,1.002058185426422,0.007642933128442624,0.9989642598698671,1671.361569348,2175.828818645,3848.376766793544
C98Sspw7XqnMsgxea3SLQVdbMDL8pKUc3RE82UvX9eq2,CSqgQJurPCzGxb4Cgwx5R61hWQUiaoUHcShNc8r1cKEL,6S2CR5EnukPhC914XkAns8m5GixjMAoUuZMsS5ubHuWc,420.08946300000025,419.4400390000003,0.0,0.0,0.0,1.0,842.449303,984.176547,984.176547
wrmcMSHFi3sWpAEy4rGDvQb3ezh3PhXoV2xNjgLBkKU,8p4mGnARWPBu6P2Gcw4adodLkNDorrXniZMhaY7eJXUn,AyY89zccbsgp9LKFgH4CFZMJmpSgqmPSdTfukhP227rc,0.009204710000000019,0.0943123499999956,3.101327834662522,336.9283589230422,0.0012405311338650087,3554.5444851242314,27.12120087,0.09184667,9464.37477547681
RoBgmK8CvjdHvPrqdDyVw54VwjZv2TqJ493xnqJAQHx,ExiHJxM7qPAcy27NDHAF6G7vnW7muNHi2sVJpnaNynGQ,6rkPHSqZb7StM4HwS9EuVrmfkV7tRdc7dnsFhyB6cefE,0.603394999999999,26.43604100000084,0.0,0.0,0.0,0.9805728899051983,6105.30935,22.097055,21.667773079744112
STK75uPSyBnEhGTTzb1nwmP3n427XoXmfRhXxxhyady,6TYyD5fUmDe6N65avW1Ny2RxzRNobw2RRgKwH9CTzSAU,54zDfk4cx2vGrEajPtodWpArNe5eUurytyxd4X3aZAxK,349.6539959070006,391.1253307909989,65365.42921630253,186.94317806019907,6.536542921630253,209.28343653448394,577.566389956,105.516305326,130054.91146817803
ALLwa5WNZbvQsRKAqe1jdRGemdYQnW8E5k4msbRFcYtu,CGoM82Hbz7QVqTgvQatYtjvDWBvoUJp5qm21P8iMs9yb,3dxNNww8TivyN5FMy5dCNdi3Zcxv6e4kUfSPxfFwpdNq,15.687711827999983,15.675644096999996,55987.55113490359,3568.879371877231,22.395020453961436,3573.6876525517914,4.514045275,4.087054134,30715.937959653937
KEVpg4SYCVrqFxKijQH6hm4QxsRdoE51ud64bEEFUC9,2bPenuBYfqzD8p5dFjCcggwkHDsc2RQDnx9AoyYGUBjA,AE6n6iLuX8oYu61vt5hoDYkjswpnxFxrhSehxrnQTnbx,3311.6608713039996,3317.864765173,3301.557692071549,0.9969492107963119,1.3206230768286198,0.9989642598698671,5956.83342641,1659.839787941,7596.781008567578
SQDY9uoDoCbNq7F3HAHYYQZbrUzpKxDtdWLvYcqBLak,GiehZ4X2uQjhEKuxSm3ACmEFrabxh3RTvjbLfLjw1xGX,rxDQYV77NKRKYxCjq4cECX3QQsiSyLv1T1FT2X3zNA2,19.991871387999993,19.999831270999977,20.014198487307088,1.0011168088706541,0.008005679394922834,0.9989642598698671,169.909384756,236.620863382,406.47492672227145
BSCuChvaSj9b5HUSqgDVRzcnr2sSn7cXaamt1jbKH6hn,GnKpRj5kBVPMJfiwZtEuD9GYApLzPdW5JFuZTcyX4BTc,3dmwD9okkomV9nDwyuh4UMhKdUR13QpuKxRo89ycZB5t,391.8289805159998,392.4426194470002,392.7861989116026,1.0024429494580576,0.15711447956464106,0.9992485650790605,1241.612330002,1896.966339839,3140.1864192580942
7dwD9TF6uikvHXxPFK9AsSim54yJoujQjY9vU6gNFumk,CquVr6atkvwueDYficKjn6SSEWq4F4rH4VSiBbW4GBWU,8BCa6ge3b7ho3TfZuM64Vk1hgbrJ3J7EPiAb9uP86CGd,0.21722259200000016,0.21892164300000028,47.347856773243514,217.9693020753729,0.018939142709297408,219.46751474766833,2.274953053,1.904343422,913.811447269059
ercAoEmXjQzEvAFbdjAo81KtMxRGn9AW1ju882upmPH,CMRhskR2Eg6V42RTSdRTXGdozyPbWB8U9dVpijPWb9T4,7TKLLgrWswt6ZJ1pXhVR3FyufHGjJFqiEXxvWJfDcgRm,0.18827269399997704,0.190125642000055,35.078598076038446,186.31803333117827,0.01403143923041538,182.20442206488264,317.608983808,983.285429108,238335.2345668639
GokA1R67GqSavkd15zR62QD68Tuc5AEfvjssntVDEbM8,3YB7hfpBdbQEuZqLGWVDpRPmeZWCUsrrWyqGXegnQ6Cg,4DPCj6Z1DsG6HUtwSogBGqXEUxdEV5a8YVrrFtcnz7UW,66124.874925,66122.60603899999,66105.0434119764,0.9997000899730081,6.6105043411976405,1.0,20446.208743,12138.854616,32578.931335984005
SAMyS8Jr2HJrkFwYVKbpUwsNStnQmvz3f8Tup8bWUWF,6jPzm5TFfquvgm25sTyN3MMGBfufRaFHMxobDWv6hMFW,Cj9ECoDmxsHTDzCY5ZA6RWrPbg9uFzEC1Qc2kso2vJG6,1852.331618389987,83.68463079000003,1830.5408599926348,0.9882360382012524,0.7322163439970539,0.029517716814050105,630.90960411,113123.88624358,3962.6464466715993
SEQV6QiTpvTzrceiaYg9Avnwf7oc8ZALpnQMz6TyT4A,3dFMPj4r9mMmPHF32mz1gNDX7f8ftidWof7S8YiYTs1j,Fc1ED3YPeQfXQosHbd8DTaBd2AV5gHQtwiSAL5C5pUhi,1440.0688534770004,1437.5712629349996,1446.601142957352,1.0045360952461264,0.5786404571829409,0.9967197951541478,871.297472437,4736.488455445,5596.2015638208095
Cob4usZcpHEY7Qt4ZCwj6WVg9S44zvzYV2v9qYF65dTf,NhFM9UXE48PyNAyeyPYA3iXztqKVJwA4bTdLj4ysM8w,6TuFuynuBoeskxyR2cz4wxyidk8dpDK7kAWw3UkjQGx,13.279301000000004,1064.3202410000085,0.16280664845645476,0.012260182102691603,6.51226593825819e-05,1.0,67114.525598,227.633261,1050.469566567237
BerKDkt6v49dT1bHRedgnpsJS263C1DSJtEGvY9Mg35V,78XKqNb8wbfsMMrvo8WPUpdx7GEkfQutpNVH943aCGFa,DKYQwn4nDvFHCszi5tXbqfVMAP7DaXXp1KGTXEnYnKVH,999.5322241839999,993.7971980259997,1006.3965673404107,1.0068675556328508,0.40255862693616423,0.9989642598698671,1339.340750272,3124.926511405,4470.228646999259
BSCrK1Nx9PXU9mF7STWWBqeHLxmtJDr9h7jheEy4tAWX,FfSySSbVJPvEo5a5AvrP3nySoXpRE2QPn1uUMpJJ1x7v,HL7Vcj6838ZmvBHDbQxXfjBNckNi83WvPiZQoMQLFeRM,0.557425386,0.5560400350000002,1992.6196571877958,3574.684087293785,0.7970478628751184,3560.619547801317,0.878960472,0.924427792,6433.541679344644
HDSBGqAuMRr6X2AfmmbXQPpRgU6VEhtfNVVZ3wUTZXg,DCZ1d8kNLgDcdSd99y4udLgwq46mfDXNS9KXj96kQf5L,Fq8GGYQM5Pz3q7LmVMbrXHJgsxA5ev86kTq8yGgGuYsa,92.4933033640009,92.97679134999817,91.7467393196471,0.991928453010098,0.036698695727858846,0.9989642598698671,10959.448650324,10375.628712767,21235.87120329332
ALBpShJ9NLpE739pcHDF2LNVk5J4VYPvvKuV6jMPitZi,D6d156U1bPiJpDYRLextvDRccgFk7QzkQbJg42ceKEu5,GNcM8U5g8RwTZffwwm3kSQqUNPSwv5d2fbN9sLxPJqt2,6307.560103000011,6297.067582999989,6320.909864634118,1.0021164699846075,2.528363945853647,0.9969016297347841,41720.580026,58520.116357,100147.67974992795
ionytDfEj1mXodptgrsKEZro7DGsfpzANUfarJdm6Qb,3gkSjY95an9xNFSjCfsay6JZez7uv7yfW3Ad4ubc4fMK,9wXqANaSuEqkKL9yHzCPEDGHwbkStVAqV5rB3QDs3Jr6,0.028022969999999994,0.09878652200000015,25.538018634763016,911.3244825499589,0.010215207453905207,3571.045959361497,3.163138708,0.081290796,3172.9389148909254
heyk4SZTeCUV6a65WiVA5bzic3KcxgVf1qxobfeV4tQ,9ZDpBKPqMABtGfq66FbVribaArMvtk63xxy91onZAtDt,DaTP4s6N7xxSPinbNZ3FB52EpRDRt87QShTuN3VPCW52,47.069039399000644,41.1070035970007,10097.163726480903,214.51816003483773,4.038865490592362,186.6445380902307,635.866540617,4493.053961168,975008.901517559
RajgMbScQbqqrdJfR2rxfHJiTiY5b6bJ2tTXiF4aPxy,725ZA3fhyBAKb5iopNRrcbSuQa3LXA1656Q3mBvYPxeg,GLA6i1dSZpUfk2f9Nj8uiG7xyDdAR2reff8oEiZH3617,8815.59725371997,8817.469646070007,8809.072989991393,0.9992599181268378,3.5236291959965578,0.9999077585092775,99213.64563414,82566.3266802,181698.93005257938
daob129AwBGn9Y5r91uLoWZeYiGzbPmksauMhFZKTze,6VW5GQNyj4LStgmxEHLr5zUfW92vQnmbw8jTnCH7a38F,4VPCCUifPeBA1c7HWK358CHn2nyjm8pdTRk6Ps3KmnMQ,30.23133662400008,27.136903126000043,6275.827036470862,207.5934357294875,2.510330814588345,186.97204936136893,49.13447987,222.56628166,51813.6692897045
BSCNHw8CmxbZ8hCWWzMf5FaG2ajPT6JxfznKUNuRVrn4,7n9kgNL633yGzCYksgnzHyjG73ZLBAwvEae5sbAekbzW,SscdxE99omdG9AiMVwmaEMQySQnCgeAh1sPj2Leutm2,3417.9449751090006,3424.026466485,3415.1781719281907,0.9991905068100982,1.3660712687712764,0.9989642598698671,5912.608266883,5758.664452444,11660.522023331036
JSoLLrxK5bYdHwTEWYaGgmeycBCNXKDiBCTw5hXGBg7,xG4wXczA7Dk4hccJ61CHKpDHW4NrNfQwgmWgkb9BuF2,BVR6WgfhsRr9Lob4QDnkEAiNGgAbv7ZieKcY9kSg3QYR,8.261626962999998,7.075491193999984,1798.7983003614952,217.7293054282746,0.7195193201445982,187.05399313511845,17.898514674,167.374652776,35205.12831952254
KZMu9QBEdL97EFgamLbN5DE1AoKBG4HdrKKJo4Vuon3,DD4ACBWyVqdaKWh7v5btsgqQCCMwbKnuL2xd9pv7Gyuw,GcYqiJ1MAuYbNTNYXm1F1gQYTfTgkErACAhNU5dpVj9T,216.30781299000046,218.39752351999914,213.76317614121544,0.9882360382012524,0.08550527045648618,0.9999077585092775,1958.03243264,1129.24743107,3064.1414815052776
vEnkoSUkpnbRrPgBz9DfcVxNz67zjwMYBZraAvDDNSf,DtfyjjsZ5yCjWKLKHvwsfXs5QVsmm1QkK6Sh9JZHoq1g,e5wrKCRv4GhHvEf1VD5Pq2KGaZDXP77nTL612Jyrxwy,3742.8543830000017,3742.712997999999,3738.5438419502334,0.9988483278779567,0.3738543841950233,0.9994353190447398,1118.531742,840.418765,1957.1877567040792
MARpDPs5A7XiyCWPNH8GsMWPLxmwNn9SBmKvPa9LzgA,6YjT74rmcfCpw8LSjPNx5JTmZoYLGrTKnf9arfSgZ4SR,F8GSmi3vA8M8TsybLya1LQ4n1aFHCRbZ6k437PeTdXtg,92812.69763399998,93916.1435580001,90504.73635228047,0.9751331300505801,36.20189454091219,1.0,322531.886986,40133.267778,354644.79627577815
DFWzVTzNBrQZLjoQ4yQwkj9HuoXmfkuZP9V5vbymZe23,DhgiEgiNdqZdRdo195UUHnoEJUtefK8buko8nU97XJUZ,2K2kkXsouBHtWVjtcgkyiXd8eP3oVBvq1bTJzcVdLLr2,5320.680847957001,6284.299438878982,4290.711428108898,0.8064214995636163,1.7162845712435593,0.9989642598698671,62326.67074278,6755.650393357,57010.220578339875
HEDSDjj84KS7LKhZY7ejkCACTdPen62rKhCby1wXtgxc,EnnjMSFttpCTywBrYNt1J5QQeoSVkvzPipJDa8Y7kJow,6bjVT6JN2rSvpyn9PdfLYC8wJn4LWh49jpY47fnLDXZk,1.9096032099987497,1.9726986679979746,1.8480830765820617,0.9677838133626052,0.0007392332306328247,0.9989642598698671,39130.996139268,9091.284311331,46952.212767673474
KwnjUuZhTMTSGAaavkLEmSyfobY16JNH4poL9oeeEvE,J63v6qEZmQpDqCD8bd4PXu2Pq5ZbyXrFcSa3Xt1HdAPQ,BnKQtTdLw9qPCDgZkWX3sURkBAoKCUYL1yahh6Mw7mRK,365.90717100000063,11207.488527999458,10.780121097954014,0.02946135509859684,0.0010780121097954014,1.0,272500.400348,698.483156,8726.71421516223
KysFMBBoavfov2tLpvefWW6tPFt6rAeZWDJVy1mMQae,B8ka2V21TH3x64dFV8ETcjuQcwmrciJ2qzy1mJUttRew,7fSf7EYxBANyxzk2s5pymFgshA91tFYQNKKs5UnLWcYS,26.436041000008117,19.249430000000302,0.0,0.0,0.0,0.02946135509859684,134674.492796,2484.335109,73.19187883016029
SUiuyGR7SFq3xeRVJonq84fjjeFwRSsFekcevJ53tzy,49GjCCPsv7fBqo6t3iKDrP1xxGDS8uWZbVCdfnp2gjMf,CEwj5xEbbJEjYqM8D6Ai8ByGz1mrh8mkAVsE5fzDSSSx,0.02957300000000007,2.3066129999999703,0.00036257036532289964,0.012260182102691603,1.4502814612915987e-07,0.9869856077758675,602.949202,2.108449,9.473275832922004
NorjjEePhxfwLF4vZjUHCrVVKLzQjEEGQFd3wgjEJmh,34M8pFVqgbV7aqHxvRT5tCv3vu2P1JJYT8J3VaxBK2oG,3AZWBSze3ucsY3xSeuLne3b2pauVqiaJ1SZSV5T9WGWw,0.004547999999886088,0.0015499999999519787,0.0027139228178288785,0.5967288517803108,1.0855691271315516e-06,1.0,38093.983701,2279.215467,25010.994620635603
parEAJhzYzHW87y9VoZAQ22dzQ2MD2ekEtTReaxbMcz,3oyc6hpjYSJEquK6dSvG72NXyz3pqLZz5D8AC71pwgQb,Di2vordgFJVZ1aj1aBpvzXtLfZgJsuLLXawGtVFwX6Rz,4.882218480000006,5.726741474999699,879.3855599897125,180.1200752469626,0.351754223995885,215.03961244700886,1115.086132874,144.535230338,231930.1980769321
