0,1,2,3,4,5,6,7,8,9,10,11
SAMyS8Jr2HJrkFwYVKbpUwsNStnQmvz3f8Tup8bWUWF,6jPzm5TFfquvgm25sTyN3MMGBfufRaFHMxobDWv6hMFW,Cj9ECoDmxsHTDzCY5ZA6RWrPbg9uFzEC1Qc2kso2vJG6,2946.503344519995,88.30630995000013,2906.3615220226598,0.9863764544601681,1.1625446088090639,0.03052673670497273,644.11098059,112688.58210135,4075.35058077784
wrmcMSHFi3sWpAEy4rGDvQb3ezh3PhXoV2xNjgLBkKU,8p4mGnARWPBu6P2Gcw4adodLkNDorrXniZMhaY7eJXUn,AyY89zccbsgp9LKFgH4CFZMJmpSgqmPSdTfukhP227rc,0.10017024000000001,0.6686190399999958,35.196851721714694,351.37034434293747,0.014078740688685878,3435.3636332405786,27.07583576,0.09630303,9844.481661396896
SUiuyGR7SFq3xeRVJonq84fjjeFwRSsFekcevJ53tzy,49GjCCPsv7fBqo6t3iKDrP1xxGDS8uWZbVCdfnp2gjMf,CEwj5xEbbJEjYqM8D6Ai8ByGz1mrh8mkAVsE5fzDSSSx,0.2967599999999999,26.953390000000127,0.0032823217079425396,0.011060526041051828,1.3129286831770158e-06,0.985144998566614,618.516079,1.924613,8.737136069715056
AURHmCnNwiW4uA2Qj1XvEh4iKgRUZYXtiY7FKAapUV5Y,BKWm4TRnTeKwfWXRyuzjRHU7iZDkPuXBX5b5V5jSVfGJ,A5Ww74HVrkj9nPeC7pHKLfgeDMEhBCpW1efQdz3TGLEg,0.016321564999998373,0.014562958999988496,3.4420508691396106,210.88975653621168,0.0013768203476558444,188.14116156095452,289.570059286,1809.854977336,401575.576995871
KZMu9QBEdL97EFgamLbN5DE1AoKBG4HdrKKJo4Vuon3,DD4ACBWyVqdaKWh7v5btsgqQCCMwbKnuL2xd9pv7Gyuw,GcYqiJ1MAuYbNTNYXm1F1gQYTfTgkErACAhNU5dpVj9T,268.5214458400004,272.5755581600015,264.86323169417767,0.9863764544601681,0.10594529267767105,1.0,2007.71088909,1080.01681935,3060.375567711666
MATSnbbiTCv7Dc3trJrkrqjx7ckKdr6fwPoVwv9q3sD,631WX9JizSHJm4w6VanZeJAst9T8DeUUnPLesdGkCVtK,211maUSfpnXbPuW1iBu8b4dtJv5EbN1j7JJiEX5TZKEP,133513.421909,133599.75080299997,133487.79225288745,0.9998080368569235,53.395116901154985,1.000045002025091,23873.255403,21173.761915,45043.38739502234
parEAJhzYzHW87y9VoZAQ22dzQ2MD2ekEtTReaxbMcz,3oyc6hpjYSJEquK6dSvG72NXyz3pqLZz5D8AC71pwgQb,Di2vordgFJVZ1aj1aBpvzXtLfZgJsuLLXawGtVFwX6Rz,19.01434531999996,22.148709114000525,3490.576920535095,183.5759718144796,1.396230768214038,213.0928055393901,1113.181133413,146.155661709,235498.02837087214
YAkoNb6HKmSxQN9L8hiBE5tPJRsniSSMzND1boHmZxe,CfWX7o2TswwbxusJ4hCaPobu2jLCb1hfXuXJQjVq3jQF,EnTrdMMpdhugeH6Ban6gYZWXughWxKtVGfCwFn78ZmY3,7699564.843145011,7700081.150001001,7699564.843145011,1.0,769.9564843145012,0.999001997004992,1101195.259165,360312.859583,1461148.5254349962
SEQV6QiTpvTzrceiaYg9Avnwf7oc8ZALpnQMz6TyT4A,3dFMPj4r9mMmPHF32mz1gNDX7f8ftidWof7S8YiYTs1j,Fc1ED3YPeQfXQosHbd8DTaBd2AV5gHQtwiSAL5C5pUhi,361.69987054500007,361.5385447709996,360.82308164212526,0.9975759214357647,0.1443292326568501,0.9967744379188944,2472.798990445,3131.852612445,5588.555358833286
KEN5P7p3asnb23Sw6yAmJRGvijfAzso3RqfyLAQhznt,9zj4aX38Uxf3h6AUjS4EipWS8mwbEofasHAf3a1uKGds,CwQDG1MWunn9cLNwcZLd8YBacweSR7ARo32w4mLua1Yr,127617.50987299997,127626.86266599898,127446.98580599156,0.9986637878518542,12.744698580599156,1.0,2046798.552713,2027733.471782,4071797.067404058
Lee1XZJfJ9Hm2K1qTyeCz1LXNc1YBZaKZszvNY4KCDw,9DgFSWkPDGijNKcLGbr3p5xoJbHsPgXUTr6QvGBJ5vGN,2hNHZg7XBhuhHVZ3JDEi4buq2fPQwuWBdQ9xkH7t1GQX,1403.2437438381494,1192.787010796017,309722.4578284809,220.71893011354442,30.972245782848095,187.60606778057146,7245.956929673,56378.176029097,12176207.77462601
BSC8REUo9LpiiWUuqMuLXs2D2yJsJfGd4HdiF3wCLxk5,AZjEH1zWVx1UJ6udMyRijGTzPteuLnaY18yNNmprJEsh,Caf8ypkSVR8xYnXNhjvfvdGCC7mrM3C11rz8Xi6NA6aK,87.85214277400019,87.698625816,88.00065144136352,1.0016904387607866,0.035200260576545406,0.998858829757332,2710.771415228,3598.514230042,6309.761520984792
NorjjEePhxfwLF4vZjUHCrVVKLzQjEEGQFd3wgjEJmh,34M8pFVqgbV7aqHxvRT5tCv3vu2P1JJYT8J3VaxBK2oG,3AZWBSze3ucsY3xSeuLne3b2pauVqiaJ1SZSV5T9WGWw,0.007479999999759457,0.001445999999759806,0.004515929215682987,0.6037338523834507,1.806371686273195e-06,1.0,38036.233836,2313.834646,25277.596629966036
MiMuMS9C4vBqcrYeeQPph1E7oAW9aNKvW9k6Zw9XffM,Afy2q2hh6Y474pshJa5fnQ6PfEchGyTbKrQpCZw2hr3m,5pXz9ksgjeL8Wgb37bksUaBFMLdFfsNNY3FQnikkCPtS,0.010266983000001062,0.6758330000002388,0.0,0.0,0.0,0.030452843528173873,26.041311305,7671.403207759,233.61604152741594
Sid7E679i9ABqptiAVhkmQ27YHN8vaYT4fppPwmxFsJ,GP7KB8o1bv527HG8kTzzzf4wJ5aEGHvcMQvVhLziUfmT,9gYxhAZ1M9wu5pxr8SBoa5NDm21gi3s9vMHaYTME77sa,3996.7153190000026,11173.855243000042,44.072428022211334,0.011027162183079496,0.017628971208884535,0.03042713984033541,133473.023786,9501.831432,1760.942234075008
GokA1R67GqSavkd15zR62QD68Tuc5AEfvjssntVDEbM8,3YB7hfpBdbQEuZqLGWVDpRPmeZWCUsrrWyqGXegnQ6Cg,4DPCj6Z1DsG6HUtwSogBGqXEUxdEV5a8YVrrFtcnz7UW,32150.32704700002,32150.50551399997,32147.208767749547,0.9999030094080874,3.214720876774955,1.0,19721.401201,13952.754015,33672.24242562417
heyk4SZTeCUV6a65WiVA5bzic3KcxgVf1qxobfeV4tQ,9ZDpBKPqMABtGfq66FbVribaArMvtk63xxy91onZAtDt,DaTP4s6N7xxSPinbNZ3FB52EpRDRt87QShTuN3VPCW52,116.72063076699578,101.93076741100037,25015.72170609982,214.32133755374912,10.006288682439928,187.69885520591222,644.048024571,4483.625416225,979604.5918724707
RajgMbScQbqqrdJfR2rxfHJiTiY5b6bJ2tTXiF4aPxy,725ZA3fhyBAKb5iopNRrcbSuQa3LXA1656Q3mBvYPxeg,GLA6i1dSZpUfk2f9Nj8uiG7xyDdAR2reff8oEiZH3617,6693.256847360011,6691.9304560399905,6694.547890920775,1.0001928871982961,2.6778191563683102,1.0,94150.37308442,87618.116364,181786.64985010278
ZUCKWFa4LTL833dPhhpeeRWZcaAEoMeYJPi2iKn4F8N,7eEYpq6ShaJ9opZWMxitRFrdCHh6vfyHhGfoSvFht3N2,H8VggnHmuwd1wvwpT8eg9cUJFEfZ7HAaeYjgXrSm7A2u,0.07425568200005728,0.001457077999930334,0.0744695868028589,1.0028806523223563,2.978783472114356e-05,0.9987898183142193,1690.42965651,2156.703851645,3849.393044767892
SoNcU2iwHMw6dGzsYNQkYFkUjwN1UdAjrWVRnStrZu2,8ivTTid27jZnYNc4w3CTA1Z6QS2twsFb8WMwUabeDJgc,CyXm53PMvHCbeXJBykU46Rcbo28xk5srhMZFg7gv6EYB,33.917217697000005,33.77383461800002,7481.272718509907,220.5744818264273,2.9925090874039624,218.58477723151012,17.588375624,21.181832079,8509.572885775835
CZgvH45CRmoaNJ7395Ao5CQZXkGznvqU7cErD6n7FaRg,4ZjU6MKvtqVQKCiowhvZ5yUsPxXX5SCzd5eFsPeXyey5,BsyWeshjDbCvjDojry3vKDCesmFRM37WtwcR4Kfgzqr,0.0014093299998876319,0.0014093299998876319,0.0014392486106615363,1.021228960411181,5.756994442646145e-07,1.0,340.69231061,766.68685001,1114.6117041943335
BSCNHw8CmxbZ8hCWWzMf5FaG2ajPT6JxfznKUNuRVrn4,7n9kgNL633yGzCYksgnzHyjG73ZLBAwvEae5sbAekbzW,SscdxE99omdG9AiMVwmaEMQySQnCgeAh1sPj2Leutm2,1282.953159001001,1285.7055702419993,1278.9883679626537,0.9969096369493065,0.5115953471850615,0.998858829757332,7152.594529448,4517.916208029,11643.25091209113
SAMGk1Nd4haC8zQA63DG37pzuEZy8j4q13tSFtCbcRE,9U9TnkHD3jXMAVZtynCVLgDruuqN4pTvLJTmVHCLWS8g,C6zoEbvqSknmi96QWq96UBiPCyNW3YSTvKhavR2BfifE,0.13897684,0.2719280000000026,0.2531634123371241,1.8216230296869904,0.00010126536493484965,0.0,53.842143,1.03416622,98.08008765650018
HEDSDjj84KS7LKhZY7ejkCACTdPen62rKhCby1wXtgxc,EnnjMSFttpCTywBrYNt1J5QQeoSVkvzPipJDa8Y7kJow,6bjVT6JN2rSvpyn9PdfLYC8wJn4LWh49jpY47fnLDXZk,13.070285429996147,13.375585869003771,12.61230281115321,0.9649600139724667,0.005044921124461285,0.9996736175602763,39132.052638539,9090.259267419,46848.15842727747
MATgk4zXLXtYkwBH678J1xZbRDZ45LicNzkRBHkxTuY,y8dALFo1bJrSzPYjMX14HJX448pXqYmrfXHD1K8MXih,GN7Yuet3UyiWS5YVkEHv6oQKi4HGBJc3XDPt9zQhAqZz,37505.18366499998,37505.745790999994,37532.88293260424,1.000738545046244,15.013153173041697,1.0,8328.65041,9217.972467,17552.773960502203
KwnjUuZhTMTSGAaavkLEmSyfobY16JNH4poL9oeeEvE,J63v6qEZmQpDqCD8bd4PXu2Pq5ZbyXrFcSa3Xt1HdAPQ,BnKQtTdLw9qPCDgZkWX3sURkBAoKCUYL1yahh6Mw7mRK,631.636286999999,21400.843313000165,19.235121014727696,0.030452843528173873,0.0019235121014727697,1.0,272105.400738,710.242509,8996.625700845361
Cob4usZcpHEY7Qt4ZCwj6WVg9S44zvzYV2v9qYF65dTf,NhFM9UXE48PyNAyeyPYA3iXztqKVJwA4bTdLj4ysM8w,6TuFuynuBoeskxyR2cz4wxyidk8dpDK7kAWw3UkjQGx,244.5888369999998,4332.382784999998,2.6983098608641143,0.011032023758566366,0.0010793239443456458,1.0,68322.912891,213.569208,967.3092062679723
Lid8SLUxQ9RmF7XMqUA8c24RitTwzja8VSKngJxRcUa,4PgzyzLtds9bKZ2to9PMnKqJzKEUpjvNUaeN23phegax,AtymwxoVN9peZo7EXTcDz9jKVc4vRmisJKKrNfe3ewBa,149.09835146701516,127.83751080200102,32664.88642900603,219.08281418009133,3.2664886429006033,188.01912079250812,1023.257414846,7669.26607669,1666146.7789381687
C98Sspw7XqnMsgxea3SLQVdbMDL8pKUc3RE82UvX9eq2,CSqgQJurPCzGxb4Cgwx5R61hWQUiaoUHcShNc8r1cKEL,6S2CR5EnukPhC914XkAns8m5GixjMAoUuZMsS5ubHuWc,24.2898449999999,24.305646000000138,0.0,0.0,0.0,1.0,948.034051,864.929417,864.929417
SoN9GaFpSXfpyR5dth3x7PHPVhvJMpQqqDJfCSmPv1t,9kZ9iS68ViMPtoeqtnhAKuF2iqVyfHPdZHoUNdwCELr,BBhm5fJLjw3HRzjtKB8uMEYjGhY6EDm9co3cqpjrSzB9,3.716249476999998,3.6720300309999994,825.4707437356391,222.12468480507223,0.33018829749425566,218.6768867496458,4.324112677,6.509128931,2383.8882155233723
oKQqupM9E7SSLAFDLxr7mdsXP7znck9qRbVWc6Yyj7Q,CMR2J7CwfW98RpvnJmFBgRFTLAd3x8CJ1SWs8Bt3uunG,FmRb5jHfSNj1YWP3b45d9vvYuhwjp4om8bALmtqZpr1v,0.21021114999939527,0.2138290099999267,0.20589528826808118,0.9794689209809921,8.235811530723247e-05,1.0,4105.29902096,1794.3502534,5815.363055764015
AUSejoEUCh2DBs9mof6BNC8Pubs22w4cJa1ccV9h44R,4xkyD7AfGQDwsQMy9MosRRNGoVJ1zosNinesxg1TzHG7,Cbm5gsQe3nSiCsFrvepVzMCD9xLK3ri9g3ypS2hdmVJ7,431.80478599999515,431.4034039999988,432.39846909806676,1.0013748877208406,0.04323984690980667,1.0,13962.705027,14899.803079,28881.70525769134
WiiQFxXqp8P9Fs1rt9SVcDyA3KUdJmUsog6wnVQAwba,3S2jpqSYxho6wiz3cafhjXruVY8cg4HYa2v3BqBHYFSj,Dfe67M6TfrG74gKRtdqys4e6E9QirPD53BkF4FujFjuv,12251.736496516,12248.64243743,12271.351786034607,1.0016010211715038,1.2271351786034608,0.9957517882985177,7170.694957203,19564.038698264,26663.10191178166
BUSDgu5JdqP1rndBvXvanbEufS94FNh1w5FJcAj6vawb,Bgzr8cWubt89JQFXndVjtdKmDbGzuPxNhvjH1EhWCwbo,Dxaf8xPBBQsasRKW5Aa4Sw2YrbfGofY9xZueyyF23FBW,7970.419078370002,7968.073864780003,7977.396747757331,1.0008754457348754,3.1909586991029326,1.0,7164.26126833,7726.59050709,14897.123697390893
ALBpShJ9NLpE739pcHDF2LNVk5J4VYPvvKuV6jMPitZi,D6d156U1bPiJpDYRLextvDRccgFk7QzkQbJg42ceKEu5,GNcM8U5g8RwTZffwwm3kSQqUNPSwv5d2fbN9sLxPJqt2,1674.3968139999997,1673.5633639999942,1671.1364268312518,0.9980527989891721,0.6684545707325008,0.9998480231004888,48745.51432,51482.989177,100125.76195717009
KEnkcdADoLR5jS2CLLLesy8TtFsyWL37BhXNfDMzWzP,3qsjFRuw1qeLMPo4DLwaQevenGAGBj9dA3Q6rb8ax2YR,77iEv8zPQAEyCcEbvBRSB6AFcUdfkhiqnAKtPxk76rNN,0.039532999999999985,3.5894870000000054,0.00043538618660037627,0.011013234173990753,1.7415447464015053e-07,1.000313097999674,115.19145,0.334472,1.603207136205694
SQDY9uoDoCbNq7F3HAHYYQZbrUzpKxDtdWLvYcqBLak,GiehZ4X2uQjhEKuxSm3ACmEFrabxh3RTvjbLfLjw1xGX,rxDQYV77NKRKYxCjq4cECX3QQsiSyLv1T1FT2X3zNA2,46.41928266199997,46.305884340000034,46.51921827043772,1.002152889978189,0.01860768730817509,0.9988968313251433,169.928535054,236.570254547,406.60365014690694
STK75uPSyBnEhGTTzb1nwmP3n427XoXmfRhXxxhyady,6TYyD5fUmDe6N65avW1Ny2RxzRNobw2RRgKwH9CTzSAU,54zDfk4cx2vGrEajPtodWpArNe5eUurytyxd4X3aZAxK,252.06362543699962,281.8351677789973,47276.257430204874,187.55684144526052,4.7276257430204875,209.90697972193624,573.604726253,105.286235488,129683.8063916646
B2izdXFYb2sNwbWWHmh75T4aQFtfXsUxem9u2p61HGzf,4DYwgJtxwuJdAjkj5RJSNH4e7U329V5cNp7d3a1nLrZv,EXNW64GEf1ACC6xY9BtKRiunrs6GoJSXBdxWN2eTPmrF,5013.112777000026,4931.418982000002,5090.674290489931,1.0154717272361704,0.5090674290489932,1.0,8199.476352,31866.858104,40193.19451759757
BUSDTd9WiT6uBHJRgNvFXBsA7JrifsAtWzKfioN7ERcy,DyBxrn7gSc1EwnpWhDyhzvMHPtxpmBqRqotapLcKcfTM,Cds99GeBgoCpqBsoRWu1C6fF9LiUMd4pXQQD24s9LPff,29804.29412126,29858.599792190005,29819.266076564385,1.0005023422210058,2.9819266076564386,1.000050002500125,2656.05545085,2861.31398061,5518.846753106967
DFWzVTzNBrQZLjoQ4yQwkj9HuoXmfkuZP9V5vbymZe23,DhgiEgiNdqZdRdo195UUHnoEJUtefK8buko8nU97XJUZ,2K2kkXsouBHtWVjtcgkyiXd8eP3oVBvq1bTJzcVdLLr2,126.66068212000118,145.72651917699386,103.93516343116684,0.820579533376398,0.041574065372466745,0.9991020250836913,61967.904848044,7045.262738694,57888.53071399683
BSCrK1Nx9PXU9mF7STWWBqeHLxmtJDr9h7jheEy4tAWX,FfSySSbVJPvEo5a5AvrP3nySoXpRE2QPn1uUMpJJ1x7v,HL7Vcj6838ZmvBHDbQxXfjBNckNi83WvPiZQoMQLFeRM,0.0004886769999999929,0.0004890300000000014,1.6850989141341624,3448.2877527163887,0.0006740395656536649,3440.8010184771015,0.879489627,0.92360044,6210.658644043104
KysFMBBoavfov2tLpvefWW6tPFt6rAeZWDJVy1mMQae,B8ka2V21TH3x64dFV8ETcjuQcwmrciJ2qzy1mJUttRew,7fSf7EYxBANyxzk2s5pymFgshA91tFYQNKKs5UnLWcYS,80.21151800000007,109.43470799998613,0.0,0.0,0.0,0.030382710341934318,134690.321953,2472.793184,75.1301590449815
SERgf3DMJpQxUifu7VoFKmfne73d2fDJxSrxUMrcNJB,AJfM2GZ2tTB8UtN2krcyR9xufRJEx2mhSCbJyMgPo3GU,F4yRYkufQvERZcEKnKjJwRLU1btiMBUuEwq46hfm11QD,0.00884333000000126,0.008854797999997999,1.657708290219391,187.45294930972324,0.0006630833160877564,187.5463591156439,29.279092344,27.963749989,10732.951710651614
SRMuKizofcAMicegrfSv7xs9q76tH1w8aAF7oX9FEWu,72Hj2KWntXPfbie4UgKeTPnm1XVkomDfCnRPKbvfTtPi,6aqJQ5wedqpUt4fFEDUqUmXhrdxCu4bEJsQdVPCADLko,298.8789709999983,298.9494960000002,18.795274061482814,0.06288590327582104,0.007518109624593126,0.06306218757809857,17693.037092,5263.671893,1444.581283488957
ALLwa5WNZbvQsRKAqe1jdRGemdYQnW8E5k4msbRFcYtu,CGoM82Hbz7QVqTgvQatYtjvDWBvoUJp5qm21P8iMs9yb,3dxNNww8TivyN5FMy5dCNdi3Zcxv6e4kUfSPxfFwpdNq,9.853509242999996,9.689797388999999,33903.96463888792,3440.8010184771015,13.561585855555169,3436.8512943181972,1.880956021,6.71352874,29545.39533227885
ACUSESXyNnwRLAg1dpSGMLSzUDdLjUMybY8rkXiAKhCP,AhFPQdu8GKBsxuhiH46UmCu1YpaLgNpoP325HnYtsgas,A8wxWpT3aFEr2XqZp1kDmbxbFfcBE95UUmdsNTDBJYbT,0.0,0.003062616000079288,0.0,0.9983805678145513,0.0,0.9876843622001168,1039.692001441,1845.793740034,2861.0699036293627
MARpDPs5A7XiyCWPNH8GsMWPLxmwNn9SBmKvPa9LzgA,6YjT74rmcfCpw8LSjPNx5JTmZoYLGrTKnf9arfSgZ4SR,F8GSmi3vA8M8TsybLya1LQ4n1aFHCRbZ6k437PeTdXtg,107004.58784099988,108945.00650599992,105443.18515522138,0.9854080771929272,42.17727406208856,1.0,327301.288166,35530.488419,358055.8214534262
JSoLLrxK5bYdHwTEWYaGgmeycBCNXKDiBCTw5hXGBg7,xG4wXczA7Dk4hccJ61CHKpDHW4NrNfQwgmWgkb9BuF2,BVR6WgfhsRr9Lob4QDnkEAiNGgAbv7ZieKcY9kSg3QYR,11.707402186999953,9.988609429999993,2563.9789402657348,219.00494228453255,1.025591576106294,187.1330321240048,17.823747442,167.456396888,35240.1120780415
DA1mL7dfBow33EH5yjUuZE6SH2KeUK5zEXzsyhE5r5j5,B4UtLRZND3D83CitRCBUyeiNr7H8m7YFRqBmiPmXjhW4,AAmpYbuixWiSqDaJBCqYEs1pb5SrbdPr9mgXrB58Q2e,689.667843186,689.3459274080001,689.5717775625243,0.99986070740513,0.2758287110250097,0.9963784512865673,1637.764926542,1469.305530851,3101.521167311702
7dwD9TF6uikvHXxPFK9AsSim54yJoujQjY9vU6gNFumk,CquVr6atkvwueDYficKjn6SSEWq4F4rH4VSiBbW4GBWU,8BCa6ge3b7ho3TfZuM64Vk1hgbrJ3J7EPiAb9uP86CGd,0.058222105000000024,0.058742886000000105,12.699337158701299,218.1188254650239,0.00507973486348052,220.03512200617462,2.345081912,1.834706102,915.2062932637555
daob129AwBGn9Y5r91uLoWZeYiGzbPmksauMhFZKTze,6VW5GQNyj4LStgmxEHLr5zUfW92vQnmbw8jTnCH7a38F,4VPCCUifPeBA1c7HWK358CHn2nyjm8pdTRk6Ps3KmnMQ,24.54242127399999,22.089112711000027,5100.696875580628,207.83185239283046,2.0402787502322512,186.71479427203823,48.900334236,222.809834322,51764.93942411558
MiMUFdSLMyCLpqpH6zkqdDrGYs7XBomwENbivdYjv9V,,,0.022500933999999972,0.010266983,0.0,0.0,0.0,186.71479427203823,48.900334236,222.809834322,41601.892377219156
KEVpg4SYCVrqFxKijQH6hm4QxsRdoE51ud64bEEFUC9,2bPenuBYfqzD8p5dFjCcggwkHDsc2RQDnx9AoyYGUBjA,AE6n6iLuX8oYu61vt5hoDYkjswpnxFxrhSehxrnQTnbx,725.7485147589996,725.6048074500004,726.0361208996438,1.0003962889827474,0.2904144483598576,0.9951734941383494,3814.647049899,3798.902298891,7596.72562717551
4vezWG46exH6pf9nry3n1VJ7hZHvjBJNgNeF4qEFCML5,,,0.03131300000000081,0.03179899999999947,0.0,0.0,0.0,0.9951734941383494,3814.647049899,3798.902298891,3780.566874677565
vEnkoSUkpnbRrPgBz9DfcVxNz67zjwMYBZraAvDDNSf,DtfyjjsZ5yCjWKLKHvwsfXs5QVsmm1QkK6Sh9JZHoq1g,e5wrKCRv4GhHvEf1VD5Pq2KGaZDXP77nTL612Jyrxwy,1556.7889729999993,1557.5145460000003,1553.7529397557166,0.9980498106699509,0.15537529397557165,0.9994942559065114,1348.504699,609.885905,1955.4523183303336
RoBgmK8CvjdHvPrqdDyVw54VwjZv2TqJ493xnqJAQHx,ExiHJxM7qPAcy27NDHAF6G7vnW7muNHi2sVJpnaNynGQ,6rkPHSqZb7StM4HwS9EuVrmfkV7tRdc7dnsFhyB6cefE,71.61646099999999,40.128406000000716,0.0,0.0,0.0,0.9587488710732043,6089.480193,22.454982,21.528688642469124
BkMBnJpvHKtWhUvrgRrLesXfi9RUV3ELgdBaJcdH7hcY,5uerVwBnZQsuVhZ15igs7ZgmcqhHnYWbwoRtLyRqLvR,9YWiQh5d4jCtgMdzcGLv9bWgnLaFtzvDDh2nnhJdzhBX,83.49015441799997,83.51750933900007,83.4970148667295,1.0000821707514778,0.0333988059466918,0.9968441250771186,1471.203929156,1401.334086734,2868.236470719533
FrnkTEL6yZ5Aycq2TrEgu29dCrwKG4LPUZydfiwqspkc,DjvZuMZ46fxKBoBpGMPcRcos4xdTtHFxwMh69DpA2ZFY,9rvDPJLAng4uVVqnnSoEXgNDFhBZQTny9AoQioYDZbQX,9.719119337000507,8.196621921000116,2154.9905271603316,221.72693352537843,0.8619962108641327,187.24228440080785,181.10997451,1453.522538337,312317.83978524245
DEDaBEWzMCXohXYXoLzB4jK1xqMsd3SS9izXp2xvg9pe,GC5zHpW5GuVdw3C7covC6viyGdLS8ZAaVGDKMeru7p78,F8juxtAFueW19vxkdDArUkjVWAv9QV6yy1wCXUWQiXvh,0.030692539999996882,3859.9315883889794,0.030692539999996882,1.0,1.2277015999998753e-05,0.0,32.55886263,8580702.13790305,32.55886263
BkwbeSfcX1h4thMDd7obGkHrPevf3QwgzJ4pCEqG18Lu,35yX27bmurdebhfAb8EPmjLETDiUaEUCn9zHaDPbakH2,2CxECn1ZJFoESyUnQysQU8rRgT3iJ5GRs2Mdd6gZjx5g,0.060102549999994315,0.04591665000000256,154.35448661973987,2568.1853202527095,0.061741794647895955,1503.7593984962407,0.78209914,22.82838432,36336.973004014486
