0,1,2,3,4,5,6,7,8,9,10,11
MARpDPs5A7XiyCWPNH8GsMWPLxmwNn9SBmKvPa9LzgA,6YjT74rmcfCpw8LSjPNx5JTmZoYLGrTKnf9arfSgZ4SR,F8GSmi3vA8M8TsybLya1LQ4n1aFHCRbZ6k437PeTdXtg,66860.20752999994,68565.25333499981,65231.9527572268,0.9756468782714659,26.092781102890722,1.0,337445.688368,25600.278046,354828.1104884051
BkMBnJpvHKtWhUvrgRrLesXfi9RUV3ELgdBaJcdH7hcY,5uerVwBnZQsuVhZ15igs7ZgmcqhHnYWbwoRtLyRqLvR,9YWiQh5d4jCtgMdzcGLv9bWgnLaFtzvDDh2nnhJdzhBX,36.80242302600027,36.795407983999894,36.81722215025023,1.000402123638422,0.014726888860100092,1.0,1436.543719183,1435.969283996,2873.0906713661097
DFWzVTzNBrQZLjoQ4yQwkj9HuoXmfkuZP9V5vbymZe23,DhgiEgiNdqZdRdo195UUHnoEJUtefK8buko8nU97XJUZ,2K2kkXsouBHtWVjtcgkyiXd8eP3oVBvq1bTJzcVdLLr2,5208.427378804,6442.891648055993,4269.401685135397,0.8197103222577273,1.7077606740541589,1.0,61993.237571968,7024.428128204,57840.92487612174
vEnkoSUkpnbRrPgBz9DfcVxNz67zjwMYBZraAvDDNSf,DtfyjjsZ5yCjWKLKHvwsfXs5QVsmm1QkK6Sh9JZHoq1g,e5wrKCRv4GhHvEf1VD5Pq2KGaZDXP77nTL612Jyrxwy,2081.025212999999,2081.7885940000006,2076.5212384338356,0.9978356943788921,0.20765212384338358,0.9985720419799686,1193.050828,765.116866,1954.4930126216261
BSC8REUo9LpiiWUuqMuLXs2D2yJsJfGd4HdiF3wCLxk5,AZjEH1zWVx1UJ6udMyRijGTzPteuLnaY18yNNmprJEsh,Caf8ypkSVR8xYnXNhjvfvdGCC7mrM3C11rz8Xi6NA6aK,257.6965596410005,257.14739812300013,258.1049498113087,1.0015847715269353,0.10324197992452348,1.0,2710.771415228,3598.514230042,6313.581598624884
Lid8SLUxQ9RmF7XMqUA8c24RitTwzja8VSKngJxRcUa,4PgzyzLtds9bKZ2to9PMnKqJzKEUpjvNUaeN23phegax,AtymwxoVN9peZo7EXTcDz9jKVc4vRmisJKKrNfe3ewBa,433.58936763399197,374.8645299230001,88458.27234350232,204.01393333559108,8.845827234350233,174.7549978618726,1019.035994596,7674.176442748,1548998.229312136
AyiATPCAx5HZstcZ1jdH9rENwFb3yd9zEhkgspvDrCs4,DvHVapj4g2Y1tJVSw2ubSPkPBsJPb8fW387ZWXwaKmZq,DKjqWWgrtDRPKrnMWtZ4UiJk4sGQVCQgFjSo7BvfngvK,0.0003983300000000023,0.0004022500000000484,0.9134752098335144,2293.2623950832453,0.00036539008393340574,2404.192912439294,0.8445344,0.31858958,2702.689791087203
BSCNHw8CmxbZ8hCWWzMf5FaG2ajPT6JxfznKUNuRVrn4,7n9kgNL633yGzCYksgnzHyjG73ZLBAwvEae5sbAekbzW,SscdxE99omdG9AiMVwmaEMQySQnCgeAh1sPj2Leutm2,563.2254397200004,564.1010325990001,562.433900619699,0.9985946318392597,0.2249735602478796,1.0,6335.259254336,5333.137671671,11659.49355436092
7oAd7xG4m3oC2qeWB1szghTebAZyyGPAFDJ4wwwbRSNi,D9yh4KAysxt9GLacVe4Wwh2XqghhcjTCSTV9HuM7TBJd,HDYfJLpZKaMFb84jM4mRytn7XLR8UFZUnQpSfhJJaNEy,110.28362783795455,2.7638658110000733,110.28362783795455,1.0,0.04411345113518182,0.025043068982385164,1013.926085986,299162.389864878,8505.870452307343
iLiUBQ7Z7im6Ew3b4ewwPcehzWgEQRJ1iQz7g6D62NW,GpugBvKWM3TVhYcZjemSdtehBWgfvuGr6uAm9iPjXT6v,92fMXJ3xy8tEyMUWLHKRLyhPw2nECBo77GtDiBBbYrjX,0.017849148000095738,0.017455999999810956,0.017456670241665813,0.9780114009683925,6.982668096666326e-06,0.999919874420623,1865.493847277,1097.963966699,2922.3502427733283
WiiQFxXqp8P9Fs1rt9SVcDyA3KUdJmUsog6wnVQAwba,3S2jpqSYxho6wiz3cafhjXruVY8cg4HYa2v3BqBHYFSj,Dfe67M6TfrG74gKRtdqys4e6E9QirPD53BkF4FujFjuv,15768.00017531,15777.888031818002,15752.163548660394,0.9989956477375993,1.5752163548660394,1.0,18639.792253603,8092.540872026,26713.61220810841
MATgk4zXLXtYkwBH678J1xZbRDZ45LicNzkRBHkxTuY,y8dALFo1bJrSzPYjMX14HJX448pXqYmrfXHD1K8MXih,GN7Yuet3UyiWS5YVkEHv6oQKi4HGBJc3XDPt9zQhAqZz,12981.540147000005,12989.766152000007,12985.695569582273,1.0003201024327786,5.19427822783291,1.0,8873.995471,8660.774584,17537.610642538733
ercAoEmXjQzEvAFbdjAo81KtMxRGn9AW1ju882upmPH,CMRhskR2Eg6V42RTSdRTXGdozyPbWB8U9dVpijPWb9T4,7TKLLgrWswt6ZJ1pXhVR3FyufHGjJFqiEXxvWJfDcgRm,0.007692653999924914,0.007861024999954225,1.3451670692775437,174.86384663741194,0.0005380668277110176,170.46246808516443,317.685703357,983.216776455,223153.30248797548
SAMyS8Jr2HJrkFwYVKbpUwsNStnQmvz3f8Tup8bWUWF,6jPzm5TFfquvgm25sTyN3MMGBfufRaFHMxobDWv6hMFW,Cj9ECoDmxsHTDzCY5ZA6RWrPbg9uFzEC1Qc2kso2vJG6,2094.49640844997,121.95746583000073,2060.195431831149,0.9836232821978409,0.8240781727324598,0.0284892165635896,617.82570534,113566.10961758,3843.117239292319
RajgMbScQbqqrdJfR2rxfHJiTiY5b6bJ2tTXiF4aPxy,725ZA3fhyBAKb5iopNRrcbSuQa3LXA1656Q3mBvYPxeg,GLA6i1dSZpUfk2f9Nj8uiG7xyDdAR2reff8oEiZH3617,47860.90454071999,47877.33514914998,47869.40854114732,1.00017768156513,19.14776341645893,1.0,98371.70593952,83395.76502544,181784.94980363586
FrnkTEL6yZ5Aycq2TrEgu29dCrwKG4LPUZydfiwqspkc,DjvZuMZ46fxKBoBpGMPcRcos4xdTtHFxwMh69DpA2ZFY,9rvDPJLAng4uVVqnnSoEXgNDFhBZQTny9AoQioYDZbQX,29.554932506001023,24.838010391999887,6115.731403416338,206.9276051357776,2.446292561366535,174.95933070357796,314.312920111,2514.441907781,504965.09310019366
SQDY9uoDoCbNq7F3HAHYYQZbrUzpKxDtdWLvYcqBLak,GiehZ4X2uQjhEKuxSm3ACmEFrabxh3RTvjbLfLjw1xGX,rxDQYV77NKRKYxCjq4cECX3QQsiSyLv1T1FT2X3zNA2,20.320997673999983,20.32913781099998,20.364737464420816,1.0021524430602538,0.008145894985768327,1.0,169.928535054,236.551681209,406.8459777590161
SEQV6QiTpvTzrceiaYg9Avnwf7oc8ZALpnQMz6TyT4A,3dFMPj4r9mMmPHF32mz1gNDX7f8ftidWof7S8YiYTs1j,Fc1ED3YPeQfXQosHbd8DTaBd2AV5gHQtwiSAL5C5pUhi,1242.7151605989998,1242.7231725419992,1240.3351323672407,0.9980848159681162,0.4961340529468963,0.9997180795015806,2834.326414761,2770.141621445,5598.258819808693
AUSejoEUCh2DBs9mof6BNC8Pubs22w4cJa1ccV9h44R,4xkyD7AfGQDwsQMy9MosRRNGoVJ1zosNinesxg1TzHG7,Cbm5gsQe3nSiCsFrvepVzMCD9xLK3ri9g3ypS2hdmVJ7,1327.5271569999986,1327.265976999999,1328.0623661335505,1.0004031624744774,0.13280623661335506,1.0,14320.010113,14542.155695,28867.939098711697
BUSDTd9WiT6uBHJRgNvFXBsA7JrifsAtWzKfioN7ERcy,DyBxrn7gSc1EwnpWhDyhzvMHPtxpmBqRqotapLcKcfTM,Cds99GeBgoCpqBsoRWu1C6fF9LiUMd4pXQQD24s9LPff,13800.525971540008,13828.573708070002,13798.930125271021,0.9998843633733759,1.3798930125271023,0.9983437477225282,3234.28840151,2281.4968426,5511.63250756812
NorjjEePhxfwLF4vZjUHCrVVKLzQjEEGQFd3wgjEJmh,34M8pFVqgbV7aqHxvRT5tCv3vu2P1JJYT8J3VaxBK2oG,3AZWBSze3ucsY3xSeuLne3b2pauVqiaJ1SZSV5T9WGWw,0.001724000000194792,0.001724000000194792,0.0010408359048509304,0.6037331233952019,4.163343619403722e-07,1.0,38036.233836,2313.830183,25277.56443899854
YAkoNb6HKmSxQN9L8hiBE5tPJRsniSSMzND1boHmZxe,CfWX7o2TswwbxusJ4hCaPobu2jLCb1hfXuXJQjVq3jQF,EnTrdMMpdhugeH6Ban6gYZWXughWxKtVGfCwFn78ZmY3,5948025.753751997,5948975.88767796,5948025.753751997,1.0,594.8025753751997,0.9978496340386468,861307.235049,605015.167577,1465021.39860354
Sid7E679i9ABqptiAVhkmQ27YHN8vaYT4fppPwmxFsJ,GP7KB8o1bv527HG8kTzzzf4wJ5aEGHvcMQvVhLziUfmT,9gYxhAZ1M9wu5pxr8SBoa5NDm21gi3s9vMHaYTME77sa,853.1177079999925,1813.9732000000113,9.830549639730595,0.01152308708112138,0.003932219855892239,0.028545496211498832,130930.008015,10471.688449,1807.6374268376908
SoNcU2iwHMw6dGzsYNQkYFkUjwN1UdAjrWVRnStrZu2,8ivTTid27jZnYNc4w3CTA1Z6QS2twsFb8WMwUabeDJgc,CyXm53PMvHCbeXJBykU46Rcbo28xk5srhMZFg7gv6EYB,38.20739008999999,37.909105161000014,7847.17282026857,205.38363918037962,3.138869128107428,204.10150130941318,19.341616061,19.415275517,7935.138375593453
CZgvH45CRmoaNJ7395Ao5CQZXkGznvqU7cErD6n7FaRg,4ZjU6MKvtqVQKCiowhvZ5yUsPxXX5SCzd5eFsPeXyey5,BsyWeshjDbCvjDojry3vKDCesmFRM37WtwcR4Kfgzqr,40.893068119999725,39.93174663999997,41.76118544421093,1.021228960411181,0.01670447417768437,1.0,340.69231061,766.68685001,1114.6117041943335
STK75uPSyBnEhGTTzb1nwmP3n427XoXmfRhXxxhyady,6TYyD5fUmDe6N65avW1Ny2RxzRNobw2RRgKwH9CTzSAU,54zDfk4cx2vGrEajPtodWpArNe5eUurytyxd4X3aZAxK,121.68762982500033,136.00724724500253,21249.72799067507,174.62521064166032,2.124972799067507,195.4765552261341,573.715455775,105.343233991,120777.31481002682
KEVpg4SYCVrqFxKijQH6hm4QxsRdoE51ud64bEEFUC9,2bPenuBYfqzD8p5dFjCcggwkHDsc2RQDnx9AoyYGUBjA,AE6n6iLuX8oYu61vt5hoDYkjswpnxFxrhSehxrnQTnbx,122.03403086000071,122.02731138699937,121.99180644599458,0.9996539947610632,0.04879672257839783,1.0,4540.251858108,3073.153784891,7611.834692070002
7dwD9TF6uikvHXxPFK9AsSim54yJoujQjY9vU6gNFumk,CquVr6atkvwueDYficKjn6SSEWq4F4rH4VSiBbW4GBWU,8BCa6ge3b7ho3TfZuM64Vk1hgbrJ3J7EPiAb9uP86CGd,1.3250035860000005,1.348223182999999,270.08897746424446,203.84018603270738,0.1080355909856978,205.38625452491593,2.286339026,1.892928207,854.8292069139736
BkwbeSfcX1h4thMDd7obGkHrPevf3QwgzJ4pCEqG18Lu,35yX27bmurdebhfAb8EPmjLETDiUaEUCn9zHaDPbakH2,2CxECn1ZJFoESyUnQysQU8rRgT3iJ5GRs2Mdd6gZjx5g,0.059808510000000425,0.03765160000000012,137.1566068889612,2293.2623950832453,0.05486264275558449,1398.6013986013986,0.8159393,22.77198929,33720.09898329062
JSoLLrxK5bYdHwTEWYaGgmeycBCNXKDiBCTw5hXGBg7,xG4wXczA7Dk4hccJ61CHKpDHW4NrNfQwgmWgkb9BuF2,BVR6WgfhsRr9Lob4QDnkEAiNGgAbv7ZieKcY9kSg3QYR,7.744703626000053,6.632887512999982,1588.6558505388002,205.1280368180211,0.6354623402155202,174.62521064166032,17.460541861,167.878878053,32897.53111601654
Cob4usZcpHEY7Qt4ZCwj6WVg9S44zvzYV2v9qYF65dTf,NhFM9UXE48PyNAyeyPYA3iXztqKVJwA4bTdLj4ysM8w,6TuFuynuBoeskxyR2cz4wxyidk8dpDK7kAWw3UkjQGx,16.569234000000023,1419.797787999967,0.1909287262494774,0.01152308708112138,7.637149049979096e-05,1.0,67850.854503,218.863403,1000.7147079665656
ALBpShJ9NLpE739pcHDF2LNVk5J4VYPvvKuV6jMPitZi,D6d156U1bPiJpDYRLextvDRccgFk7QzkQbJg42ceKEu5,GNcM8U5g8RwTZffwwm3kSQqUNPSwv5d2fbN9sLxPJqt2,930.732689000004,931.2652579999994,930.8415974669077,1.000117013690602,0.3723366389867631,0.9982112055197087,48998.17174,51229.578817,100141.84482609254
BSCuChvaSj9b5HUSqgDVRzcnr2sSn7cXaamt1jbKH6hn,GnKpRj5kBVPMJfiwZtEuD9GYApLzPdW5JFuZTcyX4BTc,3dmwD9okkomV9nDwyuh4UMhKdUR13QpuKxRo89ycZB5t,245.03256456200006,244.28410536799993,245.56398220897907,1.0021687633557153,0.09822559288359162,0.9987066748560613,1333.155713329,1804.311882755,3138.0253334170557
BerKDkt6v49dT1bHRedgnpsJS263C1DSJtEGvY9Mg35V,78XKqNb8wbfsMMrvo8WPUpdx7GEkfQutpNVH943aCGFa,DKYQwn4nDvFHCszi5tXbqfVMAP7DaXXp1KGTXEnYnKVH,0.017372119000128805,0.017444000000068627,0.017444094117441605,1.0041431397811784,6.977637646976642e-06,1.0,1340.334079689,2225.773353646,3571.6606247806285
NorBXypYWTkV5PMs6Q9JsvNkmRwe7H9Zr1Kz2TcJH2Y,C82XDu1d1UjtuUwnkSTwVuWyH3AqpJ3ftb9W7en8rEUu,F7cZoYpWQSFuYJzW2UUFw6sVbTtaihyD5upeeHRUPABk,0.0015299589999999974,0.001575839999999995,0.0,0.0,0.0,2380.6689679800024,0.2413313748,0.6643775552,1581.6630286870611
daob129AwBGn9Y5r91uLoWZeYiGzbPmksauMhFZKTze,6VW5GQNyj4LStgmxEHLr5zUfW92vQnmbw8jTnCH7a38F,4VPCCUifPeBA1c7HWK358CHn2nyjm8pdTRk6Ps3KmnMQ,10.624623450000001,9.561533325999967,1939.569710605943,182.55420718989743,0.7758278842423774,174.8045161096346,49.730321765,221.87789345,47863.737263060386
KwnjUuZhTMTSGAaavkLEmSyfobY16JNH4poL9oeeEvE,J63v6qEZmQpDqCD8bd4PXu2Pq5ZbyXrFcSa3Xt1HdAPQ,BnKQtTdLw9qPCDgZkWX3sURkBAoKCUYL1yahh6Mw7mRK,388.71681300003115,12173.773411000333,11.096114312838289,0.028545496211498832,0.0011096114312838291,1.0,272959.859855,685.037638,8476.812283382154
MATSnbbiTCv7Dc3trJrkrqjx7ckKdr6fwPoVwv9q3sD,631WX9JizSHJm4w6VanZeJAst9T8DeUUnPLesdGkCVtK,211maUSfpnXbPuW1iBu8b4dtJv5EbN1j7JJiEX5TZKEP,74335.03892599996,74365.94448899997,74238.89955108131,0.9987066748560613,29.695559820432525,0.9978257377175136,23499.59365,21499.84421,44922.29894431497
BUSDgu5JdqP1rndBvXvanbEufS94FNh1w5FJcAj6vawb,Bgzr8cWubt89JQFXndVjtdKmDbGzuPxNhvjH1EhWCwbo,Dxaf8xPBBQsasRKW5Aa4Sw2YrbfGofY9xZueyyF23FBW,6994.709583150001,6992.465463709995,7000.6689025533,1.0008519752439264,2.8002675610213204,1.0,7191.44366492,7696.84478211,14894.415379000602
Lee1XZJfJ9Hm2K1qTyeCz1LXNc1YBZaKZszvNY4KCDw,9DgFSWkPDGijNKcLGbr3p5xoJbHsPgXUTr6QvGBJ5vGN,2hNHZg7XBhuhHVZ3JDEi4buq2fPQwuWBdQ9xkH7t1GQX,972.7786772850322,827.303320503047,199980.2805592894,205.5763404656674,19.99802805592894,174.7830679951578,7265.167688724,56355.458015705,11343526.43657452
SoN9GaFpSXfpyR5dth3x7PHPVhvJMpQqqDJfCSmPv1t,9kZ9iS68ViMPtoeqtnhAKuF2iqVyfHPdZHoUNdwCELr,BBhm5fJLjw3HRzjtKB8uMEYjGhY6EDm9co3cqpjrSzB9,1.4050289019999989,1.3835752509999981,290.8937234914311,207.0375371477101,0.11635748939657246,204.47480849911813,4.834856619,5.990846098,2225.9739154963036
heyk4SZTeCUV6a65WiVA5bzic3KcxgVf1qxobfeV4tQ,9ZDpBKPqMABtGfq66FbVribaArMvtk63xxy91onZAtDt,DaTP4s6N7xxSPinbNZ3FB52EpRDRt87QShTuN3VPCW52,37.416035259002456,32.62200197300058,7498.899248367626,200.41939763148366,2.9995596993470506,174.95933070357796,642.022464948,4485.894350293,913522.8288249834
ALLwa5WNZbvQsRKAqe1jdRGemdYQnW8E5k4msbRFcYtu,CGoM82Hbz7QVqTgvQatYtjvDWBvoUJp5qm21P8iMs9yb,3dxNNww8TivyN5FMy5dCNdi3Zcxv6e4kUfSPxfFwpdNq,2.730916180000004,2.7257250519999996,9217.037969556866,3375.0717202740557,3.6868151878227464,3368.284903010236,1.760913672,6.830040947,28948.73374493298
AURHmCnNwiW4uA2Qj1XvEh4iKgRUZYXtiY7FKAapUV5Y,BKWm4TRnTeKwfWXRyuzjRHU7iZDkPuXBX5b5V5jSVfGJ,A5Ww74HVrkj9nPeC7pHKLfgeDMEhBCpW1efQdz3TGLEg,0.00017757299997356313,1.3605000049210503e-05,0.03471680775255882,195.50724354337328,1.3886723101023529e-05,174.8045161096346,289.555503518,1809.871282843,372983.87216371193
parEAJhzYzHW87y9VoZAQ22dzQ2MD2ekEtTReaxbMcz,3oyc6hpjYSJEquK6dSvG72NXyz3pqLZz5D8AC71pwgQb,Di2vordgFJVZ1aj1aBpvzXtLfZgJsuLLXawGtVFwX6Rz,4.432210347999984,5.168277796999746,732.969778834548,165.37341896809963,0.29318791153381923,200.41939763148366,1281.582423454,170.692103409,246149.67560169354
SERgf3DMJpQxUifu7VoFKmfne73d2fDJxSrxUMrcNJB,AJfM2GZ2tTB8UtN2krcyR9xufRJEx2mhSCbJyMgPo3GU,F4yRYkufQvERZcEKnKjJwRLU1btiMBUuEwq46hfm11QD,0.00884333000000126,0.008854797999997999,1.5439604643547975,174.59039347786157,0.000617584185741919,174.91058133805544,29.279092344,27.963749989,10003.004019981636
GokA1R67GqSavkd15zR62QD68Tuc5AEfvjssntVDEbM8,3YB7hfpBdbQEuZqLGWVDpRPmeZWCUsrrWyqGXegnQ6Cg,4DPCj6Z1DsG6HUtwSogBGqXEUxdEV5a8YVrrFtcnz7UW,21556.95819399997,21560.841213999982,21558.208570097035,1.000058003364195,2.155820857009703,1.0,17494.574264,16299.800374,33795.38938216247
B2izdXFYb2sNwbWWHmh75T4aQFtfXsUxem9u2p61HGzf,4DYwgJtxwuJdAjkj5RJSNH4e7U329V5cNp7d3a1nLrZv,EXNW64GEf1ACC6xY9BtKRiunrs6GoJSXBdxWN2eTPmrF,4058.0177650000023,4000.2839580000127,4110.479818928993,1.0129280000648273,0.4110479818928993,1.0,9138.830955,30911.783469,40168.76123117869
wrmcMSHFi3sWpAEy4rGDvQb3ezh3PhXoV2xNjgLBkKU,8p4mGnARWPBu6P2Gcw4adodLkNDorrXniZMhaY7eJXUn,AyY89zccbsgp9LKFgH4CFZMJmpSgqmPSdTfukhP227rc,0.008488230000000013,0.09087612000000433,2.6517432052483643,312.4023742580444,0.0010606972820993458,3367.343502710711,49.20962838,0.16482902,15928.240671823216
C98Sspw7XqnMsgxea3SLQVdbMDL8pKUc3RE82UvX9eq2,CSqgQJurPCzGxb4Cgwx5R61hWQUiaoUHcShNc8r1cKEL,6S2CR5EnukPhC914XkAns8m5GixjMAoUuZMsS5ubHuWc,25.1051080000002,25.13824199999999,0.0,0.0,0.0,1.0,966.865722,846.109823,846.109823
KEN5P7p3asnb23Sw6yAmJRGvijfAzso3RqfyLAQhznt,9zj4aX38Uxf3h6AUjS4EipWS8mwbEofasHAf3a1uKGds,CwQDG1MWunn9cLNwcZLd8YBacweSR7ARo32w4mLua1Yr,141886.4873159991,141910.08762900066,141743.7513583812,0.9989940130288799,14.174375135838122,1.0,2041730.45396,1977655.1133,4017331.6130247773
KZMu9QBEdL97EFgamLbN5DE1AoKBG4HdrKKJo4Vuon3,DD4ACBWyVqdaKWh7v5btsgqQCCMwbKnuL2xd9pv7Gyuw,GcYqiJ1MAuYbNTNYXm1F1gQYTfTgkErACAhNU5dpVj9T,157.17890213999988,159.7360646900006,154.60482761519992,0.9836232821978409,0.061841931046079976,1.0,2070.30289614,1018.30063543,3054.6987652749226
HEDSDjj84KS7LKhZY7ejkCACTdPen62rKhCby1wXtgxc,EnnjMSFttpCTywBrYNt1J5QQeoSVkvzPipJDa8Y7kJow,6bjVT6JN2rSvpyn9PdfLYC8wJn4LWh49jpY47fnLDXZk,1.9694139909988735,2.0346972229963285,1.9051373930401332,0.9673625767601358,0.0007620549572160532,1.0,39145.485601714,9077.246359295,46945.12417949585
