0,1,2,3,4,5,6,7,8,9,10,11
C98Sspw7XqnMsgxea3SLQVdbMDL8pKUc3RE82UvX9eq2,CSqgQJurPCzGxb4Cgwx5R61hWQUiaoUHcShNc8r1cKEL,6S2CR5EnukPhC914XkAns8m5GixjMAoUuZMsS5ubHuWc,306.61043199999983,306.30546200000003,0.0,0.0,0.0,1.0,878.625036,960.483639,960.483639
GokA1R67GqSavkd15zR62QD68Tuc5AEfvjssntVDEbM8,3YB7hfpBdbQEuZqLGWVDpRPmeZWCUsrrWyqGXegnQ6Cg,4DPCj6Z1DsG6HUtwSogBGqXEUxdEV5a8YVrrFtcnz7UW,26144.735038,26155.095972000006,26139.79461681742,0.99981103571425,2.6139794616817422,1.0,20327.740136,12260.068096,32583.96701510429
AUSejoEUCh2DBs9mof6BNC8Pubs22w4cJa1ccV9h44R,4xkyD7AfGQDwsQMy9MosRRNGoVJ1zosNinesxg1TzHG7,Cbm5gsQe3nSiCsFrvepVzMCD9xLK3ri9g3ypS2hdmVJ7,27894.64698000001,28091.186857,27900.785152733606,1.0002200484106503,2.790078515273361,1.0,14328.792952,14536.591424,28868.537404115625
KEnkcdADoLR5jS2CLLLesy8TtFsyWL37BhXNfDMzWzP,3qsjFRuw1qeLMPo4DLwaQevenGAGBj9dA3Q6rb8ax2YR,77iEv8zPQAEyCcEbvBRSB6AFcUdfkhiqnAKtPxk76rNN,0.07592699999999997,6.678472999999983,0.0008647556826875219,0.011389303972072152,3.4590227307500877e-07,0.9985191960322842,112.421552,0.364419,1.6442825956390053
HDSBGqAuMRr6X2AfmmbXQPpRgU6VEhtfNVVZ3wUTZXg,DCZ1d8kNLgDcdSd99y4udLgwq46mfDXNS9KXj96kQf5L,Fq8GGYQM5Pz3q7LmVMbrXHJgsxA5ev86kTq8yGgGuYsa,22.18377854100072,22.30773388200032,22.066834447108057,0.9947283960811039,0.008826733778843222,1.0,10981.756384206,10353.444934226,21277.30984844066
BSCrK1Nx9PXU9mF7STWWBqeHLxmtJDr9h7jheEy4tAWX,FfSySSbVJPvEo5a5AvrP3nySoXpRE2QPn1uUMpJJ1x7v,HL7Vcj6838ZmvBHDbQxXfjBNckNi83WvPiZQoMQLFeRM,0.010350858999999879,0.01034700200000005,37.116615389028304,3585.8488062709325,0.01484664615561132,3574.2369004217603,0.878960472,0.924431933,6455.958086137352
Dg3mAgpwDfVNnbGWcsxL8sUcSkEbjSJQhKAWNigG44Ju,EATxwd8YA2wV93VJcKMmH2Kn2Y9XfJVUB9hHVu3udwEy,GiGvrRi7NMHfHKanG2B8xyCEqe8jaafWins8bhrLVEaa,0.0009570939999999917,0.000957433000000063,0.2127534618501802,222.29108305995237,8.510138474007209e-05,220.5758927754116,0.20717476,0.251969588,101.63151860843834
YAkoNb6HKmSxQN9L8hiBE5tPJRsniSSMzND1boHmZxe,CfWX7o2TswwbxusJ4hCaPobu2jLCb1hfXuXJQjVq3jQF,EnTrdMMpdhugeH6Ban6gYZWXughWxKtVGfCwFn78ZmY3,8208966.996528005,8206339.116258002,8208966.996528005,1.0,820.8966996528005,0.9992485650790605,325224.974209,1116774.356851,1441160.1478094524
daob129AwBGn9Y5r91uLoWZeYiGzbPmksauMhFZKTze,6VW5GQNyj4LStgmxEHLr5zUfW92vQnmbw8jTnCH7a38F,4VPCCUifPeBA1c7HWK358CHn2nyjm8pdTRk6Ps3KmnMQ,50.86884256200028,45.69333173200011,10548.011977356671,207.3570273296562,4.219204790942668,187.32706199795177,49.399642104,222.291962183,51884.66311933556
parEAJhzYzHW87y9VoZAQ22dzQ2MD2ekEtTReaxbMcz,3oyc6hpjYSJEquK6dSvG72NXyz3pqLZz5D8AC71pwgQb,Di2vordgFJVZ1aj1aBpvzXtLfZgJsuLLXawGtVFwX6Rz,6.380238282999812,7.458649379000178,1168.7807037115667,183.1876258956959,0.46751228148462676,215.14625319572866,1115.162852525,144.472586576,235366.77113244875
RajgMbScQbqqrdJfR2rxfHJiTiY5b6bJ2tTXiF4aPxy,725ZA3fhyBAKb5iopNRrcbSuQa3LXA1656Q3mBvYPxeg,GLA6i1dSZpUfk2f9Nj8uiG7xyDdAR2reff8oEiZH3617,4289.444521229976,4288.788303310037,4287.329195878022,0.9995068533136436,1.714931678351209,1.0,95405.62408619,86375.34006935,181733.91518816212
ercAoEmXjQzEvAFbdjAo81KtMxRGn9AW1ju882upmPH,CMRhskR2Eg6V42RTSdRTXGdozyPbWB8U9dVpijPWb9T4,7TKLLgrWswt6ZJ1pXhVR3FyufHGjJFqiEXxvWJfDcgRm,0.6522353359999897,0.6378116799999702,122.19030192782877,187.3408188479851,0.048876120771131515,182.7943033983289,318.828110618,982.683193772,239358.4091817299
MiMuMS9C4vBqcrYeeQPph1E7oAW9aNKvW9k6Zw9XffM,Afy2q2hh6Y474pshJa5fnQ6PfEchGyTbKrQpCZw2hr3m,5pXz9ksgjeL8Wgb37bksUaBFMLdFfsNNY3FQnikkCPtS,0.002540018000001254,0.1672660000003816,0.0,0.0,0.0,0.028425305446251572,26.038771287,7671.570473759,218.06673396904446
wrmcMSHFi3sWpAEy4rGDvQb3ezh3PhXoV2xNjgLBkKU,8p4mGnARWPBu6P2Gcw4adodLkNDorrXniZMhaY7eJXUn,AyY89zccbsgp9LKFgH4CFZMJmpSgqmPSdTfukhP227rc,0.010332309999999359,0.050801319999999,3.4602511721364233,334.89618218352314,0.0013841004688545694,3580.6359209395587,27.12683442,0.09131998,9411.656882670068
BUSDgu5JdqP1rndBvXvanbEufS94FNh1w5FJcAj6vawb,Bgzr8cWubt89JQFXndVjtdKmDbGzuPxNhvjH1EhWCwbo,Dxaf8xPBBQsasRKW5Aa4Sw2YrbfGofY9xZueyyF23FBW,12989.378843480012,12956.336491219994,12992.726159520491,1.0002576963903211,5.1970904638081965,1.0,7358.30212885,7557.2708898,14917.469226547499
KZMu9QBEdL97EFgamLbN5DE1AoKBG4HdrKKJo4Vuon3,DD4ACBWyVqdaKWh7v5btsgqQCCMwbKnuL2xd9pv7Gyuw,GcYqiJ1MAuYbNTNYXm1F1gQYTfTgkErACAhNU5dpVj9T,135.5778094599998,137.18148799000028,134.11500635646928,0.9892106008397924,0.053646002542587716,1.0,1933.9218126,1153.17266219,3066.2286204092266
SoNcU2iwHMw6dGzsYNQkYFkUjwN1UdAjrWVRnStrZu2,8ivTTid27jZnYNc4w3CTA1Z6QS2twsFb8WMwUabeDJgc,CyXm53PMvHCbeXJBykU46Rcbo28xk5srhMZFg7gv6EYB,55.06393979000002,54.57588217300004,12137.515705892847,220.4258495157134,4.85500628235714,217.55413889134846,16.727154195,21.183258491,8295.602733335554
KwnjUuZhTMTSGAaavkLEmSyfobY16JNH4poL9oeeEvE,J63v6qEZmQpDqCD8bd4PXu2Pq5ZbyXrFcSa3Xt1HdAPQ,BnKQtTdLw9qPCDgZkWX3sURkBAoKCUYL1yahh6Mw7mRK,865.4177949999945,33899.51946599978,24.615524590300865,0.028443515643563837,0.0024615524590300866,1.0,272982.745379,684.608556,8449.19754461059
B2izdXFYb2sNwbWWHmh75T4aQFtfXsUxem9u2p61HGzf,4DYwgJtxwuJdAjkj5RJSNH4e7U329V5cNp7d3a1nLrZv,EXNW64GEf1ACC6xY9BtKRiunrs6GoJSXBdxWN2eTPmrF,8053.381857999993,7921.643305000005,8189.158099286159,1.0168595310243844,0.8189158099286159,1.0,8472.581163,31590.876251,40206.30115897422
NorjjEePhxfwLF4vZjUHCrVVKLzQjEEGQFd3wgjEJmh,34M8pFVqgbV7aqHxvRT5tCv3vu2P1JJYT8J3VaxBK2oG,3AZWBSze3ucsY3xSeuLne3b2pauVqiaJ1SZSV5T9WGWw,7.565068000001247,12.680498000004263,4.502603927974012,0.5951835367472268,0.0018010415711896047,1.0,38106.662703,2271.675567,24952.133848205176
ACUSESXyNnwRLAg1dpSGMLSzUDdLjUMybY8rkXiAKhCP,AhFPQdu8GKBsxuhiH46UmCu1YpaLgNpoP325HnYtsgas,A8wxWpT3aFEr2XqZp1kDmbxbFfcBE95UUmdsNTDBJYbT,1006.949068724,1007.3508180609999,1006.949068724,1.0,0.4027796274896,0.9876959290809512,1040.125996138,1845.791608762,2863.206854044007
SERgf3DMJpQxUifu7VoFKmfne73d2fDJxSrxUMrcNJB,AJfM2GZ2tTB8UtN2krcyR9xufRJEx2mhSCbJyMgPo3GU,F4yRYkufQvERZcEKnKjJwRLU1btiMBUuEwq46hfm11QD,0.0020010010000000023,0.0019999999999988916,0.37318322709148527,186.49827116102634,0.00014927329083659413,186.94167531895056,29.277091343,27.96586623,10688.112804874814
WiiQFxXqp8P9Fs1rt9SVcDyA3KUdJmUsog6wnVQAwba,3S2jpqSYxho6wiz3cafhjXruVY8cg4HYa2v3BqBHYFSj,Dfe67M6TfrG74gKRtdqys4e6E9QirPD53BkF4FujFjuv,36883.135715892,36942.296957870014,36859.84950596661,0.9993686488560852,3.6859849505966613,1.0,17396.163603147,9342.000984404,26727.181499760423
oKQqupM9E7SSLAFDLxr7mdsXP7znck9qRbVWc6Yyj7Q,CMR2J7CwfW98RpvnJmFBgRFTLAd3x8CJ1SWs8Bt3uunG,FmRb5jHfSNj1YWP3b45d9vvYuhwjp4om8bALmtqZpr1v,0.22559496999974726,0.23012321999976848,0.22096192650004562,0.9794630017694684,8.838477060001826e-05,1.0,4105.51129071,1794.16190118,5815.358313777261
7dwD9TF6uikvHXxPFK9AsSim54yJoujQjY9vU6gNFumk,CquVr6atkvwueDYficKjn6SSEWq4F4rH4VSiBbW4GBWU,8BCa6ge3b7ho3TfZuM64Vk1hgbrJ3J7EPiAb9uP86CGd,0.025361109000000104,0.025495838000000104,5.526421831026605,217.90931268134142,0.002210568732410642,220.1749862720896,2.271684572,1.907599698,915.0269610331195
KEVpg4SYCVrqFxKijQH6hm4QxsRdoE51ud64bEEFUC9,2bPenuBYfqzD8p5dFjCcggwkHDsc2RQDnx9AoyYGUBjA,AE6n6iLuX8oYu61vt5hoDYkjswpnxFxrhSehxrnQTnbx,3449.718116311001,3483.8501568280017,3437.539686647637,0.996469731945407,1.3750158746590548,1.0,6186.962987881,1431.852348708,7596.973698797935
NorBXypYWTkV5PMs6Q9JsvNkmRwe7H9Zr1Kz2TcJH2Y,C82XDu1d1UjtuUwnkSTwVuWyH3AqpJ3ftb9W7en8rEUu,F7cZoYpWQSFuYJzW2UUFw6sVbTtaihyD5upeeHRUPABk,0.0011513934999999864,0.0011863800000000424,0.0,0.0,0.0,2613.2176548984767,0.2401799813,0.6655639352,1739.2634259283457
Lee1XZJfJ9Hm2K1qTyeCz1LXNc1YBZaKZszvNY4KCDw,9DgFSWkPDGijNKcLGbr3p5xoJbHsPgXUTr6QvGBJ5vGN,2hNHZg7XBhuhHVZ3JDEi4buq2fPQwuWBdQ9xkH7t1GQX,1486.1007629027954,1261.7108205750064,327267.85826580395,220.21915770136124,32.7267858265804,186.94167531895056,7228.128612481,56399.271681802,12135146.729762387
BSCuChvaSj9b5HUSqgDVRzcnr2sSn7cXaamt1jbKH6hn,GnKpRj5kBVPMJfiwZtEuD9GYApLzPdW5JFuZTcyX4BTc,3dmwD9okkomV9nDwyuh4UMhKdUR13QpuKxRo89ycZB5t,2484.865605254,2487.9674156289993,2481.1238199400245,0.9984941699438136,0.9924495279760099,0.9994443089642159,1700.773706307,1438.401030052,3135.814353635009
ALLwa5WNZbvQsRKAqe1jdRGemdYQnW8E5k4msbRFcYtu,CGoM82Hbz7QVqTgvQatYtjvDWBvoUJp5qm21P8iMs9yb,3dxNNww8TivyN5FMy5dCNdi3Zcxv6e4kUfSPxfFwpdNq,8.069020437999995,8.072712280000005,28803.528371528504,3569.6437495537944,11.521411348611403,3573.917549722128,3.731348024,4.873310704,30736.3938015558
SQDY9uoDoCbNq7F3HAHYYQZbrUzpKxDtdWLvYcqBLak,GiehZ4X2uQjhEKuxSm3ACmEFrabxh3RTvjbLfLjw1xGX,rxDQYV77NKRKYxCjq4cECX3QQsiSyLv1T1FT2X3zNA2,1.179312675999995,1.1818600000000004,1.181934634880498,1.0022232940710822,0.0004727738539521992,1.0,168.73007208,237.802723382,406.9079320308688
SUiuyGR7SFq3xeRVJonq84fjjeFwRSsFekcevJ53tzy,49GjCCPsv7fBqo6t3iKDrP1xxGDS8uWZbVCdfnp2gjMf,CEwj5xEbbJEjYqM8D6Ai8ByGz1mrh8mkAVsE5fzDSSSx,0.09494799999999959,7.766295000000014,0.0010794152840556735,0.011368488899773332,4.3176611362226946e-07,0.9642522753943069,610.715497,2.013501,8.884435269322767
DA1mL7dfBow33EH5yjUuZE6SH2KeUK5zEXzsyhE5r5j5,B4UtLRZND3D83CitRCBUyeiNr7H8m7YFRqBmiPmXjhW4,AAmpYbuixWiSqDaJBCqYEs1pb5SrbdPr9mgXrB58Q2e,1.4419955840000966,1.441796894999925,1.4418083637422563,0.9998701658590929,0.0005767233454969026,1.0,1636.322930958,1470.766300514,3106.8767808900125
MARpDPs5A7XiyCWPNH8GsMWPLxmwNn9SBmKvPa9LzgA,6YjT74rmcfCpw8LSjPNx5JTmZoYLGrTKnf9arfSgZ4SR,F8GSmi3vA8M8TsybLya1LQ4n1aFHCRbZ6k437PeTdXtg,104907.74525099993,107116.24711700079,101784.98200314348,0.9702332440718748,40.7139928012574,1.0,339894.914361,23118.251994,352895.5973980051
KEN5P7p3asnb23Sw6yAmJRGvijfAzso3RqfyLAQhznt,9zj4aX38Uxf3h6AUjS4EipWS8mwbEofasHAf3a1uKGds,CwQDG1MWunn9cLNwcZLd8YBacweSR7ARo32w4mLua1Yr,239936.11236100318,239945.8370500002,239780.73444508278,0.9993524196320784,23.978073444508276,1.0,2115500.634711,2070380.832489,4184511.510520635
AURHmCnNwiW4uA2Qj1XvEh4iKgRUZYXtiY7FKAapUV5Y,BKWm4TRnTeKwfWXRyuzjRHU7iZDkPuXBX5b5V5jSVfGJ,A5Ww74HVrkj9nPeC7pHKLfgeDMEhBCpW1efQdz3TGLEg,0.36068948300010106,0.3220245580001233,75.32237601310214,208.82886683191992,0.03012895040524086,187.10085540640083,289.898159006,1809.487310886,399095.72775568126
Lid8SLUxQ9RmF7XMqUA8c24RitTwzja8VSKngJxRcUa,4PgzyzLtds9bKZ2to9PMnKqJzKEUpjvNUaeN23phegax,AtymwxoVN9peZo7EXTcDz9jKVc4vRmisJKKrNfe3ewBa,414.5519453260249,354.339612634001,90734.2987666989,218.873170876911,9.073429876669891,187.09031897402664,1011.001641283,7683.664659382,1658820.4070026057
heyk4SZTeCUV6a65WiVA5bzic3KcxgVf1qxobfeV4tQ,9ZDpBKPqMABtGfq66FbVribaArMvtk63xxy91onZAtDt,DaTP4s6N7xxSPinbNZ3FB52EpRDRt87QShTuN3VPCW52,59.50190648200078,51.697929168999735,12748.410673784576,214.2521379149582,5.099364269513831,187.06141113890843,636.680092946,4492.144558455,976716.9712261359
DFWzVTzNBrQZLjoQ4yQwkj9HuoXmfkuZP9V5vbymZe23,DhgiEgiNdqZdRdo195UUHnoEJUtefK8buko8nU97XJUZ,2K2kkXsouBHtWVjtcgkyiXd8eP3oVBvq1bTJzcVdLLr2,2479.3744650650005,2995.8088053239917,2130.232597354076,0.859181469910891,0.8520930389416305,1.0,60672.054970655,8137.860906623,60266.16627882474
HEDSDjj84KS7LKhZY7ejkCACTdPen62rKhCby1wXtgxc,EnnjMSFttpCTywBrYNt1J5QQeoSVkvzPipJDa8Y7kJow,6bjVT6JN2rSvpyn9PdfLYC8wJn4LWh49jpY47fnLDXZk,6.958362696999757,7.186893715996121,6.73027111023517,0.967220509091466,0.0026921084440940683,1.0,39134.311764976,9088.076294594,46939.58524285824
SRMuKizofcAMicegrfSv7xs9q76tH1w8aAF7oX9FEWu,72Hj2KWntXPfbie4UgKeTPnm1XVkomDfCnRPKbvfTtPi,6aqJQ5wedqpUt4fFEDUqUmXhrdxCu4bEJsQdVPCADLko,0.023567000000184635,0.023567000000184635,0.0014502740671639683,0.06153834035526822,5.801096268655874e-07,0.061636009531885604,17693.037092,5263.719069,1413.234777195933
RoBgmK8CvjdHvPrqdDyVw54VwjZv2TqJ493xnqJAQHx,ExiHJxM7qPAcy27NDHAF6G7vnW7muNHi2sVJpnaNynGQ,6rkPHSqZb7StM4HwS9EuVrmfkV7tRdc7dnsFhyB6cefE,1.102325999999998,51.361995999999635,0.0,0.0,0.0,0.9260048078169621,6133.148968,21.490509,19.900314656433697
BSCNHw8CmxbZ8hCWWzMf5FaG2ajPT6JxfznKUNuRVrn4,7n9kgNL633yGzCYksgnzHyjG73ZLBAwvEae5sbAekbzW,SscdxE99omdG9AiMVwmaEMQySQnCgeAh1sPj2Leutm2,6093.595837040999,6089.396650014998,6090.514390009489,0.9994943138478632,2.4362057560037957,1.0,6232.999450516,5440.803759418,11670.651268425598
JSoLLrxK5bYdHwTEWYaGgmeycBCNXKDiBCTw5hXGBg7,xG4wXczA7Dk4hccJ61CHKpDHW4NrNfQwgmWgkb9BuF2,BVR6WgfhsRr9Lob4QDnkEAiNGgAbv7ZieKcY9kSg3QYR,26.335722587000276,22.558961429000004,5718.255398484324,217.1292387969998,2.2873021593937297,187.11692487554853,17.865606113,167.424014376,35207.01217631946
AyiATPCAx5HZstcZ1jdH9rENwFb3yd9zEhkgspvDrCs4,DvHVapj4g2Y1tJVSw2ubSPkPBsJPb8fW387ZWXwaKmZq,DKjqWWgrtDRPKrnMWtZ4UiJk4sGQVCQgFjSo7BvfngvK,0.020424959999999992,0.02064235000000003,51.75855253154932,2534.083422026253,0.02070342101261973,2647.533822244579,0.86517675,0.29816462,2981.8309753442545
FrnkTEL6yZ5Aycq2TrEgu29dCrwKG4LPUZydfiwqspkc,DjvZuMZ46fxKBoBpGMPcRcos4xdTtHFxwMh69DpA2ZFY,9rvDPJLAng4uVVqnnSoEXgNDFhBZQTny9AoQioYDZbQX,24.54573630899813,20.651068073999767,5429.604138319939,221.20355527202176,2.1718416553279756,187.16262766596788,180.276790867,1454.529688586,312111.46560672886
STK75uPSyBnEhGTTzb1nwmP3n427XoXmfRhXxxhyady,6TYyD5fUmDe6N65avW1Ny2RxzRNobw2RRgKwH9CTzSAU,54zDfk4cx2vGrEajPtodWpArNe5eUurytyxd4X3aZAxK,504.5091530159992,564.148203198998,94439.50525004847,187.19086598425613,9.443950525004848,209.54410536715793,581.802294713,106.232374587,131168.4432728156
CZgvH45CRmoaNJ7395Ao5CQZXkGznvqU7cErD6n7FaRg,4ZjU6MKvtqVQKCiowhvZ5yUsPxXX5SCzd5eFsPeXyey5,BsyWeshjDbCvjDojry3vKDCesmFRM37WtwcR4Kfgzqr,1.9249361600001293,1.8853493799999796,1.966001327283986,1.0213332619217117,0.0007864005309135945,1.0,340.06386123,767.32913585,1114.6476685017283
SAMGk1Nd4haC8zQA63DG37pzuEZy8j4q13tSFtCbcRE,9U9TnkHD3jXMAVZtynCVLgDruuqN4pTvLJTmVHCLWS8g,C6zoEbvqSknmi96QWq96UBiPCyNW3YSTvKhavR2BfifE,0.004315120000000006,0.008442999999999756,0.007974290788333291,1.8479881876595046,3.1897163153333165e-06,0.0,53.71062284,1.09934343,99.25659656015479
ALBpShJ9NLpE739pcHDF2LNVk5J4VYPvvKuV6jMPitZi,D6d156U1bPiJpDYRLextvDRccgFk7QzkQbJg42ceKEu5,GNcM8U5g8RwTZffwwm3kSQqUNPSwv5d2fbN9sLxPJqt2,29529.10180000001,29553.169866999997,29466.544326395073,0.9978814975806363,11.78661773055803,0.9985321577281395,49198.936695,51044.387768,100064.17128647442
SoN9GaFpSXfpyR5dth3x7PHPVhvJMpQqqDJfCSmPv1t,9kZ9iS68ViMPtoeqtnhAKuF2iqVyfHPdZHoUNdwCELr,BBhm5fJLjw3HRzjtKB8uMEYjGhY6EDm9co3cqpjrSzB9,4.848821854999999,4.7612372979999975,1072.606053976475,221.209622884047,0.42904242159059003,217.81803829589623,3.791507563,5.784640283,2098.71695686372
BUSDTd9WiT6uBHJRgNvFXBsA7JrifsAtWzKfioN7ERcy,DyBxrn7gSc1EwnpWhDyhzvMHPtxpmBqRqotapLcKcfTM,Cds99GeBgoCpqBsoRWu1C6fF9LiUMd4pXQQD24s9LPff,25690.023122269995,25695.29563610997,25705.500661273152,1.0006024727548704,2.5705500661273155,0.9995601935148535,2554.48940866,2970.98422299,5525.7059837927845
MATSnbbiTCv7Dc3trJrkrqjx7ckKdr6fwPoVwv9q3sD,631WX9JizSHJm4w6VanZeJAst9T8DeUUnPLesdGkCVtK,211maUSfpnXbPuW1iBu8b4dtJv5EbN1j7JJiEX5TZKEP,117753.06850600003,117839.53197200003,117560.26966375146,0.998362685196278,47.02410786550059,0.9994443089642159,27403.757941,23841.589645,51187.23044980102
Sid7E679i9ABqptiAVhkmQ27YHN8vaYT4fppPwmxFsJ,GP7KB8o1bv527HG8kTzzzf4wJ5aEGHvcMQvVhLziUfmT,9gYxhAZ1M9wu5pxr8SBoa5NDm21gi3s9vMHaYTME77sa,2049.447831000003,4986.263949999964,23.29611817001274,0.011367021798571804,0.009318447268005096,0.028276196001089875,131202.610901,10366.660465,1784.5126613262912
Cob4usZcpHEY7Qt4ZCwj6WVg9S44zvzYV2v9qYF65dTf,NhFM9UXE48PyNAyeyPYA3iXztqKVJwA4bTdLj4ysM8w,6TuFuynuBoeskxyR2cz4wxyidk8dpDK7kAWw3UkjQGx,189.21046199998742,2975.895075000027,2.1498508634791387,0.011362219830525447,0.0008599403453916555,1.0,67955.638406,217.730932,989.8578342926698
SAMyS8Jr2HJrkFwYVKbpUwsNStnQmvz3f8Tup8bWUWF,6jPzm5TFfquvgm25sTyN3MMGBfufRaFHMxobDWv6hMFW,Cj9ECoDmxsHTDzCY5ZA6RWrPbg9uFzEC1Qc2kso2vJG6,3395.2673721399624,98.13212069000019,3358.6344772063153,0.9892106008397924,1.3434537908825261,0.028430599626933672,615.92471092,113636.05567968,3840.020455574173
MATgk4zXLXtYkwBH678J1xZbRDZ45LicNzkRBHkxTuY,y8dALFo1bJrSzPYjMX14HJX448pXqYmrfXHD1K8MXih,GN7Yuet3UyiWS5YVkEHv6oQKi4HGBJc3XDPt9zQhAqZz,22222.716368,22228.04546499998,22223.027490384866,1.0000140001960027,8.889210996153947,1.0,9186.627477,8181.843843,17368.599934585283
vEnkoSUkpnbRrPgBz9DfcVxNz67zjwMYBZraAvDDNSf,DtfyjjsZ5yCjWKLKHvwsfXs5QVsmm1QkK6Sh9JZHoq1g,e5wrKCRv4GhHvEf1VD5Pq2KGaZDXP77nTL612Jyrxwy,3529.6529380000006,3529.021188,3523.3813192517327,0.998223162770269,0.3523381319251733,0.9960466906846727,1053.468595,905.884667,1953.9001774873884
ZUCKWFa4LTL833dPhhpeeRWZcaAEoMeYJPi2iKn4F8N,7eEYpq6ShaJ9opZWMxitRFrdCHh6vfyHhGfoSvFht3N2,H8VggnHmuwd1wvwpT8eg9cUJFEfZ7HAaeYjgXrSm7A2u,28.625647515999844,28.572585162000223,28.71118056334841,1.0029879864656601,0.011484472225339364,1.0,1680.954963462,2166.241201714,3852.218835856209
BkwbeSfcX1h4thMDd7obGkHrPevf3QwgzJ4pCEqG18Lu,35yX27bmurdebhfAb8EPmjLETDiUaEUCn9zHaDPbakH2,2CxECn1ZJFoESyUnQysQU8rRgT3iJ5GRs2Mdd6gZjx5g,0.045865990000000134,0.03740155000000023,116.22824489382225,2534.083422026253,0.0464912979575289,1503.7593984962407,0.79688269,22.80363656,36310.55001102117
KysFMBBoavfov2tLpvefWW6tPFt6rAeZWDJVy1mMQae,B8ka2V21TH3x64dFV8ETcjuQcwmrciJ2qzy1mJUttRew,7fSf7EYxBANyxzk2s5pymFgshA91tFYQNKKs5UnLWcYS,44.12523900001088,44.84297100001004,0.0,0.0,0.0,0.02826045696254574,134646.653178,2504.700515,70.78398110822366
moFiBS1R4Lf3E3zzmBPnw3NF4RhWPkhREFviuzUaCAU,44ALBrpqi9PfZkBRTvbtRNtFJGsatfY4QydjtMbFWq8S,2ho8qEEie1UjVwWNBo9y4oAJZMyMLx8zPj9bxyUz6uWs,272.69350231599674,273.21774570300477,272.10311610344036,0.997834982471008,0.10884124644137616,1.0,39183.686945581,27915.3337672,67014.18734369328
ionytDfEj1mXodptgrsKEZro7DGsfpzANUfarJdm6Qb,3gkSjY95an9xNFSjCfsay6JZez7uv7yfW3Ad4ubc4fMK,9wXqANaSuEqkKL9yHzCPEDGHwbkStVAqV5rB3QDs3Jr6,0.008336810999999986,0.031653728000000214,7.607134644864575,912.4753631651945,0.00304285385794583,3571.301024963394,3.163138708,0.081294085,3176.611790408145
SEQV6QiTpvTzrceiaYg9Avnwf7oc8ZALpnQMz6TyT4A,3dFMPj4r9mMmPHF32mz1gNDX7f8ftidWof7S8YiYTs1j,Fc1ED3YPeQfXQosHbd8DTaBd2AV5gHQtwiSAL5C5pUhi,4908.024915588,4914.836596155,4884.259184931146,0.9951577811715312,1.9537036739724585,0.9973967943667029,4479.826775194,1128.948157857,5584.143747287644
BSC8REUo9LpiiWUuqMuLXs2D2yJsJfGd4HdiF3wCLxk5,AZjEH1zWVx1UJ6udMyRijGTzPteuLnaY18yNNmprJEsh,Caf8ypkSVR8xYnXNhjvfvdGCC7mrM3C11rz8Xi6NA6aK,18099.740323242,18040.58702251299,18103.204751638525,1.0001914076298695,7.2412819006554106,1.0,3157.803216268,3161.352196657,6319.75984055422
iLiUBQ7Z7im6Ew3b4ewwPcehzWgEQRJ1iQz7g6D62NW,GpugBvKWM3TVhYcZjemSdtehBWgfvuGr6uAm9iPjXT6v,92fMXJ3xy8tEyMUWLHKRLyhPw2nECBo77GtDiBBbYrjX,0.0014469559998815384,0.0014469559998815384,0.0014151408015507917,0.9780123249543515,5.660563206203167e-07,1.0,1865.493847277,1097.984039683,2922.4600144464166
MiMy69CnJDY4V6cQWkU3HHfTyb8pqXJmhX4MisFYDnM,,,0.0053550320000000096,0.002540018,0.0,0.0,0.0,1.0,1865.493847277,1097.984039683,1097.984039683
