0,1,2,3,4,5,6,7,8,9,10,11
SAMyS8Jr2HJrkFwYVKbpUwsNStnQmvz3f8Tup8bWUWF,6jPzm5TFfquvgm25sTyN3MMGBfufRaFHMxobDWv6hMFW,Cj9ECoDmxsHTDzCY5ZA6RWrPbg9uFzEC1Qc2kso2vJG6,2740.8856662699636,110.80297850999148,2702.3147708968177,0.9859275795966941,1.080925908358727,0.029752533386861874,633.3574413,113040.25608372,3987.6785623107594
MATgk4zXLXtYkwBH678J1xZbRDZ45LicNzkRBHkxTuY,y8dALFo1bJrSzPYjMX14HJX448pXqYmrfXHD1K8MXih,GN7Yuet3UyiWS5YVkEHv6oQKi4HGBJc3XDPt9zQhAqZz,32561.021835999993,32564.425689000014,32589.015800572688,1.0008597385153848,13.035606320229075,1.0,8170.877067,9372.548775,17550.450659718976
BUSDTd9WiT6uBHJRgNvFXBsA7JrifsAtWzKfioN7ERcy,DyBxrn7gSc1EwnpWhDyhzvMHPtxpmBqRqotapLcKcfTM,Cds99GeBgoCpqBsoRWu1C6fF9LiUMd4pXQQD24s9LPff,26010.047900980004,26064.99594768,26015.474729008474,1.0002086435230388,2.6015474729008474,0.986598052060806,2708.11287574,2808.37697813,5479.4171620266525
ALBpShJ9NLpE739pcHDF2LNVk5J4VYPvvKuV6jMPitZi,D6d156U1bPiJpDYRLextvDRccgFk7QzkQbJg42ceKEu5,GNcM8U5g8RwTZffwwm3kSQqUNPSwv5d2fbN9sLxPJqt2,2508.996511000005,2508.6932219999944,2506.5476139811453,0.9990239535973354,1.0026190455924582,0.999529221736562,48649.37892,51579.122169,100156.7347081489
FrnkTEL6yZ5Aycq2TrEgu29dCrwKG4LPUZydfiwqspkc,DjvZuMZ46fxKBoBpGMPcRcos4xdTtHFxwMh69DpA2ZFY,9rvDPJLAng4uVVqnnSoEXgNDFhBZQTny9AoQioYDZbQX,30.56908246300077,25.6922605069999,6661.165820286238,217.90532405899222,2.6644663281144956,184.0465843990704,180.745473396,1453.953845407,306980.6400736037
HEDSDjj84KS7LKhZY7ejkCACTdPen62rKhCby1wXtgxc,EnnjMSFttpCTywBrYNt1J5QQeoSVkvzPipJDa8Y7kJow,6bjVT6JN2rSvpyn9PdfLYC8wJn4LWh49jpY47fnLDXZk,7.184498497999812,7.418066400998214,6.959808021049219,0.9687256560756262,0.0027839232084196875,0.9999859021987507,39139.843790615,9082.711595217,46998.354403715166
YAkoNb6HKmSxQN9L8hiBE5tPJRsniSSMzND1boHmZxe,CfWX7o2TswwbxusJ4hCaPobu2jLCb1hfXuXJQjVq3jQF,EnTrdMMpdhugeH6Ban6gYZWXughWxKtVGfCwFn78ZmY3,7034960.115833996,7035392.954317988,7034960.115833996,1.0,703.4960115833996,0.9994013585862068,732636.907949,733988.118432,1466185.6306960746
RajgMbScQbqqrdJfR2rxfHJiTiY5b6bJ2tTXiF4aPxy,725ZA3fhyBAKb5iopNRrcbSuQa3LXA1656Q3mBvYPxeg,GLA6i1dSZpUfk2f9Nj8uiG7xyDdAR2reff8oEiZH3617,35512.126598269984,35521.48764264998,35519.9818422544,1.0002211989181407,14.207992736901758,1.0,96666.39691761,85101.42116944,181789.20058946873
AUSejoEUCh2DBs9mof6BNC8Pubs22w4cJa1ccV9h44R,4xkyD7AfGQDwsQMy9MosRRNGoVJ1zosNinesxg1TzHG7,Cbm5gsQe3nSiCsFrvepVzMCD9xLK3ri9g3ypS2hdmVJ7,301.4343379999973,301.2239839999984,301.78561645755394,1.001165356474937,0.030178561645755393,1.0,14040.228369,14822.181232,28878.771472039407
SERgf3DMJpQxUifu7VoFKmfne73d2fDJxSrxUMrcNJB,AJfM2GZ2tTB8UtN2krcyR9xufRJEx2mhSCbJyMgPo3GU,F4yRYkufQvERZcEKnKjJwRLU1btiMBUuEwq46hfm11QD,0.00884333000000126,0.008854797999997999,1.6222575780341826,183.4441978342945,0.0006489030312136731,183.97896458110566,29.279092344,27.963749989,10515.821377142438
RoBgmK8CvjdHvPrqdDyVw54VwjZv2TqJ493xnqJAQHx,ExiHJxM7qPAcy27NDHAF6G7vnW7muNHi2sVJpnaNynGQ,6rkPHSqZb7StM4HwS9EuVrmfkV7tRdc7dnsFhyB6cefE,70.75113899999997,1.4448369999999997,0.0,0.0,0.0,0.9790176928077445,6123.16038,21.704614,21.24920112156267
7dwD9TF6uikvHXxPFK9AsSim54yJoujQjY9vU6gNFumk,CquVr6atkvwueDYficKjn6SSEWq4F4rH4VSiBbW4GBWU,8BCa6ge3b7ho3TfZuM64Vk1hgbrJ3J7EPiAb9uP86CGd,0.20320881400000013,0.2036940570000001,43.639874549392765,214.7538469930381,0.017455949819757108,216.6332293277199,2.315615761,1.863894306,901.0688354667909
BSCNHw8CmxbZ8hCWWzMf5FaG2ajPT6JxfznKUNuRVrn4,7n9kgNL633yGzCYksgnzHyjG73ZLBAwvEae5sbAekbzW,SscdxE99omdG9AiMVwmaEMQySQnCgeAh1sPj2Leutm2,1019.4981078100009,1021.3606640560001,1017.2451255129562,0.9977901064457252,0.4068980502051825,0.9999859021987507,6854.87906236,4814.656518151,11654.31915138508
heyk4SZTeCUV6a65WiVA5bzic3KcxgVf1qxobfeV4tQ,9ZDpBKPqMABtGfq66FbVribaArMvtk63xxy91onZAtDt,DaTP4s6N7xxSPinbNZ3FB52EpRDRt87QShTuN3VPCW52,97.63961687699896,85.47907722600053,20574.21261332275,210.71582695004852,8.2296850453291,184.2236061918291,645.577885624,4481.860357754,961697.9555835682
7oAd7xG4m3oC2qeWB1szghTebAZyyGPAFDJ4wwwbRSNi,D9yh4KAysxt9GLacVe4Wwh2XqghhcjTCSTV9HuM7TBJd,HDYfJLpZKaMFb84jM4mRytn7XLR8UFZUnQpSfhJJaNEy,2.5137143960000685,100.32682802795898,2.513678958154116,0.9999859021987507,0.0010054715832616466,0.025043068982385164,1013.926085986,299162.389864878,8505.856158178902
KEVpg4SYCVrqFxKijQH6hm4QxsRdoE51ud64bEEFUC9,2bPenuBYfqzD8p5dFjCcggwkHDsc2RQDnx9AoyYGUBjA,AE6n6iLuX8oYu61vt5hoDYkjswpnxFxrhSehxrnQTnbx,205.46142875899932,205.45125551300043,205.52967139238075,1.0003321432825305,0.0822118685569523,0.9999859021987507,3936.498499535,3677.006495891,7614.760639252541
CZgvH45CRmoaNJ7395Ao5CQZXkGznvqU7cErD6n7FaRg,4ZjU6MKvtqVQKCiowhvZ5yUsPxXX5SCzd5eFsPeXyey5,BsyWeshjDbCvjDojry3vKDCesmFRM37WtwcR4Kfgzqr,40.893068119999725,39.93174663999997,41.76118544421093,1.021228960411181,0.01670447417768437,1.0,340.69231061,766.68685001,1114.6117041943335
NorjjEePhxfwLF4vZjUHCrVVKLzQjEEGQFd3wgjEJmh,34M8pFVqgbV7aqHxvRT5tCv3vu2P1JJYT8J3VaxBK2oG,3AZWBSze3ucsY3xSeuLne3b2pauVqiaJ1SZSV5T9WGWw,0.001445999999759806,0.001445999999759806,0.0008729986233426344,0.6037334878891062,3.491994493370538e-07,1.0,38036.233836,2313.831629,25277.579748973916
MATSnbbiTCv7Dc3trJrkrqjx7ckKdr6fwPoVwv9q3sD,631WX9JizSHJm4w6VanZeJAst9T8DeUUnPLesdGkCVtK,211maUSfpnXbPuW1iBu8b4dtJv5EbN1j7JJiEX5TZKEP,72528.68569999996,72576.88307599995,72313.19238668763,0.9970288540150352,28.925276954675052,0.9989860291803819,24128.960745,20873.656689,44909.76149037975
iLiUBQ7Z7im6Ew3b4ewwPcehzWgEQRJ1iQz7g6D62NW,GpugBvKWM3TVhYcZjemSdtehBWgfvuGr6uAm9iPjXT6v,92fMXJ3xy8tEyMUWLHKRLyhPw2nECBo77GtDiBBbYrjX,0.017849148000095738,0.017455999999810956,0.017456670241665813,0.9780114009683925,6.982668096666326e-06,0.9999859021987507,1865.493847277,1097.963966699,2922.4227388945137
parEAJhzYzHW87y9VoZAQ22dzQ2MD2ekEtTReaxbMcz,3oyc6hpjYSJEquK6dSvG72NXyz3pqLZz5D8AC71pwgQb,Di2vordgFJVZ1aj1aBpvzXtLfZgJsuLLXawGtVFwX6Rz,16.84898692999991,19.64760052500037,3021.5569091111083,179.33166674437703,1.2086227636444433,209.78742240487713,1112.90495162,146.390186043,230289.91969741628
vEnkoSUkpnbRrPgBz9DfcVxNz67zjwMYBZraAvDDNSf,DtfyjjsZ5yCjWKLKHvwsfXs5QVsmm1QkK6Sh9JZHoq1g,e5wrKCRv4GhHvEf1VD5Pq2KGaZDXP77nTL612Jyrxwy,1482.1734409999995,1482.8220590000008,1476.8155541694728,0.996385114803493,0.14768155541694727,0.9987425830878924,1264.923246,693.371984,1952.850820024254
wrmcMSHFi3sWpAEy4rGDvQb3ezh3PhXoV2xNjgLBkKU,8p4mGnARWPBu6P2Gcw4adodLkNDorrXniZMhaY7eJXUn,AyY89zccbsgp9LKFgH4CFZMJmpSgqmPSdTfukhP227rc,0.09943977,0.6652943799999989,34.708471204188484,349.04013961605585,0.013883388481675394,3437.607425232038,27.07601342,0.09628262,9781.597353795798
KwnjUuZhTMTSGAaavkLEmSyfobY16JNH4poL9oeeEvE,J63v6qEZmQpDqCD8bd4PXu2Pq5ZbyXrFcSa3Xt1HdAPQ,BnKQtTdLw9qPCDgZkWX3sURkBAoKCUYL1yahh6Mw7mRK,531.3552480000208,17084.455709000547,15.820779596014516,0.02977439228381141,0.0015820779596014518,1.0,272365.404282,702.389084,8811.903475631154
SoN9GaFpSXfpyR5dth3x7PHPVhvJMpQqqDJfCSmPv1t,9kZ9iS68ViMPtoeqtnhAKuF2iqVyfHPdZHoUNdwCELr,BBhm5fJLjw3HRzjtKB8uMEYjGhY6EDm9co3cqpjrSzB9,3.5567784049999966,3.514713275999997,772.999449717023,217.3313492430023,0.3091997798868092,210.66286967910355,4.298793099,6.534632855,2310.8670138558305
Cob4usZcpHEY7Qt4ZCwj6WVg9S44zvzYV2v9qYF65dTf,NhFM9UXE48PyNAyeyPYA3iXztqKVJwA4bTdLj4ysM8w,6TuFuynuBoeskxyR2cz4wxyidk8dpDK7kAWw3UkjQGx,42.08014300000005,3711.659147999977,0.43668727461077317,0.010377514035795284,0.00017467490984430928,1.0,69142.466887,204.809038,922.3359585893531
Sid7E679i9ABqptiAVhkmQ27YHN8vaYT4fppPwmxFsJ,GP7KB8o1bv527HG8kTzzzf4wJ5aEGHvcMQvVhLziUfmT,9gYxhAZ1M9wu5pxr8SBoa5NDm21gi3s9vMHaYTME77sa,3372.3325229999973,9094.41195500001,34.996428090801395,0.010377514035795284,0.013998571236320558,0.029806793260290593,134395.203491,9174.828625,1668.160330595387
KEN5P7p3asnb23Sw6yAmJRGvijfAzso3RqfyLAQhznt,9zj4aX38Uxf3h6AUjS4EipWS8mwbEofasHAf3a1uKGds,CwQDG1MWunn9cLNwcZLd8YBacweSR7ARo32w4mLua1Yr,98625.93321499974,98637.88348599989,98262.94987814984,0.9963195954145386,9.826294987814984,1.0,2039812.365692,1982796.921142,4015101.9520498263
daob129AwBGn9Y5r91uLoWZeYiGzbPmksauMhFZKTze,6VW5GQNyj4LStgmxEHLr5zUfW92vQnmbw8jTnCH7a38F,4VPCCUifPeBA1c7HWK358CHn2nyjm8pdTRk6Ps3KmnMQ,17.98629513499995,16.189314098999986,3661.3942047265023,203.56578034804457,1.464557681890601,183.9782199224127,49.771004019,221.83747671,50944.93734901889
C98Sspw7XqnMsgxea3SLQVdbMDL8pKUc3RE82UvX9eq2,CSqgQJurPCzGxb4Cgwx5R61hWQUiaoUHcShNc8r1cKEL,6S2CR5EnukPhC914XkAns8m5GixjMAoUuZMsS5ubHuWc,16.943130999999994,16.965986999999927,0.0,0.0,0.0,1.0,961.758259,851.212827,851.212827
BUSDgu5JdqP1rndBvXvanbEufS94FNh1w5FJcAj6vawb,Bgzr8cWubt89JQFXndVjtdKmDbGzuPxNhvjH1EhWCwbo,Dxaf8xPBBQsasRKW5Aa4Sw2YrbfGofY9xZueyyF23FBW,6978.75199676,6977.350407669999,6984.82977654176,1.0008708978030143,2.7939319106167044,1.0,7181.36577038,7707.89206389,14895.512069942066
GokA1R67GqSavkd15zR62QD68Tuc5AEfvjssntVDEbM8,3YB7hfpBdbQEuZqLGWVDpRPmeZWCUsrrWyqGXegnQ6Cg,4DPCj6Z1DsG6HUtwSogBGqXEUxdEV5a8YVrrFtcnz7UW,27521.724372000004,27525.788035999973,27529.01956218398,1.0002650702436144,2.752901956218398,1.0,14095.884726,19576.828312,33676.44943759828
SEQV6QiTpvTzrceiaYg9Avnwf7oc8ZALpnQMz6TyT4A,3dFMPj4r9mMmPHF32mz1gNDX7f8ftidWof7S8YiYTs1j,Fc1ED3YPeQfXQosHbd8DTaBd2AV5gHQtwiSAL5C5pUhi,1600.6825185989996,1600.5093597689988,1597.0791216075056,0.99774883716813,0.6388316486430022,0.9971213107757902,2476.540227534,3128.108979445,5590.0692580558625
BkwbeSfcX1h4thMDd7obGkHrPevf3QwgzJ4pCEqG18Lu,35yX27bmurdebhfAb8EPmjLETDiUaEUCn9zHaDPbakH2,2CxECn1ZJFoESyUnQysQU8rRgT3iJ5GRs2Mdd6gZjx5g,0.05638657999999608,0.0436489800000025,137.17026297223364,2432.6757000024327,0.05486810518889345,1477.1048744460857,0.81439834,22.77451729,35621.51755405597
MARpDPs5A7XiyCWPNH8GsMWPLxmwNn9SBmKvPa9LzgA,6YjT74rmcfCpw8LSjPNx5JTmZoYLGrTKnf9arfSgZ4SR,F8GSmi3vA8M8TsybLya1LQ4n1aFHCRbZ6k437PeTdXtg,67850.20839199991,69392.66441099986,66397.56251920474,0.978590399245311,26.5590250076819,1.0,333441.750527,29458.065424,355760.9611972723
Lid8SLUxQ9RmF7XMqUA8c24RitTwzja8VSKngJxRcUa,4PgzyzLtds9bKZ2to9PMnKqJzKEUpjvNUaeN23phegax,AtymwxoVN9peZo7EXTcDz9jKVc4vRmisJKKrNfe3ewBa,127.83741601001157,109.74488712599998,27433.775516622634,214.59895211331684,2.743377551662264,183.5553833398159,1021.494207796,7671.31309901,1627322.403191376
WiiQFxXqp8P9Fs1rt9SVcDyA3KUdJmUsog6wnVQAwba,3S2jpqSYxho6wiz3cafhjXruVY8cg4HYa2v3BqBHYFSj,Dfe67M6TfrG74gKRtdqys4e6E9QirPD53BkF4FujFjuv,8149.780135656998,8151.890530561999,8160.607703403343,1.0013285717609697,0.8160607703403344,0.9999859021987507,7289.866699583,19444.64734226,26743.925026107703
Lee1XZJfJ9Hm2K1qTyeCz1LXNc1YBZaKZszvNY4KCDw,9DgFSWkPDGijNKcLGbr3p5xoJbHsPgXUTr6QvGBJ5vGN,2hNHZg7XBhuhHVZ3JDEi4buq2fPQwuWBdQ9xkH7t1GQX,1192.8363408180594,1014.2221240430245,258436.4294173635,216.65707236931192,25.843642941736352,183.97757681293805,7253.090934639,56369.727723528,11942199.359707057
KZMu9QBEdL97EFgamLbN5DE1AoKBG4HdrKKJo4Vuon3,DD4ACBWyVqdaKWh7v5btsgqQCCMwbKnuL2xd9pv7Gyuw,GcYqiJ1MAuYbNTNYXm1F1gQYTfTgkErACAhNU5dpVj9T,274.28902890999984,278.5319692100006,270.42911838316377,0.9859275795966941,0.10817164735326552,1.0,2018.50390288,1069.36735553,3059.4660229029587
SQDY9uoDoCbNq7F3HAHYYQZbrUzpKxDtdWLvYcqBLak,GiehZ4X2uQjhEKuxSm3ACmEFrabxh3RTvjbLfLjw1xGX,rxDQYV77NKRKYxCjq4cECX3QQsiSyLv1T1FT2X3zNA2,66.74028033599996,66.63502215100002,66.88396481667687,1.002152889978189,0.026753585926670743,0.9999859021987507,169.928535054,236.570254547,406.861291920696
SRMuKizofcAMicegrfSv7xs9q76tH1w8aAF7oX9FEWu,72Hj2KWntXPfbie4UgKeTPnm1XVkomDfCnRPKbvfTtPi,6aqJQ5wedqpUt4fFEDUqUmXhrdxCu4bEJsQdVPCADLko,298.8301709999996,298.9494960000002,18.47426571435299,0.061821956104803795,0.007389706285741195,0.06185367930735261,17693.037092,5263.647493,1419.394126481262
B2izdXFYb2sNwbWWHmh75T4aQFtfXsUxem9u2p61HGzf,4DYwgJtxwuJdAjkj5RJSNH4e7U329V5cNp7d3a1nLrZv,EXNW64GEf1ACC6xY9BtKRiunrs6GoJSXBdxWN2eTPmrF,4841.694445000012,4768.335830000005,4916.334231299603,1.0154160464166984,0.4916334231299603,1.0,8470.475868,31590.903153,40191.96027015261
SoNcU2iwHMw6dGzsYNQkYFkUjwN1UdAjrWVRnStrZu2,8ivTTid27jZnYNc4w3CTA1Z6QS2twsFb8WMwUabeDJgc,CyXm53PMvHCbeXJBykU46Rcbo28xk5srhMZFg7gv6EYB,50.51094018899999,50.220040864,10927.427351375907,216.33783316026307,4.370970940550363,214.52948107034763,17.817552715,20.949587836,8348.914953676609
BerKDkt6v49dT1bHRedgnpsJS263C1DSJtEGvY9Mg35V,78XKqNb8wbfsMMrvo8WPUpdx7GEkfQutpNVH943aCGFa,DKYQwn4nDvFHCszi5tXbqfVMAP7DaXXp1KGTXEnYnKVH,0.017372119000128805,0.017444000000068627,0.017444094117441605,1.0041431397811784,6.977637646976642e-06,0.9999859021987507,1340.334079689,2225.773353646,3571.629246270263
DFWzVTzNBrQZLjoQ4yQwkj9HuoXmfkuZP9V5vbymZe23,DhgiEgiNdqZdRdo195UUHnoEJUtefK8buko8nU97XJUZ,2K2kkXsouBHtWVjtcgkyiXd8eP3oVBvq1bTJzcVdLLr2,74.92804400100067,82.66811545899236,61.421099979528414,0.8197344638905578,0.024568439991811367,0.9999859021987507,61992.583419374,7025.010348813,57842.36844608456
BSC8REUo9LpiiWUuqMuLXs2D2yJsJfGd4HdiF3wCLxk5,AZjEH1zWVx1UJ6udMyRijGTzPteuLnaY18yNNmprJEsh,Caf8ypkSVR8xYnXNhjvfvdGCC7mrM3C11rz8Xi6NA6aK,111.07281717700016,110.87242825300018,111.27351966659351,1.0018069451616909,0.04450940786663741,0.9999859021987507,2710.771415228,3598.514230042,6314.133129424788
BSCuChvaSj9b5HUSqgDVRzcnr2sSn7cXaamt1jbKH6hn,GnKpRj5kBVPMJfiwZtEuD9GYApLzPdW5JFuZTcyX4BTc,3dmwD9okkomV9nDwyuh4UMhKdUR13QpuKxRo89ycZB5t,40.25483582700008,40.178064882999934,40.34000673205364,1.0021157931290439,0.016136002692821453,0.9993084785328553,1333.155713329,1804.311882755,3139.040557381858
ZUCKWFa4LTL833dPhhpeeRWZcaAEoMeYJPi2iKn4F8N,7eEYpq6ShaJ9opZWMxitRFrdCHh6vfyHhGfoSvFht3N2,H8VggnHmuwd1wvwpT8eg9cUJFEfZ7HAaeYjgXrSm7A2u,0.07425568200005728,0.001457077999930334,0.0744695868028589,1.0028806523223563,2.978783472114356e-05,0.9999859021987507,1690.42965651,2156.703851645,3851.9726434885515
JSoLLrxK5bYdHwTEWYaGgmeycBCNXKDiBCTw5hXGBg7,xG4wXczA7Dk4hccJ61CHKpDHW4NrNfQwgmWgkb9BuF2,BVR6WgfhsRr9Lob4QDnkEAiNGgAbv7ZieKcY9kSg3QYR,12.328755246999965,10.526369293999984,2572.9864342132732,208.69798959139646,1.0291945736853094,184.14649664052337,17.787803679,167.497300964,34556.3200363177
DA1mL7dfBow33EH5yjUuZE6SH2KeUK5zEXzsyhE5r5j5,B4UtLRZND3D83CitRCBUyeiNr7H8m7YFRqBmiPmXjhW4,AAmpYbuixWiSqDaJBCqYEs1pb5SrbdPr9mgXrB58Q2e,36.421590471999934,36.439232172000175,36.41648455311723,0.9998598106558078,0.014566593821246893,0.9999859021987507,1637.764926542,1469.044169565,3106.558788623278
BkMBnJpvHKtWhUvrgRrLesXfi9RUV3ELgdBaJcdH7hcY,5uerVwBnZQsuVhZ15igs7ZgmcqhHnYWbwoRtLyRqLvR,9YWiQh5d4jCtgMdzcGLv9bWgnLaFtzvDDh2nnhJdzhBX,83.49015441799997,83.51750933900007,83.4970148667295,1.0000821707514778,0.0333988059466918,0.9999859021987507,1471.203929156,1401.334086734,2872.639150092997
KysFMBBoavfov2tLpvefWW6tPFt6rAeZWDJVy1mMQae,B8ka2V21TH3x64dFV8ETcjuQcwmrciJ2qzy1mJUttRew,7fSf7EYxBANyxzk2s5pymFgshA91tFYQNKKs5UnLWcYS,52.012157000000116,70.75113899999997,0.0,0.0,0.0,0.02985274239232713,134656.641766,2497.351565,74.55279293302
ALLwa5WNZbvQsRKAqe1jdRGemdYQnW8E5k4msbRFcYtu,CGoM82Hbz7QVqTgvQatYtjvDWBvoUJp5qm21P8iMs9yb,3dxNNww8TivyN5FMy5dCNdi3Zcxv6e4kUfSPxfFwpdNq,5.571605134000001,5.443307714000001,19180.684157256957,3442.577802258331,7.672273662902783,3430.2963776070255,1.576866633,7.01690664,29498.555497086316
STK75uPSyBnEhGTTzb1nwmP3n427XoXmfRhXxxhyady,6TYyD5fUmDe6N65avW1Ny2RxzRNobw2RRgKwH9CTzSAU,54zDfk4cx2vGrEajPtodWpArNe5eUurytyxd4X3aZAxK,187.917959036,210.08774566899808,34646.344051225235,184.36952076830468,3.4646344051225237,206.07904326567692,573.555535308,105.321761431,127450.76700950076
