0,1,2,3,4,5,6,7,8,9,10,11
B2izdXFYb2sNwbWWHmh75T4aQFtfXsUxem9u2p61HGzf,4DYwgJtxwuJdAjkj5RJSNH4e7U329V5cNp7d3a1nLrZv,EXNW64GEf1ACC6xY9BtKRiunrs6GoJSXBdxWN2eTPmrF,5465.837765999979,5360.970305000004,5556.904313896108,1.016661041142239,0.5556904313896108,1.0,7675.90419,32401.293125,40205.085870513474
SoN9GaFpSXfpyR5dth3x7PHPVhvJMpQqqDJfCSmPv1t,9kZ9iS68ViMPtoeqtnhAKuF2iqVyfHPdZHoUNdwCELr,BBhm5fJLjw3HRzjtKB8uMEYjGhY6EDm9co3cqpjrSzB9,0.9885934819999989,0.9708659660000016,228.1296045919748,230.76179313912883,0.09125184183678993,226.96637425075562,4.274562856,6.560763389,2475.4784682549057
ALLwa5WNZbvQsRKAqe1jdRGemdYQnW8E5k4msbRFcYtu,CGoM82Hbz7QVqTgvQatYtjvDWBvoUJp5qm21P8iMs9yb,3dxNNww8TivyN5FMy5dCNdi3Zcxv6e4kUfSPxfFwpdNq,8.122422610000005,8.080409890999999,29656.866547393038,3651.2341171315907,11.862746618957216,3641.3688633831234,1.850517721,6.746896202,31324.61119171245
RoBgmK8CvjdHvPrqdDyVw54VwjZv2TqJ493xnqJAQHx,ExiHJxM7qPAcy27NDHAF6G7vnW7muNHi2sVJpnaNynGQ,6rkPHSqZb7StM4HwS9EuVrmfkV7tRdc7dnsFhyB6cefE,10.606884000000719,0.2454679999999989,0.0,0.0,0.0,0.987529477754911,6078.873309,22.70045,22.41736353330147
HDSBGqAuMRr6X2AfmmbXQPpRgU6VEhtfNVVZ3wUTZXg,DCZ1d8kNLgDcdSd99y4udLgwq46mfDXNS9KXj96kQf5L,Fq8GGYQM5Pz3q7LmVMbrXHJgsxA5ev86kTq8yGgGuYsa,1792.941971888,1794.5286710500004,1782.7146910190866,0.9942958104449171,0.7130858764076347,0.9999464518675562,10959.206085922,10375.844712267,21271.981802194816
MATgk4zXLXtYkwBH678J1xZbRDZ45LicNzkRBHkxTuY,y8dALFo1bJrSzPYjMX14HJX448pXqYmrfXHD1K8MXih,GN7Yuet3UyiWS5YVkEHv6oQKi4HGBJc3XDPt9zQhAqZz,34657.65135600002,34584.699427,34686.406386894756,1.0008296878111955,13.874562554757901,1.0,8216.361495,9343.615564,17566.794073984776
Lee1XZJfJ9Hm2K1qTyeCz1LXNc1YBZaKZszvNY4KCDw,9DgFSWkPDGijNKcLGbr3p5xoJbHsPgXUTr6QvGBJ5vGN,2hNHZg7XBhuhHVZ3JDEi4buq2fPQwuWBdQ9xkH7t1GQX,1389.4660566100265,1180.4631878110185,319808.60652798973,230.16654851450508,31.980860652798977,195.7638273864198,7241.587398494,56383.575940347,12704635.80509268
MARpDPs5A7XiyCWPNH8GsMWPLxmwNn9SBmKvPa9LzgA,6YjT74rmcfCpw8LSjPNx5JTmZoYLGrTKnf9arfSgZ4SR,F8GSmi3vA8M8TsybLya1LQ4n1aFHCRbZ6k437PeTdXtg,298745.15862499963,302680.1446409997,294869.9773822422,0.9870284718232982,117.94799095289689,1.0,322900.439109,39749.137909,358461.06487382826
YAkoNb6HKmSxQN9L8hiBE5tPJRsniSSMzND1boHmZxe,CfWX7o2TswwbxusJ4hCaPobu2jLCb1hfXuXJQjVq3jQF,EnTrdMMpdhugeH6Ban6gYZWXughWxKtVGfCwFn78ZmY3,8964711.058645975,8966710.072688043,8964711.058645975,1.0,896.4711058645976,0.9977331502825579,998737.684219,438990.673545,1436733.2318797149
AURHmCnNwiW4uA2Qj1XvEh4iKgRUZYXtiY7FKAapUV5Y,BKWm4TRnTeKwfWXRyuzjRHU7iZDkPuXBX5b5V5jSVfGJ,A5Ww74HVrkj9nPeC7pHKLfgeDMEhBCpW1efQdz3TGLEg,0.012456780999855255,0.011113218999980745,2.730401185522867,219.18994847501884,0.0010921604742091468,195.8461424870776,289.572371549,1809.852387462,417923.96175507474
BSC8REUo9LpiiWUuqMuLXs2D2yJsJfGd4HdiF3wCLxk5,AZjEH1zWVx1UJ6udMyRijGTzPteuLnaY18yNNmprJEsh,Caf8ypkSVR8xYnXNhjvfvdGCC7mrM3C11rz8Xi6NA6aK,6732.114520626001,6785.996475432999,6728.450401662317,0.9994557253961652,2.691380160664927,0.9999464518675562,3366.766584233,2944.92183937,6309.6982829894705
C98Sspw7XqnMsgxea3SLQVdbMDL8pKUc3RE82UvX9eq2,CSqgQJurPCzGxb4Cgwx5R61hWQUiaoUHcShNc8r1cKEL,6S2CR5EnukPhC914XkAns8m5GixjMAoUuZMsS5ubHuWc,1054.1117790000003,1052.5766369999997,0.0,0.0,0.0,1.0,856.290303,970.186036,970.186036
BkMBnJpvHKtWhUvrgRrLesXfi9RUV3ELgdBaJcdH7hcY,5uerVwBnZQsuVhZ15igs7ZgmcqhHnYWbwoRtLyRqLvR,9YWiQh5d4jCtgMdzcGLv9bWgnLaFtzvDDh2nnhJdzhBX,0.018889295000008133,0.018889295000008133,0.01888983725167628,1.000028706824058,7.555934900670513e-06,0.9999464518675562,1471.203929156,1401.352976029,2872.524098942587
7dwD9TF6uikvHXxPFK9AsSim54yJoujQjY9vU6gNFumk,CquVr6atkvwueDYficKjn6SSEWq4F4rH4VSiBbW4GBWU,8BCa6ge3b7ho3TfZuM64Vk1hgbrJ3J7EPiAb9uP86CGd,0.008236855999999904,0.008321516000000084,1.8795132666931291,228.1833343563553,0.0007518053066772517,230.53442259311112,2.353403428,1.826469246,958.0714742974017
parEAJhzYzHW87y9VoZAQ22dzQ2MD2ekEtTReaxbMcz,3oyc6hpjYSJEquK6dSvG72NXyz3pqLZz5D8AC71pwgQb,Di2vordgFJVZ1aj1aBpvzXtLfZgJsuLLXawGtVFwX6Rz,6.182213552000064,7.243180222000092,1179.749381950623,190.82960690818445,0.47189975278024915,224.19890927230637,1113.189016283,146.15127312,245196.37841405638
JSoLLrxK5bYdHwTEWYaGgmeycBCNXKDiBCTw5hXGBg7,xG4wXczA7Dk4hccJ61CHKpDHW4NrNfQwgmWgkb9BuF2,BVR6WgfhsRr9Lob4QDnkEAiNGgAbv7ZieKcY9kSg3QYR,5.70852457700008,4.893682139000003,1303.44616049594,228.33328348056642,0.521378464198376,195.75585642795673,17.855209942,167.421874857,36850.75121069794
RajgMbScQbqqrdJfR2rxfHJiTiY5b6bJ2tTXiF4aPxy,725ZA3fhyBAKb5iopNRrcbSuQa3LXA1656Q3mBvYPxeg,GLA6i1dSZpUfk2f9Nj8uiG7xyDdAR2reff8oEiZH3617,19633.925732290052,19637.386934469963,19637.41922917092,1.0001779316540411,7.854967691668368,1.0,96878.93493473,84897.58952632,181793.76229018468
wrmcMSHFi3sWpAEy4rGDvQb3ezh3PhXoV2xNjgLBkKU,8p4mGnARWPBu6P2Gcw4adodLkNDorrXniZMhaY7eJXUn,AyY89zccbsgp9LKFgH4CFZMJmpSgqmPSdTfukhP227rc,0.008887009999999987,0.08835384999999718,3.295146459028545,370.7823507601038,0.001318058583611418,3649.102320829076,27.07913591,0.09596932,10390.66753760253
SoNcU2iwHMw6dGzsYNQkYFkUjwN1UdAjrWVRnStrZu2,8ivTTid27jZnYNc4w3CTA1Z6QS2twsFb8WMwUabeDJgc,CyXm53PMvHCbeXJBykU46Rcbo28xk5srhMZFg7gv6EYB,14.343213737000017,14.209170754000006,3306.2089178026467,230.5068430566498,1.3224835671210589,227.90500828092848,16.810288092,21.068394729,8676.479114138328
AUSejoEUCh2DBs9mof6BNC8Pubs22w4cJa1ccV9h44R,4xkyD7AfGQDwsQMy9MosRRNGoVJ1zosNinesxg1TzHG7,Cbm5gsQe3nSiCsFrvepVzMCD9xLK3ri9g3ypS2hdmVJ7,819.3085540000029,818.5921899999994,820.1122640187413,1.0009809613421152,0.08201122640187412,1.0,14087.009834,14775.443045,28876.27169107315
SAMGk1Nd4haC8zQA63DG37pzuEZy8j4q13tSFtCbcRE,9U9TnkHD3jXMAVZtynCVLgDruuqN4pTvLJTmVHCLWS8g,C6zoEbvqSknmi96QWq96UBiPCyNW3YSTvKhavR2BfifE,0.13996316000000064,0.0694923300000001,0.25832946044765637,1.845696113517694,0.00010333178417906254,0.0,53.70217984,1.10365855,99.11790461811626
NorjjEePhxfwLF4vZjUHCrVVKLzQjEEGQFd3wgjEJmh,34M8pFVqgbV7aqHxvRT5tCv3vu2P1JJYT8J3VaxBK2oG,3AZWBSze3ucsY3xSeuLne3b2pauVqiaJ1SZSV5T9WGWw,34.64675199999965,57.75136999999768,20.67467952734365,0.5967277835262554,0.008269871810937461,1.0,38093.983701,2279.212418,25010.95087758303
HEDSDjj84KS7LKhZY7ejkCACTdPen62rKhCby1wXtgxc,EnnjMSFttpCTywBrYNt1J5QQeoSVkvzPipJDa8Y7kJow,6bjVT6JN2rSvpyn9PdfLYC8wJn4LWh49jpY47fnLDXZk,2.96690757799297,2.996930045004774,2.8741888636380604,0.9687490385468526,0.0011496755454552243,0.9999464518675562,39129.023444319,9093.193910822,46998.910828231405
SEQV6QiTpvTzrceiaYg9Avnwf7oc8ZALpnQMz6TyT4A,3dFMPj4r9mMmPHF32mz1gNDX7f8ftidWof7S8YiYTs1j,Fc1ED3YPeQfXQosHbd8DTaBd2AV5gHQtwiSAL5C5pUhi,1313.9172140800001,1311.998063717,1316.9110586100671,1.0022785640510565,0.5267644234440269,0.9997980407957592,1160.816000648,4445.784900445,5608.348027521248
MATSnbbiTCv7Dc3trJrkrqjx7ckKdr6fwPoVwv9q3sD,631WX9JizSHJm4w6VanZeJAst9T8DeUUnPLesdGkCVtK,211maUSfpnXbPuW1iBu8b4dtJv5EbN1j7JJiEX5TZKEP,123341.273487,123448.46534499999,123019.94538964223,0.9973948047699408,49.2079781558569,0.9960456985766507,24688.44776,20406.369672,44949.8062690187
Cob4usZcpHEY7Qt4ZCwj6WVg9S44zvzYV2v9qYF65dTf,NhFM9UXE48PyNAyeyPYA3iXztqKVJwA4bTdLj4ysM8w,6TuFuynuBoeskxyR2cz4wxyidk8dpDK7kAWw3UkjQGx,76.75967200000008,6470.085322000057,0.9845080152838991,0.012825849689455396,0.0003938032061135597,1.0,66587.211941,234.215465,1088.2530365951754
moFiBS1R4Lf3E3zzmBPnw3NF4RhWPkhREFviuzUaCAU,44ALBrpqi9PfZkBRTvbtRNtFJGsatfY4QydjtMbFWq8S,2ho8qEEie1UjVwWNBo9y4oAJZMyMLx8zPj9bxyUz6uWs,405.21258338900225,405.9212603759952,404.4399808846384,0.9980933402958462,0.16177599235385534,0.9999464518675562,38938.512702636,28159.932350857,67022.69464859607
BSCuChvaSj9b5HUSqgDVRzcnr2sSn7cXaamt1jbKH6hn,GnKpRj5kBVPMJfiwZtEuD9GYApLzPdW5JFuZTcyX4BTc,3dmwD9okkomV9nDwyuh4UMhKdUR13QpuKxRo89ycZB5t,1746.9260051379997,1749.9013055259995,1746.8507385802263,0.9999569148564095,0.6987402954320906,0.998929147953394,1587.605568549,1550.343972717,3136.220950035987
BUSDTd9WiT6uBHJRgNvFXBsA7JrifsAtWzKfioN7ERcy,DyBxrn7gSc1EwnpWhDyhzvMHPtxpmBqRqotapLcKcfTM,Cds99GeBgoCpqBsoRWu1C6fF9LiUMd4pXQQD24s9LPff,30615.112617090013,30601.799074399987,30595.190253004865,0.9993492637334273,3.0595190253004865,0.9868950210159294,2855.8957892,2664.39993871,5483.520387744462
KZMu9QBEdL97EFgamLbN5DE1AoKBG4HdrKKJo4Vuon3,DD4ACBWyVqdaKWh7v5btsgqQCCMwbKnuL2xd9pv7Gyuw,GcYqiJ1MAuYbNTNYXm1F1gQYTfTgkErACAhNU5dpVj9T,298.51295108000045,302.3895098200005,295.27412463972223,0.9891501309120414,0.11810964985588891,1.0,1935.49830098,1151.43807057,3065.9364683644008
SAMyS8Jr2HJrkFwYVKbpUwsNStnQmvz3f8Tup8bWUWF,6jPzm5TFfquvgm25sTyN3MMGBfufRaFHMxobDWv6hMFW,Cj9ECoDmxsHTDzCY5ZA6RWrPbg9uFzEC1Qc2kso2vJG6,2590.740173080034,109.20518324001114,2562.6309813612,0.9891501309120414,1.02505239254448,0.03153544505185216,656.59812266,112292.86444826,4190.679575508926
ercAoEmXjQzEvAFbdjAo81KtMxRGn9AW1ju882upmPH,CMRhskR2Eg6V42RTSdRTXGdozyPbWB8U9dVpijPWb9T4,7TKLLgrWswt6ZJ1pXhVR3FyufHGjJFqiEXxvWJfDcgRm,0.13512564200004817,0.13225036000000046,26.340743209929258,194.93519379482294,0.010536297283971702,189.86525832212655,317.55382384,983.341675624,248604.837451801
SQDY9uoDoCbNq7F3HAHYYQZbrUzpKxDtdWLvYcqBLak,GiehZ4X2uQjhEKuxSm3ACmEFrabxh3RTvjbLfLjw1xGX,rxDQYV77NKRKYxCjq4cECX3QQsiSyLv1T1FT2X3zNA2,78.51934396499996,78.32352256200005,78.68423322783602,1.002099982685917,0.03147369329113441,0.9999464518675562,169.928535054,236.601672382,406.8743848397675
KEnkcdADoLR5jS2CLLLesy8TtFsyWL37BhXNfDMzWzP,3qsjFRuw1qeLMPo4DLwaQevenGAGBj9dA3Q6rb8ax2YR,77iEv8zPQAEyCcEbvBRSB6AFcUdfkhiqnAKtPxk76rNN,5.012900999999999,0.05734800000000001,0.06429471473412064,0.012825849689455396,2.5717885893648256e-05,0.9989271522384958,110.178549,0.39182,1.8045331452663835
SUiuyGR7SFq3xeRVJonq84fjjeFwRSsFekcevJ53tzy,49GjCCPsv7fBqo6t3iKDrP1xxGDS8uWZbVCdfnp2gjMf,CEwj5xEbbJEjYqM8D6Ai8ByGz1mrh8mkAVsE5fzDSSSx,17.873489999999947,0.21340899999999996,0.22924269616598345,0.012825849689455396,9.169707846639338e-05,0.9842849071720905,600.642589,2.138022,9.808174349401224
vEnkoSUkpnbRrPgBz9DfcVxNz67zjwMYBZraAvDDNSf,DtfyjjsZ5yCjWKLKHvwsfXs5QVsmm1QkK6Sh9JZHoq1g,e5wrKCRv4GhHvEf1VD5Pq2KGaZDXP77nTL612Jyrxwy,2886.536189,2886.8060050000017,2886.03401908068,0.999826030270733,0.28860340190806805,0.9989840332381967,856.768367,1101.769119,1957.269073435063
DFWzVTzNBrQZLjoQ4yQwkj9HuoXmfkuZP9V5vbymZe23,DhgiEgiNdqZdRdo195UUHnoEJUtefK8buko8nU97XJUZ,2K2kkXsouBHtWVjtcgkyiXd8eP3oVBvq1bTJzcVdLLr2,5981.856086590004,7095.749658432997,4808.356725856289,0.8038235384223902,1.9233426903425157,0.999857479315041,62417.795079227,6682.12731136,56854.067871106505
ALBpShJ9NLpE739pcHDF2LNVk5J4VYPvvKuV6jMPitZi,D6d156U1bPiJpDYRLextvDRccgFk7QzkQbJg42ceKEu5,GNcM8U5g8RwTZffwwm3kSQqUNPSwv5d2fbN9sLxPJqt2,2670.7674180000104,2668.3429419999957,2665.9926252082623,0.9982122019463141,1.066397050083305,0.9992755252441978,45254.736193,54978.069774,100112.0694140401
WiiQFxXqp8P9Fs1rt9SVcDyA3KUdJmUsog6wnVQAwba,3S2jpqSYxho6wiz3cafhjXruVY8cg4HYa2v3BqBHYFSj,Dfe67M6TfrG74gKRtdqys4e6E9QirPD53BkF4FujFjuv,14238.092329211002,14234.381184720001,14247.07592266357,1.0006309548529992,1.424707592266357,0.9999464518675562,9951.278223671,16782.150496938,26738.80887508027
iLiUBQ7Z7im6Ew3b4ewwPcehzWgEQRJ1iQz7g6D62NW,GpugBvKWM3TVhYcZjemSdtehBWgfvuGr6uAm9iPjXT6v,92fMXJ3xy8tEyMUWLHKRLyhPw2nECBo77GtDiBBbYrjX,0.01861840700007633,0.01861840700007633,0.01820805526322672,0.9779598900782472,7.283222105290687e-06,0.9999464518675562,1865.493847277,1097.982585106,2922.301948013773
BSCNHw8CmxbZ8hCWWzMf5FaG2ajPT6JxfznKUNuRVrn4,7n9kgNL633yGzCYksgnzHyjG73ZLBAwvEae5sbAekbzW,SscdxE99omdG9AiMVwmaEMQySQnCgeAh1sPj2Leutm2,3696.8005937190005,3709.903461513997,3694.993841495343,0.9995112659777411,1.4779975365981373,0.9999464518675562,5978.058353012,5691.860833553,11666.692717543068
KEN5P7p3asnb23Sw6yAmJRGvijfAzso3RqfyLAQhznt,9zj4aX38Uxf3h6AUjS4EipWS8mwbEofasHAf3a1uKGds,CwQDG1MWunn9cLNwcZLd8YBacweSR7ARo32w4mLua1Yr,150113.35297699808,150125.33510699985,149966.53573851008,0.9990219575036039,14.996653573851008,1.0,2075600.809009,2010995.373405,4084566.156617235
BkwbeSfcX1h4thMDd7obGkHrPevf3QwgzJ4pCEqG18Lu,35yX27bmurdebhfAb8EPmjLETDiUaEUCn9zHaDPbakH2,2CxECn1ZJFoESyUnQysQU8rRgT3iJ5GRs2Mdd6gZjx5g,0.202754219999992,0.12443473000000249,607.466878389286,2996.0751415645504,0.2429867513557144,1897.5332068311195,0.85883515,22.70312187,45653.06229067568
Sid7E679i9ABqptiAVhkmQ27YHN8vaYT4fppPwmxFsJ,GP7KB8o1bv527HG8kTzzzf4wJ5aEGHvcMQvVhLziUfmT,9gYxhAZ1M9wu5pxr8SBoa5NDm21gi3s9vMHaYTME77sa,4714.776017999997,11657.421620000006,60.47100852631701,0.012825849689455396,0.024188403410526804,0.03125571295828416,130715.061073,10562.067031,2006.6566608373728
oKQqupM9E7SSLAFDLxr7mdsXP7znck9qRbVWc6Yyj7Q,CMR2J7CwfW98RpvnJmFBgRFTLAd3x8CJ1SWs8Bt3uunG,FmRb5jHfSNj1YWP3b45d9vvYuhwjp4om8bALmtqZpr1v,0.001535810000177662,0.001535810000177662,0.0015042782226415826,0.9794689593553684,6.017112890566331e-07,1.0,4105.29902096,1794.35178921,5815.364749112304
GokA1R67GqSavkd15zR62QD68Tuc5AEfvjssntVDEbM8,3YB7hfpBdbQEuZqLGWVDpRPmeZWCUsrrWyqGXegnQ6Cg,4DPCj6Z1DsG6HUtwSogBGqXEUxdEV5a8YVrrFtcnz7UW,55263.445798,55253.89252100003,55274.99827263898,1.0002090436901312,5.527499827263898,1.0,13872.491177,18707.3259,32582.71703374695
KwnjUuZhTMTSGAaavkLEmSyfobY16JNH4poL9oeeEvE,J63v6qEZmQpDqCD8bd4PXu2Pq5ZbyXrFcSa3Xt1HdAPQ,BnKQtTdLw9qPCDgZkWX3sURkBAoKCUYL1yahh6Mw7mRK,471.34170400000096,15131.153949999833,14.80374489986547,0.031407670431525064,0.001480374489986547,1.0,271620.593333,725.310375,9256.280452818159
heyk4SZTeCUV6a65WiVA5bzic3KcxgVf1qxobfeV4tQ,9ZDpBKPqMABtGfq66FbVribaArMvtk63xxy91onZAtDt,DaTP4s6N7xxSPinbNZ3FB52EpRDRt87QShTuN3VPCW52,52.05809739899769,45.47863987599965,11576.379186972625,222.37422736074703,4.63055167478905,194.5412503321792,644.772230267,4482.815672491,1015473.2924643778
KEVpg4SYCVrqFxKijQH6hm4QxsRdoE51ud64bEEFUC9,2bPenuBYfqzD8p5dFjCcggwkHDsc2RQDnx9AoyYGUBjA,AE6n6iLuX8oYu61vt5hoDYkjswpnxFxrhSehxrnQTnbx,167.4576684399999,167.52118912399965,167.4720234719638,1.0000857233478624,0.06698880938878553,0.9999464518675562,3862.168239023,3751.400907005,7613.699343506838
BSCrK1Nx9PXU9mF7STWWBqeHLxmtJDr9h7jheEy4tAWX,FfSySSbVJPvEo5a5AvrP3nySoXpRE2QPn1uUMpJJ1x7v,HL7Vcj6838ZmvBHDbQxXfjBNckNi83WvPiZQoMQLFeRM,0.18764997000000005,0.1875574640000004,682.5894023113104,3637.5673404653903,0.2730357609245242,3634.645440337295,0.879488039,0.923677104,6556.435741393909
DA1mL7dfBow33EH5yjUuZE6SH2KeUK5zEXzsyhE5r5j5,B4UtLRZND3D83CitRCBUyeiNr7H8m7YFRqBmiPmXjhW4,AAmpYbuixWiSqDaJBCqYEs1pb5SrbdPr9mgXrB58Q2e,0.018972768000139695,0.018972768000139695,0.018969110660758747,0.9998072321666022,7.5876442643035e-06,0.9999464518675562,1637.764926542,1469.324503619,3106.6950421813726
Lid8SLUxQ9RmF7XMqUA8c24RitTwzja8VSKngJxRcUa,4PgzyzLtds9bKZ2to9PMnKqJzKEUpjvNUaeN23phegax,AtymwxoVN9peZo7EXTcDz9jKVc4vRmisJKKrNfe3ewBa,207.83360799598972,178.31889915899478,47143.24943116049,226.83169428531573,4.71432494311605,194.75524135043284,1023.892626473,7668.546310678,1725740.8867721776
KysFMBBoavfov2tLpvefWW6tPFt6rAeZWDJVy1mMQae,B8ka2V21TH3x64dFV8ETcjuQcwmrciJ2qzy1mJUttRew,7fSf7EYxBANyxzk2s5pymFgshA91tFYQNKKs5UnLWcYS,7.70750500000031,10.606884000007994,0.0,0.0,0.0,0.031212526435839424,134700.928837,2465.085679,76.94155192239667
SERgf3DMJpQxUifu7VoFKmfne73d2fDJxSrxUMrcNJB,AJfM2GZ2tTB8UtN2krcyR9xufRJEx2mhSCbJyMgPo3GU,F4yRYkufQvERZcEKnKjJwRLU1btiMBUuEwq46hfm11QD,0.00017444599999905108,5.803600000220399e-05,0.03371820061079782,193.2873245071898,1.3487280244319128e-05,194.77405625152653,29.279092344,27.96386623,11105.913077262889
STK75uPSyBnEhGTTzb1nwmP3n427XoXmfRhXxxhyady,6TYyD5fUmDe6N65avW1Ny2RxzRNobw2RRgKwH9CTzSAU,54zDfk4cx2vGrEajPtodWpArNe5eUurytyxd4X3aZAxK,208.21666140699978,232.8628096160029,40575.5936496287,194.8719827483731,4.057559364962871,217.9866923484055,565.423123212,103.647152195,132778.82499041993
SBFjafzbDXgDRsA5SUypY8FXjJ9sBdb4JbuQq2PHQDG,46xwHtnXoQR3wCHUbm2eCAbPYWbioDQ59Te1Db8M5DDL,FC38fiikZwFvDt5zTjNtGfKd7LjaPz2uUAzLwKP5pRJY,11.102429647999998,30.99504100000013,59.31172558976475,5.342229356116588,0.023724690235905902,1.8446815065144928,190.151907523,9570.322953249,18670.032865720535
daob129AwBGn9Y5r91uLoWZeYiGzbPmksauMhFZKTze,6VW5GQNyj4LStgmxEHLr5zUfW92vQnmbw8jTnCH7a38F,4VPCCUifPeBA1c7HWK358CHn2nyjm8pdTRk6Ps3KmnMQ,15.713629765000007,14.132987653000065,3401.030108504812,216.4382233365424,1.360412043401925,194.66493492740557,49.368797428,222.294073356,53958.15612817165
BUSDgu5JdqP1rndBvXvanbEufS94FNh1w5FJcAj6vawb,Bgzr8cWubt89JQFXndVjtdKmDbGzuPxNhvjH1EhWCwbo,Dxaf8xPBBQsasRKW5Aa4Sw2YrbfGofY9xZueyyF23FBW,33187.730327180005,33180.863342029996,33200.98814576637,1.000399479520162,13.28039525830655,1.0,7452.4531421,7450.67949689,14906.109741395238
MNkYtBe2HtgL15osfaMmyqNW3vo4J399FXXCS4a39Wf,2mUxDu8NrhSKhQJMgKfYLxJqZzeEbmwhQdHeHMyohyuk,AZCBmDBcFsA2jHHhfFJBTsWCHx9XnnKmGfFsue3ZVW1t,0.018877949999932753,0.018877949999932753,0.018870101735919763,0.9995842629092133,7.548040694367906e-06,1.0,2195.09800886,1941.17749541,4135.362920609805
FrnkTEL6yZ5Aycq2TrEgu29dCrwKG4LPUZydfiwqspkc,DjvZuMZ46fxKBoBpGMPcRcos4xdTtHFxwMh69DpA2ZFY,9rvDPJLAng4uVVqnnSoEXgNDFhBZQTny9AoQioYDZbQX,6.50207081000039,5.481779545999984,1499.579976881625,230.63113594137172,0.5998319907526499,195.28362701061582,180.74431659,1453.95917286,325619.68785155436
