0,1,2,3,4,5,6,7,8,9,10,11
BerKDkt6v49dT1bHRedgnpsJS263C1DSJtEGvY9Mg35V,78XKqNb8wbfsMMrvo8WPUpdx7GEkfQutpNVH943aCGFa,DKYQwn4nDvFHCszi5tXbqfVMAP7DaXXp1KGTXEnYnKVH,0.019166148000294925,0.019166148000294925,0.019317782294932178,1.0079115685966173,7.727112917972872e-06,0.9983547562876022,1339.340750272,3124.945677553,4469.741416817444
SAMyS8Jr2HJrkFwYVKbpUwsNStnQmvz3f8Tup8bWUWF,6jPzm5TFfquvgm25sTyN3MMGBfufRaFHMxobDWv6hMFW,Cj9ECoDmxsHTDzCY5ZA6RWrPbg9uFzEC1Qc2kso2vJG6,2406.5802854999783,70.64270487999977,2386.6738030444017,0.9917283115067815,0.9546695212177607,0.028917254980989942,621.42066119,113448.19040294,3896.8907120710987
KZMu9QBEdL97EFgamLbN5DE1AoKBG4HdrKKJo4Vuon3,DD4ACBWyVqdaKWh7v5btsgqQCCMwbKnuL2xd9pv7Gyuw,GcYqiJ1MAuYbNTNYXm1F1gQYTfTgkErACAhNU5dpVj9T,105.09647702000007,105.90428646000032,104.22715170035593,0.9917283115067815,0.041690860680142376,1.0,1859.29342132,1227.25427458,3071.168199901351
ZUCKWFa4LTL833dPhhpeeRWZcaAEoMeYJPi2iKn4F8N,7eEYpq6ShaJ9opZWMxitRFrdCHh6vfyHhGfoSvFht3N2,H8VggnHmuwd1wvwpT8eg9cUJFEfZ7HAaeYjgXrSm7A2u,0.0015719849998276914,0.0015719849998276914,0.0015766820808011497,1.0029879935075545,6.306728323204599e-07,0.9992325104925734,1680.954963462,2166.242773699,3850.5578510789633
7dwD9TF6uikvHXxPFK9AsSim54yJoujQjY9vU6gNFumk,CquVr6atkvwueDYficKjn6SSEWq4F4rH4VSiBbW4GBWU,8BCa6ge3b7ho3TfZuM64Vk1hgbrJ3J7EPiAb9uP86CGd,0.09949302900000001,0.09993467900000086,22.822700383012393,229.38994432476662,0.009129080153204957,230.42764836833032,0.003938223,0.0035697,1.7259463310889442
SoNcU2iwHMw6dGzsYNQkYFkUjwN1UdAjrWVRnStrZu2,8ivTTid27jZnYNc4w3CTA1Z6QS2twsFb8WMwUabeDJgc,CyXm53PMvHCbeXJBykU46Rcbo28xk5srhMZFg7gv6EYB,140.92927934900007,135.8219034350001,32432.614897032327,230.1339724920863,12.973045958812932,225.01040110579112,14.265442603,23.859406918,8651.577696351706
NorjjEePhxfwLF4vZjUHCrVVKLzQjEEGQFd3wgjEJmh,34M8pFVqgbV7aqHxvRT5tCv3vu2P1JJYT8J3VaxBK2oG,3AZWBSze3ucsY3xSeuLne3b2pauVqiaJ1SZSV5T9WGWw,1033.3341649999993,1534.7448359999971,615.4590268409403,0.5956050304800874,0.24618361073637612,1.0,38104.416915,2273.801724,24968.984122084534
daob129AwBGn9Y5r91uLoWZeYiGzbPmksauMhFZKTze,6VW5GQNyj4LStgmxEHLr5zUfW92vQnmbw8jTnCH7a38F,4VPCCUifPeBA1c7HWK358CHn2nyjm8pdTRk6Ps3KmnMQ,55.756942640999995,50.092829261999995,12143.354903562187,217.79090330955057,4.857341961424875,195.57059971528832,48.598544647,223.294108125,54254.083577096346
GokA1R67GqSavkd15zR62QD68Tuc5AEfvjssntVDEbM8,3YB7hfpBdbQEuZqLGWVDpRPmeZWCUsrrWyqGXegnQ6Cg,4DPCj6Z1DsG6HUtwSogBGqXEUxdEV5a8YVrrFtcnz7UW,55554.74869600004,55575.647540000005,55552.359944522424,0.9999570018489204,5.555235994452242,1.0,18553.303181,14034.603144,32587.108567266798
RajgMbScQbqqrdJfR2rxfHJiTiY5b6bJ2tTXiF4aPxy,725ZA3fhyBAKb5iopNRrcbSuQa3LXA1656Q3mBvYPxeg,GLA6i1dSZpUfk2f9Nj8uiG7xyDdAR2reff8oEiZH3617,27945.173732230003,27942.07888853,27964.592624994726,1.000694892540329,11.185837049997891,1.0,81076.32764101,100718.13965714,181850.806633425
BSC8REUo9LpiiWUuqMuLXs2D2yJsJfGd4HdiF3wCLxk5,AZjEH1zWVx1UJ6udMyRijGTzPteuLnaY18yNNmprJEsh,Caf8ypkSVR8xYnXNhjvfvdGCC7mrM3C11rz8Xi6NA6aK,3191.395631575,3194.768988036,3187.652954051548,0.9988272599340481,1.2750611816206194,0.9999608205350906,3527.255407107,2804.6298222,6327.638791672537
BUSDgu5JdqP1rndBvXvanbEufS94FNh1w5FJcAj6vawb,Bgzr8cWubt89JQFXndVjtdKmDbGzuPxNhvjH1EhWCwbo,Dxaf8xPBBQsasRKW5Aa4Sw2YrbfGofY9xZueyyF23FBW,21519.092036010014,21517.178525649986,21592.22078528783,1.0033983194623382,8.636888314115133,1.0,5894.61792137,9040.05806167,14954.70777784524
RoBgmK8CvjdHvPrqdDyVw54VwjZv2TqJ493xnqJAQHx,ExiHJxM7qPAcy27NDHAF6G7vnW7muNHi2sVJpnaNynGQ,6rkPHSqZb7StM4HwS9EuVrmfkV7tRdc7dnsFhyB6cefE,20.47473799999989,0.4533699999999996,0.0,0.0,0.0,0.9506064869386669,6099.604594,22.225149,21.127370812578423
iLiUBQ7Z7im6Ew3b4ewwPcehzWgEQRJ1iQz7g6D62NW,GpugBvKWM3TVhYcZjemSdtehBWgfvuGr6uAm9iPjXT6v,92fMXJ3xy8tEyMUWLHKRLyhPw2nECBo77GtDiBBbYrjX,0.0015833390000352665,0.0015833390000352665,0.0015485251732300957,0.9780123986054815,6.194100692920383e-07,0.999822193620731,1865.493847277,1097.985623022,2922.266506333028
CZgvH45CRmoaNJ7395Ao5CQZXkGznvqU7cErD6n7FaRg,4ZjU6MKvtqVQKCiowhvZ5yUsPxXX5SCzd5eFsPeXyey5,BsyWeshjDbCvjDojry3vKDCesmFRM37WtwcR4Kfgzqr,0.003203540000185967,6.0459999986051116e-05,0.003271886135194289,1.0213345658254163,1.3087544540777155e-06,1.0,340.06386099,767.35484708,1114.6738228971365
YAkoNb6HKmSxQN9L8hiBE5tPJRsniSSMzND1boHmZxe,CfWX7o2TswwbxusJ4hCaPobu2jLCb1hfXuXJQjVq3jQF,EnTrdMMpdhugeH6Ban6gYZWXughWxKtVGfCwFn78ZmY3,9265038.924487002,9268879.736613926,9265038.924487002,1.0,926.5038924487003,0.9905354339288103,1176061.22092,218472.99662,1392466.4654287193
ALBpShJ9NLpE739pcHDF2LNVk5J4VYPvvKuV6jMPitZi,D6d156U1bPiJpDYRLextvDRccgFk7QzkQbJg42ceKEu5,GNcM8U5g8RwTZffwwm3kSQqUNPSwv5d2fbN9sLxPJqt2,1663.5009669999781,1664.6791770000127,1661.8640309295126,0.9990159692702688,0.6647456123718051,1.000511261254501,53214.181093,47049.050097,100234.92115692268
MATgk4zXLXtYkwBH678J1xZbRDZ45LicNzkRBHkxTuY,y8dALFo1bJrSzPYjMX14HJX448pXqYmrfXHD1K8MXih,GN7Yuet3UyiWS5YVkEHv6oQKi4HGBJc3XDPt9zQhAqZz,18135.857205000022,18120.602505000006,18158.17360035486,1.0012305122996163,7.263269440141944,1.0,7200.38843,9187.797565,16397.04616152513
ercAoEmXjQzEvAFbdjAo81KtMxRGn9AW1ju882upmPH,CMRhskR2Eg6V42RTSdRTXGdozyPbWB8U9dVpijPWb9T4,7TKLLgrWswt6ZJ1pXhVR3FyufHGjJFqiEXxvWJfDcgRm,1.6757059840001602,1.6380959209999446,327.94837077353037,195.70758468658605,0.13117934830941216,187.57661332300412,318.298050589,983.915148064,246852.81396226925
BSCrK1Nx9PXU9mF7STWWBqeHLxmtJDr9h7jheEy4tAWX,FfSySSbVJPvEo5a5AvrP3nySoXpRE2QPn1uUMpJJ1x7v,HL7Vcj6838ZmvBHDbQxXfjBNckNi83WvPiZQoMQLFeRM,0.011117735000000017,0.01111488000000005,39.27778798391833,3532.8947833275633,0.015711115193567333,3526.4661282928373,0.874714416,0.92868505,6365.250369864756
MNkYtBe2HtgL15osfaMmyqNW3vo4J399FXXCS4a39Wf,2mUxDu8NrhSKhQJMgKfYLxJqZzeEbmwhQdHeHMyohyuk,AZCBmDBcFsA2jHHhfFJBTsWCHx9XnnKmGfFsue3ZVW1t,0.1677495800001907,0.018134480000071562,0.16767989223697702,0.999584572651606,6.707195689479082e-05,1.0,2195.09800886,1941.27043744,4135.456542554714
FrnkTEL6yZ5Aycq2TrEgu29dCrwKG4LPUZydfiwqspkc,DjvZuMZ46fxKBoBpGMPcRcos4xdTtHFxwMh69DpA2ZFY,9rvDPJLAng4uVVqnnSoEXgNDFhBZQTny9AoQioYDZbQX,125.32333374099949,105.35712950799987,29104.012666132418,232.23139536233904,11.641605066452966,195.7831826553329,180.100732812,1454.819154733,326654.16878827853
MARpDPs5A7XiyCWPNH8GsMWPLxmwNn9SBmKvPa9LzgA,6YjT74rmcfCpw8LSjPNx5JTmZoYLGrTKnf9arfSgZ4SR,F8GSmi3vA8M8TsybLya1LQ4n1aFHCRbZ6k437PeTdXtg,72815.15296999997,76734.50685599941,69161.02995246166,0.9498164479714295,27.664411980984664,1.0,345095.058762,17788.268195,345565.23112081457
DFWzVTzNBrQZLjoQ4yQwkj9HuoXmfkuZP9V5vbymZe23,DhgiEgiNdqZdRdo195UUHnoEJUtefK8buko8nU97XJUZ,2K2kkXsouBHtWVjtcgkyiXd8eP3oVBvq1bTJzcVdLLr2,55.71674735399847,53.60779720700339,47.46291198043474,0.8518607821608344,0.018985164792173895,0.9999608205350906,60949.271284826,7901.368326529,59821.352663970676
AyiATPCAx5HZstcZ1jdH9rENwFb3yd9zEhkgspvDrCs4,DvHVapj4g2Y1tJVSw2ubSPkPBsJPb8fW387ZWXwaKmZq,DKjqWWgrtDRPKrnMWtZ4UiJk4sGQVCQgFjSo7BvfngvK,0.010579549999999993,0.010480639999999986,28.031981134575112,2649.6383243687237,0.011212792453830044,2733.285956376756,0.84455258,0.31858958,3108.5553077744516
KEN5P7p3asnb23Sw6yAmJRGvijfAzso3RqfyLAQhznt,9zj4aX38Uxf3h6AUjS4EipWS8mwbEofasHAf3a1uKGds,CwQDG1MWunn9cLNwcZLd8YBacweSR7ARo32w4mLua1Yr,303433.8144580028,303453.22094299947,303251.56027028034,0.9993993609840485,30.325156027028036,1.0,2140406.97516,2086865.657099,4225987.020319704
Lid8SLUxQ9RmF7XMqUA8c24RitTwzja8VSKngJxRcUa,4PgzyzLtds9bKZ2to9PMnKqJzKEUpjvNUaeN23phegax,AtymwxoVN9peZo7EXTcDz9jKVc4vRmisJKKrNfe3ewBa,150.4967592650055,128.26523388699945,34573.12056929154,229.72667809020862,3.457312056929154,195.81308544441055,997.139343777,7664.384820588,1729856.348791582
SRMuKizofcAMicegrfSv7xs9q76tH1w8aAF7oX9FEWu,72Hj2KWntXPfbie4UgKeTPnm1XVkomDfCnRPKbvfTtPi,6aqJQ5wedqpUt4fFEDUqUmXhrdxCu4bEJsQdVPCADLko,0.026695999999901687,0.026695999999901687,0.0018445511051001456,0.06909466231296593,7.378204420400583e-07,0.06884521379123845,17693.037092,5263.745765,1584.8781256966718
SoN9GaFpSXfpyR5dth3x7PHPVhvJMpQqqDJfCSmPv1t,9kZ9iS68ViMPtoeqtnhAKuF2iqVyfHPdZHoUNdwCELr,BBhm5fJLjw3HRzjtKB8uMEYjGhY6EDm9co3cqpjrSzB9,23.557196367000007,22.384874220000007,5448.806663462376,231.30115224982003,2.1795226653849507,221.54257882208026,3.236540554,6.380611266,2162.192633774329
vEnkoSUkpnbRrPgBz9DfcVxNz67zjwMYBZraAvDDNSf,DtfyjjsZ5yCjWKLKHvwsfXs5QVsmm1QkK6Sh9JZHoq1g,e5wrKCRv4GhHvEf1VD5Pq2KGaZDXP77nTL612Jyrxwy,5142.600900999996,5147.873529999998,5114.669689823869,0.9945686605447651,0.5114669689823869,0.9985112197713211,1232.963443,727.415001,1952.5988399336386
C98Sspw7XqnMsgxea3SLQVdbMDL8pKUc3RE82UvX9eq2,CSqgQJurPCzGxb4Cgwx5R61hWQUiaoUHcShNc8r1cKEL,6S2CR5EnukPhC914XkAns8m5GixjMAoUuZMsS5ubHuWc,97.90340300000014,97.80979000000025,0.0,0.0,0.0,1.0,878.613846,989.675635,989.675635
Lee1XZJfJ9Hm2K1qTyeCz1LXNc1YBZaKZszvNY4KCDw,9DgFSWkPDGijNKcLGbr3p5xoJbHsPgXUTr6QvGBJ5vGN,2hNHZg7XBhuhHVZ3JDEi4buq2fPQwuWBdQ9xkH7t1GQX,1427.620283363015,1211.5007710819937,329361.2483626796,230.70647860704966,32.93612483626796,195.84633426582303,7218.097995149,56411.398663444,12713227.609744886
KwnjUuZhTMTSGAaavkLEmSyfobY16JNH4poL9oeeEvE,J63v6qEZmQpDqCD8bd4PXu2Pq5ZbyXrFcSa3Xt1HdAPQ,BnKQtTdLw9qPCDgZkWX3sURkBAoKCUYL1yahh6Mw7mRK,508.8512099999923,14793.372255999713,14.52738421829333,0.02854937540247482,0.001452738421829333,1.0,272734.331211,691.813772,8478.208578885744
BUSDTd9WiT6uBHJRgNvFXBsA7JrifsAtWzKfioN7ERcy,DyBxrn7gSc1EwnpWhDyhzvMHPtxpmBqRqotapLcKcfTM,Cds99GeBgoCpqBsoRWu1C6fF9LiUMd4pXQQD24s9LPff,27283.463752640004,27340.20250311,27185.309290475092,0.996402419316887,2.7185309290475095,0.9989830352700951,3570.63521787,1961.91190035,5517.7062747279115
Cob4usZcpHEY7Qt4ZCwj6WVg9S44zvzYV2v9qYF65dTf,NhFM9UXE48PyNAyeyPYA3iXztqKVJwA4bTdLj4ysM8w,6TuFuynuBoeskxyR2cz4wxyidk8dpDK7kAWw3UkjQGx,24.967558000000025,2130.8688099999563,0.2882343058531131,0.011544353110268647,0.00011529372234124526,1.0,67834.321186,219.13763,1002.2409867665615
SAMGk1Nd4haC8zQA63DG37pzuEZy8j4q13tSFtCbcRE,9U9TnkHD3jXMAVZtynCVLgDruuqN4pTvLJTmVHCLWS8g,C6zoEbvqSknmi96QWq96UBiPCyNW3YSTvKhavR2BfifE,0.11343345999999999,0.23302900000000193,0.21934895395224088,1.9337235587474888,8.773958158089636e-05,0.0,53.92977478,0.99301665,104.28527601003218
SEQV6QiTpvTzrceiaYg9Avnwf7oc8ZALpnQMz6TyT4A,3dFMPj4r9mMmPHF32mz1gNDX7f8ftidWof7S8YiYTs1j,Fc1ED3YPeQfXQosHbd8DTaBd2AV5gHQtwiSAL5C5pUhi,97.20842852200008,97.5218348240005,96.64934597942953,0.9942486207104559,0.038659738391771815,0.9974793696329376,4517.968748555,1093.0293815,5582.258455112654
MATSnbbiTCv7Dc3trJrkrqjx7ckKdr6fwPoVwv9q3sD,631WX9JizSHJm4w6VanZeJAst9T8DeUUnPLesdGkCVtK,211maUSfpnXbPuW1iBu8b4dtJv5EbN1j7JJiEX5TZKEP,198519.09941200004,198731.19957499992,198570.72780122835,1.0002600676175806,79.42829112049135,1.0001970388166468,27210.718315,24131.154417,51353.70413279548
BSCNHw8CmxbZ8hCWWzMf5FaG2ajPT6JxfznKUNuRVrn4,7n9kgNL633yGzCYksgnzHyjG73ZLBAwvEae5sbAekbzW,SscdxE99omdG9AiMVwmaEMQySQnCgeAh1sPj2Leutm2,2114.3282337279998,2111.864421785999,2119.5711200677542,1.002479693671077,0.8478284480271018,0.9999608205350906,4961.056210755,6723.226893752,11696.321591762506
B2izdXFYb2sNwbWWHmh75T4aQFtfXsUxem9u2p61HGzf,4DYwgJtxwuJdAjkj5RJSNH4e7U329V5cNp7d3a1nLrZv,EXNW64GEf1ACC6xY9BtKRiunrs6GoJSXBdxWN2eTPmrF,6153.935486000043,6034.0439149999975,6198.184323888281,1.007190331778567,0.6198184323888281,1.0,7503.045944,32322.888293,39879.883626687195
SUiuyGR7SFq3xeRVJonq84fjjeFwRSsFekcevJ53tzy,49GjCCPsv7fBqo6t3iKDrP1xxGDS8uWZbVCdfnp2gjMf,CEwj5xEbbJEjYqM8D6Ai8ByGz1mrh8mkAVsE5fzDSSSx,5.919505000000072,0.07179499999999983,0.06833685595800164,0.011544353110268647,2.733474238320066e-05,0.9468836166409115,604.795992,2.085296,8.956511109570037
JSoLLrxK5bYdHwTEWYaGgmeycBCNXKDiBCTw5hXGBg7,xG4wXczA7Dk4hccJ61CHKpDHW4NrNfQwgmWgkb9BuF2,BVR6WgfhsRr9Lob4QDnkEAiNGgAbv7ZieKcY9kSg3QYR,404.3344951669999,378.8590669469997,91323.55575569383,225.86140150613417,36.52942230227753,195.84633426582303,18.400094157,167.165621108,36894.64516341614
WiiQFxXqp8P9Fs1rt9SVcDyA3KUdJmUsog6wnVQAwba,3S2jpqSYxho6wiz3cafhjXruVY8cg4HYa2v3BqBHYFSj,Dfe67M6TfrG74gKRtdqys4e6E9QirPD53BkF4FujFjuv,68545.169075397,68293.763874587,68758.54230283473,1.0031128849825,6.875854230283473,0.9999608205350906,5092.802209536,21663.239844638,26771.046607545588
wrmcMSHFi3sWpAEy4rGDvQb3ezh3PhXoV2xNjgLBkKU,8p4mGnARWPBu6P2Gcw4adodLkNDorrXniZMhaY7eJXUn,AyY89zccbsgp9LKFgH4CFZMJmpSgqmPSdTfukhP227rc,0.025254860000000434,0.19024085999999224,8.867577247191164,351.12359550561797,0.0035470308988764655,3526.093088857546,27.08785884,0.09510366,9846.530748700496
KysFMBBoavfov2tLpvefWW6tPFt6rAeZWDJVy1mMQae,B8ka2V21TH3x64dFV8ETcjuQcwmrciJ2qzy1mJUttRew,7fSf7EYxBANyxzk2s5pymFgshA91tFYQNKKs5UnLWcYS,14.938771999999972,20.474737999989884,0.0,0.0,0.0,0.028790070235679546,134680.197552,2480.200776,71.40515453962692
STK75uPSyBnEhGTTzb1nwmP3n427XoXmfRhXxxhyady,6TYyD5fUmDe6N65avW1Ny2RxzRNobw2RRgKwH9CTzSAU,54zDfk4cx2vGrEajPtodWpArNe5eUurytyxd4X3aZAxK,941.5111169650003,1052.6164551949996,184725.74818243983,196.20134574503047,18.472574818243984,219.307287230263,592.430239003,108.499275175,140030.2918575177
HDSBGqAuMRr6X2AfmmbXQPpRgU6VEhtfNVVZ3wUTZXg,DCZ1d8kNLgDcdSd99y4udLgwq46mfDXNS9KXj96kQf5L,Fq8GGYQM5Pz3q7LmVMbrXHJgsxA5ev86kTq8yGgGuYsa,152.18227072400077,152.98139476699907,150.6878406401149,0.9901799987818806,0.06027513625604596,0.9999608205350906,10978.315779022,10356.941303198,21227.044228478746
ACUSESXyNnwRLAg1dpSGMLSzUDdLjUMybY8rkXiAKhCP,AhFPQdu8GKBsxuhiH46UmCu1YpaLgNpoP325HnYtsgas,A8wxWpT3aFEr2XqZp1kDmbxbFfcBE95UUmdsNTDBJYbT,0.0,0.003012212000157888,0.0,0.9999608205350906,0.0,0.9876959690782261,1040.127502244,1845.791608762,2863.1676823376656
AURHmCnNwiW4uA2Qj1XvEh4iKgRUZYXtiY7FKAapUV5Y,BKWm4TRnTeKwfWXRyuzjRHU7iZDkPuXBX5b5V5jSVfGJ,A5Ww74HVrkj9nPeC7pHKLfgeDMEhBCpW1efQdz3TGLEg,0.00921329999982845,0.00822270200001185,2.018389463931297,219.07345511042504,0.0008073557855725189,195.08198320344124,289.906381708,1809.478097586,416507.36853960017
DA1mL7dfBow33EH5yjUuZE6SH2KeUK5zEXzsyhE5r5j5,B4UtLRZND3D83CitRCBUyeiNr7H8m7YFRqBmiPmXjhW4,AAmpYbuixWiSqDaJBCqYEs1pb5SrbdPr9mgXrB58Q2e,0.039567083999827446,0.039567083999827446,0.03956198809926436,0.9998712085893641,1.5824795239705744e-05,0.9999608205350906,1636.322930958,1471.070963471,3107.1255143172734
7oAd7xG4m3oC2qeWB1szghTebAZyyGPAFDJ4wwwbRSNi,D9yh4KAysxt9GLacVe4Wwh2XqghhcjTCSTV9HuM7TBJd,HDYfJLpZKaMFb84jM4mRytn7XLR8UFZUnQpSfhJJaNEy,0.837657493017673,0.8376732550177621,0.8376246740453193,0.9999608205350906,0.0003350498696181277,0.02411198041753072,991.914027934,300059.904035883,8226.913695472507
Sid7E679i9ABqptiAVhkmQ27YHN8vaYT4fppPwmxFsJ,GP7KB8o1bv527HG8kTzzzf4wJ5aEGHvcMQvVhLziUfmT,9gYxhAZ1M9wu5pxr8SBoa5NDm21gi3s9vMHaYTME77sa,1679.2496259999916,3790.395890000007,19.43983360031241,0.011576500181583193,0.007775933440124966,0.028643671183716322,131017.544359,10442.130719,1815.825584834967
HEDSDjj84KS7LKhZY7ejkCACTdPen62rKhCby1wXtgxc,EnnjMSFttpCTywBrYNt1J5QQeoSVkvzPipJDa8Y7kJow,6bjVT6JN2rSvpyn9PdfLYC8wJn4LWh49jpY47fnLDXZk,48.321393434998754,49.873773824001546,46.787495298835914,0.9682563347800345,0.018714998119534365,0.9999608205350906,39087.891409068,9133.055781464,46979.79642324967
BkMBnJpvHKtWhUvrgRrLesXfi9RUV3ELgdBaJcdH7hcY,5uerVwBnZQsuVhZ15igs7ZgmcqhHnYWbwoRtLyRqLvR,9YWiQh5d4jCtgMdzcGLv9bWgnLaFtzvDDh2nnhJdzhBX,0.056806211000093754,0.01815756699988924,0.05681037809813764,1.000073356380764,2.272415123925506e-05,0.9999608205350906,1472.204326323,1400.427550652,2872.6850045540455
parEAJhzYzHW87y9VoZAQ22dzQ2MD2ekEtTReaxbMcz,3oyc6hpjYSJEquK6dSvG72NXyz3pqLZz5D8AC71pwgQb,Di2vordgFJVZ1aj1aBpvzXtLfZgJsuLLXawGtVFwX6Rz,5.00126695900002,5.820939187000079,957.4945573523213,191.45039950912116,0.38299782294092855,223.53506851685154,1114.413731376,145.114786751,245793.1978895787
heyk4SZTeCUV6a65WiVA5bzic3KcxgVf1qxobfeV4tQ,9ZDpBKPqMABtGfq66FbVribaArMvtk63xxy91onZAtDt,DaTP4s6N7xxSPinbNZ3FB52EpRDRt87QShTuN3VPCW52,56.3210033739997,49.08371536800007,12645.674900129621,224.52857979386482,5.058269960051849,196.6738518180531,639.121955921,4489.383104696,1026445.4125654716
AUSejoEUCh2DBs9mof6BNC8Pubs22w4cJa1ccV9h44R,4xkyD7AfGQDwsQMy9MosRRNGoVJ1zosNinesxg1TzHG7,Cbm5gsQe3nSiCsFrvepVzMCD9xLK3ri9g3ypS2hdmVJ7,19304.857462,19313.68684999999,19298.81693230019,0.9996870979383453,1.9298816932300191,1.0,14586.877927,14281.692231,28864.005893823538
KEVpg4SYCVrqFxKijQH6hm4QxsRdoE51ud64bEEFUC9,2bPenuBYfqzD8p5dFjCcggwkHDsc2RQDnx9AoyYGUBjA,AE6n6iLuX8oYu61vt5hoDYkjswpnxFxrhSehxrnQTnbx,9521.382215545002,9528.926886707999,9494.748752178482,0.9972027734247412,3.7978995008713934,0.9999608205350906,6150.031495471,1473.620150528,7606.390878812213
moFiBS1R4Lf3E3zzmBPnw3NF4RhWPkhREFviuzUaCAU,44ALBrpqi9PfZkBRTvbtRNtFJGsatfY4QydjtMbFWq8S,2ho8qEEie1UjVwWNBo9y4oAJZMyMLx8zPj9bxyUz6uWs,1315.8158024939985,1324.0354079200042,1307.4637047361882,0.9936525327162208,0.5229854818944754,0.9999608205350906,47919.391652671,19215.572526967,66830.04455301454
BSCuChvaSj9b5HUSqgDVRzcnr2sSn7cXaamt1jbKH6hn,GnKpRj5kBVPMJfiwZtEuD9GYApLzPdW5JFuZTcyX4BTc,3dmwD9okkomV9nDwyuh4UMhKdUR13QpuKxRo89ycZB5t,780.3129499609997,782.3074962079997,780.4615537431403,1.0001904412609683,0.3121846214972561,1.000010000100001,1679.109850429,1464.14937349,3143.5936373563713
ALLwa5WNZbvQsRKAqe1jdRGemdYQnW8E5k4msbRFcYtu,CGoM82Hbz7QVqTgvQatYtjvDWBvoUJp5qm21P8iMs9yb,3dxNNww8TivyN5FMy5dCNdi3Zcxv6e4kUfSPxfFwpdNq,13.054717429,12.94149187100001,46157.470667892376,3535.6928190078847,18.462988267156952,3542.293209778146,4.635087795,3.978916675,30482.73615237813
BkwbeSfcX1h4thMDd7obGkHrPevf3QwgzJ4pCEqG18Lu,35yX27bmurdebhfAb8EPmjLETDiUaEUCn9zHaDPbakH2,2CxECn1ZJFoESyUnQysQU8rRgT3iJ5GRs2Mdd6gZjx5g,0.023486749999999,0.014032029999999307,56.99975731100351,2426.889940541196,0.022799902924401406,1587.3015873015872,0.80056449,22.79752604,38129.43117737676
