0,1,2,3,4,5,6,7,8,9,10,11
STK75uPSyBnEhGTTzb1nwmP3n427XoXmfRhXxxhyady,6TYyD5fUmDe6N65avW1Ny2RxzRNobw2RRgKwH9CTzSAU,54zDfk4cx2vGrEajPtodWpArNe5eUurytyxd4X3aZAxK,489.56555546999857,547.4269006249996,91082.48912133233,186.0475846465347,9.108248912133234,208.28304165723318,581.817821184,106.214113549,130368.39897250508
daob129AwBGn9Y5r91uLoWZeYiGzbPmksauMhFZKTze,6VW5GQNyj4LStgmxEHLr5zUfW92vQnmbw8jTnCH7a38F,4VPCCUifPeBA1c7HWK358CHn2nyjm8pdTRk6Ps3KmnMQ,42.27615061400023,37.97852445800008,8616.64750381858,203.81816647623256,3.446659001527432,186.19155051572267,49.41325926,222.272682939,51456.615375689944
Cob4usZcpHEY7Qt4ZCwj6WVg9S44zvzYV2v9qYF65dTf,NhFM9UXE48PyNAyeyPYA3iXztqKVJwA4bTdLj4ysM8w,6TuFuynuBoeskxyR2cz4wxyidk8dpDK7kAWw3UkjQGx,37.00236800000002,3103.8749010000174,0.4167442014684655,0.011262635987741793,0.00016669768058738622,1.0,68132.570973,215.730932,983.0832777778817
Lee1XZJfJ9Hm2K1qTyeCz1LXNc1YBZaKZszvNY4KCDw,9DgFSWkPDGijNKcLGbr3p5xoJbHsPgXUTr6QvGBJ5vGN,2hNHZg7XBhuhHVZ3JDEi4buq2fPQwuWBdQ9xkH7t1GQX,1426.9115385518235,1211.4612606030014,313001.63454274327,219.35601898657958,31.30016345427433,186.18780652331324,7228.004128908,56399.399466905,12086386.686910983
BSC8REUo9LpiiWUuqMuLXs2D2yJsJfGd4HdiF3wCLxk5,AZjEH1zWVx1UJ6udMyRijGTzPteuLnaY18yNNmprJEsh,Caf8ypkSVR8xYnXNhjvfvdGCC7mrM3C11rz8Xi6NA6aK,12732.177399143999,12658.511585023001,12734.314000549954,1.0001678111558592,5.093725600219982,1.0,3157.803216268,3161.352196657,6319.685327532698
MARpDPs5A7XiyCWPNH8GsMWPLxmwNn9SBmKvPa9LzgA,6YjT74rmcfCpw8LSjPNx5JTmZoYLGrTKnf9arfSgZ4SR,F8GSmi3vA8M8TsybLya1LQ4n1aFHCRbZ6k437PeTdXtg,104586.90901199993,106520.48950700101,102313.30279723968,0.9782610822306701,40.92532111889587,1.0,335421.214433,27472.105009,355601.62524335226
C98Sspw7XqnMsgxea3SLQVdbMDL8pKUc3RE82UvX9eq2,CSqgQJurPCzGxb4Cgwx5R61hWQUiaoUHcShNc8r1cKEL,6S2CR5EnukPhC914XkAns8m5GixjMAoUuZMsS5ubHuWc,293.36781199999973,293.06081200000006,0.0,0.0,0.0,1.0,881.932841,957.164515,957.164515
SAMyS8Jr2HJrkFwYVKbpUwsNStnQmvz3f8Tup8bWUWF,6jPzm5TFfquvgm25sTyN3MMGBfufRaFHMxobDWv6hMFW,Cj9ECoDmxsHTDzCY5ZA6RWrPbg9uFzEC1Qc2kso2vJG6,3580.198016919948,132.59065372000373,3538.4794853271205,0.988347423411871,1.4153917941308483,0.02810190989010186,611.45471521,113792.33357572,3802.1115966401385
RajgMbScQbqqrdJfR2rxfHJiTiY5b6bJ2tTXiF4aPxy,725ZA3fhyBAKb5iopNRrcbSuQa3LXA1656Q3mBvYPxeg,GLA6i1dSZpUfk2f9Nj8uiG7xyDdAR2reff8oEiZH3617,4266.602411229978,4265.934022320042,4264.92326829002,0.9996064449465601,1.705969307316008,0.9999615114814232,95382.7698052,86398.18217935,181740.08827544225
BSCrK1Nx9PXU9mF7STWWBqeHLxmtJDr9h7jheEy4tAWX,FfSySSbVJPvEo5a5AvrP3nySoXpRE2QPn1uUMpJJ1x7v,HL7Vcj6838ZmvBHDbQxXfjBNckNi83WvPiZQoMQLFeRM,0.010350858999999879,0.01034700200000005,36.853765002865735,3560.454741279556,0.014741506001146293,3547.2313859033025,0.878960472,0.924431933,6408.672946798575
MATSnbbiTCv7Dc3trJrkrqjx7ckKdr6fwPoVwv9q3sD,631WX9JizSHJm4w6VanZeJAst9T8DeUUnPLesdGkCVtK,211maUSfpnXbPuW1iBu8b4dtJv5EbN1j7JJiEX5TZKEP,104681.68040200001,104755.47699499995,104575.11835639484,0.9989820373039872,41.83004734255794,0.9986248935216208,27154.593179,24082.330814,51176.16586100157
Dg3mAgpwDfVNnbGWcsxL8sUcSkEbjSJQhKAWNigG44Ju,EATxwd8YA2wV93VJcKMmH2Kn2Y9XfJVUB9hHVu3udwEy,GiGvrRi7NMHfHKanG2B8xyCEqe8jaafWins8bhrLVEaa,0.0009570939999999917,0.000957433000000063,0.2112870044321743,220.7588851587996,8.451480177286972e-05,219.46048273844545,0.20717476,0.251969588,101.03303646852908
Sid7E679i9ABqptiAVhkmQ27YHN8vaYT4fppPwmxFsJ,GP7KB8o1bv527HG8kTzzzf4wJ5aEGHvcMQvVhLziUfmT,9gYxhAZ1M9wu5pxr8SBoa5NDm21gi3s9vMHaYTME77sa,2131.494993000002,4872.729557999954,24.006252215853266,0.011262635987741793,0.009602500886341306,0.02810190989010186,131025.678334,10437.439727,1769.0065108143117
HDSBGqAuMRr6X2AfmmbXQPpRgU6VEhtfNVVZ3wUTZXg,DCZ1d8kNLgDcdSd99y4udLgwq46mfDXNS9KXj96kQf5L,Fq8GGYQM5Pz3q7LmVMbrXHJgsxA5ev86kTq8yGgGuYsa,22.18377854100072,22.30773388200032,22.05729091800227,0.9942981930348488,0.008822916367200909,1.0,10981.756384206,10353.444934226,21272.58546339094
NorBXypYWTkV5PMs6Q9JsvNkmRwe7H9Zr1Kz2TcJH2Y,C82XDu1d1UjtuUwnkSTwVuWyH3AqpJ3ftb9W7en8rEUu,F7cZoYpWQSFuYJzW2UUFw6sVbTtaihyD5upeeHRUPABk,0.0011513934999999864,0.0011863800000000424,0.0,0.0,0.0,2548.874671832386,0.2401799813,0.6655639352,1696.4390569163713
heyk4SZTeCUV6a65WiVA5bzic3KcxgVf1qxobfeV4tQ,9ZDpBKPqMABtGfq66FbVribaArMvtk63xxy91onZAtDt,DaTP4s6N7xxSPinbNZ3FB52EpRDRt87QShTuN3VPCW52,66.01980547200026,57.51795768199963,14122.810946515689,213.91779096509654,5.649124378606276,186.24752034707598,635.242407748,4493.79684967,972848.1727873405
ALLwa5WNZbvQsRKAqe1jdRGemdYQnW8E5k4msbRFcYtu,CGoM82Hbz7QVqTgvQatYtjvDWBvoUJp5qm21P8iMs9yb,3dxNNww8TivyN5FMy5dCNdi3Zcxv6e4kUfSPxfFwpdNq,7.7577591169999955,7.761515964000008,27518.566624099873,3547.2313859033025,11.00742664963995,3559.0481681579076,3.730693596,4.873593604,30578.98780358195
7dwD9TF6uikvHXxPFK9AsSim54yJoujQjY9vU6gNFumk,CquVr6atkvwueDYficKjn6SSEWq4F4rH4VSiBbW4GBWU,8BCa6ge3b7ho3TfZuM64Vk1hgbrJ3J7EPiAb9uP86CGd,0.033843089000000104,0.0340711800000002,7.37862495827557,218.02457093309502,0.0029514499833102285,219.67381075189076,2.271684572,1.907599698,914.3327491544476
SoNcU2iwHMw6dGzsYNQkYFkUjwN1UdAjrWVRnStrZu2,8ivTTid27jZnYNc4w3CTA1Z6QS2twsFb8WMwUabeDJgc,CyXm53PMvHCbeXJBykU46Rcbo28xk5srhMZFg7gv6EYB,44.28821829600001,43.88434531600002,9728.961684493932,219.67381075189076,3.891584673797573,216.94971734706075,16.642397868,21.264183014,8269.157454216172
SoN9GaFpSXfpyR5dth3x7PHPVhvJMpQqqDJfCSmPv1t,9kZ9iS68ViMPtoeqtnhAKuF2iqVyfHPdZHoUNdwCELr,BBhm5fJLjw3HRzjtKB8uMEYjGhY6EDm9co3cqpjrSzB9,4.052607983000001,3.977947392,895.5263948404914,220.97533208172908,0.35821055793619655,216.94971734706075,3.767700724,5.808502729,2092.7219439366518
BUSDTd9WiT6uBHJRgNvFXBsA7JrifsAtWzKfioN7ERcy,DyBxrn7gSc1EwnpWhDyhzvMHPtxpmBqRqotapLcKcfTM,Cds99GeBgoCpqBsoRWu1C6fF9LiUMd4pXQQD24s9LPff,24845.829628399995,24850.172112649976,24763.42092570659,0.9966831977870761,2.4763420925706594,0.9981843027532917,3188.15136595,2337.45590575,5510.788691941909
CZgvH45CRmoaNJ7395Ao5CQZXkGznvqU7cErD6n7FaRg,4ZjU6MKvtqVQKCiowhvZ5yUsPxXX5SCzd5eFsPeXyey5,BsyWeshjDbCvjDojry3vKDCesmFRM37WtwcR4Kfgzqr,1.9249361600001293,1.8853493799999796,1.9659256508424243,1.0212939481807501,0.0007863702603369697,0.9999615114814232,340.06386123,767.32913585,1114.6047659574776
ercAoEmXjQzEvAFbdjAo81KtMxRGn9AW1ju882upmPH,CMRhskR2Eg6V42RTSdRTXGdozyPbWB8U9dVpijPWb9T4,7TKLLgrWswt6ZJ1pXhVR3FyufHGjJFqiEXxvWJfDcgRm,0.7016617049999354,0.6872381469999596,130.97841286266927,186.66889175985645,0.05239136514506772,179.9618588836282,318.828110618,982.683193772,236360.7843158607
HEDSDjj84KS7LKhZY7ejkCACTdPen62rKhCby1wXtgxc,EnnjMSFttpCTywBrYNt1J5QQeoSVkvzPipJDa8Y7kJow,6bjVT6JN2rSvpyn9PdfLYC8wJn4LWh49jpY47fnLDXZk,6.958362696999757,7.186893715996121,6.741012637723411,0.968764195150382,0.0026964050550893643,1.0,39134.311764976,9088.076294594,46999.996334355106
BkwbeSfcX1h4thMDd7obGkHrPevf3QwgzJ4pCEqG18Lu,35yX27bmurdebhfAb8EPmjLETDiUaEUCn9zHaDPbakH2,2CxECn1ZJFoESyUnQysQU8rRgT3iJ5GRs2Mdd6gZjx5g,0.024382990000000215,0.02445342000000028,60.28678452219117,2472.4935097045372,0.02411471380887647,1497.005988023952,0.80983082,22.78215356,36107.3217458099
RoBgmK8CvjdHvPrqdDyVw54VwjZv2TqJ493xnqJAQHx,ExiHJxM7qPAcy27NDHAF6G7vnW7muNHi2sVJpnaNynGQ,6rkPHSqZb7StM4HwS9EuVrmfkV7tRdc7dnsFhyB6cefE,0.8544359999999998,39.600806999999804,0.0,0.0,0.0,0.9759334803739778,6144.910157,21.242619,20.73138309292839
NorjjEePhxfwLF4vZjUHCrVVKLzQjEEGQFd3wgjEJmh,34M8pFVqgbV7aqHxvRT5tCv3vu2P1JJYT8J3VaxBK2oG,3AZWBSze3ucsY3xSeuLne3b2pauVqiaJ1SZSV5T9WGWw,6.803027000000839,11.394042000001718,4.0501175499838,0.5953405079802419,0.00162004701999352,1.0,38105.376244,2272.440603,24958.1146528812
BUSDgu5JdqP1rndBvXvanbEufS94FNh1w5FJcAj6vawb,Bgzr8cWubt89JQFXndVjtdKmDbGzuPxNhvjH1EhWCwbo,Dxaf8xPBBQsasRKW5Aa4Sw2YrbfGofY9xZueyyF23FBW,12259.52286844001,12227.122114609996,12254.143299531514,0.9995611926364325,4.901657319812607,0.9999615114814232,7457.37916084,7458.00529118,14911.825051556112
oKQqupM9E7SSLAFDLxr7mdsXP7znck9qRbVWc6Yyj7Q,CMR2J7CwfW98RpvnJmFBgRFTLAd3x8CJ1SWs8Bt3uunG,FmRb5jHfSNj1YWP3b45d9vvYuhwjp4om8bALmtqZpr1v,0.01785346999986359,0.01785346999986359,0.017486253431917297,0.9794316416949143,6.99450137276692e-06,0.9999615114814232,4105.29902096,1794.36964268,5815.160339798051
FrnkTEL6yZ5Aycq2TrEgu29dCrwKG4LPUZydfiwqspkc,DjvZuMZ46fxKBoBpGMPcRcos4xdTtHFxwMh69DpA2ZFY,9rvDPJLAng4uVVqnnSoEXgNDFhBZQTny9AoQioYDZbQX,23.237047740998662,19.55505978599976,5128.126257311634,220.687512220571,2.051250502924654,186.0486922916492,180.485112776,1454.281523148,310397.9861369778
GokA1R67GqSavkd15zR62QD68Tuc5AEfvjssntVDEbM8,3YB7hfpBdbQEuZqLGWVDpRPmeZWCUsrrWyqGXegnQ6Cg,4DPCj6Z1DsG6HUtwSogBGqXEUxdEV5a8YVrrFtcnz7UW,25892.946535000006,25902.429048000013,25879.20467731635,0.9994692818113581,2.587920467731635,1.0,22840.960131,9747.558653,32576.396671012433
DFWzVTzNBrQZLjoQ4yQwkj9HuoXmfkuZP9V5vbymZe23,DhgiEgiNdqZdRdo195UUHnoEJUtefK8buko8nU97XJUZ,2K2kkXsouBHtWVjtcgkyiXd8eP3oVBvq1bTJzcVdLLr2,2506.7917577940007,3029.744577042984,2153.7890272219556,0.859181469910891,0.8615156108887823,1.0,60672.054970655,8137.860906623,60266.16627882474
SQDY9uoDoCbNq7F3HAHYYQZbrUzpKxDtdWLvYcqBLak,GiehZ4X2uQjhEKuxSm3ACmEFrabxh3RTvjbLfLjw1xGX,rxDQYV77NKRKYxCjq4cECX3QQsiSyLv1T1FT2X3zNA2,1.179312675999995,1.1818600000000004,1.181934634880498,1.0022232940710822,0.0004727738539521992,1.0,168.73007208,237.802723382,406.9079320308688
KEN5P7p3asnb23Sw6yAmJRGvijfAzso3RqfyLAQhznt,9zj4aX38Uxf3h6AUjS4EipWS8mwbEofasHAf3a1uKGds,CwQDG1MWunn9cLNwcZLd8YBacweSR7ARo32w4mLua1Yr,276489.13077000296,276496.21845800057,276434.94951989705,0.9998040384084719,27.643494951989705,1.0,2112377.771007,2073519.268415,4185483.0945120845
BSCNHw8CmxbZ8hCWWzMf5FaG2ajPT6JxfznKUNuRVrn4,7n9kgNL633yGzCYksgnzHyjG73ZLBAwvEae5sbAekbzW,SscdxE99omdG9AiMVwmaEMQySQnCgeAh1sPj2Leutm2,4333.342674953,4326.838890643999,4331.113593713064,0.9994855977458649,1.7324454374852258,1.0,6236.740132789,5437.064989418,11670.59692902424
DA1mL7dfBow33EH5yjUuZE6SH2KeUK5zEXzsyhE5r5j5,B4UtLRZND3D83CitRCBUyeiNr7H8m7YFRqBmiPmXjhW4,AAmpYbuixWiSqDaJBCqYEs1pb5SrbdPr9mgXrB58Q2e,1.4419955840000966,1.441796894999925,1.4418083637422563,0.9998701658590929,0.0005767233454969026,1.0,1636.322930958,1470.766300514,3106.8767808900125
ZUCKWFa4LTL833dPhhpeeRWZcaAEoMeYJPi2iKn4F8N,7eEYpq6ShaJ9opZWMxitRFrdCHh6vfyHhGfoSvFht3N2,H8VggnHmuwd1wvwpT8eg9cUJFEfZ7HAaeYjgXrSm7A2u,28.625647515999844,28.572585162000223,28.71118056334841,1.0029879864656601,0.011484472225339364,1.0,1680.954963462,2166.241201714,3852.218835856209
AURHmCnNwiW4uA2Qj1XvEh4iKgRUZYXtiY7FKAapUV5Y,BKWm4TRnTeKwfWXRyuzjRHU7iZDkPuXBX5b5V5jSVfGJ,A5Ww74HVrkj9nPeC7pHKLfgeDMEhBCpW1efQdz3TGLEg,0.36068948300010106,0.3220245580001233,75.02680367554714,208.0094020249715,0.030010721470218858,186.26281907286563,289.898159006,1809.487310886,397341.75030518335
SUiuyGR7SFq3xeRVJonq84fjjeFwRSsFekcevJ53tzy,49GjCCPsv7fBqo6t3iKDrP1xxGDS8uWZbVCdfnp2gjMf,CEwj5xEbbJEjYqM8D6Ai8ByGz1mrh8mkAVsE5fzDSSSx,0.06853699999999963,5.548559999999952,0.000771907282691855,0.011262635987741793,3.0876291307674203e-07,0.9775524627967971,608.497762,2.039912,8.84740979225028
JSoLLrxK5bYdHwTEWYaGgmeycBCNXKDiBCTw5hXGBg7,xG4wXczA7Dk4hccJ61CHKpDHW4NrNfQwgmWgkb9BuF2,BVR6WgfhsRr9Lob4QDnkEAiNGgAbv7ZieKcY9kSg3QYR,24.555044629000214,21.037194203999995,5311.001708471895,216.2896377797436,2.124400683388758,186.34507978178246,17.808252478,167.489829884,35062.64619032799
SRMuKizofcAMicegrfSv7xs9q76tH1w8aAF7oX9FEWu,72Hj2KWntXPfbie4UgKeTPnm1XVkomDfCnRPKbvfTtPi,6aqJQ5wedqpUt4fFEDUqUmXhrdxCu4bEJsQdVPCADLko,0.023567000000184635,0.023567000000184635,0.001451860299594711,0.06160564771007495,5.807441198378843e-07,0.06172990782551893,17693.037092,5263.719069,1414.9199029598371
KysFMBBoavfov2tLpvefWW6tPFt6rAeZWDJVy1mMQae,B8ka2V21TH3x64dFV8ETcjuQcwmrciJ2qzy1mJUttRew,7fSf7EYxBANyxzk2s5pymFgshA91tFYQNKKs5UnLWcYS,35.5048350000111,33.081781999998384,0.0,0.0,0.0,0.02810190989010186,134634.891989,2513.320919,70.629117990646
moFiBS1R4Lf3E3zzmBPnw3NF4RhWPkhREFviuzUaCAU,44ALBrpqi9PfZkBRTvbtRNtFJGsatfY4QydjtMbFWq8S,2ho8qEEie1UjVwWNBo9y4oAJZMyMLx8zPj9bxyUz6uWs,272.69350231599674,273.21774570300477,272.10475931614053,0.9978410083303929,0.1088419037264562,1.0,39183.686945581,27915.3337672,67014.42345908101
parEAJhzYzHW87y9VoZAQ22dzQ2MD2ekEtTReaxbMcz,3oyc6hpjYSJEquK6dSvG72NXyz3pqLZz5D8AC71pwgQb,Di2vordgFJVZ1aj1aBpvzXtLfZgJsuLLXawGtVFwX6Rz,7.1142863039999895,8.361492579999776,1278.507154787306,179.7098261379316,0.5114028619149225,213.30148031227336,1115.414497719,144.258307776,231221.45605277413
vEnkoSUkpnbRrPgBz9DfcVxNz67zjwMYBZraAvDDNSf,DtfyjjsZ5yCjWKLKHvwsfXs5QVsmm1QkK6Sh9JZHoq1g,e5wrKCRv4GhHvEf1VD5Pq2KGaZDXP77nTL612Jyrxwy,3613.839218000001,3613.2282669999995,3608.1239496637336,0.9984185050879407,0.3608123949663734,0.9986189100474046,931.074174,1028.263301,1956.4448618174356
KEVpg4SYCVrqFxKijQH6hm4QxsRdoE51ud64bEEFUC9,2bPenuBYfqzD8p5dFjCcggwkHDsc2RQDnx9AoyYGUBjA,AE6n6iLuX8oYu61vt5hoDYkjswpnxFxrhSehxrnQTnbx,6652.855397399,6690.173890899002,6631.54364537512,0.9967966007449655,2.652617458150048,1.0,6186.962987881,1431.852348708,7598.996023962696
BSCuChvaSj9b5HUSqgDVRzcnr2sSn7cXaamt1jbKH6hn,GnKpRj5kBVPMJfiwZtEuD9GYApLzPdW5JFuZTcyX4BTc,3dmwD9okkomV9nDwyuh4UMhKdUR13QpuKxRo89ycZB5t,534.8385998830001,533.9336417109998,533.9805859939299,0.9983957517478022,0.21359223439757197,0.9988273766598014,1700.773706307,1438.401030052,3134.759570492868
ACUSESXyNnwRLAg1dpSGMLSzUDdLjUMybY8rkXiAKhCP,AhFPQdu8GKBsxuhiH46UmCu1YpaLgNpoP325HnYtsgas,A8wxWpT3aFEr2XqZp1kDmbxbFfcBE95UUmdsNTDBJYbT,1050.991316376,1046.1661860300003,1050.991316376,1.0,0.4203965265504,0.9876959290809512,1040.125996138,1845.791608762,2863.206854044007
KEnkcdADoLR5jS2CLLLesy8TtFsyWL37BhXNfDMzWzP,3qsjFRuw1qeLMPo4DLwaQevenGAGBj9dA3Q6rb8ax2YR,77iEv8zPQAEyCcEbvBRSB6AFcUdfkhiqnAKtPxk76rNN,0.05166399999999999,4.460737999999992,0.0005818728256706919,0.011262635987741793,2.3274913026827676e-07,0.9982470781308023,114.639287,0.340156,1.6307002924839211
wrmcMSHFi3sWpAEy4rGDvQb3ezh3PhXoV2xNjgLBkKU,8p4mGnARWPBu6P2Gcw4adodLkNDorrXniZMhaY7eJXUn,AyY89zccbsgp9LKFgH4CFZMJmpSgqmPSdTfukhP227rc,0.007459370000001811,0.061603060000000265,2.4749071001996716,331.78500331785,0.0009899628400798688,3559.859029582429,27.12683442,0.09131998,9325.363103426755
KwnjUuZhTMTSGAaavkLEmSyfobY16JNH4poL9oeeEvE,J63v6qEZmQpDqCD8bd4PXu2Pq5ZbyXrFcSa3Xt1HdAPQ,BnKQtTdLw9qPCDgZkWX3sURkBAoKCUYL1yahh6Mw7mRK,885.7226419999624,34576.35014199985,24.890497873105893,0.02810190989010186,0.0024890497873105897,1.0,273137.903385,680.214856,8355.91160449662
KZMu9QBEdL97EFgamLbN5DE1AoKBG4HdrKKJo4Vuon3,DD4ACBWyVqdaKWh7v5btsgqQCCMwbKnuL2xd9pv7Gyuw,GcYqiJ1MAuYbNTNYXm1F1gQYTfTgkErACAhNU5dpVj9T,171.58551353999974,173.66308893999985,169.58610020206143,0.988347423411871,0.06783444008082459,0.9999615114814232,1956.52513032,1130.82288516,3064.5059328547245
MATgk4zXLXtYkwBH678J1xZbRDZ45LicNzkRBHkxTuY,y8dALFo1bJrSzPYjMX14HJX448pXqYmrfXHD1K8MXih,GN7Yuet3UyiWS5YVkEHv6oQKi4HGBJc3XDPt9zQhAqZz,11142.967693999995,11144.582749000001,11141.318778820729,0.9998520219007586,4.456527511528292,1.0,9501.330347,8071.038634,17570.962992194985
ALBpShJ9NLpE739pcHDF2LNVk5J4VYPvvKuV6jMPitZi,D6d156U1bPiJpDYRLextvDRccgFk7QzkQbJg42ceKEu5,GNcM8U5g8RwTZffwwm3kSQqUNPSwv5d2fbN9sLxPJqt2,10157.960126000005,10154.398926000002,10115.404618768844,0.9958106247018791,4.046161847507538,0.9988453347929794,52404.838167,47831.299532,99961.36502710497
AUSejoEUCh2DBs9mof6BNC8Pubs22w4cJa1ccV9h44R,4xkyD7AfGQDwsQMy9MosRRNGoVJ1zosNinesxg1TzHG7,Cbm5gsQe3nSiCsFrvepVzMCD9xLK3ri9g3ypS2hdmVJ7,30250.99682300001,30448.661740999996,30264.19201071668,1.000436190178918,3.0264192010716684,1.0,14309.397445,14555.989488,28871.628551631744
ionytDfEj1mXodptgrsKEZro7DGsfpzANUfarJdm6Qb,3gkSjY95an9xNFSjCfsay6JZez7uv7yfW3Ad4ubc4fMK,9wXqANaSuEqkKL9yHzCPEDGHwbkStVAqV5rB3QDs3Jr6,0.008336810999999986,0.031653728000000214,7.586560826723632,910.0075348623886,0.003034624330689453,3562.0146755004625,3.163138708,0.081294085,3168.050781896263
WiiQFxXqp8P9Fs1rt9SVcDyA3KUdJmUsog6wnVQAwba,3S2jpqSYxho6wiz3cafhjXruVY8cg4HYa2v3BqBHYFSj,Dfe67M6TfrG74gKRtdqys4e6E9QirPD53BkF4FujFjuv,36234.981437001006,36290.923596514,36238.46134396694,1.0000960372222623,3.623846134396694,1.0,13395.291135827,13341.140813114,26737.71839549308
SEQV6QiTpvTzrceiaYg9Avnwf7oc8ZALpnQMz6TyT4A,3dFMPj4r9mMmPHF32mz1gNDX7f8ftidWof7S8YiYTs1j,Fc1ED3YPeQfXQosHbd8DTaBd2AV5gHQtwiSAL5C5pUhi,3561.6097312130005,3561.930492967,3546.4058884254555,0.9957311878799345,1.4185623553701823,0.9983178344489536,4433.227965404,1174.878724232,5587.20573184971
YAkoNb6HKmSxQN9L8hiBE5tPJRsniSSMzND1boHmZxe,CfWX7o2TswwbxusJ4hCaPobu2jLCb1hfXuXJQjVq3jQF,EnTrdMMpdhugeH6Ban6gYZWXughWxKtVGfCwFn78ZmY3,8878131.15671102,8875840.147249946,8878131.15671102,1.0,887.813115671102,0.9990758548342782,281467.702582,1160489.055728,1440884.2979592758
iLiUBQ7Z7im6Ew3b4ewwPcehzWgEQRJ1iQz7g6D62NW,GpugBvKWM3TVhYcZjemSdtehBWgfvuGr6uAm9iPjXT6v,92fMXJ3xy8tEyMUWLHKRLyhPw2nECBo77GtDiBBbYrjX,0.0014469559998815384,0.0014469559998815384,0.0014151408015507917,0.9780123249543515,5.660563206203167e-07,1.0,1865.493847277,1097.984039683,2922.4600144464166
B2izdXFYb2sNwbWWHmh75T4aQFtfXsUxem9u2p61HGzf,4DYwgJtxwuJdAjkj5RJSNH4e7U329V5cNp7d3a1nLrZv,EXNW64GEf1ACC6xY9BtKRiunrs6GoJSXBdxWN2eTPmrF,8788.29375600002,8645.250530000008,8906.636231609415,1.01346592170165,0.8906636231609415,1.0,8520.898531,31541.711471,40177.35175444615
Lid8SLUxQ9RmF7XMqUA8c24RitTwzja8VSKngJxRcUa,4PgzyzLtds9bKZ2to9PMnKqJzKEUpjvNUaeN23phegax,AtymwxoVN9peZo7EXTcDz9jKVc4vRmisJKKrNfe3ewBa,420.2198490010197,359.2066087480009,91586.50298427121,217.94901693006167,9.158650298427123,186.31782504495382,1011.151789654,7683.487447936,1651950.2085818
