0,1,2,3,4,5,6,7,8,9,10,11
Lee1XZJfJ9Hm2K1qTyeCz1LXNc1YBZaKZszvNY4KCDw,9DgFSWkPDGijNKcLGbr3p5xoJbHsPgXUTr6QvGBJ5vGN,2hNHZg7XBhuhHVZ3JDEi4buq2fPQwuWBdQ9xkH7t1GQX,1173.6044725608735,998.1677119330334,242379.65533745877,206.5258449540263,24.237965533745882,175.49814270315576,7272.786926966,56346.477326178,11390720.583871966
B2izdXFYb2sNwbWWHmh75T4aQFtfXsUxem9u2p61HGzf,4DYwgJtxwuJdAjkj5RJSNH4e7U329V5cNp7d3a1nLrZv,EXNW64GEf1ACC6xY9BtKRiunrs6GoJSXBdxWN2eTPmrF,5128.608758999988,5056.549538000008,5186.705042177417,1.011327883624478,0.5186705042177419,1.0,8991.624904,31061.080388,40154.561372507465
parEAJhzYzHW87y9VoZAQ22dzQ2MD2ekEtTReaxbMcz,3oyc6hpjYSJEquK6dSvG72NXyz3pqLZz5D8AC71pwgQb,Di2vordgFJVZ1aj1aBpvzXtLfZgJsuLLXawGtVFwX6Rz,3.6711736099999825,4.2799891729994215,633.7819333906115,172.63741809001903,0.25351277335624456,201.20347848621745,1280.821391763,171.344401962,255592.78780232416
KEVpg4SYCVrqFxKijQH6hm4QxsRdoE51ud64bEEFUC9,2bPenuBYfqzD8p5dFjCcggwkHDsc2RQDnx9AoyYGUBjA,AE6n6iLuX8oYu61vt5hoDYkjswpnxFxrhSehxrnQTnbx,141.37661068599982,141.38141724700017,141.32490174167626,0.9996342468243321,0.0565299606966705,1.0,4540.251858108,3073.153784891,7611.745031463565
BUSDgu5JdqP1rndBvXvanbEufS94FNh1w5FJcAj6vawb,Bgzr8cWubt89JQFXndVjtdKmDbGzuPxNhvjH1EhWCwbo,Dxaf8xPBBQsasRKW5Aa4Sw2YrbfGofY9xZueyyF23FBW,7608.310199660002,7605.851399979994,7614.76211144941,1.0008480085091296,3.0459048445797645,1.0,7193.45844032,7694.41160717,14893.970161457462
KZMu9QBEdL97EFgamLbN5DE1AoKBG4HdrKKJo4Vuon3,DD4ACBWyVqdaKWh7v5btsgqQCCMwbKnuL2xd9pv7Gyuw,GcYqiJ1MAuYbNTNYXm1F1gQYTfTgkErACAhNU5dpVj9T,75.86918862000039,77.1329976500001,74.64340507198497,0.9838434604308886,0.02985736202879399,1.0,2065.57037092,1022.91617625,3055.114077739447
AUSejoEUCh2DBs9mof6BNC8Pubs22w4cJa1ccV9h44R,4xkyD7AfGQDwsQMy9MosRRNGoVJ1zosNinesxg1TzHG7,Cbm5gsQe3nSiCsFrvepVzMCD9xLK3ri9g3ypS2hdmVJ7,1347.6982140000018,1347.429949999998,1348.1633303489723,1.000345119066078,0.13481633303489723,1.0,14341.571277,14520.585795,28867.10662168521
ACUSESXyNnwRLAg1dpSGMLSzUDdLjUMybY8rkXiAKhCP,AhFPQdu8GKBsxuhiH46UmCu1YpaLgNpoP325HnYtsgas,A8wxWpT3aFEr2XqZp1kDmbxbFfcBE95UUmdsNTDBJYbT,0.0,0.0035164299997632043,0.0,1.0,0.0,0.9876843222037822,1039.690470133,1845.793740034,2862.7520091864653
iLiUBQ7Z7im6Ew3b4ewwPcehzWgEQRJ1iQz7g6D62NW,GpugBvKWM3TVhYcZjemSdtehBWgfvuGr6uAm9iPjXT6v,92fMXJ3xy8tEyMUWLHKRLyhPw2nECBo77GtDiBBbYrjX,0.017849148000095738,0.017455999999810956,0.017456670241665813,0.9780114009683925,6.982668096666326e-06,1.0,1865.493847277,1097.963966699,2922.438217772295
BUSDTd9WiT6uBHJRgNvFXBsA7JrifsAtWzKfioN7ERcy,DyBxrn7gSc1EwnpWhDyhzvMHPtxpmBqRqotapLcKcfTM,Cds99GeBgoCpqBsoRWu1C6fF9LiUMd4pXQQD24s9LPff,19876.274956420002,19934.017516040003,19874.955458127137,0.9999336144073395,1.987495545812714,0.9995382133454345,2813.31949919,2701.08430254,5512.969713163933
DFWzVTzNBrQZLjoQ4yQwkj9HuoXmfkuZP9V5vbymZe23,DhgiEgiNdqZdRdo195UUHnoEJUtefK8buko8nU97XJUZ,2K2kkXsouBHtWVjtcgkyiXd8eP3oVBvq1bTJzcVdLLr2,5208.427378804,6442.891648055993,4269.401685135397,0.8197103222577273,1.7077606740541589,1.0,61993.237571968,7024.428128204,57840.92487612174
BSCNHw8CmxbZ8hCWWzMf5FaG2ajPT6JxfznKUNuRVrn4,7n9kgNL633yGzCYksgnzHyjG73ZLBAwvEae5sbAekbzW,SscdxE99omdG9AiMVwmaEMQySQnCgeAh1sPj2Leutm2,192.68129587800013,192.81673801300076,192.22548446579384,0.9976343764446399,0.07689019378631753,1.0,6757.479874446,4911.43427703,11652.92849791014
SEQV6QiTpvTzrceiaYg9Avnwf7oc8ZALpnQMz6TyT4A,3dFMPj4r9mMmPHF32mz1gNDX7f8ftidWof7S8YiYTs1j,Fc1ED3YPeQfXQosHbd8DTaBd2AV5gHQtwiSAL5C5pUhi,1287.2784409390001,1287.2617075419992,1285.6308304631732,0.9987200822887821,0.5142523321852693,0.9979890520600988,2834.326414761,2770.141621445,5595.269721041495
BkwbeSfcX1h4thMDd7obGkHrPevf3QwgzJ4pCEqG18Lu,35yX27bmurdebhfAb8EPmjLETDiUaEUCn9zHaDPbakH2,2CxECn1ZJFoESyUnQysQU8rRgT3iJ5GRs2Mdd6gZjx5g,0.006271120000000963,0.003952449999999885,16.101263222761023,2567.5259320119135,0.006440505289104409,1610.3059581320451,0.8526749,22.71275829,38763.75491732566
daob129AwBGn9Y5r91uLoWZeYiGzbPmksauMhFZKTze,6VW5GQNyj4LStgmxEHLr5zUfW92vQnmbw8jTnCH7a38F,4VPCCUifPeBA1c7HWK358CHn2nyjm8pdTRk6Ps3KmnMQ,10.699227866000065,9.639542178999989,2083.274260652008,194.71257989300543,0.8333097042608031,175.36663463887362,49.539957448,222.087836721,48592.849442479215
WiiQFxXqp8P9Fs1rt9SVcDyA3KUdJmUsog6wnVQAwba,3S2jpqSYxho6wiz3cafhjXruVY8cg4HYa2v3BqBHYFSj,Dfe67M6TfrG74gKRtdqys4e6E9QirPD53BkF4FujFjuv,19597.500482204996,19610.866324091006,19576.53432716515,0.9989301617796166,1.9576534327165152,1.0,18814.973910357,7917.540872026,26712.385804178186
SAMyS8Jr2HJrkFwYVKbpUwsNStnQmvz3f8Tup8bWUWF,6jPzm5TFfquvgm25sTyN3MMGBfufRaFHMxobDWv6hMFW,Cj9ECoDmxsHTDzCY5ZA6RWrPbg9uFzEC1Qc2kso2vJG6,2075.819599000003,87.21640436000871,2042.2815375104226,0.9838434604308886,0.8169126150041691,0.0290374944614609,625.48133967,113303.83924535,3905.4353302049876
MATgk4zXLXtYkwBH678J1xZbRDZ45LicNzkRBHkxTuY,y8dALFo1bJrSzPYjMX14HJX448pXqYmrfXHD1K8MXih,GN7Yuet3UyiWS5YVkEHv6oQKi4HGBJc3XDPt9zQhAqZz,18029.428181,18036.578160000005,18029.44621044621,1.000001000001,7.211778484178485,1.0,9290.779534,8241.758619,17532.547443788826
SoNcU2iwHMw6dGzsYNQkYFkUjwN1UdAjrWVRnStrZu2,8ivTTid27jZnYNc4w3CTA1Z6QS2twsFb8WMwUabeDJgc,CyXm53PMvHCbeXJBykU46Rcbo28xk5srhMZFg7gv6EYB,30.171728347999977,29.90908152200004,6231.372958629724,206.530195643989,2.49254918345189,204.1892695680192,17.006709235,21.756911668,7954.926887109818
Lid8SLUxQ9RmF7XMqUA8c24RitTwzja8VSKngJxRcUa,4PgzyzLtds9bKZ2to9PMnKqJzKEUpjvNUaeN23phegax,AtymwxoVN9peZo7EXTcDz9jKVc4vRmisJKKrNfe3ewBa,502.1870731469935,433.7954663629994,102917.26795103977,204.93810664241292,10.291726795103978,175.4523864331793,1019.631372421,7673.480180802,1555291.7329065797
wrmcMSHFi3sWpAEy4rGDvQb3ezh3PhXoV2xNjgLBkKU,8p4mGnARWPBu6P2Gcw4adodLkNDorrXniZMhaY7eJXUn,AyY89zccbsgp9LKFgH4CFZMJmpSgqmPSdTfukhP227rc,0.011079440000000024,0.11803406999999311,3.49950726468731,315.8559696778269,0.0013998029058749242,3393.2813030200205,49.20551038,0.16521113,16102.462033047086
NorBXypYWTkV5PMs6Q9JsvNkmRwe7H9Zr1Kz2TcJH2Y,C82XDu1d1UjtuUwnkSTwVuWyH3AqpJ3ftb9W7en8rEUu,F7cZoYpWQSFuYJzW2UUFw6sVbTtaihyD5upeeHRUPABk,0.0015299589999999974,0.001575839999999995,0.0,0.0,0.0,2638.66167080057,0.2413313748,0.6643775552,1753.0675898464299
HEDSDjj84KS7LKhZY7ejkCACTdPen62rKhCby1wXtgxc,EnnjMSFttpCTywBrYNt1J5QQeoSVkvzPipJDa8Y7kJow,6bjVT6JN2rSvpyn9PdfLYC8wJn4LWh49jpY47fnLDXZk,5.994765805991847,6.047329520992207,5.806789192740621,0.968643209870961,0.0023227156770962484,1.0,39145.485601714,9077.246359295,46995.25518449673
vEnkoSUkpnbRrPgBz9DfcVxNz67zjwMYBZraAvDDNSf,DtfyjjsZ5yCjWKLKHvwsfXs5QVsmm1QkK6Sh9JZHoq1g,e5wrKCRv4GhHvEf1VD5Pq2KGaZDXP77nTL612Jyrxwy,1659.7961610000002,1660.350829000001,1658.5356738878454,0.9992405771613573,0.16585356738878454,0.9995142360812646,1217.402564,740.722332,1956.840556506389
7oAd7xG4m3oC2qeWB1szghTebAZyyGPAFDJ4wwwbRSNi,D9yh4KAysxt9GLacVe4Wwh2XqghhcjTCSTV9HuM7TBJd,HDYfJLpZKaMFb84jM4mRytn7XLR8UFZUnQpSfhJJaNEy,110.28362783795455,2.7638658110000733,110.28362783795455,1.0,0.04411345113518182,0.025043068982385164,1013.926085986,299162.389864878,8505.870452307343
BSCuChvaSj9b5HUSqgDVRzcnr2sSn7cXaamt1jbKH6hn,GnKpRj5kBVPMJfiwZtEuD9GYApLzPdW5JFuZTcyX4BTc,3dmwD9okkomV9nDwyuh4UMhKdUR13QpuKxRo89ycZB5t,387.62816767799995,387.05413589599993,388.6244640079049,1.0025702371834149,0.15544978560316197,0.9993604093380237,1313.35843968,1784.311882755,3099.904735913554
ercAoEmXjQzEvAFbdjAo81KtMxRGn9AW1ju882upmPH,CMRhskR2Eg6V42RTSdRTXGdozyPbWB8U9dVpijPWb9T4,7TKLLgrWswt6ZJ1pXhVR3FyufHGjJFqiEXxvWJfDcgRm,0.007692653999924914,0.007861024999954225,1.351162169397815,175.6431745677114,0.0005404648677591261,171.70073180568903,317.685703357,983.216776455,224618.36549335378
BSC8REUo9LpiiWUuqMuLXs2D2yJsJfGd4HdiF3wCLxk5,AZjEH1zWVx1UJ6udMyRijGTzPteuLnaY18yNNmprJEsh,Caf8ypkSVR8xYnXNhjvfvdGCC7mrM3C11rz8Xi6NA6aK,287.30829316900054,286.8925304249997,287.94488863948203,1.002215722572641,0.1151779554557928,1.0,2623.072789412,3686.366372816,6315.25116381718
GokA1R67GqSavkd15zR62QD68Tuc5AEfvjssntVDEbM8,3YB7hfpBdbQEuZqLGWVDpRPmeZWCUsrrWyqGXegnQ6Cg,4DPCj6Z1DsG6HUtwSogBGqXEUxdEV5a8YVrrFtcnz7UW,26470.33854099999,26474.567088999993,26469.517985942428,0.9999690009609703,2.646951798594243,1.0,18713.206843,15080.800057,33793.4268085707
ALBpShJ9NLpE739pcHDF2LNVk5J4VYPvvKuV6jMPitZi,D6d156U1bPiJpDYRLextvDRccgFk7QzkQbJg42ceKEu5,GNcM8U5g8RwTZffwwm3kSQqUNPSwv5d2fbN9sLxPJqt2,930.732689000004,931.2652579999994,930.2508190757228,0.9994822681850801,0.37210032763028916,0.9995282226788955,48998.17174,51229.578817,100178.21369116171
KwnjUuZhTMTSGAaavkLEmSyfobY16JNH4poL9oeeEvE,J63v6qEZmQpDqCD8bd4PXu2Pq5ZbyXrFcSa3Xt1HdAPQ,BnKQtTdLw9qPCDgZkWX3sURkBAoKCUYL1yahh6Mw7mRK,384.49550900002816,13228.189377000243,11.155655210038438,0.029013746451945217,0.0011155655210038438,1.0,272673.396566,693.284971,8604.561763156635
RajgMbScQbqqrdJfR2rxfHJiTiY5b6bJ2tTXiF4aPxy,725ZA3fhyBAKb5iopNRrcbSuQa3LXA1656Q3mBvYPxeg,GLA6i1dSZpUfk2f9Nj8uiG7xyDdAR2reff8oEiZH3617,46690.115980709976,46706.849148299996,46695.84836305502,1.0001227750718678,18.678339345222007,1.0,100152.76193112,81614.44131744,181779.49951110384
JSoLLrxK5bYdHwTEWYaGgmeycBCNXKDiBCTw5hXGBg7,xG4wXczA7Dk4hccJ61CHKpDHW4NrNfQwgmWgkb9BuF2,BVR6WgfhsRr9Lob4QDnkEAiNGgAbv7ZieKcY9kSg3QYR,6.511439562999911,5.587517091999981,1312.6589685789306,201.5927439514113,0.5250635874315722,175.97247227421718,17.842478613,167.430419493,33060.059074581535
FrnkTEL6yZ5Aycq2TrEgu29dCrwKG4LPUZydfiwqspkc,DjvZuMZ46fxKBoBpGMPcRcos4xdTtHFxwMh69DpA2ZFY,9rvDPJLAng4uVVqnnSoEXgNDFhBZQTny9AoQioYDZbQX,30.009550518000538,25.224799667999832,6203.074571333541,206.70334824284586,2.4812298285334164,175.9900319245918,314.406867311,2514.329771022,507485.9288548412
7dwD9TF6uikvHXxPFK9AsSim54yJoujQjY9vU6gNFumk,CquVr6atkvwueDYficKjn6SSEWq4F4rH4VSiBbW4GBWU,8BCa6ge3b7ho3TfZuM64Vk1hgbrJ3J7EPiAb9uP86CGd,1.4384800230000006,1.4629418569999992,295.36710174629377,205.33277975615908,0.11814684069851751,206.70915917948867,2.286339026,1.892928207,860.7459457296764
SRMuKizofcAMicegrfSv7xs9q76tH1w8aAF7oX9FEWu,72Hj2KWntXPfbie4UgKeTPnm1XVkomDfCnRPKbvfTtPi,6aqJQ5wedqpUt4fFEDUqUmXhrdxCu4bEJsQdVPCADLko,0.04073599999992439,0.04073599999992439,0.0024156258066544865,0.05929953374555602,9.662503226617944e-07,0.05948192787352286,17693.037092,5263.528168,1362.2736529476601
BerKDkt6v49dT1bHRedgnpsJS263C1DSJtEGvY9Mg35V,78XKqNb8wbfsMMrvo8WPUpdx7GEkfQutpNVH943aCGFa,DKYQwn4nDvFHCszi5tXbqfVMAP7DaXXp1KGTXEnYnKVH,0.018849975000193808,0.018778094000253986,0.01892807308149133,1.0041431397811784,7.571229232596532e-06,1.0,1340.334079689,2225.773353646,3571.6606247806285
AURHmCnNwiW4uA2Qj1XvEh4iKgRUZYXtiY7FKAapUV5Y,BKWm4TRnTeKwfWXRyuzjRHU7iZDkPuXBX5b5V5jSVfGJ,A5Ww74HVrkj9nPeC7pHKLfgeDMEhBCpW1efQdz3TGLEg,0.0011393659999612282,0.0007885699999974349,0.22431312636372694,196.87539067460338,8.972525054549078e-05,176.00871031905626,289.555503518,1809.871282843,375559.4632137801
BkMBnJpvHKtWhUvrgRrLesXfi9RUV3ELgdBaJcdH7hcY,5uerVwBnZQsuVhZ15igs7ZgmcqhHnYWbwoRtLyRqLvR,9YWiQh5d4jCtgMdzcGLv9bWgnLaFtzvDDh2nnhJdzhBX,1.7376740260001498,1.738922827999886,1.7378101625726654,1.000078344137323,0.0006951240650290662,1.0,1471.600204339,1400.904534996,2872.620030583493
KEN5P7p3asnb23Sw6yAmJRGvijfAzso3RqfyLAQhznt,9zj4aX38Uxf3h6AUjS4EipWS8mwbEofasHAf3a1uKGds,CwQDG1MWunn9cLNwcZLd8YBacweSR7ARo32w4mLua1Yr,136603.18658099975,136630.31426700088,136574.23284363688,0.9997880449344738,13.65742328436369,1.0,2091621.165811,1938888.480974,4030066.3170837443
BSCrK1Nx9PXU9mF7STWWBqeHLxmtJDr9h7jheEy4tAWX,FfSySSbVJPvEo5a5AvrP3nySoXpRE2QPn1uUMpJJ1x7v,HL7Vcj6838ZmvBHDbQxXfjBNckNi83WvPiZQoMQLFeRM,0.05128538199999988,0.05125939800000001,174.48280531286534,3402.1937345200186,0.06979312212514613,3399.741619636907,0.879978304,0.92311141,6132.196952521061
Sid7E679i9ABqptiAVhkmQ27YHN8vaYT4fppPwmxFsJ,GP7KB8o1bv527HG8kTzzzf4wJ5aEGHvcMQvVhLziUfmT,9gYxhAZ1M9wu5pxr8SBoa5NDm21gi3s9vMHaYTME77sa,791.7908699999934,1661.4296409999988,9.240113717026382,0.011669891719042503,0.0036960454868105526,0.029013512434132437,131082.551574,10410.361611,1831.760339168948
Cob4usZcpHEY7Qt4ZCwj6WVg9S44zvzYV2v9qYF65dTf,NhFM9UXE48PyNAyeyPYA3iXztqKVJwA4bTdLj4ysM8w,6TuFuynuBoeskxyR2cz4wxyidk8dpDK7kAWw3UkjQGx,14.80805700000002,1267.2542289999692,0.17280842175940958,0.011669891719042503,6.912336870376383e-05,1.0,67698.310944,220.62458,1010.65653827855
ALLwa5WNZbvQsRKAqe1jdRGemdYQnW8E5k4msbRFcYtu,CGoM82Hbz7QVqTgvQatYtjvDWBvoUJp5qm21P8iMs9yb,3dxNNww8TivyN5FMy5dCNdi3Zcxv6e4kUfSPxfFwpdNq,5.429463772000006,5.420194362,18466.307638936152,3401.1291748860626,7.38652305557446,3390.945497333021,1.7579441,6.832981645,29149.263308800753
YAkoNb6HKmSxQN9L8hiBE5tPJRsniSSMzND1boHmZxe,CfWX7o2TswwbxusJ4hCaPobu2jLCb1hfXuXJQjVq3jQF,EnTrdMMpdhugeH6Ban6gYZWXughWxKtVGfCwFn78ZmY3,6546652.076486014,6547903.265606034,6546652.076486014,1.0,654.6652076486014,0.999644126690898,835115.036634,631283.059452,1466173.4392946528
NorjjEePhxfwLF4vZjUHCrVVKLzQjEEGQFd3wgjEJmh,34M8pFVqgbV7aqHxvRT5tCv3vu2P1JJYT8J3VaxBK2oG,3AZWBSze3ucsY3xSeuLne3b2pauVqiaJ1SZSV5T9WGWw,0.001724000000194792,0.001724000000194792,0.0010408359048509304,0.6037331233952019,4.163343619403722e-07,1.0,38036.233836,2313.830183,25277.56443899854
MATSnbbiTCv7Dc3trJrkrqjx7ckKdr6fwPoVwv9q3sD,631WX9JizSHJm4w6VanZeJAst9T8DeUUnPLesdGkCVtK,211maUSfpnXbPuW1iBu8b4dtJv5EbN1j7JJiEX5TZKEP,97022.22467299999,97054.31753299996,97022.32169532169,1.000001000001,38.80892867812867,0.9993753903810118,23845.385399,21152.630783,44984.827890755274
AyiATPCAx5HZstcZ1jdH9rENwFb3yd9zEhkgspvDrCs4,DvHVapj4g2Y1tJVSw2ubSPkPBsJPb8fW387ZWXwaKmZq,DKjqWWgrtDRPKrnMWtZ4UiJk4sGQVCQgFjSo7BvfngvK,0.0003983300000000023,0.0004022500000000484,1.0227226044983113,2567.5259320119135,0.00040908904179932454,2670.22696929239,0.8445344,0.31858958,3019.070461127658
SoN9GaFpSXfpyR5dth3x7PHPVhvJMpQqqDJfCSmPv1t,9kZ9iS68ViMPtoeqtnhAKuF2iqVyfHPdZHoUNdwCELr,BBhm5fJLjw3HRzjtKB8uMEYjGhY6EDm9co3cqpjrSzB9,0.9451210429999994,0.9287579219999991,197.18568465054918,208.63537650652995,0.07887427386021967,204.15721248641844,4.353937933,6.477440923,2230.801762822651
MARpDPs5A7XiyCWPNH8GsMWPLxmwNn9SBmKvPa9LzgA,6YjT74rmcfCpw8LSjPNx5JTmZoYLGrTKnf9arfSgZ4SR,F8GSmi3vA8M8TsybLya1LQ4n1aFHCRbZ6k437PeTdXtg,154465.17673699977,157550.49849400058,150275.34971168818,0.9728752647436814,60.11013988467528,1.0,338408.976954,24658.540383,353888.2634287611
CZgvH45CRmoaNJ7395Ao5CQZXkGznvqU7cErD6n7FaRg,4ZjU6MKvtqVQKCiowhvZ5yUsPxXX5SCzd5eFsPeXyey5,BsyWeshjDbCvjDojry3vKDCesmFRM37WtwcR4Kfgzqr,40.89024945999995,39.93174663999997,41.75830438830222,1.0212288978366695,0.01670332175532089,1.0,340.69231061,766.68544068,1114.6102735456786
heyk4SZTeCUV6a65WiVA5bzic3KcxgVf1qxobfeV4tQ,9ZDpBKPqMABtGfq66FbVribaArMvtk63xxy91onZAtDt,DaTP4s6N7xxSPinbNZ3FB52EpRDRt87QShTuN3VPCW52,44.58037490800166,38.91186244500034,8971.0910948486,201.23408816910586,3.58843643793944,175.21030054348483,643.979617529,4483.647656887,915171.9046272008
C98Sspw7XqnMsgxea3SLQVdbMDL8pKUc3RE82UvX9eq2,CSqgQJurPCzGxb4Cgwx5R61hWQUiaoUHcShNc8r1cKEL,6S2CR5EnukPhC914XkAns8m5GixjMAoUuZMsS5ubHuWc,51.299981000000344,51.35592299999985,0.0,0.0,0.0,1.0,966.865722,846.109823,846.109823
SQDY9uoDoCbNq7F3HAHYYQZbrUzpKxDtdWLvYcqBLak,GiehZ4X2uQjhEKuxSm3ACmEFrabxh3RTvjbLfLjw1xGX,rxDQYV77NKRKYxCjq4cECX3QQsiSyLv1T1FT2X3zNA2,20.320997673999983,20.32913781099998,20.364737464420816,1.0021524430602538,0.008145894985768327,1.0,169.928535054,236.551681209,406.8459777590161
STK75uPSyBnEhGTTzb1nwmP3n427XoXmfRhXxxhyady,6TYyD5fUmDe6N65avW1Ny2RxzRNobw2RRgKwH9CTzSAU,54zDfk4cx2vGrEajPtodWpArNe5eUurytyxd4X3aZAxK,105.8525470700001,118.27703115500435,18619.1431266673,175.89697784366487,1.8619143126667304,196.43914757196305,548.460740548,101.112311176,116335.0029447361
