0,1,2,3,4,5,6,7,8,9,10,11
SoNcU2iwHMw6dGzsYNQkYFkUjwN1UdAjrWVRnStrZu2,8ivTTid27jZnYNc4w3CTA1Z6QS2twsFb8WMwUabeDJgc,CyXm53PMvHCbeXJBykU46Rcbo28xk5srhMZFg7gv6EYB,20.853895011000006,20.679320223999998,4770.7559494627685,228.77049812259492,1.9083023797851075,225.4859052142939,17.385204059,20.731560574,8651.896495073745
BUSDTd9WiT6uBHJRgNvFXBsA7JrifsAtWzKfioN7ERcy,DyBxrn7gSc1EwnpWhDyhzvMHPtxpmBqRqotapLcKcfTM,Cds99GeBgoCpqBsoRWu1C6fF9LiUMd4pXQQD24s9LPff,29314.01533488001,29290.916126769993,29331.15382136937,1.0005846516177868,2.9331153821369376,0.9945142593454505,2746.64606903,2789.27399281,5522.224659168711
FrnkTEL6yZ5Aycq2TrEgu29dCrwKG4LPUZydfiwqspkc,DjvZuMZ46fxKBoBpGMPcRcos4xdTtHFxwMh69DpA2ZFY,9rvDPJLAng4uVVqnnSoEXgNDFhBZQTny9AoQioYDZbQX,42.79457407900077,35.966436478999924,9770.887939049502,228.32071937465693,3.9083551756198007,193.05168379678608,179.878839007,1455.16367172,321991.862947816
KEN5P7p3asnb23Sw6yAmJRGvijfAzso3RqfyLAQhznt,9zj4aX38Uxf3h6AUjS4EipWS8mwbEofasHAf3a1uKGds,CwQDG1MWunn9cLNwcZLd8YBacweSR7ARo32w4mLua1Yr,349118.19250000385,349131.27181899874,348666.66916343715,0.9987066748560613,34.86666691634372,1.0,2135439.393239,2049989.537598,4182667.113376367
BSCNHw8CmxbZ8hCWWzMf5FaG2ajPT6JxfznKUNuRVrn4,7n9kgNL633yGzCYksgnzHyjG73ZLBAwvEae5sbAekbzW,SscdxE99omdG9AiMVwmaEMQySQnCgeAh1sPj2Leutm2,2369.295070492998,2371.4185582809996,2371.3547153737454,1.0008693070383667,0.9485418861494982,0.9944295190794156,5318.115681187,6367.583006503,11654.851263434542
SQDY9uoDoCbNq7F3HAHYYQZbrUzpKxDtdWLvYcqBLak,GiehZ4X2uQjhEKuxSm3ACmEFrabxh3RTvjbLfLjw1xGX,rxDQYV77NKRKYxCjq4cECX3QQsiSyLv1T1FT2X3zNA2,0.019988656999998966,0.019988656999998966,0.020028025248052,1.0019695294212632,8.011210099220802e-06,0.9924431330680218,168.73007208,237.822712039,405.08790837193254
Sid7E679i9ABqptiAVhkmQ27YHN8vaYT4fppPwmxFsJ,GP7KB8o1bv527HG8kTzzzf4wJ5aEGHvcMQvVhLziUfmT,9gYxhAZ1M9wu5pxr8SBoa5NDm21gi3s9vMHaYTME77sa,8660.858834999999,19163.16446500001,92.91038478367206,0.01072761795957295,0.03716415391346882,0.027582091268091885,131895.223364,10099.675477,1693.491737726256
YAkoNb6HKmSxQN9L8hiBE5tPJRsniSSMzND1boHmZxe,CfWX7o2TswwbxusJ4hCaPobu2jLCb1hfXuXJQjVq3jQF,EnTrdMMpdhugeH6Ban6gYZWXughWxKtVGfCwFn78ZmY3,7710075.363597018,7710911.030898043,7710075.363597018,1.0,771.0075363597018,0.9964297920550668,918121.402848,350855.96403,1267724.7381276928
BkwbeSfcX1h4thMDd7obGkHrPevf3QwgzJ4pCEqG18Lu,35yX27bmurdebhfAb8EPmjLETDiUaEUCn9zHaDPbakH2,2CxECn1ZJFoESyUnQysQU8rRgT3iJ5GRs2Mdd6gZjx5g,0.3954372699999986,0.26061232999999995,837.3118555063812,2117.4328244436447,0.3349247422025525,1532.4731050970056,1.04735575,22.42536978,36583.98150362494
MARpDPs5A7XiyCWPNH8GsMWPLxmwNn9SBmKvPa9LzgA,6YjT74rmcfCpw8LSjPNx5JTmZoYLGrTKnf9arfSgZ4SR,F8GSmi3vA8M8TsybLya1LQ4n1aFHCRbZ6k437PeTdXtg,54256.17026799999,56746.36749100045,50808.27024116434,0.9364514669980457,20.323308096465734,1.0,344055.690182,18813.721176,341005.17697595904
SRMuKizofcAMicegrfSv7xs9q76tH1w8aAF7oX9FEWu,72Hj2KWntXPfbie4UgKeTPnm1XVkomDfCnRPKbvfTtPi,6aqJQ5wedqpUt4fFEDUqUmXhrdxCu4bEJsQdVPCADLko,493.83950300000015,494.0263699999987,33.261792948767614,0.06735344731781735,0.013304717179507047,0.061214585525835745,17975.740378,4982.646161,1515.7387021158968
daob129AwBGn9Y5r91uLoWZeYiGzbPmksauMhFZKTze,6VW5GQNyj4LStgmxEHLr5zUfW92vQnmbw8jTnCH7a38F,4VPCCUifPeBA1c7HWK358CHn2nyjm8pdTRk6Ps3KmnMQ,48.686521938999896,43.705263609999975,10262.963094539182,210.79680136933604,4.1051852378156735,194.4060816443333,48.895848206,222.999317509,53659.51192835065
WiiQFxXqp8P9Fs1rt9SVcDyA3KUdJmUsog6wnVQAwba,3S2jpqSYxho6wiz3cafhjXruVY8cg4HYa2v3BqBHYFSj,Dfe67M6TfrG74gKRtdqys4e6E9QirPD53BkF4FujFjuv,22625.836468001,22570.717016206003,22675.190289476704,1.0021813037297207,2.2675190289476705,0.9933815694655153,5929.930052098,20827.091996238,26632.1143652632
NorjjEePhxfwLF4vZjUHCrVVKLzQjEEGQFd3wgjEJmh,34M8pFVqgbV7aqHxvRT5tCv3vu2P1JJYT8J3VaxBK2oG,3AZWBSze3ucsY3xSeuLne3b2pauVqiaJ1SZSV5T9WGWw,0.0015710000002400193,0.0015710000002400193,0.0009356960603324546,0.5956053852256511,3.742784241329819e-07,1.0,38104.416915,2273.804857,24969.00077245739
parEAJhzYzHW87y9VoZAQ22dzQ2MD2ekEtTReaxbMcz,3oyc6hpjYSJEquK6dSvG72NXyz3pqLZz5D8AC71pwgQb,Di2vordgFJVZ1aj1aBpvzXtLfZgJsuLLXawGtVFwX6Rz,2.359020312000041,2.7258165889999475,447.2374861791803,189.5861107698561,0.17889499447167212,221.09996791839467,1115.694007844,144.025791061,243364.1855393858
SoN9GaFpSXfpyR5dth3x7PHPVhvJMpQqqDJfCSmPv1t,9kZ9iS68ViMPtoeqtnhAKuF2iqVyfHPdZHoUNdwCELr,BBhm5fJLjw3HRzjtKB8uMEYjGhY6EDm9co3cqpjrSzB9,1.2492019980000002,1.228001804999999,287.63282112730155,230.2532509456501,0.11505312845092062,223.5557071760041,3.808143674,5.799888752,2173.435692502124
SUiuyGR7SFq3xeRVJonq84fjjeFwRSsFekcevJ53tzy,49GjCCPsv7fBqo6t3iKDrP1xxGDS8uWZbVCdfnp2gjMf,CEwj5xEbbJEjYqM8D6Ai8ByGz1mrh8mkAVsE5fzDSSSx,0.512851,39.887068,0.005519845163505706,0.010763058205025839,2.207938065402282e-06,0.928905303677722,612.848276,1.989013,8.443726390221677
SAMGk1Nd4haC8zQA63DG37pzuEZy8j4q13tSFtCbcRE,9U9TnkHD3jXMAVZtynCVLgDruuqN4pTvLJTmVHCLWS8g,C6zoEbvqSknmi96QWq96UBiPCyNW3YSTvKhavR2BfifE,1.6258310599999999,6.3204584700000055,2.261220434878151,1.3908089779501145,0.0009044881739512606,0.0,54.38446365,0.80801454,75.63840030542165
JSoLLrxK5bYdHwTEWYaGgmeycBCNXKDiBCTw5hXGBg7,xG4wXczA7Dk4hccJ61CHKpDHW4NrNfQwgmWgkb9BuF2,BVR6WgfhsRr9Lob4QDnkEAiNGgAbv7ZieKcY9kSg3QYR,6.0536940419999326,5.173017976999972,1336.1651671019097,220.7189788304013,0.5344660668407639,194.91585385131313,17.75359453,167.939933525,36652.710793988736
iLiUBQ7Z7im6Ew3b4ewwPcehzWgEQRJ1iQz7g6D62NW,GpugBvKWM3TVhYcZjemSdtehBWgfvuGr6uAm9iPjXT6v,92fMXJ3xy8tEyMUWLHKRLyhPw2nECBo77GtDiBBbYrjX,0.0016211029999340099,0.0016211029999340099,0.0015850567519900911,0.9777643691083256,6.340227007960365e-07,0.9950551936169987,1865.493847277,1097.987244125,2916.5713244500557
Lee1XZJfJ9Hm2K1qTyeCz1LXNc1YBZaKZszvNY4KCDw,9DgFSWkPDGijNKcLGbr3p5xoJbHsPgXUTr6QvGBJ5vGN,2hNHZg7XBhuhHVZ3JDEi4buq2fPQwuWBdQ9xkH7t1GQX,1773.9132825569832,1504.5476221340077,405611.7279554416,228.6536393542181,40.56117279554417,195.41979004488596,7210.368811965,56420.72904439,12674404.09397604
BUSD5rCfUDpCxKGMvYU2yThChxgHoioK74PTPociGnv2,CcFHbafgYDZ8yA8Me1PdtDiVb2eeaS61LbqyKKK5CsNZ,26R9s4nmF3CFDTkiePDwRmtscn8i7r2eygbSijditJ58,580.0446907999999,580.2788367299999,579.4500880921042,0.9989749019044109,0.05794500880921043,0.9990434957762739,69.97323352,76.18598313,146.01461500692386
MNkYtBe2HtgL15osfaMmyqNW3vo4J399FXXCS4a39Wf,2mUxDu8NrhSKhQJMgKfYLxJqZzeEbmwhQdHeHMyohyuk,AZCBmDBcFsA2jHHhfFJBTsWCHx9XnnKmGfFsue3ZVW1t,199.92001570999992,200.01896682000006,199.5977013499061,0.9983877834395463,0.07983908053996244,0.9988029346827826,2195.17500094,1941.27352264,4130.585594885206
heyk4SZTeCUV6a65WiVA5bzic3KcxgVf1qxobfeV4tQ,9ZDpBKPqMABtGfq66FbVribaArMvtk63xxy91onZAtDt,DaTP4s6N7xxSPinbNZ3FB52EpRDRt87QShTuN3VPCW52,32.704702762000124,28.497010114000204,7320.602262837667,223.83943728556181,2.928240905135067,195.31906149972227,631.309452132,4498.390150327,1019933.2949397473
C98Sspw7XqnMsgxea3SLQVdbMDL8pKUc3RE82UvX9eq2,CSqgQJurPCzGxb4Cgwx5R61hWQUiaoUHcShNc8r1cKEL,6S2CR5EnukPhC914XkAns8m5GixjMAoUuZMsS5ubHuWc,45.97707799999989,45.95041300000014,0.0,0.0,0.0,1.0,899.640458,968.673729,968.673729
BSC8REUo9LpiiWUuqMuLXs2D2yJsJfGd4HdiF3wCLxk5,AZjEH1zWVx1UJ6udMyRijGTzPteuLnaY18yNNmprJEsh,Caf8ypkSVR8xYnXNhjvfvdGCC7mrM3C11rz8Xi6NA6aK,142.93575422999947,143.00290829100004,142.87321062480922,0.999562435546465,0.05714928424992369,0.9966340558435908,3305.712161016,3026.56484371,6320.643294341042
MATSnbbiTCv7Dc3trJrkrqjx7ckKdr6fwPoVwv9q3sD,631WX9JizSHJm4w6VanZeJAst9T8DeUUnPLesdGkCVtK,211maUSfpnXbPuW1iBu8b4dtJv5EbN1j7JJiEX5TZKEP,103970.56948900002,104049.32138400002,103534.58535009078,0.9958066581624778,41.413834140036315,0.9910586686910691,26037.769132,25927.334573,51624.093549968355
ZUCKWFa4LTL833dPhhpeeRWZcaAEoMeYJPi2iKn4F8N,7eEYpq6ShaJ9opZWMxitRFrdCHh6vfyHhGfoSvFht3N2,H8VggnHmuwd1wvwpT8eg9cUJFEfZ7HAaeYjgXrSm7A2u,0.0015989829998943605,0.0015989829998943605,0.0016033789197434645,1.0027491973644462,6.413515678973859e-07,0.9978028401416138,1679.577333789,2167.626121682,3847.0583239478874
vEnkoSUkpnbRrPgBz9DfcVxNz67zjwMYBZraAvDDNSf,DtfyjjsZ5yCjWKLKHvwsfXs5QVsmm1QkK6Sh9JZHoq1g,e5wrKCRv4GhHvEf1VD5Pq2KGaZDXP77nTL612Jyrxwy,1015.1013140000001,1015.6600600000006,996.4214019771347,0.981597982619826,0.09964214019771347,0.9971223050276902,1073.369961,887.125923,1938.1908335138987
AUSejoEUCh2DBs9mof6BNC8Pubs22w4cJa1ccV9h44R,4xkyD7AfGQDwsQMy9MosRRNGoVJ1zosNinesxg1TzHG7,Cbm5gsQe3nSiCsFrvepVzMCD9xLK3ri9g3ypS2hdmVJ7,3740.1882960000003,3741.6639440000035,3738.5769693262205,0.9995691856809714,0.37385769693262205,1.0,14607.519744,14261.838786,28863.065401328793
HDSBGqAuMRr6X2AfmmbXQPpRgU6VEhtfNVVZ3wUTZXg,DCZ1d8kNLgDcdSd99y4udLgwq46mfDXNS9KXj96kQf5L,Fq8GGYQM5Pz3q7LmVMbrXHJgsxA5ev86kTq8yGgGuYsa,30.383835710999847,30.536459863000346,30.072422067466764,0.9897506803783717,0.012028968826986708,0.9976578366079932,10964.485368377,10370.714260296,21198.53120635641
SEQV6QiTpvTzrceiaYg9Avnwf7oc8ZALpnQMz6TyT4A,3dFMPj4r9mMmPHF32mz1gNDX7f8ftidWof7S8YiYTs1j,Fc1ED3YPeQfXQosHbd8DTaBd2AV5gHQtwiSAL5C5pUhi,3449.940243778,3456.898444393999,3415.7130636975144,0.9900789063978095,1.3662852254790059,0.9950080446400409,4827.95050641,785.783618223,5561.912979007408
STK75uPSyBnEhGTTzb1nwmP3n427XoXmfRhXxxhyady,6TYyD5fUmDe6N65avW1Ny2RxzRNobw2RRgKwH9CTzSAU,54zDfk4cx2vGrEajPtodWpArNe5eUurytyxd4X3aZAxK,388.81617643599975,435.5605367820005,75760.10773465264,194.84813731026176,7.576010773465265,218.14142632207884,622.988285469,113.473249115,146141.32340109494
Cob4usZcpHEY7Qt4ZCwj6WVg9S44zvzYV2v9qYF65dTf,NhFM9UXE48PyNAyeyPYA3iXztqKVJwA4bTdLj4ysM8w,6TuFuynuBoeskxyR2cz4wxyidk8dpDK7kAWw3UkjQGx,143.08841999999717,10444.37741900003,1.5388824800042782,0.010754766039098822,0.0006155529920017114,1.0,68318.718793,213.740329,948.4921657096987
KZMu9QBEdL97EFgamLbN5DE1AoKBG4HdrKKJo4Vuon3,DD4ACBWyVqdaKWh7v5btsgqQCCMwbKnuL2xd9pv7Gyuw,GcYqiJ1MAuYbNTNYXm1F1gQYTfTgkErACAhNU5dpVj9T,45.169328680000035,45.61904619999996,44.656162831384805,0.988639064081498,0.017862465132553924,0.9988029346827826,1916.67405884,1170.47633069,3063.974041750771
Lid8SLUxQ9RmF7XMqUA8c24RitTwzja8VSKngJxRcUa,4PgzyzLtds9bKZ2to9PMnKqJzKEUpjvNUaeN23phegax,AtymwxoVN9peZo7EXTcDz9jKVc4vRmisJKKrNfe3ewBa,160.00972473199636,136.317371441001,36610.88149571904,228.8041027321269,3.6610881495719045,195.44790111430711,995.237505245,7666.638934888,1726142.9128180293
ercAoEmXjQzEvAFbdjAo81KtMxRGn9AW1ju882upmPH,CMRhskR2Eg6V42RTSdRTXGdozyPbWB8U9dVpijPWb9T4,7TKLLgrWswt6ZJ1pXhVR3FyufHGjJFqiEXxvWJfDcgRm,66.5605429719999,65.13421520399993,13013.615300257961,195.51546185151187,5.205446120103185,190.6873631103092,347.57914074,919.671963685,243326.91791330546
KwnjUuZhTMTSGAaavkLEmSyfobY16JNH4poL9oeeEvE,J63v6qEZmQpDqCD8bd4PXu2Pq5ZbyXrFcSa3Xt1HdAPQ,BnKQtTdLw9qPCDgZkWX3sURkBAoKCUYL1yahh6Mw7mRK,298.7374430000003,10531.644004999369,8.09069507395031,0.02708296286097053,0.000809069507395031,1.0,273291.56151,676.050078,8077.595288591974
7dwD9TF6uikvHXxPFK9AsSim54yJoujQjY9vU6gNFumk,CquVr6atkvwueDYficKjn6SSEWq4F4rH4VSiBbW4GBWU,8BCa6ge3b7ho3TfZuM64Vk1hgbrJ3J7EPiAb9uP86CGd,7.14799999999979e-06,7.1780000000000455e-06,0.0016420810137713325,229.72593925173206,6.568324055085331e-07,230.62326398338035,0.003945401,0.003562552,1.7279683208002425
ALLwa5WNZbvQsRKAqe1jdRGemdYQnW8E5k4msbRFcYtu,CGoM82Hbz7QVqTgvQatYtjvDWBvoUJp5qm21P8iMs9yb,3dxNNww8TivyN5FMy5dCNdi3Zcxv6e4kUfSPxfFwpdNq,2.8322511250000018,2.814170169999999,9973.417582224107,3521.374744700331,3.989367032889643,3515.6428528738625,1.445254866,7.176553688,30319.483666270422
ALBpShJ9NLpE739pcHDF2LNVk5J4VYPvvKuV6jMPitZi,D6d156U1bPiJpDYRLextvDRccgFk7QzkQbJg42ceKEu5,GNcM8U5g8RwTZffwwm3kSQqUNPSwv5d2fbN9sLxPJqt2,14709.796241000004,14723.24923500001,14678.604207060003,0.9978795060496446,5.871441682824001,0.9967406580481823,52886.718638,47382.701902,100002.83814497432
wrmcMSHFi3sWpAEy4rGDvQb3ezh3PhXoV2xNjgLBkKU,8p4mGnARWPBu6P2Gcw4adodLkNDorrXniZMhaY7eJXUn,AyY89zccbsgp9LKFgH4CFZMJmpSgqmPSdTfukhP227rc,0.020331340000000003,0.18872705000000423,7.469265246142544,367.37692872887584,0.002987706098457018,3525.4715318173808,27.05884123,0.09810425,10286.657726564972
MATgk4zXLXtYkwBH678J1xZbRDZ45LicNzkRBHkxTuY,y8dALFo1bJrSzPYjMX14HJX448pXqYmrfXHD1K8MXih,GN7Yuet3UyiWS5YVkEHv6oQKi4HGBJc3XDPt9zQhAqZz,25190.103332999992,25351.659797000008,25202.2003891868,1.000480230510645,10.08088015567472,1.0,7480.483017,7663.283274,15147.358647179126
HEDSDjj84KS7LKhZY7ejkCACTdPen62rKhCby1wXtgxc,EnnjMSFttpCTywBrYNt1J5QQeoSVkvzPipJDa8Y7kJow,6bjVT6JN2rSvpyn9PdfLYC8wJn4LWh49jpY47fnLDXZk,3.968711865996738,3.9658112180004537,3.734411835118965,0.9409632044882832,0.001493764734047586,0.9950058101225019,39083.861881614,9136.960777094,45867.80497997091
DFWzVTzNBrQZLjoQ4yQwkj9HuoXmfkuZP9V5vbymZe23,DhgiEgiNdqZdRdo195UUHnoEJUtefK8buko8nU97XJUZ,2K2kkXsouBHtWVjtcgkyiXd8eP3oVBvq1bTJzcVdLLr2,1099.8558226500018,1292.3042779559928,931.2994783781021,0.8467468728166765,0.3725197913512409,0.9948708141842671,60864.924615563,7975.619370234,59471.895518939236
BUSDgu5JdqP1rndBvXvanbEufS94FNh1w5FJcAj6vawb,Bgzr8cWubt89JQFXndVjtdKmDbGzuPxNhvjH1EhWCwbo,Dxaf8xPBBQsasRKW5Aa4Sw2YrbfGofY9xZueyyF23FBW,10078.681452159999,10028.870072539998,10139.772771929049,1.0060614396892122,4.05590910877162,0.9995794369476986,4624.1044851,10323.64822893,14971.439699473005
RajgMbScQbqqrdJfR2rxfHJiTiY5b6bJ2tTXiF4aPxy,725ZA3fhyBAKb5iopNRrcbSuQa3LXA1656Q3mBvYPxeg,GLA6i1dSZpUfk2f9Nj8uiG7xyDdAR2reff8oEiZH3617,5396.876818819976,5392.499653850013,5399.295865346527,1.0004482308208547,2.159718346138611,0.9995794369476986,68126.09844243,113681.19578942,181790.020338186
BSCrK1Nx9PXU9mF7STWWBqeHLxmtJDr9h7jheEy4tAWX,FfSySSbVJPvEo5a5AvrP3nySoXpRE2QPn1uUMpJJ1x7v,HL7Vcj6838ZmvBHDbQxXfjBNckNi83WvPiZQoMQLFeRM,0.0002878339999999868,0.00028794900000006507,1.0203876164107262,3545.0558878060715,0.00040815504656429045,3522.118906734291,0.85780728,0.945621118,6371.564766881929
SAMyS8Jr2HJrkFwYVKbpUwsNStnQmvz3f8Tup8bWUWF,6jPzm5TFfquvgm25sTyN3MMGBfufRaFHMxobDWv6hMFW,Cj9ECoDmxsHTDzCY5ZA6RWrPbg9uFzEC1Qc2kso2vJG6,1582.8215695899853,45.391709629999696,1566.0557680511715,0.9894076490610645,0.6264223072204685,0.027876436357775217,563.80229108,105551.21237019,3500.2219534763226
KEVpg4SYCVrqFxKijQH6hm4QxsRdoE51ud64bEEFUC9,2bPenuBYfqzD8p5dFjCcggwkHDsc2RQDnx9AoyYGUBjA,AE6n6iLuX8oYu61vt5hoDYkjswpnxFxrhSehxrnQTnbx,2118.9163769800007,2123.019653489001,2113.468598873053,0.9974289791866575,0.8453874395492211,0.9950058101225019,6049.715058839,1574.971113615,7601.266524329965
B2izdXFYb2sNwbWWHmh75T4aQFtfXsUxem9u2p61HGzf,4DYwgJtxwuJdAjkj5RJSNH4e7U329V5cNp7d3a1nLrZv,EXNW64GEf1ACC6xY9BtKRiunrs6GoJSXBdxWN2eTPmrF,3129.512389999949,3055.842077999998,3185.328908462945,1.0178355320277217,0.3185328908462945,1.0,7320.161283,32510.437561,39961.157815011036
GokA1R67GqSavkd15zR62QD68Tuc5AEfvjssntVDEbM8,3YB7hfpBdbQEuZqLGWVDpRPmeZWCUsrrWyqGXegnQ6Cg,4DPCj6Z1DsG6HUtwSogBGqXEUxdEV5a8YVrrFtcnz7UW,40316.90448799997,40326.799399000076,40303.40284804588,0.9996651121874173,4.030340284804588,1.0,21105.156894,11489.61976,32587.70879417355
