0,1,2,3,4,5,6,7,8,9,10,11
BUSDTd9WiT6uBHJRgNvFXBsA7JrifsAtWzKfioN7ERcy,DyBxrn7gSc1EwnpWhDyhzvMHPtxpmBqRqotapLcKcfTM,Cds99GeBgoCpqBsoRWu1C6fF9LiUMd4pXQQD24s9LPff,57853.70588163002,58120.99637269,57755.42347749836,0.9983011908635077,5.775542347749837,0.9999230059285434,3173.76901773,2340.57242865,5508.769608374743
BSC8REUo9LpiiWUuqMuLXs2D2yJsJfGd4HdiF3wCLxk5,AZjEH1zWVx1UJ6udMyRijGTzPteuLnaY18yNNmprJEsh,Caf8ypkSVR8xYnXNhjvfvdGCC7mrM3C11rz8Xi6NA6aK,622.2479701569996,620.7394247190005,623.6069768863047,1.0021840275814193,0.2494427907545219,1.0,2621.343648892,3688.098918094,6315.167653815559
NorBXypYWTkV5PMs6Q9JsvNkmRwe7H9Zr1Kz2TcJH2Y,C82XDu1d1UjtuUwnkSTwVuWyH3AqpJ3ftb9W7en8rEUu,F7cZoYpWQSFuYJzW2UUFw6sVbTtaihyD5upeeHRUPABk,0.0015299589999999974,0.001575839999999995,0.0,0.0,0.0,2619.1037426992484,0.2413313748,0.6643775552,1740.0737413896964
BSCuChvaSj9b5HUSqgDVRzcnr2sSn7cXaamt1jbKH6hn,GnKpRj5kBVPMJfiwZtEuD9GYApLzPdW5JFuZTcyX4BTc,3dmwD9okkomV9nDwyuh4UMhKdUR13QpuKxRo89ycZB5t,441.13437258199997,439.70014368500006,442.2575475400345,1.0025461061931322,0.17690301901601382,0.9992186110461618,1273.180374797,1824.566718582,3099.563049536804
BkMBnJpvHKtWhUvrgRrLesXfi9RUV3ELgdBaJcdH7hcY,5uerVwBnZQsuVhZ15igs7ZgmcqhHnYWbwoRtLyRqLvR,9YWiQh5d4jCtgMdzcGLv9bWgnLaFtzvDDh2nnhJdzhBX,1.7376740260001498,1.738922827999886,1.7378101625726654,1.000078344137323,0.0006951240650290662,0.9996172275708358,1471.600204339,1400.904534996,2872.0838029516053
SoN9GaFpSXfpyR5dth3x7PHPVhvJMpQqqDJfCSmPv1t,9kZ9iS68ViMPtoeqtnhAKuF2iqVyfHPdZHoUNdwCELr,BBhm5fJLjw3HRzjtKB8uMEYjGhY6EDm9co3cqpjrSzB9,0.5894204100000042,0.5794032420000002,121.4034465109055,205.97089013409737,0.0485613786043622,202.90161483308196,3.754861251,5.817142315,1953.6996836258531
SEQV6QiTpvTzrceiaYg9Avnwf7oc8ZALpnQMz6TyT4A,3dFMPj4r9mMmPHF32mz1gNDX7f8ftidWof7S8YiYTs1j,Fc1ED3YPeQfXQosHbd8DTaBd2AV5gHQtwiSAL5C5pUhi,87.59010928399971,87.58801234000043,87.51613443353095,0.9991554428796418,0.03500645377341238,0.9999250056245781,3792.975365379,1811.394942044,5601.031078638504
DEDaBEWzMCXohXYXoLzB4jK1xqMsd3SS9izXp2xvg9pe,GC5zHpW5GuVdw3C7covC6viyGdLS8ZAaVGDKMeru7p78,F8juxtAFueW19vxkdDArUkjVWAv9QV6yy1wCXUWQiXvh,0.05996982000000628,7526.153995210305,0.05996982000000628,1.0,2.3987928000002512e-05,0.0,32.58955517,8576842.20631466,32.58955517
HEDSDjj84KS7LKhZY7ejkCACTdPen62rKhCby1wXtgxc,EnnjMSFttpCTywBrYNt1J5QQeoSVkvzPipJDa8Y7kJow,6bjVT6JN2rSvpyn9PdfLYC8wJn4LWh49jpY47fnLDXZk,6.1080534089960565,6.30863498798135,5.899974802745545,0.9659337284208993,0.0023599899210982184,0.9989179241564933,39143.709346412,9078.965621871,46879.37060569129
BSCrK1Nx9PXU9mF7STWWBqeHLxmtJDr9h7jheEy4tAWX,FfSySSbVJPvEo5a5AvrP3nySoXpRE2QPn1uUMpJJ1x7v,HL7Vcj6838ZmvBHDbQxXfjBNckNi83WvPiZQoMQLFeRM,0.05128538199999988,0.05125939800000001,171.88230247172143,3351.4872224549645,0.06875292098868857,3345.9363602904273,0.879978304,0.92311141,6037.908073211554
7dwD9TF6uikvHXxPFK9AsSim54yJoujQjY9vU6gNFumk,CquVr6atkvwueDYficKjn6SSEWq4F4rH4VSiBbW4GBWU,8BCa6ge3b7ho3TfZuM64Vk1hgbrJ3J7EPiAb9uP86CGd,1.2761045920000005,1.2988372729999993,259.2871107278565,203.18640991760995,0.1037148442911426,204.5392160993635,2.301230939,1.87814387,851.7329277783654
DFWzVTzNBrQZLjoQ4yQwkj9HuoXmfkuZP9V5vbymZe23,DhgiEgiNdqZdRdo195UUHnoEJUtefK8buko8nU97XJUZ,2K2kkXsouBHtWVjtcgkyiXd8eP3oVBvq1bTJzcVdLLr2,5230.134464937989,6460.576822055993,4287.195207705565,0.8197103222577273,1.7148780830822261,0.9972818842896035,61993.237571968,7024.428128204,57821.83166766991
NorjjEePhxfwLF4vZjUHCrVVKLzQjEEGQFd3wgjEJmh,34M8pFVqgbV7aqHxvRT5tCv3vu2P1JJYT8J3VaxBK2oG,3AZWBSze3ucsY3xSeuLne3b2pauVqiaJ1SZSV5T9WGWw,0.001724000000194792,0.001724000000194792,0.0010408359048509304,0.6037331233952019,4.163343619403722e-07,1.0,38036.233836,2313.830183,25277.56443899854
C98Sspw7XqnMsgxea3SLQVdbMDL8pKUc3RE82UvX9eq2,CSqgQJurPCzGxb4Cgwx5R61hWQUiaoUHcShNc8r1cKEL,6S2CR5EnukPhC914XkAns8m5GixjMAoUuZMsS5ubHuWc,48.18505100000027,48.22903400000007,0.0,0.0,0.0,1.0,958.49544,854.46502,854.46502
ercAoEmXjQzEvAFbdjAo81KtMxRGn9AW1ju882upmPH,CMRhskR2Eg6V42RTSdRTXGdozyPbWB8U9dVpijPWb9T4,7TKLLgrWswt6ZJ1pXhVR3FyufHGjJFqiEXxvWJfDcgRm,0.007692653999924914,0.008027841000000535,1.3371519693720395,173.82193055674816,0.0005348607877488158,169.5903477314408,315.352085144,983.216776455,221559.18325921585
wrmcMSHFi3sWpAEy4rGDvQb3ezh3PhXoV2xNjgLBkKU,8p4mGnARWPBu6P2Gcw4adodLkNDorrXniZMhaY7eJXUn,AyY89zccbsgp9LKFgH4CFZMJmpSgqmPSdTfukhP227rc,0.01003098000000005,0.10531083999999424,3.16434700315459,315.45741324921136,0.001265738801261836,3334.0001333600053,49.18877938,0.16677845,16073.00447864252
ZUCKWFa4LTL833dPhhpeeRWZcaAEoMeYJPi2iKn4F8N,7eEYpq6ShaJ9opZWMxitRFrdCHh6vfyHhGfoSvFht3N2,H8VggnHmuwd1wvwpT8eg9cUJFEfZ7HAaeYjgXrSm7A2u,0.0013814700000693847,0.0013814700000693847,0.0013854492750080191,1.0028804642434759,5.541797100032077e-07,0.995407256614858,1690.42965651,2156.665995265,3842.059860472975
Dg3mAgpwDfVNnbGWcsxL8sUcSkEbjSJQhKAWNigG44Ju,EATxwd8YA2wV93VJcKMmH2Kn2Y9XfJVUB9hHVu3udwEy,GiGvrRi7NMHfHKanG2B8xyCEqe8jaafWins8bhrLVEaa,0.00486112900000002,0.004896190999999966,0.9865797460411052,202.95280089071926,0.0003946318984164421,204.03124942616213,0.207168794,0.251975215,93.45630494032827
BUSD5rCfUDpCxKGMvYU2yThChxgHoioK74PTPociGnv2,CcFHbafgYDZ8yA8Me1PdtDiVb2eeaS61LbqyKKK5CsNZ,26R9s4nmF3CFDTkiePDwRmtscn8i7r2eygbSijditJ58,0.060329119999991576,0.059969819999999174,0.06028271798065315,0.9992308520439477,6.028271798065315e-06,1.0,98.81223855,47.3244478,146.0606851186863
SERgf3DMJpQxUifu7VoFKmfne73d2fDJxSrxUMrcNJB,AJfM2GZ2tTB8UtN2krcyR9xufRJEx2mhSCbJyMgPo3GU,F4yRYkufQvERZcEKnKjJwRLU1btiMBUuEwq46hfm11QD,3.067507940999999,3.0649932290000024,532.4431833823304,173.57516056136288,0.21297727335293218,173.6804626847526,29.270237546,27.972593319,9938.879131852522
AURHmCnNwiW4uA2Qj1XvEh4iKgRUZYXtiY7FKAapUV5Y,BKWm4TRnTeKwfWXRyuzjRHU7iZDkPuXBX5b5V5jSVfGJ,A5Ww74HVrkj9nPeC7pHKLfgeDMEhBCpW1efQdz3TGLEg,0.0011393659999612282,0.0007885699999974349,0.22188388819811394,194.74329425809134,8.875355527924558e-05,173.68746122427427,289.555503518,1809.871282843,370740.94088537677
RajgMbScQbqqrdJfR2rxfHJiTiY5b6bJ2tTXiF4aPxy,725ZA3fhyBAKb5iopNRrcbSuQa3LXA1656Q3mBvYPxeg,GLA6i1dSZpUfk2f9Nj8uiG7xyDdAR2reff8oEiZH3617,18251.25829258999,18258.878511119998,18251.135097428083,0.9999932500455622,7.300454038971234,1.0,104175.0193439,77580.96298748,181755.27915474586
MATgk4zXLXtYkwBH678J1xZbRDZ45LicNzkRBHkxTuY,y8dALFo1bJrSzPYjMX14HJX448pXqYmrfXHD1K8MXih,GN7Yuet3UyiWS5YVkEHv6oQKi4HGBJc3XDPt9zQhAqZz,30591.370268000006,30588.77651799999,30615.924239239877,1.0008026437202637,12.246369695695952,1.0,8239.704289,9290.809349,17537.127184904395
parEAJhzYzHW87y9VoZAQ22dzQ2MD2ekEtTReaxbMcz,3oyc6hpjYSJEquK6dSvG72NXyz3pqLZz5D8AC71pwgQb,Di2vordgFJVZ1aj1aBpvzXtLfZgJsuLLXawGtVFwX6Rz,5.612509231000018,6.544122432999984,954.4759074521305,170.0622427808578,0.3817903629808522,198.93363613685202,1281.450783966,170.803894905,251905.03421433482
moFiBS1R4Lf3E3zzmBPnw3NF4RhWPkhREFviuzUaCAU,44ALBrpqi9PfZkBRTvbtRNtFJGsatfY4QydjtMbFWq8S,2ho8qEEie1UjVwWNBo9y4oAJZMyMLx8zPj9bxyUz6uWs,1000.6794421359955,1000.7682919870058,999.4011321335106,0.9987225579454733,0.3997604528534042,0.9975400801279656,38902.600245426,28195.622498762,66979.16795451497
WiiQFxXqp8P9Fs1rt9SVcDyA3KUdJmUsog6wnVQAwba,3S2jpqSYxho6wiz3cafhjXruVY8cg4HYa2v3BqBHYFSj,Dfe67M6TfrG74gKRtdqys4e6E9QirPD53BkF4FujFjuv,19302.096038343003,19314.86706541001,19281.10030834644,0.998912256474382,1.928110030834644,0.9960994330001811,18765.026042038,7967.415793955,26680.95286128798
AyiATPCAx5HZstcZ1jdH9rENwFb3yd9zEhkgspvDrCs4,DvHVapj4g2Y1tJVSw2ubSPkPBsJPb8fW387ZWXwaKmZq,DKjqWWgrtDRPKrnMWtZ4UiJk4sGQVCQgFjSo7BvfngvK,0.0003983300000000023,0.0004022500000000484,1.0355378776062036,2599.698434981542,0.0004142151510424814,2629.7796244674696,0.8445344,0.31858958,3033.3551440197243
SRMuKizofcAMicegrfSv7xs9q76tH1w8aAF7oX9FEWu,72Hj2KWntXPfbie4UgKeTPnm1XVkomDfCnRPKbvfTtPi,6aqJQ5wedqpUt4fFEDUqUmXhrdxCu4bEJsQdVPCADLko,0.04073599999992439,0.04073599999992439,0.0023777344223066925,0.05836936425547687,9.510937689226769e-07,0.05842998968301673,17693.037092,5263.528168,1340.279223361119
BSCNHw8CmxbZ8hCWWzMf5FaG2ajPT6JxfznKUNuRVrn4,7n9kgNL633yGzCYksgnzHyjG73ZLBAwvEae5sbAekbzW,SscdxE99omdG9AiMVwmaEMQySQnCgeAh1sPj2Leutm2,251.41899160999947,251.80762855300054,250.79127184060712,0.9975032921523842,0.10031650873624286,0.9961638288801569,6724.109313544,4944.719535961,11633.07192273407
SoNcU2iwHMw6dGzsYNQkYFkUjwN1UdAjrWVRnStrZu2,8ivTTid27jZnYNc4w3CTA1Z6QS2twsFb8WMwUabeDJgc,CyXm53PMvHCbeXJBykU46Rcbo28xk5srhMZFg7gv6EYB,9.329060339000005,9.252303146000013,1901.4044578464284,203.81521704792002,0.7605617831385714,200.95388791515566,17.055084098,21.697822734,7836.3475048955515
JSoLLrxK5bYdHwTEWYaGgmeycBCNXKDiBCTw5hXGBg7,xG4wXczA7Dk4hccJ61CHKpDHW4NrNfQwgmWgkb9BuF2,BVR6WgfhsRr9Lob4QDnkEAiNGgAbv7ZieKcY9kSg3QYR,5.702478628999955,4.88770741999998,1123.5738054311535,197.03253243549548,0.4494295221724614,172.91599481597848,17.988739099,167.257856878,32465.925532845304
Sid7E679i9ABqptiAVhkmQ27YHN8vaYT4fppPwmxFsJ,GP7KB8o1bv527HG8kTzzzf4wJ5aEGHvcMQvVhLziUfmT,9gYxhAZ1M9wu5pxr8SBoa5NDm21gi3s9vMHaYTME77sa,756.1249310000094,1677.5805000000164,8.878591188644107,0.011742227804738258,0.0035514364754576427,0.028733151885394718,130725.760013,10554.14246,1838.2654323434626
Lee1XZJfJ9Hm2K1qTyeCz1LXNc1YBZaKZszvNY4KCDw,9DgFSWkPDGijNKcLGbr3p5xoJbHsPgXUTr6QvGBJ5vGN,2hNHZg7XBhuhHVZ3JDEi4buq2fPQwuWBdQ9xkH7t1GQX,1300.3247696969593,1106.0952742690179,265093.0263895273,203.86678202808307,26.509302638952732,173.141135130596,7273.774979281,56345.278979185,11238566.659928607
KEnkcdADoLR5jS2CLLLesy8TtFsyWL37BhXNfDMzWzP,3qsjFRuw1qeLMPo4DLwaQevenGAGBj9dA3Q6rb8ax2YR,77iEv8zPQAEyCcEbvBRSB6AFcUdfkhiqnAKtPxk76rNN,2.9333850000000012,0.032840999999999954,0.034527386240190666,0.011770492533435144,1.3810954496076267e-05,1.0001140129974817,111.601963,0.374005,1.6876577136393283
7oAd7xG4m3oC2qeWB1szghTebAZyyGPAFDJ4wwwbRSNi,D9yh4KAysxt9GLacVe4Wwh2XqghhcjTCSTV9HuM7TBJd,HDYfJLpZKaMFb84jM4mRytn7XLR8UFZUnQpSfhJJaNEy,9.956799809995573,0.2501514150000048,9.95049596184333,0.9993668800947556,0.003980198384737333,0.02513446145520013,1016.439800382,299062.06303685,8532.560168224234
AUSejoEUCh2DBs9mof6BNC8Pubs22w4cJa1ccV9h44R,4xkyD7AfGQDwsQMy9MosRRNGoVJ1zosNinesxg1TzHG7,Cbm5gsQe3nSiCsFrvepVzMCD9xLK3ri9g3ypS2hdmVJ7,1425.2996880000028,1425.0224069999986,1425.7972912546506,1.0003491218435234,0.1425797291254651,1.0,14298.387187,14563.778258,28867.157324294138
SAMyS8Jr2HJrkFwYVKbpUwsNStnQmvz3f8Tup8bWUWF,6jPzm5TFfquvgm25sTyN3MMGBfufRaFHMxobDWv6hMFW,Cj9ECoDmxsHTDzCY5ZA6RWrPbg9uFzEC1Qc2kso2vJG6,3019.0537494499968,118.81342663999965,2971.662010587961,0.9843024527567058,1.1886648042351844,0.028890127119737243,623.46980699,113371.67509702,3889.004965570464
daob129AwBGn9Y5r91uLoWZeYiGzbPmksauMhFZKTze,6VW5GQNyj4LStgmxEHLr5zUfW92vQnmbw8jTnCH7a38F,4VPCCUifPeBA1c7HWK358CHn2nyjm8pdTRk6Ps3KmnMQ,16.979839246999866,15.299576063999979,3266.800517036654,192.39290016328385,1.3067202068146617,173.13454025421345,49.439729294,222.198421595,47982.07447022254
KwnjUuZhTMTSGAaavkLEmSyfobY16JNH4poL9oeeEvE,J63v6qEZmQpDqCD8bd4PXu2Pq5ZbyXrFcSa3Xt1HdAPQ,BnKQtTdLw9qPCDgZkWX3sURkBAoKCUYL1yahh6Mw7mRK,477.85320899999954,16714.013547000242,13.47330577806809,0.028195490841766226,0.001347330577806809,1.0,272782.347061,690.104384,8381.336552353921
STK75uPSyBnEhGTTzb1nwmP3n427XoXmfRhXxxhyady,6TYyD5fUmDe6N65avW1Ny2RxzRNobw2RRgKwH9CTzSAU,54zDfk4cx2vGrEajPtodWpArNe5eUurytyxd4X3aZAxK,126.17314200499978,140.96655925200304,21836.891122521825,173.07083564310787,2.183689112252183,193.45147414859588,548.534520018,101.043548722,114482.3512120827
BkwbeSfcX1h4thMDd7obGkHrPevf3QwgzJ4pCEqG18Lu,35yX27bmurdebhfAb8EPmjLETDiUaEUCn9zHaDPbakH2,2CxECn1ZJFoESyUnQysQU8rRgT3iJ5GRs2Mdd6gZjx5g,0.0474240100000034,0.030725729999997453,123.16964911825936,2597.200218164818,0.04926785964730374,1620.7455429497568,0.8526749,22.71275829,39026.16920291631
KEVpg4SYCVrqFxKijQH6hm4QxsRdoE51ud64bEEFUC9,2bPenuBYfqzD8p5dFjCcggwkHDsc2RQDnx9AoyYGUBjA,AE6n6iLuX8oYu61vt5hoDYkjswpnxFxrhSehxrnQTnbx,249.7515621930006,249.76986530999966,249.58974093405575,0.9993520710840648,0.09983589637362231,0.9993668800947556,4540.251858108,3073.153784891,7608.518207701412
Cob4usZcpHEY7Qt4ZCwj6WVg9S44zvzYV2v9qYF65dTf,NhFM9UXE48PyNAyeyPYA3iXztqKVJwA4bTdLj4ysM8w,6TuFuynuBoeskxyR2cz4wxyidk8dpDK7kAWw3UkjQGx,20.295117000000005,1732.3579270000046,0.23868921880826804,0.011760918589839516,9.547568752330722e-05,1.0,67572.792931,222.087156,1016.8052725495743
GokA1R67GqSavkd15zR62QD68Tuc5AEfvjssntVDEbM8,3YB7hfpBdbQEuZqLGWVDpRPmeZWCUsrrWyqGXegnQ6Cg,4DPCj6Z1DsG6HUtwSogBGqXEUxdEV5a8YVrrFtcnz7UW,21806.621994,21809.878613999997,21804.376143257246,0.9998970106079074,2.180437614325725,1.0,19903.853042,13889.254625,33791.0577812749
ALLwa5WNZbvQsRKAqe1jdRGemdYQnW8E5k4msbRFcYtu,CGoM82Hbz7QVqTgvQatYtjvDWBvoUJp5qm21P8iMs9yb,3dxNNww8TivyN5FMy5dCNdi3Zcxv6e4kUfSPxfFwpdNq,12.345324825000002,12.330955025,41006.19419717,3321.5970238490663,16.402477678868003,3315.3530685250325,1.725514897,6.865429965,28492.789447688883
FrnkTEL6yZ5Aycq2TrEgu29dCrwKG4LPUZydfiwqspkc,DjvZuMZ46fxKBoBpGMPcRcos4xdTtHFxwMh69DpA2ZFY,9rvDPJLAng4uVVqnnSoEXgNDFhBZQTny9AoQioYDZbQX,6.433294768003577,5.430217513999878,1311.7888934321961,203.9062316802995,0.5247155573728784,173.4727545426443,313.54795927,2515.338254326,500277.03841021133
B2izdXFYb2sNwbWWHmh75T4aQFtfXsUxem9u2p61HGzf,4DYwgJtxwuJdAjkj5RJSNH4e7U329V5cNp7d3a1nLrZv,EXNW64GEf1ACC6xY9BtKRiunrs6GoJSXBdxWN2eTPmrF,6277.709583999971,6184.708073000005,6355.1792186756265,1.0123404298397465,0.6355179218675627,1.0,9173.957976,30875.916402,40163.08496275561
ACUSESXyNnwRLAg1dpSGMLSzUDdLjUMybY8rkXiAKhCP,AhFPQdu8GKBsxuhiH46UmCu1YpaLgNpoP325HnYtsgas,A8wxWpT3aFEr2XqZp1kDmbxbFfcBE95UUmdsNTDBJYbT,0.0,0.0035164299997632043,0.0,0.9993668800947556,0.0,0.9870590127799782,1039.690470133,1845.793740034,2860.9395682344893
Lid8SLUxQ9RmF7XMqUA8c24RitTwzja8VSKngJxRcUa,4PgzyzLtds9bKZ2to9PMnKqJzKEUpjvNUaeN23phegax,AtymwxoVN9peZo7EXTcDz9jKVc4vRmisJKKrNfe3ewBa,547.6220857570052,472.7473825619994,110818.19744290748,202.36254220776723,11.081819744290748,173.4072672558005,1019.520296211,7673.606618849,1536971.872744302
KZMu9QBEdL97EFgamLbN5DE1AoKBG4HdrKKJo4Vuon3,DD4ACBWyVqdaKWh7v5btsgqQCCMwbKnuL2xd9pv7Gyuw,GcYqiJ1MAuYbNTNYXm1F1gQYTfTgkErACAhNU5dpVj9T,139.23016921000112,141.3979470600002,137.0445970511353,0.9843024527567058,0.054817838820454115,1.0,2055.5819036,1032.72167588,3056.0359854357785
SUiuyGR7SFq3xeRVJonq84fjjeFwRSsFekcevJ53tzy,49GjCCPsv7fBqo6t3iKDrP1xxGDS8uWZbVCdfnp2gjMf,CEwj5xEbbJEjYqM8D6Ai8ByGz1mrh8mkAVsE5fzDSSSx,0.013619999999999965,1.1118900000000167,0.00016029948557517613,0.011769418911540128,6.411979423007046e-08,0.9770672544703269,607.135773,2.056151,9.154633060965152
BerKDkt6v49dT1bHRedgnpsJS263C1DSJtEGvY9Mg35V,78XKqNb8wbfsMMrvo8WPUpdx7GEkfQutpNVH943aCGFa,DKYQwn4nDvFHCszi5tXbqfVMAP7DaXXp1KGTXEnYnKVH,0.0014059750001251814,0.0014059750001251814,0.0014109060561223687,1.0035072145640913,5.643624224489476e-07,0.9993668800947556,1340.351451808,2225.755909646,3569.39909121617
YAkoNb6HKmSxQN9L8hiBE5tPJRsniSSMzND1boHmZxe,CfWX7o2TswwbxusJ4hCaPobu2jLCb1hfXuXJQjVq3jQF,EnTrdMMpdhugeH6Ban6gYZWXughWxKtVGfCwFn78ZmY3,8335501.617325996,8336796.568154039,8335501.617325996,1.0,833.5501617325997,0.9990948200929957,1093273.218245,470588.868774,1563436.119430526
MATSnbbiTCv7Dc3trJrkrqjx7ckKdr6fwPoVwv9q3sD,631WX9JizSHJm4w6VanZeJAst9T8DeUUnPLesdGkCVtK,211maUSfpnXbPuW1iBu8b4dtJv5EbN1j7JJiEX5TZKEP,177094.522481,177201.33705900007,177267.7130366368,1.000977955462487,70.90708521465473,1.0000210004410093,20491.592287,24482.500558,44994.64685292085
heyk4SZTeCUV6a65WiVA5bzic3KcxgVf1qxobfeV4tQ,9ZDpBKPqMABtGfq66FbVribaArMvtk63xxy91onZAtDt,DaTP4s6N7xxSPinbNZ3FB52EpRDRt87QShTuN3VPCW52,52.061987562999775,45.6475250240004,10235.332403223629,196.59895602022374,4.094132961289452,173.40964282469048,640.88310007,4487.193309865,904119.5375537969
vEnkoSUkpnbRrPgBz9DfcVxNz67zjwMYBZraAvDDNSf,DtfyjjsZ5yCjWKLKHvwsfXs5QVsmm1QkK6Sh9JZHoq1g,e5wrKCRv4GhHvEf1VD5Pq2KGaZDXP77nTL612Jyrxwy,2000.4497300000003,2001.1747170000012,1998.9884694288478,0.9992695339706674,0.1998988469428848,0.9998710166388536,1245.227427,712.909173,1957.1350502444575
MARpDPs5A7XiyCWPNH8GsMWPLxmwNn9SBmKvPa9LzgA,6YjT74rmcfCpw8LSjPNx5JTmZoYLGrTKnf9arfSgZ4SR,F8GSmi3vA8M8TsybLya1LQ4n1aFHCRbZ6k437PeTdXtg,234250.98766699966,238829.92257600138,227289.12186429626,0.9702803139827096,90.91564874571851,1.0,336171.934428,26834.408579,353015.4186679747
BUSDgu5JdqP1rndBvXvanbEufS94FNh1w5FJcAj6vawb,Bgzr8cWubt89JQFXndVjtdKmDbGzuPxNhvjH1EhWCwbo,Dxaf8xPBBQsasRKW5Aa4Sw2YrbfGofY9xZueyyF23FBW,19734.11453944,19727.7266228,19757.368567096102,1.0011783669142909,7.902947426838441,1.0,7009.73377517,7876.83805819,14894.831871718648
KEN5P7p3asnb23Sw6yAmJRGvijfAzso3RqfyLAQhznt,9zj4aX38Uxf3h6AUjS4EipWS8mwbEofasHAf3a1uKGds,CwQDG1MWunn9cLNwcZLd8YBacweSR7ARo32w4mLua1Yr,157920.57478599995,157951.96360999998,157854.9071446278,0.9995841729840387,15.785490714462782,1.0,2068346.236088,1901986.329122,3969472.4909666725
