0,1,2,3,4,5,6,7,8,9,10,11
KysFMBBoavfov2tLpvefWW6tPFt6rAeZWDJVy1mMQae,B8ka2V21TH3x64dFV8ETcjuQcwmrciJ2qzy1mJUttRew,7fSf7EYxBANyxzk2s5pymFgshA91tFYQNKKs5UnLWcYS,80.21151800000007,109.43470799998613,0.0,0.0,0.0,0.030546597765760745,134690.321953,2472.793184,75.53541874956281
ALBpShJ9NLpE739pcHDF2LNVk5J4VYPvvKuV6jMPitZi,D6d156U1bPiJpDYRLextvDRccgFk7QzkQbJg42ceKEu5,GNcM8U5g8RwTZffwwm3kSQqUNPSwv5d2fbN9sLxPJqt2,1674.3968139999997,1673.5633639999942,1674.3281665451714,0.9999590016809311,0.6697312666180686,0.9984833038614345,48745.51432,51482.989177,100148.42096196418
DEDaBEWzMCXohXYXoLzB4jK1xqMsd3SS9izXp2xvg9pe,GC5zHpW5GuVdw3C7covC6viyGdLS8ZAaVGDKMeru7p78,F8juxtAFueW19vxkdDArUkjVWAv9QV6yy1wCXUWQiXvh,0.030692539999996882,3859.9315883889794,0.030692539999996882,1.0,1.2277015999998753e-05,0.0,32.55886263,8580702.13790305,32.55886263
KEVpg4SYCVrqFxKijQH6hm4QxsRdoE51ud64bEEFUC9,2bPenuBYfqzD8p5dFjCcggwkHDsc2RQDnx9AoyYGUBjA,AE6n6iLuX8oYu61vt5hoDYkjswpnxFxrhSehxrnQTnbx,725.7485147589996,725.6048074500004,725.5604103203824,0.9997408131952159,0.290224164128153,1.0,3814.647049899,3798.902298891,7612.560642609758
HEDSDjj84KS7LKhZY7ejkCACTdPen62rKhCby1wXtgxc,EnnjMSFttpCTywBrYNt1J5QQeoSVkvzPipJDa8Y7kJow,6bjVT6JN2rSvpyn9PdfLYC8wJn4LWh49jpY47fnLDXZk,13.070285429996147,13.375585869003771,12.60204454345012,0.9641751598269293,0.005040817817380049,1.0,39132.052638539,9090.259267419,46820.412374538144
oKQqupM9E7SSLAFDLxr7mdsXP7znck9qRbVWc6Yyj7Q,CMR2J7CwfW98RpvnJmFBgRFTLAd3x8CJ1SWs8Bt3uunG,FmRb5jHfSNj1YWP3b45d9vvYuhwjp4om8bALmtqZpr1v,0.2132827699997506,0.2138290099999267,0.20878455069968158,0.9789095982761558,8.351382027987264e-05,0.9994288963457613,4105.29902096,1794.35178921,5812.043643757642
SAMGk1Nd4haC8zQA63DG37pzuEZy8j4q13tSFtCbcRE,9U9TnkHD3jXMAVZtynCVLgDruuqN4pTvLJTmVHCLWS8g,C6zoEbvqSknmi96QWq96UBiPCyNW3YSTvKhavR2BfifE,0.13897684,0.2719280000000026,0.25540077037298403,1.8377218130228319,0.0001021603081491936,0.0,53.842143,1.03416622,98.94688065099457
4vezWG46exH6pf9nry3n1VJ7hZHvjBJNgNeF4qEFCML5,,,0.03131300000000081,0.03179899999999947,0.0,0.0,0.0,0.0,53.842143,1.03416622,0.0
SoNcU2iwHMw6dGzsYNQkYFkUjwN1UdAjrWVRnStrZu2,8ivTTid27jZnYNc4w3CTA1Z6QS2twsFb8WMwUabeDJgc,CyXm53PMvHCbeXJBykU46Rcbo28xk5srhMZFg7gv6EYB,23.943069854999994,23.877491586,5409.127433682297,225.91620316192316,2.163650973472919,222.5679444292356,16.528035828,22.253545303,8686.876934337575
GokA1R67GqSavkd15zR62QD68Tuc5AEfvjssntVDEbM8,3YB7hfpBdbQEuZqLGWVDpRPmeZWCUsrrWyqGXegnQ6Cg,4DPCj6Z1DsG6HUtwSogBGqXEUxdEV5a8YVrrFtcnz7UW,38527.97566200002,38529.412111999976,38523.73805081443,0.9998900120986691,3.8523738050814433,1.0,18599.574931,13975.746345,32573.275547787693
ZUCKWFa4LTL833dPhhpeeRWZcaAEoMeYJPi2iKn4F8N,7eEYpq6ShaJ9opZWMxitRFrdCHh6vfyHhGfoSvFht3N2,H8VggnHmuwd1wvwpT8eg9cUJFEfZ7HAaeYjgXrSm7A2u,0.07425568200005728,0.001457077999930334,0.0744695868028589,1.0028806523223563,2.978783472114356e-05,0.9996979892380552,1690.42965651,2156.703851645,3851.351700497281
C98Sspw7XqnMsgxea3SLQVdbMDL8pKUc3RE82UvX9eq2,CSqgQJurPCzGxb4Cgwx5R61hWQUiaoUHcShNc8r1cKEL,6S2CR5EnukPhC914XkAns8m5GixjMAoUuZMsS5ubHuWc,38.73509299999989,38.75409400000001,0.0,0.0,0.0,1.0,907.656091,905.330304,905.330304
MiMuMS9C4vBqcrYeeQPph1E7oAW9aNKvW9k6Zw9XffM,Afy2q2hh6Y474pshJa5fnQ6PfEchGyTbKrQpCZw2hr3m,5pXz9ksgjeL8Wgb37bksUaBFMLdFfsNNY3FQnikkCPtS,0.010266983000001062,0.6758330000002388,0.0,0.0,0.0,0.030734126722521026,26.041311305,7671.403207759,235.7738783268194
heyk4SZTeCUV6a65WiVA5bzic3KcxgVf1qxobfeV4tQ,9ZDpBKPqMABtGfq66FbVribaArMvtk63xxy91onZAtDt,DaTP4s6N7xxSPinbNZ3FB52EpRDRt87QShTuN3VPCW52,125.02248523999617,109.31172049500071,27113.422425749948,216.86836870745586,10.84536897029998,191.90506072835646,648.043227123,4479.055571769,1000093.5090240936
BSC8REUo9LpiiWUuqMuLXs2D2yJsJfGd4HdiF3wCLxk5,AZjEH1zWVx1UJ6udMyRijGTzPteuLnaY18yNNmprJEsh,Caf8ypkSVR8xYnXNhjvfvdGCC7mrM3C11rz8Xi6NA6aK,99.08986010700028,98.95049544799986,99.26328378420594,1.0017501657285457,0.03970531351368237,1.0,2788.450518742,3520.729590263,6314.060359538647
DA1mL7dfBow33EH5yjUuZE6SH2KeUK5zEXzsyhE5r5j5,B4UtLRZND3D83CitRCBUyeiNr7H8m7YFRqBmiPmXjhW4,AAmpYbuixWiSqDaJBCqYEs1pb5SrbdPr9mgXrB58Q2e,689.667843186,689.3459274080001,689.5717775625243,0.99986070740513,0.2758287110250097,1.0,1637.764926542,1469.305530851,3106.842328866595
BSCNHw8CmxbZ8hCWWzMf5FaG2ajPT6JxfznKUNuRVrn4,7n9kgNL633yGzCYksgnzHyjG73ZLBAwvEae5sbAekbzW,SscdxE99omdG9AiMVwmaEMQySQnCgeAh1sPj2Leutm2,1282.953159001001,1285.7055702419993,1279.0901583483308,0.9969889776368154,0.5116360633393322,1.0,7152.594529448,4517.916208029,11648.97411539404
wrmcMSHFi3sWpAEy4rGDvQb3ezh3PhXoV2xNjgLBkKU,8p4mGnARWPBu6P2Gcw4adodLkNDorrXniZMhaY7eJXUn,AyY89zccbsgp9LKFgH4CFZMJmpSgqmPSdTfukhP227rc,0.10681318999999793,0.6788895000000003,37.87701773049572,354.6099290780142,0.015150807092198291,3571.4285714285716,27.09529076,0.09434451,9945.203813323202
FrnkTEL6yZ5Aycq2TrEgu29dCrwKG4LPUZydfiwqspkc,DjvZuMZ46fxKBoBpGMPcRcos4xdTtHFxwMh69DpA2ZFY,9rvDPJLAng4uVVqnnSoEXgNDFhBZQTny9AoQioYDZbQX,8.813460699000643,7.425767017999959,2000.1699134161297,226.94489505614163,0.8000679653664519,192.44040216965007,181.241247516,1453.367093526,320818.3238756416
BkwbeSfcX1h4thMDd7obGkHrPevf3QwgzJ4pCEqG18Lu,35yX27bmurdebhfAb8EPmjLETDiUaEUCn9zHaDPbakH2,2CxECn1ZJFoESyUnQysQU8rRgT3iJ5GRs2Mdd6gZjx5g,0.16250971999999364,0.10727274000000264,412.660216855828,2539.295599400726,0.1650640867423312,1542.686125080991,0.80741486,22.78605815,37202.00075418238
Lid8SLUxQ9RmF7XMqUA8c24RitTwzja8VSKngJxRcUa,4PgzyzLtds9bKZ2to9PMnKqJzKEUpjvNUaeN23phegax,AtymwxoVN9peZo7EXTcDz9jKVc4vRmisJKKrNfe3ewBa,199.17960528501408,170.81209220599987,44589.8201415769,223.8673988623059,4.45898201415769,191.5542578393101,1024.340519554,7668.009128152,1698156.2453100285
SRMuKizofcAMicegrfSv7xs9q76tH1w8aAF7oX9FEWu,72Hj2KWntXPfbie4UgKeTPnm1XVkomDfCnRPKbvfTtPi,6aqJQ5wedqpUt4fFEDUqUmXhrdxCu4bEJsQdVPCADLko,298.8789709999983,298.9494960000002,19.127140179355845,0.06399627285706881,0.007650856071742339,0.06317714048890262,17693.037092,5263.671893,1464.8321680814201
7dwD9TF6uikvHXxPFK9AsSim54yJoujQjY9vU6gNFumk,CquVr6atkvwueDYficKjn6SSEWq4F4rH4VSiBbW4GBWU,8BCa6ge3b7ho3TfZuM64Vk1hgbrJ3J7EPiAb9uP86CGd,0.058222105000000024,0.058742886000000105,13.026312109624698,223.73481875354202,0.005210524843849879,225.74795376411006,2.345081912,1.834706102,938.8576248285563
Cob4usZcpHEY7Qt4ZCwj6WVg9S44zvzYV2v9qYF65dTf,NhFM9UXE48PyNAyeyPYA3iXztqKVJwA4bTdLj4ysM8w,6TuFuynuBoeskxyR2cz4wxyidk8dpDK7kAWw3UkjQGx,54.744128000000075,4935.7448,0.6064584975932047,0.011078055670065725,0.00024258339903728186,1.0,68248.109942,214.401074,970.457435314242
JSoLLrxK5bYdHwTEWYaGgmeycBCNXKDiBCTw5hXGBg7,xG4wXczA7Dk4hccJ61CHKpDHW4NrNfQwgmWgkb9BuF2,BVR6WgfhsRr9Lob4QDnkEAiNGgAbv7ZieKcY9kSg3QYR,9.80252254599992,8.353386391999987,2182.7912376804056,222.67648224600404,0.8731164950721624,191.98268776914773,18.05579959,167.185996238,36117.418851973904
SQDY9uoDoCbNq7F3HAHYYQZbrUzpKxDtdWLvYcqBLak,GiehZ4X2uQjhEKuxSm3ACmEFrabxh3RTvjbLfLjw1xGX,rxDQYV77NKRKYxCjq4cECX3QQsiSyLv1T1FT2X3zNA2,46.41928266199997,46.305884340000034,46.51921827043772,1.002152889978189,0.01860768730817509,1.0,169.928535054,236.570254547,406.86462704112614
ALLwa5WNZbvQsRKAqe1jdRGemdYQnW8E5k4msbRFcYtu,CGoM82Hbz7QVqTgvQatYtjvDWBvoUJp5qm21P8iMs9yb,3dxNNww8TivyN5FMy5dCNdi3Zcxv6e4kUfSPxfFwpdNq,10.021947358999999,9.857898016999998,35688.15383163592,3560.9999287800015,14.275261532654367,3557.4402083236982,1.71159364,6.883880078,30583.97660889598
SUiuyGR7SFq3xeRVJonq84fjjeFwRSsFekcevJ53tzy,49GjCCPsv7fBqo6t3iKDrP1xxGDS8uWZbVCdfnp2gjMf,CEwj5xEbbJEjYqM8D6Ai8ByGz1mrh8mkAVsE5fzDSSSx,0.2967599999999999,26.953390000000127,0.0032882504548547003,0.011080504295911515,1.3153001819418801e-06,0.9794415224439025,618.516079,1.924613,8.738515957285173
KwnjUuZhTMTSGAaavkLEmSyfobY16JNH4poL9oeeEvE,J63v6qEZmQpDqCD8bd4PXu2Pq5ZbyXrFcSa3Xt1HdAPQ,BnKQtTdLw9qPCDgZkWX3sURkBAoKCUYL1yahh6Mw7mRK,709.9691930000256,23724.640072999864,21.70424255953237,0.030570682183855814,0.0021704242559532376,1.0,271986.271031,713.900577,9028.706427060772
BSCuChvaSj9b5HUSqgDVRzcnr2sSn7cXaamt1jbKH6hn,GnKpRj5kBVPMJfiwZtEuD9GYApLzPdW5JFuZTcyX4BTc,3dmwD9okkomV9nDwyuh4UMhKdUR13QpuKxRo89ycZB5t,23.055719538999938,23.01953763100005,23.1042789341455,1.0021061756525718,0.009241711573658202,0.9987016878058523,1356.17525096,1781.256163216,3137.975130872588
NorjjEePhxfwLF4vZjUHCrVVKLzQjEEGQFd3wgjEJmh,34M8pFVqgbV7aqHxvRT5tCv3vu2P1JJYT8J3VaxBK2oG,3AZWBSze3ucsY3xSeuLne3b2pauVqiaJ1SZSV5T9WGWw,0.010467999999946187,0.001445999999759806,0.006319889782248878,0.6037342168782353,2.527955912899551e-06,1.0,38036.233836,2313.83614,25277.611987974895
daob129AwBGn9Y5r91uLoWZeYiGzbPmksauMhFZKTze,6VW5GQNyj4LStgmxEHLr5zUfW92vQnmbw8jTnCH7a38F,4VPCCUifPeBA1c7HWK358CHn2nyjm8pdTRk6Ps3KmnMQ,25.75834009399997,23.183551072000064,5481.051828429462,212.7874625627058,2.192420731371785,191.79136781575906,49.426158283,222.225507343,53138.20082212721
vEnkoSUkpnbRrPgBz9DfcVxNz67zjwMYBZraAvDDNSf,DtfyjjsZ5yCjWKLKHvwsfXs5QVsmm1QkK6Sh9JZHoq1g,e5wrKCRv4GhHvEf1VD5Pq2KGaZDXP77nTL612Jyrxwy,1487.8998589999992,1488.5933180000004,1484.1849440849546,0.9975032493668349,0.14841849440849547,0.9995492033093075,1270.30883,688.02733,1954.8543551809123
MATSnbbiTCv7Dc3trJrkrqjx7ckKdr6fwPoVwv9q3sD,631WX9JizSHJm4w6VanZeJAst9T8DeUUnPLesdGkCVtK,211maUSfpnXbPuW1iBu8b4dtJv5EbN1j7JJiEX5TZKEP,128774.16342700002,128856.61793199996,128542.65809976235,0.9982022377697767,51.41706323990494,0.9997790488302085,23332.125176,21718.203061,45003.58396123565
DFWzVTzNBrQZLjoQ4yQwkj9HuoXmfkuZP9V5vbymZe23,DhgiEgiNdqZdRdo195UUHnoEJUtefK8buko8nU97XJUZ,2K2kkXsouBHtWVjtcgkyiXd8eP3oVBvq1bTJzcVdLLr2,159.757671071,186.0600795349992,131.0956136902562,0.8205904155425142,0.05243824547610248,1.0,61967.600060434,7045.525975743,57895.54465950687
B2izdXFYb2sNwbWWHmh75T4aQFtfXsUxem9u2p61HGzf,4DYwgJtxwuJdAjkj5RJSNH4e7U329V5cNp7d3a1nLrZv,EXNW64GEf1ACC6xY9BtKRiunrs6GoJSXBdxWN2eTPmrF,5809.695758000027,5711.064735000001,5919.05624111079,1.0188237883128686,0.591905624111079,1.0,7968.353632,32102.485917,40220.83415097085
BSCrK1Nx9PXU9mF7STWWBqeHLxmtJDr9h7jheEy4tAWX,FfSySSbVJPvEo5a5AvrP3nySoXpRE2QPn1uUMpJJ1x7v,HL7Vcj6838ZmvBHDbQxXfjBNckNi83WvPiZQoMQLFeRM,0.039071872999999924,0.039054163000000086,139.48511504203603,3569.9623368973457,0.055794046016814425,3564.1729336707417,0.879426138,0.923679384,6431.671250585552
YAkoNb6HKmSxQN9L8hiBE5tPJRsniSSMzND1boHmZxe,CfWX7o2TswwbxusJ4hCaPobu2jLCb1hfXuXJQjVq3jQF,EnTrdMMpdhugeH6Ban6gYZWXughWxKtVGfCwFn78ZmY3,8420361.009064,8421401.39516601,8420361.009064,1.0,842.0361009064001,0.9983497278997817,1037210.644943,391451.067246,1428015.7114141234
RajgMbScQbqqrdJfR2rxfHJiTiY5b6bJ2tTXiF4aPxy,725ZA3fhyBAKb5iopNRrcbSuQa3LXA1656Q3mBvYPxeg,GLA6i1dSZpUfk2f9Nj8uiG7xyDdAR2reff8oEiZH3617,8767.275629410025,8766.194482359977,8767.944448212536,1.0000762858190824,3.5071777792850147,0.9997442454271348,93203.16930583,88566.61958054,181754.24764852063
parEAJhzYzHW87y9VoZAQ22dzQ2MD2ekEtTReaxbMcz,3oyc6hpjYSJEquK6dSvG72NXyz3pqLZz5D8AC71pwgQb,Di2vordgFJVZ1aj1aBpvzXtLfZgJsuLLXawGtVFwX6Rz,20.089233041999933,23.446133257000838,3749.9536682909493,186.66484979546198,1.4999814673163798,216.9945816452963,1112.283460865,146.923581159,239505.8461797678
MATgk4zXLXtYkwBH678J1xZbRDZ45LicNzkRBHkxTuY,y8dALFo1bJrSzPYjMX14HJX448pXqYmrfXHD1K8MXih,GN7Yuet3UyiWS5YVkEHv6oQKi4HGBJc3XDPt9zQhAqZz,40328.76456200001,40294.92567599999,40675.11315047632,1.0085881279091464,16.27004526019053,1.0,3799.201794,13765.437898,17597.267722959532
AURHmCnNwiW4uA2Qj1XvEh4iKgRUZYXtiY7FKAapUV5Y,BKWm4TRnTeKwfWXRyuzjRHU7iZDkPuXBX5b5V5jSVfGJ,A5Ww74HVrkj9nPeC7pHKLfgeDMEhBCpW1efQdz3TGLEg,0.016321564999998373,0.014562958999988496,3.4914738767812663,213.9178367259276,0.0013965895507125066,191.1555755971557,289.570059286,1809.854977336,407908.07060309994
SoN9GaFpSXfpyR5dth3x7PHPVhvJMpQqqDJfCSmPv1t,9kZ9iS68ViMPtoeqtnhAKuF2iqVyfHPdZHoUNdwCELr,BBhm5fJLjw3HRzjtKB8uMEYjGhY6EDm9co3cqpjrSzB9,3.643388636000001,3.5995321039999997,821.5842857139637,225.50004070275733,0.3286337142855855,221.64943083750904,4.252673781,6.581949064,2417.8633745481243
SAMyS8Jr2HJrkFwYVKbpUwsNStnQmvz3f8Tup8bWUWF,6jPzm5TFfquvgm25sTyN3MMGBfufRaFHMxobDWv6hMFW,Cj9ECoDmxsHTDzCY5ZA6RWrPbg9uFzEC1Qc2kso2vJG6,3779.613528450005,115.48609593000003,3727.492338554311,0.9862099155103118,1.4909969354217245,0.030565009482794194,646.08089454,112625.7452381,4079.5783556264096
RoBgmK8CvjdHvPrqdDyVw54VwjZv2TqJ493xnqJAQHx,ExiHJxM7qPAcy27NDHAF6G7vnW7muNHi2sVJpnaNynGQ,6rkPHSqZb7StM4HwS9EuVrmfkV7tRdc7dnsFhyB6cefE,71.61646099999999,40.128406000000716,0.0,0.0,0.0,0.9767933437394385,6089.480193,22.454982,21.933876951388903
BUSDTd9WiT6uBHJRgNvFXBsA7JrifsAtWzKfioN7ERcy,DyBxrn7gSc1EwnpWhDyhzvMHPtxpmBqRqotapLcKcfTM,Cds99GeBgoCpqBsoRWu1C6fF9LiUMd4pXQQD24s9LPff,36449.36127583001,36524.96827805001,36420.06788682727,0.9991963264107412,3.6420067886827274,0.9876357875753443,2991.13335806,2527.29891964,5484.780322115144
STK75uPSyBnEhGTTzb1nwmP3n427XoXmfRhXxxhyady,6TYyD5fUmDe6N65avW1Ny2RxzRNobw2RRgKwH9CTzSAU,54zDfk4cx2vGrEajPtodWpArNe5eUurytyxd4X3aZAxK,236.7090301889998,264.6967435249992,45139.83952588763,190.69758128722773,4.513983952588764,213.67032847753265,571.845203576,104.897219338,131462.9205049758
ACUSESXyNnwRLAg1dpSGMLSzUDdLjUMybY8rkXiAKhCP,AhFPQdu8GKBsxuhiH46UmCu1YpaLgNpoP325HnYtsgas,A8wxWpT3aFEr2XqZp1kDmbxbFfcBE95UUmdsNTDBJYbT,0.0,0.003062616000079288,0.0,1.0,0.0,0.9876843622001168,1039.692001441,1845.793740034,2862.7536143194493
BUSDgu5JdqP1rndBvXvanbEufS94FNh1w5FJcAj6vawb,Bgzr8cWubt89JQFXndVjtdKmDbGzuPxNhvjH1EhWCwbo,Dxaf8xPBBQsasRKW5Aa4Sw2YrbfGofY9xZueyyF23FBW,21898.51929353001,21896.860439460004,21896.096709390084,0.9998893722398554,8.758438683756035,0.9997442454271348,7142.44068111,7754.63773225,14894.304977084546
SEQV6QiTpvTzrceiaYg9Avnwf7oc8ZALpnQMz6TyT4A,3dFMPj4r9mMmPHF32mz1gNDX7f8ftidWof7S8YiYTs1j,Fc1ED3YPeQfXQosHbd8DTaBd2AV5gHQtwiSAL5C5pUhi,361.69987054500007,361.5385447709996,360.7486488684125,0.9973701354242833,0.144299459547365,1.0000340011560394,2472.798990445,3131.852612445,5598.254963031529
Lee1XZJfJ9Hm2K1qTyeCz1LXNc1YBZaKZszvNY4KCDw,9DgFSWkPDGijNKcLGbr3p5xoJbHsPgXUTr6QvGBJ5vGN,2hNHZg7XBhuhHVZ3JDEi4buq2fPQwuWBdQ9xkH7t1GQX,1714.242281845074,1456.9427146510106,385456.1640086709,224.85512584241974,38.54561640086709,191.47477702762217,7247.585887721,56376.426924382,12424320.611797329
AUSejoEUCh2DBs9mof6BNC8Pubs22w4cJa1ccV9h44R,4xkyD7AfGQDwsQMy9MosRRNGoVJ1zosNinesxg1TzHG7,Cbm5gsQe3nSiCsFrvepVzMCD9xLK3ri9g3ypS2hdmVJ7,574.3251429999964,573.7718349999977,574.7142245300033,1.000677458639499,0.05747142245300033,1.0,14156.091487,14706.24098,28871.922633479408
KZMu9QBEdL97EFgamLbN5DE1AoKBG4HdrKKJo4Vuon3,DD4ACBWyVqdaKWh7v5btsgqQCCMwbKnuL2xd9pv7Gyuw,GcYqiJ1MAuYbNTNYXm1F1gQYTfTgkErACAhNU5dpVj9T,320.3281265700009,325.0535073800006,315.91077464017707,0.9862099155103118,0.12636430985607083,0.9997442454271348,2005.63937625,1082.08772404,3059.792414952002
BkMBnJpvHKtWhUvrgRrLesXfi9RUV3ELgdBaJcdH7hcY,5uerVwBnZQsuVhZ15igs7ZgmcqhHnYWbwoRtLyRqLvR,9YWiQh5d4jCtgMdzcGLv9bWgnLaFtzvDDh2nnhJdzhBX,83.49015441799997,83.51750933900007,83.4970148667295,1.0000821707514778,0.0333988059466918,1.0,1471.203929156,1401.334086734,2872.658905822436
KEnkcdADoLR5jS2CLLLesy8TtFsyWL37BhXNfDMzWzP,3qsjFRuw1qeLMPo4DLwaQevenGAGBj9dA3Q6rb8ax2YR,77iEv8zPQAEyCcEbvBRSB6AFcUdfkhiqnAKtPxk76rNN,0.039532999999999985,3.5894870000000054,0.00043776358914718343,0.011073371339063153,1.7510543565887341e-07,0.9927331930270421,115.19145,0.334472,1.607599157473267
MARpDPs5A7XiyCWPNH8GsMWPLxmwNn9SBmKvPa9LzgA,6YjT74rmcfCpw8LSjPNx5JTmZoYLGrTKnf9arfSgZ4SR,F8GSmi3vA8M8TsybLya1LQ4n1aFHCRbZ6k437PeTdXtg,147136.57405,149600.26814599964,144079.91857738086,0.9792257262182792,57.63196743095235,1.0,328930.540078,33695.373828,355792.6208112503
Sid7E679i9ABqptiAVhkmQ27YHN8vaYT4fppPwmxFsJ,GP7KB8o1bv527HG8kTzzzf4wJ5aEGHvcMQvVhLziUfmT,9gYxhAZ1M9wu5pxr8SBoa5NDm21gi3s9vMHaYTME77sa,4220.020609000019,11491.776254000017,46.80264063866993,0.011090618974432054,0.01872105625546797,0.030497938934037867,133547.826735,9474.954399,1770.094641844851
MiMUFdSLMyCLpqpH6zkqdDrGYs7XBomwENbivdYjv9V,,,0.022500933999999972,0.010266983,0.0,0.0,0.0,0.030497938934037867,133547.826735,9474.954399,288.96658066349545
WiiQFxXqp8P9Fs1rt9SVcDyA3KUdJmUsog6wnVQAwba,3S2jpqSYxho6wiz3cafhjXruVY8cg4HYa2v3BqBHYFSj,Dfe67M6TfrG74gKRtdqys4e6E9QirPD53BkF4FujFjuv,20677.631361683,20669.406962409004,20675.906970365766,0.9999166059551468,2.067590697036577,1.0,14573.537918486,12158.512104081,26730.834676292157
KEN5P7p3asnb23Sw6yAmJRGvijfAzso3RqfyLAQhznt,9zj4aX38Uxf3h6AUjS4EipWS8mwbEofasHAf3a1uKGds,CwQDG1MWunn9cLNwcZLd8YBacweSR7ARo32w4mLua1Yr,166749.34186799894,166761.50313600013,166322.06049458834,0.9974375828496592,16.632206049458834,1.0,2072281.99016,2028562.774504,4095534.713752072
