0,1,2,3,4,5,6,7,8,9,10,11
ACUSESXyNnwRLAg1dpSGMLSzUDdLjUMybY8rkXiAKhCP,AhFPQdu8GKBsxuhiH46UmCu1YpaLgNpoP325HnYtsgas,A8wxWpT3aFEr2XqZp1kDmbxbFfcBE95UUmdsNTDBJYbT,76.07201861500016,75.56153853699993,76.07201861500016,1.0,0.030428807446000065,0.9876852509000004,1039.724246801,1845.791608762,2862.785395010211
DFWzVTzNBrQZLjoQ4yQwkj9HuoXmfkuZP9V5vbymZe23,DhgiEgiNdqZdRdo195UUHnoEJUtefK8buko8nU97XJUZ,2K2kkXsouBHtWVjtcgkyiXd8eP3oVBvq1bTJzcVdLLr2,2548.831064111,3074.1142808519726,2189.9100684378423,0.8591821165682689,0.8759640273751369,1.0,60672.014848172,8137.880519322,60266.190653035854
ALBpShJ9NLpE739pcHDF2LNVk5J4VYPvvKuV6jMPitZi,D6d156U1bPiJpDYRLextvDRccgFk7QzkQbJg42ceKEu5,GNcM8U5g8RwTZffwwm3kSQqUNPSwv5d2fbN9sLxPJqt2,2006.3577140000052,2003.4416689999998,2007.0963254477701,1.0003681354738545,0.8028385301791081,0.9988812529966438,44261.247654,55975.530768,100190.45010007052
heyk4SZTeCUV6a65WiVA5bzic3KcxgVf1qxobfeV4tQ,9ZDpBKPqMABtGfq66FbVribaArMvtk63xxy91onZAtDt,DaTP4s6N7xxSPinbNZ3FB52EpRDRt87QShTuN3VPCW52,58.92500781700255,51.22128064699962,12516.51953437121,212.41438903567905,5.0066078137484835,185.60864787812196,633.729152852,4495.531036372,969022.6279722953
BUSDgu5JdqP1rndBvXvanbEufS94FNh1w5FJcAj6vawb,Bgzr8cWubt89JQFXndVjtdKmDbGzuPxNhvjH1EhWCwbo,Dxaf8xPBBQsasRKW5Aa4Sw2YrbfGofY9xZueyyF23FBW,10865.716289120011,10831.168909909993,10904.475702781763,1.003567129182322,4.361790281112706,1.0,5840.67765106,9075.78896768,14937.301070433634
SQDY9uoDoCbNq7F3HAHYYQZbrUzpKxDtdWLvYcqBLak,GiehZ4X2uQjhEKuxSm3ACmEFrabxh3RTvjbLfLjw1xGX,rxDQYV77NKRKYxCjq4cECX3QQsiSyLv1T1FT2X3zNA2,1.179312675999995,1.1818600000000004,1.181934634880498,1.0022232940710822,0.0004727738539521992,1.0,168.73007208,237.802723382,406.9079320308688
KwnjUuZhTMTSGAaavkLEmSyfobY16JNH4poL9oeeEvE,J63v6qEZmQpDqCD8bd4PXu2Pq5ZbyXrFcSa3Xt1HdAPQ,BnKQtTdLw9qPCDgZkWX3sURkBAoKCUYL1yahh6Mw7mRK,896.7741630000369,34854.641097999745,24.924186184366718,0.02779315820271429,0.0024924186184366722,1.0,273161.959362,679.533876,8271.567427511478
daob129AwBGn9Y5r91uLoWZeYiGzbPmksauMhFZKTze,6VW5GQNyj4LStgmxEHLr5zUfW92vQnmbw8jTnCH7a38F,4VPCCUifPeBA1c7HWK358CHn2nyjm8pdTRk6Ps3KmnMQ,35.36471174600004,31.76190367100014,7278.748976510852,205.8195477115439,2.911499590604341,185.23097839928943,49.261355203,222.434361264,51340.6842140909
WiiQFxXqp8P9Fs1rt9SVcDyA3KUdJmUsog6wnVQAwba,3S2jpqSYxho6wiz3cafhjXruVY8cg4HYa2v3BqBHYFSj,Dfe67M6TfrG74gKRtdqys4e6E9QirPD53BkF4FujFjuv,7736.341690172996,7733.972717395998,7741.124435529745,1.0006182179573098,0.7741124435529746,1.0,9921.958048546,16812.314794138,26740.406775321288
iLiUBQ7Z7im6Ew3b4ewwPcehzWgEQRJ1iQz7g6D62NW,GpugBvKWM3TVhYcZjemSdtehBWgfvuGr6uAm9iPjXT6v,92fMXJ3xy8tEyMUWLHKRLyhPw2nECBo77GtDiBBbYrjX,0.0014469559998815384,0.0014469559998815384,0.0014151408015507917,0.9780123249543515,5.660563206203167e-07,1.0,1865.493847277,1097.984039683,2922.4600144464166
vEnkoSUkpnbRrPgBz9DfcVxNz67zjwMYBZraAvDDNSf,DtfyjjsZ5yCjWKLKHvwsfXs5QVsmm1QkK6Sh9JZHoq1g,e5wrKCRv4GhHvEf1VD5Pq2KGaZDXP77nTL612Jyrxwy,4157.281699000001,4157.63549,4155.424224371706,0.9995531997197252,0.41554242243717066,0.9986189100474046,737.128472,1222.161342,1957.2725500422252
ercAoEmXjQzEvAFbdjAo81KtMxRGn9AW1ju882upmPH,CMRhskR2Eg6V42RTSdRTXGdozyPbWB8U9dVpijPWb9T4,7TKLLgrWswt6ZJ1pXhVR3FyufHGjJFqiEXxvWJfDcgRm,0.7584818519999317,0.7416645159999575,141.11271892295798,186.0462693350911,0.0564450875691832,177.58544879039448,318.198110618,982.683193772,233709.80737473234
B2izdXFYb2sNwbWWHmh75T4aQFtfXsUxem9u2p61HGzf,4DYwgJtxwuJdAjkj5RJSNH4e7U329V5cNp7d3a1nLrZv,EXNW64GEf1ACC6xY9BtKRiunrs6GoJSXBdxWN2eTPmrF,8729.558624000027,8582.813248000006,8700.290845595444,0.9966472785549413,0.8700290845595444,1.0,8488.995093,31574.004986,40034.5388431047
KEVpg4SYCVrqFxKijQH6hm4QxsRdoE51ud64bEEFUC9,2bPenuBYfqzD8p5dFjCcggwkHDsc2RQDnx9AoyYGUBjA,AE6n6iLuX8oYu61vt5hoDYkjswpnxFxrhSehxrnQTnbx,3400.786055304,3407.227367636,3392.3959071138156,0.9975328797361132,1.3569583628455264,1.0,6081.263281947,1535.858549986,7602.118624060077
SUiuyGR7SFq3xeRVJonq84fjjeFwRSsFekcevJ53tzy,49GjCCPsv7fBqo6t3iKDrP1xxGDS8uWZbVCdfnp2gjMf,CEwj5xEbbJEjYqM8D6Ai8ByGz1mrh8mkAVsE5fzDSSSx,0.0981099999999997,7.8551729999999225,0.0011640490216625321,0.011864733683238567,4.6561960866501294e-07,0.9791240951669457,608.497762,2.039912,9.216990884196878
STK75uPSyBnEhGTTzb1nwmP3n427XoXmfRhXxxhyady,6TYyD5fUmDe6N65avW1Ny2RxzRNobw2RRgKwH9CTzSAU,54zDfk4cx2vGrEajPtodWpArNe5eUurytyxd4X3aZAxK,537.2992560759983,601.2744095310023,99917.98198424002,185.96337302597553,9.991798198424002,208.44502512596333,581.794940023,106.223665912,130334.34416612098
YAkoNb6HKmSxQN9L8hiBE5tPJRsniSSMzND1boHmZxe,CfWX7o2TswwbxusJ4hCaPobu2jLCb1hfXuXJQjVq3jQF,EnTrdMMpdhugeH6Ban6gYZWXughWxKtVGfCwFn78ZmY3,10464315.539486995,10463110.034065932,10464315.539486995,1.0,1046.4315539486995,0.9974395726170919,340043.297923,1101943.533388,1439165.384913695
ZUCKWFa4LTL833dPhhpeeRWZcaAEoMeYJPi2iKn4F8N,7eEYpq6ShaJ9opZWMxitRFrdCHh6vfyHhGfoSvFht3N2,H8VggnHmuwd1wvwpT8eg9cUJFEfZ7HAaeYjgXrSm7A2u,28.611811519999947,28.599660047999805,28.70354160939024,1.0032060217272916,0.011481416643756095,1.0,1661.8868763,2185.352929824,3852.5678515577183
7dwD9TF6uikvHXxPFK9AsSim54yJoujQjY9vU6gNFumk,CquVr6atkvwueDYficKjn6SSEWq4F4rH4VSiBbW4GBWU,8BCa6ge3b7ho3TfZuM64Vk1hgbrJ3J7EPiAb9uP86CGd,0.05475750700000037,0.05493685100000012,11.929118941301393,217.8535801730585,0.004771647576520557,219.27886636334551,2.271684572,1.907599698,913.1909162866023
SAMyS8Jr2HJrkFwYVKbpUwsNStnQmvz3f8Tup8bWUWF,6jPzm5TFfquvgm25sTyN3MMGBfufRaFHMxobDWv6hMFW,Cj9ECoDmxsHTDzCY5ZA6RWrPbg9uFzEC1Qc2kso2vJG6,3550.623564959955,103.76621267000007,3507.899731600874,0.9879672309448093,1.4031598926403497,0.02812142075829355,611.70509675,113783.35598999,3804.094219676134
MATgk4zXLXtYkwBH678J1xZbRDZ45LicNzkRBHkxTuY,y8dALFo1bJrSzPYjMX14HJX448pXqYmrfXHD1K8MXih,GN7Yuet3UyiWS5YVkEHv6oQKi4HGBJc3XDPt9zQhAqZz,12288.837192000005,12271.700987000002,12298.860763522276,1.000815664766785,4.919544305408911,1.0,8240.678433,9328.497991,17575.898055052203
SoN9GaFpSXfpyR5dth3x7PHPVhvJMpQqqDJfCSmPv1t,9kZ9iS68ViMPtoeqtnhAKuF2iqVyfHPdZHoUNdwCELr,BBhm5fJLjw3HRzjtKB8uMEYjGhY6EDm9co3cqpjrSzB9,1.9589171359999993,1.9246794650000014,428.0164772557191,218.4964689878129,0.17120659090228765,215.56579014023632,3.649334543,5.928078957,2075.257736180167
AURHmCnNwiW4uA2Qj1XvEh4iKgRUZYXtiY7FKAapUV5Y,BKWm4TRnTeKwfWXRyuzjRHU7iZDkPuXBX5b5V5jSVfGJ,A5Ww74HVrkj9nPeC7pHKLfgeDMEhBCpW1efQdz3TGLEg,0.28955909600000496,0.2586784759999432,59.67875187836448,206.1021487591723,0.02387150075134579,186.32251159764473,289.833458148,1809.559808313,396897.0268776352
SoNcU2iwHMw6dGzsYNQkYFkUjwN1UdAjrWVRnStrZu2,8ivTTid27jZnYNc4w3CTA1Z6QS2twsFb8WMwUabeDJgc,CyXm53PMvHCbeXJBykU46Rcbo28xk5srhMZFg7gv6EYB,22.89928307500001,22.699614973,5025.038879438303,219.4408821874569,2.0100155517753215,214.42924403184446,15.970508057,21.932474211,8207.546241822622
JSoLLrxK5bYdHwTEWYaGgmeycBCNXKDiBCTw5hXGBg7,xG4wXczA7Dk4hccJ61CHKpDHW4NrNfQwgmWgkb9BuF2,BVR6WgfhsRr9Lob4QDnkEAiNGgAbv7ZieKcY9kSg3QYR,14.785034864000032,12.661821865000018,3192.189628355307,215.9068042597549,1.2768758513421228,186.66404839228122,18.056513086,167.195009736,35107.82142478134
BSCrK1Nx9PXU9mF7STWWBqeHLxmtJDr9h7jheEy4tAWX,FfSySSbVJPvEo5a5AvrP3nySoXpRE2QPn1uUMpJJ1x7v,HL7Vcj6838ZmvBHDbQxXfjBNckNi83WvPiZQoMQLFeRM,0.010350858999999879,0.01034700200000005,36.39017933420245,3515.667572537011,0.014556071733680979,3509.141313120679,0.878960472,0.924431933,6334.095116210534
Lee1XZJfJ9Hm2K1qTyeCz1LXNc1YBZaKZszvNY4KCDw,9DgFSWkPDGijNKcLGbr3p5xoJbHsPgXUTr6QvGBJ5vGN,2hNHZg7XBhuhHVZ3JDEi4buq2fPQwuWBdQ9xkH7t1GQX,1297.3027845768083,1101.4812583119838,284714.9432067679,219.4668404258798,28.471494320676793,186.32251159764473,7230.268617265,56397.115813874,12094856.474165795
RajgMbScQbqqrdJfR2rxfHJiTiY5b6bJ2tTXiF4aPxy,725ZA3fhyBAKb5iopNRrcbSuQa3LXA1656Q3mBvYPxeg,GLA6i1dSZpUfk2f9Nj8uiG7xyDdAR2reff8oEiZH3617,8511.756650309995,8513.487197240029,8508.917564875299,0.999666451291862,3.4035670259501196,1.0,95187.82157531,86593.02722044,181749.0990208331
SRMuKizofcAMicegrfSv7xs9q76tH1w8aAF7oX9FEWu,72Hj2KWntXPfbie4UgKeTPnm1XVkomDfCnRPKbvfTtPi,6aqJQ5wedqpUt4fFEDUqUmXhrdxCu4bEJsQdVPCADLko,0.07074300000022049,0.02360899999985122,0.004400225114791649,0.06220014863347518,1.7600900459166598e-06,0.06223391500676888,17693.037092,5263.719069,1428.091382059644
RoBgmK8CvjdHvPrqdDyVw54VwjZv2TqJ493xnqJAQHx,ExiHJxM7qPAcy27NDHAF6G7vnW7muNHi2sVJpnaNynGQ,6rkPHSqZb7StM4HwS9EuVrmfkV7tRdc7dnsFhyB6cefE,1.1331740000000003,50.676854000000276,0.0,0.0,0.0,0.9779272050547102,6129.550163,21.567276,21.09122593932353
BkwbeSfcX1h4thMDd7obGkHrPevf3QwgzJ4pCEqG18Lu,35yX27bmurdebhfAb8EPmjLETDiUaEUCn9zHaDPbakH2,2CxECn1ZJFoESyUnQysQU8rRgT3iJ5GRs2Mdd6gZjx5g,0.006607510000000705,0.004805849999998335,16.974105376732616,2568.911038610733,0.006789642150693047,1584.7860538827258,0.82836723,22.75185356,38184.82194304044
oKQqupM9E7SSLAFDLxr7mdsXP7znck9qRbVWc6Yyj7Q,CMR2J7CwfW98RpvnJmFBgRFTLAd3x8CJ1SWs8Bt3uunG,FmRb5jHfSNj1YWP3b45d9vvYuhwjp4om8bALmtqZpr1v,0.01785346999986359,0.01785346999986359,0.017486926532809373,0.9794693430992957,6.99477061312375e-06,1.0,4105.29902096,1794.36964268,5815.384177965873
BSC8REUo9LpiiWUuqMuLXs2D2yJsJfGd4HdiF3wCLxk5,AZjEH1zWVx1UJ6udMyRijGTzPteuLnaY18yNNmprJEsh,Caf8ypkSVR8xYnXNhjvfvdGCC7mrM3C11rz8Xi6NA6aK,40.639331112000036,40.65353836600025,40.64152331576769,1.0000539429096806,0.016256609326307077,1.0,3164.219704167,3147.661307221,6312.051698605712
HDSBGqAuMRr6X2AfmmbXQPpRgU6VEhtfNVVZ3wUTZXg,DCZ1d8kNLgDcdSd99y4udLgwq46mfDXNS9KXj96kQf5L,Fq8GGYQM5Pz3q7LmVMbrXHJgsxA5ev86kTq8yGgGuYsa,53.914290713999435,53.88465088200064,53.58069846413708,0.9938125449589614,0.021432279385654833,1.0,10981.756384206,10353.444934226,21267.25219453309
Lid8SLUxQ9RmF7XMqUA8c24RitTwzja8VSKngJxRcUa,4PgzyzLtds9bKZ2to9PMnKqJzKEUpjvNUaeN23phegax,AtymwxoVN9peZo7EXTcDz9jKVc4vRmisJKKrNfe3ewBa,334.1779218100073,285.6434726880011,72731.44236718994,217.64287111863868,7.273144236718995,186.14462283097305,1011.293444837,7683.311032464,1650307.843108849
ALLwa5WNZbvQsRKAqe1jdRGemdYQnW8E5k4msbRFcYtu,CGoM82Hbz7QVqTgvQatYtjvDWBvoUJp5qm21P8iMs9yb,3dxNNww8TivyN5FMy5dCNdi3Zcxv6e4kUfSPxfFwpdNq,6.700889879999995,6.70275789000001,23522.62393372414,3510.3731526661286,9.409049573489655,3516.4835164835163,5.801824148,2.801923691,30219.486199475385
Cob4usZcpHEY7Qt4ZCwj6WVg9S44zvzYV2v9qYF65dTf,NhFM9UXE48PyNAyeyPYA3iXztqKVJwA4bTdLj4ysM8w,6TuFuynuBoeskxyR2cz4wxyidk8dpDK7kAWw3UkjQGx,28.85865400000003,2389.256693000003,0.34240024416672776,0.011864733683238567,0.0001369600976666911,1.0,67504.098514,222.962632,1023.8807833957103
KEN5P7p3asnb23Sw6yAmJRGvijfAzso3RqfyLAQhznt,9zj4aX38Uxf3h6AUjS4EipWS8mwbEofasHAf3a1uKGds,CwQDG1MWunn9cLNwcZLd8YBacweSR7ARo32w4mLua1Yr,256070.388389003,256075.07671699836,256041.1996922381,0.9998860129945186,25.60411996922381,1.0,2100609.797317,2083634.069292,4184004.424388519
FrnkTEL6yZ5Aycq2TrEgu29dCrwKG4LPUZydfiwqspkc,DjvZuMZ46fxKBoBpGMPcRcos4xdTtHFxwMh69DpA2ZFY,9rvDPJLAng4uVVqnnSoEXgNDFhBZQTny9AoQioYDZbQX,16.968661534998773,14.274344665999877,3716.6309762366054,219.0291183880859,1.4866523904946423,185.88638995618658,180.541533542,1454.209657878,309861.6364664999
BSCuChvaSj9b5HUSqgDVRzcnr2sSn7cXaamt1jbKH6hn,GnKpRj5kBVPMJfiwZtEuD9GYApLzPdW5JFuZTcyX4BTc,3dmwD9okkomV9nDwyuh4UMhKdUR13QpuKxRo89ycZB5t,92.81512336700007,92.49062591399979,93.1454630998655,1.0035591153777734,0.0372581852399462,0.9979820802337673,1175.711182965,1963.11936735,3139.053624691261
moFiBS1R4Lf3E3zzmBPnw3NF4RhWPkhREFviuzUaCAU,44ALBrpqi9PfZkBRTvbtRNtFJGsatfY4QydjtMbFWq8S,2ho8qEEie1UjVwWNBo9y4oAJZMyMLx8zPj9bxyUz6uWs,24.034953615999257,24.03017403100239,24.004166256425428,0.9987190589145413,0.009601666502570171,1.0,38934.499373909,28163.9923159,67048.61888991919
wrmcMSHFi3sWpAEy4rGDvQb3ezh3PhXoV2xNjgLBkKU,8p4mGnARWPBu6P2Gcw4adodLkNDorrXniZMhaY7eJXUn,AyY89zccbsgp9LKFgH4CFZMJmpSgqmPSdTfukhP227rc,0.006474199999999999,0.06873900999999805,2.1850151873101584,337.49578130273375,0.0008740060749240635,3514.567883878677,27.11003442,0.09291298,9476.071223225366
NorjjEePhxfwLF4vZjUHCrVVKLzQjEEGQFd3wgjEJmh,34M8pFVqgbV7aqHxvRT5tCv3vu2P1JJYT8J3VaxBK2oG,3AZWBSze3ucsY3xSeuLne3b2pauVqiaJ1SZSV5T9WGWw,6.7971400000005815,11.394093000001703,4.046607962193888,0.595339799120445,0.0016186431848775552,1.0,38105.376244,2272.436135,24958.083173511935
C98Sspw7XqnMsgxea3SLQVdbMDL8pKUc3RE82UvX9eq2,CSqgQJurPCzGxb4Cgwx5R61hWQUiaoUHcShNc8r1cKEL,6S2CR5EnukPhC914XkAns8m5GixjMAoUuZMsS5ubHuWc,268.43084599999986,268.1039879999995,0.0,0.0,0.0,1.0,854.261391,972.432721,972.432721
AUSejoEUCh2DBs9mof6BNC8Pubs22w4cJa1ccV9h44R,4xkyD7AfGQDwsQMy9MosRRNGoVJ1zosNinesxg1TzHG7,Cbm5gsQe3nSiCsFrvepVzMCD9xLK3ri9g3ypS2hdmVJ7,2724.0186130000056,2724.9666149999994,2725.138644983094,1.0004111689904551,0.27251386449830944,1.0,14317.024601,14545.571195,28868.482512551513
BSCNHw8CmxbZ8hCWWzMf5FaG2ajPT6JxfznKUNuRVrn4,7n9kgNL633yGzCYksgnzHyjG73ZLBAwvEae5sbAekbzW,SscdxE99omdG9AiMVwmaEMQySQnCgeAh1sPj2Leutm2,165.4202253930007,165.48216259899982,165.43369599713097,1.0000814326307335,0.06617347839885239,1.0,5912.999662865,5758.291234811,11671.772408794073
HEDSDjj84KS7LKhZY7ejkCACTdPen62rKhCby1wXtgxc,EnnjMSFttpCTywBrYNt1J5QQeoSVkvzPipJDa8Y7kJow,6bjVT6JN2rSvpyn9PdfLYC8wJn4LWh49jpY47fnLDXZk,3.641392821999034,3.7617861420003464,3.527639660997669,0.9687610849578933,0.0014110558643990675,1.0,39134.75792541,9087.642918509,46999.8734658937
MATSnbbiTCv7Dc3trJrkrqjx7ckKdr6fwPoVwv9q3sD,631WX9JizSHJm4w6VanZeJAst9T8DeUUnPLesdGkCVtK,211maUSfpnXbPuW1iBu8b4dtJv5EbN1j7JJiEX5TZKEP,72460.816039,72515.470187,72359.29594678665,0.9985989656511913,28.943718378714664,0.9984833038614345,27838.322218,23372.056344,51135.9278087521
Sid7E679i9ABqptiAVhkmQ27YHN8vaYT4fppPwmxFsJ,GP7KB8o1bv527HG8kTzzzf4wJ5aEGHvcMQvVhLziUfmT,9gYxhAZ1M9wu5pxr8SBoa5NDm21gi3s9vMHaYTME77sa,1086.7451540000002,2290.7614269999976,12.893941833760087,0.011864733683238567,0.005157576733504034,0.028093457719177574,129790.319327,10946.190334,1847.443908811646
GokA1R67GqSavkd15zR62QD68Tuc5AEfvjssntVDEbM8,3YB7hfpBdbQEuZqLGWVDpRPmeZWCUsrrWyqGXegnQ6Cg,4DPCj6Z1DsG6HUtwSogBGqXEUxdEV5a8YVrrFtcnz7UW,32780.27665300001,32789.14901400001,32761.700768664177,0.9994333213068191,3.276170076866418,1.0,23314.203904,9274.226119,32575.21836039913
SEQV6QiTpvTzrceiaYg9Avnwf7oc8ZALpnQMz6TyT4A,3dFMPj4r9mMmPHF32mz1gNDX7f8ftidWof7S8YiYTs1j,Fc1ED3YPeQfXQosHbd8DTaBd2AV5gHQtwiSAL5C5pUhi,373.610673229,372.48282118500003,373.91495213002,1.0008144277528002,0.14956598085200803,0.9981823100134654,1243.780293622,4362.877782216,5599.740685770303
MARpDPs5A7XiyCWPNH8GsMWPLxmwNn9SBmKvPa9LzgA,6YjT74rmcfCpw8LSjPNx5JTmZoYLGrTKnf9arfSgZ4SR,F8GSmi3vA8M8TsybLya1LQ4n1aFHCRbZ6k437PeTdXtg,83293.14316199996,84688.98225600063,81499.50211935714,0.978465921988869,32.599800847742856,1.0,331626.644992,31185.679955,355671.05090317264
Dg3mAgpwDfVNnbGWcsxL8sUcSkEbjSJQhKAWNigG44Ju,EATxwd8YA2wV93VJcKMmH2Kn2Y9XfJVUB9hHVu3udwEy,GiGvrRi7NMHfHKanG2B8xyCEqe8jaafWins8bhrLVEaa,0.0009570939999999917,0.000957433000000063,0.21008765084710385,219.50576520917033,8.403506033884154e-05,219.00057772352406,0.20717476,0.251969588,100.65753956658456
BUSDTd9WiT6uBHJRgNvFXBsA7JrifsAtWzKfioN7ERcy,DyBxrn7gSc1EwnpWhDyhzvMHPtxpmBqRqotapLcKcfTM,Cds99GeBgoCpqBsoRWu1C6fF9LiUMd4pXQQD24s9LPff,28621.509835469995,28623.715346079996,28614.62744527686,0.9997595378359597,2.8614627445276857,0.9955578210026861,2572.09767828,2952.9148689,5511.276678594673
NorBXypYWTkV5PMs6Q9JsvNkmRwe7H9Zr1Kz2TcJH2Y,C82XDu1d1UjtuUwnkSTwVuWyH3AqpJ3ftb9W7en8rEUu,F7cZoYpWQSFuYJzW2UUFw6sVbTtaihyD5upeeHRUPABk,0.0011513934999999864,0.0011863800000000424,0.0,0.0,0.0,2668.0896478121663,0.2401799813,0.6655639352,1775.7842454642475
KZMu9QBEdL97EFgamLbN5DE1AoKBG4HdrKKJo4Vuon3,DD4ACBWyVqdaKWh7v5btsgqQCCMwbKnuL2xd9pv7Gyuw,GcYqiJ1MAuYbNTNYXm1F1gQYTfTgkErACAhNU5dpVj9T,160.34245678999991,162.30372563999958,158.42356404439727,0.988032534962865,0.0633694256177589,1.0,1965.90376598,1121.53176555,3063.9086469442623
parEAJhzYzHW87y9VoZAQ22dzQ2MD2ekEtTReaxbMcz,3oyc6hpjYSJEquK6dSvG72NXyz3pqLZz5D8AC71pwgQb,Di2vordgFJVZ1aj1aBpvzXtLfZgJsuLLXawGtVFwX6Rz,6.922145548999879,8.088934334999522,1252.860695571004,180.99311646979442,0.5011442782284017,212.73232763416334,1115.390660988,144.277825523,232570.58946302556
KysFMBBoavfov2tLpvefWW6tPFt6rAeZWDJVy1mMQae,B8ka2V21TH3x64dFV8ETcjuQcwmrciJ2qzy1mJUttRew,7fSf7EYxBANyxzk2s5pymFgshA91tFYQNKKs5UnLWcYS,44.15782900000795,43.49024300001156,0.0,0.0,0.0,0.028096532944027773,134650.251983,2502.056897,70.2991240343924
