0,1,2,3,4,5,6,7,8,9,10,11
KysFMBBoavfov2tLpvefWW6tPFt6rAeZWDJVy1mMQae,B8ka2V21TH3x64dFV8ETcjuQcwmrciJ2qzy1mJUttRew,7fSf7EYxBANyxzk2s5pymFgshA91tFYQNKKs5UnLWcYS,196.43281800000022,263.6066839999985,0.0,0.0,0.0,0.027119004428804612,134585.890627,2549.363722,69.13620606755181
GokA1R67GqSavkd15zR62QD68Tuc5AEfvjssntVDEbM8,3YB7hfpBdbQEuZqLGWVDpRPmeZWCUsrrWyqGXegnQ6Cg,4DPCj6Z1DsG6HUtwSogBGqXEUxdEV5a8YVrrFtcnz7UW,78623.53619100002,78641.79101999993,78619.84105847028,0.9999530022088963,7.861984105847028,1.0,19285.112897,14502.777997,33786.98453629265
Lid8SLUxQ9RmF7XMqUA8c24RitTwzja8VSKngJxRcUa,4PgzyzLtds9bKZ2to9PMnKqJzKEUpjvNUaeN23phegax,AtymwxoVN9peZo7EXTcDz9jKVc4vRmisJKKrNfe3ewBa,260.6984112200089,223.43008634099783,51779.97709908982,198.62022502082533,5.177997709908983,170.10977353796176,1022.899365135,7669.603059521,1507842.9416579492
heyk4SZTeCUV6a65WiVA5bzic3KcxgVf1qxobfeV4tQ,9ZDpBKPqMABtGfq66FbVribaArMvtk63xxy91onZAtDt,DaTP4s6N7xxSPinbNZ3FB52EpRDRt87QShTuN3VPCW52,88.5750872600056,76.96225216800019,17270.10163954289,194.97696444653548,6.908040655817156,170.15064287166643,636.03941979,4492.728530511,888453.6830533138
SRMuKizofcAMicegrfSv7xs9q76tH1w8aAF7oX9FEWu,72Hj2KWntXPfbie4UgKeTPnm1XVkomDfCnRPKbvfTtPi,6aqJQ5wedqpUt4fFEDUqUmXhrdxCu4bEJsQdVPCADLko,0.2849049999995259,0.2849049999995259,0.01679681860040362,0.05895585756807206,6.718727440161448e-06,0.059005975889214156,17693.037092,5263.487432,1353.6853872483416
MARpDPs5A7XiyCWPNH8GsMWPLxmwNn9SBmKvPa9LzgA,6YjT74rmcfCpw8LSjPNx5JTmZoYLGrTKnf9arfSgZ4SR,F8GSmi3vA8M8TsybLya1LQ4n1aFHCRbZ6k437PeTdXtg,135112.08377500006,141171.7208609997,129903.84876640845,0.961452485498893,51.96153950656338,1.0,368088.166914,23398.539945,377297.8229071967
MATSnbbiTCv7Dc3trJrkrqjx7ckKdr6fwPoVwv9q3sD,631WX9JizSHJm4w6VanZeJAst9T8DeUUnPLesdGkCVtK,211maUSfpnXbPuW1iBu8b4dtJv5EbN1j7JJiEX5TZKEP,55338.102348000015,55367.57801699999,55261.233971545604,0.9986109321933192,22.10449358861824,0.997003008955081,21983.994122,22912.051345,44796.840995801176
KEVpg4SYCVrqFxKijQH6hm4QxsRdoE51ud64bEEFUC9,2bPenuBYfqzD8p5dFjCcggwkHDsc2RQDnx9AoyYGUBjA,AE6n6iLuX8oYu61vt5hoDYkjswpnxFxrhSehxrnQTnbx,171.29679259399973,171.3932341879995,171.06238905246653,0.9986315941006042,0.0684249556209866,0.9984414089979604,4197.30716479,3414.465011264,7600.706801724789
KEN5P7p3asnb23Sw6yAmJRGvijfAzso3RqfyLAQhznt,9zj4aX38Uxf3h6AUjS4EipWS8mwbEofasHAf3a1uKGds,CwQDG1MWunn9cLNwcZLd8YBacweSR7ARo32w4mLua1Yr,94949.22215200076,94972.3717529981,94853.23068255001,0.998989023108614,9.485323068255003,1.0,2050878.713719,1910327.80272,3959133.1254523946
BUSDTd9WiT6uBHJRgNvFXBsA7JrifsAtWzKfioN7ERcy,DyBxrn7gSc1EwnpWhDyhzvMHPtxpmBqRqotapLcKcfTM,Cds99GeBgoCpqBsoRWu1C6fF9LiUMd4pXQQD24s9LPff,14241.803909649996,14269.231733519993,14250.433259510291,1.0006059169129866,1.4250433259510293,0.998749565543939,2619.63450701,2888.21329017,5505.823556619159
SHRJZYZxBfNz1SL5puXfaymPnndnJTY6MJrTrzpsYMc,BKJWe131yeNE594dMwrLyT25RPsytUgcTdMpph8rbuda,EreMRai79gFEuXwrMnj6kpV4pvVAUqukjSuy87XQTT8K,0.0016870000000000001,0.002020000000000001,0.0016251844830044433,0.9633577255509443,6.500737932017774e-07,0.9999480027038594,0.019865,0.000957,0.020094051456657103
7dwD9TF6uikvHXxPFK9AsSim54yJoujQjY9vU6gNFumk,CquVr6atkvwueDYficKjn6SSEWq4F4rH4VSiBbW4GBWU,8BCa6ge3b7ho3TfZuM64Vk1hgbrJ3J7EPiAb9uP86CGd,0.1361858800000002,0.137162894999999,26.912774795173974,197.61795272148575,0.01076510991806959,199.63470841055036,2.291048608,1.887668036,829.596393441146
B2izdXFYb2sNwbWWHmh75T4aQFtfXsUxem9u2p61HGzf,4DYwgJtxwuJdAjkj5RJSNH4e7U329V5cNp7d3a1nLrZv,EXNW64GEf1ACC6xY9BtKRiunrs6GoJSXBdxWN2eTPmrF,9722.093334000005,9570.61748099999,9695.372886325293,0.9972515746602364,0.9695372886325292,1.0,9013.217505,31038.07713,40026.522479616455
DFWzVTzNBrQZLjoQ4yQwkj9HuoXmfkuZP9V5vbymZe23,DhgiEgiNdqZdRdo195UUHnoEJUtefK8buko8nU97XJUZ,2K2kkXsouBHtWVjtcgkyiXd8eP3oVBvq1bTJzcVdLLr2,570.5761894889911,692.3223525880103,463.9478551726148,0.8131216544246742,0.18557914206904594,0.9984414089979604,68721.118038544,7629.979092197,63496.71626885237
HEDSDjj84KS7LKhZY7ejkCACTdPen62rKhCby1wXtgxc,EnnjMSFttpCTywBrYNt1J5QQeoSVkvzPipJDa8Y7kJow,6bjVT6JN2rSvpyn9PdfLYC8wJn4LWh49jpY47fnLDXZk,2.1316661820001173,2.2022991349949734,2.060056747176947,0.9664068251268216,0.0008240226988707787,0.9984414089979604,39143.755370153,9078.917907843,46893.55993889411
YAkoNb6HKmSxQN9L8hiBE5tPJRsniSSMzND1boHmZxe,CfWX7o2TswwbxusJ4hCaPobu2jLCb1hfXuXJQjVq3jQF,EnTrdMMpdhugeH6Ban6gYZWXughWxKtVGfCwFn78ZmY3,13026363.844922986,13025138.645646956,13026363.844922986,1.0,1302.6363844922987,0.9991127878443942,696099.848289,868663.242233,1563992.401934363
ercAoEmXjQzEvAFbdjAo81KtMxRGn9AW1ju882upmPH,CMRhskR2Eg6V42RTSdRTXGdozyPbWB8U9dVpijPWb9T4,7TKLLgrWswt6ZJ1pXhVR3FyufHGjJFqiEXxvWJfDcgRm,0.017355573000031654,0.01758630799997718,2.9497303010718876,169.95868134497823,0.0011798921204287552,165.7080181635873,315.338437841,983.216776455,216521.40852439063
AUSejoEUCh2DBs9mof6BNC8Pubs22w4cJa1ccV9h44R,4xkyD7AfGQDwsQMy9MosRRNGoVJ1zosNinesxg1TzHG7,Cbm5gsQe3nSiCsFrvepVzMCD9xLK3ri9g3ypS2hdmVJ7,815.621704000001,815.1406080000033,816.0574786936235,1.0005342853083548,0.08160574786936235,1.0,14271.694841,14590.112378,28869.432375878867
SERgf3DMJpQxUifu7VoFKmfne73d2fDJxSrxUMrcNJB,AJfM2GZ2tTB8UtN2krcyR9xufRJEx2mhSCbJyMgPo3GU,F4yRYkufQvERZcEKnKjJwRLU1btiMBUuEwq46hfm11QD,0.000705610000004242,8.159000000063088e-05,0.0786171773205852,111.41732305397112,3.144687092823408e-05,170.01338005301017,26.205244317,31.040018749,8196.936676201729
ALBpShJ9NLpE739pcHDF2LNVk5J4VYPvvKuV6jMPitZi,D6d156U1bPiJpDYRLextvDRccgFk7QzkQbJg42ceKEu5,GNcM8U5g8RwTZffwwm3kSQqUNPSwv5d2fbN9sLxPJqt2,1171.6308930000014,1171.975440000002,1171.4481470890553,0.9998440243322041,0.4685792588356222,0.9993264539700242,49928.904429,50298.313559,100185.55206437723
BSCuChvaSj9b5HUSqgDVRzcnr2sSn7cXaamt1jbKH6hn,GnKpRj5kBVPMJfiwZtEuD9GYApLzPdW5JFuZTcyX4BTc,3dmwD9okkomV9nDwyuh4UMhKdUR13QpuKxRo89ycZB5t,215.79671590000044,215.83265945900007,216.29213975115678,1.002295789577196,0.08651685590046271,0.9993993609840485,1314.562423164,1782.908803317,3099.418300601518
KwnjUuZhTMTSGAaavkLEmSyfobY16JNH4poL9oeeEvE,J63v6qEZmQpDqCD8bd4PXu2Pq5ZbyXrFcSa3Xt1HdAPQ,BnKQtTdLw9qPCDgZkWX3sURkBAoKCUYL1yahh6Mw7mRK,1239.0760299999993,50276.339616999205,22.160119015608107,0.01788439004474013,0.0022160119015608108,1.0,273859.078982,668.226517,5566.029102807382
NorBXypYWTkV5PMs6Q9JsvNkmRwe7H9Zr1Kz2TcJH2Y,C82XDu1d1UjtuUwnkSTwVuWyH3AqpJ3ftb9W7en8rEUu,F7cZoYpWQSFuYJzW2UUFw6sVbTtaihyD5upeeHRUPABk,1.2265000000011295e-05,1.2630000000068975e-05,0.0,0.0,0.0,2694.4736345754854,0.2428619456,0.6628010852,1785.90004903942
KZMu9QBEdL97EFgamLbN5DE1AoKBG4HdrKKJo4Vuon3,DD4ACBWyVqdaKWh7v5btsgqQCCMwbKnuL2xd9pv7Gyuw,GcYqiJ1MAuYbNTNYXm1F1gQYTfTgkErACAhNU5dpVj9T,479.0020540700001,487.51380830999994,471.9779507725562,0.9853359641409442,0.18879118030902248,1.0,2032.24378791,1055.62816868,3058.0710608097443
RajgMbScQbqqrdJfR2rxfHJiTiY5b6bJ2tTXiF4aPxy,725ZA3fhyBAKb5iopNRrcbSuQa3LXA1656Q3mBvYPxeg,GLA6i1dSZpUfk2f9Nj8uiG7xyDdAR2reff8oEiZH3617,102392.99904145004,102809.53011190996,102372.82647599294,0.9998029888210529,40.94913059039718,1.0,102701.80522282,79046.31129907,181727.88311816304
vEnkoSUkpnbRrPgBz9DfcVxNz67zjwMYBZraAvDDNSf,DtfyjjsZ5yCjWKLKHvwsfXs5QVsmm1QkK6Sh9JZHoq1g,e5wrKCRv4GhHvEf1VD5Pq2KGaZDXP77nTL612Jyrxwy,7681.268644999999,7684.358536999996,7676.777730027932,0.9994153420249153,0.7676777730027933,0.9994852650884793,1101.186925,856.343466,1956.445783404037
SUiuyGR7SFq3xeRVJonq84fjjeFwRSsFekcevJ53tzy,49GjCCPsv7fBqo6t3iKDrP1xxGDS8uWZbVCdfnp2gjMf,CEwj5xEbbJEjYqM8D6Ai8ByGz1mrh8mkAVsE5fzDSSSx,15.085657000000017,12.2300070000001,0.17048221877832143,0.011300947567502113,6.819288751132858e-05,0.9455799809371075,606.023883,2.069771,8.805778149161213
JSoLLrxK5bYdHwTEWYaGgmeycBCNXKDiBCTw5hXGBg7,xG4wXczA7Dk4hccJ61CHKpDHW4NrNfQwgmWgkb9BuF2,BVR6WgfhsRr9Lob4QDnkEAiNGgAbv7ZieKcY9kSg3QYR,19.648661583000184,16.87880825299997,3832.054773251759,195.0287940511537,1.5328219093007036,169.4162356999991,17.980818785,167.264365031,31844.076493993467
SAMyS8Jr2HJrkFwYVKbpUwsNStnQmvz3f8Tup8bWUWF,6jPzm5TFfquvgm25sTyN3MMGBfufRaFHMxobDWv6hMFW,Cj9ECoDmxsHTDzCY5ZA6RWrPbg9uFzEC1Qc2kso2vJG6,16487.76119836996,400.92056470999967,16245.984076921513,0.9853359641409442,6.498393630768605,0.027158167948011663,599.77718187,114203.47508083,3692.539184259361
Cob4usZcpHEY7Qt4ZCwj6WVg9S44zvzYV2v9qYF65dTf,NhFM9UXE48PyNAyeyPYA3iXztqKVJwA4bTdLj4ysM8w,6TuFuynuBoeskxyR2cz4wxyidk8dpDK7kAWw3UkjQGx,123.70920199999998,12549.34525100002,1.3967305725926633,0.01129043393710246,0.0005586922290370653,1.0,68054.265079,216.534088,984.8962720125085
BSC8REUo9LpiiWUuqMuLXs2D2yJsJfGd4HdiF3wCLxk5,AZjEH1zWVx1UJ6udMyRijGTzPteuLnaY18yNNmprJEsh,Caf8ypkSVR8xYnXNhjvfvdGCC7mrM3C11rz8Xi6NA6aK,1319.3060387270007,1318.1770051609997,1319.4441145952605,1.0001046579521407,0.5277776458381044,0.9984414089979604,2858.971588668,3449.777368227,6303.67137904154
FrnkTEL6yZ5Aycq2TrEgu29dCrwKG4LPUZydfiwqspkc,DjvZuMZ46fxKBoBpGMPcRcos4xdTtHFxwMh69DpA2ZFY,9rvDPJLAng4uVVqnnSoEXgNDFhBZQTny9AoQioYDZbQX,20.272611390000748,17.08020168900009,2967.866029309245,146.3978158617056,1.187146411723698,169.47302701196682,313.722383401,2515.128083097,472174.6412820892
ALLwa5WNZbvQsRKAqe1jdRGemdYQnW8E5k4msbRFcYtu,CGoM82Hbz7QVqTgvQatYtjvDWBvoUJp5qm21P8iMs9yb,3dxNNww8TivyN5FMy5dCNdi3Zcxv6e4kUfSPxfFwpdNq,15.385521136000001,15.445800874,50675.27794209677,3293.6991535193174,20.270111176838707,3303.0662363872384,5.301630679,3.281082881,28299.61056271361
MNkYtBe2HtgL15osfaMmyqNW3vo4J399FXXCS4a39Wf,2mUxDu8NrhSKhQJMgKfYLxJqZzeEbmwhQdHeHMyohyuk,AZCBmDBcFsA2jHHhfFJBTsWCHx9XnnKmGfFsue3ZVW1t,0.10277171999973689,0.034383980000029624,0.10272898679580955,0.9995841929674093,4.1091594718323826e-05,1.0,2195.09800886,1941.15861746,4135.3438891306905
WiiQFxXqp8P9Fs1rt9SVcDyA3KUdJmUsog6wnVQAwba,3S2jpqSYxho6wiz3cafhjXruVY8cg4HYa2v3BqBHYFSj,Dfe67M6TfrG74gKRtdqys4e6E9QirPD53BkF4FujFjuv,19034.306227832,19032.410475402994,18998.413797538036,0.9981143294709905,1.8998413797538036,0.9973729067976472,16004.75611318,10720.95177159,26667.363248321497
7oAd7xG4m3oC2qeWB1szghTebAZyyGPAFDJ4wwwbRSNi,D9yh4KAysxt9GLacVe4Wwh2XqghhcjTCSTV9HuM7TBJd,HDYfJLpZKaMFb84jM4mRytn7XLR8UFZUnQpSfhJJaNEy,747.0036885940353,18.906116761999783,745.0412402815975,0.9973729067976472,0.29801649611263903,0.02510053584703997,1016.189648967,299072.01983666,8520.38797880463
MATgk4zXLXtYkwBH678J1xZbRDZ45LicNzkRBHkxTuY,y8dALFo1bJrSzPYjMX14HJX448pXqYmrfXHD1K8MXih,GN7Yuet3UyiWS5YVkEHv6oQKi4HGBJc3XDPt9zQhAqZz,14559.191404999998,14560.439269000002,14564.186921113938,1.0003431176893673,5.825674768445576,1.0,8834.796109,8682.052366,17519.879849826953
BkwbeSfcX1h4thMDd7obGkHrPevf3QwgzJ4pCEqG18Lu,35yX27bmurdebhfAb8EPmjLETDiUaEUCn9zHaDPbakH2,2CxECn1ZJFoESyUnQysQU8rRgT3iJ5GRs2Mdd6gZjx5g,0.3601676200000057,0.2625100799999971,959.7303879769922,2664.6770411426132,0.3838921551907969,1706.4846416382252,0.87627864,22.67567241,41030.68628013632
SEQV6QiTpvTzrceiaYg9Avnwf7oc8ZALpnQMz6TyT4A,3dFMPj4r9mMmPHF32mz1gNDX7f8ftidWof7S8YiYTs1j,Fc1ED3YPeQfXQosHbd8DTaBd2AV5gHQtwiSAL5C5pUhi,189.4141339810003,189.49246071699963,189.2000081961244,0.9988695363942726,0.07568000327844977,0.9993793854016656,3880.590220003,1723.831675044,5598.965193931941
parEAJhzYzHW87y9VoZAQ22dzQ2MD2ekEtTReaxbMcz,3oyc6hpjYSJEquK6dSvG72NXyz3pqLZz5D8AC71pwgQb,Di2vordgFJVZ1aj1aBpvzXtLfZgJsuLLXawGtVFwX6Rz,14.93593131299994,17.446288779999946,2490.6984114887396,166.75882871266853,0.9962793645954959,163.42109645423614,1282.977793413,169.492753221,241646.56566633898
AURHmCnNwiW4uA2Qj1XvEh4iKgRUZYXtiY7FKAapUV5Y,BKWm4TRnTeKwfWXRyuzjRHU7iZDkPuXBX5b5V5jSVfGJ,A5Ww74HVrkj9nPeC7pHKLfgeDMEhBCpW1efQdz3TGLEg,0.004303641999968022,0.003112101999988681,0.8171167543123908,189.86633979277607,0.00032684670172495635,169.47946078414756,289.554714948,1813.382558291,362307.7920714541
DA1mL7dfBow33EH5yjUuZE6SH2KeUK5zEXzsyhE5r5j5,B4UtLRZND3D83CitRCBUyeiNr7H8m7YFRqBmiPmXjhW4,AAmpYbuixWiSqDaJBCqYEs1pb5SrbdPr9mgXrB58Q2e,0.005471154000133538,0.0054763200000707,0.005461860655152516,0.9983013921778121,2.1847442620610066e-06,0.9963927801422993,1637.764926542,1469.029598037,3098.7134915262814
C98Sspw7XqnMsgxea3SLQVdbMDL8pKUc3RE82UvX9eq2,CSqgQJurPCzGxb4Cgwx5R61hWQUiaoUHcShNc8r1cKEL,6S2CR5EnukPhC914XkAns8m5GixjMAoUuZMsS5ubHuWc,129.56250200000034,129.65571000000034,0.0,0.0,0.0,1.0,965.94522,847.004016,847.004016
Lee1XZJfJ9Hm2K1qTyeCz1LXNc1YBZaKZszvNY4KCDw,9DgFSWkPDGijNKcLGbr3p5xoJbHsPgXUTr6QvGBJ5vGN,2hNHZg7XBhuhHVZ3JDEi4buq2fPQwuWBdQ9xkH7t1GQX,1874.5238793520675,1594.70933667995,372296.54076512123,198.60858795450832,37.229654076512126,169.23434658449548,7282.625130875,56341.481323043,10981305.671152838
SoNcU2iwHMw6dGzsYNQkYFkUjwN1UdAjrWVRnStrZu2,8ivTTid27jZnYNc4w3CTA1Z6QS2twsFb8WMwUabeDJgc,CyXm53PMvHCbeXJBykU46Rcbo28xk5srhMZFg7gv6EYB,40.033104940000015,39.591560296,7953.33839277147,198.66903665582797,3.1813353571085887,196.163243127666,17.277551257,21.468114287,7643.76938637318
BSCNHw8CmxbZ8hCWWzMf5FaG2ajPT6JxfznKUNuRVrn4,7n9kgNL633yGzCYksgnzHyjG73ZLBAwvEae5sbAekbzW,SscdxE99omdG9AiMVwmaEMQySQnCgeAh1sPj2Leutm2,1878.9624413930005,1885.2268890149999,1872.1887389709468,0.9963949772103843,0.7488754955883787,0.9948457024260392,6851.248673143,4817.769599391,11619.487146771951
SQDY9uoDoCbNq7F3HAHYYQZbrUzpKxDtdWLvYcqBLak,GiehZ4X2uQjhEKuxSm3ACmEFrabxh3RTvjbLfLjw1xGX,rxDQYV77NKRKYxCjq4cECX3QQsiSyLv1T1FT2X3zNA2,1.3401231699999698,1.3428991199999984,1.3409143067591291,1.0005903463031383,0.0005363657227036517,0.9944740854075428,169.928535054,236.543541072,405.26527340310554
daob129AwBGn9Y5r91uLoWZeYiGzbPmksauMhFZKTze,6VW5GQNyj4LStgmxEHLr5zUfW92vQnmbw8jTnCH7a38F,4VPCCUifPeBA1c7HWK358CHn2nyjm8pdTRk6Ps3KmnMQ,24.51406441000003,22.03983122399994,4491.765986459879,183.2322013736552,1.7967063945839519,167.91488998720155,49.058623604,222.613610033,46369.25943766746
wrmcMSHFi3sWpAEy4rGDvQb3ezh3PhXoV2xNjgLBkKU,8p4mGnARWPBu6P2Gcw4adodLkNDorrXniZMhaY7eJXUn,AyY89zccbsgp9LKFgH4CFZMJmpSgqmPSdTfukhP227rc,0.016670640000000042,0.1768192099999979,5.156399628827726,309.31023816888336,0.0020625598515310907,3277.184243298158,49.18070228,0.16754023,15761.154937414292
BSCrK1Nx9PXU9mF7STWWBqeHLxmtJDr9h7jheEy4tAWX,FfSySSbVJPvEo5a5AvrP3nySoXpRE2QPn1uUMpJJ1x7v,HL7Vcj6838ZmvBHDbQxXfjBNckNi83WvPiZQoMQLFeRM,1.9969999999203125e-06,1.997000000031335e-06,0.00656363803662856,3286.749142158474,2.6254552146514243e-06,3279.8714290399816,0.879978304,0.923083418,5919.86286510884
SoN9GaFpSXfpyR5dth3x7PHPVhvJMpQqqDJfCSmPv1t,9kZ9iS68ViMPtoeqtnhAKuF2iqVyfHPdZHoUNdwCELr,BBhm5fJLjw3HRzjtKB8uMEYjGhY6EDm9co3cqpjrSzB9,2.799461232999998,2.7457136139999987,559.1613109343461,199.7389013082099,0.2236645243737385,187.41012513186647,3.76087007,5.810676257,1840.171620169866
Sid7E679i9ABqptiAVhkmQ27YHN8vaYT4fppPwmxFsJ,GP7KB8o1bv527HG8kTzzzf4wJ5aEGHvcMQvVhLziUfmT,9gYxhAZ1M9wu5pxr8SBoa5NDm21gi3s9vMHaYTME77sa,6090.513162999996,13956.49862899998,68.36867072407082,0.011225436821877675,0.02734746828962833,0.026063836538876808,130241.35448,10752.709858,1742.2729683998962
BUSDgu5JdqP1rndBvXvanbEufS94FNh1w5FJcAj6vawb,Bgzr8cWubt89JQFXndVjtdKmDbGzuPxNhvjH1EhWCwbo,Dxaf8xPBBQsasRKW5Aa4Sw2YrbfGofY9xZueyyF23FBW,30067.81775841999,30047.14657658999,30102.41054554662,1.0011504921110193,12.040964218218647,1.0,7020.85182313,7856.7451996,14885.674457365147
ZUCKWFa4LTL833dPhhpeeRWZcaAEoMeYJPi2iKn4F8N,7eEYpq6ShaJ9opZWMxitRFrdCHh6vfyHhGfoSvFht3N2,H8VggnHmuwd1wvwpT8eg9cUJFEfZ7HAaeYjgXrSm7A2u,3.4852431360000082,3.4779662540001937,3.489834547291656,1.0013173862231366,0.0013959338189166626,0.9924594193739431,1690.42965651,2156.664613795,3833.058715641983
RoBgmK8CvjdHvPrqdDyVw54VwjZv2TqJ493xnqJAQHx,ExiHJxM7qPAcy27NDHAF6G7vnW7muNHi2sVJpnaNynGQ,6rkPHSqZb7StM4HwS9EuVrmfkV7tRdc7dnsFhyB6cefE,121.72826599999942,146.56329399999998,0.0,0.0,0.0,0.9638006127844297,6193.911519,20.259777,19.526385487475896
STK75uPSyBnEhGTTzb1nwmP3n427XoXmfRhXxxhyady,6TYyD5fUmDe6N65avW1Ny2RxzRNobw2RRgKwH9CTzSAU,54zDfk4cx2vGrEajPtodWpArNe5eUurytyxd4X3aZAxK,276.10156709299986,307.4165568250002,46656.18760327964,168.98197317208397,4.665618760327964,188.46219373008898,548.062884069,101.003310431,111648.05303019017
iLiUBQ7Z7im6Ew3b4ewwPcehzWgEQRJ1iQz7g6D62NW,GpugBvKWM3TVhYcZjemSdtehBWgfvuGr6uAm9iPjXT6v,92fMXJ3xy8tEyMUWLHKRLyhPw2nECBo77GtDiBBbYrjX,0.011660785999993095,0.011932958999977927,0.011386592591796994,0.9764858553963461,4.554637036718798e-06,0.9924594193739431,1865.511696425,1097.946510699,2911.3131411474315
