0,1,2,3,4,5,6,7,8,9,10,11
STK75uPSyBnEhGTTzb1nwmP3n427XoXmfRhXxxhyady,6TYyD5fUmDe6N65avW1Ny2RxzRNobw2RRgKwH9CTzSAU,54zDfk4cx2vGrEajPtodWpArNe5eUurytyxd4X3aZAxK,221.61629663699864,247.83512188500356,42371.89784171563,191.19486465889116,4.237189784171563,213.6600565942758,566.265009935,103.838870292,130453.18083886238
MiMUFdSLMyCLpqpH6zkqdDrGYs7XBomwENbivdYjv9V,,,0.022500933999999972,0.010266983,0.0,0.0,0.0,213.6600565942758,566.265009935,103.838870292,22186.218903274385
Sid7E679i9ABqptiAVhkmQ27YHN8vaYT4fppPwmxFsJ,GP7KB8o1bv527HG8kTzzzf4wJ5aEGHvcMQvVhLziUfmT,9gYxhAZ1M9wu5pxr8SBoa5NDm21gi3s9vMHaYTME77sa,4375.754085000002,11315.585773000013,56.27063350547211,0.012859642569578287,0.022508253402188847,0.031049202864500098,130241.936168,10756.348176,2008.8407832881303
DEDaBEWzMCXohXYXoLzB4jK1xqMsd3SS9izXp2xvg9pe,GC5zHpW5GuVdw3C7covC6viyGdLS8ZAaVGDKMeru7p78,F8juxtAFueW19vxkdDArUkjVWAv9QV6yy1wCXUWQiXvh,0.030692539999996882,3859.9315883889794,0.030692539999996882,1.0,1.2277015999998753e-05,0.0,32.55886263,8580702.13790305,32.55886263
BSCrK1Nx9PXU9mF7STWWBqeHLxmtJDr9h7jheEy4tAWX,FfSySSbVJPvEo5a5AvrP3nySoXpRE2QPn1uUMpJJ1x7v,HL7Vcj6838ZmvBHDbQxXfjBNckNi83WvPiZQoMQLFeRM,0.145381286,0.14528343700000035,526.0214632804953,3618.219908169579,0.2104085853121981,3614.283648980772,0.879488039,0.923677104,6520.612185631935
MATgk4zXLXtYkwBH678J1xZbRDZ45LicNzkRBHkxTuY,y8dALFo1bJrSzPYjMX14HJX448pXqYmrfXHD1K8MXih,GN7Yuet3UyiWS5YVkEHv6oQKi4HGBJc3XDPt9zQhAqZz,34382.06567299999,34312.492966999984,34436.475303980274,1.0015825003505539,13.774590121592112,1.0,7304.94333,10253.024368,17569.5277733805
KEN5P7p3asnb23Sw6yAmJRGvijfAzso3RqfyLAQhznt,9zj4aX38Uxf3h6AUjS4EipWS8mwbEofasHAf3a1uKGds,CwQDG1MWunn9cLNwcZLd8YBacweSR7ARo32w4mLua1Yr,164564.84366999893,164576.5308600003,164136.77496090092,0.9973987839714027,16.413677496090095,1.0,2072914.512243,2006895.092525,4074417.5063128415
MNkYtBe2HtgL15osfaMmyqNW3vo4J399FXXCS4a39Wf,2mUxDu8NrhSKhQJMgKfYLxJqZzeEbmwhQdHeHMyohyuk,AZCBmDBcFsA2jHHhfFJBTsWCHx9XnnKmGfFsue3ZVW1t,0.018877949999932753,0.018877949999932753,0.018870101735919763,0.9995842629092133,7.548040694367906e-06,1.0,2195.09800886,1941.17749541,4135.362920609805
moFiBS1R4Lf3E3zzmBPnw3NF4RhWPkhREFviuzUaCAU,44ALBrpqi9PfZkBRTvbtRNtFJGsatfY4QydjtMbFWq8S,2ho8qEEie1UjVwWNBo9y4oAJZMyMLx8zPj9bxyUz6uWs,220.45136564700078,220.9168587929962,220.04238299168372,0.9981447941857075,0.08801695319667349,0.9999995700001848,39123.517104219,27975.171133115,67026.09403160826
BUSDgu5JdqP1rndBvXvanbEufS94FNh1w5FJcAj6vawb,Bgzr8cWubt89JQFXndVjtdKmDbGzuPxNhvjH1EhWCwbo,Dxaf8xPBBQsasRKW5Aa4Sw2YrbfGofY9xZueyyF23FBW,28857.40307528,28852.789706860007,28865.10341891906,1.000266841185223,11.546041367567625,1.0,7124.01395565,7776.57116529,14902.48610126747
DFWzVTzNBrQZLjoQ4yQwkj9HuoXmfkuZP9V5vbymZe23,DhgiEgiNdqZdRdo195UUHnoEJUtefK8buko8nU97XJUZ,2K2kkXsouBHtWVjtcgkyiXd8eP3oVBvq1bTJzcVdLLr2,247.52131837600245,292.47592353601067,202.32652370746365,0.8174104963359774,0.08093060948298546,0.9999995700001848,62059.933769369,6969.999761884,57698.438029783196
ALBpShJ9NLpE739pcHDF2LNVk5J4VYPvvKuV6jMPitZi,D6d156U1bPiJpDYRLextvDRccgFk7QzkQbJg42ceKEu5,GNcM8U5g8RwTZffwwm3kSQqUNPSwv5d2fbN9sLxPJqt2,96.13299199999892,96.13539999999921,96.13722203776858,1.0000440019360852,0.03845488881510743,0.9991856636840974,48745.51432,51482.989177,100188.7239262675
SBFjafzbDXgDRsA5SUypY8FXjJ9sBdb4JbuQq2PHQDG,46xwHtnXoQR3wCHUbm2eCAbPYWbioDQ59Te1Db8M5DDL,FC38fiikZwFvDt5zTjNtGfKd7LjaPz2uUAzLwKP5pRJY,11.102429647999998,30.99504100000013,60.11734323486463,5.414791639386269,0.024046937293945855,1.8707813879701274,190.151907523,9570.322953249,18933.615016870426
AURHmCnNwiW4uA2Qj1XvEh4iKgRUZYXtiY7FKAapUV5Y,BKWm4TRnTeKwfWXRyuzjRHU7iZDkPuXBX5b5V5jSVfGJ,A5Ww74HVrkj9nPeC7pHKLfgeDMEhBCpW1efQdz3TGLEg,0.01832156499995108,0.01634604599996692,3.91960385430825,213.93389998718536,0.0015678415417233,191.57917565013352,289.568276199,1809.856977336,408679.3784024918
RoBgmK8CvjdHvPrqdDyVw54VwjZv2TqJ493xnqJAQHx,ExiHJxM7qPAcy27NDHAF6G7vnW7muNHi2sVJpnaNynGQ,6rkPHSqZb7StM4HwS9EuVrmfkV7tRdc7dnsFhyB6cefE,13.239180999999817,26.309710000000898,0.0,0.0,0.0,0.9895689536594755,6089.480193,22.454982,22.22075304218236
BSC8REUo9LpiiWUuqMuLXs2D2yJsJfGd4HdiF3wCLxk5,AZjEH1zWVx1UJ6udMyRijGTzPteuLnaY18yNNmprJEsh,Caf8ypkSVR8xYnXNhjvfvdGCC7mrM3C11rz8Xi6NA6aK,6651.359199468001,6705.181906581,6646.898612041229,0.9993293720436676,2.6587594448164915,0.9999995700001848,3399.757895131,2911.93002437,6309.406694682391
RajgMbScQbqqrdJfR2rxfHJiTiY5b6bJ2tTXiF4aPxy,725ZA3fhyBAKb5iopNRrcbSuQa3LXA1656Q3mBvYPxeg,GLA6i1dSZpUfk2f9Nj8uiG7xyDdAR2reff8oEiZH3617,19181.060242570064,19184.271508409962,19184.069263834095,1.0001568746057818,7.673627705533638,1.0,99055.78339572,82720.32729847,181791.65003116062
FrnkTEL6yZ5Aycq2TrEgu29dCrwKG4LPUZydfiwqspkc,DjvZuMZ46fxKBoBpGMPcRcos4xdTtHFxwMh69DpA2ZFY,9rvDPJLAng4uVVqnnSoEXgNDFhBZQTny9AoQioYDZbQX,6.281060919000055,5.290184938999914,1423.5670057039708,226.64435579628207,0.5694268022815884,191.65275587080305,180.942750569,1453.722158286,319619.511044682
WiiQFxXqp8P9Fs1rt9SVcDyA3KUdJmUsog6wnVQAwba,3S2jpqSYxho6wiz3cafhjXruVY8cg4HYa2v3BqBHYFSj,Dfe67M6TfrG74gKRtdqys4e6E9QirPD53BkF4FujFjuv,13535.400278639001,13535.841419179,13534.616407795127,0.9999420873540688,1.3534616407795128,0.9999995700001848,14353.453704844,12378.595828292,26731.212963859783
vEnkoSUkpnbRrPgBz9DfcVxNz67zjwMYBZraAvDDNSf,DtfyjjsZ5yCjWKLKHvwsfXs5QVsmm1QkK6Sh9JZHoq1g,e5wrKCRv4GhHvEf1VD5Pq2KGaZDXP77nTL612Jyrxwy,1245.1380719999997,1245.9371260000012,1243.9016337760265,0.9990069870548676,0.12439016337760266,0.9997160806331002,833.108628,1125.265031,1957.2268868124984
KZMu9QBEdL97EFgamLbN5DE1AoKBG4HdrKKJo4Vuon3,DD4ACBWyVqdaKWh7v5btsgqQCCMwbKnuL2xd9pv7Gyuw,GcYqiJ1MAuYbNTNYXm1F1gQYTfTgkErACAhNU5dpVj9T,280.4796642100009,284.188336800001,277.0676426865503,0.9878350484586434,0.11082705707462012,1.0,1970.98982986,1116.35163641,3063.3644705012466
SEQV6QiTpvTzrceiaYg9Avnwf7oc8ZALpnQMz6TyT4A,3dFMPj4r9mMmPHF32mz1gNDX7f8ftidWof7S8YiYTs1j,Fc1ED3YPeQfXQosHbd8DTaBd2AV5gHQtwiSAL5C5pUhi,96.85167850700009,96.78853722300028,96.92220773142195,1.0007282189168953,0.038768883092568776,0.999434320174781,2379.752883804,3224.961851445,5604.623420460059
SERgf3DMJpQxUifu7VoFKmfne73d2fDJxSrxUMrcNJB,AJfM2GZ2tTB8UtN2krcyR9xufRJEx2mhSCbJyMgPo3GU,F4yRYkufQvERZcEKnKjJwRLU1btiMBUuEwq46hfm11QD,0.00017444599999905108,5.803600000220399e-05,0.0330661632228451,189.54956389384088,1.3226465289138041e-05,191.48232981912196,29.279092344,27.96386623,10904.425441483363
NorjjEePhxfwLF4vZjUHCrVVKLzQjEEGQFd3wgjEJmh,34M8pFVqgbV7aqHxvRT5tCv3vu2P1JJYT8J3VaxBK2oG,3AZWBSze3ucsY3xSeuLne3b2pauVqiaJ1SZSV5T9WGWw,34.64351899999929,57.75137699999823,20.6727256344398,0.5967270713590102,0.00826909025377592,1.0,38093.983701,2279.209293,25010.920623295595
4vezWG46exH6pf9nry3n1VJ7hZHvjBJNgNeF4qEFCML5,,,0.03131300000000081,0.03179899999999947,0.0,0.0,0.0,1.0,38093.983701,2279.209293,2279.209293
Lid8SLUxQ9RmF7XMqUA8c24RitTwzja8VSKngJxRcUa,4PgzyzLtds9bKZ2to9PMnKqJzKEUpjvNUaeN23phegax,AtymwxoVN9peZo7EXTcDz9jKVc4vRmisJKKrNfe3ewBa,230.8770309469919,198.04701201199816,51523.88420880026,223.16591649443836,5.152388420880026,191.4830264658265,1023.116000108,7669.445733934,1696893.3002933299
SUiuyGR7SFq3xeRVJonq84fjjeFwRSsFekcevJ53tzy,49GjCCPsv7fBqo6t3iKDrP1xxGDS8uWZbVCdfnp2gjMf,CEwj5xEbbJEjYqM8D6Ai8ByGz1mrh8mkAVsE5fzDSSSx,0.5101689999999999,44.826880000000074,0.006560590990079183,0.012859642569578287,2.624236396031673e-06,0.9903755305936907,600.642589,2.138022,9.8414936792771
SAMyS8Jr2HJrkFwYVKbpUwsNStnQmvz3f8Tup8bWUWF,6jPzm5TFfquvgm25sTyN3MMGBfufRaFHMxobDWv6hMFW,Cj9ECoDmxsHTDzCY5ZA6RWrPbg9uFzEC1Qc2kso2vJG6,3117.5398874800594,97.15221933999965,3079.7177505962763,0.9878679541404826,1.2318871002385108,0.031049202864500098,650.98872451,112469.42036884,4135.176748535068
SoNcU2iwHMw6dGzsYNQkYFkUjwN1UdAjrWVRnStrZu2,8ivTTid27jZnYNc4w3CTA1Z6QS2twsFb8WMwUabeDJgc,CyXm53PMvHCbeXJBykU46Rcbo28xk5srhMZFg7gv6EYB,15.523558050000009,15.380005717999996,3485.9309243257067,224.55747020739904,1.3943723697302826,222.6628968353813,16.438767134,21.442611072,8465.921857945516
SoN9GaFpSXfpyR5dth3x7PHPVhvJMpQqqDJfCSmPv1t,9kZ9iS68ViMPtoeqtnhAKuF2iqVyfHPdZHoUNdwCELr,BBhm5fJLjw3HRzjtKB8uMEYjGhY6EDm9co3cqpjrSzB9,1.4447009709999996,1.4190738750000031,327.61873047203636,226.77269348359596,0.13104749218881456,220.78384003592595,4.248326952,6.587435212,2417.8037877972292
parEAJhzYzHW87y9VoZAQ22dzQ2MD2ekEtTReaxbMcz,3oyc6hpjYSJEquK6dSvG72NXyz3pqLZz5D8AC71pwgQb,Di2vordgFJVZ1aj1aBpvzXtLfZgJsuLLXawGtVFwX6Rz,8.837841682000175,10.195031536000187,1636.3740135152648,185.15538888278905,0.654549605406106,218.8430424872825,1114.068727264,145.400034089,238095.61427651113
daob129AwBGn9Y5r91uLoWZeYiGzbPmksauMhFZKTze,6VW5GQNyj4LStgmxEHLr5zUfW92vQnmbw8jTnCH7a38F,4VPCCUifPeBA1c7HWK358CHn2nyjm8pdTRk6Ps3KmnMQ,18.219432061000106,16.376889981000055,3855.217891350163,211.5992352803637,1.5420871565400653,191.23976532585917,49.206477513,222.472480116,52957.63790143692
DA1mL7dfBow33EH5yjUuZE6SH2KeUK5zEXzsyhE5r5j5,B4UtLRZND3D83CitRCBUyeiNr7H8m7YFRqBmiPmXjhW4,AAmpYbuixWiSqDaJBCqYEs1pb5SrbdPr9mgXrB58Q2e,653.2841982500004,652.9066952359999,653.1929622166168,0.9998603425069397,0.26127718488664675,0.9999995700001848,1637.764926542,1469.324503619,3106.860072207872
Lee1XZJfJ9Hm2K1qTyeCz1LXNc1YBZaKZszvNY4KCDw,9DgFSWkPDGijNKcLGbr3p5xoJbHsPgXUTr6QvGBJ5vGN,2hNHZg7XBhuhHVZ3JDEi4buq2fPQwuWBdQ9xkH7t1GQX,1507.3735326891183,1280.7480709380116,339194.18537265627,225.02331241516623,33.91941853726563,191.165295852191,7242.33114188,56382.664521206,12408102.087284531
BSCNHw8CmxbZ8hCWWzMf5FaG2ajPT6JxfznKUNuRVrn4,7n9kgNL633yGzCYksgnzHyjG73ZLBAwvEae5sbAekbzW,SscdxE99omdG9AiMVwmaEMQySQnCgeAh1sPj2Leutm2,2423.3101644680005,2435.938491883997,2421.9137205016373,0.9994237452609911,0.968765488200655,0.9999995700001848,5911.906030973,5757.970166813,11666.466957992969
iLiUBQ7Z7im6Ew3b4ewwPcehzWgEQRJ1iQz7g6D62NW,GpugBvKWM3TVhYcZjemSdtehBWgfvuGr6uAm9iPjXT6v,92fMXJ3xy8tEyMUWLHKRLyhPw2nECBo77GtDiBBbYrjX,0.01861840700007633,0.01861840700007633,0.018209022452489,0.9780118380919671,7.2836089809956e-06,0.9999995700001848,1865.493847277,1097.982585106,2922.457179498326
MATSnbbiTCv7Dc3trJrkrqjx7ckKdr6fwPoVwv9q3sD,631WX9JizSHJm4w6VanZeJAst9T8DeUUnPLesdGkCVtK,211maUSfpnXbPuW1iBu8b4dtJv5EbN1j7JJiEX5TZKEP,126957.77647899998,127035.7202199999,126937.84723698378,0.9998430246451308,50.775138894793514,0.9991676933114715,23824.190327,21229.180006,45031.96133375798
MARpDPs5A7XiyCWPNH8GsMWPLxmwNn9SBmKvPa9LzgA,6YjT74rmcfCpw8LSjPNx5JTmZoYLGrTKnf9arfSgZ4SR,F8GSmi3vA8M8TsybLya1LQ4n1aFHCRbZ6k437PeTdXtg,258828.34716699965,262133.48606199992,256188.3264628005,0.9898001098678122,102.4753305851202,1.0,321513.927723,41087.166819,359321.6878032572
ACUSESXyNnwRLAg1dpSGMLSzUDdLjUMybY8rkXiAKhCP,AhFPQdu8GKBsxuhiH46UmCu1YpaLgNpoP325HnYtsgas,A8wxWpT3aFEr2XqZp1kDmbxbFfcBE95UUmdsNTDBJYbT,0.0,0.003062616000079288,0.0,0.9999995700001848,0.0,0.9876839368734059,1039.692001441,1845.793740034,2862.7523821867007
oKQqupM9E7SSLAFDLxr7mdsXP7znck9qRbVWc6Yyj7Q,CMR2J7CwfW98RpvnJmFBgRFTLAd3x8CJ1SWs8Bt3uunG,FmRb5jHfSNj1YWP3b45d9vvYuhwjp4om8bALmtqZpr1v,0.2132827699997506,0.2138290099999267,0.2089038527800861,0.9794689593553684,8.356154111203445e-05,1.0,4105.29902096,1794.35178921,5815.364749112304
KEnkcdADoLR5jS2CLLLesy8TtFsyWL37BhXNfDMzWzP,3qsjFRuw1qeLMPo4DLwaQevenGAGBj9dA3Q6rb8ax2YR,77iEv8zPQAEyCcEbvBRSB6AFcUdfkhiqnAKtPxk76rNN,0.096881,8.602388000000005,0.001245855031783314,0.012859642569578287,4.983420127133256e-07,0.9994782723418376,110.178549,0.39182,1.808472335643746
KysFMBBoavfov2tLpvefWW6tPFt6rAeZWDJVy1mMQae,B8ka2V21TH3x64dFV8ETcjuQcwmrciJ2qzy1mJUttRew,7fSf7EYxBANyxzk2s5pymFgshA91tFYQNKKs5UnLWcYS,28.199360999999953,38.683568999986164,0.0,0.0,0.0,0.031049202864500098,134690.321953,2472.793184,76.77825721196912
SRMuKizofcAMicegrfSv7xs9q76tH1w8aAF7oX9FEWu,72Hj2KWntXPfbie4UgKeTPnm1XVkomDfCnRPKbvfTtPi,6aqJQ5wedqpUt4fFEDUqUmXhrdxCu4bEJsQdVPCADLko,0.024399999999332067,0.024399999999332067,0.0015637384936617366,0.06408764318461241,6.254953974646946e-07,0.06419388401757167,17693.037092,5263.671893,1471.8005910100023
GokA1R67GqSavkd15zR62QD68Tuc5AEfvjssntVDEbM8,3YB7hfpBdbQEuZqLGWVDpRPmeZWCUsrrWyqGXegnQ6Cg,4DPCj6Z1DsG6HUtwSogBGqXEUxdEV5a8YVrrFtcnz7UW,44839.95124900002,44837.26070700003,44859.869030849724,1.0004441972235674,4.485986903084973,1.0,10798.61583,21779.441672,32582.854217170057
KwnjUuZhTMTSGAaavkLEmSyfobY16JNH4poL9oeeEvE,J63v6qEZmQpDqCD8bd4PXu2Pq5ZbyXrFcSa3Xt1HdAPQ,BnKQtTdLw9qPCDgZkWX3sURkBAoKCUYL1yahh6Mw7mRK,628.8650960000002,20571.422441999603,19.46840099120063,0.030957992604507063,0.0019468400991200633,1.0,271800.723767,719.657275,9134.062071278453
BUSDTd9WiT6uBHJRgNvFXBsA7JrifsAtWzKfioN7ERcy,DyBxrn7gSc1EwnpWhDyhzvMHPtxpmBqRqotapLcKcfTM,Cds99GeBgoCpqBsoRWu1C6fF9LiUMd4pXQQD24s9LPff,32165.92139934002,32161.646804599997,32196.67566393421,1.0009561132794045,3.219667566393421,0.9991317545053349,2608.875478,2910.89286035,5519.735349227376
C98Sspw7XqnMsgxea3SLQVdbMDL8pKUc3RE82UvX9eq2,CSqgQJurPCzGxb4Cgwx5R61hWQUiaoUHcShNc8r1cKEL,6S2CR5EnukPhC914XkAns8m5GixjMAoUuZMsS5ubHuWc,610.335367,609.7827969999997,0.0,0.0,0.0,1.0,805.658561,1020.761487,1020.761487
7dwD9TF6uikvHXxPFK9AsSim54yJoujQjY9vU6gNFumk,CquVr6atkvwueDYficKjn6SSEWq4F4rH4VSiBbW4GBWU,8BCa6ge3b7ho3TfZuM64Vk1hgbrJ3J7EPiAb9uP86CGd,0.029188203999999995,0.02946615099999983,6.4988044714704065,222.6517421719544,0.002599521788588163,224.81746507966517,2.345081912,1.834706102,934.6105482605715
SAMGk1Nd4haC8zQA63DG37pzuEZy8j4q13tSFtCbcRE,9U9TnkHD3jXMAVZtynCVLgDruuqN4pTvLJTmVHCLWS8g,C6zoEbvqSknmi96QWq96UBiPCyNW3YSTvKhavR2BfifE,0.2084691700000001,0.41189116000000325,0.3900002432015806,1.8707813879701274,0.00015600009728063225,0.0,53.70217984,1.10365855,100.4650385380966
BkwbeSfcX1h4thMDd7obGkHrPevf3QwgzJ4pCEqG18Lu,35yX27bmurdebhfAb8EPmjLETDiUaEUCn9zHaDPbakH2,2CxECn1ZJFoESyUnQysQU8rRgT3iJ5GRs2Mdd6gZjx5g,0.18000009999999023,0.10920857000000028,489.6895913814414,2720.4962185102563,0.19587583655257657,1697.792869269949,0.84326939,22.72783119,40881.26091503359
KEVpg4SYCVrqFxKijQH6hm4QxsRdoE51ud64bEEFUC9,2bPenuBYfqzD8p5dFjCcggwkHDsc2RQDnx9AoyYGUBjA,AE6n6iLuX8oYu61vt5hoDYkjswpnxFxrhSehxrnQTnbx,543.9144141820002,543.9689776949999,543.7792127250027,0.9997514288030024,0.2175116850900011,0.9999995700001848,3838.373294958,3775.18579001,7612.603352594357
HDSBGqAuMRr6X2AfmmbXQPpRgU6VEhtfNVVZ3wUTZXg,DCZ1d8kNLgDcdSd99y4udLgwq46mfDXNS9KXj96kQf5L,Fq8GGYQM5Pz3q7LmVMbrXHJgsxA5ev86kTq8yGgGuYsa,26.291470438000033,26.1870682100016,26.144688951433583,0.9944171442630952,0.010457875580573435,0.9999995700001848,12848.76152003,12142.495213717,24919.51873051208
JSoLLrxK5bYdHwTEWYaGgmeycBCNXKDiBCTw5hXGBg7,xG4wXczA7Dk4hccJ61CHKpDHW4NrNfQwgmWgkb9BuF2,BVR6WgfhsRr9Lob4QDnkEAiNGgAbv7ZieKcY9kSg3QYR,7.491927027999907,6.418097822999993,1641.0558470412204,219.04322358026587,0.6564223388164881,190.85980049806773,17.970070757,167.287559539,35864.69246600092
MiMuMS9C4vBqcrYeeQPph1E7oAW9aNKvW9k6Zw9XffM,Afy2q2hh6Y474pshJa5fnQ6PfEchGyTbKrQpCZw2hr3m,5pXz9ksgjeL8Wgb37bksUaBFMLdFfsNNY3FQnikkCPtS,0.010266983000001062,0.6758330000002388,0.0,0.0,0.0,0.031049202864500098,26.041311305,7671.403207759,238.190954453086
HEDSDjj84KS7LKhZY7ejkCACTdPen62rKhCby1wXtgxc,EnnjMSFttpCTywBrYNt1J5QQeoSVkvzPipJDa8Y7kJow,6bjVT6JN2rSvpyn9PdfLYC8wJn4LWh49jpY47fnLDXZk,8.609168794000652,8.76427446499656,8.034016906019811,0.9331930989224373,0.0032136067624079245,0.9999995700001848,39131.019196961,9091.260444822,45608.053603987115
BSCuChvaSj9b5HUSqgDVRzcnr2sSn7cXaamt1jbKH6hn,GnKpRj5kBVPMJfiwZtEuD9GYApLzPdW5JFuZTcyX4BTc,3dmwD9okkomV9nDwyuh4UMhKdUR13QpuKxRo89ycZB5t,1746.9260051379997,1749.9013055259995,1748.3496250454373,1.0008149285678103,0.699339850018175,0.9995002498750625,1537.605568549,1600.326657617,3138.38550142275
YAkoNb6HKmSxQN9L8hiBE5tPJRsniSSMzND1boHmZxe,CfWX7o2TswwbxusJ4hCaPobu2jLCb1hfXuXJQjVq3jQF,EnTrdMMpdhugeH6Ban6gYZWXughWxKtVGfCwFn78ZmY3,7992530.530101992,7994256.334141018,7992530.530101992,1.0,799.2530530101992,0.997690346847049,880724.956821,555578.755631,1435020.5182273444
wrmcMSHFi3sWpAEy4rGDvQb3ezh3PhXoV2xNjgLBkKU,8p4mGnARWPBu6P2Gcw4adodLkNDorrXniZMhaY7eJXUn,AyY89zccbsgp9LKFgH4CFZMJmpSgqmPSdTfukhP227rc,0.011610729999999972,0.115384590000005,4.155965995525717,357.94183445190157,0.001662386398210287,3606.592851732968,27.09517883,0.09435727,10038.806270703566
Cob4usZcpHEY7Qt4ZCwj6WVg9S44zvzYV2v9qYF65dTf,NhFM9UXE48PyNAyeyPYA3iXztqKVJwA4bTdLj4ysM8w,6TuFuynuBoeskxyR2cz4wxyidk8dpDK7kAWw3UkjQGx,83.88734700000805,5619.71594100003,1.0787612985302888,0.012859642569578287,0.00043150451941211557,1.0,66556.336846,234.603647,1090.4943495800135
BkMBnJpvHKtWhUvrgRrLesXfi9RUV3ELgdBaJcdH7hcY,5uerVwBnZQsuVhZ15igs7ZgmcqhHnYWbwoRtLyRqLvR,9YWiQh5d4jCtgMdzcGLv9bWgnLaFtzvDDh2nnhJdzhBX,0.018889295000008133,0.018889295000008133,0.01889084070526716,1.0000818296955511,7.556336282106864e-06,0.9999995700001848,1471.203929156,1401.352976029,2872.6766907730957
ercAoEmXjQzEvAFbdjAo81KtMxRGn9AW1ju882upmPH,CMRhskR2Eg6V42RTSdRTXGdozyPbWB8U9dVpijPWb9T4,7TKLLgrWswt6ZJ1pXhVR3FyufHGjJFqiEXxvWJfDcgRm,0.0,0.00022418200001084188,0.0,190.7851898036,0.0,185.91918725055456,317.685850018,983.206549982,243406.7178656773
B2izdXFYb2sNwbWWHmh75T4aQFtfXsUxem9u2p61HGzf,4DYwgJtxwuJdAjkj5RJSNH4e7U329V5cNp7d3a1nLrZv,EXNW64GEf1ACC6xY9BtKRiunrs6GoJSXBdxWN2eTPmrF,5073.798931000001,4979.979998000003,5169.30178141158,1.0188227503120144,0.5169301781411579,1.0,7976.009667,32094.914261,40221.05436644816
AUSejoEUCh2DBs9mof6BNC8Pubs22w4cJa1ccV9h44R,4xkyD7AfGQDwsQMy9MosRRNGoVJ1zosNinesxg1TzHG7,Cbm5gsQe3nSiCsFrvepVzMCD9xLK3ri9g3ypS2hdmVJ7,871.9867040000026,871.3803029999981,872.5975222655886,1.0007004903432404,0.08725975222655888,1.0,14209.020352,14653.325925,28872.29955854348
heyk4SZTeCUV6a65WiVA5bzic3KcxgVf1qxobfeV4tQ,9ZDpBKPqMABtGfq66FbVribaArMvtk63xxy91onZAtDt,DaTP4s6N7xxSPinbNZ3FB52EpRDRt87QShTuN3VPCW52,68.7862027739975,60.01550336699984,15074.898212849306,219.1558423769818,6.029959285139722,190.9939113051015,639.947357108,4488.344095088,997494.5961279406
ALLwa5WNZbvQsRKAqe1jdRGemdYQnW8E5k4msbRFcYtu,CGoM82Hbz7QVqTgvQatYtjvDWBvoUJp5qm21P8iMs9yb,3dxNNww8TivyN5FMy5dCNdi3Zcxv6e4kUfSPxfFwpdNq,8.068392603000003,8.009969869999999,29108.855628111705,3607.7639079298647,11.643542251244682,3597.083484710597,1.643861301,6.953297174,30942.253900270698
