0,1,2,3,4,5,6,7,8,9,10,11
B2izdXFYb2sNwbWWHmh75T4aQFtfXsUxem9u2p61HGzf,4DYwgJtxwuJdAjkj5RJSNH4e7U329V5cNp7d3a1nLrZv,EXNW64GEf1ACC6xY9BtKRiunrs6GoJSXBdxWN2eTPmrF,6118.598982999989,6029.485446000008,6201.846366781294,1.013605628349333,0.6201846366781294,1.0,9266.735015,30781.908893,40174.72366062584
SoN9GaFpSXfpyR5dth3x7PHPVhvJMpQqqDJfCSmPv1t,9kZ9iS68ViMPtoeqtnhAKuF2iqVyfHPdZHoUNdwCELr,BBhm5fJLjw3HRzjtKB8uMEYjGhY6EDm9co3cqpjrSzB9,0.528712342000003,0.5195721060000005,108.19757968053156,204.6435671829483,0.043279031872212624,201.017712474717,3.841315012,5.729238292,1937.7787824094844
vEnkoSUkpnbRrPgBz9DfcVxNz67zjwMYBZraAvDDNSf,DtfyjjsZ5yCjWKLKHvwsfXs5QVsmm1QkK6Sh9JZHoq1g,e5wrKCRv4GhHvEf1VD5Pq2KGaZDXP77nTL612Jyrxwy,1740.789546,1741.3681180000012,1740.143952593588,0.9996291375899542,0.1740143952593588,0.9999040092151152,1210.404141,747.716078,1957.5995517499412
KwnjUuZhTMTSGAaavkLEmSyfobY16JNH4poL9oeeEvE,J63v6qEZmQpDqCD8bd4PXu2Pq5ZbyXrFcSa3Xt1HdAPQ,BnKQtTdLw9qPCDgZkWX3sURkBAoKCUYL1yahh6Mw7mRK,373.6754790000341,12886.859233000541,10.729887212211443,0.02871445362410431,0.0010729887212211444,1.0,272869.0098,687.610339,8522.894866357365
GokA1R67GqSavkd15zR62QD68Tuc5AEfvjssntVDEbM8,3YB7hfpBdbQEuZqLGWVDpRPmeZWCUsrrWyqGXegnQ6Cg,4DPCj6Z1DsG6HUtwSogBGqXEUxdEV5a8YVrrFtcnz7UW,27807.500910999992,27812.437015,27804.05320840215,0.9998760153740937,2.7804053208402153,1.0,20374.49164,13419.47449,33791.44000627598
SEQV6QiTpvTzrceiaYg9Avnwf7oc8ZALpnQMz6TyT4A,3dFMPj4r9mMmPHF32mz1gNDX7f8ftidWof7S8YiYTs1j,Fc1ED3YPeQfXQosHbd8DTaBd2AV5gHQtwiSAL5C5pUhi,1287.2784409390001,1287.2617075419992,1286.1201906760418,0.9991002333091872,0.5144480762704167,0.9997530609939344,2834.326414761,2770.141621445,5601.233747688446
BSCrK1Nx9PXU9mF7STWWBqeHLxmtJDr9h7jheEy4tAWX,FfSySSbVJPvEo5a5AvrP3nySoXpRE2QPn1uUMpJJ1x7v,HL7Vcj6838ZmvBHDbQxXfjBNckNi83WvPiZQoMQLFeRM,0.05128538199999988,0.05125939800000001,171.42841575719044,3342.637006334297,0.06857136630287618,3340.236488743403,0.879978304,0.92311141,6024.858458579063
KEVpg4SYCVrqFxKijQH6hm4QxsRdoE51ud64bEEFUC9,2bPenuBYfqzD8p5dFjCcggwkHDsc2RQDnx9AoyYGUBjA,AE6n6iLuX8oYu61vt5hoDYkjswpnxFxrhSehxrnQTnbx,206.35409195500006,206.3711850980003,206.27687736288124,0.9996258150667753,0.08251075094515249,0.9998953849454547,4540.251858108,3073.153784891,7611.385251009819
RajgMbScQbqqrdJfR2rxfHJiTiY5b6bJ2tTXiF4aPxy,725ZA3fhyBAKb5iopNRrcbSuQa3LXA1656Q3mBvYPxeg,GLA6i1dSZpUfk2f9Nj8uiG7xyDdAR2reff8oEiZH3617,43204.91695852998,43222.23981838998,43205.1748934241,1.0000059700356412,17.282069957369643,1.0,103668.2989682,78098.52379186,181767.4416634997
BUSDgu5JdqP1rndBvXvanbEufS94FNh1w5FJcAj6vawb,Bgzr8cWubt89JQFXndVjtdKmDbGzuPxNhvjH1EhWCwbo,Dxaf8xPBBQsasRKW5Aa4Sw2YrbfGofY9xZueyyF23FBW,10818.164100079997,10813.793747029995,10817.7863429809,0.9999650812193638,4.327114537192361,1.0,7258.48879068,7628.47436759,14886.709700692169
NorBXypYWTkV5PMs6Q9JsvNkmRwe7H9Zr1Kz2TcJH2Y,C82XDu1d1UjtuUwnkSTwVuWyH3AqpJ3ftb9W7en8rEUu,F7cZoYpWQSFuYJzW2UUFw6sVbTtaihyD5upeeHRUPABk,0.0015299589999999974,0.001575839999999995,0.0,0.0,0.0,2593.831867818328,0.2413313748,0.6643775552,1723.2836749409903
FrnkTEL6yZ5Aycq2TrEgu29dCrwKG4LPUZydfiwqspkc,DjvZuMZ46fxKBoBpGMPcRcos4xdTtHFxwMh69DpA2ZFY,9rvDPJLAng4uVVqnnSoEXgNDFhBZQTny9AoQioYDZbQX,6.854834986002743,5.782175110999901,1403.6262930622627,204.76441751382825,0.5614505172249051,172.74021253955752,313.981623758,2514.824209439,498703.53273697034
JSoLLrxK5bYdHwTEWYaGgmeycBCNXKDiBCTw5hXGBg7,xG4wXczA7Dk4hccJ61CHKpDHW4NrNfQwgmWgkb9BuF2,BVR6WgfhsRr9Lob4QDnkEAiNGgAbv7ZieKcY9kSg3QYR,5.549792333999875,4.757178837999991,1115.6218093529744,201.02046026448664,0.4462487237411898,172.77931071421784,17.867338756,167.400003484,32514.957875955806
SERgf3DMJpQxUifu7VoFKmfne73d2fDJxSrxUMrcNJB,AJfM2GZ2tTB8UtN2krcyR9xufRJEx2mhSCbJyMgPo3GU,F4yRYkufQvERZcEKnKjJwRLU1btiMBUuEwq46hfm11QD,3.067507940999999,3.0649932290000024,528.5990637746439,172.3219870792974,0.2114396255098576,172.80200173838816,29.270237546,27.972593319,9877.62561554684
BSC8REUo9LpiiWUuqMuLXs2D2yJsJfGd4HdiF3wCLxk5,AZjEH1zWVx1UJ6udMyRijGTzPteuLnaY18yNNmprJEsh,Caf8ypkSVR8xYnXNhjvfvdGCC7mrM3C11rz8Xi6NA6aK,312.7853014870002,312.0618068839999,313.4039929362637,1.0019780067871547,0.12536159717450548,0.9998953849454547,2623.072789412,3686.366372816,6314.241968589491
CZgvH45CRmoaNJ7395Ao5CQZXkGznvqU7cErD6n7FaRg,4ZjU6MKvtqVQKCiowhvZ5yUsPxXX5SCzd5eFsPeXyey5,BsyWeshjDbCvjDojry3vKDCesmFRM37WtwcR4Kfgzqr,40.89024945999995,39.93174663999997,41.75830438830222,1.0212288978366695,0.01670332175532089,1.0,340.69231061,766.68544068,1114.6102735456786
WiiQFxXqp8P9Fs1rt9SVcDyA3KUdJmUsog6wnVQAwba,3S2jpqSYxho6wiz3cafhjXruVY8cg4HYa2v3BqBHYFSj,Dfe67M6TfrG74gKRtdqys4e6E9QirPD53BkF4FujFjuv,19628.681389305002,19641.84186341001,19606.004672574603,0.9988447152266299,1.9606004672574606,0.9998953849454547,18765.026042038,7967.415793955,26709.929375496868
AUSejoEUCh2DBs9mof6BNC8Pubs22w4cJa1ccV9h44R,4xkyD7AfGQDwsQMy9MosRRNGoVJ1zosNinesxg1TzHG7,Cbm5gsQe3nSiCsFrvepVzMCD9xLK3ri9g3ypS2hdmVJ7,1407.8529580000031,1407.5492019999965,1408.330381999501,1.0003391149599714,0.1408330381999501,1.0,14343.315708,14518.840769,28867.020509932176
AyiATPCAx5HZstcZ1jdH9rENwFb3yd9zEhkgspvDrCs4,DvHVapj4g2Y1tJVSw2ubSPkPBsJPb8fW387ZWXwaKmZq,DKjqWWgrtDRPKrnMWtZ4UiJk4sGQVCQgFjSo7BvfngvK,0.0003983300000000023,0.0004022500000000484,1.0260419349853236,2575.8590489928392,0.0004104167739941294,2625.2231439672373,0.8445344,0.31858958,3011.77031526854
C98Sspw7XqnMsgxea3SLQVdbMDL8pKUc3RE82UvX9eq2,CSqgQJurPCzGxb4Cgwx5R61hWQUiaoUHcShNc8r1cKEL,6S2CR5EnukPhC914XkAns8m5GixjMAoUuZMsS5ubHuWc,42.18243300000029,42.22438699999998,0.0,0.0,0.0,1.0,960.221209,852.741946,852.741946
SAMyS8Jr2HJrkFwYVKbpUwsNStnQmvz3f8Tup8bWUWF,6jPzm5TFfquvgm25sTyN3MMGBfufRaFHMxobDWv6hMFW,Cj9ECoDmxsHTDzCY5ZA6RWrPbg9uFzEC1Qc2kso2vJG6,2451.037013150031,99.0481781599998,2410.907458503244,0.9836275199307526,0.9643629834012977,0.028722344616525942,620.87417771,113460.44989802,3869.5590699269387
HEDSDjj84KS7LKhZY7ejkCACTdPen62rKhCby1wXtgxc,EnnjMSFttpCTywBrYNt1J5QQeoSVkvzPipJDa8Y7kJow,6bjVT6JN2rSvpyn9PdfLYC8wJn4LWh49jpY47fnLDXZk,6.100133891995938,6.3004756449809065,5.90372829882326,0.9678030684817616,0.002361491319529304,0.9998953849454547,39145.485601714,9077.246359295,46961.417825219425
ACUSESXyNnwRLAg1dpSGMLSzUDdLjUMybY8rkXiAKhCP,AhFPQdu8GKBsxuhiH46UmCu1YpaLgNpoP325HnYtsgas,A8wxWpT3aFEr2XqZp1kDmbxbFfcBE95UUmdsNTDBJYbT,0.0,0.0035164299997632043,0.0,0.9998953849454547,0.0,0.9875809980974123,1039.690470133,1845.793740034,2862.4525269224896
KEN5P7p3asnb23Sw6yAmJRGvijfAzso3RqfyLAQhznt,9zj4aX38Uxf3h6AUjS4EipWS8mwbEofasHAf3a1uKGds,CwQDG1MWunn9cLNwcZLd8YBacweSR7ARo32w4mLua1Yr,143814.76901299995,143841.44338200102,143724.65365515818,0.9993733928826627,14.372465365515819,1.0,2082492.349326,1939079.292188,4020266.736986112
Lee1XZJfJ9Hm2K1qTyeCz1LXNc1YBZaKZszvNY4KCDw,9DgFSWkPDGijNKcLGbr3p5xoJbHsPgXUTr6QvGBJ5vGN,2hNHZg7XBhuhHVZ3JDEi4buq2fPQwuWBdQ9xkH7t1GQX,1166.1357714469304,991.9409041640338,237366.92846865073,203.5499933032052,23.736692846865076,173.238047787369,7271.231394913,56348.27993689,11241725.114183594
BkMBnJpvHKtWhUvrgRrLesXfi9RUV3ELgdBaJcdH7hcY,5uerVwBnZQsuVhZ15igs7ZgmcqhHnYWbwoRtLyRqLvR,9YWiQh5d4jCtgMdzcGLv9bWgnLaFtzvDDh2nnhJdzhBX,1.7376740260001498,1.738922827999886,1.7376283611268195,0.9999737206906203,0.0006950513444507277,0.9998953849454547,1471.600204339,1400.904534996,2872.3195109936055
SRMuKizofcAMicegrfSv7xs9q76tH1w8aAF7oX9FEWu,72Hj2KWntXPfbie4UgKeTPnm1XVkomDfCnRPKbvfTtPi,6aqJQ5wedqpUt4fFEDUqUmXhrdxCu4bEJsQdVPCADLko,0.04073599999992439,0.04073599999992439,0.0023859171847257486,0.05857023725280285,9.543668738902993e-07,0.05879889613304356,17693.037092,5263.528168,1345.775026244662
BUSDTd9WiT6uBHJRgNvFXBsA7JrifsAtWzKfioN7ERcy,DyBxrn7gSc1EwnpWhDyhzvMHPtxpmBqRqotapLcKcfTM,Cds99GeBgoCpqBsoRWu1C6fF9LiUMd4pXQQD24s9LPff,33977.220609560034,34032.00884907999,33885.34084670759,0.9972958422965712,3.3885340846707597,0.9998500224966254,3293.80120408,2220.96361721,5505.524768812029
heyk4SZTeCUV6a65WiVA5bzic3KcxgVf1qxobfeV4tQ,9ZDpBKPqMABtGfq66FbVribaArMvtk63xxy91onZAtDt,DaTP4s6N7xxSPinbNZ3FB52EpRDRt87QShTuN3VPCW52,42.79899107000233,37.36062484099989,8508.97580332238,198.81253250584905,3.403590321328953,173.46273422022514,639.735687129,4488.511936958,905777.0252573395
wrmcMSHFi3sWpAEy4rGDvQb3ezh3PhXoV2xNjgLBkKU,8p4mGnARWPBu6P2Gcw4adodLkNDorrXniZMhaY7eJXUn,AyY89zccbsgp9LKFgH4CFZMJmpSgqmPSdTfukhP227rc,0.011091679999999993,0.11773440999999707,3.4096772210267425,307.40854595757764,0.0013638708884106969,3342.3576991209598,49.21668704,0.16417683,15678.367891583326
STK75uPSyBnEhGTTzb1nwmP3n427XoXmfRhXxxhyady,6TYyD5fUmDe6N65avW1Ny2RxzRNobw2RRgKwH9CTzSAU,54zDfk4cx2vGrEajPtodWpArNe5eUurytyxd4X3aZAxK,109.00943424099994,121.7950923640034,18898.122320426155,173.36226402795432,1.8898122320426156,193.6203264167635,548.480460563,101.09297128,114659.46851597088
SoNcU2iwHMw6dGzsYNQkYFkUjwN1UdAjrWVRnStrZu2,8ivTTid27jZnYNc4w3CTA1Z6QS2twsFb8WMwUabeDJgc,CyXm53PMvHCbeXJBykU46Rcbo28xk5srhMZFg7gv6EYB,13.739395444999989,13.626419966000032,2797.1127487585463,203.58339345829555,1.1188450995034185,201.5686475287986,17.632118647,21.118352725,7846.404344829919
BSCNHw8CmxbZ8hCWWzMf5FaG2ajPT6JxfznKUNuRVrn4,7n9kgNL633yGzCYksgnzHyjG73ZLBAwvEae5sbAekbzW,SscdxE99omdG9AiMVwmaEMQySQnCgeAh1sPj2Leutm2,237.3771124119994,237.7788493090011,236.76120796140003,0.997405375588484,0.09470448318456001,0.9998953849454547,6757.479874446,4911.43427703,11650.867219268646
BkwbeSfcX1h4thMDd7obGkHrPevf3QwgzJ4pCEqG18Lu,35yX27bmurdebhfAb8EPmjLETDiUaEUCn9zHaDPbakH2,2CxECn1ZJFoESyUnQysQU8rRgT3iJ5GRs2Mdd6gZjx5g,0.03549987000000099,0.030719400000000063,91.44266137757197,2575.8590489928392,0.036577064551028785,1623.3766233766235,0.8526749,22.71275829,39067.73121740368
7dwD9TF6uikvHXxPFK9AsSim54yJoujQjY9vU6gNFumk,CquVr6atkvwueDYficKjn6SSEWq4F4rH4VSiBbW4GBWU,8BCa6ge3b7ho3TfZuM64Vk1hgbrJ3J7EPiAb9uP86CGd,1.4494897670000004,1.4740443329999993,293.3398269252447,202.3745414445859,0.11733593077009791,203.90377862248314,2.286339026,1.892928207,848.6720260419931
KEnkcdADoLR5jS2CLLLesy8TtFsyWL37BhXNfDMzWzP,3qsjFRuw1qeLMPo4DLwaQevenGAGBj9dA3Q6rb8ax2YR,77iEv8zPQAEyCcEbvBRSB6AFcUdfkhiqnAKtPxk76rNN,2.9333850000000012,0.032840999999999954,0.03391741876832637,0.011562552739693683,1.3566967507330549e-05,0.9992815165895722,111.601963,0.374005,1.6641398666529261
BSCuChvaSj9b5HUSqgDVRzcnr2sSn7cXaamt1jbKH6hn,GnKpRj5kBVPMJfiwZtEuD9GYApLzPdW5JFuZTcyX4BTc,3dmwD9okkomV9nDwyuh4UMhKdUR13QpuKxRo89ycZB5t,389.9942087420002,388.7086615439998,390.7853031769779,1.0020284773908041,0.15631412127079114,1.0001320174263002,1296.048589212,1801.652819665,3100.568263705939
MARpDPs5A7XiyCWPNH8GsMWPLxmwNn9SBmKvPa9LzgA,6YjT74rmcfCpw8LSjPNx5JTmZoYLGrTKnf9arfSgZ4SR,F8GSmi3vA8M8TsybLya1LQ4n1aFHCRbZ6k437PeTdXtg,236407.56811699967,241107.18907200152,229281.72149466688,0.9698577897522885,91.71268859786677,1.0,340297.340113,22821.822879,352861.84901957697
ALBpShJ9NLpE739pcHDF2LNVk5J4VYPvvKuV6jMPitZi,D6d156U1bPiJpDYRLextvDRccgFk7QzkQbJg42ceKEu5,GNcM8U5g8RwTZffwwm3kSQqUNPSwv5d2fbN9sLxPJqt2,930.732689000004,931.2652579999994,930.8136697892755,1.0000870075696584,0.37232546791571025,0.9996940936073563,48998.17174,51229.578817,100216.34231318824
DFWzVTzNBrQZLjoQ4yQwkj9HuoXmfkuZP9V5vbymZe23,DhgiEgiNdqZdRdo195UUHnoEJUtefK8buko8nU97XJUZ,2K2kkXsouBHtWVjtcgkyiXd8eP3oVBvq1bTJzcVdLLr2,5208.427378804,6442.891648055993,4268.955054646571,0.8196245707522645,1.7075820218586284,0.9998953849454547,61993.237571968,7024.428128204,57834.87400173964
ercAoEmXjQzEvAFbdjAo81KtMxRGn9AW1ju882upmPH,CMRhskR2Eg6V42RTSdRTXGdozyPbWB8U9dVpijPWb9T4,7TKLLgrWswt6ZJ1pXhVR3FyufHGjJFqiEXxvWJfDcgRm,0.007692653999924914,0.007861024999954225,1.3341171096248425,173.42741655062926,0.000533646843849937,169.49181269798763,315.35225311,983.216776455,221337.92027671746
Lid8SLUxQ9RmF7XMqUA8c24RitTwzja8VSKngJxRcUa,4PgzyzLtds9bKZ2to9PMnKqJzKEUpjvNUaeN23phegax,AtymwxoVN9peZo7EXTcDz9jKVc4vRmisJKKrNfe3ewBa,558.2982127810019,481.9634907769997,112989.32351316806,202.38166794470692,11.298932351316806,173.52886565915807,1020.012929181,7673.033095368,1537924.6471372047
YAkoNb6HKmSxQN9L8hiBE5tPJRsniSSMzND1boHmZxe,CfWX7o2TswwbxusJ4hCaPobu2jLCb1hfXuXJQjVq3jQF,EnTrdMMpdhugeH6Ban6gYZWXughWxKtVGfCwFn78ZmY3,6824874.99936002,6826113.309870036,6824874.99936002,1.0,682.4874999360021,0.9994213350470077,1034796.08049,478602.175668,1513121.3058525152
Sid7E679i9ABqptiAVhkmQ27YHN8vaYT4fppPwmxFsJ,GP7KB8o1bv527HG8kTzzzf4wJ5aEGHvcMQvVhLziUfmT,9gYxhAZ1M9wu5pxr8SBoa5NDm21gi3s9vMHaYTME77sa,848.9499780000024,2097.2804230000183,9.81602889398682,0.011562552739693683,0.0039264115575947285,0.02877917225977888,130971.512422,10454.844652,1815.2467949659572
SUiuyGR7SFq3xeRVJonq84fjjeFwRSsFekcevJ53tzy,49GjCCPsv7fBqo6t3iKDrP1xxGDS8uWZbVCdfnp2gjMf,CEwj5xEbbJEjYqM8D6Ai8ByGz1mrh8mkAVsE5fzDSSSx,0.013619999999999965,1.1118900000000167,0.00015748196831462757,0.011562552739693683,6.299278732585103e-08,0.9699989039012386,607.135773,2.056151,9.014503611722628
KZMu9QBEdL97EFgamLbN5DE1AoKBG4HdrKKJo4Vuon3,DD4ACBWyVqdaKWh7v5btsgqQCCMwbKnuL2xd9pv7Gyuw,GcYqiJ1MAuYbNTNYXm1F1gQYTfTgkErACAhNU5dpVj9T,135.52305605000072,137.66350353000053,133.30420751589858,0.9836275199307526,0.053321683006359435,1.0,2070.17753288,1018.37189185,3054.6554843331182
daob129AwBGn9Y5r91uLoWZeYiGzbPmksauMhFZKTze,6VW5GQNyj4LStgmxEHLr5zUfW92vQnmbw8jTnCH7a38F,4VPCCUifPeBA1c7HWK358CHn2nyjm8pdTRk6Ps3KmnMQ,15.008534550999933,13.517180923999966,2889.6441965427034,192.53340069435245,1.1558576786170813,171.17698039355983,49.523549091,222.105578453,47554.29956909338
ALLwa5WNZbvQsRKAqe1jdRGemdYQnW8E5k4msbRFcYtu,CGoM82Hbz7QVqTgvQatYtjvDWBvoUJp5qm21P8iMs9yb,3dxNNww8TivyN5FMy5dCNdi3Zcxv6e4kUfSPxfFwpdNq,7.352007736000009,7.3406767929999965,24565.650013365437,3341.3525795241912,9.826260005346175,3337.5274928827225,1.716641482,6.874356716,28679.258979531918
NorjjEePhxfwLF4vZjUHCrVVKLzQjEEGQFd3wgjEJmh,34M8pFVqgbV7aqHxvRT5tCv3vu2P1JJYT8J3VaxBK2oG,3AZWBSze3ucsY3xSeuLne3b2pauVqiaJ1SZSV5T9WGWw,0.001724000000194792,0.001724000000194792,0.0010408359048509304,0.6037331233952019,4.163343619403722e-07,1.0,38036.233836,2313.830183,25277.56443899854
MATgk4zXLXtYkwBH678J1xZbRDZ45LicNzkRBHkxTuY,y8dALFo1bJrSzPYjMX14HJX448pXqYmrfXHD1K8MXih,GN7Yuet3UyiWS5YVkEHv6oQKi4HGBJc3XDPt9zQhAqZz,27596.040239,27592.969516999987,27611.309293039052,1.000553305978206,11.04452371721562,1.0,8565.157898,8965.543163,17535.44021406924
parEAJhzYzHW87y9VoZAQ22dzQ2MD2ekEtTReaxbMcz,3oyc6hpjYSJEquK6dSvG72NXyz3pqLZz5D8AC71pwgQb,Di2vordgFJVZ1aj1aBpvzXtLfZgJsuLLXawGtVFwX6Rz,3.7778005210000174,4.403952924999885,622.6718451591494,164.8239079056304,0.24906873806365976,199.13999402181736,1281.828939042,170.47984553,245225.41041911507
7oAd7xG4m3oC2qeWB1szghTebAZyyGPAFDJ4wwwbRSNi,D9yh4KAysxt9GLacVe4Wwh2XqghhcjTCSTV9HuM7TBJd,HDYfJLpZKaMFb84jM4mRytn7XLR8UFZUnQpSfhJJaNEy,110.28362783795455,2.7638658110000733,110.27209051021283,0.9998953849454547,0.044108836204085136,0.025040451330420925,1013.926085986,299162.389864878,8504.981277357096
AURHmCnNwiW4uA2Qj1XvEh4iKgRUZYXtiY7FKAapUV5Y,BKWm4TRnTeKwfWXRyuzjRHU7iZDkPuXBX5b5V5jSVfGJ,A5Ww74HVrkj9nPeC7pHKLfgeDMEhBCpW1efQdz3TGLEg,0.0011393659999612282,0.0007885699999974349,0.22149171363404963,194.39909005673928,8.859668545361985e-05,173.6674625846477,289.555503518,1809.871282843,370605.0797009852
BerKDkt6v49dT1bHRedgnpsJS263C1DSJtEGvY9Mg35V,78XKqNb8wbfsMMrvo8WPUpdx7GEkfQutpNVH943aCGFa,DKYQwn4nDvFHCszi5tXbqfVMAP7DaXXp1KGTXEnYnKVH,0.0014059750001251814,0.0014059750001251814,0.00141165219517399,1.0040379061137668,5.646608780695961e-07,0.9998953849454547,1340.351451808,2225.755909646,3571.2867271999594
Cob4usZcpHEY7Qt4ZCwj6WVg9S44zvzYV2v9qYF65dTf,NhFM9UXE48PyNAyeyPYA3iXztqKVJwA4bTdLj4ysM8w,6TuFuynuBoeskxyR2cz4wxyidk8dpDK7kAWw3UkjQGx,342.7768679999931,1294.1703099999936,3.96337561419694,0.011562552739693683,0.0015853502456787763,1.0,67809.350096,219.336962,1003.3861487293528
MATSnbbiTCv7Dc3trJrkrqjx7ckKdr6fwPoVwv9q3sD,631WX9JizSHJm4w6VanZeJAst9T8DeUUnPLesdGkCVtK,211maUSfpnXbPuW1iBu8b4dtJv5EbN1j7JJiEX5TZKEP,135024.87382200005,135088.87239300003,134742.99148381592,0.9979123673275507,53.89719659352636,0.9997490629851907,23837.765771,21142.079532,44924.775474013644
