0,1,2,3,4,5,6,7,8,9,10,11
Lid8SLUxQ9RmF7XMqUA8c24RitTwzja8VSKngJxRcUa,4PgzyzLtds9bKZ2to9PMnKqJzKEUpjvNUaeN23phegax,AtymwxoVN9peZo7EXTcDz9jKVc4vRmisJKKrNfe3ewBa,146.465078696996,124.79106571700152,34693.28999633229,236.87072922075217,3.4693289996332295,202.71898870794416,995.363777888,7666.485686429,1789914.7692050694
BUSDgu5JdqP1rndBvXvanbEufS94FNh1w5FJcAj6vawb,Bgzr8cWubt89JQFXndVjtdKmDbGzuPxNhvjH1EhWCwbo,Dxaf8xPBBQsasRKW5Aa4Sw2YrbfGofY9xZueyyF23FBW,10013.304064350004,9973.126460159998,10071.663816752989,1.005828221337127,4.028665526701197,0.9991146245842784,4422.45514024,10526.49691766,14965.407203726269
HEDSDjj84KS7LKhZY7ejkCACTdPen62rKhCby1wXtgxc,EnnjMSFttpCTywBrYNt1J5QQeoSVkvzPipJDa8Y7kJow,6bjVT6JN2rSvpyn9PdfLYC8wJn4LWh49jpY47fnLDXZk,2.0612422529957257,1.9975260169994726,1.9968443695293254,0.9687577317160042,0.0007987377478117302,0.9996478100814391,39085.830166815,9135.053307481,46996.53620844126
parEAJhzYzHW87y9VoZAQ22dzQ2MD2ekEtTReaxbMcz,3oyc6hpjYSJEquK6dSvG72NXyz3pqLZz5D8AC71pwgQb,Di2vordgFJVZ1aj1aBpvzXtLfZgJsuLLXawGtVFwX6Rz,0.8608241030000556,0.9683617229999584,169.81066739366577,197.26523316651927,0.06792426695746631,227.48837591271177,1114.322700064,145.193123352,252846.87507591076
ALLwa5WNZbvQsRKAqe1jdRGemdYQnW8E5k4msbRFcYtu,CGoM82Hbz7QVqTgvQatYtjvDWBvoUJp5qm21P8iMs9yb,3dxNNww8TivyN5FMy5dCNdi3Zcxv6e4kUfSPxfFwpdNq,6.941670101000004,6.905682435999998,25314.237112537394,3646.7070235577276,10.125694845014959,3634.896459974338,1.329653524,7.292734857,31357.192960109845
SUiuyGR7SFq3xeRVJonq84fjjeFwRSsFekcevJ53tzy,49GjCCPsv7fBqo6t3iKDrP1xxGDS8uWZbVCdfnp2gjMf,CEwj5xEbbJEjYqM8D6Ai8ByGz1mrh8mkAVsE5fzDSSSx,0.14220900000000003,12.069047000000069,0.0015672500817519367,0.011020751722830034,6.269000327007747e-07,0.9069102022863206,612.247847,1.995668,8.557323184200566
KwnjUuZhTMTSGAaavkLEmSyfobY16JNH4poL9oeeEvE,J63v6qEZmQpDqCD8bd4PXu2Pq5ZbyXrFcSa3Xt1HdAPQ,BnKQtTdLw9qPCDgZkWX3sURkBAoKCUYL1yahh6Mw7mRK,186.14690499999972,6631.496613999829,5.2496300521514145,0.02820154357200525,0.0005249630052151414,1.0,273070.023055,682.254199,8383.250352394061
BSCuChvaSj9b5HUSqgDVRzcnr2sSn7cXaamt1jbKH6hn,GnKpRj5kBVPMJfiwZtEuD9GYApLzPdW5JFuZTcyX4BTc,3dmwD9okkomV9nDwyuh4UMhKdUR13QpuKxRo89ycZB5t,39.147130452000056,39.19999994099999,39.11516272472969,0.9991833953880844,0.015646065089891876,0.9964933399367625,1656.615809766,1486.897039077,3136.9460062674952
NorjjEePhxfwLF4vZjUHCrVVKLzQjEEGQFd3wgjEJmh,34M8pFVqgbV7aqHxvRT5tCv3vu2P1JJYT8J3VaxBK2oG,3AZWBSze3ucsY3xSeuLne3b2pauVqiaJ1SZSV5T9WGWw,0.00470400000040172,0.0015619999999216816,0.0028017277323407292,0.5956053852256511,1.1206910929362918e-06,1.0,38104.416915,2273.804857,24969.00077245739
SAMGk1Nd4haC8zQA63DG37pzuEZy8j4q13tSFtCbcRE,9U9TnkHD3jXMAVZtynCVLgDruuqN4pTvLJTmVHCLWS8g,C6zoEbvqSknmi96QWq96UBiPCyNW3YSTvKhavR2BfifE,1.6258310599999999,6.3204584700000055,2.326594276212323,1.4310184701553943,0.0009306377104849292,0.0,54.38446365,0.80801454,77.82517197264465
BkwbeSfcX1h4thMDd7obGkHrPevf3QwgzJ4pCEqG18Lu,35yX27bmurdebhfAb8EPmjLETDiUaEUCn9zHaDPbakH2,2CxECn1ZJFoESyUnQysQU8rRgT3iJ5GRs2Mdd6gZjx5g,0.07903803999999992,0.04759254999999907,211.1284325248422,2671.2255582861417,0.08445137300993688,1600.0,0.78697024,22.82042484,38614.85476269858
ZUCKWFa4LTL833dPhhpeeRWZcaAEoMeYJPi2iKn4F8N,7eEYpq6ShaJ9opZWMxitRFrdCHh6vfyHhGfoSvFht3N2,H8VggnHmuwd1wvwpT8eg9cUJFEfZ7HAaeYjgXrSm7A2u,0.0015989829998943605,0.0015989829998943605,0.0016035699298967638,1.0028686546402972,6.414279719587056e-07,0.9996398467570908,1679.577333789,2167.626121682,3851.2409052061735
Lee1XZJfJ9Hm2K1qTyeCz1LXNc1YBZaKZszvNY4KCDw,9DgFSWkPDGijNKcLGbr3p5xoJbHsPgXUTr6QvGBJ5vGN,2hNHZg7XBhuhHVZ3JDEi4buq2fPQwuWBdQ9xkH7t1GQX,1072.681811861973,910.1587830460094,254629.38935432496,237.37643962876226,25.462938935432497,201.83422910728117,7212.800332299,56417.775781355,13099187.145411514
B2izdXFYb2sNwbWWHmh75T4aQFtfXsUxem9u2p61HGzf,4DYwgJtxwuJdAjkj5RJSNH4e7U329V5cNp7d3a1nLrZv,EXNW64GEf1ACC6xY9BtKRiunrs6GoJSXBdxWN2eTPmrF,2041.4283149999874,1998.0756069999925,2042.437279015821,1.0004942441566134,0.20424372790158216,1.0,6964.174319,32874.923989,39842.540310462806
WiiQFxXqp8P9Fs1rt9SVcDyA3KUdJmUsog6wnVQAwba,3S2jpqSYxho6wiz3cafhjXruVY8cg4HYa2v3BqBHYFSj,Dfe67M6TfrG74gKRtdqys4e6E9QirPD53BkF4FujFjuv,29694.497602666997,29619.90406273101,29724.224710627426,1.001001098195302,2.9724224710627425,0.9911993186741701,7718.445269199,19035.308900238,26593.957403496806
YAkoNb6HKmSxQN9L8hiBE5tPJRsniSSMzND1boHmZxe,CfWX7o2TswwbxusJ4hCaPobu2jLCb1hfXuXJQjVq3jQF,EnTrdMMpdhugeH6Ban6gYZWXughWxKtVGfCwFn78ZmY3,6493934.913468984,6494844.955508009,6493934.913468984,1.0,649.3934913468984,0.9984583802608772,737407.737167,532240.397751,1268827.6226148685
KEVpg4SYCVrqFxKijQH6hm4QxsRdoE51ud64bEEFUC9,2bPenuBYfqzD8p5dFjCcggwkHDsc2RQDnx9AoyYGUBjA,AE6n6iLuX8oYu61vt5hoDYkjswpnxFxrhSehxrnQTnbx,2719.3083408890006,2725.2864462750013,2711.3658960990692,0.9970792408236666,1.0845463584396278,0.997359488758792,6049.715058839,1574.971113615,7602.857682751615
FrnkTEL6yZ5Aycq2TrEgu29dCrwKG4LPUZydfiwqspkc,DjvZuMZ46fxKBoBpGMPcRcos4xdTtHFxwMh69DpA2ZFY,9rvDPJLAng4uVVqnnSoEXgNDFhBZQTny9AoQioYDZbQX,87.62333351499933,73.6549543829999,19590.25977569745,223.57355044411767,7.836103910278981,200.5880841450966,179.724851978,1455.340867934,332105.7597367081
AyiATPCAx5HZstcZ1jdH9rENwFb3yd9zEhkgspvDrCs4,DvHVapj4g2Y1tJVSw2ubSPkPBsJPb8fW387ZWXwaKmZq,DKjqWWgrtDRPKrnMWtZ4UiJk4sGQVCQgFjSo7BvfngvK,0.04305945999999994,0.04259868,116.49971591677698,2705.554503395471,0.04659988636671079,2737.700878801982,0.84458708,0.31858958,3157.279350946785
Cob4usZcpHEY7Qt4ZCwj6WVg9S44zvzYV2v9qYF65dTf,NhFM9UXE48PyNAyeyPYA3iXztqKVJwA4bTdLj4ysM8w,6TuFuynuBoeskxyR2cz4wxyidk8dpDK7kAWw3UkjQGx,119.71796400000215,2194.594801000014,1.3193819580067279,0.011020751722830034,0.0005277527832026911,1.0,68401.112403,212.792159,966.623836358853
BUSDTd9WiT6uBHJRgNvFXBsA7JrifsAtWzKfioN7ERcy,DyBxrn7gSc1EwnpWhDyhzvMHPtxpmBqRqotapLcKcfTM,Cds99GeBgoCpqBsoRWu1C6fF9LiUMd4pXQQD24s9LPff,30614.23082135,30580.51166441,30450.205612284473,0.9946421907503508,3.0450205612284478,0.9978038337618902,2746.28678345,2789.2472259,5514.694278032179
DFWzVTzNBrQZLjoQ4yQwkj9HuoXmfkuZP9V5vbymZe23,DhgiEgiNdqZdRdo195UUHnoEJUtefK8buko8nU97XJUZ,2K2kkXsouBHtWVjtcgkyiXd8eP3oVBvq1bTJzcVdLLr2,1106.1290736069977,1314.7405083769936,945.6065936923521,0.8548790699523025,0.37824263747694087,0.9996478100814391,60800.996807998,8030.000006691,60004.67152503684
daob129AwBGn9Y5r91uLoWZeYiGzbPmksauMhFZKTze,6VW5GQNyj4LStgmxEHLr5zUfW92vQnmbw8jTnCH7a38F,4VPCCUifPeBA1c7HWK358CHn2nyjm8pdTRk6Ps3KmnMQ,55.27798919999999,49.62423134100001,12289.208224287095,222.31648441161272,4.915683289714838,199.94293628598396,49.317571739,222.525254157,55456.46188266743
7dwD9TF6uikvHXxPFK9AsSim54yJoujQjY9vU6gNFumk,CquVr6atkvwueDYficKjn6SSEWq4F4rH4VSiBbW4GBWU,8BCa6ge3b7ho3TfZuM64Vk1hgbrJ3J7EPiAb9uP86CGd,7.14799999999979e-06,7.1780000000000455e-06,0.0016903184339535006,236.47431924364162,6.761273735814003e-07,237.88725666512514,0.003945401,0.003562552,1.7804717376250379
MATgk4zXLXtYkwBH678J1xZbRDZ45LicNzkRBHkxTuY,y8dALFo1bJrSzPYjMX14HJX448pXqYmrfXHD1K8MXih,GN7Yuet3UyiWS5YVkEHv6oQKi4HGBJc3XDPt9zQhAqZz,24259.783442999993,24421.040738000007,24273.230812870326,1.0005543070861258,9.70929232514813,1.0,7395.998593,7746.886044,15146.984291429077
heyk4SZTeCUV6a65WiVA5bzic3KcxgVf1qxobfeV4tQ,9ZDpBKPqMABtGfq66FbVribaArMvtk63xxy91onZAtDt,DaTP4s6N7xxSPinbNZ3FB52EpRDRt87QShTuN3VPCW52,17.363060978998874,15.133425449000129,3926.547824881257,226.14375596736835,1.5706191299525027,201.80131893306026,638.103150198,4490.569027423,1050505.7955742965
BSCrK1Nx9PXU9mF7STWWBqeHLxmtJDr9h7jheEy4tAWX,FfSySSbVJPvEo5a5AvrP3nySoXpRE2QPn1uUMpJJ1x7v,HL7Vcj6838ZmvBHDbQxXfjBNckNi83WvPiZQoMQLFeRM,0.03329811599999999,0.03331132799999981,121.68496064200667,3654.4097762770334,0.04867398425680267,3439.3809114359415,0.857663381,0.945765053,6387.0997142726155
BSC8REUo9LpiiWUuqMuLXs2D2yJsJfGd4HdiF3wCLxk5,AZjEH1zWVx1UJ6udMyRijGTzPteuLnaY18yNNmprJEsh,Caf8ypkSVR8xYnXNhjvfvdGCC7mrM3C11rz8Xi6NA6aK,234.7306213390002,234.92962916399938,234.62145830922827,0.9995349433782894,0.09384858332369131,0.999880945175739,3305.712161016,3026.56484371,6330.379334250469
wrmcMSHFi3sWpAEy4rGDvQb3ezh3PhXoV2xNjgLBkKU,8p4mGnARWPBu6P2Gcw4adodLkNDorrXniZMhaY7eJXUn,AyY89zccbsgp9LKFgH4CFZMJmpSgqmPSdTfukhP227rc,0.008647280000000007,0.08642674000000028,3.3131340996168612,383.1417624521073,0.0013252536398467444,3530.325496010732,27.0567661,0.09831828,10713.67258041635
MARpDPs5A7XiyCWPNH8GsMWPLxmwNn9SBmKvPa9LzgA,6YjT74rmcfCpw8LSjPNx5JTmZoYLGrTKnf9arfSgZ4SR,F8GSmi3vA8M8TsybLya1LQ4n1aFHCRbZ6k437PeTdXtg,46322.98288699996,48539.47369300025,42999.90706881488,0.9282629137615905,17.199962827525955,1.0,342852.542559,19960.849058,338218.1492043871
SoNcU2iwHMw6dGzsYNQkYFkUjwN1UdAjrWVRnStrZu2,8ivTTid27jZnYNc4w3CTA1Z6QS2twsFb8WMwUabeDJgc,CyXm53PMvHCbeXJBykU46Rcbo28xk5srhMZFg7gv6EYB,32.77445955600001,32.231257717999995,7771.002516399993,237.1054358080897,3.1084010065599976,229.67470711881347,16.494986877,21.62759232,8878.361983900904
STK75uPSyBnEhGTTzb1nwmP3n427XoXmfRhXxxhyady,6TYyD5fUmDe6N65avW1Ny2RxzRNobw2RRgKwH9CTzSAU,54zDfk4cx2vGrEajPtodWpArNe5eUurytyxd4X3aZAxK,374.9425217549996,419.8395135070019,75150.6644547604,200.4324932339001,7.515066445476039,225.87288009831795,598.152378035,108.872595238,144480.53911352687
KZMu9QBEdL97EFgamLbN5DE1AoKBG4HdrKKJo4Vuon3,DD4ACBWyVqdaKWh7v5btsgqQCCMwbKnuL2xd9pv7Gyuw,GcYqiJ1MAuYbNTNYXm1F1gQYTfTgkErACAhNU5dpVj9T,23.409534219999614,23.639682289999882,23.13329171827254,0.9881995729120031,0.009253316687309018,0.9982316426274019,1913.02282826,1174.07803562,3062.45018792715
Sid7E679i9ABqptiAVhkmQ27YHN8vaYT4fppPwmxFsJ,GP7KB8o1bv527HG8kTzzzf4wJ5aEGHvcMQvVhLziUfmT,9gYxhAZ1M9wu5pxr8SBoa5NDm21gi3s9vMHaYTME77sa,507.880613000003,1312.8685620000178,5.595365765196722,0.011017088705444815,0.002238146306078689,0.028148875348278996,131821.982004,10124.966215,1737.300880957189
MATSnbbiTCv7Dc3trJrkrqjx7ckKdr6fwPoVwv9q3sD,631WX9JizSHJm4w6VanZeJAst9T8DeUUnPLesdGkCVtK,211maUSfpnXbPuW1iBu8b4dtJv5EbN1j7JJiEX5TZKEP,79470.11607700001,79523.82227300003,79331.6822914015,0.9982580397206873,31.732672916560606,0.997127276316931,26177.271031,25777.712836,51835.33185448387
HDSBGqAuMRr6X2AfmmbXQPpRgU6VEhtfNVVZ3wUTZXg,DCZ1d8kNLgDcdSd99y4udLgwq46mfDXNS9KXj96kQf5L,Fq8GGYQM5Pz3q7LmVMbrXHJgsxA5ev86kTq8yGgGuYsa,30.592130662998898,30.746566586998597,30.353330871024042,0.9921940777971479,0.012141332348409617,0.9996478100814391,10962.567474585,10372.621729074,21245.963122006848
BUSD5rCfUDpCxKGMvYU2yThChxgHoioK74PTPociGnv2,CcFHbafgYDZ8yA8Me1PdtDiVb2eeaS61LbqyKKK5CsNZ,26R9s4nmF3CFDTkiePDwRmtscn8i7r2eygbSijditJ58,1072.03532164,1070.8802097999999,1072.2086334435096,1.0001616661317134,0.10722086334435096,0.9982316426274019,61.84836818,84.32087385,146.03013137749988
ercAoEmXjQzEvAFbdjAo81KtMxRGn9AW1ju882upmPH,CMRhskR2Eg6V42RTSdRTXGdozyPbWB8U9dVpijPWb9T4,7TKLLgrWswt6ZJ1pXhVR3FyufHGjJFqiEXxvWJfDcgRm,66.5605429719999,65.13421520399993,13424.6582441876,201.69093647320406,5.369863297675041,194.96320361976484,347.57914074,919.671963685,249405.75471370984
GokA1R67GqSavkd15zR62QD68Tuc5AEfvjssntVDEbM8,3YB7hfpBdbQEuZqLGWVDpRPmeZWCUsrrWyqGXegnQ6Cg,4DPCj6Z1DsG6HUtwSogBGqXEUxdEV5a8YVrrFtcnz7UW,18094.654437999998,18093.404316999993,18095.233485471534,1.000032001024033,1.8095233485471538,1.0,17296.941363,15294.751099,32592.245981836255
JSoLLrxK5bYdHwTEWYaGgmeycBCNXKDiBCTw5hXGBg7,xG4wXczA7Dk4hccJ61CHKpDHW4NrNfQwgmWgkb9BuF2,BVR6WgfhsRr9Lob4QDnkEAiNGgAbv7ZieKcY9kSg3QYR,26.48275726600011,22.91236382699999,6114.546989026157,230.8878538442943,2.445818795610463,200.90717626370113,17.921605544,167.743052927,37838.664142914306
vEnkoSUkpnbRrPgBz9DfcVxNz67zjwMYBZraAvDDNSf,DtfyjjsZ5yCjWKLKHvwsfXs5QVsmm1QkK6Sh9JZHoq1g,e5wrKCRv4GhHvEf1VD5Pq2KGaZDXP77nTL612Jyrxwy,270.60952099999986,270.81136800000013,269.72778088428913,0.9967416515411122,0.026972778088428913,0.9955816088200566,1373.721828,586.885854,1953.5385263178484
BSCNHw8CmxbZ8hCWWzMf5FaG2ajPT6JxfznKUNuRVrn4,7n9kgNL633yGzCYksgnzHyjG73ZLBAwvEae5sbAekbzW,SscdxE99omdG9AiMVwmaEMQySQnCgeAh1sPj2Leutm2,2289.7551859369987,2291.950512194,2292.1816848842536,1.001059719817279,0.9168726739537015,0.9996478100814391,5238.6476351,6447.122891059,11689.051413187703
ALBpShJ9NLpE739pcHDF2LNVk5J4VYPvvKuV6jMPitZi,D6d156U1bPiJpDYRLextvDRccgFk7QzkQbJg42ceKEu5,GNcM8U5g8RwTZffwwm3kSQqUNPSwv5d2fbN9sLxPJqt2,2229.2184440000055,2230.4552900000053,2224.529136580095,0.9978964343164609,0.8898116546320379,0.998600960054963,51617.094147,48646.882462,100087.33772930251
SEQV6QiTpvTzrceiaYg9Avnwf7oc8ZALpnQMz6TyT4A,3dFMPj4r9mMmPHF32mz1gNDX7f8ftidWof7S8YiYTs1j,Fc1ED3YPeQfXQosHbd8DTaBd2AV5gHQtwiSAL5C5pUhi,568.723881142,569.7225482299991,567.7699385054306,0.9983226611925388,0.22710797540217223,0.998600960054963,3200.819196839,2409.120606358,5601.200488981768
AUSejoEUCh2DBs9mof6BNC8Pubs22w4cJa1ccV9h44R,4xkyD7AfGQDwsQMy9MosRRNGoVJ1zosNinesxg1TzHG7,Cbm5gsQe3nSiCsFrvepVzMCD9xLK3ri9g3ypS2hdmVJ7,5995.871806000001,6000.135659000005,5990.749714993681,0.9991457304005075,0.5990749714993682,1.0,14786.420279,14083.047884,28856.83657367033
SoN9GaFpSXfpyR5dth3x7PHPVhvJMpQqqDJfCSmPv1t,9kZ9iS68ViMPtoeqtnhAKuF2iqVyfHPdZHoUNdwCELr,BBhm5fJLjw3HRzjtKB8uMEYjGhY6EDm9co3cqpjrSzB9,4.575234397000001,4.446098062000002,1085.908758669321,237.3449455139076,0.4343635034677284,220.31536823070016,3.705185532,5.904714354,2180.3063754100694
SRMuKizofcAMicegrfSv7xs9q76tH1w8aAF7oX9FEWu,72Hj2KWntXPfbie4UgKeTPnm1XVkomDfCnRPKbvfTtPi,6aqJQ5wedqpUt4fFEDUqUmXhrdxCu4bEJsQdVPCADLko,493.83950300000015,494.0263699999987,33.264380692440575,0.06735868736778752,0.013305752276976232,0.06732535097042087,17975.740378,4982.646161,1546.2806778769618
RajgMbScQbqqrdJfR2rxfHJiTiY5b6bJ2tTXiF4aPxy,725ZA3fhyBAKb5iopNRrcbSuQa3LXA1656Q3mBvYPxeg,GLA6i1dSZpUfk2f9Nj8uiG7xyDdAR2reff8oEiZH3617,10805.802251160014,10796.912224070009,10799.769607854761,0.9994417218485926,4.319907843141905,0.9982316426274019,66920.66006431,114887.09855283,181567.23682700604
SAMyS8Jr2HJrkFwYVKbpUwsNStnQmvz3f8Tup8bWUWF,6jPzm5TFfquvgm25sTyN3MMGBfufRaFHMxobDWv6hMFW,Cj9ECoDmxsHTDzCY5ZA6RWrPbg9uFzEC1Qc2kso2vJG6,827.6610349999974,23.409816469999555,817.8942813029039,0.9881995729120031,0.32715771252116155,0.028254353861227384,567.45352166,105421.96850051,3539.3869305124003
KEN5P7p3asnb23Sw6yAmJRGvijfAzso3RqfyLAQhznt,9zj4aX38Uxf3h6AUjS4EipWS8mwbEofasHAf3a1uKGds,CwQDG1MWunn9cLNwcZLd8YBacweSR7ARo32w4mLua1Yr,350731.82505500433,350742.1766720023,350364.64290923544,0.9989530971541825,35.03646429092355,1.0,2140758.078266,2041139.641837,4179656.554378656
C98Sspw7XqnMsgxea3SLQVdbMDL8pKUc3RE82UvX9eq2,CSqgQJurPCzGxb4Cgwx5R61hWQUiaoUHcShNc8r1cKEL,6S2CR5EnukPhC914XkAns8m5GixjMAoUuZMsS5ubHuWc,69.16601100000014,69.11828400000013,0.0,0.0,0.0,1.0,898.049453,970.263293,970.263293
