0,1,2,3,4,5,6,7,8,9,10,11
7dwD9TF6uikvHXxPFK9AsSim54yJoujQjY9vU6gNFumk,CquVr6atkvwueDYficKjn6SSEWq4F4rH4VSiBbW4GBWU,8BCa6ge3b7ho3TfZuM64Vk1hgbrJ3J7EPiAb9uP86CGd,0.029188203999999995,0.02946615099999983,6.615059830427384,226.63469908691144,0.0026460239321709537,228.94878850603817,2.345081912,1.834706102,951.5306727778146
SUiuyGR7SFq3xeRVJonq84fjjeFwRSsFekcevJ53tzy,49GjCCPsv7fBqo6t3iKDrP1xxGDS8uWZbVCdfnp2gjMf,CEwj5xEbbJEjYqM8D6Ai8ByGz1mrh8mkAVsE5fzDSSSx,7.999951000000054,17.956100999999947,0.10415331326217328,0.013019243900640463,4.166132530486932e-05,0.9663768502492769,600.642589,2.138022,9.886047329426805
Lid8SLUxQ9RmF7XMqUA8c24RitTwzja8VSKngJxRcUa,4PgzyzLtds9bKZ2to9PMnKqJzKEUpjvNUaeN23phegax,AtymwxoVN9peZo7EXTcDz9jKVc4vRmisJKKrNfe3ewBa,218.2633774269898,187.24917677599763,49489.900354421145,226.74395007461007,4.948990035442115,194.4071020802532,1024.682171294,7667.623400461,1722980.9282165894
BSC8REUo9LpiiWUuqMuLXs2D2yJsJfGd4HdiF3wCLxk5,AZjEH1zWVx1UJ6udMyRijGTzPteuLnaY18yNNmprJEsh,Caf8ypkSVR8xYnXNhjvfvdGCC7mrM3C11rz8Xi6NA6aK,6730.160339626002,6784.041322497,6724.847373958206,0.9992105736862592,2.689938949583283,0.9997095993570307,3368.721737169,2942.96765837,6308.17539825578
KEN5P7p3asnb23Sw6yAmJRGvijfAzso3RqfyLAQhznt,9zj4aX38Uxf3h6AUjS4EipWS8mwbEofasHAf3a1uKGds,CwQDG1MWunn9cLNwcZLd8YBacweSR7ARo32w4mLua1Yr,169979.28943899833,169992.1655450007,169806.42649682457,0.9989830352700951,16.98064264968246,1.0,2074606.015266,2006380.318874,4078876.5329940263
ALLwa5WNZbvQsRKAqe1jdRGemdYQnW8E5k4msbRFcYtu,CGoM82Hbz7QVqTgvQatYtjvDWBvoUJp5qm21P8iMs9yb,3dxNNww8TivyN5FMy5dCNdi3Zcxv6e4kUfSPxfFwpdNq,10.922949553,10.851648426999999,39676.53306574646,3632.4010170722845,15.870613226298584,3623.871164132373,1.765211939,6.832436529,31171.827360779516
SoNcU2iwHMw6dGzsYNQkYFkUjwN1UdAjrWVRnStrZu2,8ivTTid27jZnYNc4w3CTA1Z6QS2twsFb8WMwUabeDJgc,CyXm53PMvHCbeXJBykU46Rcbo28xk5srhMZFg7gv6EYB,16.769973221000015,16.614142658000002,3840.0699276247597,228.984857460361,1.5360279710499039,224.75991146257567,16.954267076,20.922992648,8584.920404839355
NorjjEePhxfwLF4vZjUHCrVVKLzQjEEGQFd3wgjEJmh,34M8pFVqgbV7aqHxvRT5tCv3vu2P1JJYT8J3VaxBK2oG,3AZWBSze3ucsY3xSeuLne3b2pauVqiaJ1SZSV5T9WGWw,34.64976899999965,57.75137699999823,20.67647985506655,0.5967277835262554,0.00827059194202662,1.0,38093.983701,2279.212418,25010.95087758303
ALBpShJ9NLpE739pcHDF2LNVk5J4VYPvvKuV6jMPitZi,D6d156U1bPiJpDYRLextvDRccgFk7QzkQbJg42ceKEu5,GNcM8U5g8RwTZffwwm3kSQqUNPSwv5d2fbN9sLxPJqt2,96.13299199999892,96.13539999999921,96.06219416290087,0.9992635427689793,0.03842487766516035,0.99817234643368,48745.51432,51482.989177,100098.51144172507
BkMBnJpvHKtWhUvrgRrLesXfi9RUV3ELgdBaJcdH7hcY,5uerVwBnZQsuVhZ15igs7ZgmcqhHnYWbwoRtLyRqLvR,9YWiQh5d4jCtgMdzcGLv9bWgnLaFtzvDDh2nnhJdzhBX,0.018889295000008133,0.018889295000008133,0.018885362935247473,0.9997918363411309,7.55414517409899e-06,0.9997095993570307,1471.203929156,1401.352976029,2871.843700186899
MARpDPs5A7XiyCWPNH8GsMWPLxmwNn9SBmKvPa9LzgA,6YjT74rmcfCpw8LSjPNx5JTmZoYLGrTKnf9arfSgZ4SR,F8GSmi3vA8M8TsybLya1LQ4n1aFHCRbZ6k437PeTdXtg,270190.4223509994,273646.3298609996,261465.32447332455,0.9677075974723478,104.58612978932982,1.0,337675.365409,25186.692855,351957.7094405405
MATgk4zXLXtYkwBH678J1xZbRDZ45LicNzkRBHkxTuY,y8dALFo1bJrSzPYjMX14HJX448pXqYmrfXHD1K8MXih,GN7Yuet3UyiWS5YVkEHv6oQKi4HGBJc3XDPt9zQhAqZz,35708.340736,35635.490038,35764.77755498175,1.0015804940195627,14.305911021992703,1.0,7307.308355,10251.477572,17570.335084154176
BUSDTd9WiT6uBHJRgNvFXBsA7JrifsAtWzKfioN7ERcy,DyBxrn7gSc1EwnpWhDyhzvMHPtxpmBqRqotapLcKcfTM,Cds99GeBgoCpqBsoRWu1C6fF9LiUMd4pXQQD24s9LPff,33940.04407093001,33939.47779162999,33870.28483228943,0.9979446332333926,3.3870284832289426,0.9994702807512019,3151.5285393,2368.89991487,5512.696055262924
RajgMbScQbqqrdJfR2rxfHJiTiY5b6bJ2tTXiF4aPxy,725ZA3fhyBAKb5iopNRrcbSuQa3LXA1656Q3mBvYPxeg,GLA6i1dSZpUfk2f9Nj8uiG7xyDdAR2reff8oEiZH3617,20201.928517420063,20204.97343547996,20205.287242318354,1.000166257637007,8.082114896927342,1.0,98346.11416743,83430.11557332,181792.5805333003
C98Sspw7XqnMsgxea3SLQVdbMDL8pKUc3RE82UvX9eq2,CSqgQJurPCzGxb4Cgwx5R61hWQUiaoUHcShNc8r1cKEL,6S2CR5EnukPhC914XkAns8m5GixjMAoUuZMsS5ubHuWc,960.1375610000002,958.7358289999999,0.0,0.0,0.0,1.0,837.503028,988.957336,988.957336
BSCrK1Nx9PXU9mF7STWWBqeHLxmtJDr9h7jheEy4tAWX,FfSySSbVJPvEo5a5AvrP3nySoXpRE2QPn1uUMpJJ1x7v,HL7Vcj6838ZmvBHDbQxXfjBNckNi83WvPiZQoMQLFeRM,0.188146673,0.18803846800000046,684.891969713516,3640.202395253176,0.2739567878854064,3634.1170912526804,0.879488039,0.923677104,6558.265216609499
SBFjafzbDXgDRsA5SUypY8FXjJ9sBdb4JbuQq2PHQDG,46xwHtnXoQR3wCHUbm2eCAbPYWbioDQ59Te1Db8M5DDL,FC38fiikZwFvDt5zTjNtGfKd7LjaPz2uUAzLwKP5pRJY,11.102429647999998,30.99504100000013,59.19064530133042,5.331323609151902,0.023676258120532173,1.8419259177395886,190.151907523,9570.322953249,18641.587242630052
ercAoEmXjQzEvAFbdjAo81KtMxRGn9AW1ju882upmPH,CMRhskR2Eg6V42RTSdRTXGdozyPbWB8U9dVpijPWb9T4,7TKLLgrWswt6ZJ1pXhVR3FyufHGjJFqiEXxvWJfDcgRm,0.0,0.00022418200001084188,0.0,194.56672422598925,0.0,188.08595829231493,317.685850018,983.206549982,246738.4413235965
YAkoNb6HKmSxQN9L8hiBE5tPJRsniSSMzND1boHmZxe,CfWX7o2TswwbxusJ4hCaPobu2jLCb1hfXuXJQjVq3jQF,EnTrdMMpdhugeH6Ban6gYZWXughWxKtVGfCwFn78ZmY3,8960861.725465976,8962800.134974051,8960861.725465976,1.0,896.0861725465976,0.9991397406832717,1003297.14464,433204.975898,1436129.4519214306
MiMUFdSLMyCLpqpH6zkqdDrGYs7XBomwENbivdYjv9V,,,0.022500933999999972,0.010266983,0.0,0.0,0.0,0.9991397406832717,1003297.14464,433204.975898,432832.3072814307
BUSDgu5JdqP1rndBvXvanbEufS94FNh1w5FJcAj6vawb,Bgzr8cWubt89JQFXndVjtdKmDbGzuPxNhvjH1EhWCwbo,Dxaf8xPBBQsasRKW5Aa4Sw2YrbfGofY9xZueyyF23FBW,33440.096579799996,33432.46093952001,33446.157023452644,1.0001812328393904,13.378462809381057,1.0,7231.47608285,7671.14742597,14903.93408976348
KysFMBBoavfov2tLpvefWW6tPFt6rAeZWDJVy1mMQae,B8ka2V21TH3x64dFV8ETcjuQcwmrciJ2qzy1mJUttRew,7fSf7EYxBANyxzk2s5pymFgshA91tFYQNKKs5UnLWcYS,18.959120999999868,26.03292099997634,0.0,0.0,0.0,0.03160070761568522,134690.321953,2472.793184,78.1420144016433
HEDSDjj84KS7LKhZY7ejkCACTdPen62rKhCby1wXtgxc,EnnjMSFttpCTywBrYNt1J5QQeoSVkvzPipJDa8Y7kJow,6bjVT6JN2rSvpyn9PdfLYC8wJn4LWh49jpY47fnLDXZk,8.67438683599903,8.830785875999936,8.401313466733415,0.9685195767230081,0.0033605253866933658,0.9997095993570307,39129.023444319,9093.193910822,46987.778465340154
GokA1R67GqSavkd15zR62QD68Tuc5AEfvjssntVDEbM8,3YB7hfpBdbQEuZqLGWVDpRPmeZWCUsrrWyqGXegnQ6Cg,4DPCj6Z1DsG6HUtwSogBGqXEUxdEV5a8YVrrFtcnz7UW,42924.582446999986,42921.94962100003,42939.997906248325,1.0003591289272848,4.293999790624833,1.0,10757.51206,21821.07065,32582.446043766362
KwnjUuZhTMTSGAaavkLEmSyfobY16JNH4poL9oeeEvE,J63v6qEZmQpDqCD8bd4PXu2Pq5ZbyXrFcSa3Xt1HdAPQ,BnKQtTdLw9qPCDgZkWX3sURkBAoKCUYL1yahh6Mw7mRK,493.2409150000003,15866.921309999889,15.584506866472212,0.03159613566622348,0.0015584506866472214,1.0,271597.770702,726.028903,9307.468912744249
DEDaBEWzMCXohXYXoLzB4jK1xqMsd3SS9izXp2xvg9pe,GC5zHpW5GuVdw3C7covC6viyGdLS8ZAaVGDKMeru7p78,F8juxtAFueW19vxkdDArUkjVWAv9QV6yy1wCXUWQiXvh,0.030692539999996882,3859.9315883889794,0.030692539999996882,1.0,1.2277015999998753e-05,0.0,32.55886263,8580702.13790305,32.55886263
RoBgmK8CvjdHvPrqdDyVw54VwjZv2TqJ493xnqJAQHx,ExiHJxM7qPAcy27NDHAF6G7vnW7muNHi2sVJpnaNynGQ,6rkPHSqZb7StM4HwS9EuVrmfkV7tRdc7dnsFhyB6cefE,23.588707000000504,3.0327470000003913,0.0,0.0,0.0,0.9741793756484382,6089.480193,22.454982,21.875180344956917
B2izdXFYb2sNwbWWHmh75T4aQFtfXsUxem9u2p61HGzf,4DYwgJtxwuJdAjkj5RJSNH4e7U329V5cNp7d3a1nLrZv,EXNW64GEf1ACC6xY9BtKRiunrs6GoJSXBdxWN2eTPmrF,5273.169274999995,5174.6805370000075,5374.620613704277,1.0192391583530727,0.5374620613704277,1.0,7774.728915,32300.271249,40224.5794047479
BSCNHw8CmxbZ8hCWWzMf5FaG2ajPT6JxfznKUNuRVrn4,7n9kgNL633yGzCYksgnzHyjG73ZLBAwvEae5sbAekbzW,SscdxE99omdG9AiMVwmaEMQySQnCgeAh1sPj2Leutm2,3993.138381726,4008.0214507169976,3991.153449407546,0.9995029142171636,1.5964613797630185,0.9997095993570307,5977.256450072,5692.66215582,11665.294243940047
MNkYtBe2HtgL15osfaMmyqNW3vo4J399FXXCS4a39Wf,2mUxDu8NrhSKhQJMgKfYLxJqZzeEbmwhQdHeHMyohyuk,AZCBmDBcFsA2jHHhfFJBTsWCHx9XnnKmGfFsue3ZVW1t,0.018877949999932753,0.018877949999932753,0.018870101735919763,0.9995842629092133,7.548040694367906e-06,1.0,2195.09800886,1941.17749541,4135.362920609805
AURHmCnNwiW4uA2Qj1XvEh4iKgRUZYXtiY7FKAapUV5Y,BKWm4TRnTeKwfWXRyuzjRHU7iZDkPuXBX5b5V5jSVfGJ,A5Ww74HVrkj9nPeC7pHKLfgeDMEhBCpW1efQdz3TGLEg,0.00797894999982418,0.0071178399999780595,1.7411062061418467,218.2124472744174,0.0006964424824567388,194.7551275616872,289.568276199,1809.856977336,415666.32869190053
Lee1XZJfJ9Hm2K1qTyeCz1LXNc1YBZaKZszvNY4KCDw,9DgFSWkPDGijNKcLGbr3p5xoJbHsPgXUTr6QvGBJ5vGN,2hNHZg7XBhuhHVZ3JDEi4buq2fPQwuWBdQ9xkH7t1GQX,1463.5009954010602,1243.4130760300195,335543.30819134606,229.27439697394482,33.554330819134606,194.85914801344995,7242.18214206,56382.856643607,12647162.351534024
vEnkoSUkpnbRrPgBz9DfcVxNz67zjwMYBZraAvDDNSf,DtfyjjsZ5yCjWKLKHvwsfXs5QVsmm1QkK6Sh9JZHoq1g,e5wrKCRv4GhHvEf1VD5Pq2KGaZDXP77nTL612Jyrxwy,2874.422552,2874.7974590000013,2875.1269581047354,1.0002450600397097,0.28751269581047356,0.9960476827946708,801.288058,1157.252224,1954.1628178074918
oKQqupM9E7SSLAFDLxr7mdsXP7znck9qRbVWc6Yyj7Q,CMR2J7CwfW98RpvnJmFBgRFTLAd3x8CJ1SWs8Bt3uunG,FmRb5jHfSNj1YWP3b45d9vvYuhwjp4om8bALmtqZpr1v,0.2132827699997506,0.2138290099999267,0.2089038527800861,0.9794689593553684,8.356154111203445e-05,1.0,4105.29902096,1794.35178921,5815.364749112304
SEQV6QiTpvTzrceiaYg9Avnwf7oc8ZALpnQMz6TyT4A,3dFMPj4r9mMmPHF32mz1gNDX7f8ftidWof7S8YiYTs1j,Fc1ED3YPeQfXQosHbd8DTaBd2AV5gHQtwiSAL5C5pUhi,168.04914050700017,167.93297417800022,167.93988687771213,0.9993498709427585,0.06717595475108484,0.997969132814722,2308.608446849,3296.159313445,5596.572805073786
ACUSESXyNnwRLAg1dpSGMLSzUDdLjUMybY8rkXiAKhCP,AhFPQdu8GKBsxuhiH46UmCu1YpaLgNpoP325HnYtsgas,A8wxWpT3aFEr2XqZp1kDmbxbFfcBE95UUmdsNTDBJYbT,0.0,0.003062616000079288,0.0,0.9997095993570307,0.0,0.9873975439898072,1039.692001441,1845.793740034,2861.9222798366236
WiiQFxXqp8P9Fs1rt9SVcDyA3KUdJmUsog6wnVQAwba,3S2jpqSYxho6wiz3cafhjXruVY8cg4HYa2v3BqBHYFSj,Dfe67M6TfrG74gKRtdqys4e6E9QirPD53BkF4FujFjuv,9401.859074589,9399.333819558002,9398.666864381847,0.9996604703195584,0.9398666864381847,0.9997095993570307,14353.453704844,12378.595828292,26723.58135739877
SoN9GaFpSXfpyR5dth3x7PHPVhvJMpQqqDJfCSmPv1t,9kZ9iS68ViMPtoeqtnhAKuF2iqVyfHPdZHoUNdwCELr,BBhm5fJLjw3HRzjtKB8uMEYjGhY6EDm9co3cqpjrSzB9,1.4251275559999996,1.3997588870000026,327.63925571621843,229.90170552580244,0.13105570228648739,226.01536271623456,4.223260872,6.61297923,2465.569776656563
SRMuKizofcAMicegrfSv7xs9q76tH1w8aAF7oX9FEWu,72Hj2KWntXPfbie4UgKeTPnm1XVkomDfCnRPKbvfTtPi,6aqJQ5wedqpUt4fFEDUqUmXhrdxCu4bEJsQdVPCADLko,0.024399999999332067,0.024399999999332067,0.0015936734819938128,0.06531448696874748,6.374693927975251e-07,0.06477543554840924,17693.037092,5263.671893,1496.5682800359943
SAMyS8Jr2HJrkFwYVKbpUwsNStnQmvz3f8Tup8bWUWF,6jPzm5TFfquvgm25sTyN3MMGBfufRaFHMxobDWv6hMFW,Cj9ECoDmxsHTDzCY5ZA6RWrPbg9uFzEC1Qc2kso2vJG6,2863.8160580000404,89.8468978899997,2831.750588622247,0.9888032371044856,1.1327002354488989,0.03167511970027735,657.32083944,112270.24984715,4206.1345765430315
Sid7E679i9ABqptiAVhkmQ27YHN8vaYT4fppPwmxFsJ,GP7KB8o1bv527HG8kTzzzf4wJ5aEGHvcMQvVhLziUfmT,9gYxhAZ1M9wu5pxr8SBoa5NDm21gi3s9vMHaYTME77sa,4598.001329000001,11838.28149400001,59.98372102552619,0.013045607587628032,0.023993488410210477,0.03166804892422213,130407.371902,10688.028817,2039.7124198476138
AUSejoEUCh2DBs9mof6BNC8Pubs22w4cJa1ccV9h44R,4xkyD7AfGQDwsQMy9MosRRNGoVJ1zosNinesxg1TzHG7,Cbm5gsQe3nSiCsFrvepVzMCD9xLK3ri9g3ypS2hdmVJ7,769.0486240000027,768.3957099999989,769.5904156526221,1.0007044959651594,0.07695904156526222,1.0,14209.020352,14653.325925,28872.35647450685
KEVpg4SYCVrqFxKijQH6hm4QxsRdoE51ud64bEEFUC9,2bPenuBYfqzD8p5dFjCcggwkHDsc2RQDnx9AoyYGUBjA,AE6n6iLuX8oYu61vt5hoDYkjswpnxFxrhSehxrnQTnbx,169.3965649679999,169.37326867799948,169.3572761122292,0.9997680658059499,0.06774291044489168,0.9997095993570307,3862.168239023,3751.400907005,7611.583967914767
SERgf3DMJpQxUifu7VoFKmfne73d2fDJxSrxUMrcNJB,AJfM2GZ2tTB8UtN2krcyR9xufRJEx2mhSCbJyMgPo3GU,F4yRYkufQvERZcEKnKjJwRLU1btiMBUuEwq46hfm11QD,0.00017444599999905108,5.803600000220399e-05,0.03322287355384363,190.44789536030837,1.3289149421537454e-05,195.47521784735653,29.279092344,27.96386623,11042.384358138504
KEnkcdADoLR5jS2CLLLesy8TtFsyWL37BhXNfDMzWzP,3qsjFRuw1qeLMPo4DLwaQevenGAGBj9dA3Q6rb8ax2YR,77iEv8zPQAEyCcEbvBRSB6AFcUdfkhiqnAKtPxk76rNN,5.012900999999999,0.05734800000000001,0.06539633932162814,0.013045607587628032,2.615853572865126e-05,0.9967704636976198,110.178549,0.39182,1.8279007179142484
daob129AwBGn9Y5r91uLoWZeYiGzbPmksauMhFZKTze,6VW5GQNyj4LStgmxEHLr5zUfW92vQnmbw8jTnCH7a38F,4VPCCUifPeBA1c7HWK358CHn2nyjm8pdTRk6Ps3KmnMQ,19.813647411999966,17.804396764000018,4303.251823767248,217.1862521971104,1.7213007295068994,195.50636441643402,49.281559077,222.390186664,54181.97399493489
FrnkTEL6yZ5Aycq2TrEgu29dCrwKG4LPUZydfiwqspkc,DjvZuMZ46fxKBoBpGMPcRcos4xdTtHFxwMh69DpA2ZFY,9rvDPJLAng4uVVqnnSoEXgNDFhBZQTny9AoQioYDZbQX,7.717473765000477,6.4989679979999835,1786.0272520799394,231.42641056711503,0.7144109008319758,195.50345953146814,180.693559676,1454.019014396,326083.0094673651
parEAJhzYzHW87y9VoZAQ22dzQ2MD2ekEtTReaxbMcz,3oyc6hpjYSJEquK6dSvG72NXyz3pqLZz5D8AC71pwgQb,Di2vordgFJVZ1aj1aBpvzXtLfZgJsuLLXawGtVFwX6Rz,7.492377957000144,8.737145484000138,1430.553484191987,190.93450602761143,0.5722213936767949,223.7403251886634,1113.314706512,146.043869149,245246.09631635176
HDSBGqAuMRr6X2AfmmbXQPpRgU6VEhtfNVVZ3wUTZXg,DCZ1d8kNLgDcdSd99y4udLgwq46mfDXNS9KXj96kQf5L,Fq8GGYQM5Pz3q7LmVMbrXHJgsxA5ev86kTq8yGgGuYsa,1763.8185020239998,1765.255468448,1754.4425295596193,0.9946842759310998,0.7017770118238478,0.9997095993570307,10929.93288332,10404.968182131,21273.778948701507
DA1mL7dfBow33EH5yjUuZE6SH2KeUK5zEXzsyhE5r5j5,B4UtLRZND3D83CitRCBUyeiNr7H8m7YFRqBmiPmXjhW4,AAmpYbuixWiSqDaJBCqYEs1pb5SrbdPr9mgXrB58Q2e,653.2841982500004,652.9066952359999,653.0035562586235,0.9995704136237664,0.2612014225034494,0.9997095993570307,1637.764926542,1469.324503619,3105.959175880503
SAMGk1Nd4haC8zQA63DG37pzuEZy8j4q13tSFtCbcRE,9U9TnkHD3jXMAVZtynCVLgDruuqN4pTvLJTmVHCLWS8g,C6zoEbvqSknmi96QWq96UBiPCyNW3YSTvKhavR2BfifE,0.13996316000000064,0.0694923300000001,0.25780177193273407,1.8419259177395886,0.00010312070877309363,0.0,53.70217984,1.10365855,98.91543688640843
KZMu9QBEdL97EFgamLbN5DE1AoKBG4HdrKKJo4Vuon3,DD4ACBWyVqdaKWh7v5btsgqQCCMwbKnuL2xd9pv7Gyuw,GcYqiJ1MAuYbNTNYXm1F1gQYTfTgkErACAhNU5dpVj9T,291.83271640000066,295.6406002000008,288.56513466931597,0.9888032371044856,0.11542605386772639,1.0,1945.08084562,1141.95759141,3065.259827988986
BkwbeSfcX1h4thMDd7obGkHrPevf3QwgzJ4pCEqG18Lu,35yX27bmurdebhfAb8EPmjLETDiUaEUCn9zHaDPbakH2,2CxECn1ZJFoESyUnQysQU8rRgT3iJ5GRs2Mdd6gZjx5g,0.202754219999992,0.12443473000000249,602.7355747792502,2972.739974434436,0.2410942299117001,1883.2391713747645,0.85883515,22.70312187,45308.50199993349
4vezWG46exH6pf9nry3n1VJ7hZHvjBJNgNeF4qEFCML5,,,0.03131300000000081,0.03179899999999947,0.0,0.0,0.0,1883.2391713747645,0.85883515,22.70312187,42755.408418079096
BSCuChvaSj9b5HUSqgDVRzcnr2sSn7cXaamt1jbKH6hn,GnKpRj5kBVPMJfiwZtEuD9GYApLzPdW5JFuZTcyX4BTc,3dmwD9okkomV9nDwyuh4UMhKdUR13QpuKxRo89ycZB5t,1746.9260051379997,1749.9013055259995,1746.86973147647,0.9999677870377084,0.698747892590588,0.9994792712996529,1587.605568549,1550.343972717,3137.0910911856827
Cob4usZcpHEY7Qt4ZCwj6WVg9S44zvzYV2v9qYF65dTf,NhFM9UXE48PyNAyeyPYA3iXztqKVJwA4bTdLj4ysM8w,6TuFuynuBoeskxyR2cz4wxyidk8dpDK7kAWw3UkjQGx,71.696551,6138.623883000037,0.9353250697323602,0.013045607587628032,0.00037413002789294406,1.0,66390.901112,236.741588,1102.8512312961698
DFWzVTzNBrQZLjoQ4yQwkj9HuoXmfkuZP9V5vbymZe23,DhgiEgiNdqZdRdo195UUHnoEJUtefK8buko8nU97XJUZ,2K2kkXsouBHtWVjtcgkyiXd8eP3oVBvq1bTJzcVdLLr2,781.2196242240043,956.1654461379994,620.7917477470127,0.7946443336771696,0.2483166990988051,0.9997095993570307,62649.257293224,6495.024629798,56277.015787612945
MATSnbbiTCv7Dc3trJrkrqjx7ckKdr6fwPoVwv9q3sD,631WX9JizSHJm4w6VanZeJAst9T8DeUUnPLesdGkCVtK,211maUSfpnXbPuW1iBu8b4dtJv5EbN1j7JJiEX5TZKEP,115437.86983199998,115518.53934999995,115348.01372930485,0.9992216063686388,46.13920549172194,0.9960724861869648,24285.050777,20783.269824,44967.7906928241
MiMuMS9C4vBqcrYeeQPph1E7oAW9aNKvW9k6Zw9XffM,Afy2q2hh6Y474pshJa5fnQ6PfEchGyTbKrQpCZw2hr3m,5pXz9ksgjeL8Wgb37bksUaBFMLdFfsNNY3FQnikkCPtS,0.010266983000001062,0.6758330000002388,0.0,0.0,0.0,0.03167511970027735,26.041311305,7671.403207759,242.99261487485796
SQDY9uoDoCbNq7F3HAHYYQZbrUzpKxDtdWLvYcqBLak,GiehZ4X2uQjhEKuxSm3ACmEFrabxh3RTvjbLfLjw1xGX,rxDQYV77NKRKYxCjq4cECX3QQsiSyLv1T1FT2X3zNA2,58.522500750000006,58.36700441600004,58.63149517511167,1.0018624362205106,0.023452598070044666,0.9997095993570307,169.928535054,236.593671797,406.7699809551706
moFiBS1R4Lf3E3zzmBPnw3NF4RhWPkhREFviuzUaCAU,44ALBrpqi9PfZkBRTvbtRNtFJGsatfY4QydjtMbFWq8S,2ho8qEEie1UjVwWNBo9y4oAJZMyMLx8zPj9bxyUz6uWs,405.21258338900225,405.9212603759952,404.4400410313061,0.9980934887282252,0.16177601641252246,0.9997095993570307,38938.512702636,28159.932350857,67016.03067765862
heyk4SZTeCUV6a65WiVA5bzic3KcxgVf1qxobfeV4tQ,9ZDpBKPqMABtGfq66FbVribaArMvtk63xxy91onZAtDt,DaTP4s6N7xxSPinbNZ3FB52EpRDRt87QShTuN3VPCW52,59.64039553699695,52.03565339399972,13333.383009840783,223.56295409827786,5.333353203936314,195.1394280970725,644.849253877,4482.725610102,1018920.9160162173
JSoLLrxK5bYdHwTEWYaGgmeycBCNXKDiBCTw5hXGBg7,xG4wXczA7Dk4hccJ61CHKpDHW4NrNfQwgmWgkb9BuF2,BVR6WgfhsRr9Lob4QDnkEAiNGgAbv7ZieKcY9kSg3QYR,7.663761709000028,6.565663274999988,1742.6844790293846,227.39283203219156,0.697073791611754,194.84635293416198,17.904497273,167.364154463,36681.64945004542
wrmcMSHFi3sWpAEy4rGDvQb3ezh3PhXoV2xNjgLBkKU,8p4mGnARWPBu6P2Gcw4adodLkNDorrXniZMhaY7eJXUn,AyY89zccbsgp9LKFgH4CFZMJmpSgqmPSdTfukhP227rc,0.014284459999997168,0.08917901999999917,5.24970966556309,367.5119441381845,0.002099883866225236,3649.102320829076,27.08440922,0.09543388,10302.091881270093
STK75uPSyBnEhGTTzb1nwmP3n427XoXmfRhXxxhyady,6TYyD5fUmDe6N65avW1Ny2RxzRNobw2RRgKwH9CTzSAU,54zDfk4cx2vGrEajPtodWpArNe5eUurytyxd4X3aZAxK,233.6918065259989,261.34444266400396,45541.130524832464,194.87688165809047,4.554113052483247,217.98583702419685,566.256754442,103.850644099,132988.3201029105
iLiUBQ7Z7im6Ew3b4ewwPcehzWgEQRJ1iQz7g6D62NW,GpugBvKWM3TVhYcZjemSdtehBWgfvuGr6uAm9iPjXT6v,92fMXJ3xy8tEyMUWLHKRLyhPw2nECBo77GtDiBBbYrjX,0.01861840700007633,0.01861840700007633,0.01820374256471036,0.9777282537993572,7.281497025884144e-06,0.9997095993570307,1865.493847277,1097.982585106,2921.609772028902
