0,1,2,3,4,5,6,7,8,9,10,11
MiMuMS9C4vBqcrYeeQPph1E7oAW9aNKvW9k6Zw9XffM,Afy2q2hh6Y474pshJa5fnQ6PfEchGyTbKrQpCZw2hr3m,5pXz9ksgjeL8Wgb37bksUaBFMLdFfsNNY3FQnikkCPtS,0.002540018000001254,0.1672660000003816,0.0,0.0,0.0,0.028310457917127135,26.038771287,7671.570473759,217.18567305562925
Cob4usZcpHEY7Qt4ZCwj6WVg9S44zvzYV2v9qYF65dTf,NhFM9UXE48PyNAyeyPYA3iXztqKVJwA4bTdLj4ysM8w,6TuFuynuBoeskxyR2cz4wxyidk8dpDK7kAWw3UkjQGx,107.63761900000222,1694.6737159999611,1.223364832568036,0.01136558801591487,0.0004893459330272144,1.0,68022.478766,216.979979,990.0954484756733
KZMu9QBEdL97EFgamLbN5DE1AoKBG4HdrKKJo4Vuon3,DD4ACBWyVqdaKWh7v5btsgqQCCMwbKnuL2xd9pv7Gyuw,GcYqiJ1MAuYbNTNYXm1F1gQYTfTgkErACAhNU5dpVj9T,100.6979821900004,101.36592452000036,99.72034388264373,0.9902913813554672,0.03988813755305749,1.0,1902.93444418,1183.86278564,3068.3223649959104
NorjjEePhxfwLF4vZjUHCrVVKLzQjEEGQFd3wgjEJmh,34M8pFVqgbV7aqHxvRT5tCv3vu2P1JJYT8J3VaxBK2oG,3AZWBSze3ucsY3xSeuLne3b2pauVqiaJ1SZSV5T9WGWw,0.010499000000436354,0.0014910000004419999,0.0062488468294118705,0.5951849537243699,2.4995387317647483e-06,1.0,38106.662703,2271.683045,24952.19532247523
BkwbeSfcX1h4thMDd7obGkHrPevf3QwgzJ4pCEqG18Lu,35yX27bmurdebhfAb8EPmjLETDiUaEUCn9zHaDPbakH2,2CxECn1ZJFoESyUnQysQU8rRgT3iJ5GRs2Mdd6gZjx5g,0.05417362000000181,0.03313338999999882,135.6205282263157,2503.442233070472,0.05424821129052629,1483.679525222552,0.78653401,22.82101124,35828.109580042
Sid7E679i9ABqptiAVhkmQ27YHN8vaYT4fppPwmxFsJ,GP7KB8o1bv527HG8kTzzzf4wJ5aEGHvcMQvVhLziUfmT,9gYxhAZ1M9wu5pxr8SBoa5NDm21gi3s9vMHaYTME77sa,1855.276007999999,4533.705686000059,21.086302762739166,0.01136558801591487,0.008434521105095667,0.028272776768078385,131015.072495,10442.450702,1784.3004154626992
Lee1XZJfJ9Hm2K1qTyeCz1LXNc1YBZaKZszvNY4KCDw,9DgFSWkPDGijNKcLGbr3p5xoJbHsPgXUTr6QvGBJ5vGN,2hNHZg7XBhuhHVZ3JDEi4buq2fPQwuWBdQ9xkH7t1GQX,1416.4017030069735,1202.4399806360034,309889.36258717783,218.7863527199191,30.988936258717786,185.79013851955358,7218.213183079,56411.091279426,12059870.99832443
BSCuChvaSj9b5HUSqgDVRzcnr2sSn7cXaamt1jbKH6hn,GnKpRj5kBVPMJfiwZtEuD9GYApLzPdW5JFuZTcyX4BTc,3dmwD9okkomV9nDwyuh4UMhKdUR13QpuKxRo89ycZB5t,8155.312957613001,8174.611732202001,8157.913112943663,1.000318829619927,3.2631652451774653,0.9995492033093075,1588.044781032,1554.327774884,3142.1781858127943
FrnkTEL6yZ5Aycq2TrEgu29dCrwKG4LPUZydfiwqspkc,DjvZuMZ46fxKBoBpGMPcRcos4xdTtHFxwMh69DpA2ZFY,9rvDPJLAng4uVVqnnSoEXgNDFhBZQTny9AoQioYDZbQX,58.08329273400014,48.89603689200035,12784.721876306934,220.11014311561505,5.113888750522774,185.84262066343214,180.373542615,1454.437882012,309998.59386453993
SAMGk1Nd4haC8zQA63DG37pzuEZy8j4q13tSFtCbcRE,9U9TnkHD3jXMAVZtynCVLgDruuqN4pTvLJTmVHCLWS8g,C6zoEbvqSknmi96QWq96UBiPCyNW3YSTvKhavR2BfifE,0.004315120000000006,0.008442999999999756,0.008392644241522508,1.9449387830518032,3.3570576966090034e-06,0.0,53.71062284,1.09934343,104.46387342338399
CZgvH45CRmoaNJ7395Ao5CQZXkGznvqU7cErD6n7FaRg,4ZjU6MKvtqVQKCiowhvZ5yUsPxXX5SCzd5eFsPeXyey5,BsyWeshjDbCvjDojry3vKDCesmFRM37WtwcR4Kfgzqr,59.900879680000116,59.431438460000095,61.17883394180878,1.0213344823754793,0.024471533576723513,1.0,340.06386123,767.35327589,1114.672223573949
BUSDTd9WiT6uBHJRgNvFXBsA7JrifsAtWzKfioN7ERcy,DyBxrn7gSc1EwnpWhDyhzvMHPtxpmBqRqotapLcKcfTM,Cds99GeBgoCpqBsoRWu1C6fF9LiUMd4pXQQD24s9LPff,24172.905070959998,24206.85025686001,24162.24323950813,0.9995589346245075,2.416224323950813,0.9993104757717174,2911.43227758,2616.27291101,5524.617073059328
STK75uPSyBnEhGTTzb1nwmP3n427XoXmfRhXxxhyady,6TYyD5fUmDe6N65avW1Ny2RxzRNobw2RRgKwH9CTzSAU,54zDfk4cx2vGrEajPtodWpArNe5eUurytyxd4X3aZAxK,256.0978633539996,286.65698181700236,47634.796970840536,186.00232093696067,4.763479697084054,208.26143974882004,582.061210347,106.214978753,130385.22044990858
SoN9GaFpSXfpyR5dth3x7PHPVhvJMpQqqDJfCSmPv1t,9kZ9iS68ViMPtoeqtnhAKuF2iqVyfHPdZHoUNdwCELr,BBhm5fJLjw3HRzjtKB8uMEYjGhY6EDm9co3cqpjrSzB9,30.852683782999982,29.567470739000008,6612.51316933012,214.32537978993113,2.6450052677320484,211.00647768785853,2.843417381,6.773326104,2038.6321935203819
JSoLLrxK5bYdHwTEWYaGgmeycBCNXKDiBCTw5hXGBg7,xG4wXczA7Dk4hccJ61CHKpDHW4NrNfQwgmWgkb9BuF2,BVR6WgfhsRr9Lob4QDnkEAiNGgAbv7ZieKcY9kSg3QYR,255.6881568920001,230.203845613,52913.8870706989,206.9469611494331,21.16555482827956,185.90570750971682,19.7175607,165.394065265,34828.18998914259
MATgk4zXLXtYkwBH678J1xZbRDZ45LicNzkRBHkxTuY,y8dALFo1bJrSzPYjMX14HJX448pXqYmrfXHD1K8MXih,GN7Yuet3UyiWS5YVkEHv6oQKi4HGBJc3XDPt9zQhAqZz,8816.270133000002,8813.359690000001,8827.534066468817,1.001277630256207,3.531013626587527,1.0,7577.608115,9794.716387,17382.005883397404
BSCrK1Nx9PXU9mF7STWWBqeHLxmtJDr9h7jheEy4tAWX,FfSySSbVJPvEo5a5AvrP3nySoXpRE2QPn1uUMpJJ1x7v,HL7Vcj6838ZmvBHDbQxXfjBNckNi83WvPiZQoMQLFeRM,0.002645994000000096,0.0026479899999999335,9.391916402526153,3549.4851471794013,0.0037567665610104615,3546.225043441257,0.876314478,0.927079923,6398.099264133462
DA1mL7dfBow33EH5yjUuZE6SH2KeUK5zEXzsyhE5r5j5,B4UtLRZND3D83CitRCBUyeiNr7H8m7YFRqBmiPmXjhW4,AAmpYbuixWiSqDaJBCqYEs1pb5SrbdPr9mgXrB58Q2e,662.5785501269997,662.216691138,662.4121939158563,0.9997489260539576,0.26496487756634257,0.99987783692564,1636.322930958,1471.031396387,3106.7637835718624
ALBpShJ9NLpE739pcHDF2LNVk5J4VYPvvKuV6jMPitZi,D6d156U1bPiJpDYRLextvDRccgFk7QzkQbJg42ceKEu5,GNcM8U5g8RwTZffwwm3kSQqUNPSwv5d2fbN9sLxPJqt2,22656.880772000004,22686.452554000003,22655.317555088703,0.9999310047606714,9.062127022035481,0.9998560207330145,50748.007047,49501.635889,100239.01435585845
ercAoEmXjQzEvAFbdjAo81KtMxRGn9AW1ju882upmPH,CMRhskR2Eg6V42RTSdRTXGdozyPbWB8U9dVpijPWb9T4,7TKLLgrWswt6ZJ1pXhVR3FyufHGjJFqiEXxvWJfDcgRm,0.9955000199999517,0.9886047899999539,184.91433757573532,185.75020980486195,0.07396573503029412,180.206188316548,318.177203847,984.037975005,236431.21500409016
ionytDfEj1mXodptgrsKEZro7DGsfpzANUfarJdm6Qb,3gkSjY95an9xNFSjCfsay6JZez7uv7yfW3Ad4ubc4fMK,9wXqANaSuEqkKL9yHzCPEDGHwbkStVAqV5rB3QDs3Jr6,0.010092839000000006,0.04087318699999942,8.604633259275305,852.5483522797996,0.0034418533037101225,3544.465317406869,3.176817521,0.077919606,2984.573884035156
KEnkcdADoLR5jS2CLLLesy8TtFsyWL37BhXNfDMzWzP,3qsjFRuw1qeLMPo4DLwaQevenGAGBj9dA3Q6rb8ax2YR,77iEv8zPQAEyCcEbvBRSB6AFcUdfkhiqnAKtPxk76rNN,2.2177349999999905,0.02426299999999998,0.025205862338474855,0.01136558801591487,1.0082344935389943e-05,0.9997800483893542,112.421552,0.364419,1.6420758895957506
vEnkoSUkpnbRrPgBz9DfcVxNz67zjwMYBZraAvDDNSf,DtfyjjsZ5yCjWKLKHvwsfXs5QVsmm1QkK6Sh9JZHoq1g,e5wrKCRv4GhHvEf1VD5Pq2KGaZDXP77nTL612Jyrxwy,3177.7922120000003,3176.9209249999976,3174.9474590766677,0.9991048020973208,0.31749474590766674,0.9989141802860291,936.406277,1023.260801,1957.7177323145145
7oAd7xG4m3oC2qeWB1szghTebAZyyGPAFDJ4wwwbRSNi,D9yh4KAysxt9GLacVe4Wwh2XqghhcjTCSTV9HuM7TBJd,HDYfJLpZKaMFb84jM4mRytn7XLR8UFZUnQpSfhJJaNEy,1206.8924685620004,30.09654560900003,1206.745030867619,0.99987783692564,0.4826980123470476,0.024419211097500133,999.288610377,299755.497396316,8318.959302764975
BSCNHw8CmxbZ8hCWWzMf5FaG2ajPT6JxfznKUNuRVrn4,7n9kgNL633yGzCYksgnzHyjG73ZLBAwvEae5sbAekbzW,SscdxE99omdG9AiMVwmaEMQySQnCgeAh1sPj2Leutm2,19934.649524382992,20169.092614056004,19916.654030800004,0.9990972756475615,7.966661612320002,0.99987783692564,6354.3977033,5327.552217204,11675.562820794485
B2izdXFYb2sNwbWWHmh75T4aQFtfXsUxem9u2p61HGzf,4DYwgJtxwuJdAjkj5RJSNH4e7U329V5cNp7d3a1nLrZv,EXNW64GEf1ACC6xY9BtKRiunrs6GoJSXBdxWN2eTPmrF,5223.238282999999,5132.913730999995,5300.853378163063,1.0148595738807622,0.5300853378163063,1.0,8408.331097,31656.754524,40190.029838149785
NorBXypYWTkV5PMs6Q9JsvNkmRwe7H9Zr1Kz2TcJH2Y,C82XDu1d1UjtuUwnkSTwVuWyH3AqpJ3ftb9W7en8rEUu,F7cZoYpWQSFuYJzW2UUFw6sVbTtaihyD5upeeHRUPABk,0.0011854311000000228,0.0011513934999999864,0.0,0.0,0.0,2593.697315523278,0.2413313748,0.6643785041,1723.1967425755413
AUSejoEUCh2DBs9mof6BNC8Pubs22w4cJa1ccV9h44R,4xkyD7AfGQDwsQMy9MosRRNGoVJ1zosNinesxg1TzHG7,Cbm5gsQe3nSiCsFrvepVzMCD9xLK3ri9g3ypS2hdmVJ7,11708.607553999991,11729.036752999988,11698.663689863606,0.9991507218863965,1.1698663689863609,1.0,14783.243084,14083.467277,28854.155276200676
SEQV6QiTpvTzrceiaYg9Avnwf7oc8ZALpnQMz6TyT4A,3dFMPj4r9mMmPHF32mz1gNDX7f8ftidWof7S8YiYTs1j,Fc1ED3YPeQfXQosHbd8DTaBd2AV5gHQtwiSAL5C5pUhi,1707.5157955180002,1714.3661467739998,1701.2624379546114,0.9963377454078006,0.6805049751818446,0.9996900960702182,4537.71377276,1071.839105278,5592.602447784804
daob129AwBGn9Y5r91uLoWZeYiGzbPmksauMhFZKTze,6VW5GQNyj4LStgmxEHLr5zUfW92vQnmbw8jTnCH7a38F,4VPCCUifPeBA1c7HWK358CHn2nyjm8pdTRk6Ps3KmnMQ,179.7859648210003,159.98117367099977,37165.00354852206,206.71804712634008,14.866001419408827,185.45478148790372,48.665785508,223.181281769,51450.13198474327
SAMyS8Jr2HJrkFwYVKbpUwsNStnQmvz3f8Tup8bWUWF,6jPzm5TFfquvgm25sTyN3MMGBfufRaFHMxobDWv6hMFW,Cj9ECoDmxsHTDzCY5ZA6RWrPbg9uFzEC1Qc2kso2vJG6,1620.8099690699946,76.60968421000848,1605.115820723604,0.9903170953746072,0.6420463282894416,0.028314239012779883,613.80679457,113710.56780989,3827.4915571679003
HEDSDjj84KS7LKhZY7ejkCACTdPen62rKhCby1wXtgxc,EnnjMSFttpCTywBrYNt1J5QQeoSVkvzPipJDa8Y7kJow,6bjVT6JN2rSvpyn9PdfLYC8wJn4LWh49jpY47fnLDXZk,1.1869519760020921,1.2252218869980425,1.148818087719602,0.9678724252931166,0.0004595272350878408,0.99987783692564,39133.08654306,9089.263246541,46963.98825583604
7dwD9TF6uikvHXxPFK9AsSim54yJoujQjY9vU6gNFumk,CquVr6atkvwueDYficKjn6SSEWq4F4rH4VSiBbW4GBWU,8BCa6ge3b7ho3TfZuM64Vk1hgbrJ3J7EPiAb9uP86CGd,0.12051634400000011,0.12113115400000085,26.1632364549259,217.09284887472091,0.01046529458197036,218.5926611011518,2.196834584,1.98209642,910.1888093539385
C98Sspw7XqnMsgxea3SLQVdbMDL8pKUc3RE82UvX9eq2,CSqgQJurPCzGxb4Cgwx5R61hWQUiaoUHcShNc8r1cKEL,6S2CR5EnukPhC914XkAns8m5GixjMAoUuZMsS5ubHuWc,112.73589900000059,112.61273200000016,0.0,0.0,0.0,1.0,862.551346,1005.717667,1005.717667
GokA1R67GqSavkd15zR62QD68Tuc5AEfvjssntVDEbM8,3YB7hfpBdbQEuZqLGWVDpRPmeZWCUsrrWyqGXegnQ6Cg,4DPCj6Z1DsG6HUtwSogBGqXEUxdEV5a8YVrrFtcnz7UW,25951.26808399999,25958.349659000003,25947.60947106457,0.9998590198781973,2.594760947106457,1.0,19458.137055,13123.571216,32578.96506046793
MATSnbbiTCv7Dc3trJrkrqjx7ckKdr6fwPoVwv9q3sD,631WX9JizSHJm4w6VanZeJAst9T8DeUUnPLesdGkCVtK,211maUSfpnXbPuW1iBu8b4dtJv5EbN1j7JJiEX5TZKEP,8289.54514799999,8291.731712999997,8291.501942458412,1.0002360557091474,3.3166007769833645,0.9998320282192592,24637.373817,26610.724312,51249.444070998405
BSC8REUo9LpiiWUuqMuLXs2D2yJsJfGd4HdiF3wCLxk5,AZjEH1zWVx1UJ6udMyRijGTzPteuLnaY18yNNmprJEsh,Caf8ypkSVR8xYnXNhjvfvdGCC7mrM3C11rz8Xi6NA6aK,22075.324951993007,22143.811603692,22050.985999787856,0.998897458938517,8.820394399915141,0.99987783692564,3439.385487969,2888.701687125,6323.9422186882375
parEAJhzYzHW87y9VoZAQ22dzQ2MD2ekEtTReaxbMcz,3oyc6hpjYSJEquK6dSvG72NXyz3pqLZz5D8AC71pwgQb,Di2vordgFJVZ1aj1aBpvzXtLfZgJsuLLXawGtVFwX6Rz,4.606127998000005,5.408856021999782,833.9991316220841,181.062951786014,0.3335996526488337,213.00202714029228,1115.685537399,144.029639412,232687.92182946956
KEN5P7p3asnb23Sw6yAmJRGvijfAzso3RqfyLAQhznt,9zj4aX38Uxf3h6AUjS4EipWS8mwbEofasHAf3a1uKGds,CwQDG1MWunn9cLNwcZLd8YBacweSR7ARo32w4mLua1Yr,243824.14937300025,243874.76407200657,243659.1920999486,0.9993234580189212,24.36591920999486,1.0,2184537.18614,2034507.083968,4217566.338992348
YAkoNb6HKmSxQN9L8hiBE5tPJRsniSSMzND1boHmZxe,CfWX7o2TswwbxusJ4hCaPobu2jLCb1hfXuXJQjVq3jQF,EnTrdMMpdhugeH6Ban6gYZWXughWxKtVGfCwFn78ZmY3,8747115.759885956,8746528.626218017,8747115.759885956,1.0,874.7115759885957,0.9994003597841296,929681.416689,513126.617545,1442500.3428782865
WiiQFxXqp8P9Fs1rt9SVcDyA3KUdJmUsog6wnVQAwba,3S2jpqSYxho6wiz3cafhjXruVY8cg4HYa2v3BqBHYFSj,Dfe67M6TfrG74gKRtdqys4e6E9QirPD53BkF4FujFjuv,35470.120477612,35415.614778873,35521.993884677686,1.0014624536473855,3.5521993884677685,0.99987783692564,7208.518109388,19535.463136792,26752.136857545484
wrmcMSHFi3sWpAEy4rGDvQb3ezh3PhXoV2xNjgLBkKU,8p4mGnARWPBu6P2Gcw4adodLkNDorrXniZMhaY7eJXUn,AyY89zccbsgp9LKFgH4CFZMJmpSgqmPSdTfukhP227rc,0.005150309999999977,0.055663569999996554,1.6407486460656189,318.57279388340237,0.0006562994584262475,3546.225043441257,27.14840885,0.08934467,8965.580763085381
moFiBS1R4Lf3E3zzmBPnw3NF4RhWPkhREFviuzUaCAU,44ALBrpqi9PfZkBRTvbtRNtFJGsatfY4QydjtMbFWq8S,2ho8qEEie1UjVwWNBo9y4oAJZMyMLx8zPj9bxyUz6uWs,7383.945437739003,7411.6692991699965,7342.08757971171,0.9943312341105123,2.936835031884684,0.99987783692564,46595.356244751,20531.388329461,66860.09823060402
BkMBnJpvHKtWhUvrgRrLesXfi9RUV3ELgdBaJcdH7hcY,5uerVwBnZQsuVhZ15igs7ZgmcqhHnYWbwoRtLyRqLvR,9YWiQh5d4jCtgMdzcGLv9bWgnLaFtzvDDh2nnhJdzhBX,91.87561354100012,91.91237643099998,91.87196245734012,0.9999602605792844,0.036748784982936045,0.99987783692564,1471.203929156,1401.389738919,2872.3640052042183
KwnjUuZhTMTSGAaavkLEmSyfobY16JNH4poL9oeeEvE,J63v6qEZmQpDqCD8bd4PXu2Pq5ZbyXrFcSa3Xt1HdAPQ,BnKQtTdLw9qPCDgZkWX3sURkBAoKCUYL1yahh6Mw7mRK,163.0705540000007,5736.350607000524,4.601616782595599,0.02821856349734103,0.00046016167825956,1.0,273039.358109,683.0163,8387.794764072054
RajgMbScQbqqrdJfR2rxfHJiTiY5b6bJ2tTXiF4aPxy,725ZA3fhyBAKb5iopNRrcbSuQa3LXA1656Q3mBvYPxeg,GLA6i1dSZpUfk2f9Nj8uiG7xyDdAR2reff8oEiZH3617,2881.1024773700046,2880.29570907999,2881.283710115371,1.0000629039566589,1.1525134840461484,1.0,92683.251379,89098.60382764,181787.68534986774
AyiATPCAx5HZstcZ1jdH9rENwFb3yd9zEhkgspvDrCs4,DvHVapj4g2Y1tJVSw2ubSPkPBsJPb8fW387ZWXwaKmZq,DKjqWWgrtDRPKrnMWtZ4UiJk4sGQVCQgFjSo7BvfngvK,0.03448064000000001,0.034841789999999984,86.32029039929905,2503.442233070472,0.034528116159719624,2623.6389872753507,0.85513213,0.30810894,2949.140516409591
ALLwa5WNZbvQsRKAqe1jdRGemdYQnW8E5k4msbRFcYtu,CGoM82Hbz7QVqTgvQatYtjvDWBvoUJp5qm21P8iMs9yb,3dxNNww8TivyN5FMy5dCNdi3Zcxv6e4kUfSPxfFwpdNq,7.595549176999997,7.5925202979999975,26935.526710167018,3546.225043441257,10.774210684066809,3549.346565297329,4.750469529,3.857084536,30536.363761757435
DFWzVTzNBrQZLjoQ4yQwkj9HuoXmfkuZP9V5vbymZe23,DhgiEgiNdqZdRdo195UUHnoEJUtefK8buko8nU97XJUZ,2K2kkXsouBHtWVjtcgkyiXd8eP3oVBvq1bTJzcVdLLr2,1386.665092782,1636.1483480719835,1178.7284199497592,0.8500454984302898,0.4714913679799037,0.99987783692564,61011.561074037,7848.360282851,59710.00434622001
MiMy69CnJDY4V6cQWkU3HHfTyb8pqXJmhX4MisFYDnM,,,0.0053550320000000096,0.002540018,0.0,0.0,0.0,0.99987783692564,61011.561074037,7848.360282851,7847.4015030301625
KEVpg4SYCVrqFxKijQH6hm4QxsRdoE51ud64bEEFUC9,2bPenuBYfqzD8p5dFjCcggwkHDsc2RQDnx9AoyYGUBjA,AE6n6iLuX8oYu61vt5hoDYkjswpnxFxrhSehxrnQTnbx,1933.3415733970003,1939.7882784190008,1927.55772825713,0.9970083687127735,0.7710230913028521,0.99987783692564,6175.15063099,1444.399625889,7600.900030749091
SUiuyGR7SFq3xeRVJonq84fjjeFwRSsFekcevJ53tzy,49GjCCPsv7fBqo6t3iKDrP1xxGDS8uWZbVCdfnp2gjMf,CEwj5xEbbJEjYqM8D6Ai8ByGz1mrh8mkAVsE5fzDSSSx,0.026410999999999962,2.2177350000000615,0.0003001765450883272,0.01136558801591487,1.2007061803533086e-07,0.9604810088892517,610.715497,2.013501,8.875070205716211
BUSDgu5JdqP1rndBvXvanbEufS94FNh1w5FJcAj6vawb,Bgzr8cWubt89JQFXndVjtdKmDbGzuPxNhvjH1EhWCwbo,Dxaf8xPBBQsasRKW5Aa4Sw2YrbfGofY9xZueyyF23FBW,19601.618619990004,19625.305112800004,19599.58673083362,0.9998963407463549,7.839834692333448,1.0,7745.15572353,7178.18344363,14922.536310098334
MARpDPs5A7XiyCWPNH8GsMWPLxmwNn9SBmKvPa9LzgA,6YjT74rmcfCpw8LSjPNx5JTmZoYLGrTKnf9arfSgZ4SR,F8GSmi3vA8M8TsybLya1LQ4n1aFHCRbZ6k437PeTdXtg,88505.71432799993,91918.1674619994,84953.14376215417,0.9598605514590841,33.981257504861674,1.0,343107.739059,20047.996998,349383.58062105125
SoNcU2iwHMw6dGzsYNQkYFkUjwN1UdAjrWVRnStrZu2,8ivTTid27jZnYNc4w3CTA1Z6QS2twsFb8WMwUabeDJgc,CyXm53PMvHCbeXJBykU46Rcbo28xk5srhMZFg7gv6EYB,273.31306205299984,265.57656380500015,59859.50706704839,219.0144394029754,23.943802826819358,206.95197203499393,10.490096049,27.673584825,8024.585458266534
heyk4SZTeCUV6a65WiVA5bzic3KcxgVf1qxobfeV4tQ,9ZDpBKPqMABtGfq66FbVribaArMvtk63xxy91onZAtDt,DaTP4s6N7xxSPinbNZ3FB52EpRDRt87QShTuN3VPCW52,43.32252019899943,37.68576444599978,9243.82371589899,213.37225243217696,3.6975294863595964,185.77505538883275,634.128152379,4495.096755822,970382.2009947564
Lid8SLUxQ9RmF7XMqUA8c24RitTwzja8VSKngJxRcUa,4PgzyzLtds9bKZ2to9PMnKqJzKEUpjvNUaeN23phegax,AtymwxoVN9peZo7EXTcDz9jKVc4vRmisJKKrNfe3ewBa,260.4378090290056,222.32981985099968,56774.09284813623,217.9948182631699,5.677409284813622,185.71371265482952,996.548550381,7665.061361459,1640749.4232943647
HDSBGqAuMRr6X2AfmmbXQPpRgU6VEhtfNVVZ3wUTZXg,DCZ1d8kNLgDcdSd99y4udLgwq46mfDXNS9KXj96kQf5L,Fq8GGYQM5Pz3q7LmVMbrXHJgsxA5ev86kTq8yGgGuYsa,32.80880822600011,33.007711043999734,32.62430609552831,0.9943764452155387,0.013049722438211326,0.99987783692564,11014.76409525,10320.636126,21272.19729128394
