0,1,2,3,4,5,6,7,8,9,10,11
heyk4SZTeCUV6a65WiVA5bzic3KcxgVf1qxobfeV4tQ,9ZDpBKPqMABtGfq66FbVribaArMvtk63xxy91onZAtDt,DaTP4s6N7xxSPinbNZ3FB52EpRDRt87QShTuN3VPCW52,18.38933010999699,16.01230714199994,4131.2741906815345,224.65604597720775,1.652509676272614,195.7200717588071,640.280958731,4488.059934206,1022246.4008836277
GokA1R67GqSavkd15zR62QD68Tuc5AEfvjssntVDEbM8,3YB7hfpBdbQEuZqLGWVDpRPmeZWCUsrrWyqGXegnQ6Cg,4DPCj6Z1DsG6HUtwSogBGqXEUxdEV5a8YVrrFtcnz7UW,30317.75528000001,30315.964305999987,30326.246629056142,1.000280078421958,3.0326246629056146,1.0,13336.076915,19254.979632,32594.79169437746
DFWzVTzNBrQZLjoQ4yQwkj9HuoXmfkuZP9V5vbymZe23,DhgiEgiNdqZdRdo195UUHnoEJUtefK8buko8nU97XJUZ,2K2kkXsouBHtWVjtcgkyiXd8eP3oVBvq1bTJzcVdLLr2,4328.910580237001,5396.513098495001,3658.928401151885,0.8452307649541617,1.4635713604607539,1.0,61187.981772541,7700.770388674,59418.735028280134
DA1mL7dfBow33EH5yjUuZE6SH2KeUK5zEXzsyhE5r5j5,B4UtLRZND3D83CitRCBUyeiNr7H8m7YFRqBmiPmXjhW4,AAmpYbuixWiSqDaJBCqYEs1pb5SrbdPr9mgXrB58Q2e,77.7234633380001,77.7598270609999,77.71354545761525,0.9998723952850412,0.0310854181830461,1.0,1636.157093717,1471.267808133,3107.2161204904287
AURHmCnNwiW4uA2Qj1XvEh4iKgRUZYXtiY7FKAapUV5Y,BKWm4TRnTeKwfWXRyuzjRHU7iZDkPuXBX5b5V5jSVfGJ,A5Ww74HVrkj9nPeC7pHKLfgeDMEhBCpW1efQdz3TGLEg,0.001219049000042105,0.0013669979998667259,0.264595754535791,217.05095900710475,0.00010583830181431639,195.93405486702153,289.905162659,1809.479464584,417462.8422707968
MNkYtBe2HtgL15osfaMmyqNW3vo4J399FXXCS4a39Wf,2mUxDu8NrhSKhQJMgKfYLxJqZzeEbmwhQdHeHMyohyuk,AZCBmDBcFsA2jHHhfFJBTsWCHx9XnnKmGfFsue3ZVW1t,0.0768990900000972,0.07699290000027759,0.07686710559745809,0.9995840730671967,3.074684223898324e-05,1.0,2195.17500176,1941.19353835,4135.455507704552
STK75uPSyBnEhGTTzb1nwmP3n427XoXmfRhXxxhyady,6TYyD5fUmDe6N65avW1Ny2RxzRNobw2RRgKwH9CTzSAU,54zDfk4cx2vGrEajPtodWpArNe5eUurytyxd4X3aZAxK,330.5259766629992,369.90155835599774,64843.68733301104,196.1833317540575,6.484368733301104,219.37314999880442,592.988945256,108.034114622,140034.3310056065
BSCrK1Nx9PXU9mF7STWWBqeHLxmtJDr9h7jheEy4tAWX,FfSySSbVJPvEo5a5AvrP3nySoXpRE2QPn1uUMpJJ1x7v,HL7Vcj6838ZmvBHDbQxXfjBNckNi83WvPiZQoMQLFeRM,0.04993921299999993,0.049929047999999865,181.353135780949,3631.477648255075,0.07254125431237961,3584.409253510929,0.85780728,0.945621003,6504.600637297968
SAMyS8Jr2HJrkFwYVKbpUwsNStnQmvz3f8Tup8bWUWF,6jPzm5TFfquvgm25sTyN3MMGBfufRaFHMxobDWv6hMFW,Cj9ECoDmxsHTDzCY5ZA6RWrPbg9uFzEC1Qc2kso2vJG6,2708.7129331699366,114.85057421000602,2680.9507763574907,0.9897507940127281,1.0723803105429963,0.027716659464030763,561.71137174,105625.00020552,3483.526437770221
JSoLLrxK5bYdHwTEWYaGgmeycBCNXKDiBCTw5hXGBg7,xG4wXczA7Dk4hccJ61CHKpDHW4NrNfQwgmWgkb9BuF2,BVR6WgfhsRr9Lob4QDnkEAiNGgAbv7ZieKcY9kSg3QYR,50.71433077800009,43.97649545199995,11393.972152643293,224.66967379536052,4.557588861057317,195.9209646991565,17.925861524,167.737312294,36890.65350178205
Sid7E679i9ABqptiAVhkmQ27YHN8vaYT4fppPwmxFsJ,GP7KB8o1bv527HG8kTzzzf4wJ5aEGHvcMQvVhLziUfmT,9gYxhAZ1M9wu5pxr8SBoa5NDm21gi3s9vMHaYTME77sa,1553.3009450000045,4014.7355630000093,16.769462140314573,0.0107960161836601,0.0067077848561258304,0.027481650776592977,131776.516038,10142.59341,1701.396609835186
SoN9GaFpSXfpyR5dth3x7PHPVhvJMpQqqDJfCSmPv1t,9kZ9iS68ViMPtoeqtnhAKuF2iqVyfHPdZHoUNdwCELr,BBhm5fJLjw3HRzjtKB8uMEYjGhY6EDm9co3cqpjrSzB9,10.870097479000002,10.535342940000001,2529.85763313111,232.7355056399959,1.011943053252444,226.84975559207334,3.812859876,5.79481243,2201.939654622721
WiiQFxXqp8P9Fs1rt9SVcDyA3KUdJmUsog6wnVQAwba,3S2jpqSYxho6wiz3cafhjXruVY8cg4HYa2v3BqBHYFSj,Dfe67M6TfrG74gKRtdqys4e6E9QirPD53BkF4FujFjuv,30970.104621035003,30882.114451753012,31009.41634346318,1.0012693441920593,3.1009416343463183,1.0,7929.640003592,18823.837323238,26763.54276931368
NorjjEePhxfwLF4vZjUHCrVVKLzQjEEGQFd3wgjEJmh,34M8pFVqgbV7aqHxvRT5tCv3vu2P1JJYT8J3VaxBK2oG,3AZWBSze3ucsY3xSeuLne3b2pauVqiaJ1SZSV5T9WGWw,0.0015619999999216816,0.0015619999999216816,0.0009303350575632496,0.5956050304800874,3.721340230252999e-07,1.0,38104.416915,2273.803286,24968.98568408453
KEVpg4SYCVrqFxKijQH6hm4QxsRdoE51ud64bEEFUC9,2bPenuBYfqzD8p5dFjCcggwkHDsc2RQDnx9AoyYGUBjA,AE6n6iLuX8oYu61vt5hoDYkjswpnxFxrhSehxrnQTnbx,3320.3643218760008,3325.2864462750013,3310.3099043622415,0.9969718932806511,1.3241239617448968,1.0,6049.715058839,1574.971113615,7606.3669896341835
wrmcMSHFi3sWpAEy4rGDvQb3ezh3PhXoV2xNjgLBkKU,8p4mGnARWPBu6P2Gcw4adodLkNDorrXniZMhaY7eJXUn,AyY89zccbsgp9LKFgH4CFZMJmpSgqmPSdTfukhP227rc,0.005422700000000016,0.05521485999999953,1.9297864768683333,355.87188612099646,0.0007719145907473334,3625.552896816764,27.09813198,0.09408498,9984.57340986424
FrnkTEL6yZ5Aycq2TrEgu29dCrwKG4LPUZydfiwqspkc,DjvZuMZ46fxKBoBpGMPcRcos4xdTtHFxwMh69DpA2ZFY,9rvDPJLAng4uVVqnnSoEXgNDFhBZQTny9AoQioYDZbQX,168.80672806899884,141.904830185,38812.818403945974,229.92459393017467,15.52512736157839,195.85243302581236,179.696672932,1455.368934235,326354.23127460177
RoBgmK8CvjdHvPrqdDyVw54VwjZv2TqJ493xnqJAQHx,ExiHJxM7qPAcy27NDHAF6G7vnW7muNHi2sVJpnaNynGQ,6rkPHSqZb7StM4HwS9EuVrmfkV7tRdc7dnsFhyB6cefE,0.8086639999999967,37.03981399999975,0.0,0.0,0.0,0.9492105890136469,6136.644408,21.416485,20.328754341451933
parEAJhzYzHW87y9VoZAQ22dzQ2MD2ekEtTReaxbMcz,3oyc6hpjYSJEquK6dSvG72NXyz3pqLZz5D8AC71pwgQb,Di2vordgFJVZ1aj1aBpvzXtLfZgJsuLLXawGtVFwX6Rz,0.12572621100002834,0.10723340999999209,24.107159004673615,191.74330326926165,0.009642863601869446,223.8255593120945,1114.288005165,145.222020161,246161.66279062125
KZMu9QBEdL97EFgamLbN5DE1AoKBG4HdrKKJo4Vuon3,DD4ACBWyVqdaKWh7v5btsgqQCCMwbKnuL2xd9pv7Gyuw,GcYqiJ1MAuYbNTNYXm1F1gQYTfTgkErACAhNU5dpVj9T,81.1379363600006,81.97069542000054,80.3063369368648,0.9897507940127281,0.032122534774745914,1.0,1918.76497818,1168.38993381,3067.48909448747
SAMGk1Nd4haC8zQA63DG37pzuEZy8j4q13tSFtCbcRE,9U9TnkHD3jXMAVZtynCVLgDruuqN4pTvLJTmVHCLWS8g,C6zoEbvqSknmi96QWq96UBiPCyNW3YSTvKhavR2BfifE,1.7872962100000034,6.067824140000001,2.7027950616761256,1.5122255877642803,0.0010811180246704502,0.0,53.96651065,0.97823005,81.60953828728354
SUiuyGR7SFq3xeRVJonq84fjjeFwRSsFekcevJ53tzy,49GjCCPsv7fBqo6t3iKDrP1xxGDS8uWZbVCdfnp2gjMf,CEwj5xEbbJEjYqM8D6Ai8ByGz1mrh8mkAVsE5fzDSSSx,0.14220900000000003,12.069047000000069,0.0015292564538522682,0.010753584188428776,6.117025815409072e-07,0.9385925804256516,616.865039,1.943087,8.457277171106439
AUSejoEUCh2DBs9mof6BNC8Pubs22w4cJa1ccV9h44R,4xkyD7AfGQDwsQMy9MosRRNGoVJ1zosNinesxg1TzHG7,Cbm5gsQe3nSiCsFrvepVzMCD9xLK3ri9g3ypS2hdmVJ7,7284.808825999999,7289.932115000009,7278.4183746670415,0.9991227702077576,0.7278418374667042,1.0,14773.77667,14095.647047,28856.46371996114
ALLwa5WNZbvQsRKAqe1jdRGemdYQnW8E5k4msbRFcYtu,CGoM82Hbz7QVqTgvQatYtjvDWBvoUJp5qm21P8iMs9yb,3dxNNww8TivyN5FMy5dCNdi3Zcxv6e4kUfSPxfFwpdNq,7.232833697000004,7.208842643999998,25919.768702046622,3583.6256974631515,10.36790748081865,3523.3102204182874,1.50963046,7.111164633,30464.789540655074
Lee1XZJfJ9Hm2K1qTyeCz1LXNc1YBZaKZszvNY4KCDw,9DgFSWkPDGijNKcLGbr3p5xoJbHsPgXUTr6QvGBJ5vGN,2hNHZg7XBhuhHVZ3JDEi4buq2fPQwuWBdQ9xkH7t1GQX,622.6944197280418,528.6009387980139,143758.63748004846,230.86546615085166,14.375863748004845,195.57832608813425,7212.387473026,56418.19206581,12699266.761170687
BUSDgu5JdqP1rndBvXvanbEufS94FNh1w5FJcAj6vawb,Bgzr8cWubt89JQFXndVjtdKmDbGzuPxNhvjH1EhWCwbo,Dxaf8xPBBQsasRKW5Aa4Sw2YrbfGofY9xZueyyF23FBW,9109.059781920008,9076.142303670003,9141.998402163003,1.0036160285508688,3.656799360865201,1.0,5796.57917535,9142.05226112,14959.592032265437
BkwbeSfcX1h4thMDd7obGkHrPevf3QwgzJ4pCEqG18Lu,35yX27bmurdebhfAb8EPmjLETDiUaEUCn9zHaDPbakH2,2CxECn1ZJFoESyUnQysQU8rRgT3iJ5GRs2Mdd6gZjx5g,0.34719666999999976,0.2032562199999992,906.4713853062498,2610.8297216855517,0.36258855412249985,1540.8320493066258,0.78697024,22.82042484,37217.08726493904
BSC8REUo9LpiiWUuqMuLXs2D2yJsJfGd4HdiF3wCLxk5,AZjEH1zWVx1UJ6udMyRijGTzPteuLnaY18yNNmprJEsh,Caf8ypkSVR8xYnXNhjvfvdGCC7mrM3C11rz8Xi6NA6aK,1518.471186776001,1520.2624371029997,1517.866793468977,0.9996019724889825,0.6071467173875907,1.0,3354.509785794,2977.78134771,6330.955946323276
MARpDPs5A7XiyCWPNH8GsMWPLxmwNn9SBmKvPa9LzgA,6YjT74rmcfCpw8LSjPNx5JTmZoYLGrTKnf9arfSgZ4SR,F8GSmi3vA8M8TsybLya1LQ4n1aFHCRbZ6k437PeTdXtg,43360.55855399999,45593.30510100041,40918.308398903064,0.9436757681048915,16.367323359561226,1.0,343792.840905,19048.414054,343477.3872639886
Cob4usZcpHEY7Qt4ZCwj6WVg9S44zvzYV2v9qYF65dTf,NhFM9UXE48PyNAyeyPYA3iXztqKVJwA4bTdLj4ysM8w,6TuFuynuBoeskxyR2cz4wxyidk8dpDK7kAWw3UkjQGx,81.62750700000345,4440.017123000052,0.8810763215115945,0.010793865375694461,0.00035243052860463786,1.0,68579.590172,210.845814,951.084677836867
ZUCKWFa4LTL833dPhhpeeRWZcaAEoMeYJPi2iKn4F8N,7eEYpq6ShaJ9opZWMxitRFrdCHh6vfyHhGfoSvFht3N2,H8VggnHmuwd1wvwpT8eg9cUJFEfZ7HAaeYjgXrSm7A2u,1.3776296730000013,1.3817490000001271,1.3817675791355568,1.0030036418470463,0.0005527070316542227,1.0,1679.577333789,2167.624522699,3852.246705253119
MATgk4zXLXtYkwBH678J1xZbRDZ45LicNzkRBHkxTuY,y8dALFo1bJrSzPYjMX14HJX448pXqYmrfXHD1K8MXih,GN7Yuet3UyiWS5YVkEHv6oQKi4HGBJc3XDPt9zQhAqZz,8166.108576999998,8162.739136000004,8166.108576999998,1.0,3.2664434307999994,1.0,8024.363447,7117.183815,15141.547262
KysFMBBoavfov2tLpvefWW6tPFt6rAeZWDJVy1mMQae,B8ka2V21TH3x64dFV8ETcjuQcwmrciJ2qzy1mJUttRew,7fSf7EYxBANyxzk2s5pymFgshA91tFYQNKKs5UnLWcYS,37.03981399998884,27.081828999999743,0.0,0.0,0.0,0.027543079373012647,134643.157738,2507.282605,69.05828380008892
CZgvH45CRmoaNJ7395Ao5CQZXkGznvqU7cErD6n7FaRg,4ZjU6MKvtqVQKCiowhvZ5yUsPxXX5SCzd5eFsPeXyey5,BsyWeshjDbCvjDojry3vKDCesmFRM37WtwcR4Kfgzqr,0.3236595000000193,0.3305470000000241,0.33036859908066146,1.0207288804457826,0.0001321474396322646,0.9993541873435129,339.74020149,767.68539408,1113.9722486456153
BSCNHw8CmxbZ8hCWWzMf5FaG2ajPT6JxfznKUNuRVrn4,7n9kgNL633yGzCYksgnzHyjG73ZLBAwvEae5sbAekbzW,SscdxE99omdG9AiMVwmaEMQySQnCgeAh1sPj2Leutm2,2867.1834118979987,2871.613803614,2857.515120929423,0.9966279482057357,1.1430060483717694,1.0,7309.942864705,4377.178902059,11662.472260811102
7dwD9TF6uikvHXxPFK9AsSim54yJoujQjY9vU6gNFumk,CquVr6atkvwueDYficKjn6SSEWq4F4rH4VSiBbW4GBWU,8BCa6ge3b7ho3TfZuM64Vk1hgbrJ3J7EPiAb9uP86CGd,7.14799999999979e-06,7.1780000000000455e-06,0.001644044948575247,230.00069230208385,6.576179794300988e-07,230.84468146550358,0.003945401,0.003562552,1.7298411430536267
BUSD5rCfUDpCxKGMvYU2yThChxgHoioK74PTPociGnv2,CcFHbafgYDZ8yA8Me1PdtDiVb2eeaS61LbqyKKK5CsNZ,26R9s4nmF3CFDTkiePDwRmtscn8i7r2eygbSijditJ58,942.8737363799997,941.6861544899999,940.4936385338984,0.9974756982252584,0.09404936385338986,0.9993541873435129,122.0243001,94.82716459,216.48219794962495
Lid8SLUxQ9RmF7XMqUA8c24RitTwzja8VSKngJxRcUa,4PgzyzLtds9bKZ2to9PMnKqJzKEUpjvNUaeN23phegax,AtymwxoVN9peZo7EXTcDz9jKVc4vRmisJKKrNfe3ewBa,77.15711510599431,65.75068786300108,17734.809428944518,229.85319506284532,1.7734809428944518,195.54620062531765,995.904535379,7665.841738888,1727938.0660689685
SRMuKizofcAMicegrfSv7xs9q76tH1w8aAF7oX9FEWu,72Hj2KWntXPfbie4UgKeTPnm1XVkomDfCnRPKbvfTtPi,6aqJQ5wedqpUt4fFEDUqUmXhrdxCu4bEJsQdVPCADLko,283.3995139999997,284.81632900000113,19.17426527729457,0.06765807395595812,0.007669706110917828,0.06763759990411694,17977.853421,4980.346251,1553.2056034364994
SEQV6QiTpvTzrceiaYg9Avnwf7oc8ZALpnQMz6TyT4A,3dFMPj4r9mMmPHF32mz1gNDX7f8ftidWof7S8YiYTs1j,Fc1ED3YPeQfXQosHbd8DTaBd2AV5gHQtwiSAL5C5pUhi,419.97155514199994,420.81661482399977,419.301510908267,0.9984045485330396,0.1677206043633068,0.9992655398282263,4148.969503539,1461.368280358,5602.644987617988
HDSBGqAuMRr6X2AfmmbXQPpRgU6VEhtfNVVZ3wUTZXg,DCZ1d8kNLgDcdSd99y4udLgwq46mfDXNS9KXj96kQf5L,Fq8GGYQM5Pz3q7LmVMbrXHJgsxA5ev86kTq8yGgGuYsa,4.781619191000573,4.809164246000364,4.751189914870579,0.9936361983431755,0.001900475965948232,1.0,10983.124943268,10352.159684007,21265.39019856392
daob129AwBGn9Y5r91uLoWZeYiGzbPmksauMhFZKTze,6VW5GQNyj4LStgmxEHLr5zUfW92vQnmbw8jTnCH7a38F,4VPCCUifPeBA1c7HWK358CHn2nyjm8pdTRk6Ps3KmnMQ,62.85835446500002,56.455805970000014,13569.873501764501,215.88018994866152,5.4279494007058,195.85243302581236,48.635742665,223.278313261,54229.094258880774
B2izdXFYb2sNwbWWHmh75T4aQFtfXsUxem9u2p61HGzf,4DYwgJtxwuJdAjkj5RJSNH4e7U329V5cNp7d3a1nLrZv,EXNW64GEf1ACC6xY9BtKRiunrs6GoJSXBdxWN2eTPmrF,2493.901156999995,2441.930423999991,2526.4033359165614,1.0130326652382906,0.25264033359165616,1.0,7473.482026,32353.353832,39924.23524740924
KwnjUuZhTMTSGAaavkLEmSyfobY16JNH4poL9oeeEvE,J63v6qEZmQpDqCD8bd4PXu2Pq5ZbyXrFcSa3Xt1HdAPQ,BnKQtTdLw9qPCDgZkWX3sURkBAoKCUYL1yahh6Mw7mRK,431.07179600000745,15464.926538999389,11.515525351614682,0.026713706297812355,0.0011515525351614682,1.0,273331.048859,674.925531,7976.610892292324
BUSDTd9WiT6uBHJRgNvFXBsA7JrifsAtWzKfioN7ERcy,DyBxrn7gSc1EwnpWhDyhzvMHPtxpmBqRqotapLcKcfTM,Cds99GeBgoCpqBsoRWu1C6fF9LiUMd4pXQQD24s9LPff,29559.970892909994,29509.82900859998,29529.349253028096,0.9989640842342898,2.9529349253028094,0.9991038038879126,2924.28699285,2609.62508618,5528.544028174405
MATSnbbiTCv7Dc3trJrkrqjx7ckKdr6fwPoVwv9q3sD,631WX9JizSHJm4w6VanZeJAst9T8DeUUnPLesdGkCVtK,211maUSfpnXbPuW1iBu8b4dtJv5EbN1j7JJiEX5TZKEP,92344.33846000001,92420.14945700002,92155.87968604206,0.9979591734902125,36.862351874416824,0.9991297579807986,23105.006558,28848.916464,51881.66417279222
BSCuChvaSj9b5HUSqgDVRzcnr2sSn7cXaamt1jbKH6hn,GnKpRj5kBVPMJfiwZtEuD9GYApLzPdW5JFuZTcyX4BTc,3dmwD9okkomV9nDwyuh4UMhKdUR13QpuKxRo89ycZB5t,632.4551423370003,633.6828051749999,632.0099229467805,0.9992960459004655,0.25280396917871223,0.9988483278779567,1656.615809766,1486.897039077,3140.6342494841083
SoNcU2iwHMw6dGzsYNQkYFkUjwN1UdAjrWVRnStrZu2,8ivTTid27jZnYNc4w3CTA1Z6QS2twsFb8WMwUabeDJgc,CyXm53PMvHCbeXJBykU46Rcbo28xk5srhMZFg7gv6EYB,77.15846078100003,75.51870535999998,17812.19184847424,230.85208891129696,7.124876739389696,224.53059633530142,17.207690609,20.905577483,8666.373101418798
C98Sspw7XqnMsgxea3SLQVdbMDL8pKUc3RE82UvX9eq2,CSqgQJurPCzGxb4Cgwx5R61hWQUiaoUHcShNc8r1cKEL,6S2CR5EnukPhC914XkAns8m5GixjMAoUuZMsS5ubHuWc,81.40249600000016,81.33359900000016,0.0,0.0,0.0,1.0,904.209005,964.089743,964.089743
AyiATPCAx5HZstcZ1jdH9rENwFb3yd9zEhkgspvDrCs4,DvHVapj4g2Y1tJVSw2ubSPkPBsJPb8fW387ZWXwaKmZq,DKjqWWgrtDRPKrnMWtZ4UiJk4sGQVCQgFjSo7BvfngvK,0.08519736,0.08615341999999993,222.43579969714375,2610.8297216855517,0.08897431987885751,2674.7980527470177,0.84458708,0.31858958,3057.2358392251026
ALBpShJ9NLpE739pcHDF2LNVk5J4VYPvvKuV6jMPitZi,D6d156U1bPiJpDYRLextvDRccgFk7QzkQbJg42ceKEu5,GNcM8U5g8RwTZffwwm3kSQqUNPSwv5d2fbN9sLxPJqt2,3433.368936000006,3436.2262540000083,3428.9387471387026,0.9987096671100937,1.3715754988554811,0.9994473056399811,52465.674271,47798.392185,100169.95036911839
vEnkoSUkpnbRrPgBz9DfcVxNz67zjwMYBZraAvDDNSf,DtfyjjsZ5yCjWKLKHvwsfXs5QVsmm1QkK6Sh9JZHoq1g,e5wrKCRv4GhHvEf1VD5Pq2KGaZDXP77nTL612Jyrxwy,772.2219299999998,772.5487360000011,769.6942540696351,0.9967267493551177,0.07696942540696351,0.9996251405722854,1260.856822,699.628744,1956.0962031636957
YAkoNb6HKmSxQN9L8hiBE5tPJRsniSSMzND1boHmZxe,CfWX7o2TswwbxusJ4hCaPobu2jLCb1hfXuXJQjVq3jQF,EnTrdMMpdhugeH6Ban6gYZWXughWxKtVGfCwFn78ZmY3,6060546.712820016,6062888.121696985,6060546.712820016,1.0,606.0546712820017,0.999149723585229,788843.124122,560602.04376,1348968.5011861185
KEN5P7p3asnb23Sw6yAmJRGvijfAzso3RqfyLAQhznt,9zj4aX38Uxf3h6AUjS4EipWS8mwbEofasHAf3a1uKGds,CwQDG1MWunn9cLNwcZLd8YBacweSR7ARo32w4mLua1Yr,390226.8948250029,390233.34726300184,388981.3764575857,0.9968082200793061,38.898137645758574,1.0,2127613.267998,2052171.44897,4172993.843660202
RajgMbScQbqqrdJfR2rxfHJiTiY5b6bJ2tTXiF4aPxy,725ZA3fhyBAKb5iopNRrcbSuQa3LXA1656Q3mBvYPxeg,GLA6i1dSZpUfk2f9Nj8uiG7xyDdAR2reff8oEiZH3617,9975.338706099996,9967.335123760015,9979.259856675479,1.0003930844546747,3.9917039426701915,0.9993541873435129,71107.32473332,110695.7278907,181759.5151058953
