0,1,2,3,4,5,6,7,8,9,10,11
BSCrK1Nx9PXU9mF7STWWBqeHLxmtJDr9h7jheEy4tAWX,FfSySSbVJPvEo5a5AvrP3nySoXpRE2QPn1uUMpJJ1x7v,HL7Vcj6838ZmvBHDbQxXfjBNckNi83WvPiZQoMQLFeRM,0.6002408790000001,0.5987449600000002,2172.448050467432,3619.2937310213283,0.8689792201869729,3612.71676300578,0.878960472,0.924427792,6520.911906471969
iLiUBQ7Z7im6Ew3b4ewwPcehzWgEQRJ1iQz7g6D62NW,GpugBvKWM3TVhYcZjemSdtehBWgfvuGr6uAm9iPjXT6v,92fMXJ3xy8tEyMUWLHKRLyhPw2nECBo77GtDiBBbYrjX,0.019260928999756288,0.019268549999878815,0.01881791473430451,0.9769993303304642,7.527165893721805e-06,0.9989642598698671,1865.493847277,1097.982592727,2919.4316076187556
KysFMBBoavfov2tLpvefWW6tPFt6rAeZWDJVy1mMQae,B8ka2V21TH3x64dFV8ETcjuQcwmrciJ2qzy1mJUttRew,7fSf7EYxBANyxzk2s5pymFgshA91tFYQNKKs5UnLWcYS,7.70750500000031,10.606884000007994,0.0,0.0,0.0,0.02992610824907787,134700.928837,2465.085679,73.77042087300562
heyk4SZTeCUV6a65WiVA5bzic3KcxgVf1qxobfeV4tQ,9ZDpBKPqMABtGfq66FbVribaArMvtk63xxy91onZAtDt,DaTP4s6N7xxSPinbNZ3FB52EpRDRt87QShTuN3VPCW52,48.51003063299959,42.268716348000225,10581.920313674793,218.13880914097592,4.232768125469917,190.57652447879227,639.399888997,4488.991614047,994974.3505701991
STK75uPSyBnEhGTTzb1nwmP3n427XoXmfRhXxxhyady,6TYyD5fUmDe6N65avW1Ny2RxzRNobw2RRgKwH9CTzSAU,54zDfk4cx2vGrEajPtodWpArNe5eUurytyxd4X3aZAxK,272.55829494800037,304.70313557399777,51936.8481910502,190.55317395846967,5.19368481910502,212.722236238254,599.797977234,109.749118314,137639.48616873942
KwnjUuZhTMTSGAaavkLEmSyfobY16JNH4poL9oeeEvE,J63v6qEZmQpDqCD8bd4PXu2Pq5ZbyXrFcSa3Xt1HdAPQ,BnKQtTdLw9qPCDgZkWX3sURkBAoKCUYL1yahh6Mw7mRK,355.10051300000066,11689.000336999597,10.575883357497123,0.02978278816932349,0.0010575883357497123,1.0,272260.720268,705.620511,8814.303869569281
MATSnbbiTCv7Dc3trJrkrqjx7ckKdr6fwPoVwv9q3sD,631WX9JizSHJm4w6VanZeJAst9T8DeUUnPLesdGkCVtK,211maUSfpnXbPuW1iBu8b4dtJv5EbN1j7JJiEX5TZKEP,153976.52059499998,154125.32679500003,152920.90757004396,0.9931443247264135,61.16836302801758,0.9969135556317641,29545.231872,21429.85195,50706.389260539545
BUSDTd9WiT6uBHJRgNvFXBsA7JrifsAtWzKfioN7ERcy,DyBxrn7gSc1EwnpWhDyhzvMHPtxpmBqRqotapLcKcfTM,Cds99GeBgoCpqBsoRWu1C6fF9LiUMd4pXQQD24s9LPff,26496.83216448,26535.030717569996,26486.908049771915,0.9996254603325226,2.648690804977192,0.9985999628520815,2860.59532994,2661.80031984,5517.59762402822
HDSBGqAuMRr6X2AfmmbXQPpRgU6VEhtfNVVZ3wUTZXg,DCZ1d8kNLgDcdSd99y4udLgwq46mfDXNS9KXj96kQf5L,Fq8GGYQM5Pz3q7LmVMbrXHJgsxA5ev86kTq8yGgGuYsa,1798.4434179500004,1800.314679414998,1782.2461651891906,0.9909937379184981,0.7128984660756763,0.9989642598698671,10991.179162497,10344.051795767,21225.527768588763
SoNcU2iwHMw6dGzsYNQkYFkUjwN1UdAjrWVRnStrZu2,8ivTTid27jZnYNc4w3CTA1Z6QS2twsFb8WMwUabeDJgc,CyXm53PMvHCbeXJBykU46Rcbo28xk5srhMZFg7gv6EYB,19.56638290100002,19.39415899900001,4379.479142036406,223.82671156928936,1.7517916568145626,221.53502058835716,16.77155292,21.114402141,8431.5010510112
Lee1XZJfJ9Hm2K1qTyeCz1LXNc1YBZaKZszvNY4KCDw,9DgFSWkPDGijNKcLGbr3p5xoJbHsPgXUTr6QvGBJ5vGN,2hNHZg7XBhuhHVZ3JDEi4buq2fPQwuWBdQ9xkH7t1GQX,1231.282814891856,1045.8633934249947,276499.40421257226,224.562059072397,27.649940421257227,190.69063571681372,7235.476946931,56390.859380283,12378022.4254173
BUSDgu5JdqP1rndBvXvanbEufS94FNh1w5FJcAj6vawb,Bgzr8cWubt89JQFXndVjtdKmDbGzuPxNhvjH1EhWCwbo,Dxaf8xPBBQsasRKW5Aa4Sw2YrbfGofY9xZueyyF23FBW,24205.632115189997,24186.418618580017,24293.20011311373,1.003617670363121,9.717280045245491,0.9998502824187108,5754.79805626,9158.08710073,14932.33299271392
KEVpg4SYCVrqFxKijQH6hm4QxsRdoE51ud64bEEFUC9,2bPenuBYfqzD8p5dFjCcggwkHDsc2RQDnx9AoyYGUBjA,AE6n6iLuX8oYu61vt5hoDYkjswpnxFxrhSehxrnQTnbx,118.62569200499956,118.5982133929997,118.55273240097809,0.9993849595076048,0.04742109296039124,0.9989642598698671,3767.364969695,3846.241716005,7607.305896798549
MATgk4zXLXtYkwBH678J1xZbRDZ45LicNzkRBHkxTuY,y8dALFo1bJrSzPYjMX14HJX448pXqYmrfXHD1K8MXih,GN7Yuet3UyiWS5YVkEHv6oQKi4HGBJc3XDPt9zQhAqZz,19452.521516000008,19426.01808,19553.731630921655,1.0052029303675825,7.821492652368663,1.0,4790.765505,12781.922403,17597.61392732993
KZMu9QBEdL97EFgamLbN5DE1AoKBG4HdrKKJo4Vuon3,DD4ACBWyVqdaKWh7v5btsgqQCCMwbKnuL2xd9pv7Gyuw,GcYqiJ1MAuYbNTNYXm1F1gQYTfTgkErACAhNU5dpVj9T,238.16627499000015,240.80609399999958,235.3908776617503,0.9883468080089577,0.09415635106470012,0.9998502824187108,1953.52528946,1133.69869344,3064.2894430162733
WiiQFxXqp8P9Fs1rt9SVcDyA3KUdJmUsog6wnVQAwba,3S2jpqSYxho6wiz3cafhjXruVY8cg4HYa2v3BqBHYFSj,Dfe67M6TfrG74gKRtdqys4e6E9QirPD53BkF4FujFjuv,5913.689403354001,5911.794860213002,5912.615784667205,0.9998184519656735,0.5912615784667204,0.9989642598698671,9235.587484631,17498.390350938,26714.17734771612
wrmcMSHFi3sWpAEy4rGDvQb3ezh3PhXoV2xNjgLBkKU,8p4mGnARWPBu6P2Gcw4adodLkNDorrXniZMhaY7eJXUn,AyY89zccbsgp9LKFgH4CFZMJmpSgqmPSdTfukhP227rc,0.013940779999997752,0.08729811999999779,4.756322074376579,341.180484476288,0.0019025288297506316,3610.890445583881,27.12285911,0.09168991,9584.872431507347
KEN5P7p3asnb23Sw6yAmJRGvijfAzso3RqfyLAQhznt,9zj4aX38Uxf3h6AUjS4EipWS8mwbEofasHAf3a1uKGds,CwQDG1MWunn9cLNwcZLd8YBacweSR7ARo32w4mLua1Yr,118545.57134999684,118554.83199700015,118026.13831527132,0.9956182839324134,11.802613831527133,1.0,2098215.033637,2054127.541146,4143148.7922568605
BSCNHw8CmxbZ8hCWWzMf5FaG2ajPT6JxfznKUNuRVrn4,7n9kgNL633yGzCYksgnzHyjG73ZLBAwvEae5sbAekbzW,SscdxE99omdG9AiMVwmaEMQySQnCgeAh1sPj2Leutm2,3468.1011160059998,3474.2177526979995,3465.3085278226836,0.999194778903525,1.3861234111290734,0.9989642598698671,5862.910432311,5808.336528805,11660.51009471696
ercAoEmXjQzEvAFbdjAo81KtMxRGn9AW1ju882upmPH,CMRhskR2Eg6V42RTSdRTXGdozyPbWB8U9dVpijPWb9T4,7TKLLgrWswt6ZJ1pXhVR3FyufHGjJFqiEXxvWJfDcgRm,0.18827269399997704,0.190125642000055,35.89871813645418,190.6740556676719,0.01435948725458167,185.41991306031116,317.608983808,983.285429108,242880.4918378354
DFWzVTzNBrQZLjoQ4yQwkj9HuoXmfkuZP9V5vbymZe23,DhgiEgiNdqZdRdo195UUHnoEJUtefK8buko8nU97XJUZ,2K2kkXsouBHtWVjtcgkyiXd8eP3oVBvq1bTJzcVdLLr2,5909.085140716,7008.074016406976,4765.213300225279,0.8064214995636163,1.906085320090112,0.9989642598698671,62326.67074278,6755.650393357,57010.220578339875
GokA1R67GqSavkd15zR62QD68Tuc5AEfvjssntVDEbM8,3YB7hfpBdbQEuZqLGWVDpRPmeZWCUsrrWyqGXegnQ6Cg,4DPCj6Z1DsG6HUtwSogBGqXEUxdEV5a8YVrrFtcnz7UW,70469.45041500004,70464.38030100001,70458.24755363901,0.9998410252769809,7.045824755363901,1.0,20086.188949,12498.492429,32581.488181675326
ZUCKWFa4LTL833dPhhpeeRWZcaAEoMeYJPi2iKn4F8N,7eEYpq6ShaJ9opZWMxitRFrdCHh6vfyHhGfoSvFht3N2,H8VggnHmuwd1wvwpT8eg9cUJFEfZ7HAaeYjgXrSm7A2u,19.068087161999983,19.124966999999742,19.10733282110656,1.002058185426422,0.007642933128442624,0.9989642598698671,1671.361569348,2175.828818645,3848.376766793544
SoN9GaFpSXfpyR5dth3x7PHPVhvJMpQqqDJfCSmPv1t,9kZ9iS68ViMPtoeqtnhAKuF2iqVyfHPdZHoUNdwCELr,BBhm5fJLjw3HRzjtKB8uMEYjGhY6EDm9co3cqpjrSzB9,1.6797621629999986,1.6532605569999994,370.6453569103038,220.65347408965548,0.14825814276412155,222.3810022578343,3.752485879,5.822241785,2122.755009209467
moFiBS1R4Lf3E3zzmBPnw3NF4RhWPkhREFviuzUaCAU,44ALBrpqi9PfZkBRTvbtRNtFJGsatfY4QydjtMbFWq8S,2ho8qEEie1UjVwWNBo9y4oAJZMyMLx8zPj9bxyUz6uWs,204.83839786700264,204.8832502389996,204.36242979786866,0.9976763728183277,0.08174497191914747,0.9989642598698671,38958.511563463,28139.975182903,66978.81598838177
FrnkTEL6yZ5Aycq2TrEgu29dCrwKG4LPUZydfiwqspkc,DjvZuMZ46fxKBoBpGMPcRcos4xdTtHFxwMh69DpA2ZFY,9rvDPJLAng4uVVqnnSoEXgNDFhBZQTny9AoQioYDZbQX,15.232665220997887,12.818861075999962,3420.9813468982065,224.58192950912232,1.3683925387592828,191.02277029626484,180.301868296,1454.489503191,318333.1557423981
daob129AwBGn9Y5r91uLoWZeYiGzbPmksauMhFZKTze,6VW5GQNyj4LStgmxEHLr5zUfW92vQnmbw8jTnCH7a38F,4VPCCUifPeBA1c7HWK358CHn2nyjm8pdTRk6Ps3KmnMQ,29.349430968000036,26.345258587000025,6235.779272505233,212.4667861296583,2.494311709002093,191.17454197447358,49.033496838,222.676844469,52988.13323555079
ionytDfEj1mXodptgrsKEZro7DGsfpzANUfarJdm6Qb,3gkSjY95an9xNFSjCfsay6JZez7uv7yfW3Ad4ubc4fMK,9wXqANaSuEqkKL9yHzCPEDGHwbkStVAqV5rB3QDs3Jr6,0.028022969999999994,0.09878652200000015,25.86710223160879,923.0678344090151,0.010346840892643518,3616.374945754376,3.163138708,0.081290796,3213.76959510372
SEQV6QiTpvTzrceiaYg9Avnwf7oc8ZALpnQMz6TyT4A,3dFMPj4r9mMmPHF32mz1gNDX7f8ftidWof7S8YiYTs1j,Fc1ED3YPeQfXQosHbd8DTaBd2AV5gHQtwiSAL5C5pUhi,1511.509719711,1508.472295656,1518.2537893791377,1.0044618103212908,0.6073015157516551,0.9955419630892862,871.297472437,4736.488455445,5590.55805157589
ALLwa5WNZbvQsRKAqe1jdRGemdYQnW8E5k4msbRFcYtu,CGoM82Hbz7QVqTgvQatYtjvDWBvoUJp5qm21P8iMs9yb,3dxNNww8TivyN5FMy5dCNdi3Zcxv6e4kUfSPxfFwpdNq,17.202510278999988,17.176432699999996,62215.227048824556,3616.6365280289333,24.886090819529823,3619.4509292940265,4.514032908,4.087054134,31118.508187178762
SQDY9uoDoCbNq7F3HAHYYQZbrUzpKxDtdWLvYcqBLak,GiehZ4X2uQjhEKuxSm3ACmEFrabxh3RTvjbLfLjw1xGX,rxDQYV77NKRKYxCjq4cECX3QQsiSyLv1T1FT2X3zNA2,78.53853496499997,78.34267286000005,78.62624749753707,1.0011168088706541,0.03145049899901482,0.9989642598698671,169.909384756,236.620863382,406.47492672227145
NorjjEePhxfwLF4vZjUHCrVVKLzQjEEGQFd3wgjEJmh,34M8pFVqgbV7aqHxvRT5tCv3vu2P1JJYT8J3VaxBK2oG,3AZWBSze3ucsY3xSeuLne3b2pauVqiaJ1SZSV5T9WGWw,0.0077820000001338485,0.0015680000001339067,0.004643738382528903,0.5967281396105155,1.8574953530115613e-06,1.0,38093.983701,2279.213968,25010.96599225103
SAMyS8Jr2HJrkFwYVKbpUwsNStnQmvz3f8Tup8bWUWF,6jPzm5TFfquvgm25sTyN3MMGBfufRaFHMxobDWv6hMFW,Cj9ECoDmxsHTDzCY5ZA6RWrPbg9uFzEC1Qc2kso2vJG6,1982.4808136599895,61.18389223000008,1959.378584119852,0.9883468080089577,0.7837514336479409,0.029989744455072288,635.41674729,112974.13132658,4016.077442457417
Lid8SLUxQ9RmF7XMqUA8c24RitTwzja8VSKngJxRcUa,4PgzyzLtds9bKZ2to9PMnKqJzKEUpjvNUaeN23phegax,AtymwxoVN9peZo7EXTcDz9jKVc4vRmisJKKrNfe3ewBa,246.04572200199254,210.81678068899885,55007.29873853083,223.56535318295585,5.500729873853083,191.3257496908176,1011.246534387,7683.332782364,1696099.0933250976
BkwbeSfcX1h4thMDd7obGkHrPevf3QwgzJ4pCEqG18Lu,35yX27bmurdebhfAb8EPmjLETDiUaEUCn9zHaDPbakH2,2CxECn1ZJFoESyUnQysQU8rRgT3iJ5GRs2Mdd6gZjx5g,0.09482603000000034,0.06039504000000129,250.50464944259613,2641.728747292228,0.10020185977703847,1633.986928104575,0.83127965,22.74713956,39364.54404125448
Sid7E679i9ABqptiAVhkmQ27YHN8vaYT4fppPwmxFsJ,GP7KB8o1bv527HG8kTzzzf4wJ5aEGHvcMQvVhLziUfmT,9gYxhAZ1M9wu5pxr8SBoa5NDm21gi3s9vMHaYTME77sa,780.5421429999988,1740.2277890000369,9.69284580558069,0.01241809413176132,0.003877138322232276,0.029952275541765525,130338.267227,10716.745613,1939.5437889071304
BerKDkt6v49dT1bHRedgnpsJS263C1DSJtEGvY9Mg35V,78XKqNb8wbfsMMrvo8WPUpdx7GEkfQutpNVH943aCGFa,DKYQwn4nDvFHCszi5tXbqfVMAP7DaXXp1KGTXEnYnKVH,999.5322241839999,993.7971980259997,1006.3965673404107,1.0068675556328508,0.40255862693616423,0.9989642598698671,1339.340750272,3124.926511405,4470.228646999259
AUSejoEUCh2DBs9mof6BNC8Pubs22w4cJa1ccV9h44R,4xkyD7AfGQDwsQMy9MosRRNGoVJ1zosNinesxg1TzHG7,Cbm5gsQe3nSiCsFrvepVzMCD9xLK3ri9g3ypS2hdmVJ7,318.35602200000176,318.0278700000017,318.79851433790276,1.0013899292217598,0.03187985143379028,1.0,13946.460475,14916.174967,28882.020034954323
vEnkoSUkpnbRrPgBz9DfcVxNz67zjwMYBZraAvDDNSf,DtfyjjsZ5yCjWKLKHvwsfXs5QVsmm1QkK6Sh9JZHoq1g,e5wrKCRv4GhHvEf1VD5Pq2KGaZDXP77nTL612Jyrxwy,4295.922967000002,4294.902525999997,4294.7075647591755,0.9997170800663412,0.4294707564759176,0.9958889703304759,1031.536772,927.283386,1954.7162261729961
YAkoNb6HKmSxQN9L8hiBE5tPJRsniSSMzND1boHmZxe,CfWX7o2TswwbxusJ4hCaPobu2jLCb1hfXuXJQjVq3jQF,EnTrdMMpdhugeH6Ban6gYZWXughWxKtVGfCwFn78ZmY3,10224785.875665981,10226129.842351994,10224785.875665981,1.0,1022.4785875665982,0.9982002449583401,609980.191082,833321.012117,1441801.4295061212
ALBpShJ9NLpE739pcHDF2LNVk5J4VYPvvKuV6jMPitZi,D6d156U1bPiJpDYRLextvDRccgFk7QzkQbJg42ceKEu5,GNcM8U5g8RwTZffwwm3kSQqUNPSwv5d2fbN9sLxPJqt2,6307.560103000011,6297.067582999989,6279.790867782676,0.9955974679965195,2.5119163471130705,0.9959038474753339,41720.580026,58520.116357,99817.31287187229
BSC8REUo9LpiiWUuqMuLXs2D2yJsJfGd4HdiF3wCLxk5,AZjEH1zWVx1UJ6udMyRijGTzPteuLnaY18yNNmprJEsh,Caf8ypkSVR8xYnXNhjvfvdGCC7mrM3C11rz8Xi6NA6aK,755.4978431949999,755.2959242799998,755.121528381331,0.9995018982290176,0.3020486113525324,0.9989642598698671,3123.566165801,3188.300638333,6307.008699376984
JSoLLrxK5bYdHwTEWYaGgmeycBCNXKDiBCTw5hXGBg7,xG4wXczA7Dk4hccJ61CHKpDHW4NrNfQwgmWgkb9BuF2,BVR6WgfhsRr9Lob4QDnkEAiNGgAbv7ZieKcY9kSg3QYR,5.557467498000136,4.760185041999975,1238.5247747632607,222.85776303846055,0.4954099099053042,191.35544139289922,17.849146858,167.430850874,36016.6253127018
B2izdXFYb2sNwbWWHmh75T4aQFtfXsUxem9u2p61HGzf,4DYwgJtxwuJdAjkj5RJSNH4e7U329V5cNp7d3a1nLrZv,EXNW64GEf1ACC6xY9BtKRiunrs6GoJSXBdxWN2eTPmrF,6586.868440999999,6460.131600000001,6677.854204536813,1.0138132049169941,0.6677854204536814,1.0,8030.207228,32040.32702,40181.45714596629
RajgMbScQbqqrdJfR2rxfHJiTiY5b6bJ2tTXiF4aPxy,725ZA3fhyBAKb5iopNRrcbSuQa3LXA1656Q3mBvYPxeg,GLA6i1dSZpUfk2f9Nj8uiG7xyDdAR2reff8oEiZH3617,7981.4770622699725,7982.077263160012,7975.570115775126,0.9992599181268378,3.1902280463100507,0.9998502824187108,97327.42144996,84451.3831432,181694.13047596253
C98Sspw7XqnMsgxea3SLQVdbMDL8pKUc3RE82UvX9eq2,CSqgQJurPCzGxb4Cgwx5R61hWQUiaoUHcShNc8r1cKEL,6S2CR5EnukPhC914XkAns8m5GixjMAoUuZMsS5ubHuWc,746.2708550000006,744.8264230000004,0.0,0.0,0.0,1.0,822.075187,1004.570538,1004.570538
Cob4usZcpHEY7Qt4ZCwj6WVg9S44zvzYV2v9qYF65dTf,NhFM9UXE48PyNAyeyPYA3iXztqKVJwA4bTdLj4ysM8w,6TuFuynuBoeskxyR2cz4wxyidk8dpDK7kAWw3UkjQGx,27.790399000000036,2187.7600130000064,0.3451037907412061,0.01241809413176132,0.00013804151629648244,1.0,66964.005787,229.482588,1061.047915302776
HEDSDjj84KS7LKhZY7ejkCACTdPen62rKhCby1wXtgxc,EnnjMSFttpCTywBrYNt1J5QQeoSVkvzPipJDa8Y7kJow,6bjVT6JN2rSvpyn9PdfLYC8wJn4LWh49jpY47fnLDXZk,3.905355793003764,3.9061647269954847,3.779540121890924,0.9677838133626052,0.0015118160487563698,0.9989642598698671,39130.996139268,9091.284311331,46952.212767673474
parEAJhzYzHW87y9VoZAQ22dzQ2MD2ekEtTReaxbMcz,3oyc6hpjYSJEquK6dSvG72NXyz3pqLZz5D8AC71pwgQb,Di2vordgFJVZ1aj1aBpvzXtLfZgJsuLLXawGtVFwX6Rz,4.900890603000136,5.706721177999526,912.645289632173,186.22029413867898,0.36505811585286924,218.42053991810104,1114.204659135,145.286054785,239220.97788351675
AURHmCnNwiW4uA2Qj1XvEh4iKgRUZYXtiY7FKAapUV5Y,BKWm4TRnTeKwfWXRyuzjRHU7iZDkPuXBX5b5V5jSVfGJ,A5Ww74HVrkj9nPeC7pHKLfgeDMEhBCpW1efQdz3TGLEg,0.00458987399997568,0.004095350000000053,0.979234746501525,213.34675995609325,0.00039169389860060997,191.05255053244437,289.585870604,1809.837258465,407556.2315008129
7dwD9TF6uikvHXxPFK9AsSim54yJoujQjY9vU6gNFumk,CquVr6atkvwueDYficKjn6SSEWq4F4rH4VSiBbW4GBWU,8BCa6ge3b7ho3TfZuM64Vk1hgbrJ3J7EPiAb9uP86CGd,0.187901557,0.18940526700000015,41.92368947721883,223.11517874872547,0.01676947579088753,224.42946103489362,2.274869143,1.904415023,934.9646726690495
BSCuChvaSj9b5HUSqgDVRzcnr2sSn7cXaamt1jbKH6hn,GnKpRj5kBVPMJfiwZtEuD9GYApLzPdW5JFuZTcyX4BTc,3dmwD9okkomV9nDwyuh4UMhKdUR13QpuKxRo89ycZB5t,368.88351763799983,369.56008517800024,370.19506358923195,1.0035554474204489,0.1480780254356928,0.9960863766262354,1218.729795733,1919.911802717,3135.4609164517833
MARpDPs5A7XiyCWPNH8GsMWPLxmwNn9SBmKvPa9LzgA,6YjT74rmcfCpw8LSjPNx5JTmZoYLGrTKnf9arfSgZ4SR,F8GSmi3vA8M8TsybLya1LQ4n1aFHCRbZ6k437PeTdXtg,128887.52220300003,130672.30131799984,126457.51460240032,0.9811462928368473,50.58300584096013,1.0,320634.181629,42011.083642,356600.1223040697
RoBgmK8CvjdHvPrqdDyVw54VwjZv2TqJ493xnqJAQHx,ExiHJxM7qPAcy27NDHAF6G7vnW7muNHi2sVJpnaNynGQ,6rkPHSqZb7StM4HwS9EuVrmfkV7tRdc7dnsFhyB6cefE,10.606884000000719,0.2454679999999989,0.0,0.0,0.0,0.9801615306202461,6078.873309,22.70045,22.250107817768367
