0,1,2,3,4,5,6,7,8,9,10,11
MNkYtBe2HtgL15osfaMmyqNW3vo4J399FXXCS4a39Wf,2mUxDu8NrhSKhQJMgKfYLxJqZzeEbmwhQdHeHMyohyuk,AZCBmDBcFsA2jHHhfFJBTsWCHx9XnnKmGfFsue3ZVW1t,0.10277171999973689,0.034383980000029624,0.10272898679580955,0.9995841929674093,4.1091594718323826e-05,1.0,2195.09800886,1941.15861746,4135.3438891306905
BSC8REUo9LpiiWUuqMuLXs2D2yJsJfGd4HdiF3wCLxk5,AZjEH1zWVx1UJ6udMyRijGTzPteuLnaY18yNNmprJEsh,Caf8ypkSVR8xYnXNhjvfvdGCC7mrM3C11rz8Xi6NA6aK,1319.3060387270007,1318.1770051609997,1320.0903545700842,1.0005944912098184,0.5280361418280337,0.9989304282086997,2858.971588668,3449.777368227,6306.758805814262
SoNcU2iwHMw6dGzsYNQkYFkUjwN1UdAjrWVRnStrZu2,8ivTTid27jZnYNc4w3CTA1Z6QS2twsFb8WMwUabeDJgc,CyXm53PMvHCbeXJBykU46Rcbo28xk5srhMZFg7gv6EYB,41.86925984200002,41.410753418,8540.652622242931,203.98384529538797,3.416261048897173,200.991410230101,17.26780029,21.477901282,7839.225970399089
heyk4SZTeCUV6a65WiVA5bzic3KcxgVf1qxobfeV4tQ,9ZDpBKPqMABtGfq66FbVribaArMvtk63xxy91onZAtDt,DaTP4s6N7xxSPinbNZ3FB52EpRDRt87QShTuN3VPCW52,95.5812717650042,83.041648539,18948.897688614994,198.2490642644167,7.5795590754459985,173.4341841551917,639.841501337,4488.358389937,905282.7544724331
JSoLLrxK5bYdHwTEWYaGgmeycBCNXKDiBCTw5hXGBg7,xG4wXczA7Dk4hccJ61CHKpDHW4NrNfQwgmWgkb9BuF2,BVR6WgfhsRr9Lob4QDnkEAiNGgAbv7ZieKcY9kSg3QYR,20.51618538400023,17.62431188999997,4123.577032872393,200.991410230101,1.649430813148957,173.48497307860188,18.013097532,167.226727976,32631.80227650807
iLiUBQ7Z7im6Ew3b4ewwPcehzWgEQRJ1iQz7g6D62NW,GpugBvKWM3TVhYcZjemSdtehBWgfvuGr6uAm9iPjXT6v,92fMXJ3xy8tEyMUWLHKRLyhPw2nECBo77GtDiBBbYrjX,0.011660785999993095,0.011932958999977927,0.011392169332976347,0.9769641028471917,4.5568677331905385e-06,0.9989304282086997,1865.511696425,1097.946510699,2919.3101389315925
KysFMBBoavfov2tLpvefWW6tPFt6rAeZWDJVy1mMQae,B8ka2V21TH3x64dFV8ETcjuQcwmrciJ2qzy1mJUttRew,7fSf7EYxBANyxzk2s5pymFgshA91tFYQNKKs5UnLWcYS,196.43281800000022,263.6066839999985,0.0,0.0,0.0,0.027013312295365716,134585.890627,2549.363722,68.86675837686191
ZUCKWFa4LTL833dPhhpeeRWZcaAEoMeYJPi2iKn4F8N,7eEYpq6ShaJ9opZWMxitRFrdCHh6vfyHhGfoSvFht3N2,H8VggnHmuwd1wvwpT8eg9cUJFEfZ7HAaeYjgXrSm7A2u,3.4852431360000082,3.4779662540001937,3.4915437978689092,1.001807811284045,0.0013966175191475639,0.9989304282086997,1690.42965651,2156.664613795,3847.8435404787124
KwnjUuZhTMTSGAaavkLEmSyfobY16JNH4poL9oeeEvE,J63v6qEZmQpDqCD8bd4PXu2Pq5ZbyXrFcSa3Xt1HdAPQ,BnKQtTdLw9qPCDgZkWX3sURkBAoKCUYL1yahh6Mw7mRK,1243.7139349999975,50436.69864499959,33.59683293225311,0.027013312295365716,0.0033596832932253112,1.0,273779.741696,670.3871,8066.084762578606
Lid8SLUxQ9RmF7XMqUA8c24RitTwzja8VSKngJxRcUa,4PgzyzLtds9bKZ2to9PMnKqJzKEUpjvNUaeN23phegax,AtymwxoVN9peZo7EXTcDz9jKVc4vRmisJKKrNfe3ewBa,244.02692106500785,209.2129606929975,49370.75838977795,202.31685165845192,4.937075838977796,173.34594598436314,1019.412644292,7673.663387106,1536442.7957374365
parEAJhzYzHW87y9VoZAQ22dzQ2MD2ekEtTReaxbMcz,3oyc6hpjYSJEquK6dSvG72NXyz3pqLZz5D8AC71pwgQb,Di2vordgFJVZ1aj1aBpvzXtLfZgJsuLLXawGtVFwX6Rz,14.221696219999984,16.643879567000113,2391.4868212338,168.15763634935826,0.9565947284935201,198.301783189125,1281.954569119,170.368525752,249354.83270623506
C98Sspw7XqnMsgxea3SLQVdbMDL8pKUc3RE82UvX9eq2,CSqgQJurPCzGxb4Cgwx5R61hWQUiaoUHcShNc8r1cKEL,6S2CR5EnukPhC914XkAns8m5GixjMAoUuZMsS5ubHuWc,142.01503200000025,142.10258400000043,0.0,0.0,0.0,1.0,965.94522,847.004016,847.004016
SoN9GaFpSXfpyR5dth3x7PHPVhvJMpQqqDJfCSmPv1t,9kZ9iS68ViMPtoeqtnhAKuF2iqVyfHPdZHoUNdwCELr,BBhm5fJLjw3HRzjtKB8uMEYjGhY6EDm9co3cqpjrSzB9,2.794634064,2.7440634809999986,573.3856493657975,205.1737852737336,0.229354259746319,201.2285404853713,3.752439009,5.819244966,1940.9002867203717
RoBgmK8CvjdHvPrqdDyVw54VwjZv2TqJ493xnqJAQHx,ExiHJxM7qPAcy27NDHAF6G7vnW7muNHi2sVJpnaNynGQ,6rkPHSqZb7StM4HwS9EuVrmfkV7tRdc7dnsFhyB6cefE,121.72826599999942,146.56329399999998,0.0,0.0,0.0,0.9522041144739787,6193.911519,20.259777,19.291443017725282
SEQV6QiTpvTzrceiaYg9Avnwf7oc8ZALpnQMz6TyT4A,3dFMPj4r9mMmPHF32mz1gNDX7f8ftidWof7S8YiYTs1j,Fc1ED3YPeQfXQosHbd8DTaBd2AV5gHQtwiSAL5C5pUhi,168.47847598100043,168.54263906599954,167.9239747278236,0.9967087709575474,0.06716958989112945,0.9966264195697564,3901.540041654,1702.896017044,5585.850340124777
GokA1R67GqSavkd15zR62QD68Tuc5AEfvjssntVDEbM8,3YB7hfpBdbQEuZqLGWVDpRPmeZWCUsrrWyqGXegnQ6Cg,4DPCj6Z1DsG6HUtwSogBGqXEUxdEV5a8YVrrFtcnz7UW,79220.18276600009,79239.05758299996,79216.0635306965,0.9999480027038594,7.92160635306965,1.0,18871.921872,14915.837014,33786.77759708968
KZMu9QBEdL97EFgamLbN5DE1AoKBG4HdrKKJo4Vuon3,DD4ACBWyVqdaKWh7v5btsgqQCCMwbKnuL2xd9pv7Gyuw,GcYqiJ1MAuYbNTNYXm1F1gQYTfTgkErACAhNU5dpVj9T,1454.8923888199997,1466.8226850199997,1432.977632608103,0.9849371978434289,0.5731910530432411,1.0,2029.5459022,1058.28386425,3057.259118057482
SUiuyGR7SFq3xeRVJonq84fjjeFwRSsFekcevJ53tzy,49GjCCPsv7fBqo6t3iKDrP1xxGDS8uWZbVCdfnp2gjMf,CEwj5xEbbJEjYqM8D6Ai8ByGz1mrh8mkAVsE5fzDSSSx,15.085657000000017,12.2300070000001,0.1694350922880112,0.011231535510055082,6.777403691520449e-05,0.9585237201072396,606.023883,2.069771,8.790503360546047
WiiQFxXqp8P9Fs1rt9SVcDyA3KUdJmUsog6wnVQAwba,3S2jpqSYxho6wiz3cafhjXruVY8cg4HYa2v3BqBHYFSj,Dfe67M6TfrG74gKRtdqys4e6E9QirPD53BkF4FujFjuv,19741.664867098,19739.880426887994,19714.089469027764,0.9986031878133949,1.9714089469027765,0.9989304282086997,16004.75611318,10720.95177159,26691.885418796683
KEVpg4SYCVrqFxKijQH6hm4QxsRdoE51ud64bEEFUC9,2bPenuBYfqzD8p5dFjCcggwkHDsc2RQDnx9AoyYGUBjA,AE6n6iLuX8oYu61vt5hoDYkjswpnxFxrhSehxrnQTnbx,150.47138194399986,150.55523772100014,150.34081846020808,0.9991323035509811,0.06013632738408324,0.9989304282086997,4176.469168323,3435.290421914,7604.461393040006
7oAd7xG4m3oC2qeWB1szghTebAZyyGPAFDJ4wwwbRSNi,D9yh4KAysxt9GLacVe4Wwh2XqghhcjTCSTV9HuM7TBJd,HDYfJLpZKaMFb84jM4mRytn7XLR8UFZUnQpSfhJJaNEy,747.0036885940353,18.906116761999783,746.2047145207179,0.9989304282086997,0.29848188580828716,0.025112819195838593,1016.189648967,299072.01983666,8525.644321876149
BkwbeSfcX1h4thMDd7obGkHrPevf3QwgzJ4pCEqG18Lu,35yX27bmurdebhfAb8EPmjLETDiUaEUCn9zHaDPbakH2,2CxECn1ZJFoESyUnQysQU8rRgT3iJ5GRs2Mdd6gZjx5g,0.3830246800000019,0.24215584999999984,1046.4011583433557,2731.9418642771284,0.4185604633373423,1760.8113818847726,0.87627864,22.67567241,42321.524372806336
BSCNHw8CmxbZ8hCWWzMf5FaG2ajPT6JxfznKUNuRVrn4,7n9kgNL633yGzCYksgnzHyjG73ZLBAwvEae5sbAekbzW,SscdxE99omdG9AiMVwmaEMQySQnCgeAh1sPj2Leutm2,1878.9624413930005,1885.2268890149999,1873.1057043856015,0.996882994104418,0.7492422817542407,0.9989304282086997,6851.248673143,4817.769599391,11642.509939567222
DA1mL7dfBow33EH5yjUuZE6SH2KeUK5zEXzsyhE5r5j5,B4UtLRZND3D83CitRCBUyeiNr7H8m7YFRqBmiPmXjhW4,AAmpYbuixWiSqDaJBCqYEs1pb5SrbdPr9mgXrB58Q2e,0.005471154000133538,0.0054763200000707,0.0054645357751719045,0.998790342044572,2.1858143100687616e-06,0.9989304282086997,1637.764926542,1469.029598037,3103.2421565878417
ercAoEmXjQzEvAFbdjAo81KtMxRGn9AW1ju882upmPH,CMRhskR2Eg6V42RTSdRTXGdozyPbWB8U9dVpijPWb9T4,7TKLLgrWswt6ZJ1pXhVR3FyufHGjJFqiEXxvWJfDcgRm,0.017355573000031654,0.01771202799989169,2.995357737118903,172.58766029294682,0.0011981430948475613,168.17324669720358,315.338437841,983.216776455,219774.28069100698
SQDY9uoDoCbNq7F3HAHYYQZbrUzpKxDtdWLvYcqBLak,GiehZ4X2uQjhEKuxSm3ACmEFrabxh3RTvjbLfLjw1xGX,rxDQYV77NKRKYxCjq4cECX3QQsiSyLv1T1FT2X3zNA2,1.3401231699999698,1.3428991199999984,1.3415710457938614,1.0010804050152282,0.0005366284183175446,0.9989304282086997,169.928535054,236.543541072,406.40266746855787
SHRJZYZxBfNz1SL5puXfaymPnndnJTY6MJrTrzpsYMc,BKJWe131yeNE594dMwrLyT25RPsytUgcTdMpph8rbuda,EreMRai79gFEuXwrMnj6kpV4pvVAUqukjSuy87XQTT8K,0.0016870000000000001,0.002020000000000001,0.001563886187649656,0.927022043657176,6.255544750598625e-07,0.9999230059285434,0.019865,0.000957,0.019372219213923417
wrmcMSHFi3sWpAEy4rGDvQb3ezh3PhXoV2xNjgLBkKU,8p4mGnARWPBu6P2Gcw4adodLkNDorrXniZMhaY7eJXUn,AyY89zccbsgp9LKFgH4CFZMJmpSgqmPSdTfukhP227rc,0.015888940000000018,0.16834681000000273,5.020868488077412,315.99769953674735,0.002008347395230965,3334.778403975056,49.19099749,0.16656342,16099.69414066614
SRMuKizofcAMicegrfSv7xs9q76tH1w8aAF7oX9FEWu,72Hj2KWntXPfbie4UgKeTPnm1XVkomDfCnRPKbvfTtPi,6aqJQ5wedqpUt4fFEDUqUmXhrdxCu4bEJsQdVPCADLko,0.2849049999995259,0.2849049999995259,0.01698180606352049,0.05960515281777697,6.792722425408196e-06,0.05962056518387937,17693.037092,5263.487432,1368.408275213342
B2izdXFYb2sNwbWWHmh75T4aQFtfXsUxem9u2p61HGzf,4DYwgJtxwuJdAjkj5RJSNH4e7U329V5cNp7d3a1nLrZv,EXNW64GEf1ACC6xY9BtKRiunrs6GoJSXBdxWN2eTPmrF,8750.655952999992,8611.614194000003,8776.793243278476,1.0029868949732303,0.8776793243278477,1.0,8883.335048,31169.738706,40079.607342800395
AURHmCnNwiW4uA2Qj1XvEh4iKgRUZYXtiY7FKAapUV5Y,BKWm4TRnTeKwfWXRyuzjRHU7iZDkPuXBX5b5V5jSVfGJ,A5Ww74HVrkj9nPeC7pHKLfgeDMEhBCpW1efQdz3TGLEg,0.004464760000018941,0.0031116279999992003,0.8607227529531107,192.78141556308944,0.0003442891011812443,171.79081444822594,289.554714948,1813.382558291,367343.23442566075
BSCrK1Nx9PXU9mF7STWWBqeHLxmtJDr9h7jheEy4tAWX,FfSySSbVJPvEo5a5AvrP3nySoXpRE2QPn1uUMpJJ1x7v,HL7Vcj6838ZmvBHDbQxXfjBNckNi83WvPiZQoMQLFeRM,1.9969999999203125e-06,1.997000000031335e-06,0.006671232190015909,3340.6270356945997,2.668492876006364e-06,3335.112059765208,0.879978304,0.923083418,6018.26595270817
BUSDTd9WiT6uBHJRgNvFXBsA7JrifsAtWzKfioN7ERcy,DyBxrn7gSc1EwnpWhDyhzvMHPtxpmBqRqotapLcKcfTM,Cds99GeBgoCpqBsoRWu1C6fF9LiUMd4pXQQD24s9LPff,13771.428776239996,13799.070159989995,13772.88457013906,1.000105711173671,1.3772884570139061,0.9973838621296339,2753.39167795,2754.34512955,5500.822125164378
Cob4usZcpHEY7Qt4ZCwj6WVg9S44zvzYV2v9qYF65dTf,NhFM9UXE48PyNAyeyPYA3iXztqKVJwA4bTdLj4ysM8w,6TuFuynuBoeskxyR2cz4wxyidk8dpDK7kAWw3UkjQGx,331.41828800000235,12808.833032000042,3.7223362703536886,0.011231535510055082,0.0014889345081414756,1.0,68160.851055,215.336097,980.887116019808
DFWzVTzNBrQZLjoQ4yQwkj9HuoXmfkuZP9V5vbymZe23,DhgiEgiNdqZdRdo195UUHnoEJUtefK8buko8nU97XJUZ,2K2kkXsouBHtWVjtcgkyiXd8eP3oVBvq1bTJzcVdLLr2,519.616958815991,629.7739856200142,423.753043827187,0.815510419045519,0.16950121753087483,0.9989304282086997,68658.569671576,7680.93832287,63664.501931842045
SERgf3DMJpQxUifu7VoFKmfne73d2fDJxSrxUMrcNJB,AJfM2GZ2tTB8UtN2krcyR9xufRJEx2mhSCbJyMgPo3GU,F4yRYkufQvERZcEKnKjJwRLU1btiMBUuEwq46hfm11QD,0.0018072549999992304,0.0013162789999974223,0.31178609419739267,172.51914876291693,0.00012471443767895707,171.7948281854154,26.205244317,31.039868687,9853.395350674127
7dwD9TF6uikvHXxPFK9AsSim54yJoujQjY9vU6gNFumk,CquVr6atkvwueDYficKjn6SSEWq4F4rH4VSiBbW4GBWU,8BCa6ge3b7ho3TfZuM64Vk1hgbrJ3J7EPiAb9uP86CGd,0.13726524300000031,0.13813179799999942,27.506752784135806,200.39124386452107,0.011002701113654324,201.85847056681456,2.278788619,1.899833738,840.1468185496385
MARpDPs5A7XiyCWPNH8GsMWPLxmwNn9SBmKvPa9LzgA,6YjT74rmcfCpw8LSjPNx5JTmZoYLGrTKnf9arfSgZ4SR,F8GSmi3vA8M8TsybLya1LQ4n1aFHCRbZ6k437PeTdXtg,129895.36395900002,135680.38403299998,122401.45714665332,0.9423081272191357,48.96058285866134,1.0,370158.404214,21396.388086,370199.66073531815
SAMyS8Jr2HJrkFwYVKbpUwsNStnQmvz3f8Tup8bWUWF,6jPzm5TFfquvgm25sTyN3MMGBfufRaFHMxobDWv6hMFW,Cj9ECoDmxsHTDzCY5ZA6RWrPbg9uFzEC1Qc2kso2vJG6,16911.819244969985,412.31889750999983,16665.791497929295,0.9854523192640043,6.666316599171718,0.027013312295365716,602.47506758,114105.77824612,3676.0854751136358
MATgk4zXLXtYkwBH678J1xZbRDZ45LicNzkRBHkxTuY,y8dALFo1bJrSzPYjMX14HJX448pXqYmrfXHD1K8MXih,GN7Yuet3UyiWS5YVkEHv6oQKi4HGBJc3XDPt9zQhAqZz,17578.920547,17581.688375000005,17578.920547,1.0,7.031568218800001,1.0,9282.999267,8233.771829,17516.771095999997
vEnkoSUkpnbRrPgBz9DfcVxNz67zjwMYBZraAvDDNSf,DtfyjjsZ5yCjWKLKHvwsfXs5QVsmm1QkK6Sh9JZHoq1g,e5wrKCRv4GhHvEf1VD5Pq2KGaZDXP77nTL612Jyrxwy,5094.326775999999,5097.146615999998,5069.874769984364,0.9952001496781024,0.5069874769984364,0.9957749269848035,1209.3861,747.834959,1948.256529433525
AUSejoEUCh2DBs9mof6BNC8Pubs22w4cJa1ccV9h44R,4xkyD7AfGQDwsQMy9MosRRNGoVJ1zosNinesxg1TzHG7,Cbm5gsQe3nSiCsFrvepVzMCD9xLK3ri9g3ypS2hdmVJ7,753.160566999999,752.7068260000033,753.5192421592668,1.0004762266839016,0.07535192421592668,1.0,14292.666877,14569.125619,28868.599045350944
YAkoNb6HKmSxQN9L8hiBE5tPJRsniSSMzND1boHmZxe,CfWX7o2TswwbxusJ4hCaPobu2jLCb1hfXuXJQjVq3jQF,EnTrdMMpdhugeH6Ban6gYZWXughWxKtVGfCwFn78ZmY3,12710175.05585997,12708851.500803933,12710175.05585997,1.0,1271.017505585997,0.996549944093548,603872.869565,960806.251966,1561364.2862464488
ALBpShJ9NLpE739pcHDF2LNVk5J4VYPvvKuV6jMPitZi,D6d156U1bPiJpDYRLextvDRccgFk7QzkQbJg42ceKEu5,GNcM8U5g8RwTZffwwm3kSQqUNPSwv5d2fbN9sLxPJqt2,1171.6308930000014,1171.975440000002,1170.259349042923,0.9988293719760442,0.4681037396171693,0.9978396770990805,49928.904429,50298.313559,100060.10921461086
BSCuChvaSj9b5HUSqgDVRzcnr2sSn7cXaamt1jbKH6hn,GnKpRj5kBVPMJfiwZtEuD9GYApLzPdW5JFuZTcyX4BTc,3dmwD9okkomV9nDwyuh4UMhKdUR13QpuKxRo89ycZB5t,215.79671590000044,215.83265945900007,216.26505322758356,1.0021702708756706,0.08650602129103342,0.9994053538144805,1314.562423164,1782.908803317,3099.263983103222
HEDSDjj84KS7LKhZY7ejkCACTdPen62rKhCby1wXtgxc,EnnjMSFttpCTywBrYNt1J5QQeoSVkvzPipJDa8Y7kJow,6bjVT6JN2rSvpyn9PdfLYC8wJn4LWh49jpY47fnLDXZk,2.1316661820001173,2.2022991349949734,2.061067750259199,0.9668811034593248,0.0008244271001036797,0.9989304282086997,39143.755370153,9078.917907843,46916.56473918864
KEN5P7p3asnb23Sw6yAmJRGvijfAzso3RqfyLAQhznt,9zj4aX38Uxf3h6AUjS4EipWS8mwbEofasHAf3a1uKGds,CwQDG1MWunn9cLNwcZLd8YBacweSR7ARo32w4mLua1Yr,76633.78683100105,76652.88496599905,76475.63521737153,0.9979362677981933,7.647563521737154,1.0,2039792.848703,1869920.090933,3905503.3534491165
ALLwa5WNZbvQsRKAqe1jdRGemdYQnW8E5k4msbRFcYtu,CGoM82Hbz7QVqTgvQatYtjvDWBvoUJp5qm21P8iMs9yb,3dxNNww8TivyN5FMy5dCNdi3Zcxv6e4kUfSPxfFwpdNq,15.445073613,15.505163906,51249.53914789129,3318.1803099180406,20.499815659156518,3333.3222222592594,5.301624908,3.281082881,28528.653860608378
HDSBGqAuMRr6X2AfmmbXQPpRgU6VEhtfNVVZ3wUTZXg,DCZ1d8kNLgDcdSd99y4udLgwq46mfDXNS9KXj96kQf5L,Fq8GGYQM5Pz3q7LmVMbrXHJgsxA5ev86kTq8yGgGuYsa,21.987724767001055,22.098724162000508,21.82193910937735,0.9924600812780542,0.00872877564375094,0.9989304282086997,10949.48510922,10384.145206783,21239.965499442384
RajgMbScQbqqrdJfR2rxfHJiTiY5b6bJ2tTXiF4aPxy,725ZA3fhyBAKb5iopNRrcbSuQa3LXA1656Q3mBvYPxeg,GLA6i1dSZpUfk2f9Nj8uiG7xyDdAR2reff8oEiZH3617,102075.92607799004,102492.46865643996,102042.35210330102,0.9996710882185544,40.81694084132041,1.0,102701.80522282,79046.31129907,181714.3366881765
FrnkTEL6yZ5Aycq2TrEgu29dCrwKG4LPUZydfiwqspkc,DjvZuMZ46fxKBoBpGMPcRcos4xdTtHFxwMh69DpA2ZFY,9rvDPJLAng4uVVqnnSoEXgNDFhBZQTny9AoQioYDZbQX,19.506826493000517,16.43576162400018,3952.912062477219,202.6424987117003,1.5811648249908876,171.49993500152462,312.904534331,2516.097836512,494918.3721143396
BUSDgu5JdqP1rndBvXvanbEufS94FNh1w5FJcAj6vawb,Bgzr8cWubt89JQFXndVjtdKmDbGzuPxNhvjH1EhWCwbo,Dxaf8xPBBQsasRKW5Aa4Sw2YrbfGofY9xZueyyF23FBW,30289.70276605999,30268.37123496,30321.093587829597,1.0010363529154462,12.12843743513184,1.0,7083.76760267,7793.63602198,14884.74490785737
Lee1XZJfJ9Hm2K1qTyeCz1LXNc1YBZaKZszvNY4KCDw,9DgFSWkPDGijNKcLGbr3p5xoJbHsPgXUTr6QvGBJ5vGN,2hNHZg7XBhuhHVZ3JDEi4buq2fPQwuWBdQ9xkH7t1GQX,1929.5903427829471,1641.5301644509464,388486.58647170576,201.33112083853607,38.84865864717058,171.47523228892342,7282.854439484,56341.201162067,11127385.803907624
STK75uPSyBnEhGTTzb1nwmP3n427XoXmfRhXxxhyady,6TYyD5fUmDe6N65avW1Ny2RxzRNobw2RRgKwH9CTzSAU,54zDfk4cx2vGrEajPtodWpArNe5eUurytyxd4X3aZAxK,191.26317442799984,213.69135072600042,32824.84913245392,171.62137578559685,3.282484913245392,191.62164995055204,548.053682539,101.002754002,113412.04137311889
MATSnbbiTCv7Dc3trJrkrqjx7ckKdr6fwPoVwv9q3sD,631WX9JizSHJm4w6VanZeJAst9T8DeUUnPLesdGkCVtK,211maUSfpnXbPuW1iBu8b4dtJv5EbN1j7JJiEX5TZKEP,61366.00145400003,61393.998831000004,61254.395944588985,0.9981813136465361,24.501758377835596,0.9991507218863965,20133.731842,24762.25276,44838.33761934207
daob129AwBGn9Y5r91uLoWZeYiGzbPmksauMhFZKTze,6VW5GQNyj4LStgmxEHLr5zUfW92vQnmbw8jTnCH7a38F,4VPCCUifPeBA1c7HWK358CHn2nyjm8pdTRk6Ps3KmnMQ,24.968165837000043,22.448323241999937,4742.397093534661,189.9377441056145,1.8969588374138642,171.45280015855957,49.591628249,222.019725387,47485.22560417491
Sid7E679i9ABqptiAVhkmQ27YHN8vaYT4fppPwmxFsJ,GP7KB8o1bv527HG8kTzzzf4wJ5aEGHvcMQvVhLziUfmT,9gYxhAZ1M9wu5pxr8SBoa5NDm21gi3s9vMHaYTME77sa,6167.755873999997,14144.776868999994,69.27336911618178,0.011231535510055082,0.027709347646472714,0.027013312295365716,130134.768504,10797.009881,1753.2762733170762
