0,1,2,3,4,5,6,7,8,9,10,11
Lid8SLUxQ9RmF7XMqUA8c24RitTwzja8VSKngJxRcUa,4PgzyzLtds9bKZ2to9PMnKqJzKEUpjvNUaeN23phegax,AtymwxoVN9peZo7EXTcDz9jKVc4vRmisJKKrNfe3ewBa,117.28763055099603,99.96982957799855,26820.929700714096,228.67654137707643,2.68209297007141,194.849276290818,997.012550009,7664.534990011,1721422.4775548931
SRMuKizofcAMicegrfSv7xs9q76tH1w8aAF7oX9FEWu,72Hj2KWntXPfbie4UgKeTPnm1XVkomDfCnRPKbvfTtPi,6aqJQ5wedqpUt4fFEDUqUmXhrdxCu4bEJsQdVPCADLko,283.3995139999997,284.81632900000113,19.421373251062576,0.06853001607851238,0.00776854930042503,0.06637102798434838,17977.853421,4980.346251,1562.5732843951344
STK75uPSyBnEhGTTzb1nwmP3n427XoXmfRhXxxhyady,6TYyD5fUmDe6N65avW1Ny2RxzRNobw2RRgKwH9CTzSAU,54zDfk4cx2vGrEajPtodWpArNe5eUurytyxd4X3aZAxK,1002.6042314809995,1120.8974553629937,195117.45851747546,194.6106473431268,19.511745851747545,218.01611008243844,592.387336672,108.547944937,138950.08378021617
parEAJhzYzHW87y9VoZAQ22dzQ2MD2ekEtTReaxbMcz,3oyc6hpjYSJEquK6dSvG72NXyz3pqLZz5D8AC71pwgQb,Di2vordgFJVZ1aj1aBpvzXtLfZgJsuLLXawGtVFwX6Rz,4.0404086849999885,4.692528113999941,765.9128720059653,189.56321791144933,0.3063651488023861,222.56313949345076,1114.288005165,145.222020161,243549.08866982043
Lee1XZJfJ9Hm2K1qTyeCz1LXNc1YBZaKZszvNY4KCDw,9DgFSWkPDGijNKcLGbr3p5xoJbHsPgXUTr6QvGBJ5vGN,2hNHZg7XBhuhHVZ3JDEi4buq2fPQwuWBdQ9xkH7t1GQX,1150.5587035499993,976.3976243949919,264330.3028719209,229.74082248592893,26.433030287192093,194.87179287310983,7218.062538128,56411.456790836,12651285.347678576
B2izdXFYb2sNwbWWHmh75T4aQFtfXsUxem9u2p61HGzf,4DYwgJtxwuJdAjkj5RJSNH4e7U329V5cNp7d3a1nLrZv,EXNW64GEf1ACC6xY9BtKRiunrs6GoJSXBdxWN2eTPmrF,4424.234832000037,4332.385957999994,4496.808829702608,1.0164037399592016,0.4496808829702608,1.0,7550.557063,32274.452312,39948.86674960857
BUSDTd9WiT6uBHJRgNvFXBsA7JrifsAtWzKfioN7ERcy,DyBxrn7gSc1EwnpWhDyhzvMHPtxpmBqRqotapLcKcfTM,Cds99GeBgoCpqBsoRWu1C6fF9LiUMd4pXQQD24s9LPff,24998.7778546,25016.04888621999,24998.767855092858,0.99999960000016,2.499876785509286,0.9998820139223571,2907.76184438,2624.34805517,5531.7990999123285
DFWzVTzNBrQZLjoQ4yQwkj9HuoXmfkuZP9V5vbymZe23,DhgiEgiNdqZdRdo195UUHnoEJUtefK8buko8nU97XJUZ,2K2kkXsouBHtWVjtcgkyiXd8eP3oVBvq1bTJzcVdLLr2,3681.6021058930028,4619.665961697002,3020.448909739745,0.8204169877307016,1.208179563895898,0.9999661661447685,61965.124744339,7053.114624944,57890.11697799261
BSC8REUo9LpiiWUuqMuLXs2D2yJsJfGd4HdiF3wCLxk5,AZjEH1zWVx1UJ6udMyRijGTzPteuLnaY18yNNmprJEsh,Caf8ypkSVR8xYnXNhjvfvdGCC7mrM3C11rz8Xi6NA6aK,4111.066339524001,4115.602616516,4109.028959694915,0.9995044157255508,1.6436115838779661,0.9999661661447685,3151.852664012,3180.207996026,6330.391052725391
RajgMbScQbqqrdJfR2rxfHJiTiY5b6bJ2tTXiF4aPxy,725ZA3fhyBAKb5iopNRrcbSuQa3LXA1656Q3mBvYPxeg,GLA6i1dSZpUfk2f9Nj8uiG7xyDdAR2reff8oEiZH3617,24984.133431079987,24977.90213259998,24991.736667126228,1.0003043225840598,9.996694666850491,0.9996031175781968,78964.41075345,102831.59491679,181779.2242713408
SAMGk1Nd4haC8zQA63DG37pzuEZy8j4q13tSFtCbcRE,9U9TnkHD3jXMAVZtynCVLgDruuqN4pTvLJTmVHCLWS8g,C6zoEbvqSknmi96QWq96UBiPCyNW3YSTvKhavR2BfifE,0.27875213,0.5647096600000054,0.49851854832507986,1.7883936826781552,0.00019940741933003196,0.0,53.59809412,1.15833532,95.85449292779718
moFiBS1R4Lf3E3zzmBPnw3NF4RhWPkhREFviuzUaCAU,44ALBrpqi9PfZkBRTvbtRNtFJGsatfY4QydjtMbFWq8S,2ho8qEEie1UjVwWNBo9y4oAJZMyMLx8zPj9bxyUz6uWs,1268.7678641099992,1276.715869738,1260.6710492337563,0.9936183638431586,0.5042684196935026,0.9999661661447685,47919.391652671,19215.572526967,66828.50992035441
JSoLLrxK5bYdHwTEWYaGgmeycBCNXKDiBCTw5hXGBg7,xG4wXczA7Dk4hccJ61CHKpDHW4NrNfQwgmWgkb9BuF2,BVR6WgfhsRr9Lob4QDnkEAiNGgAbv7ZieKcY9kSg3QYR,229.40800664199998,216.39215027299986,50357.85020357559,219.5121737061294,20.143140081430236,194.87179287310983,20.462830807,164.817419737,36610.10655149439
ZUCKWFa4LTL833dPhhpeeRWZcaAEoMeYJPi2iKn4F8N,7eEYpq6ShaJ9opZWMxitRFrdCHh6vfyHhGfoSvFht3N2,H8VggnHmuwd1wvwpT8eg9cUJFEfZ7HAaeYjgXrSm7A2u,1.3833209849999548,1.379201657999829,1.3874426289064667,1.002979528215942,0.0005549770515625867,0.9999661661447685,1679.577333789,2167.624522699,3852.1328654505833
NorjjEePhxfwLF4vZjUHCrVVKLzQjEEGQFd3wgjEJmh,34M8pFVqgbV7aqHxvRT5tCv3vu2P1JJYT8J3VaxBK2oG,3AZWBSze3ucsY3xSeuLne3b2pauVqiaJ1SZSV5T9WGWw,1033.2919559999996,1534.744868999997,615.4338869482089,0.5956050304800874,0.24617355477928357,1.0,38104.416915,2273.801724,24968.984122084534
SoNcU2iwHMw6dGzsYNQkYFkUjwN1UdAjrWVRnStrZu2,8ivTTid27jZnYNc4w3CTA1Z6QS2twsFb8WMwUabeDJgc,CyXm53PMvHCbeXJBykU46Rcbo28xk5srhMZFg7gv6EYB,147.7266457060002,144.60753419500014,33966.13740997555,229.92559837562163,13.58645496399022,219.46187947153578,11.343896382,26.892872408,8510.212486590286
AUSejoEUCh2DBs9mof6BNC8Pubs22w4cJa1ccV9h44R,4xkyD7AfGQDwsQMy9MosRRNGoVJ1zosNinesxg1TzHG7,Cbm5gsQe3nSiCsFrvepVzMCD9xLK3ri9g3ypS2hdmVJ7,19471.443294,19480.399182999994,19469.65208600809,0.9999080084632214,1.946965208600809,1.0,14505.578961,14362.999663,28867.244233499514
iLiUBQ7Z7im6Ew3b4ewwPcehzWgEQRJ1iQz7g6D62NW,GpugBvKWM3TVhYcZjemSdtehBWgfvuGr6uAm9iPjXT6v,92fMXJ3xy8tEyMUWLHKRLyhPw2nECBo77GtDiBBbYrjX,0.0015833390000352665,0.0015833390000352665,0.001548487945255948,0.9779888862849067,6.193951781023792e-07,0.9999661661447685,1865.493847277,1097.985623022,2922.3807240051638
GokA1R67GqSavkd15zR62QD68Tuc5AEfvjssntVDEbM8,3YB7hfpBdbQEuZqLGWVDpRPmeZWCUsrrWyqGXegnQ6Cg,4DPCj6Z1DsG6HUtwSogBGqXEUxdEV5a8YVrrFtcnz7UW,54874.20139799999,54886.34815199999,54881.11641866874,1.0001260158780005,5.488111641866874,1.0,15405.35557,17184.422992,32591.719881408062
KwnjUuZhTMTSGAaavkLEmSyfobY16JNH4poL9oeeEvE,J63v6qEZmQpDqCD8bd4PXu2Pq5ZbyXrFcSa3Xt1HdAPQ,BnKQtTdLw9qPCDgZkWX3sURkBAoKCUYL1yahh6Mw7mRK,521.6244850000294,15859.092682999382,12.713902650737175,0.02437366921289452,0.0012713902650737176,1.0,273514.262043,669.85536,7336.401508045034
ALBpShJ9NLpE739pcHDF2LNVk5J4VYPvvKuV6jMPitZi,D6d156U1bPiJpDYRLextvDRccgFk7QzkQbJg42ceKEu5,GNcM8U5g8RwTZffwwm3kSQqUNPSwv5d2fbN9sLxPJqt2,1172.517554999984,1173.2915420000063,1169.2553326219686,0.9972177624427846,0.4677021330487875,1.0003941552971871,53165.044201,47098.166659,100133.8570691694
BkMBnJpvHKtWhUvrgRrLesXfi9RUV3ELgdBaJcdH7hcY,5uerVwBnZQsuVhZ15igs7ZgmcqhHnYWbwoRtLyRqLvR,9YWiQh5d4jCtgMdzcGLv9bWgnLaFtzvDDh2nnhJdzhBX,0.019324322000102256,0.019324322000102256,0.019325257613124338,1.0000484163440289,7.730103045249736e-06,0.9999720567808453,1472.204326323,1400.427550652,2872.664023272186
AyiATPCAx5HZstcZ1jdH9rENwFb3yd9zEhkgspvDrCs4,DvHVapj4g2Y1tJVSw2ubSPkPBsJPb8fW387ZWXwaKmZq,DKjqWWgrtDRPKrnMWtZ4UiJk4sGQVCQgFjSo7BvfngvK,0.04259868,0.04309395999999999,116.36122265016799,2731.56873992734,0.0465444890600672,2885.086985372609,0.88764654,0.2759909,3220.925294439937
YAkoNb6HKmSxQN9L8hiBE5tPJRsniSSMzND1boHmZxe,CfWX7o2TswwbxusJ4hCaPobu2jLCb1hfXuXJQjVq3jQF,EnTrdMMpdhugeH6Ban6gYZWXughWxKtVGfCwFn78ZmY3,8859830.868239978,8864943.399453022,8859830.868239978,1.0,885.9830868239978,0.9986268880289603,1115904.096534,279485.160861,1395005.492974894
daob129AwBGn9Y5r91uLoWZeYiGzbPmksauMhFZKTze,6VW5GQNyj4LStgmxEHLr5zUfW92vQnmbw8jTnCH7a38F,4VPCCUifPeBA1c7HWK358CHn2nyjm8pdTRk6Ps3KmnMQ,57.40725516999995,51.58965781800002,12364.107347809848,215.3753443044098,4.94564293912394,194.75524135043284,49.754709522,222.01640401,53954.796040789406
SAMyS8Jr2HJrkFwYVKbpUwsNStnQmvz3f8Tup8bWUWF,6jPzm5TFfquvgm25sTyN3MMGBfufRaFHMxobDWv6hMFW,Cj9ECoDmxsHTDzCY5ZA6RWrPbg9uFzEC1Qc2kso2vJG6,3850.6882507099363,115.44639713999993,3809.2381401648763,0.9892356618229435,1.5236952560659507,0.027405034293837765,558.45173353,105741.72418973,3450.2959479238048
HEDSDjj84KS7LKhZY7ejkCACTdPen62rKhCby1wXtgxc,EnnjMSFttpCTywBrYNt1J5QQeoSVkvzPipJDa8Y7kJow,6bjVT6JN2rSvpyn9PdfLYC8wJn4LWh49jpY47fnLDXZk,46.11859433299833,47.4728221220048,44.11874314852997,0.9566367706259981,0.01764749725941199,0.9999720567808453,39087.891409068,9133.055781464,46525.71478263525
MNkYtBe2HtgL15osfaMmyqNW3vo4J399FXXCS4a39Wf,2mUxDu8NrhSKhQJMgKfYLxJqZzeEbmwhQdHeHMyohyuk,AZCBmDBcFsA2jHHhfFJBTsWCHx9XnnKmGfFsue3ZVW1t,0.13471465000020544,0.09614440000041213,0.13460517561088112,0.9991873609193643,5.3842070244352446e-05,0.9996031175781968,2195.17500176,1941.19353835,4133.814229522046
DA1mL7dfBow33EH5yjUuZE6SH2KeUK5zEXzsyhE5r5j5,B4UtLRZND3D83CitRCBUyeiNr7H8m7YFRqBmiPmXjhW4,AAmpYbuixWiSqDaJBCqYEs1pb5SrbdPr9mgXrB58Q2e,77.76303042199993,77.79939414499972,77.75116847048456,0.9998474602719184,0.031100467388193824,0.9999720567808453,1636.157093717,1471.267808133,3107.1342109330276
FrnkTEL6yZ5Aycq2TrEgu29dCrwKG4LPUZydfiwqspkc,DjvZuMZ46fxKBoBpGMPcRcos4xdTtHFxwMh69DpA2ZFY,9rvDPJLAng4uVVqnnSoEXgNDFhBZQTny9AoQioYDZbQX,183.11832047299822,153.95134850000022,42168.72491470915,230.28130012216423,16.867489965883664,194.87179287310983,180.511166778,1454.35955266,324981.9996811948
ercAoEmXjQzEvAFbdjAo81KtMxRGn9AW1ju882upmPH,CMRhskR2Eg6V42RTSdRTXGdozyPbWB8U9dVpijPWb9T4,7TKLLgrWswt6ZJ1pXhVR3FyufHGjJFqiEXxvWJfDcgRm,0.818720280999969,0.8378529920000801,159.4133688562961,194.71041887662992,0.06376534754251845,185.85536586743905,282.70952584,985.967826369,238293.90130005393
BkwbeSfcX1h4thMDd7obGkHrPevf3QwgzJ4pCEqG18Lu,35yX27bmurdebhfAb8EPmjLETDiUaEUCn9zHaDPbakH2,2CxECn1ZJFoESyUnQysQU8rRgT3iJ5GRs2Mdd6gZjx5g,0.276363479999997,0.16082588999999992,754.9058428255265,2731.56873992734,0.3019623371302106,1592.3566878980891,0.77359633,22.84308474,38487.470310312296
MARpDPs5A7XiyCWPNH8GsMWPLxmwNn9SBmKvPa9LzgA,6YjT74rmcfCpw8LSjPNx5JTmZoYLGrTKnf9arfSgZ4SR,F8GSmi3vA8M8TsybLya1LQ4n1aFHCRbZ6k437PeTdXtg,67924.9539630001,71396.82308499998,64246.15488796058,0.9458402419081002,25.698461955184232,1.0,345366.054509,17536.991238,344198.10378163867
RoBgmK8CvjdHvPrqdDyVw54VwjZv2TqJ493xnqJAQHx,ExiHJxM7qPAcy27NDHAF6G7vnW7muNHi2sVJpnaNynGQ,6rkPHSqZb7StM4HwS9EuVrmfkV7tRdc7dnsFhyB6cefE,21.283401999999885,37.49318399999975,0.0,0.0,0.0,0.9052509989444774,6136.644408,21.416485,19.387294440129416
BSCNHw8CmxbZ8hCWWzMf5FaG2ajPT6JxfznKUNuRVrn4,7n9kgNL633yGzCYksgnzHyjG73ZLBAwvEae5sbAekbzW,SscdxE99omdG9AiMVwmaEMQySQnCgeAh1sPj2Leutm2,4716.368325126,4717.374549413999,4703.673289656801,0.9973083027884894,1.8814693158627207,1.0,7089.287582116,4596.990098996,11667.19546549562
Sid7E679i9ABqptiAVhkmQ27YHN8vaYT4fppPwmxFsJ,GP7KB8o1bv527HG8kTzzzf4wJ5aEGHvcMQvVhLziUfmT,9gYxhAZ1M9wu5pxr8SBoa5NDm21gi3s9vMHaYTME77sa,1954.6394860000055,4975.797439999966,20.408110808311243,0.010440856717815833,0.008163244323324497,0.027283404012810323,132214.335634,9973.642414,1652.545849856269
BSCuChvaSj9b5HUSqgDVRzcnr2sSn7cXaamt1jbKH6hn,GnKpRj5kBVPMJfiwZtEuD9GYApLzPdW5JFuZTcyX4BTc,3dmwD9okkomV9nDwyuh4UMhKdUR13QpuKxRo89ycZB5t,1350.630947741,1353.8475490279998,1350.1595408874587,0.999650972862476,0.5400638163549835,0.9994263292869892,1666.408151435,1477.077855529,3142.0570289904044
KZMu9QBEdL97EFgamLbN5DE1AoKBG4HdrKKJo4Vuon3,DD4ACBWyVqdaKWh7v5btsgqQCCMwbKnuL2xd9pv7Gyuw,GcYqiJ1MAuYbNTNYXm1F1gQYTfTgkErACAhNU5dpVj9T,139.38101714000027,140.6002727500006,137.90068636800444,0.9893792511895009,0.05516027454720178,0.9994435498092081,1922.26234898,1164.92446536,3066.1227263425963
ALLwa5WNZbvQsRKAqe1jdRGemdYQnW8E5k4msbRFcYtu,CGoM82Hbz7QVqTgvQatYtjvDWBvoUJp5qm21P8iMs9yb,3dxNNww8TivyN5FMy5dCNdi3Zcxv6e4kUfSPxfFwpdNq,7.8816386120000015,7.878131555000001,27489.93272644833,3487.8448606605975,10.995973090579334,3489.3539810039565,4.307780362,4.306492342,30051.745794177103
wrmcMSHFi3sWpAEy4rGDvQb3ezh3PhXoV2xNjgLBkKU,8p4mGnARWPBu6P2Gcw4adodLkNDorrXniZMhaY7eJXUn,AyY89zccbsgp9LKFgH4CFZMJmpSgqmPSdTfukhP227rc,0.026300179999998174,0.19998865999999282,9.000746064338868,342.23134839151265,0.003600298425735548,3483.4709304350854,27.09801284,0.09409494,9601.566461154756
BerKDkt6v49dT1bHRedgnpsJS263C1DSJtEGvY9Mg35V,78XKqNb8wbfsMMrvo8WPUpdx7GEkfQutpNVH943aCGFa,DKYQwn4nDvFHCszi5tXbqfVMAP7DaXXp1KGTXEnYnKVH,0.019166148000294925,0.019166148000294925,0.019317782294932178,1.0079115685966173,7.727112917972872e-06,1.0,1339.340750272,3124.945677553,4474.882714045022
WiiQFxXqp8P9Fs1rt9SVcDyA3KUdJmUsog6wnVQAwba,3S2jpqSYxho6wiz3cafhjXruVY8cg4HYa2v3BqBHYFSj,Dfe67M6TfrG74gKRtdqys4e6E9QirPD53BkF4FujFjuv,66790.46878893801,66549.873641368,67023.36862769925,1.0034870220704277,6.702336862769926,1.0,4880.231381848,21876.575357445,26773.824213830296
7oAd7xG4m3oC2qeWB1szghTebAZyyGPAFDJ4wwwbRSNi,D9yh4KAysxt9GLacVe4Wwh2XqghhcjTCSTV9HuM7TBJd,HDYfJLpZKaMFb84jM4mRytn7XLR8UFZUnQpSfhJJaNEy,0.837657493017673,0.8376732550177621,0.8376296376440733,0.9999667461058583,0.0003350518550576293,0.02411198041753072,991.914027934,300059.904035883,8226.919573129277
HDSBGqAuMRr6X2AfmmbXQPpRgU6VEhtfNVVZ3wUTZXg,DCZ1d8kNLgDcdSd99y4udLgwq46mfDXNS9KXj96kQf5L,Fq8GGYQM5Pz3q7LmVMbrXHJgsxA5ev86kTq8yGgGuYsa,41.76692750700022,41.99268119500084,41.47019350905405,0.9928954793742863,0.016588077403621622,1.0,10980.996942752,10354.275447737,21257.25767121832
MATgk4zXLXtYkwBH678J1xZbRDZ45LicNzkRBHkxTuY,y8dALFo1bJrSzPYjMX14HJX448pXqYmrfXHD1K8MXih,GN7Yuet3UyiWS5YVkEHv6oQKi4HGBJc3XDPt9zQhAqZz,9387.215416000008,9376.170561999996,9394.14829744352,1.000738545046244,3.7576593189774083,1.0,7779.013471,8609.289276,16394.04789886367
heyk4SZTeCUV6a65WiVA5bzic3KcxgVf1qxobfeV4tQ,9ZDpBKPqMABtGfq66FbVribaArMvtk63xxy91onZAtDt,DaTP4s6N7xxSPinbNZ3FB52EpRDRt87QShTuN3VPCW52,50.13947276699855,43.71388496999998,11106.945406595909,221.52098523673394,4.442778162638364,194.87179287310983,637.564906414,4491.174403393,1016437.2143162086
AURHmCnNwiW4uA2Qj1XvEh4iKgRUZYXtiY7FKAapUV5Y,BKWm4TRnTeKwfWXRyuzjRHU7iZDkPuXBX5b5V5jSVfGJ,A5Ww74HVrkj9nPeC7pHKLfgeDMEhBCpW1efQdz3TGLEg,0.010580297999695176,0.009441751000053955,2.3039785408725115,217.76121437589853,0.0009215914163490047,194.8610465363254,289.905162659,1809.479464584,415727.1624292942
BUSD5rCfUDpCxKGMvYU2yThChxgHoioK74PTPociGnv2,CcFHbafgYDZ8yA8Me1PdtDiVb2eeaS61LbqyKKK5CsNZ,26R9s4nmF3CFDTkiePDwRmtscn8i7r2eygbSijditJ58,65.10804002,65.02436459,65.10446643583735,0.9999451130127468,0.006510446643583735,0.9994435498092081,102.80251954,113.59365832,216.3273261265755
KEVpg4SYCVrqFxKijQH6hm4QxsRdoE51ud64bEEFUC9,2bPenuBYfqzD8p5dFjCcggwkHDsc2RQDnx9AoyYGUBjA,AE6n6iLuX8oYu61vt5hoDYkjswpnxFxrhSehxrnQTnbx,9688.502433241001,9696.093666019999,9673.468238455778,0.9984482436900008,3.869387295382311,0.9999667471057917,5548.975514484,2073.620150528,7613.916053371875
KysFMBBoavfov2tLpvefWW6tPFt6rAeZWDJVy1mMQae,B8ka2V21TH3x64dFV8ETcjuQcwmrciJ2qzy1mJUttRew,7fSf7EYxBANyxzk2s5pymFgshA91tFYQNKKs5UnLWcYS,42.020600999999715,57.51455199997872,0.0,0.0,0.0,0.027394666411859742,134643.157738,2507.282605,68.68617056423369
CZgvH45CRmoaNJ7395Ao5CQZXkGznvqU7cErD6n7FaRg,4ZjU6MKvtqVQKCiowhvZ5yUsPxXX5SCzd5eFsPeXyey5,BsyWeshjDbCvjDojry3vKDCesmFRM37WtwcR4Kfgzqr,0.3337505400002101,0.32371996000000536,0.34069927548026047,1.0208201475270902,0.0001362797101921042,0.9994435498092081,339.74020149,767.68539408,1114.0718580019013
MATSnbbiTCv7Dc3trJrkrqjx7ckKdr6fwPoVwv9q3sD,631WX9JizSHJm4w6VanZeJAst9T8DeUUnPLesdGkCVtK,211maUSfpnXbPuW1iBu8b4dtJv5EbN1j7JJiEX5TZKEP,174521.54839999997,174714.3338389999,174372.11150044407,0.999143733820116,69.74884460017763,0.9996011591375041,28089.134525,23259.021673,51314.82777381916
vEnkoSUkpnbRrPgBz9DfcVxNz67zjwMYBZraAvDDNSf,DtfyjjsZ5yCjWKLKHvwsfXs5QVsmm1QkK6Sh9JZHoq1g,e5wrKCRv4GhHvEf1VD5Pq2KGaZDXP77nTL612Jyrxwy,2980.979988999998,2985.93702,2975.763475627224,0.9982500676314422,0.2975763475627224,0.9991736833638581,1179.61766,780.804447,1957.7126641701138
BUSDgu5JdqP1rndBvXvanbEufS94FNh1w5FJcAj6vawb,Bgzr8cWubt89JQFXndVjtdKmDbGzuPxNhvjH1EhWCwbo,Dxaf8xPBBQsasRKW5Aa4Sw2YrbfGofY9xZueyyF23FBW,12903.764363400009,12877.766436950005,12939.549723323838,1.0027732496437498,5.175819889329536,0.9997208179643754,5726.61157426,9210.1695233,14950.091107192247
KEN5P7p3asnb23Sw6yAmJRGvijfAzso3RqfyLAQhznt,9zj4aX38Uxf3h6AUjS4EipWS8mwbEofasHAf3a1uKGds,CwQDG1MWunn9cLNwcZLd8YBacweSR7ARo32w4mLua1Yr,318616.30113200145,318629.0817549983,317953.0510674747,0.9979183423378831,31.79530510674747,1.0,2114374.459393,2096948.103766,4206921.159365021
SoN9GaFpSXfpyR5dth3x7PHPVhvJMpQqqDJfCSmPv1t,9kZ9iS68ViMPtoeqtnhAKuF2iqVyfHPdZHoUNdwCELr,BBhm5fJLjw3HRzjtKB8uMEYjGhY6EDm9co3cqpjrSzB9,21.606729542000004,20.905876084999996,5007.83842838078,231.7721624018271,2.0031353713523123,221.45681824573865,2.876167912,6.756924905,2162.982746981678
C98Sspw7XqnMsgxea3SLQVdbMDL8pKUc3RE82UvX9eq2,CSqgQJurPCzGxb4Cgwx5R61hWQUiaoUHcShNc8r1cKEL,6S2CR5EnukPhC914XkAns8m5GixjMAoUuZMsS5ubHuWc,72.63300500000003,72.55420100000026,0.0,0.0,0.0,1.0,882.028467,986.271256,986.271256
Cob4usZcpHEY7Qt4ZCwj6WVg9S44zvzYV2v9qYF65dTf,NhFM9UXE48PyNAyeyPYA3iXztqKVJwA4bTdLj4ysM8w,6TuFuynuBoeskxyR2cz4wxyidk8dpDK7kAWw3UkjQGx,200.6128559999897,3646.1200640000325,2.094570085247713,0.010440856717815833,0.0008378280340990852,1.0,69071.705294,205.618566,926.7863442298553
