0,1,2,3,4,5,6,7,8,9,10,11
Lid8SLUxQ9RmF7XMqUA8c24RitTwzja8VSKngJxRcUa,4PgzyzLtds9bKZ2to9PMnKqJzKEUpjvNUaeN23phegax,AtymwxoVN9peZo7EXTcDz9jKVc4vRmisJKKrNfe3ewBa,428.43794575499396,370.3623533229992,88117.39095975773,205.67130393755656,8.811739095975772,176.37122898470668,1019.556853613,7673.569631513,1563090.4941307288
CZgvH45CRmoaNJ7395Ao5CQZXkGznvqU7cErD6n7FaRg,4ZjU6MKvtqVQKCiowhvZ5yUsPxXX5SCzd5eFsPeXyey5,BsyWeshjDbCvjDojry3vKDCesmFRM37WtwcR4Kfgzqr,40.893068119999725,39.93174663999997,41.76118544421093,1.021228960411181,0.01670447417768437,1.0,340.69231061,766.68685001,1114.6117041943335
BerKDkt6v49dT1bHRedgnpsJS263C1DSJtEGvY9Mg35V,78XKqNb8wbfsMMrvo8WPUpdx7GEkfQutpNVH943aCGFa,DKYQwn4nDvFHCszi5tXbqfVMAP7DaXXp1KGTXEnYnKVH,0.017372119000128805,0.017444000000068627,0.017444007026497513,1.0041381265214782,6.977602810599005e-06,0.9999822813139575,1340.334079689,2225.773353646,3571.6144675585474
BkMBnJpvHKtWhUvrgRrLesXfi9RUV3ELgdBaJcdH7hcY,5uerVwBnZQsuVhZ15igs7ZgmcqhHnYWbwoRtLyRqLvR,9YWiQh5d4jCtgMdzcGLv9bWgnLaFtzvDDh2nnhJdzhBX,36.80242302600027,36.795407983999894,36.81703835935186,1.0003971296493512,0.014726815343740745,0.9999822813139575,1436.543719183,1435.969283996,2873.058053793567
SoNcU2iwHMw6dGzsYNQkYFkUjwN1UdAjrWVRnStrZu2,8ivTTid27jZnYNc4w3CTA1Z6QS2twsFb8WMwUabeDJgc,CyXm53PMvHCbeXJBykU46Rcbo28xk5srhMZFg7gv6EYB,42.164192683999985,41.889079504,8734.310242259788,207.1499461099415,3.4937240969039154,208.24526294088128,20.853496481,17.909314231,8049.330523368468
parEAJhzYzHW87y9VoZAQ22dzQ2MD2ekEtTReaxbMcz,3oyc6hpjYSJEquK6dSvG72NXyz3pqLZz5D8AC71pwgQb,Di2vordgFJVZ1aj1aBpvzXtLfZgJsuLLXawGtVFwX6Rz,5.106276376999972,5.953893013999732,884.2444304793904,173.16814939008447,0.3536977721917562,202.05171392386853,1280.920903568,171.259744843,256418.02735763797
vEnkoSUkpnbRrPgBz9DfcVxNz67zjwMYBZraAvDDNSf,DtfyjjsZ5yCjWKLKHvwsfXs5QVsmm1QkK6Sh9JZHoq1g,e5wrKCRv4GhHvEf1VD5Pq2KGaZDXP77nTL612Jyrxwy,1896.0057359999992,1896.6502030000004,1893.319116174148,0.9985830107078055,0.1893319116174148,0.9989051999009086,1208.864008,749.31322,1955.643932457438
BUSDgu5JdqP1rndBvXvanbEufS94FNh1w5FJcAj6vawb,Bgzr8cWubt89JQFXndVjtdKmDbGzuPxNhvjH1EhWCwbo,Dxaf8xPBBQsasRKW5Aa4Sw2YrbfGofY9xZueyyF23FBW,8822.196485240005,8819.617635249997,8826.047201373492,1.0004364804320478,3.5304188805493975,1.0,7184.13394739,7704.65086005,14891.920541329246
YAkoNb6HKmSxQN9L8hiBE5tPJRsniSSMzND1boHmZxe,CfWX7o2TswwbxusJ4hCaPobu2jLCb1hfXuXJQjVq3jQF,EnTrdMMpdhugeH6Ban6gYZWXughWxKtVGfCwFn78ZmY3,6139112.774451018,6139936.992436986,6139112.774451018,1.0,613.9112774451019,0.9993414339949973,773151.409119,693233.335655,1465928.2048656028
Cob4usZcpHEY7Qt4ZCwj6WVg9S44zvzYV2v9qYF65dTf,NhFM9UXE48PyNAyeyPYA3iXztqKVJwA4bTdLj4ysM8w,6TuFuynuBoeskxyR2cz4wxyidk8dpDK7kAWw3UkjQGx,18.32698400000001,1571.9243919999572,0.21285400525339998,0.011614240796707186,8.514160210135998e-05,1.0,67698.727899,220.621153,1006.8904804497447
AURHmCnNwiW4uA2Qj1XvEh4iKgRUZYXtiY7FKAapUV5Y,BKWm4TRnTeKwfWXRyuzjRHU7iZDkPuXBX5b5V5jSVfGJ,A5Ww74HVrkj9nPeC7pHKLfgeDMEhBCpW1efQdz3TGLEg,6.375299994942907e-05,6.375299994942907e-05,0.012586196573009844,197.42124422370117,5.034478629203938e-06,175.51588506517783,289.555503518,1809.871282843,374825.5678385818
JSoLLrxK5bYdHwTEWYaGgmeycBCNXKDiBCTw5hXGBg7,xG4wXczA7Dk4hccJ61CHKpDHW4NrNfQwgmWgkb9BuF2,BVR6WgfhsRr9Lob4QDnkEAiNGgAbv7ZieKcY9kSg3QYR,9.872440271000045,8.433902049999976,2054.4821947267683,208.10277280296538,0.8217928778907073,176.02169150508757,17.117980898,168.283609302,33183.864851581326
DFWzVTzNBrQZLjoQ4yQwkj9HuoXmfkuZP9V5vbymZe23,DhgiEgiNdqZdRdo195UUHnoEJUtefK8buko8nU97XJUZ,2K2kkXsouBHtWVjtcgkyiXd8eP3oVBvq1bTJzcVdLLr2,884.3004013589971,1090.3206741929962,724.866548410816,0.8197062302548292,0.2899466193643264,0.9999822813139575,61993.237571968,7024.428128204,57840.5467359773
BSC8REUo9LpiiWUuqMuLXs2D2yJsJfGd4HdiF3wCLxk5,AZjEH1zWVx1UJ6udMyRijGTzPteuLnaY18yNNmprJEsh,Caf8ypkSVR8xYnXNhjvfvdGCC7mrM3C11rz8Xi6NA6aK,255.93970848400022,255.38414112300006,256.4064518148065,1.0018236456295544,0.1025625807259226,0.9999822813139575,2710.771415228,3598.514230042,6314.165370770239
RoBgmK8CvjdHvPrqdDyVw54VwjZv2TqJ493xnqJAQHx,ExiHJxM7qPAcy27NDHAF6G7vnW7muNHi2sVJpnaNynGQ,6rkPHSqZb7StM4HwS9EuVrmfkV7tRdc7dnsFhyB6cefE,70.75113899999997,1.4448369999999997,0.0,0.0,0.0,0.9748241904572511,6123.16038,21.704614,21.158182771737117
BSCuChvaSj9b5HUSqgDVRzcnr2sSn7cXaamt1jbKH6hn,GnKpRj5kBVPMJfiwZtEuD9GYApLzPdW5JFuZTcyX4BTc,3dmwD9okkomV9nDwyuh4UMhKdUR13QpuKxRo89ycZB5t,94.89705728800004,94.68928412599985,95.10511694534415,1.0021924774412412,0.03804204677813766,0.9915342803146734,1333.155713329,1804.311882755,3125.1157112868277
SEQV6QiTpvTzrceiaYg9Avnwf7oc8ZALpnQMz6TyT4A,3dFMPj4r9mMmPHF32mz1gNDX7f8ftidWof7S8YiYTs1j,Fc1ED3YPeQfXQosHbd8DTaBd2AV5gHQtwiSAL5C5pUhi,1242.7151605989998,1242.7231725419992,1238.8324206978755,0.9968755994742571,0.4955329682791503,0.9969831290514902,2834.326414761,2770.141621445,5587.2553054845985
WiiQFxXqp8P9Fs1rt9SVcDyA3KUdJmUsog6wnVQAwba,3S2jpqSYxho6wiz3cafhjXruVY8cg4HYa2v3BqBHYFSj,Dfe67M6TfrG74gKRtdqys4e6E9QirPD53BkF4FujFjuv,11323.831443572999,11328.315340379,11324.760198481637,1.0000820177263559,1.1324760198481638,0.9999822813139575,11282.600511135,15448.33987344,26731.592033532208
C98Sspw7XqnMsgxea3SLQVdbMDL8pKUc3RE82UvX9eq2,CSqgQJurPCzGxb4Cgwx5R61hWQUiaoUHcShNc8r1cKEL,6S2CR5EnukPhC914XkAns8m5GixjMAoUuZMsS5ubHuWc,28.34552500000018,28.38155800000004,0.0,0.0,0.0,1.0,963.622406,849.35024,849.35024
NorBXypYWTkV5PMs6Q9JsvNkmRwe7H9Zr1Kz2TcJH2Y,C82XDu1d1UjtuUwnkSTwVuWyH3AqpJ3ftb9W7en8rEUu,F7cZoYpWQSFuYJzW2UUFw6sVbTtaihyD5upeeHRUPABk,0.0015299589999999974,0.001575839999999995,0.0,0.0,0.0,2395.2669525018564,0.2413313748,0.6643775552,1591.3616019545377
MATgk4zXLXtYkwBH678J1xZbRDZ45LicNzkRBHkxTuY,y8dALFo1bJrSzPYjMX14HJX448pXqYmrfXHD1K8MXih,GN7Yuet3UyiWS5YVkEHv6oQKi4HGBJc3XDPt9zQhAqZz,21928.265388999997,21935.20700400001,21945.865973510754,1.0008026437202637,8.778346389404302,1.0,8243.42589,9295.214442,17545.25686602407
SQDY9uoDoCbNq7F3HAHYYQZbrUzpKxDtdWLvYcqBLak,GiehZ4X2uQjhEKuxSm3ACmEFrabxh3RTvjbLfLjw1xGX,rxDQYV77NKRKYxCjq4cECX3QQsiSyLv1T1FT2X3zNA2,20.320997673999983,20.32913781099998,20.36463580983409,1.0021474406195097,0.008145854323933638,0.9999822813139575,169.928535054,236.551681209,406.8409363166166
HEDSDjj84KS7LKhZY7ejkCACTdPen62rKhCby1wXtgxc,EnnjMSFttpCTywBrYNt1J5QQeoSVkvzPipJDa8Y7kJow,6bjVT6JN2rSvpyn9PdfLYC8wJn4LWh49jpY47fnLDXZk,1.9694139909988735,2.0346972229963285,1.9077348699312753,0.9686814852796314,0.0007630939479725101,0.9987207386059197,39145.485601714,9077.246359295,46985.14132312374
B2izdXFYb2sNwbWWHmh75T4aQFtfXsUxem9u2p61HGzf,4DYwgJtxwuJdAjkj5RJSNH4e7U329V5cNp7d3a1nLrZv,EXNW64GEf1ACC6xY9BtKRiunrs6GoJSXBdxWN2eTPmrF,4069.3495089999997,4011.446397000009,4121.774357047284,1.0128828570589326,0.4121774357047284,1.0,9051.034683,31000.885678,40168.523547056524
BSCNHw8CmxbZ8hCWWzMf5FaG2ajPT6JxfznKUNuRVrn4,7n9kgNL633yGzCYksgnzHyjG73ZLBAwvEae5sbAekbzW,SscdxE99omdG9AiMVwmaEMQySQnCgeAh1sPj2Leutm2,563.2254397200004,564.1010325990001,562.5246397734749,0.9987557381163856,0.22500985590938996,0.9999822813139575,6335.259254336,5333.137671671,11660.41970820199
ALLwa5WNZbvQsRKAqe1jdRGemdYQnW8E5k4msbRFcYtu,CGoM82Hbz7QVqTgvQatYtjvDWBvoUJp5qm21P8iMs9yb,3dxNNww8TivyN5FMy5dCNdi3Zcxv6e4kUfSPxfFwpdNq,2.721509434000004,2.7160161879999993,9178.474365114176,3372.5675356649017,3.67138974604567,3366.4139611919795,1.859918318,6.730778722,28931.287597709983
daob129AwBGn9Y5r91uLoWZeYiGzbPmksauMhFZKTze,6VW5GQNyj4LStgmxEHLr5zUfW92vQnmbw8jTnCH7a38F,4VPCCUifPeBA1c7HWK358CHn2nyjm8pdTRk6Ps3KmnMQ,13.199602885000047,11.884050684999963,2574.427150296467,195.03822749258853,1.0297708601185869,175.80312581473763,49.692950424,221.920559128,48706.35294683074
7oAd7xG4m3oC2qeWB1szghTebAZyyGPAFDJ4wwwbRSNi,D9yh4KAysxt9GLacVe4Wwh2XqghhcjTCSTV9HuM7TBJd,HDYfJLpZKaMFb84jM4mRytn7XLR8UFZUnQpSfhJJaNEy,110.28362783795455,2.7638658110000733,110.28167375697727,0.9999822813139575,0.044112669502790906,0.025042944074994883,1013.926085986,299162.389864878,8505.815119275967
7dwD9TF6uikvHXxPFK9AsSim54yJoujQjY9vU6gNFumk,CquVr6atkvwueDYficKjn6SSEWq4F4rH4VSiBbW4GBWU,8BCa6ge3b7ho3TfZuM64Vk1hgbrJ3J7EPiAb9uP86CGd,1.3200993550000004,1.3432531049999992,270.6983789873485,205.05909495527968,0.10827935159493941,206.70967192487842,2.286339026,1.892928207,860.121180078814
AyiATPCAx5HZstcZ1jdH9rENwFb3yd9zEhkgspvDrCs4,DvHVapj4g2Y1tJVSw2ubSPkPBsJPb8fW387ZWXwaKmZq,DKjqWWgrtDRPKrnMWtZ4UiJk4sGQVCQgFjSo7BvfngvK,0.0003983300000000023,0.0004022500000000484,0.9199094709129173,2309.4154869402555,0.0003679637883651669,2416.217652886172,0.8445344,0.31858958,2720.1625898353877
STK75uPSyBnEhGTTzb1nwmP3n427XoXmfRhXxxhyady,6TYyD5fUmDe6N65avW1Ny2RxzRNobw2RRgKwH9CTzSAU,54zDfk4cx2vGrEajPtodWpArNe5eUurytyxd4X3aZAxK,126.85340865700027,141.78439959900186,22254.76533160381,175.4368729008978,2.2254765331603807,196.09942554634281,573.671416673,105.453408978,121322.47233622844
FrnkTEL6yZ5Aycq2TrEgu29dCrwKG4LPUZydfiwqspkc,DjvZuMZ46fxKBoBpGMPcRcos4xdTtHFxwMh69DpA2ZFY,9rvDPJLAng4uVVqnnSoEXgNDFhBZQTny9AoQioYDZbQX,29.916449281001178,25.146264704999567,6228.79144209913,208.20624077386094,2.4915165768396523,175.5211838271973,314.026181936,2514.782159522,506779.7525522802
SERgf3DMJpQxUifu7VoFKmfne73d2fDJxSrxUMrcNJB,AJfM2GZ2tTB8UtN2krcyR9xufRJEx2mhSCbJyMgPo3GU,F4yRYkufQvERZcEKnKjJwRLU1btiMBUuEwq46hfm11QD,0.00884333000000126,0.008854797999997999,1.5518602588211285,175.48369888050175,0.0006207441035284514,175.49814270315576,29.279092344,27.963749989,10045.589610473791
GokA1R67GqSavkd15zR62QD68Tuc5AEfvjssntVDEbM8,3YB7hfpBdbQEuZqLGWVDpRPmeZWCUsrrWyqGXegnQ6Cg,4DPCj6Z1DsG6HUtwSogBGqXEUxdEV5a8YVrrFtcnz7UW,22242.554580999982,22246.51568999998,22241.531470552338,0.9999540021159027,2.2241531470552336,1.0,19276.006879,14518.712848,33793.83307146972
Lee1XZJfJ9Hm2K1qTyeCz1LXNc1YBZaKZszvNY4KCDw,9DgFSWkPDGijNKcLGbr3p5xoJbHsPgXUTr6QvGBJ5vGN,2hNHZg7XBhuhHVZ3JDEi4buq2fPQwuWBdQ9xkH7t1GQX,853.7023932330312,726.0436987130352,175921.5802921051,206.068978705656,17.59215802921051,175.48705554832156,7265.874030933,56354.635665063,11386780.320318645
iLiUBQ7Z7im6Ew3b4ewwPcehzWgEQRJ1iQz7g6D62NW,GpugBvKWM3TVhYcZjemSdtehBWgfvuGr6uAm9iPjXT6v,92fMXJ3xy8tEyMUWLHKRLyhPw2nECBo77GtDiBBbYrjX,0.017849148000095738,0.017455999999810956,0.017456583102414654,0.9780065189846048,6.982633240965862e-06,0.9999822813139575,1865.493847277,1097.963966699,2922.409655982765
MARpDPs5A7XiyCWPNH8GsMWPLxmwNn9SBmKvPa9LzgA,6YjT74rmcfCpw8LSjPNx5JTmZoYLGrTKnf9arfSgZ4SR,F8GSmi3vA8M8TsybLya1LQ4n1aFHCRbZ6k437PeTdXtg,46373.95248099996,47605.495127999835,45172.67552087337,0.9740958685671925,18.06907020834935,1.0,336893.385148,26062.617955,354229.0725752828
SoN9GaFpSXfpyR5dth3x7PHPVhvJMpQqqDJfCSmPv1t,9kZ9iS68ViMPtoeqtnhAKuF2iqVyfHPdZHoUNdwCELr,BBhm5fJLjw3HRzjtKB8uMEYjGhY6EDm9co3cqpjrSzB9,1.8593190369999988,1.8355180689999981,386.44298740877565,207.84113953477254,0.15457719496351027,204.250910805874,5.250765748,5.57288875,2229.592739501781
ALBpShJ9NLpE739pcHDF2LNVk5J4VYPvvKuV6jMPitZi,D6d156U1bPiJpDYRLextvDRccgFk7QzkQbJg42ceKEu5,GNcM8U5g8RwTZffwwm3kSQqUNPSwv5d2fbN9sLxPJqt2,930.732689000004,931.2652579999994,930.7187282190806,0.9999850002249965,0.3722874912876323,0.999927005328611,48998.17174,51229.578817,100223.27610917717
heyk4SZTeCUV6a65WiVA5bzic3KcxgVf1qxobfeV4tQ,9ZDpBKPqMABtGfq66FbVribaArMvtk63xxy91onZAtDt,DaTP4s6N7xxSPinbNZ3FB52EpRDRt87QShTuN3VPCW52,39.46152285200162,34.47516782100058,7772.932536267845,196.97497649596093,3.1091730145071383,175.64194055539036,643.999777478,4483.628357947,914365.0265511225
BUSDTd9WiT6uBHJRgNvFXBsA7JrifsAtWzKfioN7ERcy,DyBxrn7gSc1EwnpWhDyhzvMHPtxpmBqRqotapLcKcfTM,Cds99GeBgoCpqBsoRWu1C6fF9LiUMd4pXQQD24s9LPff,26346.794700940012,26400.54698021,26310.8556507724,0.9986359232470001,2.6310855650772402,0.9995641900131541,3031.8744985,2484.40566329,5511.061723469144
AUSejoEUCh2DBs9mof6BNC8Pubs22w4cJa1ccV9h44R,4xkyD7AfGQDwsQMy9MosRRNGoVJ1zosNinesxg1TzHG7,Cbm5gsQe3nSiCsFrvepVzMCD9xLK3ri9g3ypS2hdmVJ7,390.2534169999981,390.02345400000013,390.56547881757336,1.0007996389114904,0.03905654788175734,1.0,14164.74308,14697.538117,28873.60787673803
BkwbeSfcX1h4thMDd7obGkHrPevf3QwgzJ4pCEqG18Lu,35yX27bmurdebhfAb8EPmjLETDiUaEUCn9zHaDPbakH2,2CxECn1ZJFoESyUnQysQU8rRgT3iJ5GRs2Mdd6gZjx5g,0.059808510000000425,0.03765160000000012,138.12269924482212,2309.4154869402555,0.05524907969792885,1406.4697609001405,0.8159393,22.77198929,33912.45718775005
MATSnbbiTCv7Dc3trJrkrqjx7ckKdr6fwPoVwv9q3sD,631WX9JizSHJm4w6VanZeJAst9T8DeUUnPLesdGkCVtK,211maUSfpnXbPuW1iBu8b4dtJv5EbN1j7JJiEX5TZKEP,74335.10658899999,74365.94478199996,74246.67879455567,0.9988104167935988,29.698671517822273,0.9994582936048662,23499.59365,21499.879617,44959.87192275357
KwnjUuZhTMTSGAaavkLEmSyfobY16JNH4poL9oeeEvE,J63v6qEZmQpDqCD8bd4PXu2Pq5ZbyXrFcSa3Xt1HdAPQ,BnKQtTdLw9qPCDgZkWX3sURkBAoKCUYL1yahh6Mw7mRK,401.67322600000045,13826.500468000362,11.595010747389114,0.028866775271173043,0.0011595010747389115,1.0,272775.225189,690.341849,8564.482974074484
KZMu9QBEdL97EFgamLbN5DE1AoKBG4HdrKKJo4Vuon3,DD4ACBWyVqdaKWh7v5btsgqQCCMwbKnuL2xd9pv7Gyuw,GcYqiJ1MAuYbNTNYXm1F1gQYTfTgkErACAhNU5dpVj9T,197.59649413999978,200.79006282000068,194.71790727118417,0.9854319942196136,0.07788716290847367,1.0,2030.11308889,1057.86822743,3058.4066171062123
KEN5P7p3asnb23Sw6yAmJRGvijfAzso3RqfyLAQhznt,9zj4aX38Uxf3h6AUjS4EipWS8mwbEofasHAf3a1uKGds,CwQDG1MWunn9cLNwcZLd8YBacweSR7ARo32w4mLua1Yr,127640.74631399917,127662.93865900044,127454.02616566647,0.9985371430853799,12.745402616566647,1.0,2044172.89593,1975213.117254,4016395.68072851
ercAoEmXjQzEvAFbdjAo81KtMxRGn9AW1ju882upmPH,CMRhskR2Eg6V42RTSdRTXGdozyPbWB8U9dVpijPWb9T4,7TKLLgrWswt6ZJ1pXhVR3FyufHGjJFqiEXxvWJfDcgRm,0.007692653999924914,0.007833679000043503,1.3485219058199085,175.29995575429118,0.0005394087623279635,171.527822327365,317.685703357,983.216776455,224339.32228331076
wrmcMSHFi3sWpAEy4rGDvQb3ezh3PhXoV2xNjgLBkKU,8p4mGnARWPBu6P2Gcw4adodLkNDorrXniZMhaY7eJXUn,AyY89zccbsgp9LKFgH4CFZMJmpSgqmPSdTfukhP227rc,0.009528430000000032,0.10203840000000497,3.041311841685296,319.1828917969997,0.0012165247366741185,3388.4521550555705,49.19292807,0.16638959,16265.344202158713
RajgMbScQbqqrdJfR2rxfHJiTiY5b6bJ2tTXiF4aPxy,725ZA3fhyBAKb5iopNRrcbSuQa3LXA1656Q3mBvYPxeg,GLA6i1dSZpUfk2f9Nj8uiG7xyDdAR2reff8oEiZH3617,41907.01092114,41918.39769102995,41915.55373014574,1.0002038515469838,16.766221492058296,1.0,97270.93528945,84496.74968044,181787.5138005253
SAMyS8Jr2HJrkFwYVKbpUwsNStnQmvz3f8Tup8bWUWF,6jPzm5TFfquvgm25sTyN3MMGBfufRaFHMxobDWv6hMFW,Cj9ECoDmxsHTDzCY5ZA6RWrPbg9uFzEC1Qc2kso2vJG6,2330.14255396996,128.8201034000008,2296.197023774601,0.9854319942196136,0.9184788095098405,0.028942364667022293,623.82415203,113360.37588883,3895.653615942522
Sid7E679i9ABqptiAVhkmQ27YHN8vaYT4fppPwmxFsJ,GP7KB8o1bv527HG8kTzzzf4wJ5aEGHvcMQvVhLziUfmT,9gYxhAZ1M9wu5pxr8SBoa5NDm21gi3s9vMHaYTME77sa,914.326088999991,1966.0998040000013,10.62417024931195,0.011619673087237102,0.004249668099724781,0.028902133387854318,131082.134619,10410.626318,1824.0208623439278
KEVpg4SYCVrqFxKijQH6hm4QxsRdoE51ud64bEEFUC9,2bPenuBYfqzD8p5dFjCcggwkHDsc2RQDnx9AoyYGUBjA,AE6n6iLuX8oYu61vt5hoDYkjswpnxFxrhSehxrnQTnbx,22.67016775899947,22.670342459000494,22.67005207372374,0.9999948970260406,0.009068020829489496,0.9999822803139928,4517.58151489,3095.823951891,7613.32755665181
KysFMBBoavfov2tLpvefWW6tPFt6rAeZWDJVy1mMQae,B8ka2V21TH3x64dFV8ETcjuQcwmrciJ2qzy1mJUttRew,7fSf7EYxBANyxzk2s5pymFgshA91tFYQNKKs5UnLWcYS,52.012157000000116,70.75113899999997,0.0,0.0,0.0,0.028921177326757155,134656.641766,2497.351565,72.2263474586195
