0,1,2,3,4,5,6,7,8,9,10,11
DA1mL7dfBow33EH5yjUuZE6SH2KeUK5zEXzsyhE5r5j5,B4UtLRZND3D83CitRCBUyeiNr7H8m7YFRqBmiPmXjhW4,AAmpYbuixWiSqDaJBCqYEs1pb5SrbdPr9mgXrB58Q2e,662.5785501269997,662.216691138,662.4931262758184,0.9998710736241537,0.2649972505103274,1.0,1636.322930958,1471.031396387,3107.143362159797
BSCuChvaSj9b5HUSqgDVRzcnr2sSn7cXaamt1jbKH6hn,GnKpRj5kBVPMJfiwZtEuD9GYApLzPdW5JFuZTcyX4BTc,3dmwD9okkomV9nDwyuh4UMhKdUR13QpuKxRo89ycZB5t,2659.92568663,2665.4039910419997,2656.5275920171994,0.9987224851318661,1.0626110368068797,0.9908632499720081,1767.799565281,1375.281506667,3128.2570783749366
MARpDPs5A7XiyCWPNH8GsMWPLxmwNn9SBmKvPa9LzgA,6YjT74rmcfCpw8LSjPNx5JTmZoYLGrTKnf9arfSgZ4SR,F8GSmi3vA8M8TsybLya1LQ4n1aFHCRbZ6k437PeTdXtg,74961.86306300006,79075.19484599918,70747.37140125585,0.9437781894747969,28.298948560502335,1.0,345594.872102,17695.321215,343860.22389919957
DFWzVTzNBrQZLjoQ4yQwkj9HuoXmfkuZP9V5vbymZe23,DhgiEgiNdqZdRdo195UUHnoEJUtefK8buko8nU97XJUZ,2K2kkXsouBHtWVjtcgkyiXd8eP3oVBvq1bTJzcVdLLr2,1069.9354954280016,1263.5179985589884,911.4259481081825,0.8518513050579641,0.364570379243273,1.0,60949.618574212,7901.072491529,59821.08461675662
Cob4usZcpHEY7Qt4ZCwj6WVg9S44zvzYV2v9qYF65dTf,NhFM9UXE48PyNAyeyPYA3iXztqKVJwA4bTdLj4ysM8w,6TuFuynuBoeskxyR2cz4wxyidk8dpDK7kAWw3UkjQGx,23.384206000000063,2016.8378139999695,0.2800045477587418,0.011974088312373789,0.00011200181910349671,1.0,67324.722197,225.119522,1031.2716911929099
ALBpShJ9NLpE739pcHDF2LNVk5J4VYPvvKuV6jMPitZi,D6d156U1bPiJpDYRLextvDRccgFk7QzkQbJg42ceKEu5,GNcM8U5g8RwTZffwwm3kSQqUNPSwv5d2fbN9sLxPJqt2,44270.07857600002,44323.72526500001,44070.35174190571,0.9954884463610916,17.628140696762284,0.9998790146392286,53936.048703,46327.47179,100014.5801703175
C98Sspw7XqnMsgxea3SLQVdbMDL8pKUc3RE82UvX9eq2,CSqgQJurPCzGxb4Cgwx5R61hWQUiaoUHcShNc8r1cKEL,6S2CR5EnukPhC914XkAns8m5GixjMAoUuZMsS5ubHuWc,87.6718480000003,87.5821209999998,0.0,0.0,0.0,1.0,885.272546,982.996158,982.996158
BUSDgu5JdqP1rndBvXvanbEufS94FNh1w5FJcAj6vawb,Bgzr8cWubt89JQFXndVjtdKmDbGzuPxNhvjH1EhWCwbo,Dxaf8xPBBQsasRKW5Aa4Sw2YrbfGofY9xZueyyF23FBW,23711.894360690007,23745.757289699988,23673.713159369447,0.9983897869676808,9.469485263747778,1.0,8214.45679291,6715.90393285,14917.133700378632
BUSDTd9WiT6uBHJRgNvFXBsA7JrifsAtWzKfioN7ERcy,DyBxrn7gSc1EwnpWhDyhzvMHPtxpmBqRqotapLcKcfTM,Cds99GeBgoCpqBsoRWu1C6fF9LiUMd4pXQQD24s9LPff,28003.74799788999,28057.12475495999,27973.112404646665,0.9989060181070893,2.7973112404646665,0.9921195940643469,3063.32347152,2466.65049366,5507.184537578609
HDSBGqAuMRr6X2AfmmbXQPpRgU6VEhtfNVVZ3wUTZXg,DCZ1d8kNLgDcdSd99y4udLgwq46mfDXNS9KXj96kQf5L,Fq8GGYQM5Pz3q7LmVMbrXHJgsxA5ev86kTq8yGgGuYsa,184.0399641510012,185.03246107199993,182.5649623043665,0.9919854263532432,0.0730259849217466,1.0,10978.315779022,10356.941303198,21247.270561891673
MATSnbbiTCv7Dc3trJrkrqjx7ckKdr6fwPoVwv9q3sD,631WX9JizSHJm4w6VanZeJAst9T8DeUUnPLesdGkCVtK,211maUSfpnXbPuW1iBu8b4dtJv5EbN1j7JJiEX5TZKEP,77643.11126700001,77707.86722399999,77477.92832381364,0.9978725357537729,30.991171329525457,0.9993604093380237,27176.66165,24103.627988,51207.05580662694
B2izdXFYb2sNwbWWHmh75T4aQFtfXsUxem9u2p61HGzf,4DYwgJtxwuJdAjkj5RJSNH4e7U329V5cNp7d3a1nLrZv,EXNW64GEf1ACC6xY9BtKRiunrs6GoJSXBdxWN2eTPmrF,5153.622795000054,5060.506532000005,5221.158479938053,1.0131045067953985,0.5221158479938054,1.0,7865.523528,32210.145793,40178.743127522044
parEAJhzYzHW87y9VoZAQ22dzQ2MD2ekEtTReaxbMcz,3oyc6hpjYSJEquK6dSvG72NXyz3pqLZz5D8AC71pwgQb,Di2vordgFJVZ1aj1aBpvzXtLfZgJsuLLXawGtVFwX6Rz,3.344366557000029,3.926562071000035,627.089580166046,187.50623458229984,0.2508358320664184,219.9205339142754,1113.90287056,145.549261189,240873.00418063375
RajgMbScQbqqrdJfR2rxfHJiTiY5b6bJ2tTXiF4aPxy,725ZA3fhyBAKb5iopNRrcbSuQa3LXA1656Q3mBvYPxeg,GLA6i1dSZpUfk2f9Nj8uiG7xyDdAR2reff8oEiZH3617,15754.667818880014,15757.562074390022,15758.206481727553,1.0002246104385202,6.303282592691021,1.0,93787.4376889,88000.63585909,181809.13918549698
AyiATPCAx5HZstcZ1jdH9rENwFb3yd9zEhkgspvDrCs4,DvHVapj4g2Y1tJVSw2ubSPkPBsJPb8fW387ZWXwaKmZq,DKjqWWgrtDRPKrnMWtZ4UiJk4sGQVCQgFjSo7BvfngvK,0.024588620000000005,0.02472668999999994,63.04127781765973,2563.8396061942362,0.025216511127063895,2658.93802015475,0.84455258,0.31858958,3012.4073012046592
7dwD9TF6uikvHXxPFK9AsSim54yJoujQjY9vU6gNFumk,CquVr6atkvwueDYficKjn6SSEWq4F4rH4VSiBbW4GBWU,8BCa6ge3b7ho3TfZuM64Vk1hgbrJ3J7EPiAb9uP86CGd,0.110583718,0.11101947500000087,24.9516221506456,225.63558724482027,0.009980648860258241,226.26640742570146,0.003938223,0.0035697,1.6963064538935844
YAkoNb6HKmSxQN9L8hiBE5tPJRsniSSMzND1boHmZxe,CfWX7o2TswwbxusJ4hCaPobu2jLCb1hfXuXJQjVq3jQF,EnTrdMMpdhugeH6Ban6gYZWXughWxKtVGfCwFn78ZmY3,8448375.964995993,8450392.908560004,8448375.964995993,1.0,844.8375964995994,0.9982480746290261,1108925.503998,274140.464666,1382585.695028741
ercAoEmXjQzEvAFbdjAo81KtMxRGn9AW1ju882upmPH,CMRhskR2Eg6V42RTSdRTXGdozyPbWB8U9dVpijPWb9T4,7TKLLgrWswt6ZJ1pXhVR3FyufHGjJFqiEXxvWJfDcgRm,1.6757059840001602,1.6380959209999446,322.06039192173876,192.19385440931143,0.1288241567686955,187.39758721858504,318.178050589,984.037861084,245558.18683001958
SoNcU2iwHMw6dGzsYNQkYFkUjwN1UdAjrWVRnStrZu2,8ivTTid27jZnYNc4w3CTA1Z6QS2twsFb8WMwUabeDJgc,CyXm53PMvHCbeXJBykU46Rcbo28xk5srhMZFg7gv6EYB,314.90439638100014,300.58194304899956,71336.34888061944,226.53335329847286,28.534539552247775,221.82239967028318,15.163180999,22.915128563,8518.055044972865
Lee1XZJfJ9Hm2K1qTyeCz1LXNc1YBZaKZszvNY4KCDw,9DgFSWkPDGijNKcLGbr3p5xoJbHsPgXUTr6QvGBJ5vGN,2hNHZg7XBhuhHVZ3JDEi4buq2fPQwuWBdQ9xkH7t1GQX,1153.218310068958,978.7386938420177,260875.65465447263,226.21532486669696,26.087565465447263,192.09420914718046,7217.279501772,56412.284783117,12469132.458745489
daob129AwBGn9Y5r91uLoWZeYiGzbPmksauMhFZKTze,6VW5GQNyj4LStgmxEHLr5zUfW92vQnmbw8jTnCH7a38F,4VPCCUifPeBA1c7HWK358CHn2nyjm8pdTRk6Ps3KmnMQ,143.35909151499996,127.97781390499992,30423.164261510985,212.21649732851262,12.169265704604395,192.34024219483297,48.917138726,222.926688451,53258.797088122075
JSoLLrxK5bYdHwTEWYaGgmeycBCNXKDiBCTw5hXGBg7,xG4wXczA7Dk4hccJ61CHKpDHW4NrNfQwgmWgkb9BuF2,BVR6WgfhsRr9Lob4QDnkEAiNGgAbv7ZieKcY9kSg3QYR,787.1507845620007,729.199942211,174838.24109595263,222.1153107193293,69.93529643838104,192.31057696634682,18.377144769,167.179123446,36232.15890712891
STK75uPSyBnEhGTTzb1nwmP3n427XoXmfRhXxxhyady,6TYyD5fUmDe6N65avW1Ny2RxzRNobw2RRgKwH9CTzSAU,54zDfk4cx2vGrEajPtodWpArNe5eUurytyxd4X3aZAxK,293.92069935300015,329.25498001900144,56550.23590177232,192.39963713428438,5.655023590177232,215.3298950891218,583.431708899,106.085325768,135095.39115292177
heyk4SZTeCUV6a65WiVA5bzic3KcxgVf1qxobfeV4tQ,9ZDpBKPqMABtGfq66FbVribaArMvtk63xxy91onZAtDt,DaTP4s6N7xxSPinbNZ3FB52EpRDRt87QShTuN3VPCW52,41.56567227000005,36.193769867000356,9149.380513422408,220.11867037757398,3.6597522053689637,192.1732449490145,643.585149023,4484.249032298,1003417.7949738804
BSCrK1Nx9PXU9mF7STWWBqeHLxmtJDr9h7jheEy4tAWX,FfSySSbVJPvEo5a5AvrP3nySoXpRE2QPn1uUMpJJ1x7v,HL7Vcj6838ZmvBHDbQxXfjBNckNi83WvPiZQoMQLFeRM,0.013764987000000173,0.013761611999999923,48.31481351482324,3509.9788699272026,0.019325925405929298,3507.049168829347,0.874714416,0.92868505,6327.173250087453
MNkYtBe2HtgL15osfaMmyqNW3vo4J399FXXCS4a39Wf,2mUxDu8NrhSKhQJMgKfYLxJqZzeEbmwhQdHeHMyohyuk,AZCBmDBcFsA2jHHhfFJBTsWCHx9XnnKmGfFsue3ZVW1t,0.09078251999994791,0.018134480000071562,0.09074479466646121,0.9995844427596114,3.629791786658449e-05,1.0,2195.09800886,1941.23195391,4135.417773899056
NorjjEePhxfwLF4vZjUHCrVVKLzQjEEGQFd3wgjEJmh,34M8pFVqgbV7aqHxvRT5tCv3vu2P1JJYT8J3VaxBK2oG,3AZWBSze3ucsY3xSeuLne3b2pauVqiaJ1SZSV5T9WGWw,0.0526809999996658,0.0014949999999771535,0.031355181154671195,0.5951895589466811,1.2542072461868479e-05,1.0,38106.662703,2271.705673,24952.393440128515
7oAd7xG4m3oC2qeWB1szghTebAZyyGPAFDJ4wwwbRSNi,D9yh4KAysxt9GLacVe4Wwh2XqghhcjTCSTV9HuM7TBJd,HDYfJLpZKaMFb84jM4mRytn7XLR8UFZUnQpSfhJJaNEy,326.77365017605246,907.3745982050001,326.77365017605246,1.0,0.130709460070421,0.024111979836143136,991.914012172,300059.904035883,8226.952367920256
SUiuyGR7SFq3xeRVJonq84fjjeFwRSsFekcevJ53tzy,49GjCCPsv7fBqo6t3iKDrP1xxGDS8uWZbVCdfnp2gjMf,CEwj5xEbbJEjYqM8D6Ai8ByGz1mrh8mkAVsE5fzDSSSx,5.919505000000072,0.07179499999999983,0.07089922612054006,0.011977222102276997,2.8359690448216027e-05,0.9460728987011364,604.795992,2.085296,9.216617954120826
WiiQFxXqp8P9Fs1rt9SVcDyA3KUdJmUsog6wnVQAwba,3S2jpqSYxho6wiz3cafhjXruVY8cg4HYa2v3BqBHYFSj,Dfe67M6TfrG74gKRtdqys4e6E9QirPD53BkF4FujFjuv,51771.889326448014,51481.848869592985,51789.75560096597,1.0003450960502,5.178975560096597,1.0,11778.588349965,14965.012633081,26747.665727362506
BSC8REUo9LpiiWUuqMuLXs2D2yJsJfGd4HdiF3wCLxk5,AZjEH1zWVx1UJ6udMyRijGTzPteuLnaY18yNNmprJEsh,Caf8ypkSVR8xYnXNhjvfvdGCC7mrM3C11rz8Xi6NA6aK,10039.512174056,10066.325892766003,10029.053776487342,0.9989582763198709,4.011621510594938,1.0,3333.396771248,2997.675662071,6327.599954967125
BSCNHw8CmxbZ8hCWWzMf5FaG2ajPT6JxfznKUNuRVrn4,7n9kgNL633yGzCYksgnzHyjG73ZLBAwvEae5sbAekbzW,SscdxE99omdG9AiMVwmaEMQySQnCgeAh1sPj2Leutm2,3721.1194017399976,3728.3418279359976,3717.563255081452,0.999044334170819,1.487025302032581,1.0,6390.397308884,5292.492644122,11676.78286866301
GokA1R67GqSavkd15zR62QD68Tuc5AEfvjssntVDEbM8,3YB7hfpBdbQEuZqLGWVDpRPmeZWCUsrrWyqGXegnQ6Cg,4DPCj6Z1DsG6HUtwSogBGqXEUxdEV5a8YVrrFtcnz7UW,46251.64805500001,46269.248368999964,46237.59182708458,0.999696092387914,4.623759182708458,1.0,21576.951625,11009.844503,32580.238728155553
Sid7E679i9ABqptiAVhkmQ27YHN8vaYT4fppPwmxFsJ,GP7KB8o1bv527HG8kTzzzf4wJ5aEGHvcMQvVhLziUfmT,9gYxhAZ1M9wu5pxr8SBoa5NDm21gi3s9vMHaYTME77sa,1553.5093169999964,3641.803229000023,18.61539171749806,0.011982800176214265,0.007446156686999224,0.02935927119249814,130743.99592,10552.428794,1876.4907960517053
ALLwa5WNZbvQsRKAqe1jdRGemdYQnW8E5k4msbRFcYtu,CGoM82Hbz7QVqTgvQatYtjvDWBvoUJp5qm21P8iMs9yb,3dxNNww8TivyN5FMy5dCNdi3Zcxv6e4kUfSPxfFwpdNq,8.330292751999995,8.215565280999993,29158.503104763884,3500.2975252896495,11.663401241905554,3500.9470061651677,2.496261548,6.116652798,30151.735419850003
BkwbeSfcX1h4thMDd7obGkHrPevf3QwgzJ4pCEqG18Lu,35yX27bmurdebhfAb8EPmjLETDiUaEUCn9zHaDPbakH2,2CxECn1ZJFoESyUnQysQU8rRgT3iJ5GRs2Mdd6gZjx5g,0.025965479999999985,0.015444860000000005,68.2386271057265,2628.0518251819926,0.027295450842290597,1569.8587127158555,0.79692543,22.80358604,37892.7695569051
FrnkTEL6yZ5Aycq2TrEgu29dCrwKG4LPUZydfiwqspkc,DjvZuMZ46fxKBoBpGMPcRcos4xdTtHFxwMh69DpA2ZFY,9rvDPJLAng4uVVqnnSoEXgNDFhBZQTny9AoQioYDZbQX,45.759352966000534,38.554644960999696,10427.75667570461,227.88252018013657,4.171102670281844,191.9290384604681,179.933252836,1454.977116567,320256.0020851661
KEN5P7p3asnb23Sw6yAmJRGvijfAzso3RqfyLAQhznt,9zj4aX38Uxf3h6AUjS4EipWS8mwbEofasHAf3a1uKGds,CwQDG1MWunn9cLNwcZLd8YBacweSR7ARo32w4mLua1Yr,226307.86609200132,226331.75789600099,226035.49332254767,0.9987964502774158,22.60354933225477,1.0,2125675.758787,2099879.117902,4222996.520219209
BkMBnJpvHKtWhUvrgRrLesXfi9RUV3ELgdBaJcdH7hcY,5uerVwBnZQsuVhZ15igs7ZgmcqhHnYWbwoRtLyRqLvR,9YWiQh5d4jCtgMdzcGLv9bWgnLaFtzvDDh2nnhJdzhBX,1.035985289999644,1.0003971670000738,1.0360611908064212,1.0000732643672743,0.0004144244763225685,1.0,1472.204326323,1400.40822633,2872.7204127714667
KZMu9QBEdL97EFgamLbN5DE1AoKBG4HdrKKJo4Vuon3,DD4ACBWyVqdaKWh7v5btsgqQCCMwbKnuL2xd9pv7Gyuw,GcYqiJ1MAuYbNTNYXm1F1gQYTfTgkErACAhNU5dpVj9T,96.95680727000058,97.76654966999922,96.1006408942354,0.991169610470145,0.038440256357694165,1.0,1876.60786151,1210.03606354,3070.0727466380786
ACUSESXyNnwRLAg1dpSGMLSzUDdLjUMybY8rkXiAKhCP,AhFPQdu8GKBsxuhiH46UmCu1YpaLgNpoP325HnYtsgas,A8wxWpT3aFEr2XqZp1kDmbxbFfcBE95UUmdsNTDBJYbT,0.0,0.003012212000157888,0.0,1.0,0.0,0.9876959690782261,1040.127502244,1845.791608762,2863.2084339766416
KysFMBBoavfov2tLpvefWW6tPFt6rAeZWDJVy1mMQae,B8ka2V21TH3x64dFV8ETcjuQcwmrciJ2qzy1mJUttRew,7fSf7EYxBANyxzk2s5pymFgshA91tFYQNKKs5UnLWcYS,9.560966999999891,13.069636000000173,0.0,0.0,0.0,0.029330611217967414,134659.722814,2495.139548,73.18396801696295
SAMyS8Jr2HJrkFwYVKbpUwsNStnQmvz3f8Tup8bWUWF,6jPzm5TFfquvgm25sTyN3MMGBfufRaFHMxobDWv6hMFW,Cj9ECoDmxsHTDzCY5ZA6RWrPbg9uFzEC1Qc2kso2vJG6,2457.5409713700005,101.01564245000259,2435.839927307225,0.991169610470145,0.97433597092289,0.029414451802567614,629.2777769,113181.4430629,3952.8911109262144
HEDSDjj84KS7LKhZY7ejkCACTdPen62rKhCby1wXtgxc,EnnjMSFttpCTywBrYNt1J5QQeoSVkvzPipJDa8Y7kJow,6bjVT6JN2rSvpyn9PdfLYC8wJn4LWh49jpY47fnLDXZk,6.230668108995815,6.425470439999117,6.003528203521902,0.9635448556237541,0.0024014112814087604,1.0,39131.461223453,9090.839627848,46795.75778274655
RoBgmK8CvjdHvPrqdDyVw54VwjZv2TqJ493xnqJAQHx,ExiHJxM7qPAcy27NDHAF6G7vnW7muNHi2sVJpnaNynGQ,6rkPHSqZb7StM4HwS9EuVrmfkV7tRdc7dnsFhyB6cefE,13.069636000000173,0.28126999999999924,0.0,0.0,0.0,0.943930526713234,6120.079332,21.771779,20.551046818954124
SEQV6QiTpvTzrceiaYg9Avnwf7oc8ZALpnQMz6TyT4A,3dFMPj4r9mMmPHF32mz1gNDX7f8ftidWof7S8YiYTs1j,Fc1ED3YPeQfXQosHbd8DTaBd2AV5gHQtwiSAL5C5pUhi,5051.010476364,5084.205888947,5009.3555311000255,0.9917531461360262,2.0037422124400104,0.9971700314507429,4517.968748555,1093.0293815,5570.645863250608
wrmcMSHFi3sWpAEy4rGDvQb3ezh3PhXoV2xNjgLBkKU,8p4mGnARWPBu6P2Gcw4adodLkNDorrXniZMhaY7eJXUn,AyY89zccbsgp9LKFgH4CFZMJmpSgqmPSdTfukhP227rc,0.01117402000000002,0.11544632999999394,3.9892966797572367,357.0153516601214,0.0015957186719028947,3486.9935141920637,27.05853752,0.09812157,10002.462566303731
vEnkoSUkpnbRrPgBz9DfcVxNz67zjwMYBZraAvDDNSf,DtfyjjsZ5yCjWKLKHvwsfXs5QVsmm1QkK6Sh9JZHoq1g,e5wrKCRv4GhHvEf1VD5Pq2KGaZDXP77nTL612Jyrxwy,4894.020423,4898.4053989999975,4883.501361068259,0.9978506297435324,0.4883501361068259,0.9985720419799686,1295.177193,665.118743,1956.5623590211706
Lid8SLUxQ9RmF7XMqUA8c24RitTwzja8VSKngJxRcUa,4PgzyzLtds9bKZ2to9PMnKqJzKEUpjvNUaeN23phegax,AtymwxoVN9peZo7EXTcDz9jKVc4vRmisJKKrNfe3ewBa,104.9565255900053,89.46833353100112,23634.02917242025,225.1792257752752,2.3634029172420257,192.05156200336666,997.027059965,7664.507563848,1696490.4310635445
SoN9GaFpSXfpyR5dth3x7PHPVhvJMpQqqDJfCSmPv1t,9kZ9iS68ViMPtoeqtnhAKuF2iqVyfHPdZHoUNdwCELr,BBhm5fJLjw3HRzjtKB8uMEYjGhY6EDm9co3cqpjrSzB9,46.916349852999986,44.17785074099996,10655.89740402416,227.12545706159165,4.262358961609664,221.51426263882854,3.395504642,6.212840114,2147.4382405146516
moFiBS1R4Lf3E3zzmBPnw3NF4RhWPkhREFviuzUaCAU,44ALBrpqi9PfZkBRTvbtRNtFJGsatfY4QydjtMbFWq8S,2ho8qEEie1UjVwWNBo9y4oAJZMyMLx8zPj9bxyUz6uWs,1043.7603445950008,1049.4345918239997,1037.8826377395508,0.9943687199021431,0.41515305509582034,1.0,46642.675782933,20484.340391077,66864.35820216278
SRMuKizofcAMicegrfSv7xs9q76tH1w8aAF7oX9FEWu,72Hj2KWntXPfbie4UgKeTPnm1XVkomDfCnRPKbvfTtPi,6aqJQ5wedqpUt4fFEDUqUmXhrdxCu4bEJsQdVPCADLko,0.026695999999901687,0.026695999999901687,0.0018487831660385185,0.06925319021746056,7.395132664154074e-07,0.06920023010460515,17693.037092,5263.745765,1589.5516814070018
KwnjUuZhTMTSGAaavkLEmSyfobY16JNH4poL9oeeEvE,J63v6qEZmQpDqCD8bd4PXu2Pq5ZbyXrFcSa3Xt1HdAPQ,BnKQtTdLw9qPCDgZkWX3sURkBAoKCUYL1yahh6Mw7mRK,452.1521649999585,14703.447523000092,13.253928907102889,0.029312983400409255,0.001325392890710289,1.0,272525.852366,697.897644,8686.443430586942
AUSejoEUCh2DBs9mof6BNC8Pubs22w4cJa1ccV9h44R,4xkyD7AfGQDwsQMy9MosRRNGoVJ1zosNinesxg1TzHG7,Cbm5gsQe3nSiCsFrvepVzMCD9xLK3ri9g3ypS2hdmVJ7,27019.185847999986,27045.389941999973,27000.01583675589,0.999290503742343,2.700001583675589,1.0,14618.573222,14249.688804,28857.890203006704
MATgk4zXLXtYkwBH678J1xZbRDZ45LicNzkRBHkxTuY,y8dALFo1bJrSzPYjMX14HJX448pXqYmrfXHD1K8MXih,GN7Yuet3UyiWS5YVkEHv6oQKi4HGBJc3XDPt9zQhAqZz,17452.381042000023,17438.334319,17477.77625089257,1.0014551142810504,6.991110500357028,1.0,7373.591288,10005.547514,17389.868219985798
KEVpg4SYCVrqFxKijQH6hm4QxsRdoE51ud64bEEFUC9,2bPenuBYfqzD8p5dFjCcggwkHDsc2RQDnx9AoyYGUBjA,AE6n6iLuX8oYu61vt5hoDYkjswpnxFxrhSehxrnQTnbx,11106.084167461,11119.908828977,11063.916660194996,0.9962032065820691,4.425566664078,1.0,6195.636704666,1427.655491759,7599.768643764833
SAMGk1Nd4haC8zQA63DG37pzuEZy8j4q13tSFtCbcRE,9U9TnkHD3jXMAVZtynCVLgDruuqN4pTvLJTmVHCLWS8g,C6zoEbvqSknmi96QWq96UBiPCyNW3YSTvKhavR2BfifE,0.013877059999998664,0.007106679999999921,0.027451386113932878,1.9781845804468323,1.0980554445573151e-05,0.0,53.69674578,1.10645011,106.22207452216952
