0,1,2,3,4,5,6,7,8,9,10,11
SQDY9uoDoCbNq7F3HAHYYQZbrUzpKxDtdWLvYcqBLak,GiehZ4X2uQjhEKuxSm3ACmEFrabxh3RTvjbLfLjw1xGX,rxDQYV77NKRKYxCjq4cECX3QQsiSyLv1T1FT2X3zNA2,0.019150297999999566,0.019191000000006397,0.019171630253811352,1.0011139384782308,7.668652101524541e-06,0.9989613948222242,169.909384756,236.620863382,406.47376108561394
vEnkoSUkpnbRrPgBz9DfcVxNz67zjwMYBZraAvDDNSf,DtfyjjsZ5yCjWKLKHvwsfXs5QVsmm1QkK6Sh9JZHoq1g,e5wrKCRv4GhHvEf1VD5Pq2KGaZDXP77nTL612Jyrxwy,3679.853487000001,3680.2603859999986,3650.47808981129,0.9920172372915153,0.36504780898112904,0.9966423120507012,1128.152388,830.861264,1947.2181063339137
iLiUBQ7Z7im6Ew3b4ewwPcehzWgEQRJ1iQz7g6D62NW,GpugBvKWM3TVhYcZjemSdtehBWgfvuGr6uAm9iPjXT6v,92fMXJ3xy8tEyMUWLHKRLyhPw2nECBo77GtDiBBbYrjX,0.019260928999756288,0.019268549999878815,0.01881786075583483,0.9769965278452009,7.527144302333933e-06,0.9989613948222242,1865.493847277,1097.982592727,2919.4232338273005
ercAoEmXjQzEvAFbdjAo81KtMxRGn9AW1ju882upmPH,CMRhskR2Eg6V42RTSdRTXGdozyPbWB8U9dVpijPWb9T4,7TKLLgrWswt6ZJ1pXhVR3FyufHGjJFqiEXxvWJfDcgRm,0.10624651599994195,0.10385283599998729,20.04572197057549,188.67180520617205,0.008018288788230197,182.96748375065778,317.560298938,983.335429108,239833.0840092082
heyk4SZTeCUV6a65WiVA5bzic3KcxgVf1qxobfeV4tQ,9ZDpBKPqMABtGfq66FbVribaArMvtk63xxy91onZAtDt,DaTP4s6N7xxSPinbNZ3FB52EpRDRt87QShTuN3VPCW52,52.170025200002215,45.50564165300011,11228.596684369877,215.23080813787686,4.491438673747951,188.56667453618255,637.407143961,4491.288046313,984096.9059849328
C98Sspw7XqnMsgxea3SLQVdbMDL8pKUc3RE82UvX9eq2,CSqgQJurPCzGxb4Cgwx5R61hWQUiaoUHcShNc8r1cKEL,6S2CR5EnukPhC914XkAns8m5GixjMAoUuZMsS5ubHuWc,328.95734000000004,328.40668900000003,0.0,0.0,0.0,1.0,851.186638,975.444513,975.444513
HEDSDjj84KS7LKhZY7ejkCACTdPen62rKhCby1wXtgxc,EnnjMSFttpCTywBrYNt1J5QQeoSVkvzPipJDa8Y7kJow,6bjVT6JN2rSvpyn9PdfLYC8wJn4LWh49jpY47fnLDXZk,1.9096032099987497,1.9726986679979746,1.8480777789272915,0.9677810391450387,0.0007392311115709166,0.9989613948222242,39130.996139268,9091.284311331,46952.078162813894
SoN9GaFpSXfpyR5dth3x7PHPVhvJMpQqqDJfCSmPv1t,9kZ9iS68ViMPtoeqtnhAKuF2iqVyfHPdZHoUNdwCELr,BBhm5fJLjw3HRzjtKB8uMEYjGhY6EDm9co3cqpjrSzB9,2.261982333999998,2.227587903000003,504.85572195490016,223.19171744464234,0.20194228878196008,219.34663656060962,3.780497493,5.794021323,2114.6748176183382
WiiQFxXqp8P9Fs1rt9SVcDyA3KUdJmUsog6wnVQAwba,3S2jpqSYxho6wiz3cafhjXruVY8cg4HYa2v3BqBHYFSj,Dfe67M6TfrG74gKRtdqys4e6E9QirPD53BkF4FujFjuv,8101.449424427001,8099.3882168320015,8098.5843720365365,0.9996463531103674,0.8098584372036537,0.9989613948222242,9946.417504525,16787.824437243,26713.288500770424
SRMuKizofcAMicegrfSv7xs9q76tH1w8aAF7oX9FEWu,72Hj2KWntXPfbie4UgKeTPnm1XVkomDfCnRPKbvfTtPi,6aqJQ5wedqpUt4fFEDUqUmXhrdxCu4bEJsQdVPCADLko,0.02360899999985122,0.02360899999985122,0.0014817914883478755,0.06276383956784334,5.927165953391503e-07,0.06284863315221405,17693.037092,5263.695502,1441.2990091403467
STK75uPSyBnEhGTTzb1nwmP3n427XoXmfRhXxxhyady,6TYyD5fUmDe6N65avW1Ny2RxzRNobw2RRgKwH9CTzSAU,54zDfk4cx2vGrEajPtodWpArNe5eUurytyxd4X3aZAxK,377.0497032800003,421.80343158499943,71453.06972331794,189.5057046902283,7.145306972331795,212.13127871462024,577.638527701,105.461124916,131837.39953131735
BSCuChvaSj9b5HUSqgDVRzcnr2sSn7cXaamt1jbKH6hn,GnKpRj5kBVPMJfiwZtEuD9GYApLzPdW5JFuZTcyX4BTc,3dmwD9okkomV9nDwyuh4UMhKdUR13QpuKxRo89ycZB5t,393.6872970049999,394.2960917510002,394.9094643950475,1.0031044115452679,0.157963785758019,0.9920270783711311,1243.465802306,1895.10802335,3127.3245075004143
FrnkTEL6yZ5Aycq2TrEgu29dCrwKG4LPUZydfiwqspkc,DjvZuMZ46fxKBoBpGMPcRcos4xdTtHFxwMh69DpA2ZFY,9rvDPJLAng4uVVqnnSoEXgNDFhBZQTny9AoQioYDZbQX,12.550273551998316,10.560820157999899,2783.6082432927737,221.79661915413422,1.1134432973171096,189.3152731611145,180.664194346,1454.0601053,315346.49353569665
AURHmCnNwiW4uA2Qj1XvEh4iKgRUZYXtiY7FKAapUV5Y,BKWm4TRnTeKwfWXRyuzjRHU7iZDkPuXBX5b5V5jSVfGJ,A5Ww74HVrkj9nPeC7pHKLfgeDMEhBCpW1efQdz3TGLEg,0.005976449000002049,0.005623488999958681,1.2595402054190403,210.7505987951388,0.0005038160821676162,188.86700759679766,289.580403161,1809.84339096,402848.94883497484
ZUCKWFa4LTL833dPhhpeeRWZcaAEoMeYJPi2iKn4F8N,7eEYpq6ShaJ9opZWMxitRFrdCHh6vfyHhGfoSvFht3N2,H8VggnHmuwd1wvwpT8eg9cUJFEfZ7HAaeYjgXrSm7A2u,19.068087161999983,19.124966999999742,19.107278023524923,1.0020553116414865,0.007642911209409969,0.9989613948222242,1671.361569348,2175.828818645,3848.3657298066155
SUiuyGR7SFq3xeRVJonq84fjjeFwRSsFekcevJ53tzy,49GjCCPsv7fBqo6t3iKDrP1xxGDS8uWZbVCdfnp2gjMf,CEwj5xEbbJEjYqM8D6Ai8ByGz1mrh8mkAVsE5fzDSSSx,0.02957300000000007,2.3066129999999703,0.0003595578327430055,0.012158314433537504,1.438231330972022e-07,0.9793216239111168,602.949202,2.108449,9.395695683980291
KEN5P7p3asnb23Sw6yAmJRGvijfAzso3RqfyLAQhznt,9zj4aX38Uxf3h6AUjS4EipWS8mwbEofasHAf3a1uKGds,CwQDG1MWunn9cLNwcZLd8YBacweSR7ARo32w4mLua1Yr,212517.24039699975,212525.08130599954,212364.12586225307,0.9992795194664648,21.23641258622531,1.0,2100961.658515,2064320.632828,4163768.589366336
DFWzVTzNBrQZLjoQ4yQwkj9HuoXmfkuZP9V5vbymZe23,DhgiEgiNdqZdRdo195UUHnoEJUtefK8buko8nU97XJUZ,2K2kkXsouBHtWVjtcgkyiXd8eP3oVBvq1bTJzcVdLLr2,126.80577279899899,157.15394505298173,102.25890153635578,0.806421500213932,0.04090356061454231,0.9989613948222242,62326.619762653,6755.702532628,57010.21223726003
Lee1XZJfJ9Hm2K1qTyeCz1LXNc1YBZaKZszvNY4KCDw,9DgFSWkPDGijNKcLGbr3p5xoJbHsPgXUTr6QvGBJ5vGN,2hNHZg7XBhuhHVZ3JDEi4buq2fPQwuWBdQ9xkH7t1GQX,1171.4691829848698,995.0624898089827,262005.65020819425,223.6556061514238,26.20056502081943,189.81934323646158,7230.437470613,56396.835165913,12322338.087038504
MARpDPs5A7XiyCWPNH8GsMWPLxmwNn9SBmKvPa9LzgA,6YjT74rmcfCpw8LSjPNx5JTmZoYLGrTKnf9arfSgZ4SR,F8GSmi3vA8M8TsybLya1LQ4n1aFHCRbZ6k437PeTdXtg,65393.04802799999,66114.65876999998,63973.72692249746,0.9782955352548361,25.589490768998985,1.0,331938.756412,30859.735166,355593.93854190223
BSCNHw8CmxbZ8hCWWzMf5FaG2ajPT6JxfznKUNuRVrn4,7n9kgNL633yGzCYksgnzHyjG73ZLBAwvEae5sbAekbzW,SscdxE99omdG9AiMVwmaEMQySQnCgeAh1sPj2Leutm2,3440.7636627420006,3446.8588673099994,3437.7901805032757,0.9991358074746828,1.3751160722013105,0.9989613948222242,5935.440667708,5735.845764811,11660.199789949247
B2izdXFYb2sNwbWWHmh75T4aQFtfXsUxem9u2p61HGzf,4DYwgJtxwuJdAjkj5RJSNH4e7U329V5cNp7d3a1nLrZv,EXNW64GEf1ACC6xY9BtKRiunrs6GoJSXBdxWN2eTPmrF,6323.920698000032,6207.397642999995,6397.912556718482,1.0117003141329477,0.6397912556718482,1.0,8247.672635,31819.009674,40163.18266969522
SAMyS8Jr2HJrkFwYVKbpUwsNStnQmvz3f8Tup8bWUWF,6jPzm5TFfquvgm25sTyN3MMGBfufRaFHMxobDWv6hMFW,Cj9ECoDmxsHTDzCY5ZA6RWrPbg9uFzEC1Qc2kso2vJG6,2830.243967119987,112.35422860999984,2796.455651883324,0.9880616951650832,1.1185822607533298,0.029071913549111164,623.75345388,113365.6815597,3912.064188745412
BUSDgu5JdqP1rndBvXvanbEufS94FNh1w5FJcAj6vawb,Bgzr8cWubt89JQFXndVjtdKmDbGzuPxNhvjH1EhWCwbo,Dxaf8xPBBQsasRKW5Aa4Sw2YrbfGofY9xZueyyF23FBW,19798.312748710006,19765.120162599997,19870.03961772206,1.0036228778645153,7.948015847088824,1.0,5780.50980978,9134.69482909,14936.146719905466
ALBpShJ9NLpE739pcHDF2LNVk5J4VYPvvKuV6jMPitZi,D6d156U1bPiJpDYRLextvDRccgFk7QzkQbJg42ceKEu5,GNcM8U5g8RwTZffwwm3kSQqUNPSwv5d2fbN9sLxPJqt2,282.5524530000039,281.9186550000013,282.4637593795587,0.9996860985650506,0.1129855037518235,0.9988682822362263,42377.338474,57862.16579,100160.71831576871
7dwD9TF6uikvHXxPFK9AsSim54yJoujQjY9vU6gNFumk,CquVr6atkvwueDYficKjn6SSEWq4F4rH4VSiBbW4GBWU,8BCa6ge3b7ho3TfZuM64Vk1hgbrJ3J7EPiAb9uP86CGd,0.209020902,0.21056496100000044,46.447788795247064,222.21600017421733,0.018579115518098824,223.8885500708831,2.274953053,1.904343422,931.8916556103882
BerKDkt6v49dT1bHRedgnpsJS263C1DSJtEGvY9Mg35V,78XKqNb8wbfsMMrvo8WPUpdx7GEkfQutpNVH943aCGFa,DKYQwn4nDvFHCszi5tXbqfVMAP7DaXXp1KGTXEnYnKVH,999.5322241839999,993.7971980259997,1006.3936804340524,1.0068646673754356,0.4025574721736209,0.9989613948222242,1339.340750272,3124.926511405,4470.215825575069
SEQV6QiTpvTzrceiaYg9Avnwf7oc8ZALpnQMz6TyT4A,3dFMPj4r9mMmPHF32mz1gNDX7f8ftidWof7S8YiYTs1j,Fc1ED3YPeQfXQosHbd8DTaBd2AV5gHQtwiSAL5C5pUhi,70.3826463439998,70.25624230600044,70.5362812064868,1.0021828514622213,0.028214512482594722,0.9989720577525727,871.297472437,4736.488455445,5604.819004255935
RoBgmK8CvjdHvPrqdDyVw54VwjZv2TqJ493xnqJAQHx,ExiHJxM7qPAcy27NDHAF6G7vnW7muNHi2sVJpnaNynGQ,6rkPHSqZb7StM4HwS9EuVrmfkV7tRdc7dnsFhyB6cefE,0.603394999999999,26.43604100000084,0.0,0.0,0.0,0.9744423266564546,6105.30935,22.097055,21.532305686455643
Lid8SLUxQ9RmF7XMqUA8c24RitTwzja8VSKngJxRcUa,4PgzyzLtds9bKZ2to9PMnKqJzKEUpjvNUaeN23phegax,AtymwxoVN9peZo7EXTcDz9jKVc4vRmisJKKrNfe3ewBa,227.92186810599776,195.0872094270004,50682.70956056765,222.36878796113174,5.068270956056765,190.07966618969343,1011.714677593,7682.791101004,1685316.13450283
BUSDTd9WiT6uBHJRgNvFXBsA7JrifsAtWzKfioN7ERcy,DyBxrn7gSc1EwnpWhDyhzvMHPtxpmBqRqotapLcKcfTM,Cds99GeBgoCpqBsoRWu1C6fF9LiUMd4pXQQD24s9LPff,35101.70625072002,35132.246603209984,35108.90778988588,1.0002051620828465,3.510890778988588,0.9963662522779424,2684.03679605,2840.03412049,5514.301611603618
HDSBGqAuMRr6X2AfmmbXQPpRgU6VEhtfNVVZ3wUTZXg,DCZ1d8kNLgDcdSd99y4udLgwq46mfDXNS9KXj96kQf5L,Fq8GGYQM5Pz3q7LmVMbrXHJgsxA5ev86kTq8yGgGuYsa,63.36983350000082,63.703588747997856,62.74088660386794,0.9900749795068836,0.025096354641547178,0.9989613948222242,10959.448650324,10375.628712767,21215.52842893952
Sid7E679i9ABqptiAVhkmQ27YHN8vaYT4fppPwmxFsJ,GP7KB8o1bv527HG8kTzzzf4wJ5aEGHvcMQvVhLziUfmT,9gYxhAZ1M9wu5pxr8SBoa5NDm21gi3s9vMHaYTME77sa,598.5796160000045,1288.4131990000315,7.291021039343823,0.012180536798205584,0.002916408415737529,0.02907872351964217,130170.19891,10786.540093,1899.2017149508777
KysFMBBoavfov2tLpvefWW6tPFt6rAeZWDJVy1mMQae,B8ka2V21TH3x64dFV8ETcjuQcwmrciJ2qzy1mJUttRew,7fSf7EYxBANyxzk2s5pymFgshA91tFYQNKKs5UnLWcYS,26.436041000008117,19.249430000000302,0.0,0.0,0.0,0.02907872351964217,134674.492796,2484.335109,72.24129376475109
NorjjEePhxfwLF4vZjUHCrVVKLzQjEEGQFd3wgjEJmh,34M8pFVqgbV7aqHxvRT5tCv3vu2P1JJYT8J3VaxBK2oG,3AZWBSze3ucsY3xSeuLne3b2pauVqiaJ1SZSV5T9WGWw,0.007539999999607971,0.0015499999999519787,0.0044993328573078775,0.5967284956952006,1.7997331429231512e-06,1.0,38093.983701,2279.216963,25010.982551935216
ACUSESXyNnwRLAg1dpSGMLSzUDdLjUMybY8rkXiAKhCP,AhFPQdu8GKBsxuhiH46UmCu1YpaLgNpoP325HnYtsgas,A8wxWpT3aFEr2XqZp1kDmbxbFfcBE95UUmdsNTDBJYbT,76.07201861500016,75.56153853699993,75.99300982258276,0.9989613948222242,0.03039720392903311,0.9866594573959652,1039.724246801,1845.791608762,2859.812130981954
GokA1R67GqSavkd15zR62QD68Tuc5AEfvjssntVDEbM8,3YB7hfpBdbQEuZqLGWVDpRPmeZWCUsrrWyqGXegnQ6Cg,4DPCj6Z1DsG6HUtwSogBGqXEUxdEV5a8YVrrFtcnz7UW,49607.61101799999,49612.44069399999,49596.154306355216,0.9997690533486764,4.959615430635522,1.0,19410.09554,13175.355939,32580.968782433163
JSoLLrxK5bYdHwTEWYaGgmeycBCNXKDiBCTw5hXGBg7,xG4wXczA7Dk4hccJ61CHKpDHW4NrNfQwgmWgkb9BuF2,BVR6WgfhsRr9Lob4QDnkEAiNGgAbv7ZieKcY9kSg3QYR,10.171345681000115,8.711469610000002,2208.5958122573043,217.13899827265925,0.8834383249029216,189.82914427869196,17.955443684,167.309260201,35659.00074894175
MATgk4zXLXtYkwBH678J1xZbRDZ45LicNzkRBHkxTuY,y8dALFo1bJrSzPYjMX14HJX448pXqYmrfXHD1K8MXih,GN7Yuet3UyiWS5YVkEHv6oQKi4HGBJc3XDPt9zQhAqZz,16911.123116000002,16879.788074000004,16913.863161832218,1.0001620262482522,6.765545264732888,1.0,9099.258411,8468.409322,17569.142051702212
wrmcMSHFi3sWpAEy4rGDvQb3ezh3PhXoV2xNjgLBkKU,8p4mGnARWPBu6P2Gcw4adodLkNDorrXniZMhaY7eJXUn,AyY89zccbsgp9LKFgH4CFZMJmpSgqmPSdTfukhP227rc,0.008114000000000038,0.08428067000000183,2.7842115918457115,343.13675028909273,0.0011136846367382845,3628.052098828139,27.12119124,0.091848,9639.506755235778
ionytDfEj1mXodptgrsKEZro7DGsfpzANUfarJdm6Qb,3gkSjY95an9xNFSjCfsay6JZez7uv7yfW3Ad4ubc4fMK,9wXqANaSuEqkKL9yHzCPEDGHwbkStVAqV5rB3QDs3Jr6,0.028022969999999994,0.09878652200000015,25.97586410186057,926.9490029736525,0.010390345640744227,3620.5648081100653,3.163138708,0.081290796,3226.386866868822
SoNcU2iwHMw6dGzsYNQkYFkUjwN1UdAjrWVRnStrZu2,8ivTTid27jZnYNc4w3CTA1Z6QS2twsFb8WMwUabeDJgc,CyXm53PMvHCbeXJBykU46Rcbo28xk5srhMZFg7gv6EYB,23.11516137300001,22.911505857999988,5163.107808020845,223.36455820947398,2.0652431232083384,217.7565673203138,16.49317306,21.398494078,8343.652930268641
KwnjUuZhTMTSGAaavkLEmSyfobY16JNH4poL9oeeEvE,J63v6qEZmQpDqCD8bd4PXu2Pq5ZbyXrFcSa3Xt1HdAPQ,BnKQtTdLw9qPCDgZkWX3sURkBAoKCUYL1yahh6Mw7mRK,523.7192659999862,16751.09330199952,15.175193467181503,0.028975816725409338,0.0015175193467181502,1.0,272660.785805,693.797846,8594.366803691772
BSCrK1Nx9PXU9mF7STWWBqeHLxmtJDr9h7jheEy4tAWX,FfSySSbVJPvEo5a5AvrP3nySoXpRE2QPn1uUMpJJ1x7v,HL7Vcj6838ZmvBHDbQxXfjBNckNi83WvPiZQoMQLFeRM,0.557425386,0.5560400350000002,2030.042776814719,3641.819744489927,0.8120171107258877,3624.370265666341,0.878960472,0.924427792,6551.484203636175
KEVpg4SYCVrqFxKijQH6hm4QxsRdoE51ud64bEEFUC9,2bPenuBYfqzD8p5dFjCcggwkHDsc2RQDnx9AoyYGUBjA,AE6n6iLuX8oYu61vt5hoDYkjswpnxFxrhSehxrnQTnbx,3311.6608713039996,3317.864765173,3301.5482224954,0.9969463513319775,1.32061928899816,0.9989613948222242,5956.83342641,1659.839787941,7596.759219694778
MATSnbbiTCv7Dc3trJrkrqjx7ckKdr6fwPoVwv9q3sD,631WX9JizSHJm4w6VanZeJAst9T8DeUUnPLesdGkCVtK,211maUSfpnXbPuW1iBu8b4dtJv5EbN1j7JJiEX5TZKEP,94773.60032399994,94853.29408699997,94575.27597029024,0.99790738820693,37.8301103881161,0.9982480746290261,27052.294957,23944.938012,50898.673273133754
YAkoNb6HKmSxQN9L8hiBE5tPJRsniSSMzND1boHmZxe,CfWX7o2TswwbxusJ4hCaPobu2jLCb1hfXuXJQjVq3jQF,EnTrdMMpdhugeH6Ban6gYZWXughWxKtVGfCwFn78ZmY3,10701544.90887793,10701930.42418301,10701544.90887793,1.0,1070.154490887793,0.9977112503916017,620668.14855,823122.561336,1441906.7884460785
AUSejoEUCh2DBs9mof6BNC8Pubs22w4cJa1ccV9h44R,4xkyD7AfGQDwsQMy9MosRRNGoVJ1zosNinesxg1TzHG7,Cbm5gsQe3nSiCsFrvepVzMCD9xLK3ri9g3ypS2hdmVJ7,2764.7969930000036,2765.642562000001,2766.301861212503,1.0005442960970767,0.27663018612125034,1.0,14268.498636,14594.110581,28870.375505118718
ALLwa5WNZbvQsRKAqe1jdRGemdYQnW8E5k4msbRFcYtu,CGoM82Hbz7QVqTgvQatYtjvDWBvoUJp5qm21P8iMs9yb,3dxNNww8TivyN5FMy5dCNdi3Zcxv6e4kUfSPxfFwpdNq,16.48925197799998,16.478120770999997,59763.15457214303,3624.370265666341,23.905261828857213,3638.282003238071,4.522239063,4.0792332,31231.66953274326
RajgMbScQbqqrdJfR2rxfHJiTiY5b6bJ2tTXiF4aPxy,725ZA3fhyBAKb5iopNRrcbSuQa3LXA1656Q3mBvYPxeg,GLA6i1dSZpUfk2f9Nj8uiG7xyDdAR2reff8oEiZH3617,7116.288143760001,7118.794861579998,7112.433631477758,0.9994583535398827,2.8449734525911032,1.0,98652.55569809,83127.50678177,181726.6276722846
BkwbeSfcX1h4thMDd7obGkHrPevf3QwgzJ4pCEqG18Lu,35yX27bmurdebhfAb8EPmjLETDiUaEUCn9zHaDPbakH2,2CxECn1ZJFoESyUnQysQU8rRgT3iJ5GRs2Mdd6gZjx5g,0.07298628999999934,0.04589727999999993,190.47023669719812,2609.671442365406,0.07618809467887924,1642.0361247947455,0.82836723,22.75185356,39521.13175548227
KZMu9QBEdL97EFgamLbN5DE1AoKBG4HdrKKJo4Vuon3,DD4ACBWyVqdaKWh7v5btsgqQCCMwbKnuL2xd9pv7Gyuw,GcYqiJ1MAuYbNTNYXm1F1gQYTfTgkErACAhNU5dpVj9T,275.66421557000035,278.8111156399989,271.9529337132609,0.9865369473180786,0.10878117348530437,1.0,1963.39573723,1123.98219187,3060.944628854212
Cob4usZcpHEY7Qt4ZCwj6WVg9S44zvzYV2v9qYF65dTf,NhFM9UXE48PyNAyeyPYA3iXztqKVJwA4bTdLj4ysM8w,6TuFuynuBoeskxyR2cz4wxyidk8dpDK7kAWw3UkjQGx,16.556348999999983,1337.4666759999964,0.20027452854312125,0.012096539432885925,8.01098114172485e-05,1.0,67129.767491,227.448816,1039.4866955753453
daob129AwBGn9Y5r91uLoWZeYiGzbPmksauMhFZKTze,6VW5GQNyj4LStgmxEHLr5zUfW92vQnmbw8jTnCH7a38F,4VPCCUifPeBA1c7HWK358CHn2nyjm8pdTRk6Ps3KmnMQ,30.578666204999934,27.449691729,6340.012449400002,207.33449938255788,2.5360049797600013,189.54374356854385,49.280465166,222.405650624,52373.1401846028
BSC8REUo9LpiiWUuqMuLXs2D2yJsJfGd4HdiF3wCLxk5,AZjEH1zWVx1UJ6udMyRijGTzPteuLnaY18yNNmprJEsh,Caf8ypkSVR8xYnXNhjvfvdGCC7mrM3C11rz8Xi6NA6aK,715.3818531490006,715.1348937939997,714.9014843902838,0.9993285141961566,0.28596059375611355,0.9989613948222242,3164.219704167,3147.661307221,6306.487105444847
parEAJhzYzHW87y9VoZAQ22dzQ2MD2ekEtTReaxbMcz,3oyc6hpjYSJEquK6dSvG72NXyz3pqLZz5D8AC71pwgQb,Di2vordgFJVZ1aj1aBpvzXtLfZgJsuLLXawGtVFwX6Rz,5.526649362999962,6.48412578099942,1012.3948592284285,183.18420307361112,0.40495794369137145,216.9028015165844,1114.325785584,145.183591049,235617.60862934688
