0,1,2,3,4,5,6,7,8,9,10,11
KEN5P7p3asnb23Sw6yAmJRGvijfAzso3RqfyLAQhznt,9zj4aX38Uxf3h6AUjS4EipWS8mwbEofasHAf3a1uKGds,CwQDG1MWunn9cLNwcZLd8YBacweSR7ARo32w4mLua1Yr,196168.23184600123,196207.1485200005,196109.79112824504,0.9997020887775444,19.610979112824506,1.0,2053428.752285,1922130.078674,3974947.091489181
JSoLLrxK5bYdHwTEWYaGgmeycBCNXKDiBCTw5hXGBg7,xG4wXczA7Dk4hccJ61CHKpDHW4NrNfQwgmWgkb9BuF2,BVR6WgfhsRr9Lob4QDnkEAiNGgAbv7ZieKcY9kSg3QYR,7.425625334999836,6.364527692999985,1511.2395893518856,203.51681120091402,0.6044958357407543,175.08299371609627,18.024833858,167.215337242,32944.918548782436
7dwD9TF6uikvHXxPFK9AsSim54yJoujQjY9vU6gNFumk,CquVr6atkvwueDYficKjn6SSEWq4F4rH4VSiBbW4GBWU,8BCa6ge3b7ho3TfZuM64Vk1hgbrJ3J7EPiAb9uP86CGd,0.08670566000000002,0.08750607899999974,17.593832212061848,202.91446039464833,0.007037532884824739,205.71805682015014,2.395095358,1.784656933,853.1356385096659
BkMBnJpvHKtWhUvrgRrLesXfi9RUV3ELgdBaJcdH7hcY,5uerVwBnZQsuVhZ15igs7ZgmcqhHnYWbwoRtLyRqLvR,9YWiQh5d4jCtgMdzcGLv9bWgnLaFtzvDDh2nnhJdzhBX,1.738922827999886,1.7390649999999823,1.7388477375991858,0.9999568178647774,0.0006955390950396744,0.9998623999363832,1469.861281511,1402.642209022,2872.2470151271905
Dg3mAgpwDfVNnbGWcsxL8sUcSkEbjSJQhKAWNigG44Ju,EATxwd8YA2wV93VJcKMmH2Kn2Y9XfJVUB9hHVu3udwEy,GiGvrRi7NMHfHKanG2B8xyCEqe8jaafWins8bhrLVEaa,0.00486112900000002,0.004896190999999966,0.9931192412206522,204.29806351994532,0.00039724769648826093,205.7866802924887,0.207168794,0.251975215,94.17732644679856
Lid8SLUxQ9RmF7XMqUA8c24RitTwzja8VSKngJxRcUa,4PgzyzLtds9bKZ2to9PMnKqJzKEUpjvNUaeN23phegax,AtymwxoVN9peZo7EXTcDz9jKVc4vRmisJKKrNfe3ewBa,297.51010030500674,255.19935235999912,60497.78947667157,203.34701045325642,6.049778947667157,175.04250907332846,1036.742565066,7653.513995797,1550508.7942679545
DEDaBEWzMCXohXYXoLzB4jK1xqMsd3SS9izXp2xvg9pe,GC5zHpW5GuVdw3C7covC6viyGdLS8ZAaVGDKMeru7p78,F8juxtAFueW19vxkdDArUkjVWAv9QV6yy1wCXUWQiXvh,0.05996982000000628,7526.153995210305,0.05996982000000628,1.0,2.3987928000002512e-05,0.0,32.58955517,8576842.20631466,32.58955517
wrmcMSHFi3sWpAEy4rGDvQb3ezh3PhXoV2xNjgLBkKU,8p4mGnARWPBu6P2Gcw4adodLkNDorrXniZMhaY7eJXUn,AyY89zccbsgp9LKFgH4CFZMJmpSgqmPSdTfukhP227rc,0.011073240000000067,0.11587217999999666,3.5366464388374537,319.38677738741615,0.0014146585755349815,3412.73633199099,49.1968545,0.16601647,16279.395255230495
MARpDPs5A7XiyCWPNH8GsMWPLxmwNn9SBmKvPa9LzgA,6YjT74rmcfCpw8LSjPNx5JTmZoYLGrTKnf9arfSgZ4SR,F8GSmi3vA8M8TsybLya1LQ4n1aFHCRbZ6k437PeTdXtg,267895.40726999944,273667.9943040012,252260.78814250333,0.941639092335246,100.90431525700134,1.0,356483.665581,34837.859843,370516.8151330342
BUSDgu5JdqP1rndBvXvanbEufS94FNh1w5FJcAj6vawb,Bgzr8cWubt89JQFXndVjtdKmDbGzuPxNhvjH1EhWCwbo,Dxaf8xPBBQsasRKW5Aa4Sw2YrbfGofY9xZueyyF23FBW,23727.89456776,23719.543448099994,23746.75875544774,1.0007950215571748,9.498703502179097,1.0,7109.31241915,7775.98166216,14890.946137939914
STK75uPSyBnEhGTTzb1nwmP3n427XoXmfRhXxxhyady,6TYyD5fUmDe6N65avW1Ny2RxzRNobw2RRgKwH9CTzSAU,54zDfk4cx2vGrEajPtodWpArNe5eUurytyxd4X3aZAxK,217.2885195590003,241.7057441720042,38013.19555472287,174.94341455256296,3.801319555472287,195.58815705885482,548.406743465,101.154137763,115724.69964936122
KZMu9QBEdL97EFgamLbN5DE1AoKBG4HdrKKJo4Vuon3,DD4ACBWyVqdaKWh7v5btsgqQCCMwbKnuL2xd9pv7Gyuw,GcYqiJ1MAuYbNTNYXm1F1gQYTfTgkErACAhNU5dpVj9T,196.04785904000119,198.9668445699997,192.95881798505388,0.9842434338733737,0.07718352719402156,1.0,2056.87269766,1031.44508557,3055.908532555268
SoNcU2iwHMw6dGzsYNQkYFkUjwN1UdAjrWVRnStrZu2,8ivTTid27jZnYNc4w3CTA1Z6QS2twsFb8WMwUabeDJgc,CyXm53PMvHCbeXJBykU46Rcbo28xk5srhMZFg7gv6EYB,13.217078783000016,13.108055207000003,2718.9212883458836,205.71272464858095,1.0875685153383534,203.71038087729914,16.943839396,21.809652041,7928.4158922326005
KEVpg4SYCVrqFxKijQH6hm4QxsRdoE51ud64bEEFUC9,2bPenuBYfqzD8p5dFjCcggwkHDsc2RQDnx9AoyYGUBjA,AE6n6iLuX8oYu61vt5hoDYkjswpnxFxrhSehxrnQTnbx,5946.322354780002,5946.8575019069995,5943.006769132523,0.9994424140755145,2.377202707653009,0.9998623999363832,4681.635303041,2931.779201891,7610.400677978759
BkwbeSfcX1h4thMDd7obGkHrPevf3QwgzJ4pCEqG18Lu,35yX27bmurdebhfAb8EPmjLETDiUaEUCn9zHaDPbakH2,2CxECn1ZJFoESyUnQysQU8rRgT3iJ5GRs2Mdd6gZjx5g,0.08549766000000147,0.0543670799999999,221.97382973752232,2596.256198561674,0.08878953189500893,1642.0361247947455,0.85325241,22.71184229,39508.92735922121
BerKDkt6v49dT1bHRedgnpsJS263C1DSJtEGvY9Mg35V,78XKqNb8wbfsMMrvo8WPUpdx7GEkfQutpNVH943aCGFa,DKYQwn4nDvFHCszi5tXbqfVMAP7DaXXp1KGTXEnYnKVH,0.004222906999984843,0.0014109569997344806,0.004239362403104675,1.0038967003346013,1.69574496124187e-06,0.9998623999363832,1340.351451808,2198.755909646,3544.0277604516987
RajgMbScQbqqrdJfR2rxfHJiTiY5b6bJ2tTXiF4aPxy,725ZA3fhyBAKb5iopNRrcbSuQa3LXA1656Q3mBvYPxeg,GLA6i1dSZpUfk2f9Nj8uiG7xyDdAR2reff8oEiZH3617,4478.35502689,4478.734703199996,4477.45192483676,0.9997983406746859,1.7909807699347042,1.0,100823.2153644,80925.69882794,181728.58225075362
NorBXypYWTkV5PMs6Q9JsvNkmRwe7H9Zr1Kz2TcJH2Y,C82XDu1d1UjtuUwnkSTwVuWyH3AqpJ3ftb9W7en8rEUu,F7cZoYpWQSFuYJzW2UUFw6sVbTtaihyD5upeeHRUPABk,1.2894999999957246e-05,1.3241800000063364e-05,0.0,0.0,0.0,2609.73954799311,0.2428613338,0.6628017152,1729.739848635106
HEDSDjj84KS7LKhZY7ejkCACTdPen62rKhCby1wXtgxc,EnnjMSFttpCTywBrYNt1J5QQeoSVkvzPipJDa8Y7kJow,6bjVT6JN2rSvpyn9PdfLYC8wJn4LWh49jpY47fnLDXZk,7.677489092991891,7.812829109983795,7.3062521384599055,0.9516460459877624,0.002922500855383962,0.9998623999363832,39143.450904491,9079.215773286,46328.676752192965
SEQV6QiTpvTzrceiaYg9Avnwf7oc8ZALpnQMz6TyT4A,3dFMPj4r9mMmPHF32mz1gNDX7f8ftidWof7S8YiYTs1j,Fc1ED3YPeQfXQosHbd8DTaBd2AV5gHQtwiSAL5C5pUhi,151.28396986699954,151.31842827500031,150.97869743287427,0.9979821230604032,0.06039147897314971,0.9995502024089159,3792.975365379,1811.394942044,5595.901788819309
KwnjUuZhTMTSGAaavkLEmSyfobY16JNH4poL9oeeEvE,J63v6qEZmQpDqCD8bd4PXu2Pq5ZbyXrFcSa3Xt1HdAPQ,BnKQtTdLw9qPCDgZkWX3sURkBAoKCUYL1yahh6Mw7mRK,662.0946410000001,23631.659204000258,19.186225106171307,0.028978070381589605,0.0019186225106171309,1.0,273031.330166,691.50827,8603.429371929376
SUiuyGR7SFq3xeRVJonq84fjjeFwRSsFekcevJ53tzy,49GjCCPsv7fBqo6t3iKDrP1xxGDS8uWZbVCdfnp2gjMf,CEwj5xEbbJEjYqM8D6Ai8ByGz1mrh8mkAVsE5fzDSSSx,0.013619999999999965,1.1118900000000167,0.00016040544088660218,0.0117771983029811,6.416217635464087e-08,0.9821581156707256,607.135773,2.056151,9.169823787149195
ALLwa5WNZbvQsRKAqe1jdRGemdYQnW8E5k4msbRFcYtu,CGoM82Hbz7QVqTgvQatYtjvDWBvoUJp5qm21P8iMs9yb,3dxNNww8TivyN5FMy5dCNdi3Zcxv6e4kUfSPxfFwpdNq,19.874715169000005,19.937387412000003,67843.36975251751,3413.551800648575,27.137347901007004,3402.552594956737,1.729111881,6.859850876,29243.41637406044
MATgk4zXLXtYkwBH678J1xZbRDZ45LicNzkRBHkxTuY,y8dALFo1bJrSzPYjMX14HJX448pXqYmrfXHD1K8MXih,GN7Yuet3UyiWS5YVkEHv6oQKi4HGBJc3XDPt9zQhAqZz,33581.72999100001,33583.457564,33584.28239646214,1.000076005776439,13.433712958584858,1.0,9190.18459,8339.047595,17529.930692115384
BSC8REUo9LpiiWUuqMuLXs2D2yJsJfGd4HdiF3wCLxk5,AZjEH1zWVx1UJ6udMyRijGTzPteuLnaY18yNNmprJEsh,Caf8ypkSVR8xYnXNhjvfvdGCC7mrM3C11rz8Xi6NA6aK,506.40695681399893,505.29670445799957,508.16392698542,1.003469482691302,0.20326557079416802,0.9998623999363832,2463.669093136,3846.142073526,6317.829594543735
ercAoEmXjQzEvAFbdjAo81KtMxRGn9AW1ju882upmPH,CMRhskR2Eg6V42RTSdRTXGdozyPbWB8U9dVpijPWb9T4,7TKLLgrWswt6ZJ1pXhVR3FyufHGjJFqiEXxvWJfDcgRm,0.0,0.00016681600004631036,0.0,174.98722155814573,0.0,170.85541497192332,315.361893182,983.216776455,223172.21182181072
BUSD5rCfUDpCxKGMvYU2yThChxgHoioK74PTPociGnv2,CcFHbafgYDZ8yA8Me1PdtDiVb2eeaS61LbqyKKK5CsNZ,26R9s4nmF3CFDTkiePDwRmtscn8i7r2eygbSijditJ58,0.060329119999991576,0.059969819999999174,0.060288421095562594,0.9993253854120698,6.028842109556259e-06,1.0,98.81223855,47.3244478,146.07002617240812
DFWzVTzNBrQZLjoQ4yQwkj9HuoXmfkuZP9V5vbymZe23,DhgiEgiNdqZdRdo195UUHnoEJUtefK8buko8nU97XJUZ,2K2kkXsouBHtWVjtcgkyiXd8eP3oVBvq1bTJzcVdLLr2,473.2815265900008,575.7720714929892,385.71192529824725,0.8149735487824898,0.15428477011929892,0.9998623999363832,68699.41095241,7647.664266197,63634.814690259685
ZUCKWFa4LTL833dPhhpeeRWZcaAEoMeYJPi2iKn4F8N,7eEYpq6ShaJ9opZWMxitRFrdCHh6vfyHhGfoSvFht3N2,H8VggnHmuwd1wvwpT8eg9cUJFEfZ7HAaeYjgXrSm7A2u,0.0013814700000693847,0.0013814700000693847,0.001385258639505414,1.0027424695692553,5.541034558021657e-07,0.9998623999363832,1690.42965651,2156.665995265,3851.4348462887965
BUSDTd9WiT6uBHJRgNvFXBsA7JrifsAtWzKfioN7ERcy,DyBxrn7gSc1EwnpWhDyhzvMHPtxpmBqRqotapLcKcfTM,Cds99GeBgoCpqBsoRWu1C6fF9LiUMd4pXQQD24s9LPff,60978.03013260002,61266.77736615001,60893.793920655764,0.998618580958403,6.0893793920655765,0.9990768529878393,3112.37302819,2401.37972622,5507.236436524981
Sid7E679i9ABqptiAVhkmQ27YHN8vaYT4fppPwmxFsJ,GP7KB8o1bv527HG8kTzzzf4wJ5aEGHvcMQvVhLziUfmT,9gYxhAZ1M9wu5pxr8SBoa5NDm21gi3s9vMHaYTME77sa,865.3025110000162,2072.7764470000348,10.190839264114675,0.0117771983029811,0.00407633570564587,0.02897370696937314,130789.337375,10528.259607,1845.3746709315783
SoN9GaFpSXfpyR5dth3x7PHPVhvJMpQqqDJfCSmPv1t,9kZ9iS68ViMPtoeqtnhAKuF2iqVyfHPdZHoUNdwCELr,BBhm5fJLjw3HRzjtKB8uMEYjGhY6EDm9co3cqpjrSzB9,0.9385212880000005,0.9223628830000008,189.41077289951556,201.81830217527838,0.07576430915980623,203.68540219312146,3.782056905,5.789430591,1942.510801694384
YAkoNb6HKmSxQN9L8hiBE5tPJRsniSSMzND1boHmZxe,CfWX7o2TswwbxusJ4hCaPobu2jLCb1hfXuXJQjVq3jQF,EnTrdMMpdhugeH6Ban6gYZWXughWxKtVGfCwFn78ZmY3,10359237.075171951,10359755.82290197,10359237.075171951,1.0,1035.9237075171952,0.9983706590843743,1080829.453986,482726.017028,1562768.9457634194
AURHmCnNwiW4uA2Qj1XvEh4iKgRUZYXtiY7FKAapUV5Y,BKWm4TRnTeKwfWXRyuzjRHU7iZDkPuXBX5b5V5jSVfGJ,A5Ww74HVrkj9nPeC7pHKLfgeDMEhBCpW1efQdz3TGLEg,0.003951815999698738,0.004189745999894967,0.7736591257555593,195.77306377992758,0.00030946365030222375,174.8076634980447,289.555503518,1813.38169243,373680.18474187667
BSCrK1Nx9PXU9mF7STWWBqeHLxmtJDr9h7jheEy4tAWX,FfSySSbVJPvEo5a5AvrP3nySoXpRE2QPn1uUMpJJ1x7v,HL7Vcj6838ZmvBHDbQxXfjBNckNi83WvPiZQoMQLFeRM,0.06997088799999962,0.0699383280000001,238.7196844859749,3411.700084268992,0.09548787379438997,3408.0839751891485,0.879978304,0.92311141,6148.263257646944
ACUSESXyNnwRLAg1dpSGMLSzUDdLjUMybY8rkXiAKhCP,AhFPQdu8GKBsxuhiH46UmCu1YpaLgNpoP325HnYtsgas,A8wxWpT3aFEr2XqZp1kDmbxbFfcBE95UUmdsNTDBJYbT,0.0,0.0035164299997632043,0.0,0.9998623999363832,0.0,0.9875484197088724,1039.690470133,1845.793740034,2862.3580997372737
SRMuKizofcAMicegrfSv7xs9q76tH1w8aAF7oX9FEWu,72Hj2KWntXPfbie4UgKeTPnm1XVkomDfCnRPKbvfTtPi,6aqJQ5wedqpUt4fFEDUqUmXhrdxCu4bEJsQdVPCADLko,0.04073599999992439,0.04073599999992439,0.002377145001930928,0.058354894980737926,9.508580007723711e-07,0.0577799354089658,17693.037092,5263.528168,1336.6016389642728
Cob4usZcpHEY7Qt4ZCwj6WVg9S44zvzYV2v9qYF65dTf,NhFM9UXE48PyNAyeyPYA3iXztqKVJwA4bTdLj4ysM8w,6TuFuynuBoeskxyR2cz4wxyidk8dpDK7kAWw3UkjQGx,24.094048999999956,2086.362857000029,0.2837603929947429,0.0117771983029811,0.00011350415719789717,1.0,67509.215569,222.834007,1017.9034260348121
daob129AwBGn9Y5r91uLoWZeYiGzbPmksauMhFZKTze,6VW5GQNyj4LStgmxEHLr5zUfW92vQnmbw8jTnCH7a38F,4VPCCUifPeBA1c7HWK358CHn2nyjm8pdTRk6Ps3KmnMQ,19.20476267199976,17.276715079999974,3733.2534003544856,194.3920611837349,1.4933013601417944,174.8076634980447,49.253271498,222.40368723,48452.313884564544
heyk4SZTeCUV6a65WiVA5bzic3KcxgVf1qxobfeV4tQ,9ZDpBKPqMABtGfq66FbVribaArMvtk63xxy91onZAtDt,DaTP4s6N7xxSPinbNZ3FB52EpRDRt87QShTuN3VPCW52,62.284588850002365,54.285971549999886,12477.668132104163,200.33315403516048,4.991067252841665,174.890850620128,643.061380871,4484.687326199,913157.2959123437
FrnkTEL6yZ5Aycq2TrEgu29dCrwKG4LPUZydfiwqspkc,DjvZuMZ46fxKBoBpGMPcRcos4xdTtHFxwMh69DpA2ZFY,9rvDPJLAng4uVVqnnSoEXgNDFhBZQTny9AoQioYDZbQX,15.982600622004156,13.462586025999826,3260.827556814277,204.0235900235729,1.3043310227257108,174.8408249129992,314.083102566,2514.702364776,503752.99801936315
WiiQFxXqp8P9Fs1rt9SVcDyA3KUdJmUsog6wnVQAwba,3S2jpqSYxho6wiz3cafhjXruVY8cg4HYa2v3BqBHYFSj,Dfe67M6TfrG74gKRtdqys4e6E9QirPD53BkF4FujFjuv,34452.9951781,34433.64007149501,34409.73807698813,0.9987444603614792,3.4409738076988132,0.9998623999363832,18936.616712161,7794.484159942,26706.25267768514
BSCuChvaSj9b5HUSqgDVRzcnr2sSn7cXaamt1jbKH6hn,GnKpRj5kBVPMJfiwZtEuD9GYApLzPdW5JFuZTcyX4BTc,3dmwD9okkomV9nDwyuh4UMhKdUR13QpuKxRo89ycZB5t,248.14800486900003,247.35203512599992,249.47899250808112,1.0053636846275824,0.09979159700323245,1.0000070000490002,1069.074334312,2029.344447317,3104.167164712262
SERgf3DMJpQxUifu7VoFKmfne73d2fDJxSrxUMrcNJB,AJfM2GZ2tTB8UtN2krcyR9xufRJEx2mhSCbJyMgPo3GU,F4yRYkufQvERZcEKnKjJwRLU1btiMBUuEwq46hfm11QD,3.0678892610000013,3.0650770550000033,535.4588035275234,174.53654873872034,0.21418352141100938,174.83581168924263,29.270237546,27.972593319,9999.337300021802
Lee1XZJfJ9Hm2K1qTyeCz1LXNc1YBZaKZszvNY4KCDw,9DgFSWkPDGijNKcLGbr3p5xoJbHsPgXUTr6QvGBJ5vGN,2hNHZg7XBhuhHVZ3JDEi4buq2fPQwuWBdQ9xkH7t1GQX,1553.0577705978967,1321.3497888219708,319442.8060469933,205.68636408419894,31.944280604699333,174.8076634980447,7273.969631515,56351.264682823,11346789.280329373
BSCNHw8CmxbZ8hCWWzMf5FaG2ajPT6JxfznKUNuRVrn4,7n9kgNL633yGzCYksgnzHyjG73ZLBAwvEae5sbAekbzW,SscdxE99omdG9AiMVwmaEMQySQnCgeAh1sPj2Leutm2,232.05602369400003,232.30665716600015,231.66381130153508,0.9983098374857007,0.09266552452061404,0.9998623999363832,6661.749136977,5006.928021391,11656.728766082746
KEnkcdADoLR5jS2CLLLesy8TtFsyWL37BhXNfDMzWzP,3qsjFRuw1qeLMPo4DLwaQevenGAGBj9dA3Q6rb8ax2YR,77iEv8zPQAEyCcEbvBRSB6AFcUdfkhiqnAKtPxk76rNN,2.9333850000000012,0.032840999999999954,0.034547056843990225,0.0117771983029811,1.3818822737596091e-05,0.9995092409626873,111.601963,0.374005,1.6881799029192093
SAMyS8Jr2HJrkFwYVKbpUwsNStnQmvz3f8Tup8bWUWF,6jPzm5TFfquvgm25sTyN3MMGBfufRaFHMxobDWv6hMFW,Cj9ECoDmxsHTDzCY5ZA6RWrPbg9uFzEC1Qc2kso2vJG6,5169.742336339958,146.11622057000045,5088.98337621889,0.9843785328422687,2.035593350487556,0.028978070381589605,625.14827212,113314.42747305,3899.0159934819385
moFiBS1R4Lf3E3zzmBPnw3NF4RhWPkhREFviuzUaCAU,44ALBrpqi9PfZkBRTvbtRNtFJGsatfY4QydjtMbFWq8S,2ho8qEEie1UjVwWNBo9y4oAJZMyMLx8zPj9bxyUz6uWs,1000.6794421359955,1000.7682919870058,999.2710495333621,0.9985925636689137,0.3997084198133448,0.9998623999363832,38902.600245426,28195.622498762,67039.59009177932
vEnkoSUkpnbRrPgBz9DfcVxNz67zjwMYBZraAvDDNSf,DtfyjjsZ5yCjWKLKHvwsfXs5QVsmm1QkK6Sh9JZHoq1g,e5wrKCRv4GhHvEf1VD5Pq2KGaZDXP77nTL612Jyrxwy,8081.100718999998,8083.3427569999985,8075.593164461835,0.9993184648070016,0.8075593164461835,0.9990528978528356,1188.457569,769.496962,1956.4157631163944
parEAJhzYzHW87y9VoZAQ22dzQ2MD2ekEtTReaxbMcz,3oyc6hpjYSJEquK6dSvG72NXyz3pqLZz5D8AC71pwgQb,Di2vordgFJVZ1aj1aBpvzXtLfZgJsuLLXawGtVFwX6Rz,7.789630097000156,9.054187454000015,1322.2251129801068,169.7417074386248,0.5288900451920429,200.292386826289,1280.77248,171.385055695,251727.62946710995
AUSejoEUCh2DBs9mof6BNC8Pubs22w4cJa1ccV9h44R,4xkyD7AfGQDwsQMy9MosRRNGoVJ1zosNinesxg1TzHG7,Cbm5gsQe3nSiCsFrvepVzMCD9xLK3ri9g3ypS2hdmVJ7,2756.033211000007,2751.174847,2756.6837883740636,1.0002360557091474,0.2756683788374064,1.0,14251.302698,14610.757088,28865.42388736465
C98Sspw7XqnMsgxea3SLQVdbMDL8pKUc3RE82UvX9eq2,CSqgQJurPCzGxb4Cgwx5R61hWQUiaoUHcShNc8r1cKEL,6S2CR5EnukPhC914XkAns8m5GixjMAoUuZMsS5ubHuWc,39.619545000000244,39.655865999999605,0.0,0.0,0.0,1.0,949.451667,863.494056,863.494056
GokA1R67GqSavkd15zR62QD68Tuc5AEfvjssntVDEbM8,3YB7hfpBdbQEuZqLGWVDpRPmeZWCUsrrWyqGXegnQ6Cg,4DPCj6Z1DsG6HUtwSogBGqXEUxdEV5a8YVrrFtcnz7UW,56955.972727999964,56967.237632999975,56951.530508620286,0.9999220060835254,5.69515305086203,1.0,18882.112147,14910.194236,33790.833693122346
B2izdXFYb2sNwbWWHmh75T4aQFtfXsUxem9u2p61HGzf,4DYwgJtxwuJdAjkj5RJSNH4e7U329V5cNp7d3a1nLrZv,EXNW64GEf1ACC6xY9BtKRiunrs6GoJSXBdxWN2eTPmrF,9271.974401999982,9133.822270999995,9387.658517916265,1.0124767510026051,0.9387658517916264,1.0,8917.247381,31136.20043,40164.70608620137
MATSnbbiTCv7Dc3trJrkrqjx7ckKdr6fwPoVwv9q3sD,631WX9JizSHJm4w6VanZeJAst9T8DeUUnPLesdGkCVtK,211maUSfpnXbPuW1iBu8b4dtJv5EbN1j7JJiEX5TZKEP,183299.01335300005,183426.56995100007,183508.39643333046,1.001142303368143,73.40335857333218,0.9983965751003888,17786.761858,27184.868818,44948.35965842331
