0,1,2,3,4,5,6,7,8,9,10,11
C98Sspw7XqnMsgxea3SLQVdbMDL8pKUc3RE82UvX9eq2,CSqgQJurPCzGxb4Cgwx5R61hWQUiaoUHcShNc8r1cKEL,6S2CR5EnukPhC914XkAns8m5GixjMAoUuZMsS5ubHuWc,142.01503200000025,142.10258400000043,0.0,0.0,0.0,1.0,965.94522,847.004016,847.004016
7oAd7xG4m3oC2qeWB1szghTebAZyyGPAFDJ4wwwbRSNi,D9yh4KAysxt9GLacVe4Wwh2XqghhcjTCSTV9HuM7TBJd,HDYfJLpZKaMFb84jM4mRytn7XLR8UFZUnQpSfhJJaNEy,747.0036885940353,18.906116761999783,746.2047145207179,0.9989304282086997,0.29848188580828716,0.025112819195838593,1016.189648967,299072.01983666,8525.644321876149
GokA1R67GqSavkd15zR62QD68Tuc5AEfvjssntVDEbM8,3YB7hfpBdbQEuZqLGWVDpRPmeZWCUsrrWyqGXegnQ6Cg,4DPCj6Z1DsG6HUtwSogBGqXEUxdEV5a8YVrrFtcnz7UW,79771.92361600007,79791.29139799999,79770.88659447434,0.9999870001689978,7.977088659447435,1.0,18774.277486,15013.439214,33787.472637565494
heyk4SZTeCUV6a65WiVA5bzic3KcxgVf1qxobfeV4tQ,9ZDpBKPqMABtGfq66FbVribaArMvtk63xxy91onZAtDt,DaTP4s6N7xxSPinbNZ3FB52EpRDRt87QShTuN3VPCW52,95.887752104004,83.30229701099995,18840.50508906056,196.48500121918943,7.536202035624223,171.93007672551605,639.099951103,4489.208852463,897403.5771124862
SEQV6QiTpvTzrceiaYg9Avnwf7oc8ZALpnQMz6TyT4A,3dFMPj4r9mMmPHF32mz1gNDX7f8ftidWof7S8YiYTs1j,Fc1ED3YPeQfXQosHbd8DTaBd2AV5gHQtwiSAL5C5pUhi,168.47847598100043,168.54263906599954,168.26474878932422,0.9987314273207201,0.06730589951572968,0.9995012488768105,3901.540041654,1702.896017044,5598.637350292865
KEVpg4SYCVrqFxKijQH6hm4QxsRdoE51ud64bEEFUC9,2bPenuBYfqzD8p5dFjCcggwkHDsc2RQDnx9AoyYGUBjA,AE6n6iLuX8oYu61vt5hoDYkjswpnxFxrhSehxrnQTnbx,150.47138194399986,150.55523772100014,150.34081846020808,0.9991323035509811,0.06013632738408324,0.9989304282086997,4176.469168323,3435.290421914,7604.461393040006
NorjjEePhxfwLF4vZjUHCrVVKLzQjEEGQFd3wgjEJmh,34M8pFVqgbV7aqHxvRT5tCv3vu2P1JJYT8J3VaxBK2oG,3AZWBSze3ucsY3xSeuLne3b2pauVqiaJ1SZSV5T9WGWw,6.183387000000039,10.24133399999846,3.733113292867163,0.6037327589017377,0.001493245317146865,1.0,38036.233836,2313.828459,25277.54885103991
HEDSDjj84KS7LKhZY7ejkCACTdPen62rKhCby1wXtgxc,EnnjMSFttpCTywBrYNt1J5QQeoSVkvzPipJDa8Y7kJow,6bjVT6JN2rSvpyn9PdfLYC8wJn4LWh49jpY47fnLDXZk,2.1316661820001173,2.2022991349949734,2.061067750259199,0.9668811034593248,0.0008244271001036797,0.9989304282086997,39143.755370153,9078.917907843,46916.56473918864
7dwD9TF6uikvHXxPFK9AsSim54yJoujQjY9vU6gNFumk,CquVr6atkvwueDYficKjn6SSEWq4F4rH4VSiBbW4GBWU,8BCa6ge3b7ho3TfZuM64Vk1hgbrJ3J7EPiAb9uP86CGd,0.14082796799999997,0.1417941379999994,28.27855511626744,200.8021241651903,0.011311422046506975,202.13674712652505,2.278788619,1.899833738,841.6118070992075
MNkYtBe2HtgL15osfaMmyqNW3vo4J399FXXCS4a39Wf,2mUxDu8NrhSKhQJMgKfYLxJqZzeEbmwhQdHeHMyohyuk,AZCBmDBcFsA2jHHhfFJBTsWCHx9XnnKmGfFsue3ZVW1t,0.10277171999973689,0.034383980000029624,0.10272898679580955,0.9995841929674093,4.1091594718323826e-05,1.0,2195.09800886,1941.15861746,4135.3438891306905
BSCrK1Nx9PXU9mF7STWWBqeHLxmtJDr9h7jheEy4tAWX,FfSySSbVJPvEo5a5AvrP3nySoXpRE2QPn1uUMpJJ1x7v,HL7Vcj6838ZmvBHDbQxXfjBNckNi83WvPiZQoMQLFeRM,1.9969999999203125e-06,1.997000000031335e-06,0.006688190336855421,3349.118846831399,2.6752761347421686e-06,3343.5870001337435,0.879978304,0.923083418,6033.5616391929525
BUSDTd9WiT6uBHJRgNvFXBsA7JrifsAtWzKfioN7ERcy,DyBxrn7gSc1EwnpWhDyhzvMHPtxpmBqRqotapLcKcfTM,Cds99GeBgoCpqBsoRWu1C6fF9LiUMd4pXQQD24s9LPff,13494.405883729996,13522.126791929993,13473.13127052858,0.9984234494364019,1.347313127052858,0.9986418470879603,3084.5674946,2423.31842695,5499.73170794957
SRMuKizofcAMicegrfSv7xs9q76tH1w8aAF7oX9FEWu,72Hj2KWntXPfbie4UgKeTPnm1XVkomDfCnRPKbvfTtPi,6aqJQ5wedqpUt4fFEDUqUmXhrdxCu4bEJsQdVPCADLko,0.2849049999995259,0.2849049999995259,0.016893279101039892,0.05929442832195997,6.757311640415958e-06,0.05856956488787384,17693.037092,5263.487432,1357.3786883344055
parEAJhzYzHW87y9VoZAQ22dzQ2MD2ekEtTReaxbMcz,3oyc6hpjYSJEquK6dSvG72NXyz3pqLZz5D8AC71pwgQb,Di2vordgFJVZ1aj1aBpvzXtLfZgJsuLLXawGtVFwX6Rz,14.040708379999984,16.432712635000144,2318.970980467286,165.1605401740627,0.9275883921869146,196.0481015780108,1282.165736051,170.187537912,245128.1292787412
BkwbeSfcX1h4thMDd7obGkHrPevf3QwgzJ4pCEqG18Lu,35yX27bmurdebhfAb8EPmjLETDiUaEUCn9zHaDPbakH2,2CxECn1ZJFoESyUnQysQU8rRgT3iJ5GRs2Mdd6gZjx5g,0.39508340000000786,0.25030832999999986,1068.1971556805488,2703.7257340615365,0.42727886227221956,1752.1419935871604,0.87627864,22.67567241,42100.21497156322
SERgf3DMJpQxUifu7VoFKmfne73d2fDJxSrxUMrcNJB,AJfM2GZ2tTB8UtN2krcyR9xufRJEx2mhSCbJyMgPo3GU,F4yRYkufQvERZcEKnKjJwRLU1btiMBUuEwq46hfm11QD,0.0018072549999992304,0.0013162789999974223,0.31005301553052594,171.560192408187,0.0001240212062122104,171.9607358612593,26.205244317,31.039868687,9833.41541758145
Lid8SLUxQ9RmF7XMqUA8c24RitTwzja8VSKngJxRcUa,4PgzyzLtds9bKZ2to9PMnKqJzKEUpjvNUaeN23phegax,AtymwxoVN9peZo7EXTcDz9jKVc4vRmisJKKrNfe3ewBa,270.1224146980064,231.60639947899983,54229.3941282543,200.75858639455043,5.42293941282543,171.98134896666727,1019.358088524,7673.72669003,1524382.7566348072
RajgMbScQbqqrdJfR2rxfHJiTiY5b6bJ2tTXiF4aPxy,725ZA3fhyBAKb5iopNRrcbSuQa3LXA1656Q3mBvYPxeg,GLA6i1dSZpUfk2f9Nj8uiG7xyDdAR2reff8oEiZH3617,102075.92607799004,102492.46865643996,101948.72159958858,0.9987538248900699,40.779488639835435,1.0,103018.86667829,78729.23833561,181619.7254663923
iLiUBQ7Z7im6Ew3b4ewwPcehzWgEQRJ1iQz7g6D62NW,GpugBvKWM3TVhYcZjemSdtehBWgfvuGr6uAm9iPjXT6v,92fMXJ3xy8tEyMUWLHKRLyhPw2nECBo77GtDiBBbYrjX,0.011660785999993095,0.011932958999977927,0.011392169332976347,0.9769641028471917,4.5568677331905385e-06,0.9989304282086997,1865.511696425,1097.946510699,2919.3101389315925
STK75uPSyBnEhGTTzb1nwmP3n427XoXmfRhXxxhyady,6TYyD5fUmDe6N65avW1Ny2RxzRNobw2RRgKwH9CTzSAU,54zDfk4cx2vGrEajPtodWpArNe5eUurytyxd4X3aZAxK,195.40615613400013,218.3182708600005,33642.011063293394,172.16454040589858,3.364201106329339,192.33143784290291,548.031615839,101.021802773,113781.27984963664
YAkoNb6HKmSxQN9L8hiBE5tPJRsniSSMzND1boHmZxe,CfWX7o2TswwbxusJ4hCaPobu2jLCb1hfXuXJQjVq3jQF,EnTrdMMpdhugeH6Ban6gYZWXughWxKtVGfCwFn78ZmY3,12788674.217244985,12787291.20989192,12788674.217244985,1.0,1278.8674217244986,0.997435593090165,590679.957659,973958.624869,1562140.9563004926
ALLwa5WNZbvQsRKAqe1jdRGemdYQnW8E5k4msbRFcYtu,CGoM82Hbz7QVqTgvQatYtjvDWBvoUJp5qm21P8iMs9yb,3dxNNww8TivyN5FMy5dCNdi3Zcxv6e4kUfSPxfFwpdNq,9.563549375,9.550584218000003,32009.737841818114,3347.0562640157978,12.803895136727245,3458.831260916936,8.006521749,0.590037233,28839.117999574497
RoBgmK8CvjdHvPrqdDyVw54VwjZv2TqJ493xnqJAQHx,ExiHJxM7qPAcy27NDHAF6G7vnW7muNHi2sVJpnaNynGQ,6rkPHSqZb7StM4HwS9EuVrmfkV7tRdc7dnsFhyB6cefE,121.72826599999942,146.56329399999998,0.0,0.0,0.0,0.9543760527960832,6193.911519,20.259777,19.33544600378887
Lee1XZJfJ9Hm2K1qTyeCz1LXNc1YBZaKZszvNY4KCDw,9DgFSWkPDGijNKcLGbr3p5xoJbHsPgXUTr6QvGBJ5vGN,2hNHZg7XBhuhHVZ3JDEi4buq2fPQwuWBdQ9xkH7t1GQX,1960.919543822929,1668.160774162954,396645.85734300874,202.27543684414718,39.66458573430088,172.13872728887702,7282.840542047,56341.215388359,11171644.862969436
BUSDgu5JdqP1rndBvXvanbEufS94FNh1w5FJcAj6vawb,Bgzr8cWubt89JQFXndVjtdKmDbGzuPxNhvjH1EhWCwbo,Dxaf8xPBBQsasRKW5Aa4Sw2YrbfGofY9xZueyyF23FBW,31978.552274889993,31956.260475559993,32009.603831278608,1.000971011949562,12.803841532511443,1.0,7119.85025198,7757.26331444,14884.027026093765
KwnjUuZhTMTSGAaavkLEmSyfobY16JNH4poL9oeeEvE,J63v6qEZmQpDqCD8bd4PXu2Pq5ZbyXrFcSa3Xt1HdAPQ,BnKQtTdLw9qPCDgZkWX3sURkBAoKCUYL1yahh6Mw7mRK,1218.9297540000066,47737.25632199983,32.69789500065994,0.026825085607566326,0.003269789500065994,1.0,273898.564709,667.145398,8014.4978441084695
KZMu9QBEdL97EFgamLbN5DE1AoKBG4HdrKKJo4Vuon3,DD4ACBWyVqdaKWh7v5btsgqQCCMwbKnuL2xd9pv7Gyuw,GcYqiJ1MAuYbNTNYXm1F1gQYTfTgkErACAhNU5dpVj9T,1423.97732111,1435.3139775499997,1403.1562226791575,0.9853782092438015,0.5612624890716631,1.0,2031.26390871,1056.58958649,3058.1527793562245
FrnkTEL6yZ5Aycq2TrEgu29dCrwKG4LPUZydfiwqspkc,DjvZuMZ46fxKBoBpGMPcRcos4xdTtHFxwMh69DpA2ZFY,9rvDPJLAng4uVVqnnSoEXgNDFhBZQTny9AoQioYDZbQX,12.48805426799953,10.536149521000254,2549.994367901969,204.19468983541296,1.0199977471607875,172.2544280584549,313.388447841,2515.520750418,497301.8450373223
KysFMBBoavfov2tLpvefWW6tPFt6rAeZWDJVy1mMQae,B8ka2V21TH3x64dFV8ETcjuQcwmrciJ2qzy1mJUttRew,7fSf7EYxBANyxzk2s5pymFgshA91tFYQNKKs5UnLWcYS,196.43281800000022,263.6066839999985,0.0,0.0,0.0,0.026818720228371055,134585.890627,2549.363722,68.37067242067673
SHRJZYZxBfNz1SL5puXfaymPnndnJTY6MJrTrzpsYMc,BKJWe131yeNE594dMwrLyT25RPsytUgcTdMpph8rbuda,EreMRai79gFEuXwrMnj6kpV4pvVAUqukjSuy87XQTT8K,0.0016870000000000001,0.002020000000000001,0.0015803086238762435,0.936756742072462,6.321234495504974e-07,0.9999840002559959,0.019865,0.000957,0.019565657369514447
MARpDPs5A7XiyCWPNH8GsMWPLxmwNn9SBmKvPa9LzgA,6YjT74rmcfCpw8LSjPNx5JTmZoYLGrTKnf9arfSgZ4SR,F8GSmi3vA8M8TsybLya1LQ4n1aFHCRbZ6k437PeTdXtg,137118.32692100012,143013.14013000036,130346.93404433117,0.9506164272222323,52.13877361773247,1.0,370763.030865,20815.28066,373268.7084069725
MATgk4zXLXtYkwBH678J1xZbRDZ45LicNzkRBHkxTuY,y8dALFo1bJrSzPYjMX14HJX448pXqYmrfXHD1K8MXih,GN7Yuet3UyiWS5YVkEHv6oQKi4HGBJc3XDPt9zQhAqZz,15550.746285000003,15552.075925000005,15550.746285000003,1.0,6.220298514000001,1.0,9282.999267,8233.771829,17516.771095999997
SQDY9uoDoCbNq7F3HAHYYQZbrUzpKxDtdWLvYcqBLak,GiehZ4X2uQjhEKuxSm3ACmEFrabxh3RTvjbLfLjw1xGX,rxDQYV77NKRKYxCjq4cECX3QQsiSyLv1T1FT2X3zNA2,1.3401231699999698,1.3428991199999984,1.3415710457938614,1.0010804050152282,0.0005366284183175446,0.9989304282086997,169.928535054,236.543541072,406.40266746855787
DFWzVTzNBrQZLjoQ4yQwkj9HuoXmfkuZP9V5vbymZe23,DhgiEgiNdqZdRdo195UUHnoEJUtefK8buko8nU97XJUZ,2K2kkXsouBHtWVjtcgkyiXd8eP3oVBvq1bTJzcVdLLr2,519.616958815991,629.7739856200142,423.753043827187,0.815510419045519,0.16950121753087483,0.9989304282086997,68658.569671576,7680.93832287,63664.501931842045
Sid7E679i9ABqptiAVhkmQ27YHN8vaYT4fppPwmxFsJ,GP7KB8o1bv527HG8kTzzzf4wJ5aEGHvcMQvVhLziUfmT,9gYxhAZ1M9wu5pxr8SBoa5NDm21gi3s9vMHaYTME77sa,6067.813816999997,13906.02162699998,68.15086635403833,0.011231535510055082,0.027260346541615337,0.026781703008321743,130134.768504,10797.009881,1750.775585556331
SoNcU2iwHMw6dGzsYNQkYFkUjwN1UdAjrWVRnStrZu2,8ivTTid27jZnYNc4w3CTA1Z6QS2twsFb8WMwUabeDJgc,CyXm53PMvHCbeXJBykU46Rcbo28xk5srhMZFg7gv6EYB,42.04473361400002,41.58533036799999,8500.802999693493,202.18472728919613,3.400321199877397,200.00296004380866,17.507834566,21.23566077,7787.011769637256
BSCNHw8CmxbZ8hCWWzMf5FaG2ajPT6JxfznKUNuRVrn4,7n9kgNL633yGzCYksgnzHyjG73ZLBAwvEae5sbAekbzW,SscdxE99omdG9AiMVwmaEMQySQnCgeAh1sPj2Leutm2,1836.1553203930007,1842.3292873209994,1830.2178283761632,0.9967663454442587,0.7320871313504653,0.9989304282086997,6894.146274837,4774.962478391,11641.708300547023
AUSejoEUCh2DBs9mof6BNC8Pubs22w4cJa1ccV9h44R,4xkyD7AfGQDwsQMy9MosRRNGoVJ1zosNinesxg1TzHG7,Cbm5gsQe3nSiCsFrvepVzMCD9xLK3ri9g3ypS2hdmVJ7,753.160566999999,752.7068260000033,753.5192421592668,1.0004762266839016,0.07535192421592668,1.0,14292.666877,14569.125619,28868.599045350944
SoN9GaFpSXfpyR5dth3x7PHPVhvJMpQqqDJfCSmPv1t,9kZ9iS68ViMPtoeqtnhAKuF2iqVyfHPdZHoUNdwCELr,BBhm5fJLjw3HRzjtKB8uMEYjGhY6EDm9co3cqpjrSzB9,2.777531621999998,2.724432182,562.31836149482,202.45255068956348,0.22492734459792801,199.0695885570023,3.808393378,5.762259735,1918.1096280103739
ercAoEmXjQzEvAFbdjAo81KtMxRGn9AW1ju882upmPH,CMRhskR2Eg6V42RTSdRTXGdozyPbWB8U9dVpijPWb9T4,7TKLLgrWswt6ZJ1pXhVR3FyufHGjJFqiEXxvWJfDcgRm,0.017355573000031654,0.017874055999982374,2.9843339248553287,171.95248608904387,0.0011937335699421315,165.77284710389034,315.338437841,983.216776455,217213.87269945
HDSBGqAuMRr6X2AfmmbXQPpRgU6VEhtfNVVZ3wUTZXg,DCZ1d8kNLgDcdSd99y4udLgwq46mfDXNS9KXj96kQf5L,Fq8GGYQM5Pz3q7LmVMbrXHJgsxA5ev86kTq8yGgGuYsa,21.987724767001055,22.098724162000508,21.831584987360845,0.9928987750531358,0.008732633994944337,0.9989304282086997,10949.48510922,10384.145206783,21244.76897040015
WiiQFxXqp8P9Fs1rt9SVcDyA3KUdJmUsog6wnVQAwba,3S2jpqSYxho6wiz3cafhjXruVY8cg4HYa2v3BqBHYFSj,Dfe67M6TfrG74gKRtdqys4e6E9QirPD53BkF4FujFjuv,19795.067619541995,19793.051414153993,19767.417627856346,0.9986031878133949,1.9767417627856345,0.9989304282086997,16004.75611318,10720.95177159,26691.885418796683
KEN5P7p3asnb23Sw6yAmJRGvijfAzso3RqfyLAQhznt,9zj4aX38Uxf3h6AUjS4EipWS8mwbEofasHAf3a1uKGds,CwQDG1MWunn9cLNwcZLd8YBacweSR7ARo32w4mLua1Yr,78638.20233900123,78658.10809399933,78473.95634836411,0.9979113714994517,7.847395634836412,1.0,2039698.659593,1870014.21452,3905452.701360044
AURHmCnNwiW4uA2Qj1XvEh4iKgRUZYXtiY7FKAapUV5Y,BKWm4TRnTeKwfWXRyuzjRHU7iZDkPuXBX5b5V5jSVfGJ,A5Ww74HVrkj9nPeC7pHKLfgeDMEhBCpW1efQdz3TGLEg,0.015911036000090917,0.015784594999843193,3.0560204484760685,192.06923097016474,0.0012224081793904273,171.17267317282585,289.554714948,1813.382558291,366016.09141149576
SUiuyGR7SFq3xeRVJonq84fjjeFwRSsFekcevJ53tzy,49GjCCPsv7fBqo6t3iKDrP1xxGDS8uWZbVCdfnp2gjMf,CEwj5xEbbJEjYqM8D6Ai8ByGz1mrh8mkAVsE5fzDSSSx,15.085657000000017,12.2300070000001,0.1694350922880112,0.011231535510055082,6.777403691520449e-05,0.9496135073025278,606.023883,2.069771,8.772061260479026
vEnkoSUkpnbRrPgBz9DfcVxNz67zjwMYBZraAvDDNSf,DtfyjjsZ5yCjWKLKHvwsfXs5QVsmm1QkK6Sh9JZHoq1g,e5wrKCRv4GhHvEf1VD5Pq2KGaZDXP77nTL612Jyrxwy,4764.243501,4766.903595999998,4742.027104017677,0.9953368468724028,0.4742027104017677,0.996810207336523,1172.955878,784.211842,1949.1965739487475
BSC8REUo9LpiiWUuqMuLXs2D2yJsJfGd4HdiF3wCLxk5,AZjEH1zWVx1UJ6udMyRijGTzPteuLnaY18yNNmprJEsh,Caf8ypkSVR8xYnXNhjvfvdGCC7mrM3C11rz8Xi6NA6aK,1319.3060387270007,1318.1770051609997,1320.0903545700842,1.0005944912098184,0.5280361418280337,0.9989304282086997,2858.971588668,3449.777368227,6306.758805814262
ZUCKWFa4LTL833dPhhpeeRWZcaAEoMeYJPi2iKn4F8N,7eEYpq6ShaJ9opZWMxitRFrdCHh6vfyHhGfoSvFht3N2,H8VggnHmuwd1wvwpT8eg9cUJFEfZ7HAaeYjgXrSm7A2u,3.4852431360000082,3.4779662540001937,3.4915437978689092,1.001807811284045,0.0013966175191475639,0.9989304282086997,1690.42965651,2156.664613795,3847.8435404787124
ALBpShJ9NLpE739pcHDF2LNVk5J4VYPvvKuV6jMPitZi,D6d156U1bPiJpDYRLextvDRccgFk7QzkQbJg42ceKEu5,GNcM8U5g8RwTZffwwm3kSQqUNPSwv5d2fbN9sLxPJqt2,1171.6308930000014,1171.975440000002,1167.1013725730454,0.9961340039307448,0.46684054902921823,0.998115557826823,49928.904429,50298.313559,99939.40877642501
SAMyS8Jr2HJrkFwYVKbpUwsNStnQmvz3f8Tup8bWUWF,6jPzm5TFfquvgm25sTyN3MMGBfufRaFHMxobDWv6hMFW,Cj9ECoDmxsHTDzCY5ZA6RWrPbg9uFzEC1Qc2kso2vJG6,15763.701900169981,380.8234577699999,15533.208349442606,0.9853782092438015,6.213283339777043,0.02697675547864183,600.75706107,114167.79329915,3671.849560395018
BSCuChvaSj9b5HUSqgDVRzcnr2sSn7cXaamt1jbKH6hn,GnKpRj5kBVPMJfiwZtEuD9GYApLzPdW5JFuZTcyX4BTc,3dmwD9okkomV9nDwyuh4UMhKdUR13QpuKxRo89ycZB5t,194.76679290000038,194.85303359,195.19443247525,1.0021956493141477,0.0780777729901,0.9960506591365237,1314.562423164,1782.908803317,3093.316229971033
MATSnbbiTCv7Dc3trJrkrqjx7ckKdr6fwPoVwv9q3sD,631WX9JizSHJm4w6VanZeJAst9T8DeUUnPLesdGkCVtK,211maUSfpnXbPuW1iBu8b4dtJv5EbN1j7JJiEX5TZKEP,61997.65991300001,62026.211500000005,61976.83569620609,0.9996641128580798,24.790734278482436,0.9987994430694306,21078.520656,23816.546184,44859.39371635752
B2izdXFYb2sNwbWWHmh75T4aQFtfXsUxem9u2p61HGzf,4DYwgJtxwuJdAjkj5RJSNH4e7U329V5cNp7d3a1nLrZv,EXNW64GEf1ACC6xY9BtKRiunrs6GoJSXBdxWN2eTPmrF,8774.953778999989,8634.467130000006,8892.999453749053,1.0134525694062992,0.8892999453749054,1.0,8989.578523,31061.856861,40172.368313014034
Cob4usZcpHEY7Qt4ZCwj6WVg9S44zvzYV2v9qYF65dTf,NhFM9UXE48PyNAyeyPYA3iXztqKVJwA4bTdLj4ysM8w,6TuFuynuBoeskxyR2cz4wxyidk8dpDK7kAWw3UkjQGx,328.77248900000234,12570.077790000043,3.69261988493272,0.011231535510055082,0.0014770479539730882,1.0,68160.851055,215.336097,980.887116019808
daob129AwBGn9Y5r91uLoWZeYiGzbPmksauMhFZKTze,6VW5GQNyj4LStgmxEHLr5zUfW92vQnmbw8jTnCH7a38F,4VPCCUifPeBA1c7HWK358CHn2nyjm8pdTRk6Ps3KmnMQ,25.05928732200006,22.537089898999945,4593.216971337962,183.29399844126783,1.8372867885351847,171.1765994741455,49.495623494,222.126342234,47095.0826528052
JSoLLrxK5bYdHwTEWYaGgmeycBCNXKDiBCTw5hXGBg7,xG4wXczA7Dk4hccJ61CHKpDHW4NrNfQwgmWgkb9BuF2,BVR6WgfhsRr9Lob4QDnkEAiNGgAbv7ZieKcY9kSg3QYR,19.97581590700021,17.184286119999978,3840.734173601056,192.26920149254735,1.5362936694404223,171.17369868191116,17.86741565,167.396545875,32089.23964376091
wrmcMSHFi3sWpAEy4rGDvQb3ezh3PhXoV2xNjgLBkKU,8p4mGnARWPBu6P2Gcw4adodLkNDorrXniZMhaY7eJXUn,AyY89zccbsgp9LKFgH4CFZMJmpSgqmPSdTfukhP227rc,0.015888940000000018,0.16834681000000273,4.9637425804436175,312.4023742580444,0.001985497032177447,3329.227286346839,49.19517268,0.16617012,15921.906844946008
DA1mL7dfBow33EH5yjUuZE6SH2KeUK5zEXzsyhE5r5j5,B4UtLRZND3D83CitRCBUyeiNr7H8m7YFRqBmiPmXjhW4,AAmpYbuixWiSqDaJBCqYEs1pb5SrbdPr9mgXrB58Q2e,0.005471154000133538,0.0054763200000707,0.0054645357751719045,0.998790342044572,2.1858143100687616e-06,0.9989304282086997,1637.764926542,1469.029598037,3103.2421565878417
