0,1,2,3,4,5,6,7,8,9,10,11
KZMu9QBEdL97EFgamLbN5DE1AoKBG4HdrKKJo4Vuon3,DD4ACBWyVqdaKWh7v5btsgqQCCMwbKnuL2xd9pv7Gyuw,GcYqiJ1MAuYbNTNYXm1F1gQYTfTgkErACAhNU5dpVj9T,90.25323927000022,91.20814264000046,89.3369264955818,0.9898473142700487,0.03573477059823272,0.9999229659347043,1913.65725316,1173.23532847,3067.373441856924
parEAJhzYzHW87y9VoZAQ22dzQ2MD2ekEtTReaxbMcz,3oyc6hpjYSJEquK6dSvG72NXyz3pqLZz5D8AC71pwgQb,Di2vordgFJVZ1aj1aBpvzXtLfZgJsuLLXawGtVFwX6Rz,5.67318630999992,6.624563669999787,1045.5649560547097,184.29942168684468,0.4182259824218839,216.3932609945088,1114.791239293,144.790433629,236787.0547970491
C98Sspw7XqnMsgxea3SLQVdbMDL8pKUc3RE82UvX9eq2,CSqgQJurPCzGxb4Cgwx5R61hWQUiaoUHcShNc8r1cKEL,6S2CR5EnukPhC914XkAns8m5GixjMAoUuZMsS5ubHuWc,184.0072670000004,183.84324600000048,0.0,0.0,0.0,1.0,865.853219,973.302328,973.302328
vEnkoSUkpnbRrPgBz9DfcVxNz67zjwMYBZraAvDDNSf,DtfyjjsZ5yCjWKLKHvwsfXs5QVsmm1QkK6Sh9JZHoq1g,e5wrKCRv4GhHvEf1VD5Pq2KGaZDXP77nTL612Jyrxwy,3669.8565259999996,3668.6866579999987,3665.044322804158,0.998688721708397,0.36650443228041585,0.9988024358793807,878.911582,1080.709385,1957.1742505379925
RoBgmK8CvjdHvPrqdDyVw54VwjZv2TqJ493xnqJAQHx,ExiHJxM7qPAcy27NDHAF6G7vnW7muNHi2sVJpnaNynGQ,6rkPHSqZb7StM4HwS9EuVrmfkV7tRdc7dnsFhyB6cefE,0.5725469999999966,27.1211830000002,0.0,0.0,0.0,0.9593154325073627,6133.148968,21.490509,20.61617693613837
MARpDPs5A7XiyCWPNH8GsMWPLxmwNn9SBmKvPa9LzgA,6YjT74rmcfCpw8LSjPNx5JTmZoYLGrTKnf9arfSgZ4SR,F8GSmi3vA8M8TsybLya1LQ4n1aFHCRbZ6k437PeTdXtg,108186.6682420001,111675.94850299956,103547.2344045062,0.9571163997109509,41.41889376180248,1.0,343268.634045,19886.315722,348434.3548728464
ercAoEmXjQzEvAFbdjAo81KtMxRGn9AW1ju882upmPH,CMRhskR2Eg6V42RTSdRTXGdozyPbWB8U9dVpijPWb9T4,7TKLLgrWswt6ZJ1pXhVR3FyufHGjJFqiEXxvWJfDcgRm,0.343264683999962,0.35127294899996286,65.00150334991241,189.3626300045466,0.026000601339964964,184.22289348950767,318.814535688,983.385739669,241533.725339701
SEQV6QiTpvTzrceiaYg9Avnwf7oc8ZALpnQMz6TyT4A,3dFMPj4r9mMmPHF32mz1gNDX7f8ftidWof7S8YiYTs1j,Fc1ED3YPeQfXQosHbd8DTaBd2AV5gHQtwiSAL5C5pUhi,4634.006516352,4642.303365931,4611.867848898053,0.9952225644534969,1.8447471395592214,0.998912184630937,4579.776366155,1029.355883864,5586.132914461593
Sid7E679i9ABqptiAVhkmQ27YHN8vaYT4fppPwmxFsJ,GP7KB8o1bv527HG8kTzzzf4wJ5aEGHvcMQvVhLziUfmT,9gYxhAZ1M9wu5pxr8SBoa5NDm21gi3s9vMHaYTME77sa,2496.1319000000058,6103.1289959999995,29.090424297313483,0.011654201565755966,0.011636169718925393,0.028455996415455043,130511.319041,10646.838678,1823.9716219735947
KEN5P7p3asnb23Sw6yAmJRGvijfAzso3RqfyLAQhznt,9zj4aX38Uxf3h6AUjS4EipWS8mwbEofasHAf3a1uKGds,CwQDG1MWunn9cLNwcZLd8YBacweSR7ARo32w4mLua1Yr,267313.73214299907,267351.3885160056,266600.3097142039,0.997331141864371,26.660030971420387,1.0,2202284.45355,1991156.900483,4187563.769252174
moFiBS1R4Lf3E3zzmBPnw3NF4RhWPkhREFviuzUaCAU,44ALBrpqi9PfZkBRTvbtRNtFJGsatfY4QydjtMbFWq8S,2ho8qEEie1UjVwWNBo9y4oAJZMyMLx8zPj9bxyUz6uWs,6635.891580227999,6658.741817200003,6602.291561141076,0.9949366232584276,2.640916624456431,0.9993907174515427,45593.241191109,21528.100735672,66877.36947368136
heyk4SZTeCUV6a65WiVA5bzic3KcxgVf1qxobfeV4tQ,9ZDpBKPqMABtGfq66FbVribaArMvtk63xxy91onZAtDt,DaTP4s6N7xxSPinbNZ3FB52EpRDRt87QShTuN3VPCW52,44.70130447499923,38.856914430999836,9436.229096301453,211.0951616988939,3.774491638520581,189.75051223150777,638.483657886,4490.083119707,986776.3829299961
YAkoNb6HKmSxQN9L8hiBE5tPJRsniSSMzND1boHmZxe,CfWX7o2TswwbxusJ4hCaPobu2jLCb1hfXuXJQjVq3jQF,EnTrdMMpdhugeH6Ban6gYZWXughWxKtVGfCwFn78ZmY3,8057198.956259954,8054774.482306007,8057198.956259954,1.0,805.7198956259954,0.9964714944381944,946772.183235,495735.050241,1440758.0295940428
Lid8SLUxQ9RmF7XMqUA8c24RitTwzja8VSKngJxRcUa,4PgzyzLtds9bKZ2to9PMnKqJzKEUpjvNUaeN23phegax,AtymwxoVN9peZo7EXTcDz9jKVc4vRmisJKKrNfe3ewBa,337.6361049330171,288.4496886130004,75187.33695000468,222.68749061928946,7.518733695000468,188.9435880576316,998.146500265,7663.180942051,1670183.6425404162
MiMuMS9C4vBqcrYeeQPph1E7oAW9aNKvW9k6Zw9XffM,Afy2q2hh6Y474pshJa5fnQ6PfEchGyTbKrQpCZw2hr3m,5pXz9ksgjeL8Wgb37bksUaBFMLdFfsNNY3FQnikkCPtS,0.002540018000001254,0.1672660000003816,0.0,0.0,0.0,0.028455996415455043,26.038771287,7671.570473759,218.30218190219685
AURHmCnNwiW4uA2Qj1XvEh4iKgRUZYXtiY7FKAapUV5Y,BKWm4TRnTeKwfWXRyuzjRHU7iZDkPuXBX5b5V5jSVfGJ,A5Ww74HVrkj9nPeC7pHKLfgeDMEhBCpW1efQdz3TGLEg,0.07249742700014394,0.06470085800003744,15.26016494616632,210.49250404619215,0.006104065978466528,189.86814227123688,289.898159006,1809.487310886,404585.383588855
AUSejoEUCh2DBs9mof6BNC8Pubs22w4cJa1ccV9h44R,4xkyD7AfGQDwsQMy9MosRRNGoVJ1zosNinesxg1TzHG7,Cbm5gsQe3nSiCsFrvepVzMCD9xLK3ri9g3ypS2hdmVJ7,28898.348104000015,29095.182419000004,28860.223748428343,0.9986807427388421,2.8860223748428346,1.0,14917.626824,13948.187438,28846.134074493195
CZgvH45CRmoaNJ7395Ao5CQZXkGznvqU7cErD6n7FaRg,4ZjU6MKvtqVQKCiowhvZ5yUsPxXX5SCzd5eFsPeXyey5,BsyWeshjDbCvjDojry3vKDCesmFRM37WtwcR4Kfgzqr,20.73469116000024,20.274860099999955,21.245324227432516,1.0246269917160546,0.008498129690973006,1.0,321.67435051,786.13889085,1115.735112925277
B2izdXFYb2sNwbWWHmh75T4aQFtfXsUxem9u2p61HGzf,4DYwgJtxwuJdAjkj5RJSNH4e7U329V5cNp7d3a1nLrZv,EXNW64GEf1ACC6xY9BtKRiunrs6GoJSXBdxWN2eTPmrF,5320.596022999998,5231.363970999993,5394.571785900046,1.0139036609019485,0.5394571785900046,1.0,8169.54803,31899.659403,40182.794058531304
SAMyS8Jr2HJrkFwYVKbpUwsNStnQmvz3f8Tup8bWUWF,6jPzm5TFfquvgm25sTyN3MMGBfufRaFHMxobDWv6hMFW,Cj9ECoDmxsHTDzCY5ZA6RWrPbg9uFzEC1Qc2kso2vJG6,1513.0130038299976,43.24115718000019,1497.7672460105289,0.9899235778008014,0.5991068984042116,0.028455996415455043,616.87285143,113603.49526727,3843.3576342443666
Lee1XZJfJ9Hm2K1qTyeCz1LXNc1YBZaKZszvNY4KCDw,9DgFSWkPDGijNKcLGbr3p5xoJbHsPgXUTr6QvGBJ5vGN,2hNHZg7XBhuhHVZ3JDEi4buq2fPQwuWBdQ9xkH7t1GQX,1591.963641527882,1352.3071741810072,355529.09308930836,223.3273950578987,35.552909308930836,189.50936782707043,7227.471391028,56400.150367883,12302449.200182991
BUSDTd9WiT6uBHJRgNvFXBsA7JrifsAtWzKfioN7ERcy,DyBxrn7gSc1EwnpWhDyhzvMHPtxpmBqRqotapLcKcfTM,Cds99GeBgoCpqBsoRWu1C6fF9LiUMd4pXQQD24s9LPff,19633.882187460003,19656.875930699996,19619.92594553717,0.9992891756306987,1.9619925945537167,0.9980219205534631,2961.8844675,2565.12603536,5519.831100113124
KysFMBBoavfov2tLpvefWW6tPFt6rAeZWDJVy1mMQae,B8ka2V21TH3x64dFV8ETcjuQcwmrciJ2qzy1mJUttRew,7fSf7EYxBANyxzk2s5pymFgshA91tFYQNKKs5UnLWcYS,23.98039799999833,23.025211000011495,0.0,0.0,0.0,0.028455996415455043,134646.653178,2504.700515,71.2737488766284
MiMy69CnJDY4V6cQWkU3HHfTyb8pqXJmhX4MisFYDnM,,,0.0053550320000000096,0.002540018,0.0,0.0,0.0,0.028455996415455043,134646.653178,2504.700515,71.2737488766284
STK75uPSyBnEhGTTzb1nwmP3n427XoXmfRhXxxhyady,6TYyD5fUmDe6N65avW1Ny2RxzRNobw2RRgKwH9CTzSAU,54zDfk4cx2vGrEajPtodWpArNe5eUurytyxd4X3aZAxK,294.0921989130004,328.8192036679965,55622.104427266335,189.13151941075697,5.5622104427266335,211.73682636987374,582.144217616,106.130568738,132573.57019931427
daob129AwBGn9Y5r91uLoWZeYiGzbPmksauMhFZKTze,6VW5GQNyj4LStgmxEHLr5zUfW92vQnmbw8jTnCH7a38F,4VPCCUifPeBA1c7HWK358CHn2nyjm8pdTRk6Ps3KmnMQ,80.42706086900054,72.19020933399997,17062.220908359508,212.14527453826048,6.8248883633438036,189.13151941075697,46.98217325,225.016962959,52524.84614015506
FrnkTEL6yZ5Aycq2TrEgu29dCrwKG4LPUZydfiwqspkc,DjvZuMZ46fxKBoBpGMPcRcos4xdTtHFxwMh69DpA2ZFY,9rvDPJLAng4uVVqnnSoEXgNDFhBZQTny9AoQioYDZbQX,63.54273641399823,53.43167199700014,14240.465341961113,224.1084684987534,5.696186136784445,189.15158892063485,180.415815438,1454.384331507,315531.8192965883
SoNcU2iwHMw6dGzsYNQkYFkUjwN1UdAjrWVRnStrZu2,8ivTTid27jZnYNc4w3CTA1Z6QS2twsFb8WMwUabeDJgc,CyXm53PMvHCbeXJBykU46Rcbo28xk5srhMZFg7gv6EYB,113.71344614599995,112.69831624700007,25422.551573731424,223.56680265490047,10.16902062949257,214.2052343191058,11.97973023,26.036593376,8255.444569166713
ALLwa5WNZbvQsRKAqe1jdRGemdYQnW8E5k4msbRFcYtu,CGoM82Hbz7QVqTgvQatYtjvDWBvoUJp5qm21P8iMs9yb,3dxNNww8TivyN5FMy5dCNdi3Zcxv6e4kUfSPxfFwpdNq,10.099841302999991,10.097598008999999,35910.54685511108,3555.5555555555557,14.364218742044432,3564.211044064341,5.003943562,3.60338872,30635.037203436423
RajgMbScQbqqrdJfR2rxfHJiTiY5b6bJ2tTXiF4aPxy,725ZA3fhyBAKb5iopNRrcbSuQa3LXA1656Q3mBvYPxeg,GLA6i1dSZpUfk2f9Nj8uiG7xyDdAR2reff8oEiZH3617,1907.4170844600012,1907.0994632899965,1907.8439454643594,1.0002237900707904,0.7631375781857438,1.0,93851.39585468,87930.07339364,181802.47225884208
NorjjEePhxfwLF4vZjUHCrVVKLzQjEEGQFd3wgjEJmh,34M8pFVqgbV7aqHxvRT5tCv3vu2P1JJYT8J3VaxBK2oG,3AZWBSze3ucsY3xSeuLne3b2pauVqiaJ1SZSV5T9WGWw,0.7754680000011831,1.2879450000027646,0.46154606157961986,0.59518389099088,0.00018461842463184794,1.0,38106.662703,2271.677058,24952.148838248588
HDSBGqAuMRr6X2AfmmbXQPpRgU6VEhtfNVVZ3wUTZXg,DCZ1d8kNLgDcdSd99y4udLgwq46mfDXNS9KXj96kQf5L,Fq8GGYQM5Pz3q7LmVMbrXHJgsxA5ev86kTq8yGgGuYsa,1.0509947209993697,1.0570780239995656,1.0440654932355016,0.9934069813811441,0.00041762619729420066,0.9993907174515427,10982.81346223,10352.393939505,21256.489975129
SAMGk1Nd4haC8zQA63DG37pzuEZy8j4q13tSFtCbcRE,9U9TnkHD3jXMAVZtynCVLgDruuqN4pTvLJTmVHCLWS8g,C6zoEbvqSknmi96QWq96UBiPCyNW3YSTvKhavR2BfifE,0.004315120000000006,0.008442999999999756,0.007876663819099157,1.8253637950043444,3.150665527639663e-06,0.0,53.71062284,1.09934343,98.04142633926942
7dwD9TF6uikvHXxPFK9AsSim54yJoujQjY9vU6gNFumk,CquVr6atkvwueDYficKjn6SSEWq4F4rH4VSiBbW4GBWU,8BCa6ge3b7ho3TfZuM64Vk1hgbrJ3J7EPiAb9uP86CGd,0.10058244700000007,0.10111439000000066,22.410395024291464,222.80622208655797,0.008964158009716585,223.8781744525899,2.196513802,1.982410391,933.2153613375267
WiiQFxXqp8P9Fs1rt9SVcDyA3KUdJmUsog6wnVQAwba,3S2jpqSYxho6wiz3cafhjXruVY8cg4HYa2v3BqBHYFSj,Dfe67M6TfrG74gKRtdqys4e6E9QirPD53BkF4FujFjuv,48988.72049872899,49041.027539530005,49053.68641615957,1.0013261403190203,4.905368641615957,0.9994310858475544,6589.566204519,20153.273173042,26740.112584663417
BUSDgu5JdqP1rndBvXvanbEufS94FNh1w5FJcAj6vawb,Bgzr8cWubt89JQFXndVjtdKmDbGzuPxNhvjH1EhWCwbo,Dxaf8xPBBQsasRKW5Aa4Sw2YrbfGofY9xZueyyF23FBW,13042.72890374,13041.728869410004,13046.407338289031,1.0002820295182226,5.218562935315613,1.0,7526.63663591,7392.64116432,14921.400533934262
ACUSESXyNnwRLAg1dpSGMLSzUDdLjUMybY8rkXiAKhCP,AhFPQdu8GKBsxuhiH46UmCu1YpaLgNpoP325HnYtsgas,A8wxWpT3aFEr2XqZp1kDmbxbFfcBE95UUmdsNTDBJYbT,1006.949068724,1007.3508180609999,1006.3159953313369,0.9993712955179895,0.40252639813253477,0.9870941565090022,1040.125996138,1845.791608762,2861.442175404693
DFWzVTzNBrQZLjoQ4yQwkj9HuoXmfkuZP9V5vbymZe23,DhgiEgiNdqZdRdo195UUHnoEJUtefK8buko8nU97XJUZ,2K2kkXsouBHtWVjtcgkyiXd8eP3oVBvq1bTJzcVdLLr2,403.4124112979998,472.7931889180036,341.3961985375883,0.8462709350937636,0.13655847941503532,0.9993919299741266,61106.016555466,7767.807836064,59475.330235201356
wrmcMSHFi3sWpAEy4rGDvQb3ezh3PhXoV2xNjgLBkKU,8p4mGnARWPBu6P2Gcw4adodLkNDorrXniZMhaY7eJXUn,AyY89zccbsgp9LKFgH4CFZMJmpSgqmPSdTfukhP227rc,0.009516059999999313,0.042911999999997924,3.156940348269537,331.7486804696234,0.0012627761393078148,3565.0623885918003,27.12972799,0.09105128,9324.854955943449
KEVpg4SYCVrqFxKijQH6hm4QxsRdoE51ud64bEEFUC9,2bPenuBYfqzD8p5dFjCcggwkHDsc2RQDnx9AoyYGUBjA,AE6n6iLuX8oYu61vt5hoDYkjswpnxFxrhSehxrnQTnbx,3383.41701164,3417.504057614002,3371.5841538390337,0.9965026901028582,1.3486336615356136,0.9993907174515427,6164.009677303,1454.739620708,7596.305498497044
MATgk4zXLXtYkwBH678J1xZbRDZ45LicNzkRBHkxTuY,y8dALFo1bJrSzPYjMX14HJX448pXqYmrfXHD1K8MXih,GN7Yuet3UyiWS5YVkEHv6oQKi4HGBJc3XDPt9zQhAqZz,23737.93639700001,23742.164973999978,23758.249700493932,1.0008557316505613,9.503299880197574,1.0,8096.64448,9274.571127,17378.144161944878
AyiATPCAx5HZstcZ1jdH9rENwFb3yd9zEhkgspvDrCs4,DvHVapj4g2Y1tJVSw2ubSPkPBsJPb8fW387ZWXwaKmZq,DKjqWWgrtDRPKrnMWtZ4UiJk4sGQVCQgFjSo7BvfngvK,0.020424959999999992,0.02064235000000003,41.80217351261741,2046.62205030597,0.016720869405046968,2678.3083804269227,0.86517675,0.29816462,2569.266614454865
NorBXypYWTkV5PMs6Q9JsvNkmRwe7H9Zr1Kz2TcJH2Y,C82XDu1d1UjtuUwnkSTwVuWyH3AqpJ3ftb9W7en8rEUu,F7cZoYpWQSFuYJzW2UUFw6sVbTtaihyD5upeeHRUPABk,0.0011854311000000228,0.0011513934999999864,0.0,0.0,0.0,2650.2703275734125,0.2413313748,0.6643785041,1760.7826356938408
GokA1R67GqSavkd15zR62QD68Tuc5AEfvjssntVDEbM8,3YB7hfpBdbQEuZqLGWVDpRPmeZWCUsrrWyqGXegnQ6Cg,4DPCj6Z1DsG6HUtwSogBGqXEUxdEV5a8YVrrFtcnz7UW,23703.002382,23710.74841600001,23692.932885523653,0.9995751805482671,2.3692932885523654,1.0,22535.013023,10055.331917,32580.771628122773
KEnkcdADoLR5jS2CLLLesy8TtFsyWL37BhXNfDMzWzP,3qsjFRuw1qeLMPo4DLwaQevenGAGBj9dA3Q6rb8ax2YR,77iEv8zPQAEyCcEbvBRSB6AFcUdfkhiqnAKtPxk76rNN,0.07592699999999997,6.678472999999983,0.0008889400911138126,0.011707825821036166,3.55576036445525e-07,0.9987006904017873,112.421552,0.364419,1.680157456242089
ionytDfEj1mXodptgrsKEZro7DGsfpzANUfarJdm6Qb,3gkSjY95an9xNFSjCfsay6JZez7uv7yfW3Ad4ubc4fMK,9wXqANaSuEqkKL9yHzCPEDGHwbkStVAqV5rB3QDs3Jr6,0.018429649999999992,0.07252691499999964,15.80327253145279,857.4917337796865,0.0063213090125811165,3558.592220917405,3.176817521,0.077919606,3001.3788677525245
ALBpShJ9NLpE739pcHDF2LNVk5J4VYPvvKuV6jMPitZi,D6d156U1bPiJpDYRLextvDRccgFk7QzkQbJg42ceKEu5,GNcM8U5g8RwTZffwwm3kSQqUNPSwv5d2fbN9sLxPJqt2,29084.079625000006,29111.667371000003,28974.49807328684,0.9962322496318923,11.589799229314735,0.9976306272602569,50738.239255,49505.638625,99935.41154974818
BSCuChvaSj9b5HUSqgDVRzcnr2sSn7cXaamt1jbKH6hn,GnKpRj5kBVPMJfiwZtEuD9GYApLzPdW5JFuZTcyX4BTc,3dmwD9okkomV9nDwyuh4UMhKdUR13QpuKxRo89ycZB5t,5394.115786491,5407.179281334,5391.793276928756,0.9995694364648122,2.1567173107715027,0.9964287991837255,1612.198743806,1528.104918022,3134.1523383068484
JSoLLrxK5bYdHwTEWYaGgmeycBCNXKDiBCTw5hXGBg7,xG4wXczA7Dk4hccJ61CHKpDHW4NrNfQwgmWgkb9BuF2,BVR6WgfhsRr9Lob4QDnkEAiNGgAbv7ZieKcY9kSg3QYR,39.111507638000205,33.52876178599999,8162.636110101849,208.70164826300748,3.2650544440407403,190.27569425892563,22.267447724,162.441502349,35555.922678528026
Cob4usZcpHEY7Qt4ZCwj6WVg9S44zvzYV2v9qYF65dTf,NhFM9UXE48PyNAyeyPYA3iXztqKVJwA4bTdLj4ysM8w,6TuFuynuBoeskxyR2cz4wxyidk8dpDK7kAWw3UkjQGx,181.01204100000442,2038.470556999986,2.131024682970587,0.0117728338468408,0.0008524098731882347,1.0,67556.388447,222.357156,1017.6872924791666
SoN9GaFpSXfpyR5dth3x7PHPVhvJMpQqqDJfCSmPv1t,9kZ9iS68ViMPtoeqtnhAKuF2iqVyfHPdZHoUNdwCELr,BBhm5fJLjw3HRzjtKB8uMEYjGhY6EDm9co3cqpjrSzB9,8.644171779999997,8.483590366999994,1942.46729791854,224.71410186604837,0.776986919167416,209.5082380734293,2.31403121,7.323505595,2054.3301987745067
SERgf3DMJpQxUifu7VoFKmfne73d2fDJxSrxUMrcNJB,AJfM2GZ2tTB8UtN2krcyR9xufRJEx2mhSCbJyMgPo3GU,F4yRYkufQvERZcEKnKjJwRLU1btiMBUuEwq46hfm11QD,0.0020010010000000023,0.0019999999999988916,0.37562775889628236,187.71992562536548,0.00015025110355851296,190.62371507702056,29.277091343,27.96586623,10826.850725544584
BSCNHw8CmxbZ8hCWWzMf5FaG2ajPT6JxfznKUNuRVrn4,7n9kgNL633yGzCYksgnzHyjG73ZLBAwvEae5sbAekbzW,SscdxE99omdG9AiMVwmaEMQySQnCgeAh1sPj2Leutm2,17436.720440636996,17610.634408388003,16855.051647542365,0.9666411585208977,6.742020659016946,0.9982682850388456,9933.390700193,1780.971241091,11379.911401022691
BSC8REUo9LpiiWUuqMuLXs2D2yJsJfGd4HdiF3wCLxk5,AZjEH1zWVx1UJ6udMyRijGTzPteuLnaY18yNNmprJEsh,Caf8ypkSVR8xYnXNhjvfvdGCC7mrM3C11rz8Xi6NA6aK,26028.732911417,26001.555178544993,25998.478378134445,0.9988376486329351,10.399391351253778,0.9993907174515427,3404.083364208,2918.380974738,6316.729479396352
DA1mL7dfBow33EH5yjUuZE6SH2KeUK5zEXzsyhE5r5j5,B4UtLRZND3D83CitRCBUyeiNr7H8m7YFRqBmiPmXjhW4,AAmpYbuixWiSqDaJBCqYEs1pb5SrbdPr9mgXrB58Q2e,1.4419955840000966,1.441796894999925,1.4409298967442727,0.9992609635787735,0.0005763719586977092,0.9993691522201377,1636.322930958,1470.766300514,3104.9520995737585
MATSnbbiTCv7Dc3trJrkrqjx7ckKdr6fwPoVwv9q3sD,631WX9JizSHJm4w6VanZeJAst9T8DeUUnPLesdGkCVtK,211maUSfpnXbPuW1iBu8b4dtJv5EbN1j7JJiEX5TZKEP,90236.84481299996,90302.06841100004,90100.43275780465,0.9984882887308615,36.04017310312186,0.9988812529966438,28362.660996,22884.339593,51178.52264840614
HEDSDjj84KS7LKhZY7ejkCACTdPen62rKhCby1wXtgxc,EnnjMSFttpCTywBrYNt1J5QQeoSVkvzPipJDa8Y7kJow,6bjVT6JN2rSvpyn9PdfLYC8wJn4LWh49jpY47fnLDXZk,3.3774318079958903,3.364647488002447,3.2706352102785834,0.9683793474484158,0.0013082540841114335,0.9993907174515427,39134.311764038,9088.076295503,46979.39837811908
oKQqupM9E7SSLAFDLxr7mdsXP7znck9qRbVWc6Yyj7Q,CMR2J7CwfW98RpvnJmFBgRFTLAd3x8CJ1SWs8Bt3uunG,FmRb5jHfSNj1YWP3b45d9vvYuhwjp4om8bALmtqZpr1v,0.20774149999988367,0.2122697499999049,0.20347511318197808,0.9794630017694684,8.139004527279123e-05,1.0,4105.51129071,1794.16190118,5815.358313777261
SUiuyGR7SFq3xeRVJonq84fjjeFwRSsFekcevJ53tzy,49GjCCPsv7fBqo6t3iKDrP1xxGDS8uWZbVCdfnp2gjMf,CEwj5xEbbJEjYqM8D6Ai8ByGz1mrh8mkAVsE5fzDSSSx,0.026410999999999962,2.2177350000000615,0.00030955796280925514,0.011720796744131444,1.2382318512370206e-07,0.9534688148954712,610.715497,2.013501,9.077882621089064
BkwbeSfcX1h4thMDd7obGkHrPevf3QwgzJ4pCEqG18Lu,35yX27bmurdebhfAb8EPmjLETDiUaEUCn9zHaDPbakH2,2CxECn1ZJFoESyUnQysQU8rRgT3iJ5GRs2Mdd6gZjx5g,0.07177898999999932,0.052802530000000236,187.29514142573666,2609.3309675399228,0.07491805657029467,1533.7423312883436,0.78148171,22.82954956,37053.79099088623
KwnjUuZhTMTSGAaavkLEmSyfobY16JNH4poL9oeeEvE,J63v6qEZmQpDqCD8bd4PXu2Pq5ZbyXrFcSa3Xt1HdAPQ,BnKQtTdLw9qPCDgZkWX3sURkBAoKCUYL1yahh6Mw7mRK,145.10770200000047,5135.088951000187,4.153780359238001,0.028625498867303322,0.0004153780359238002,1.0,272834.20182,688.871284,8498.886419160017
ZUCKWFa4LTL833dPhhpeeRWZcaAEoMeYJPi2iKn4F8N,7eEYpq6ShaJ9opZWMxitRFrdCHh6vfyHhGfoSvFht3N2,H8VggnHmuwd1wvwpT8eg9cUJFEfZ7HAaeYjgXrSm7A2u,19.111728110000058,19.068087161999983,19.15715455104353,1.0023768882009,0.007662861820417412,0.9993907174515427,1680.954963462,2166.241201714,3849.871754234944
