0,1,2,3,4,5,6,7,8,9,10,11
parEAJhzYzHW87y9VoZAQ22dzQ2MD2ekEtTReaxbMcz,3oyc6hpjYSJEquK6dSvG72NXyz3pqLZz5D8AC71pwgQb,Di2vordgFJVZ1aj1aBpvzXtLfZgJsuLLXawGtVFwX6Rz,18.24849079099991,21.290276410000615,3330.5428907195756,182.51059382741872,1.3322171562878302,214.60917630208218,1113.675588365,145.733012428,234533.23472079026
YAkoNb6HKmSxQN9L8hiBE5tPJRsniSSMzND1boHmZxe,CfWX7o2TswwbxusJ4hCaPobu2jLCb1hfXuXJQjVq3jQF,EnTrdMMpdhugeH6Ban6gYZWXughWxKtVGfCwFn78ZmY3,7534262.366745003,7534582.225701977,7534262.366745003,1.0,753.4262366745003,0.9993943670135896,978524.838244,485822.860882,1464053.4687758975
Sid7E679i9ABqptiAVhkmQ27YHN8vaYT4fppPwmxFsJ,GP7KB8o1bv527HG8kTzzzf4wJ5aEGHvcMQvVhLziUfmT,9gYxhAZ1M9wu5pxr8SBoa5NDm21gi3s9vMHaYTME77sa,3143.1889139999876,8574.66918200004,32.99181091284395,0.010496286356157618,0.01319672436513758,0.030366002951879148,134576.188758,9112.348251,1689.2558078127045
KEVpg4SYCVrqFxKijQH6hm4QxsRdoE51ud64bEEFUC9,2bPenuBYfqzD8p5dFjCcggwkHDsc2RQDnx9AoyYGUBjA,AE6n6iLuX8oYu61vt5hoDYkjswpnxFxrhSehxrnQTnbx,605.7485147589996,605.6485308960005,605.9503168168104,1.0003331449485948,0.24238012672672415,1.0,3934.603326453,3678.902298891,7614.816418566932
GokA1R67GqSavkd15zR62QD68Tuc5AEfvjssntVDEbM8,3YB7hfpBdbQEuZqLGWVDpRPmeZWCUsrrWyqGXegnQ6Cg,4DPCj6Z1DsG6HUtwSogBGqXEUxdEV5a8YVrrFtcnz7UW,23526.218722000005,23525.90826299997,23536.55126800666,1.0004391928056418,2.3536551268006662,1.0,11990.445222,21683.154843,33678.86618227795
SRMuKizofcAMicegrfSv7xs9q76tH1w8aAF7oX9FEWu,72Hj2KWntXPfbie4UgKeTPnm1XVkomDfCnRPKbvfTtPi,6aqJQ5wedqpUt4fFEDUqUmXhrdxCu4bEJsQdVPCADLko,298.8301709999996,298.9494960000002,18.315197173713482,0.06128965195322766,0.007326078869485392,0.06156379172378247,17693.037092,5263.647493,1408.450183330689
Lid8SLUxQ9RmF7XMqUA8c24RitTwzja8VSKngJxRcUa,4PgzyzLtds9bKZ2to9PMnKqJzKEUpjvNUaeN23phegax,AtymwxoVN9peZo7EXTcDz9jKVc4vRmisJKKrNfe3ewBa,132.37979018701742,113.53246588500065,28832.828395832672,217.80385325508945,2.8832828395832673,186.65948400972198,1023.923821151,7668.486945612,1654410.3700895878
DA1mL7dfBow33EH5yjUuZE6SH2KeUK5zEXzsyhE5r5j5,B4UtLRZND3D83CitRCBUyeiNr7H8m7YFRqBmiPmXjhW4,AAmpYbuixWiSqDaJBCqYEs1pb5SrbdPr9mgXrB58Q2e,689.667843186,689.3459274080001,689.5717775625243,0.99986070740513,0.2758287110250097,1.0,1637.764926542,1469.305530851,3106.842328866595
BkMBnJpvHKtWhUvrgRrLesXfi9RUV3ELgdBaJcdH7hcY,5uerVwBnZQsuVhZ15igs7ZgmcqhHnYWbwoRtLyRqLvR,9YWiQh5d4jCtgMdzcGLv9bWgnLaFtzvDDh2nnhJdzhBX,83.49015441799997,83.51750933900007,83.4970148667295,1.0000821707514778,0.0333988059466918,1.0,1471.203929156,1401.334086734,2872.658905822436
NorjjEePhxfwLF4vZjUHCrVVKLzQjEEGQFd3wgjEJmh,34M8pFVqgbV7aqHxvRT5tCv3vu2P1JJYT8J3VaxBK2oG,3AZWBSze3ucsY3xSeuLne3b2pauVqiaJ1SZSV5T9WGWw,0.004470000000310392,0.001445999999759806,0.002698690320341419,0.6037338523834507,1.0794761281365676e-06,1.0,38036.233836,2313.833141,25277.595124966036
ALBpShJ9NLpE739pcHDF2LNVk5J4VYPvvKuV6jMPitZi,D6d156U1bPiJpDYRLextvDRccgFk7QzkQbJg42ceKEu5,GNcM8U5g8RwTZffwwm3kSQqUNPSwv5d2fbN9sLxPJqt2,1674.3968139999997,1673.5633639999942,1674.753536503275,1.0002130453786657,0.66990141460131,0.9994293258549367,48745.51432,51482.989177,100209.50849272269
KEN5P7p3asnb23Sw6yAmJRGvijfAzso3RqfyLAQhznt,9zj4aX38Uxf3h6AUjS4EipWS8mwbEofasHAf3a1uKGds,CwQDG1MWunn9cLNwcZLd8YBacweSR7ARo32w4mLua1Yr,121144.2404329998,121154.2398569989,121016.2052878053,0.9989431181809645,12.10162052878053,1.0,2030020.22624,1990579.830846,4018454.5656166123
MARpDPs5A7XiyCWPNH8GsMWPLxmwNn9SBmKvPa9LzgA,6YjT74rmcfCpw8LSjPNx5JTmZoYLGrTKnf9arfSgZ4SR,F8GSmi3vA8M8TsybLya1LQ4n1aFHCRbZ6k437PeTdXtg,71089.32627899997,72481.74389400001,69697.7411786275,0.9804248376906682,27.879096471451,1.0,333791.033089,29123.997563,356381.0170018833
7dwD9TF6uikvHXxPFK9AsSim54yJoujQjY9vU6gNFumk,CquVr6atkvwueDYficKjn6SSEWq4F4rH4VSiBbW4GBWU,8BCa6ge3b7ho3TfZuM64Vk1hgbrJ3J7EPiAb9uP86CGd,0.04331522799999998,0.043689781999999955,9.447382402900654,218.10764571989918,0.003778952961160262,220.14881179081812,2.330028808,1.849612979,915.3871973721484
Lee1XZJfJ9Hm2K1qTyeCz1LXNc1YBZaKZszvNY4KCDw,9DgFSWkPDGijNKcLGbr3p5xoJbHsPgXUTr6QvGBJ5vGN,2hNHZg7XBhuhHVZ3JDEi4buq2fPQwuWBdQ9xkH7t1GQX,1277.2201907990548,1085.9338811670068,281012.2774371643,220.0186619829094,28.101227743716432,186.94373722590075,7249.624316484,56373.840383926,12133789.045139108
SERgf3DMJpQxUifu7VoFKmfne73d2fDJxSrxUMrcNJB,AJfM2GZ2tTB8UtN2krcyR9xufRJEx2mhSCbJyMgPo3GU,F4yRYkufQvERZcEKnKjJwRLU1btiMBUuEwq46hfm11QD,0.00884333000000126,0.008854797999997999,1.6512616284684694,186.7239635372913,0.0006605046513873878,186.94373722590075,29.279092344,27.963749989,10694.756101040442
FrnkTEL6yZ5Aycq2TrEgu29dCrwKG4LPUZydfiwqspkc,DjvZuMZ46fxKBoBpGMPcRcos4xdTtHFxwMh69DpA2ZFY,9rvDPJLAng4uVVqnnSoEXgNDFhBZQTny9AoQioYDZbQX,32.11611608899966,26.993534499999896,7122.595104686125,221.77635318505216,2.84903804187445,186.31803333117827,180.968929443,1453.689708235,310983.23672379105
BSC8REUo9LpiiWUuqMuLXs2D2yJsJfGd4HdiF3wCLxk5,AZjEH1zWVx1UJ6udMyRijGTzPteuLnaY18yNNmprJEsh,Caf8ypkSVR8xYnXNhjvfvdGCC7mrM3C11rz8Xi6NA6aK,87.85214277400019,87.698625816,88.00579975629928,1.0017490408025036,0.035202319902519714,1.0,2710.771415228,3598.514230042,6314.026895081493
heyk4SZTeCUV6a65WiVA5bzic3KcxgVf1qxobfeV4tQ,9ZDpBKPqMABtGfq66FbVribaArMvtk63xxy91onZAtDt,DaTP4s6N7xxSPinbNZ3FB52EpRDRt87QShTuN3VPCW52,112.83453296799598,98.53429345200072,24163.112114647996,214.1464273309089,9.665244845859199,186.83748595215653,642.55853242,4485.329792541,975629.3561734031
C98Sspw7XqnMsgxea3SLQVdbMDL8pKUc3RE82UvX9eq2,CSqgQJurPCzGxb4Cgwx5R61hWQUiaoUHcShNc8r1cKEL,6S2CR5EnukPhC914XkAns8m5GixjMAoUuZMsS5ubHuWc,17.44518999999991,17.456968000000074,0.0,0.0,0.0,1.0,953.882076,859.084762,859.084762
KwnjUuZhTMTSGAaavkLEmSyfobY16JNH4poL9oeeEvE,J63v6qEZmQpDqCD8bd4PXu2Pq5ZbyXrFcSa3Xt1HdAPQ,BnKQtTdLw9qPCDgZkWX3sURkBAoKCUYL1yahh6Mw7mRK,676.9276239999675,23006.208118000177,20.516186804789236,0.030307799648593186,0.002051618680478924,1.0,272092.928203,710.617721,8957.155674775575
daob129AwBGn9Y5r91uLoWZeYiGzbPmksauMhFZKTze,6VW5GQNyj4LStgmxEHLr5zUfW92vQnmbw8jTnCH7a38F,4VPCCUifPeBA1c7HWK358CHn2nyjm8pdTRk6Ps3KmnMQ,20.61889207599998,18.557224490000017,4279.205136650327,207.53807337840647,1.7116820546601312,186.88141084999833,49.074303671,222.613995653,51787.20401885423
SUiuyGR7SFq3xeRVJonq84fjjeFwRSsFekcevJ53tzy,49GjCCPsv7fBqo6t3iKDrP1xxGDS8uWZbVCdfnp2gjMf,CEwj5xEbbJEjYqM8D6Ai8ByGz1mrh8mkAVsE5fzDSSSx,0.2967599999999999,26.953390000000127,0.003114254380747736,0.010494185135286889,1.2457017522990945e-06,0.9801432773442822,618.516079,1.924613,8.377218735617141
BUSDTd9WiT6uBHJRgNvFXBsA7JrifsAtWzKfioN7ERcy,DyBxrn7gSc1EwnpWhDyhzvMHPtxpmBqRqotapLcKcfTM,Cds99GeBgoCpqBsoRWu1C6fF9LiUMd4pXQQD24s9LPff,30168.15989887,30237.25186974,30116.816449019552,0.9982980914307481,3.0116816449019552,0.9920802235751991,3143.02146268,2374.41109312,5493.278615641244
AURHmCnNwiW4uA2Qj1XvEh4iKgRUZYXtiY7FKAapUV5Y,BKWm4TRnTeKwfWXRyuzjRHU7iZDkPuXBX5b5V5jSVfGJ,A5Ww74HVrkj9nPeC7pHKLfgeDMEhBCpW1efQdz3TGLEg,0.010454658000071504,0.009328176999986226,2.1599546797700984,206.602136555335,0.0008639818719080394,186.8623090127055,289.564824504,1809.860844243,398019.4877607286
vEnkoSUkpnbRrPgBz9DfcVxNz67zjwMYBZraAvDDNSf,DtfyjjsZ5yCjWKLKHvwsfXs5QVsmm1QkK6Sh9JZHoq1g,e5wrKCRv4GhHvEf1VD5Pq2KGaZDXP77nTL612Jyrxwy,1487.3277509999994,1488.0037930000008,1485.0215125909458,0.9984494080692685,0.14850215125909458,0.9995312198578866,1329.103864,629.250499,1955.9984851350314
RajgMbScQbqqrdJfR2rxfHJiTiY5b6bJ2tTXiF4aPxy,725ZA3fhyBAKb5iopNRrcbSuQa3LXA1656Q3mBvYPxeg,GLA6i1dSZpUfk2f9Nj8uiG7xyDdAR2reff8oEiZH3617,8728.148043089997,8727.098343000005,8730.51078122272,1.0002707032604234,3.4922043124890885,1.0,95280.70918671,86487.45535076,181793.95733610232
SAMyS8Jr2HJrkFwYVKbpUwsNStnQmvz3f8Tup8bWUWF,6jPzm5TFfquvgm25sTyN3MMGBfufRaFHMxobDWv6hMFW,Cj9ECoDmxsHTDzCY5ZA6RWrPbg9uFzEC1Qc2kso2vJG6,3205.4913667699875,95.68823024999995,3161.5664281415807,0.9862969717891744,1.2646265712566322,0.03042178404171776,642.18290229,112750.89063068,4063.466297141296
iLiUBQ7Z7im6Ew3b4ewwPcehzWgEQRJ1iQz7g6D62NW,GpugBvKWM3TVhYcZjemSdtehBWgfvuGr6uAm9iPjXT6v,92fMXJ3xy8tEyMUWLHKRLyhPw2nECBo77GtDiBBbYrjX,0.017849148000095738,0.017455999999810956,0.017456670241665813,0.9780114009683925,6.982668096666326e-06,1.0,1865.493847277,1097.963966699,2922.438217772295
KEnkcdADoLR5jS2CLLLesy8TtFsyWL37BhXNfDMzWzP,3qsjFRuw1qeLMPo4DLwaQevenGAGBj9dA3Q6rb8ax2YR,77iEv8zPQAEyCcEbvBRSB6AFcUdfkhiqnAKtPxk76rNN,0.039532999999999985,3.5894870000000054,0.0004149039049265642,0.010495128245429497,1.6596156197062568e-07,0.9993634055106897,115.19145,0.334472,1.543208117494951
SAMGk1Nd4haC8zQA63DG37pzuEZy8j4q13tSFtCbcRE,9U9TnkHD3jXMAVZtynCVLgDruuqN4pTvLJTmVHCLWS8g,C6zoEbvqSknmi96QWq96UBiPCyNW3YSTvKhavR2BfifE,0.13897684,0.2719280000000026,0.2468259640248927,1.7760222784234605,9.873038560995709e-05,0.0,53.842143,1.03416622,95.62484548606177
AUSejoEUCh2DBs9mof6BNC8Pubs22w4cJa1ccV9h44R,4xkyD7AfGQDwsQMy9MosRRNGoVJ1zosNinesxg1TzHG7,Cbm5gsQe3nSiCsFrvepVzMCD9xLK3ri9g3ypS2hdmVJ7,386.33993499999633,385.99980199999845,386.82268971676285,1.0012495594501938,0.03868226897167629,1.0,14009.853047,14852.593189,28879.952380270704
WiiQFxXqp8P9Fs1rt9SVcDyA3KUdJmUsog6wnVQAwba,3S2jpqSYxho6wiz3cafhjXruVY8cg4HYa2v3BqBHYFSj,Dfe67M6TfrG74gKRtdqys4e6E9QirPD53BkF4FujFjuv,12110.421117694998,12108.167338173,12128.292435549505,1.0014756974741692,1.2128292435549506,1.0,7089.785432962,19645.04734226,26745.295153677824
BkwbeSfcX1h4thMDd7obGkHrPevf3QwgzJ4pCEqG18Lu,35yX27bmurdebhfAb8EPmjLETDiUaEUCn9zHaDPbakH2,2CxECn1ZJFoESyUnQysQU8rRgT3iJ5GRs2Mdd6gZjx5g,0.060102549999994315,0.04591665000000256,147.64671923746363,2456.5799493944533,0.05905868769498546,1499.250374812594,0.81666601,22.77080132,36145.33775931108
SEQV6QiTpvTzrceiaYg9Avnwf7oc8ZALpnQMz6TyT4A,3dFMPj4r9mMmPHF32mz1gNDX7f8ftidWof7S8YiYTs1j,Fc1ED3YPeQfXQosHbd8DTaBd2AV5gHQtwiSAL5C5pUhi,359.823196545,359.66307318899953,359.8923905356815,1.0001922999721695,0.14395695621427262,0.9991597066866764,2472.798990445,3131.852612445,5602.4954472584905
BerKDkt6v49dT1bHRedgnpsJS263C1DSJtEGvY9Mg35V,78XKqNb8wbfsMMrvo8WPUpdx7GEkfQutpNVH943aCGFa,DKYQwn4nDvFHCszi5tXbqfVMAP7DaXXp1KGTXEnYnKVH,0.017372119000128805,0.017444000000068627,0.017444094117441605,1.0041431397811784,6.977637646976642e-06,1.0,1340.334079689,2225.773353646,3571.6606247806285
wrmcMSHFi3sWpAEy4rGDvQb3ezh3PhXoV2xNjgLBkKU,8p4mGnARWPBu6P2Gcw4adodLkNDorrXniZMhaY7eJXUn,AyY89zccbsgp9LKFgH4CFZMJmpSgqmPSdTfukhP227rc,0.10463594999999774,0.658331319999997,36.32448560885018,347.15110446123884,0.014529794243540074,3442.9333792391117,27.0866397,0.09520588,9730.944390150473
ZUCKWFa4LTL833dPhhpeeRWZcaAEoMeYJPi2iKn4F8N,7eEYpq6ShaJ9opZWMxitRFrdCHh6vfyHhGfoSvFht3N2,H8VggnHmuwd1wvwpT8eg9cUJFEfZ7HAaeYjgXrSm7A2u,0.07425568200005728,0.001457077999930334,0.07446392819396416,1.002804447933112,2.9785571277585665e-05,0.9999240147741932,1690.42965651,2156.703851645,3851.710352482105
ALLwa5WNZbvQsRKAqe1jdRGemdYQnW8E5k4msbRFcYtu,CGoM82Hbz7QVqTgvQatYtjvDWBvoUJp5qm21P8iMs9yb,3dxNNww8TivyN5FMy5dCNdi3Zcxv6e4kUfSPxfFwpdNq,6.210385308,6.079629612000001,21383.415308335916,3443.1704713700374,8.553366123334367,3432.5689002392496,1.595739546,6.999144912,29519.450437983607
MiMUFdSLMyCLpqpH6zkqdDrGYs7XBomwENbivdYjv9V,,,0.022500933999999972,0.010266983,0.0,0.0,0.0,3432.5689002392496,1.595739546,6.999144912,24025.04715319898
DFWzVTzNBrQZLjoQ4yQwkj9HuoXmfkuZP9V5vbymZe23,DhgiEgiNdqZdRdo195UUHnoEJUtefK8buko8nU97XJUZ,2K2kkXsouBHtWVjtcgkyiXd8eP3oVBvq1bTJzcVdLLr2,126.66068212000118,145.72651917699386,103.92882093370496,0.8205294586621636,0.04157152837348199,0.9999389747243115,61967.904848044,7045.262738694,57891.32421898709
MATSnbbiTCv7Dc3trJrkrqjx7ckKdr6fwPoVwv9q3sD,631WX9JizSHJm4w6VanZeJAst9T8DeUUnPLesdGkCVtK,211maUSfpnXbPuW1iBu8b4dtJv5EbN1j7JJiEX5TZKEP,128975.70187499997,129054.95484799996,128958.80827111645,0.9998690171587521,51.58352330844658,0.9995082419449631,23868.85122,21165.50768,45020.82418115929
KysFMBBoavfov2tLpvefWW6tPFt6rAeZWDJVy1mMQae,B8ka2V21TH3x64dFV8ETcjuQcwmrciJ2qzy1mJUttRew,7fSf7EYxBANyxzk2s5pymFgshA91tFYQNKKs5UnLWcYS,78.391028,106.93301700000302,0.0,0.0,0.0,0.030389119917108205,134690.321953,2472.793184,75.14600859878382
4vezWG46exH6pf9nry3n1VJ7hZHvjBJNgNeF4qEFCML5,,,0.03131300000000081,0.03179899999999947,0.0,0.0,0.0,0.030389119917108205,134690.321953,2472.793184,75.14600859878382
SoNcU2iwHMw6dGzsYNQkYFkUjwN1UdAjrWVRnStrZu2,8ivTTid27jZnYNc4w3CTA1Z6QS2twsFb8WMwUabeDJgc,CyXm53PMvHCbeXJBykU46Rcbo28xk5srhMZFg7gv6EYB,44.63815046500004,44.396046774,9842.645749516345,220.49851185554348,3.9370582998065378,218.6520712036097,17.616055392,21.153283585,8509.523267318391
HEDSDjj84KS7LKhZY7ejkCACTdPen62rKhCby1wXtgxc,EnnjMSFttpCTywBrYNt1J5QQeoSVkvzPipJDa8Y7kJow,6bjVT6JN2rSvpyn9PdfLYC8wJn4LWh49jpY47fnLDXZk,9.271060737995867,9.453856739002731,8.980816074751312,0.9686934784004771,0.0035923264299005248,0.9999389747243115,39135.974367669,9086.460042727,46996.66867980706
BUSDgu5JdqP1rndBvXvanbEufS94FNh1w5FJcAj6vawb,Bgzr8cWubt89JQFXndVjtdKmDbGzuPxNhvjH1EhWCwbo,Dxaf8xPBBQsasRKW5Aa4Sw2YrbfGofY9xZueyyF23FBW,7434.126263510002,7432.4469020000015,7439.271635736859,1.0006921287108228,2.9757086542947437,1.0,7281.59637514,7608.33498238,14894.971159431858
MiMuMS9C4vBqcrYeeQPph1E7oAW9aNKvW9k6Zw9XffM,Afy2q2hh6Y474pshJa5fnQ6PfEchGyTbKrQpCZw2hr3m,5pXz9ksgjeL8Wgb37bksUaBFMLdFfsNNY3FQnikkCPtS,0.010266983000001062,0.6758330000002388,0.0,0.0,0.0,0.030481679733197518,26.041311305,7671.403207759,233.83725568313395
KZMu9QBEdL97EFgamLbN5DE1AoKBG4HdrKKJo4Vuon3,DD4ACBWyVqdaKWh7v5btsgqQCCMwbKnuL2xd9pv7Gyuw,GcYqiJ1MAuYbNTNYXm1F1gQYTfTgkErACAhNU5dpVj9T,275.76541731000043,279.9574501200009,271.9865960170314,0.9862969717891744,0.10879463840681257,1.0,2009.63896739,1078.11316105,3060.2139889762802
BSCNHw8CmxbZ8hCWWzMf5FaG2ajPT6JxfznKUNuRVrn4,7n9kgNL633yGzCYksgnzHyjG73ZLBAwvEae5sbAekbzW,SscdxE99omdG9AiMVwmaEMQySQnCgeAh1sPj2Leutm2,986.2128488790013,987.9901031539994,983.0686463585771,0.9968118418615229,0.39322745854343083,0.9999389747243115,7152.594529448,4517.916208029,11647.431427934582
MATgk4zXLXtYkwBH678J1xZbRDZ45LicNzkRBHkxTuY,y8dALFo1bJrSzPYjMX14HJX448pXqYmrfXHD1K8MXih,GN7Yuet3UyiWS5YVkEHv6oQKi4HGBJc3XDPt9zQhAqZz,35740.29453099997,35740.927799,35752.05695773907,1.000329108276623,14.300822783095628,1.0,8868.403753,8677.454218,17548.77663607555
SQDY9uoDoCbNq7F3HAHYYQZbrUzpKxDtdWLvYcqBLak,GiehZ4X2uQjhEKuxSm3ACmEFrabxh3RTvjbLfLjw1xGX,rxDQYV77NKRKYxCjq4cECX3QQsiSyLv1T1FT2X3zNA2,66.74028033599996,66.63502215100002,66.87988326416932,1.0020917342190734,0.026751953305667726,0.9999389747243115,169.928535054,236.570254547,406.839798167566
CZgvH45CRmoaNJ7395Ao5CQZXkGznvqU7cErD6n7FaRg,4ZjU6MKvtqVQKCiowhvZ5yUsPxXX5SCzd5eFsPeXyey5,BsyWeshjDbCvjDojry3vKDCesmFRM37WtwcR4Kfgzqr,0.0014093299998876319,0.0014093299998876319,0.0014392486106615363,1.021228960411181,5.756994442646145e-07,1.0,340.69231061,766.68685001,1114.6117041943335
RoBgmK8CvjdHvPrqdDyVw54VwjZv2TqJ493xnqJAQHx,ExiHJxM7qPAcy27NDHAF6G7vnW7muNHi2sVJpnaNynGQ,6rkPHSqZb7StM4HwS9EuVrmfkV7tRdc7dnsFhyB6cefE,71.55898399999998,37.626715000000324,0.0,0.0,0.0,0.982368451040721,6089.480193,22.454982,22.05906588548727
Cob4usZcpHEY7Qt4ZCwj6WVg9S44zvzYV2v9qYF65dTf,NhFM9UXE48PyNAyeyPYA3iXztqKVJwA4bTdLj4ysM8w,6TuFuynuBoeskxyR2cz4wxyidk8dpDK7kAWw3UkjQGx,41.54306900000003,3705.7546409999923,0.4368543000948613,0.010515696375124837,0.00017474172003794454,1.0,68946.511827,206.851561,931.8721454966856
B2izdXFYb2sNwbWWHmh75T4aQFtfXsUxem9u2p61HGzf,4DYwgJtxwuJdAjkj5RJSNH4e7U329V5cNp7d3a1nLrZv,EXNW64GEf1ACC6xY9BtKRiunrs6GoJSXBdxWN2eTPmrF,4723.304873000019,4648.056751,4807.606248568671,1.0178479640496099,0.4807606248568671,1.0,8256.57526,31808.664868,40212.60318641338
STK75uPSyBnEhGTTzb1nwmP3n427XoXmfRhXxxhyady,6TYyD5fUmDe6N65avW1Ny2RxzRNobw2RRgKwH9CTzSAU,54zDfk4cx2vGrEajPtodWpArNe5eUurytyxd4X3aZAxK,218.50445008799966,244.3015788359969,41033.8074293528,187.79392096054335,4.10338074293528,210.05349642446936,573.593487418,105.291961968,129834.31479642895
SoN9GaFpSXfpyR5dth3x7PHPVhvJMpQqqDJfCSmPv1t,9kZ9iS68ViMPtoeqtnhAKuF2iqVyfHPdZHoUNdwCELr,BBhm5fJLjw3HRzjtKB8uMEYjGhY6EDm9co3cqpjrSzB9,3.641846851999995,3.601775231999998,809.2960632601903,222.22133333688888,0.32371842530407613,218.8937242512576,4.365032785,6.467418327,2385.680689429801
JSoLLrxK5bYdHwTEWYaGgmeycBCNXKDiBCTw5hXGBg7,xG4wXczA7Dk4hccJ61CHKpDHW4NrNfQwgmWgkb9BuF2,BVR6WgfhsRr9Lob4QDnkEAiNGgAbv7ZieKcY9kSg3QYR,12.895606433999916,11.005424689999966,2821.6123446681727,218.80416086744472,1.1286449378672692,187.91270327456678,17.830245366,167.448683213,35367.06659768968
