0,1,2,3,4,5,6,7,8,9,10,11
SoN9GaFpSXfpyR5dth3x7PHPVhvJMpQqqDJfCSmPv1t,9kZ9iS68ViMPtoeqtnhAKuF2iqVyfHPdZHoUNdwCELr,BBhm5fJLjw3HRzjtKB8uMEYjGhY6EDm9co3cqpjrSzB9,2.688498111999997,2.636741406,547.7980605265827,203.7561633692467,0.21911922421063307,190.7652088516583,3.834650847,5.735757439,1875.5167102186401
AUSejoEUCh2DBs9mof6BNC8Pubs22w4cJa1ccV9h44R,4xkyD7AfGQDwsQMy9MosRRNGoVJ1zosNinesxg1TzHG7,Cbm5gsQe3nSiCsFrvepVzMCD9xLK3ri9g3ypS2hdmVJ7,3014.2308790000025,3009.186563000003,3016.1672583798827,1.0006424124287794,0.3016167258379883,1.0,14231.977035,14630.075791,28871.195624933385
BkwbeSfcX1h4thMDd7obGkHrPevf3QwgzJ4pCEqG18Lu,35yX27bmurdebhfAb8EPmjLETDiUaEUCn9zHaDPbakH2,2CxECn1ZJFoESyUnQysQU8rRgT3iJ5GRs2Mdd6gZjx5g,0.31337597000000494,0.19583122999999802,811.3503780033268,2589.063794531897,0.32454015120133073,1658.374792703151,0.87228226,22.68190041,39873.486308525724
ZUCKWFa4LTL833dPhhpeeRWZcaAEoMeYJPi2iKn4F8N,7eEYpq6ShaJ9opZWMxitRFrdCHh6vfyHhGfoSvFht3N2,H8VggnHmuwd1wvwpT8eg9cUJFEfZ7HAaeYjgXrSm7A2u,3.488006076000147,3.4779662540001937,3.4940554565039332,1.0017343377195957,0.0013976221826015732,0.9988571575831512,1690.42965651,2156.665995265,3847.5626983122447
MATgk4zXLXtYkwBH678J1xZbRDZ45LicNzkRBHkxTuY,y8dALFo1bJrSzPYjMX14HJX448pXqYmrfXHD1K8MXih,GN7Yuet3UyiWS5YVkEHv6oQKi4HGBJc3XDPt9zQhAqZz,15034.325812999996,15037.263794000004,15034.295744408506,0.999998000004,6.013718297763402,1.0,9286.235407,8233.394449,17519.61128356633
Dg3mAgpwDfVNnbGWcsxL8sUcSkEbjSJQhKAWNigG44Ju,EATxwd8YA2wV93VJcKMmH2Kn2Y9XfJVUB9hHVu3udwEy,GiGvrRi7NMHfHKanG2B8xyCEqe8jaafWins8bhrLVEaa,0.00486112900000002,0.004896190999999966,0.9908780891501667,203.8370282191982,0.00039635123566006674,202.22921306141862,0.207168794,0.251975215,93.18542074914701
KEN5P7p3asnb23Sw6yAmJRGvijfAzso3RqfyLAQhznt,9zj4aX38Uxf3h6AUjS4EipWS8mwbEofasHAf3a1uKGds,CwQDG1MWunn9cLNwcZLd8YBacweSR7ARo32w4mLua1Yr,186178.7861440007,186220.12774199992,186107.50696883164,0.9996171466328396,18.610750696883166,1.0,2062056.007427,1899503.716394,3960770.2587352833
NorBXypYWTkV5PMs6Q9JsvNkmRwe7H9Zr1Kz2TcJH2Y,C82XDu1d1UjtuUwnkSTwVuWyH3AqpJ3ftb9W7en8rEUu,F7cZoYpWQSFuYJzW2UUFw6sVbTtaihyD5upeeHRUPABk,1.2894999999957246e-05,1.3241800000063364e-05,0.0,0.0,0.0,2697.817465670273,0.2428613338,0.6628017152,1788.118043542774
daob129AwBGn9Y5r91uLoWZeYiGzbPmksauMhFZKTze,6VW5GQNyj4LStgmxEHLr5zUfW92vQnmbw8jTnCH7a38F,4VPCCUifPeBA1c7HWK358CHn2nyjm8pdTRk6Ps3KmnMQ,26.635215113999863,23.956673572999904,5102.900173824789,191.58471790012422,2.0411600695299157,172.24766320207718,49.050385442,222.625101902,47743.95783054174
SUiuyGR7SFq3xeRVJonq84fjjeFwRSsFekcevJ53tzy,49GjCCPsv7fBqo6t3iKDrP1xxGDS8uWZbVCdfnp2gjMf,CEwj5xEbbJEjYqM8D6Ai8ByGz1mrh8mkAVsE5fzDSSSx,12.0692150000001,0.14068899999999984,0.13626187618682387,0.0112900363600137,5.4504750474729546e-05,0.97178518882758,606.023883,2.069771,8.853404476171537
MNkYtBe2HtgL15osfaMmyqNW3vo4J399FXXCS4a39Wf,2mUxDu8NrhSKhQJMgKfYLxJqZzeEbmwhQdHeHMyohyuk,AZCBmDBcFsA2jHHhfFJBTsWCHx9XnnKmGfFsue3ZVW1t,0.10277171999973689,0.034383980000029624,0.10272898679580955,0.9995841929674093,4.1091594718323826e-05,1.0,2195.09800886,1941.15861746,4135.3438891306905
BSCrK1Nx9PXU9mF7STWWBqeHLxmtJDr9h7jheEy4tAWX,FfSySSbVJPvEo5a5AvrP3nySoXpRE2QPn1uUMpJJ1x7v,HL7Vcj6838ZmvBHDbQxXfjBNckNi83WvPiZQoMQLFeRM,0.01868750299999966,0.018680927000000125,61.85395683215002,3309.910202136216,0.02474158273286001,3307.097030226867,0.879978304,0.923090892,5965.400313630795
HEDSDjj84KS7LKhZY7ejkCACTdPen62rKhCby1wXtgxc,EnnjMSFttpCTywBrYNt1J5QQeoSVkvzPipJDa8Y7kJow,6bjVT6JN2rSvpyn9PdfLYC8wJn4LWh49jpY47fnLDXZk,5.621484317998693,5.806300878990442,5.434909715430807,0.9668104379531013,0.002173963886172323,0.9988571575831512,39143.720197699,9078.953361793,46913.13481624158
BerKDkt6v49dT1bHRedgnpsJS263C1DSJtEGvY9Mg35V,78XKqNb8wbfsMMrvo8WPUpdx7GEkfQutpNVH943aCGFa,DKYQwn4nDvFHCszi5tXbqfVMAP7DaXXp1KGTXEnYnKVH,0.0014109569997344806,0.0014109569997344806,0.0014150309985018956,1.0028874010818059,5.660123994007582e-07,0.9988571575831512,1340.351451808,2198.754503671,3540.463257799918
parEAJhzYzHW87y9VoZAQ22dzQ2MD2ekEtTReaxbMcz,3oyc6hpjYSJEquK6dSvG72NXyz3pqLZz5D8AC71pwgQb,Di2vordgFJVZ1aj1aBpvzXtLfZgJsuLLXawGtVFwX6Rz,14.040338760999873,16.38704347399988,2371.376414156619,168.89737879712976,0.9485505656626476,197.25854025918588,1282.395246,169.992659283,250125.69945624215
SoNcU2iwHMw6dGzsYNQkYFkUjwN1UdAjrWVRnStrZu2,8ivTTid27jZnYNc4w3CTA1Z6QS2twsFb8WMwUabeDJgc,CyXm53PMvHCbeXJBykU46Rcbo28xk5srhMZFg7gv6EYB,39.32067178400003,38.894231608,7948.885372643126,202.15538066868956,3.179554149057251,200.049572284012,17.526532775,21.218806351,7787.896039827216
ALLwa5WNZbvQsRKAqe1jdRGemdYQnW8E5k4msbRFcYtu,CGoM82Hbz7QVqTgvQatYtjvDWBvoUJp5qm21P8iMs9yb,3dxNNww8TivyN5FMy5dCNdi3Zcxv6e4kUfSPxfFwpdNq,20.250206146000004,20.310444293,66969.39660691847,3307.097030226867,26.787758642767386,3313.6392706017236,3.823590124,4.760883422,28420.833813781093
ALBpShJ9NLpE739pcHDF2LNVk5J4VYPvvKuV6jMPitZi,D6d156U1bPiJpDYRLextvDRccgFk7QzkQbJg42ceKEu5,GNcM8U5g8RwTZffwwm3kSQqUNPSwv5d2fbN9sLxPJqt2,1171.6308930000014,1171.975440000002,1170.7855858070488,0.9992785209079046,0.46831423432281954,0.9989391266475005,49928.904429,50298.313559,100137.83518683285
B2izdXFYb2sNwbWWHmh75T4aQFtfXsUxem9u2p61HGzf,4DYwgJtxwuJdAjkj5RJSNH4e7U329V5cNp7d3a1nLrZv,EXNW64GEf1ACC6xY9BtKRiunrs6GoJSXBdxWN2eTPmrF,9349.271121999998,9208.414680999993,9486.733896155289,1.0147030471532505,0.9486733896155288,1.0,8919.949327,31133.022234,40184.12199655949
DFWzVTzNBrQZLjoQ4yQwkj9HuoXmfkuZP9V5vbymZe23,DhgiEgiNdqZdRdo195UUHnoEJUtefK8buko8nU97XJUZ,2K2kkXsouBHtWVjtcgkyiXd8eP3oVBvq1bTJzcVdLLr2,569.8624007590006,691.7287985880102,463.5603981463843,0.813460227467135,0.1854241592585537,0.9988571575831512,68721.118038544,7629.979092197,63523.1555398806
Lee1XZJfJ9Hm2K1qTyeCz1LXNc1YBZaKZszvNY4KCDw,9DgFSWkPDGijNKcLGbr3p5xoJbHsPgXUTr6QvGBJ5vGN,2hNHZg7XBhuhHVZ3JDEi4buq2fPQwuWBdQ9xkH7t1GQX,2080.3169566600573,1769.878242278951,422386.26021568413,203.03937765994274,42.238626021568415,172.72365338162686,7278.935769515,56345.879374917,11210176.727305144
7oAd7xG4m3oC2qeWB1szghTebAZyyGPAFDJ4wwwbRSNi,D9yh4KAysxt9GLacVe4Wwh2XqghhcjTCSTV9HuM7TBJd,HDYfJLpZKaMFb84jM4mRytn7XLR8UFZUnQpSfhJJaNEy,371.0212177179725,11.419700469037366,370.5971989328135,0.9988571575831512,0.14823887957312543,0.025110978759741186,1016.189648967,299072.01983666,8525.019442083862
FrnkTEL6yZ5Aycq2TrEgu29dCrwKG4LPUZydfiwqspkc,DjvZuMZ46fxKBoBpGMPcRcos4xdTtHFxwMh69DpA2ZFY,9rvDPJLAng4uVVqnnSoEXgNDFhBZQTny9AoQioYDZbQX,16.840737351003554,14.202374111000097,3433.88437920241,203.90344600901824,1.3735537516809642,172.78378873380586,313.965997739,2514.839662376,498542.2737920122
MARpDPs5A7XiyCWPNH8GsMWPLxmwNn9SBmKvPa9LzgA,6YjT74rmcfCpw8LSjPNx5JTmZoYLGrTKnf9arfSgZ4SR,F8GSmi3vA8M8TsybLya1LQ4n1aFHCRbZ6k437PeTdXtg,166587.99206400002,172809.44106499956,161843.54844143923,0.9715198942986355,64.73741937657569,1.0,365215.663149,26210.139944,381024.4224027226
KEVpg4SYCVrqFxKijQH6hm4QxsRdoE51ud64bEEFUC9,2bPenuBYfqzD8p5dFjCcggwkHDsc2RQDnx9AoyYGUBjA,AE6n6iLuX8oYu61vt5hoDYkjswpnxFxrhSehxrnQTnbx,6007.263785724001,6007.869860250999,5999.341756922794,0.998681258375896,2.399736702769118,0.9988571575831512,4771.178182418,2842.249250891,7603.887239040653
BkMBnJpvHKtWhUvrgRrLesXfi9RUV3ELgdBaJcdH7hcY,5uerVwBnZQsuVhZ15igs7ZgmcqhHnYWbwoRtLyRqLvR,9YWiQh5d4jCtgMdzcGLv9bWgnLaFtzvDDh2nnhJdzhBX,1.738922827999886,1.7390649999999823,1.737099542263833,0.9989514855365087,0.0006948398169055333,0.9988571575831512,1469.861281511,1402.642209022,2869.359320707877
Lid8SLUxQ9RmF7XMqUA8c24RitTwzja8VSKngJxRcUa,4PgzyzLtds9bKZ2to9PMnKqJzKEUpjvNUaeN23phegax,AtymwxoVN9peZo7EXTcDz9jKVc4vRmisJKKrNfe3ewBa,241.81559418900815,207.24189776299806,48737.85445312079,201.5496751422336,4.873785445312079,172.8562454862913,1022.352335917,7670.245738949,1531904.6615769232
AURHmCnNwiW4uA2Qj1XvEh4iKgRUZYXtiY7FKAapUV5Y,BKWm4TRnTeKwfWXRyuzjRHU7iZDkPuXBX5b5V5jSVfGJ,A5Ww74HVrkj9nPeC7pHKLfgeDMEhBCpW1efQdz3TGLEg,0.004303641999968022,0.003112101999988681,0.8307376092664331,193.0312998322365,0.0003322950437065733,172.2579293770051,289.554714948,1813.382558291,368262.647658549
BUSDTd9WiT6uBHJRgNvFXBsA7JrifsAtWzKfioN7ERcy,DyBxrn7gSc1EwnpWhDyhzvMHPtxpmBqRqotapLcKcfTM,Cds99GeBgoCpqBsoRWu1C6fF9LiUMd4pXQQD24s9LPff,18392.612188239997,18426.361906149996,18372.29133168967,0.9988951620170995,1.8372291331689672,0.9978157812548332,2836.38982001,2672.67362201,5500.091986987634
iLiUBQ7Z7im6Ew3b4ewwPcehzWgEQRJ1iQz7g6D62NW,GpugBvKWM3TVhYcZjemSdtehBWgfvuGr6uAm9iPjXT6v,92fMXJ3xy8tEyMUWLHKRLyhPw2nECBo77GtDiBBbYrjX,0.011660785999993095,0.011932958999977927,0.011391333751092688,0.9768924454234418,4.556533500437075e-06,0.9988571575831512,1865.511696425,1097.946510699,2919.096013941794
wrmcMSHFi3sWpAEy4rGDvQb3ezh3PhXoV2xNjgLBkKU,8p4mGnARWPBu6P2Gcw4adodLkNDorrXniZMhaY7eJXUn,AyY89zccbsgp9LKFgH4CFZMJmpSgqmPSdTfukhP227rc,0.015630980000000072,0.16568236000000525,4.964863800376096,317.62971997763884,0.0019859455201504386,3317.2997180295242,49.17782322,0.1678168,16177.036841799043
KysFMBBoavfov2tLpvefWW6tPFt6rAeZWDJVy1mMQae,B8ka2V21TH3x64dFV8ETcjuQcwmrciJ2qzy1mJUttRew,7fSf7EYxBANyxzk2s5pymFgshA91tFYQNKKs5UnLWcYS,196.43281800000022,263.6066839999985,0.0,0.0,0.0,0.02708098992500516,134585.890627,2549.363722,69.03929327065565
SERgf3DMJpQxUifu7VoFKmfne73d2fDJxSrxUMrcNJB,AJfM2GZ2tTB8UtN2krcyR9xufRJEx2mhSCbJyMgPo3GU,F4yRYkufQvERZcEKnKjJwRLU1btiMBUuEwq46hfm11QD,0.0005460520000006852,8.090599999732717e-05,0.09254462988904942,169.4795182307423,3.701785195561977e-05,172.24469632743302,26.205244317,31.04010126,9787.744997465528
YAkoNb6HKmSxQN9L8hiBE5tPJRsniSSMzND1boHmZxe,CfWX7o2TswwbxusJ4hCaPobu2jLCb1hfXuXJQjVq3jQF,EnTrdMMpdhugeH6Ban6gYZWXughWxKtVGfCwFn78ZmY3,13359791.259561902,13359140.643422907,13359791.259561902,1.0,1335.9791259561903,0.9965737793466063,970228.733274,594987.084173,1563177.260410704
SRMuKizofcAMicegrfSv7xs9q76tH1w8aAF7oX9FEWu,72Hj2KWntXPfbie4UgKeTPnm1XVkomDfCnRPKbvfTtPi,6aqJQ5wedqpUt4fFEDUqUmXhrdxCu4bEJsQdVPCADLko,0.2849049999995259,0.2849049999995259,0.01678110484287035,0.058900703191935126,6.712441937148141e-06,0.0589182838753619,17693.037092,5263.487432,1352.2479730127666
DA1mL7dfBow33EH5yjUuZE6SH2KeUK5zEXzsyhE5r5j5,B4UtLRZND3D83CitRCBUyeiNr7H8m7YFRqBmiPmXjhW4,AAmpYbuixWiSqDaJBCqYEs1pb5SrbdPr9mgXrB58Q2e,0.005471154000133538,0.0054763200000707,0.005464134958146891,0.9987170819928527,2.185653983258756e-06,0.9988571575831512,1637.764926542,1469.029598037,3103.014537127022
SHRJZYZxBfNz1SL5puXfaymPnndnJTY6MJrTrzpsYMc,BKJWe131yeNE594dMwrLyT25RPsytUgcTdMpph8rbuda,EreMRai79gFEuXwrMnj6kpV4pvVAUqukjSuy87XQTT8K,0.0016870000000000001,0.002020000000000001,0.0016407808443942582,0.9726027530493527,6.563123377577033e-07,0.9999320046236856,0.019865,0.000957,0.02027768861775026
KZMu9QBEdL97EFgamLbN5DE1AoKBG4HdrKKJo4Vuon3,DD4ACBWyVqdaKWh7v5btsgqQCCMwbKnuL2xd9pv7Gyuw,GcYqiJ1MAuYbNTNYXm1F1gQYTfTgkErACAhNU5dpVj9T,389.97131682000054,396.91301401999976,384.25094230187705,0.9853312941967888,0.15370037692075084,1.0,2032.36078698,1055.52699418,3058.0756786898073
SEQV6QiTpvTzrceiaYg9Avnwf7oc8ZALpnQMz6TyT4A,3dFMPj4r9mMmPHF32mz1gNDX7f8ftidWof7S8YiYTs1j,Fc1ED3YPeQfXQosHbd8DTaBd2AV5gHQtwiSAL5C5pUhi,189.4141339810003,189.49246071699963,188.54066974222332,0.9953886005208851,0.07541626789688934,0.9960218885770233,3837.538645719,1766.856407044,5579.669877395427
BUSDgu5JdqP1rndBvXvanbEufS94FNh1w5FJcAj6vawb,Bgzr8cWubt89JQFXndVjtdKmDbGzuPxNhvjH1EhWCwbo,Dxaf8xPBBQsasRKW5Aa4Sw2YrbfGofY9xZueyyF23FBW,30102.439982029984,30082.632827409987,30132.283598351463,1.000991401904274,12.052913439340585,1.0,7091.36264304,7788.14522405,14886.538257518208
WiiQFxXqp8P9Fs1rt9SVcDyA3KUdJmUsog6wnVQAwba,3S2jpqSYxho6wiz3cafhjXruVY8cg4HYa2v3BqBHYFSj,Dfe67M6TfrG74gKRtdqys4e6E9QirPD53BkF4FujFjuv,45252.727017221,45228.573033137,45193.31186723558,0.9986870371378324,4.519331186723558,0.9988571575831512,15111.582017773,11616.525603607,26694.990817205853
JSoLLrxK5bYdHwTEWYaGgmeycBCNXKDiBCTw5hXGBg7,xG4wXczA7Dk4hccJ61CHKpDHW4NrNfQwgmWgkb9BuF2,BVR6WgfhsRr9Lob4QDnkEAiNGgAbv7ZieKcY9kSg3QYR,19.202190065000167,16.532412476999962,3858.1988455657106,200.92493785893984,1.5432795382262843,172.26810774681067,17.877755603,167.385540884,32427.27732585318
SAMyS8Jr2HJrkFwYVKbpUwsNStnQmvz3f8Tup8bWUWF,6jPzm5TFfquvgm25sTyN3MMGBfufRaFHMxobDWv6hMFW,Cj9ECoDmxsHTDzCY5ZA6RWrPbg9uFzEC1Qc2kso2vJG6,15665.247749739923,380.3196788499997,15435.458839164572,0.9853312941967888,6.174183535665828,0.027165885170072873,599.6601828,114208.23776824,3693.4318166849944
BSCuChvaSj9b5HUSqgDVRzcnr2sSn7cXaamt1jbKH6hn,GnKpRj5kBVPMJfiwZtEuD9GYApLzPdW5JFuZTcyX4BTc,3dmwD9okkomV9nDwyuh4UMhKdUR13QpuKxRo89ycZB5t,52.132365144999994,52.10298167400015,52.24024113847046,1.0020692710405603,0.020896096455388185,0.9999900000999989,1304.588640359,1792.908006317,3100.1782652685642
C98Sspw7XqnMsgxea3SLQVdbMDL8pKUc3RE82UvX9eq2,CSqgQJurPCzGxb4Cgwx5R61hWQUiaoUHcShNc8r1cKEL,6S2CR5EnukPhC914XkAns8m5GixjMAoUuZMsS5ubHuWc,103.15713400000027,103.25854900000013,0.0,0.0,0.0,1.0,964.047601,848.900967,848.900967
vEnkoSUkpnbRrPgBz9DfcVxNz67zjwMYBZraAvDDNSf,DtfyjjsZ5yCjWKLKHvwsfXs5QVsmm1QkK6Sh9JZHoq1g,e5wrKCRv4GhHvEf1VD5Pq2KGaZDXP77nTL612Jyrxwy,10782.293721999997,10786.405664000002,10774.105401894556,0.9992405771613573,1.0774105401894558,0.9992485650790605,1082.055583,875.793097,1956.3688407609852
KwnjUuZhTMTSGAaavkLEmSyfobY16JNH4poL9oeeEvE,J63v6qEZmQpDqCD8bd4PXu2Pq5ZbyXrFcSa3Xt1HdAPQ,BnKQtTdLw9qPCDgZkWX3sURkBAoKCUYL1yahh6Mw7mRK,1081.8384440000011,43866.0282419998,27.64778848297138,0.025556300606905915,0.002764778848297138,1.0,273849.04615,668.51367,7667.082214323851
Cob4usZcpHEY7Qt4ZCwj6WVg9S44zvzYV2v9qYF65dTf,NhFM9UXE48PyNAyeyPYA3iXztqKVJwA4bTdLj4ysM8w,6TuFuynuBoeskxyR2cz4wxyidk8dpDK7kAWw3UkjQGx,348.4950949999965,11415.591457000055,3.947957137927064,0.01132858738779983,0.0015791828551708258,1.0,68056.269417,216.513661,987.4950563781335
STK75uPSyBnEhGTTzb1nwmP3n427XoXmfRhXxxhyady,6TYyD5fUmDe6N65avW1Ny2RxzRNobw2RRgKwH9CTzSAU,54zDfk4cx2vGrEajPtodWpArNe5eUurytyxd4X3aZAxK,267.6632509549999,298.000322488002,46222.11436147476,172.68756243734677,4.622211436147477,193.1862812239742,548.084275527,100.986279179,114156.50128023385
ercAoEmXjQzEvAFbdjAo81KtMxRGn9AW1ju882upmPH,CMRhskR2Eg6V42RTSdRTXGdozyPbWB8U9dVpijPWb9T4,7TKLLgrWswt6ZJ1pXhVR3FyufHGjJFqiEXxvWJfDcgRm,0.017355573000031654,0.017462515999909556,3.0000160756196292,172.8560662107876,0.0012000064302478517,166.33776146632727,315.338437841,983.216776455,218054.23952191323
Sid7E679i9ABqptiAVhkmQ27YHN8vaYT4fppPwmxFsJ,GP7KB8o1bv527HG8kTzzzf4wJ5aEGHvcMQvVhLziUfmT,9gYxhAZ1M9wu5pxr8SBoa5NDm21gi3s9vMHaYTME77sa,5720.4442539999945,13071.898920000007,64.80455262847634,0.01132858738779983,0.02592182105139054,0.027213153227251385,130239.350142,10753.621631,1768.067812606195
MATSnbbiTCv7Dc3trJrkrqjx7ckKdr6fwPoVwv9q3sD,631WX9JizSHJm4w6VanZeJAst9T8DeUUnPLesdGkCVtK,211maUSfpnXbPuW1iBu8b4dtJv5EbN1j7JJiEX5TZKEP,64568.570851,64599.63515899999,64548.56079715287,0.9996900960702182,25.819424318861152,0.9984713403778815,23797.002351,21108.250234,44865.610470628104
GokA1R67GqSavkd15zR62QD68Tuc5AEfvjssntVDEbM8,3YB7hfpBdbQEuZqLGWVDpRPmeZWCUsrrWyqGXegnQ6Cg,4DPCj6Z1DsG6HUtwSogBGqXEUxdEV5a8YVrrFtcnz7UW,94064.33353700004,94086.0502,94058.50190988163,0.9999380038437616,9.405850190988163,1.0,19523.183629,14267.761515,33789.73478165746
RoBgmK8CvjdHvPrqdDyVw54VwjZv2TqJ493xnqJAQHx,ExiHJxM7qPAcy27NDHAF6G7vnW7muNHi2sVJpnaNynGQ,6rkPHSqZb7StM4HwS9EuVrmfkV7tRdc7dnsFhyB6cefE,121.72826599999942,146.56329399999998,0.0,0.0,0.0,0.9715699209725027,6193.911519,20.259777,19.683789938810527
RajgMbScQbqqrdJfR2rxfHJiTiY5b6bJ2tTXiF4aPxy,725ZA3fhyBAKb5iopNRrcbSuQa3LXA1656Q3mBvYPxeg,GLA6i1dSZpUfk2f9Nj8uiG7xyDdAR2reff8oEiZH3617,82588.44488118001,82923.46703687997,82574.00599049251,0.999825170570674,33.029602396197006,1.0,101845.7021241,79902.46169907,181730.35819718835
7dwD9TF6uikvHXxPFK9AsSim54yJoujQjY9vU6gNFumk,CquVr6atkvwueDYficKjn6SSEWq4F4rH4VSiBbW4GBWU,8BCa6ge3b7ho3TfZuM64Vk1hgbrJ3J7EPiAb9uP86CGd,0.06443704200000067,0.06489281499999944,12.978172547528528,201.40857098201985,0.0051912690190114115,202.27515043708627,2.296620297,1.882141098,843.2693858488448
heyk4SZTeCUV6a65WiVA5bzic3KcxgVf1qxobfeV4tQ,9ZDpBKPqMABtGfq66FbVribaArMvtk63xxy91onZAtDt,DaTP4s6N7xxSPinbNZ3FB52EpRDRt87QShTuN3VPCW52,89.15858090900633,77.54994376500042,17607.56136113717,197.4858861774296,7.043024544454869,172.5026617160703,639.56434483,4488.688604439,900615.6632865602
SQDY9uoDoCbNq7F3HAHYYQZbrUzpKxDtdWLvYcqBLak,GiehZ4X2uQjhEKuxSm3ACmEFrabxh3RTvjbLfLjw1xGX,rxDQYV77NKRKYxCjq4cECX3QQsiSyLv1T1FT2X3zNA2,0.005573478999991721,0.005566119999997454,0.00557909137064239,1.0010069779846082,2.231636548256956e-06,0.9988571575831512,169.928535054,236.543541072,406.3728584275874
BSC8REUo9LpiiWUuqMuLXs2D2yJsJfGd4HdiF3wCLxk5,AZjEH1zWVx1UJ6udMyRijGTzPteuLnaY18yNNmprJEsh,Caf8ypkSVR8xYnXNhjvfvdGCC7mrM3C11rz8Xi6NA6aK,223.33511339499955,223.09518741199963,223.44309226933873,1.0004834836434708,0.0893772369077355,0.9988571575831512,2867.494286824,3441.276266526,6306.224103449945
BSCNHw8CmxbZ8hCWWzMf5FaG2ajPT6JxfznKUNuRVrn4,7n9kgNL633yGzCYksgnzHyjG73ZLBAwvEae5sbAekbzW,SscdxE99omdG9AiMVwmaEMQySQnCgeAh1sPj2Leutm2,1812.2459314360003,1818.992799015,1806.464637623487,0.996809873476757,0.7225858550493949,0.9988571575831512,6851.248673143,4817.769599391,11641.655970971686
