0,1,2,3,4,5,6,7,8,9,10,11
BkMBnJpvHKtWhUvrgRrLesXfi9RUV3ELgdBaJcdH7hcY,5uerVwBnZQsuVhZ15igs7ZgmcqhHnYWbwoRtLyRqLvR,9YWiQh5d4jCtgMdzcGLv9bWgnLaFtzvDDh2nnhJdzhBX,1.738922827999886,1.7390649999999823,1.7390870360760065,1.000094430916356,0.0006956348144304027,1.0,1469.861281511,1402.642209022,2872.6422908807294
BSCNHw8CmxbZ8hCWWzMf5FaG2ajPT6JxfznKUNuRVrn4,7n9kgNL633yGzCYksgnzHyjG73ZLBAwvEae5sbAekbzW,SscdxE99omdG9AiMVwmaEMQySQnCgeAh1sPj2Leutm2,1882.945624436,1889.8310520659998,1879.4424939826158,0.9981395477341873,0.7517769975930464,1.0,6780.410420092,4888.469292391,11656.2650825538
MATgk4zXLXtYkwBH678J1xZbRDZ45LicNzkRBHkxTuY,y8dALFo1bJrSzPYjMX14HJX448pXqYmrfXHD1K8MXih,GN7Yuet3UyiWS5YVkEHv6oQKi4HGBJc3XDPt9zQhAqZz,17283.919756999996,17287.227334000003,17297.77527499527,1.0008016421153345,6.919110109998108,1.0,8234.092666,9286.104051,17526.797512462632
ZUCKWFa4LTL833dPhhpeeRWZcaAEoMeYJPi2iKn4F8N,7eEYpq6ShaJ9opZWMxitRFrdCHh6vfyHhGfoSvFht3N2,H8VggnHmuwd1wvwpT8eg9cUJFEfZ7HAaeYjgXrSm7A2u,0.0013814700000693847,0.0013814700000693847,0.0013854492750080191,1.0028804642434759,5.541797100032077e-07,0.9996873497807307,1690.42965651,2156.665995265,3851.2905918603783
BSCrK1Nx9PXU9mF7STWWBqeHLxmtJDr9h7jheEy4tAWX,FfSySSbVJPvEo5a5AvrP3nySoXpRE2QPn1uUMpJJ1x7v,HL7Vcj6838ZmvBHDbQxXfjBNckNi83WvPiZQoMQLFeRM,0.01868550599999974,0.018678930000000094,62.64712035565482,3352.712008743873,0.02505884814226193,3346.832223300646,0.879978304,0.923090892,6039.744169635804
BUSDgu5JdqP1rndBvXvanbEufS94FNh1w5FJcAj6vawb,Bgzr8cWubt89JQFXndVjtdKmDbGzuPxNhvjH1EhWCwbo,Dxaf8xPBBQsasRKW5Aa4Sw2YrbfGofY9xZueyyF23FBW,24537.358512199997,24527.671234160003,24563.30841937965,1.001057567266939,9.82532336775186,1.0,7075.15552375,7808.81912824,14891.457104880421
parEAJhzYzHW87y9VoZAQ22dzQ2MD2ekEtTReaxbMcz,3oyc6hpjYSJEquK6dSvG72NXyz3pqLZz5D8AC71pwgQb,Di2vordgFJVZ1aj1aBpvzXtLfZgJsuLLXawGtVFwX6Rz,14.667899268000014,17.146584439000208,2515.0153979737447,171.4639125904408,1.006006159189498,199.3501186133206,1281.310197551,170.923231009,253772.02608954126
SEQV6QiTpvTzrceiaYg9Avnwf7oc8ZALpnQMz6TyT4A,3dFMPj4r9mMmPHF32mz1gNDX7f8ftidWof7S8YiYTs1j,Fc1ED3YPeQfXQosHbd8DTaBd2AV5gHQtwiSAL5C5pUhi,232.4388659810004,232.54403500099943,231.80081892804685,0.9972549898216864,0.09272032757121874,0.9974604656544438,3837.538645719,1766.856407044,5589.3739775914755
vEnkoSUkpnbRrPgBz9DfcVxNz67zjwMYBZraAvDDNSf,DtfyjjsZ5yCjWKLKHvwsfXs5QVsmm1QkK6Sh9JZHoq1g,e5wrKCRv4GhHvEf1VD5Pq2KGaZDXP77nTL612Jyrxwy,9763.056480999996,9766.068651999998,9714.503393041574,0.9950268557748373,0.9714503393041574,0.998208216251828,1153.210513,804.694471,1950.7280633214955
FrnkTEL6yZ5Aycq2TrEgu29dCrwKG4LPUZydfiwqspkc,DjvZuMZ46fxKBoBpGMPcRcos4xdTtHFxwMh69DpA2ZFY,9rvDPJLAng4uVVqnnSoEXgNDFhBZQTny9AoQioYDZbQX,15.523496650003324,13.079829232999998,3199.0271233712383,206.07645271534577,1.2796108493484954,174.16772212306273,314.050961911,2514.739558315,502704.96880694147
daob129AwBGn9Y5r91uLoWZeYiGzbPmksauMhFZKTze,6VW5GQNyj4LStgmxEHLr5zUfW92vQnmbw8jTnCH7a38F,4VPCCUifPeBA1c7HWK358CHn2nyjm8pdTRk6Ps3KmnMQ,25.923686629999708,23.313758040999964,5009.964707189632,193.2581881078574,2.0039858828758526,174.24425908727372,49.248623456,222.406220277,48270.70680447954
BSC8REUo9LpiiWUuqMuLXs2D2yJsJfGd4HdiF3wCLxk5,AZjEH1zWVx1UJ6udMyRijGTzPteuLnaY18yNNmprJEsh,Caf8ypkSVR8xYnXNhjvfvdGCC7mrM3C11rz8Xi6NA6aK,491.74050639499956,490.9004517769995,493.15981442299125,1.0028862947215733,0.1972639257691965,0.9981527038187521,2599.689022459,3709.681659526,6310.021269924968
BerKDkt6v49dT1bHRedgnpsJS263C1DSJtEGvY9Mg35V,78XKqNb8wbfsMMrvo8WPUpdx7GEkfQutpNVH943aCGFa,DKYQwn4nDvFHCszi5tXbqfVMAP7DaXXp1KGTXEnYnKVH,0.0014109569997344806,0.0014109569997344806,0.0014166499975808591,1.0040348485796873,5.666599990323436e-07,0.9979409832970975,1340.351451808,2198.754503671,3539.9867983819686
KwnjUuZhTMTSGAaavkLEmSyfobY16JNH4poL9oeeEvE,J63v6qEZmQpDqCD8bd4PXu2Pq5ZbyXrFcSa3Xt1HdAPQ,BnKQtTdLw9qPCDgZkWX3sURkBAoKCUYL1yahh6Mw7mRK,521.350444999997,18078.430611999902,15.07643356344663,0.0289180410375342,0.001507643356344663,1.0,273047.374039,691.021026,8587.016193650752
HEDSDjj84KS7LKhZY7ejkCACTdPen62rKhCby1wXtgxc,EnnjMSFttpCTywBrYNt1J5QQeoSVkvzPipJDa8Y7kJow,6bjVT6JN2rSvpyn9PdfLYC8wJn4LWh49jpY47fnLDXZk,5.621484317998693,5.806300878990442,5.430684773428184,0.9660588674134315,0.0021722739093712738,0.996986709363593,39143.720197699,9078.953361793,46866.7338371769
KEVpg4SYCVrqFxKijQH6hm4QxsRdoE51ud64bEEFUC9,2bPenuBYfqzD8p5dFjCcggwkHDsc2RQDnx9AoyYGUBjA,AE6n6iLuX8oYu61vt5hoDYkjswpnxFxrhSehxrnQTnbx,6033.579653724,6034.190145462999,6032.6291164846325,0.9998424588231332,2.4130516465938534,0.9978390826760739,4744.857897206,2868.565118891,7606.476773539587
Cob4usZcpHEY7Qt4ZCwj6WVg9S44zvzYV2v9qYF65dTf,NhFM9UXE48PyNAyeyPYA3iXztqKVJwA4bTdLj4ysM8w,6TuFuynuBoeskxyR2cz4wxyidk8dpDK7kAWw3UkjQGx,14.560321999999957,1293.7080500000302,0.1710667886132845,0.011748832794582772,6.84267154453138e-05,1.0,67552.827938,222.316469,1015.9833492447817
SAMyS8Jr2HJrkFwYVKbpUwsNStnQmvz3f8Tup8bWUWF,6jPzm5TFfquvgm25sTyN3MMGBfufRaFHMxobDWv6hMFW,Cj9ECoDmxsHTDzCY5ZA6RWrPbg9uFzEC1Qc2kso2vJG6,4025.790469979924,142.17510783999728,3970.8667514597605,0.986357034989842,1.5883467005839043,0.028933094735603158,623.95782661,113354.47425348,3895.1409340941714
Dg3mAgpwDfVNnbGWcsxL8sUcSkEbjSJQhKAWNigG44Ju,EATxwd8YA2wV93VJcKMmH2Kn2Y9XfJVUB9hHVu3udwEy,GiGvrRi7NMHfHKanG2B8xyCEqe8jaafWins8bhrLVEaa,0.00486112900000002,0.004896190999999966,0.9995963473444507,205.6304918763618,0.0003998385389377803,205.0110019154178,0.207168794,0.251975215,94.25791229665546
heyk4SZTeCUV6a65WiVA5bzic3KcxgVf1qxobfeV4tQ,9ZDpBKPqMABtGfq66FbVribaArMvtk63xxy91onZAtDt,DaTP4s6N7xxSPinbNZ3FB52EpRDRt87QShTuN3VPCW52,91.92327450400171,79.95855509900014,18284.81251056764,198.91385080904232,7.313925004227056,174.2447448656172,642.240537944,4485.621743538,909346.5548145558
Lee1XZJfJ9Hm2K1qTyeCz1LXNc1YBZaKZszvNY4KCDw,9DgFSWkPDGijNKcLGbr3p5xoJbHsPgXUTr6QvGBJ5vGN,2hNHZg7XBhuhHVZ3JDEi4buq2fPQwuWBdQ9xkH7t1GQX,1990.0921895609745,1693.2340608019576,407863.27858537727,204.94692694379862,40.78632785853773,174.2447448656172,7277.719487792,56347.342573212,11309774.574706823
WiiQFxXqp8P9Fs1rt9SVcDyA3KUdJmUsog6wnVQAwba,3S2jpqSYxho6wiz3cafhjXruVY8cg4HYa2v3BqBHYFSj,Dfe67M6TfrG74gKRtdqys4e6E9QirPD53BkF4FujFjuv,34130.689541178,34108.521687873006,34123.77705353649,0.9997974700266993,3.412377705353649,0.9988409739002743,14930.526188744,11797.553274607,26711.38191212245
NorBXypYWTkV5PMs6Q9JsvNkmRwe7H9Zr1Kz2TcJH2Y,C82XDu1d1UjtuUwnkSTwVuWyH3AqpJ3ftb9W7en8rEUu,F7cZoYpWQSFuYJzW2UUFw6sVbTtaihyD5upeeHRUPABk,1.2894999999957246e-05,1.3241800000063364e-05,0.0,0.0,0.0,2576.4563419472856,0.2428613338,0.6628017152,1707.6796825805786
KEN5P7p3asnb23Sw6yAmJRGvijfAzso3RqfyLAQhznt,9zj4aX38Uxf3h6AUjS4EipWS8mwbEofasHAf3a1uKGds,CwQDG1MWunn9cLNwcZLd8YBacweSR7ARo32w4mLua1Yr,205279.27413400146,205322.6312770003,204560.04102974088,0.9964963189425977,20.456004102974088,1.0,2063318.05684,1918488.858615,3974577.7070638537
C98Sspw7XqnMsgxea3SLQVdbMDL8pKUc3RE82UvX9eq2,CSqgQJurPCzGxb4Cgwx5R61hWQUiaoUHcShNc8r1cKEL,6S2CR5EnukPhC914XkAns8m5GixjMAoUuZMsS5ubHuWc,107.91219400000034,108.02223800000013,0.0,0.0,0.0,1.0,958.042794,854.900967,854.900967
7dwD9TF6uikvHXxPFK9AsSim54yJoujQjY9vU6gNFumk,CquVr6atkvwueDYficKjn6SSEWq4F4rH4VSiBbW4GBWU,8BCa6ge3b7ho3TfZuM64Vk1hgbrJ3J7EPiAb9uP86CGd,0.06479478300000041,0.06519367899999917,13.183674976713151,203.4681554024661,0.0052734699906852615,205.17509026678096,2.302121093,1.876685654,853.457480767642
B2izdXFYb2sNwbWWHmh75T4aQFtfXsUxem9u2p61HGzf,4DYwgJtxwuJdAjkj5RJSNH4e7U329V5cNp7d3a1nLrZv,EXNW64GEf1ACC6xY9BtKRiunrs6GoJSXBdxWN2eTPmrF,9072.732274999995,8936.48228099999,9205.792804191782,1.0146659821053507,0.9205792804191784,1.0,8741.980399,31313.858183,40184.04831009706
SERgf3DMJpQxUifu7VoFKmfne73d2fDJxSrxUMrcNJB,AJfM2GZ2tTB8UtN2krcyR9xufRJEx2mhSCbJyMgPo3GU,F4yRYkufQvERZcEKnKjJwRLU1btiMBUuEwq46hfm11QD,0.0003813200000024608,8.382600000089724e-05,0.06679068916957426,175.15653301464187,2.6716275667829705e-05,173.70375311277127,26.205244317,31.04010126,9981.801827229825
SUiuyGR7SFq3xeRVJonq84fjjeFwRSsFekcevJ53tzy,49GjCCPsv7fBqo6t3iKDrP1xxGDS8uWZbVCdfnp2gjMf,CEwj5xEbbJEjYqM8D6Ai8ByGz1mrh8mkAVsE5fzDSSSx,0.013619999999999965,1.1118900000000167,0.00016080423653283072,0.011806478453218144,6.432169461313229e-08,0.9790684946528174,607.135773,2.056151,9.181248086451328
SRMuKizofcAMicegrfSv7xs9q76tH1w8aAF7oX9FEWu,72Hj2KWntXPfbie4UgKeTPnm1XVkomDfCnRPKbvfTtPi,6aqJQ5wedqpUt4fFEDUqUmXhrdxCu4bEJsQdVPCADLko,0.2849049999995259,0.2849049999995259,0.016613699886477526,0.058313121519472,6.64547995459101e-06,0.05839456977216774,17693.037092,5263.487432,1339.0953060871736
ALBpShJ9NLpE739pcHDF2LNVk5J4VYPvvKuV6jMPitZi,D6d156U1bPiJpDYRLextvDRccgFk7QzkQbJg42ceKEu5,GNcM8U5g8RwTZffwwm3kSQqUNPSwv5d2fbN9sLxPJqt2,1171.6308930000014,1171.975440000002,1135.9727096442678,0.9695653438563492,0.45438908385770715,0.9993334445924569,49928.904429,50298.313559,98674.12233718112
SoNcU2iwHMw6dGzsYNQkYFkUjwN1UdAjrWVRnStrZu2,8ivTTid27jZnYNc4w3CTA1Z6QS2twsFb8WMwUabeDJgc,CyXm53PMvHCbeXJBykU46Rcbo28xk5srhMZFg7gv6EYB,32.497659780999996,32.13760323299999,6671.285536596791,205.2851061139242,2.6685142146387166,197.82878946981094,17.387460059,21.35943634,7794.898018163121
BUSD5rCfUDpCxKGMvYU2yThChxgHoioK74PTPociGnv2,CcFHbafgYDZ8yA8Me1PdtDiVb2eeaS61LbqyKKK5CsNZ,26R9s4nmF3CFDTkiePDwRmtscn8i7r2eygbSijditJ58,0.060329119999991576,0.059969819999999174,0.060345581067595196,1.0002728544292312,6.034558106759519e-06,1.0,98.81223855,47.3244478,146.16364770695063
RajgMbScQbqqrdJfR2rxfHJiTiY5b6bJ2tTXiF4aPxy,725ZA3fhyBAKb5iopNRrcbSuQa3LXA1656Q3mBvYPxeg,GLA6i1dSZpUfk2f9Nj8uiG7xyDdAR2reff8oEiZH3617,5606.445804980016,5608.257804119989,5604.405409102724,0.999636062498726,2.2417621636410896,1.0,101573.19739977,80175.6496035,181711.8807076119
DFWzVTzNBrQZLjoQ4yQwkj9HuoXmfkuZP9V5vbymZe23,DhgiEgiNdqZdRdo195UUHnoEJUtefK8buko8nU97XJUZ,2K2kkXsouBHtWVjtcgkyiXd8eP3oVBvq1bTJzcVdLLr2,535.8298935580115,627.7060444929893,436.74728495789054,0.815085702027198,0.17469891398315623,1.0,68699.41095241,7647.664266197,63643.571871197084
BUSDTd9WiT6uBHJRgNvFXBsA7JrifsAtWzKfioN7ERcy,DyBxrn7gSc1EwnpWhDyhzvMHPtxpmBqRqotapLcKcfTM,Cds99GeBgoCpqBsoRWu1C6fF9LiUMd4pXQQD24s9LPff,47501.82946160001,47745.73578560001,47480.81397852498,0.9995575858169417,4.7480813978524985,0.9968529352833105,2854.72881763,2657.17158019,5502.275134376089
MNkYtBe2HtgL15osfaMmyqNW3vo4J399FXXCS4a39Wf,2mUxDu8NrhSKhQJMgKfYLxJqZzeEbmwhQdHeHMyohyuk,AZCBmDBcFsA2jHHhfFJBTsWCHx9XnnKmGfFsue3ZVW1t,0.10277171999973689,0.034383980000029624,0.10272898679580955,0.9995841929674093,4.1091594718323826e-05,1.0,2195.09800886,1941.15861746,4135.3438891306905
wrmcMSHFi3sWpAEy4rGDvQb3ezh3PhXoV2xNjgLBkKU,8p4mGnARWPBu6P2Gcw4adodLkNDorrXniZMhaY7eJXUn,AyY89zccbsgp9LKFgH4CFZMJmpSgqmPSdTfukhP227rc,0.01495855000000007,0.15820813000000555,4.8362592951826935,323.31070158422244,0.0019345037180730775,3350.532734704818,49.16563945,0.16898923,16461.981331343984
ercAoEmXjQzEvAFbdjAo81KtMxRGn9AW1ju882upmPH,CMRhskR2Eg6V42RTSdRTXGdozyPbWB8U9dVpijPWb9T4,7TKLLgrWswt6ZJ1pXhVR3FyufHGjJFqiEXxvWJfDcgRm,0.017259819000059906,0.017374794999966525,3.0157247407794743,174.72516605006155,0.0012062898963117897,170.77978390892383,315.338681216,983.216776455,223011.15205608658
moFiBS1R4Lf3E3zzmBPnw3NF4RhWPkhREFviuzUaCAU,44ALBrpqi9PfZkBRTvbtRNtFJGsatfY4QydjtMbFWq8S,2ho8qEEie1UjVwWNBo9y4oAJZMyMLx8zPj9bxyUz6uWs,1000.6794421359955,1000.7682919870058,999.4085672178899,0.998729987981573,0.39976342688715594,1.0,38902.600245426,28195.622498762,67048.81597432826
DEDaBEWzMCXohXYXoLzB4jK1xqMsd3SS9izXp2xvg9pe,GC5zHpW5GuVdw3C7covC6viyGdLS8ZAaVGDKMeru7p78,F8juxtAFueW19vxkdDArUkjVWAv9QV6yy1wCXUWQiXvh,0.05996982000000628,7526.153995210305,0.05996982000000628,1.0,2.3987928000002512e-05,0.0,32.58955517,8576842.20631466,32.58955517
YAkoNb6HKmSxQN9L8hiBE5tPJRsniSSMzND1boHmZxe,CfWX7o2TswwbxusJ4hCaPobu2jLCb1hfXuXJQjVq3jQF,EnTrdMMpdhugeH6Ban6gYZWXughWxKtVGfCwFn78ZmY3,13179549.438188914,13179588.968414947,13179549.438188914,1.0,1317.9549438188915,0.9986308770675404,943749.778238,622171.760451,1565069.7090638378
ALLwa5WNZbvQsRKAqe1jdRGemdYQnW8E5k4msbRFcYtu,CGoM82Hbz7QVqTgvQatYtjvDWBvoUJp5qm21P8iMs9yb,3dxNNww8TivyN5FMy5dCNdi3Zcxv6e4kUfSPxfFwpdNq,20.609170629,20.669732275,69223.33275896816,3358.8606744592234,27.689333103587266,3355.625874559994,2.323402341,6.263545243,28822.099238019364
AURHmCnNwiW4uA2Qj1XvEh4iKgRUZYXtiY7FKAapUV5Y,BKWm4TRnTeKwfWXRyuzjRHU7iZDkPuXBX5b5V5jSVfGJ,A5Ww74HVrkj9nPeC7pHKLfgeDMEhBCpW1efQdz3TGLEg,0.003656794999869817,0.003115612999863515,0.7169503062786207,196.0597480318542,0.0002867801225114483,175.29374849904727,289.554714948,1813.382558291,374644.65055976174
SoN9GaFpSXfpyR5dth3x7PHPVhvJMpQqqDJfCSmPv1t,9kZ9iS68ViMPtoeqtnhAKuF2iqVyfHPdZHoUNdwCELr,BBhm5fJLjw3HRzjtKB8uMEYjGhY6EDm9co3cqpjrSzB9,2.5176064119999984,2.4690845159999997,522.1957328818819,207.41754167485104,0.20887829315275275,203.82709836430794,3.805527018,5.765423559,1964.482613722978
JSoLLrxK5bYdHwTEWYaGgmeycBCNXKDiBCTw5hXGBg7,xG4wXczA7Dk4hccJ61CHKpDHW4NrNfQwgmWgkb9BuF2,BVR6WgfhsRr9Lob4QDnkEAiNGgAbv7ZieKcY9kSg3QYR,13.776241325000228,11.835326611999985,2807.9712956412654,203.82709836430794,1.1231885182565062,175.45257113461318,17.891705177,167.369573304,33012.236316907496
iLiUBQ7Z7im6Ew3b4ewwPcehzWgEQRJ1iQz7g6D62NW,GpugBvKWM3TVhYcZjemSdtehBWgfvuGr6uAm9iPjXT6v,92fMXJ3xy8tEyMUWLHKRLyhPw2nECBo77GtDiBBbYrjX,0.011660785999993095,0.011932958999977927,0.011404366661806636,0.9780101154256144,4.561746664722654e-06,1.0,1865.511696425,1097.946510699,2922.435820247448
AUSejoEUCh2DBs9mof6BNC8Pubs22w4cJa1ccV9h44R,4xkyD7AfGQDwsQMy9MosRRNGoVJ1zosNinesxg1TzHG7,Cbm5gsQe3nSiCsFrvepVzMCD9xLK3ri9g3ypS2hdmVJ7,2885.3879590000033,2880.427673,2887.140453255129,1.0006073686727843,0.2887140453255129,1.0,14244.806862,14617.249514,28870.70822543784
Lid8SLUxQ9RmF7XMqUA8c24RitTwzja8VSKngJxRcUa,4PgzyzLtds9bKZ2to9PMnKqJzKEUpjvNUaeN23phegax,AtymwxoVN9peZo7EXTcDz9jKVc4vRmisJKKrNfe3ewBa,277.2410699640052,237.7563898899973,56740.55967621027,204.66145107424748,5.674055967621027,175.55917792659343,1022.993736477,7669.505032227,1555819.3811088926
Sid7E679i9ABqptiAVhkmQ27YHN8vaYT4fppPwmxFsJ,GP7KB8o1bv527HG8kTzzzf4wJ5aEGHvcMQvVhLziUfmT,9gYxhAZ1M9wu5pxr8SBoa5NDm21gi3s9vMHaYTME77sa,984.3228769999896,2170.939363000047,11.626587001690305,0.011811761438610176,0.0046506348006761225,0.02900705822946486,130742.791621,10546.986441,1850.2397142846366
GokA1R67GqSavkd15zR62QD68Tuc5AEfvjssntVDEbM8,3YB7hfpBdbQEuZqLGWVDpRPmeZWCUsrrWyqGXegnQ6Cg,4DPCj6Z1DsG6HUtwSogBGqXEUxdEV5a8YVrrFtcnz7UW,80401.62135400002,80422.00029600006,80383.69578983888,0.9997770497179128,8.038369578983888,1.0,21017.915997,12773.74442,33786.97446669958
BkwbeSfcX1h4thMDd7obGkHrPevf3QwgzJ4pCEqG18Lu,35yX27bmurdebhfAb8EPmjLETDiUaEUCn9zHaDPbakH2,2CxECn1ZJFoESyUnQysQU8rRgT3iJ5GRs2Mdd6gZjx5g,0.3486668000000057,0.21823974999999907,870.6222532960591,2497.003595685178,0.3482489013184236,1569.8587127158555,0.84987747,22.71719741,37784.93738105639
MARpDPs5A7XiyCWPNH8GsMWPLxmwNn9SBmKvPa9LzgA,6YjT74rmcfCpw8LSjPNx5JTmZoYLGrTKnf9arfSgZ4SR,F8GSmi3vA8M8TsybLya1LQ4n1aFHCRbZ6k437PeTdXtg,216388.8595560001,223176.7847369996,211932.55374833388,0.9794060294193984,84.77302149933355,1.0,360876.69913,30474.139578,383918.9545828922
BSCuChvaSj9b5HUSqgDVRzcnr2sSn7cXaamt1jbKH6hn,GnKpRj5kBVPMJfiwZtEuD9GYApLzPdW5JFuZTcyX4BTc,3dmwD9okkomV9nDwyuh4UMhKdUR13QpuKxRo89ycZB5t,126.19914914500009,125.94995698700018,126.62532795930224,1.0033770339751853,0.050650131183720894,0.9984952676316792,1230.741665046,1866.974790317,3099.0634143827074
KZMu9QBEdL97EFgamLbN5DE1AoKBG4HdrKKJo4Vuon3,DD4ACBWyVqdaKWh7v5btsgqQCCMwbKnuL2xd9pv7Gyuw,GcYqiJ1MAuYbNTNYXm1F1gQYTfTgkErACAhNU5dpVj9T,126.28954906000035,128.25028192000036,124.56658516102613,0.986357034989842,0.04982663406441046,1.0,2008.06314317,1079.48649039,3060.153698359544
STK75uPSyBnEhGTTzb1nwmP3n427XoXmfRhXxxhyady,6TYyD5fUmDe6N65avW1Ny2RxzRNobw2RRgKwH9CTzSAU,54zDfk4cx2vGrEajPtodWpArNe5eUurytyxd4X3aZAxK,248.20927488299955,276.2533475880027,43611.89932792385,175.70616306937583,4.361189932792385,196.3746876169657,547.980391545,101.083195897,116133.7130532241
MATSnbbiTCv7Dc3trJrkrqjx7ckKdr6fwPoVwv9q3sD,631WX9JizSHJm4w6VanZeJAst9T8DeUUnPLesdGkCVtK,211maUSfpnXbPuW1iBu8b4dtJv5EbN1j7JJiEX5TZKEP,131000.824426,131094.818916,130842.5049949561,0.99879146233058,52.33700199798245,0.998244088648068,23821.065558,21125.551525,44880.73383220886
