0,1,2,3,4,5,6,7,8,9,10,11
GokA1R67GqSavkd15zR62QD68Tuc5AEfvjssntVDEbM8,3YB7hfpBdbQEuZqLGWVDpRPmeZWCUsrrWyqGXegnQ6Cg,4DPCj6Z1DsG6HUtwSogBGqXEUxdEV5a8YVrrFtcnz7UW,24121.479532999994,24128.246434000004,24118.488840383787,0.9998760153740937,2.411848884038379,1.0,19590.547749,12991.34845,32579.46727226604
AyiATPCAx5HZstcZ1jdH9rENwFb3yd9zEhkgspvDrCs4,DvHVapj4g2Y1tJVSw2ubSPkPBsJPb8fW387ZWXwaKmZq,DKjqWWgrtDRPKrnMWtZ4UiJk4sGQVCQgFjSo7BvfngvK,0.01410798000000002,0.014147139999999947,35.31851295531361,2503.442233070472,0.014127405182125442,2573.2077607946067,0.85513213,0.30810894,2933.602204675709
SAMGk1Nd4haC8zQA63DG37pzuEZy8j4q13tSFtCbcRE,9U9TnkHD3jXMAVZtynCVLgDruuqN4pTvLJTmVHCLWS8g,C6zoEbvqSknmi96QWq96UBiPCyNW3YSTvKhavR2BfifE,0.013877059999998664,0.007106679999999921,0.026994179848891343,1.9452376691384154,1.0797671939556537e-05,0.0,53.69674578,1.10645011,104.45293260140525
BkwbeSfcX1h4thMDd7obGkHrPevf3QwgzJ4pCEqG18Lu,35yX27bmurdebhfAb8EPmjLETDiUaEUCn9zHaDPbakH2,2CxECn1ZJFoESyUnQysQU8rRgT3iJ5GRs2Mdd6gZjx5g,0.03394407999999971,0.02096051999999904,84.97704343472202,2503.442233070472,0.03399081737388881,1483.679525222552,0.78653401,22.82101124,35828.109580042
parEAJhzYzHW87y9VoZAQ22dzQ2MD2ekEtTReaxbMcz,3oyc6hpjYSJEquK6dSvG72NXyz3pqLZz5D8AC71pwgQb,Di2vordgFJVZ1aj1aBpvzXtLfZgJsuLLXawGtVFwX6Rz,4.401926446999994,5.1688525779998145,795.9954443779385,180.82888343589346,0.3183981777511754,213.01727250554111,1115.675304394,144.038346957,232428.97537555452
ercAoEmXjQzEvAFbdjAo81KtMxRGn9AW1ju882upmPH,CMRhskR2Eg6V42RTSdRTXGdozyPbWB8U9dVpijPWb9T4,7TKLLgrWswt6ZJ1pXhVR3FyufHGjJFqiEXxvWJfDcgRm,0.9955000199999517,0.9886047899999539,184.59274909311313,185.42716763895402,0.07383709963724525,180.97123643168155,318.277315247,983.935600057,237081.30320144547
7dwD9TF6uikvHXxPFK9AsSim54yJoujQjY9vU6gNFumk,CquVr6atkvwueDYficKjn6SSEWq4F4rH4VSiBbW4GBWU,8BCa6ge3b7ho3TfZuM64Vk1hgbrJ3J7EPiAb9uP86CGd,0.12481504200000004,0.1254490360000009,27.145896831055005,217.488985270341,0.010858358732422002,218.5148507062837,2.201152466,1.977797722,910.9045902057068
JSoLLrxK5bYdHwTEWYaGgmeycBCNXKDiBCTw5hXGBg7,xG4wXczA7Dk4hccJ61CHKpDHW4NrNfQwgmWgkb9BuF2,BVR6WgfhsRr9Lob4QDnkEAiNGgAbv7ZieKcY9kSg3QYR,355.58063424600016,321.16862105000047,73665.284555116,207.16900039092792,29.466113822046403,185.35942304284546,21.204195402,163.75985507,34747.28421888144
wrmcMSHFi3sWpAEy4rGDvQb3ezh3PhXoV2xNjgLBkKU,8p4mGnARWPBu6P2Gcw4adodLkNDorrXniZMhaY7eJXUn,AyY89zccbsgp9LKFgH4CFZMJmpSgqmPSdTfukhP227rc,0.005150309999999977,0.055663569999996554,1.6360578144853801,317.66200762388814,0.000654423125794152,3549.8757543485976,27.14840885,0.08934467,8941.18053689841
BUSDgu5JdqP1rndBvXvanbEufS94FNh1w5FJcAj6vawb,Bgzr8cWubt89JQFXndVjtdKmDbGzuPxNhvjH1EhWCwbo,Dxaf8xPBBQsasRKW5Aa4Sw2YrbfGofY9xZueyyF23FBW,18463.714244760005,18487.653819080006,18450.03243870476,0.9992589895037436,7.380012975481904,1.0,7695.15273128,7228.18344363,14917.633985965826
KEN5P7p3asnb23Sw6yAmJRGvijfAzso3RqfyLAQhznt,9zj4aX38Uxf3h6AUjS4EipWS8mwbEofasHAf3a1uKGds,CwQDG1MWunn9cLNwcZLd8YBacweSR7ARo32w4mLua1Yr,250453.59470900032,250504.72881000722,249148.8024306709,0.994790283286429,24.914880243067092,1.0,2176990.67304,2042080.783518,4207729.9518633755
AUSejoEUCh2DBs9mof6BNC8Pubs22w4cJa1ccV9h44R,4xkyD7AfGQDwsQMy9MosRRNGoVJ1zosNinesxg1TzHG7,Cbm5gsQe3nSiCsFrvepVzMCD9xLK3ri9g3ypS2hdmVJ7,12169.509480999992,12190.312949999989,12164.449070186794,0.9995841729840387,1.2164449070186794,1.0,14537.964012,14328.64363,28860.562363806737
WiiQFxXqp8P9Fs1rt9SVcDyA3KUdJmUsog6wnVQAwba,3S2jpqSYxho6wiz3cafhjXruVY8cg4HYa2v3BqBHYFSj,Dfe67M6TfrG74gKRtdqys4e6E9QirPD53BkF4FujFjuv,39748.680936452,39685.105699977,39862.46359515119,1.002862551813508,3.986246359515119,0.999991834066683,5333.994287362,21414.367605384,26763.45585946864
DFWzVTzNBrQZLjoQ4yQwkj9HuoXmfkuZP9V5vbymZe23,DhgiEgiNdqZdRdo195UUHnoEJUtefK8buko8nU97XJUZ,2K2kkXsouBHtWVjtcgkyiXd8eP3oVBvq1bTJzcVdLLr2,1389.4098867820003,1639.3768423999863,1181.3203195765186,0.8502316924723804,0.47252812783060744,0.999991834066683,61008.332579709,7851.105076851,59722.25882941432
MARpDPs5A7XiyCWPNH8GsMWPLxmwNn9SBmKvPa9LzgA,6YjT74rmcfCpw8LSjPNx5JTmZoYLGrTKnf9arfSgZ4SR,F8GSmi3vA8M8TsybLya1LQ4n1aFHCRbZ6k437PeTdXtg,63599.51888599996,66206.47883899929,60313.51780874398,0.9483329255501755,24.125407123497595,1.0,345741.94762,17532.999776,345411.4724478901
BSC8REUo9LpiiWUuqMuLXs2D2yJsJfGd4HdiF3wCLxk5,AZjEH1zWVx1UJ6udMyRijGTzPteuLnaY18yNNmprJEsh,Caf8ypkSVR8xYnXNhjvfvdGCC7mrM3C11rz8Xi6NA6aK,27982.221099977,28068.940695830002,27945.493065024457,0.9986874510489601,11.178197226009784,0.999991834066683,3355.304213115,2975.097554432,6325.973472073415
DA1mL7dfBow33EH5yjUuZE6SH2KeUK5zEXzsyhE5r5j5,B4UtLRZND3D83CitRCBUyeiNr7H8m7YFRqBmiPmXjhW4,AAmpYbuixWiSqDaJBCqYEs1pb5SrbdPr9mgXrB58Q2e,662.5785501269997,662.216691138,662.4877157738024,0.9998629077968492,0.26499508630952096,0.999991834066683,1636.322930958,1471.031396387,3107.117987885039
ALLwa5WNZbvQsRKAqe1jdRGemdYQnW8E5k4msbRFcYtu,CGoM82Hbz7QVqTgvQatYtjvDWBvoUJp5qm21P8iMs9yb,3dxNNww8TivyN5FMy5dCNdi3Zcxv6e4kUfSPxfFwpdNq,6.549458957999995,6.547244309999999,23259.67383336883,3551.3885929398393,9.303869533347532,3549.812747377576,2.834347965,5.774726077,30565.067272071552
NorBXypYWTkV5PMs6Q9JsvNkmRwe7H9Zr1Kz2TcJH2Y,C82XDu1d1UjtuUwnkSTwVuWyH3AqpJ3ftb9W7en8rEUu,F7cZoYpWQSFuYJzW2UUFw6sVbTtaihyD5upeeHRUPABk,0.0011854311000000228,0.0011513934999999864,0.0,0.0,0.0,2549.58951608791,0.2413313748,0.6643785041,1693.8924687675285
SEQV6QiTpvTzrceiaYg9Avnwf7oc8ZALpnQMz6TyT4A,3dFMPj4r9mMmPHF32mz1gNDX7f8ftidWof7S8YiYTs1j,Fc1ED3YPeQfXQosHbd8DTaBd2AV5gHQtwiSAL5C5pUhi,3383.733017175,3408.850922145999,3358.374182244561,0.9925056631827264,1.3433496728978245,0.9948971724027463,4743.178093248,867.959440682,5571.161512327676
SAMyS8Jr2HJrkFwYVKbpUwsNStnQmvz3f8Tup8bWUWF,6jPzm5TFfquvgm25sTyN3MMGBfufRaFHMxobDWv6hMFW,Cj9ECoDmxsHTDzCY5ZA6RWrPbg9uFzEC1Qc2kso2vJG6,1764.776989340011,80.74404639000534,1747.5855879664991,0.990258598407983,0.6990342351865997,0.028240220455993233,612.08391673,113771.01717001,3819.039967872792
KEVpg4SYCVrqFxKijQH6hm4QxsRdoE51ud64bEEFUC9,2bPenuBYfqzD8p5dFjCcggwkHDsc2RQDnx9AoyYGUBjA,AE6n6iLuX8oYu61vt5hoDYkjswpnxFxrhSehxrnQTnbx,2778.1581212980004,2788.4578527800013,2771.098180607775,0.9974587693061449,1.10843927224311,0.999991834066683,6092.097000935,1527.554607988,7604.1577111252145
RajgMbScQbqqrdJfR2rxfHJiTiY5b6bJ2tTXiF4aPxy,725ZA3fhyBAKb5iopNRrcbSuQa3LXA1656Q3mBvYPxeg,GLA6i1dSZpUfk2f9Nj8uiG7xyDdAR2reff8oEiZH3617,2802.227444590011,2801.37858348999,2802.2627531007,1.000012600158762,1.1209051012402802,1.0,92683.251379,89098.60382764,181783.02303032193
heyk4SZTeCUV6a65WiVA5bzic3KcxgVf1qxobfeV4tQ,9ZDpBKPqMABtGfq66FbVribaArMvtk63xxy91onZAtDt,DaTP4s6N7xxSPinbNZ3FB52EpRDRt87QShTuN3VPCW52,44.82759136599873,39.14724188699938,9533.811623197635,212.6773117332584,3.8135246492790538,185.52142559115939,634.486843132,4494.685593356,968801.4349908866
Lid8SLUxQ9RmF7XMqUA8c24RitTwzja8VSKngJxRcUa,4PgzyzLtds9bKZ2to9PMnKqJzKEUpjvNUaeN23phegax,AtymwxoVN9peZo7EXTcDz9jKVc4vRmisJKKrNfe3ewBa,253.57352344100764,216.44913232200088,54885.36687772632,216.44754599348016,5.4885366877726325,185.6689214919389,996.647553619,7664.945571638,1638864.0947816786
FrnkTEL6yZ5Aycq2TrEgu29dCrwKG4LPUZydfiwqspkc,DjvZuMZ46fxKBoBpGMPcRcos4xdTtHFxwMh69DpA2ZFY,9rvDPJLAng4uVVqnnSoEXgNDFhBZQTny9AoQioYDZbQX,58.246964940000225,48.977422343000285,12743.72744899076,218.78783662149573,5.097490979596304,185.75000278625004,180.500344743,1454.289760323,309625.6069677673
SoNcU2iwHMw6dGzsYNQkYFkUjwN1UdAjrWVRnStrZu2,8ivTTid27jZnYNc4w3CTA1Z6QS2twsFb8WMwUabeDJgc,CyXm53PMvHCbeXJBykU46Rcbo28xk5srhMZFg7gv6EYB,328.96862399700035,318.6904025380004,72014.33769211227,218.90944132340388,28.805735076844904,202.4458700232732,9.132438843,29.146744821,7899.81519867496
Cob4usZcpHEY7Qt4ZCwj6WVg9S44zvzYV2v9qYF65dTf,NhFM9UXE48PyNAyeyPYA3iXztqKVJwA4bTdLj4ysM8w,6TuFuynuBoeskxyR2cz4wxyidk8dpDK7kAWw3UkjQGx,19.56008700000004,1699.489184999955,0.22241844207285874,0.011371035418853623,8.896737682914351e-05,1.0,68016.663297,217.045851,990.4657384224283
ALBpShJ9NLpE739pcHDF2LNVk5J4VYPvvKuV6jMPitZi,D6d156U1bPiJpDYRLextvDRccgFk7QzkQbJg42ceKEu5,GNcM8U5g8RwTZffwwm3kSQqUNPSwv5d2fbN9sLxPJqt2,39344.840774000026,39390.772235000004,39102.87220082134,0.993850055854373,15.641148880328537,0.9995322189215448,52896.966888,47363.033713,99912.53167817654
HDSBGqAuMRr6X2AfmmbXQPpRgU6VEhtfNVVZ3wUTZXg,DCZ1d8kNLgDcdSd99y4udLgwq46mfDXNS9KXj96kQf5L,Fq8GGYQM5Pz3q7LmVMbrXHJgsxA5ev86kTq8yGgGuYsa,32.80880822600011,33.007711043999734,32.62802560249595,0.9944898143736628,0.01305121024099838,0.999991834066683,11014.76409525,10320.636126,21274.62254882846
MATSnbbiTCv7Dc3trJrkrqjx7ckKdr6fwPoVwv9q3sD,631WX9JizSHJm4w6VanZeJAst9T8DeUUnPLesdGkCVtK,211maUSfpnXbPuW1iBu8b4dtJv5EbN1j7JJiEX5TZKEP,7967.565881999992,7969.418801,7970.794053591697,1.000405164091457,3.1883176214366786,0.9995232274205204,24825.392084,26422.914835,51245.76755516553
moFiBS1R4Lf3E3zzmBPnw3NF4RhWPkhREFviuzUaCAU,44ALBrpqi9PfZkBRTvbtRNtFJGsatfY4QydjtMbFWq8S,2ho8qEEie1UjVwWNBo9y4oAJZMyMLx8zPj9bxyUz6uWs,7383.945437739003,7411.6692991699965,7342.0935295971385,0.9943320398972667,2.9368374118388556,0.999991834066683,46595.356244751,20531.388329461,66862.47629609611
NorjjEePhxfwLF4vZjUHCrVVKLzQjEEGQFd3wgjEJmh,34M8pFVqgbV7aqHxvRT5tCv3vu2P1JJYT8J3VaxBK2oG,3AZWBSze3ucsY3xSeuLne3b2pauVqiaJ1SZSV5T9WGWw,0.013465000000451255,0.0014910000004419999,0.00801416540216722,0.5951849537243699,3.2056661608668884e-06,1.0,38106.662703,2271.683045,24952.19532247523
HEDSDjj84KS7LKhZY7ejkCACTdPen62rKhCby1wXtgxc,EnnjMSFttpCTywBrYNt1J5QQeoSVkvzPipJDa8Y7kJow,6bjVT6JN2rSvpyn9PdfLYC8wJn4LWh49jpY47fnLDXZk,1.1869519760020921,1.2252218869980425,1.1490760719166944,0.9680897754490693,0.00045963042876667775,0.999991834066683,39133.08654306,9089.263246541,46973.52998832338
CZgvH45CRmoaNJ7395Ao5CQZXkGznvqU7cErD6n7FaRg,4ZjU6MKvtqVQKCiowhvZ5yUsPxXX5SCzd5eFsPeXyey5,BsyWeshjDbCvjDojry3vKDCesmFRM37WtwcR4Kfgzqr,59.900879680000116,59.431438460000095,61.17883394180878,1.0213344823754793,0.024471533576723513,1.0,340.06386123,767.35327589,1114.672223573949
MATgk4zXLXtYkwBH678J1xZbRDZ45LicNzkRBHkxTuY,y8dALFo1bJrSzPYjMX14HJX448pXqYmrfXHD1K8MXih,GN7Yuet3UyiWS5YVkEHv6oQKi4HGBJc3XDPt9zQhAqZz,10746.215826000003,10734.392532,10759.94551647903,1.001277630256207,4.303978206591612,1.0,7577.603581,9796.324426,17383.609382604627
BkMBnJpvHKtWhUvrgRrLesXfi9RUV3ELgdBaJcdH7hcY,5uerVwBnZQsuVhZ15igs7ZgmcqhHnYWbwoRtLyRqLvR,9YWiQh5d4jCtgMdzcGLv9bWgnLaFtzvDDh2nnhJdzhBX,91.87561354100012,91.91237643099998,91.88243691453027,1.0000742675152543,0.03675297476581211,0.999991834066683,1471.203929156,1401.389738919,2872.6914870800915
B2izdXFYb2sNwbWWHmh75T4aQFtfXsUxem9u2p61HGzf,4DYwgJtxwuJdAjkj5RJSNH4e7U329V5cNp7d3a1nLrZv,EXNW64GEf1ACC6xY9BtKRiunrs6GoJSXBdxWN2eTPmrF,5309.775470000004,5218.753197999997,5400.0480736471645,1.0170012092144378,0.5400048073647165,1.0,8371.952704,31693.796568,40208.082591454084
YAkoNb6HKmSxQN9L8hiBE5tPJRsniSSMzND1boHmZxe,CfWX7o2TswwbxusJ4hCaPobu2jLCb1hfXuXJQjVq3jQF,EnTrdMMpdhugeH6Ban6gYZWXughWxKtVGfCwFn78ZmY3,8480576.074129958,8480484.586276036,8480576.074129958,1.0,848.0576074129958,0.9999040092151152,869200.009858,575258.053178,1444402.8435639641
daob129AwBGn9Y5r91uLoWZeYiGzbPmksauMhFZKTze,6VW5GQNyj4LStgmxEHLr5zUfW92vQnmbw8jTnCH7a38F,4VPCCUifPeBA1c7HWK358CHn2nyjm8pdTRk6Ps3KmnMQ,196.3318531900003,174.7538461109998,40558.541432928294,206.58156470248227,16.223416573171317,185.98761843226575,49.32714705,222.453597118,51563.69395956599
Sid7E679i9ABqptiAVhkmQ27YHN8vaYT4fppPwmxFsJ,GP7KB8o1bv527HG8kTzzzf4wJ5aEGHvcMQvVhLziUfmT,9gYxhAZ1M9wu5pxr8SBoa5NDm21gi3s9vMHaYTME77sa,1920.6521830000038,4353.1430680000485,21.839804000191574,0.011371035418853623,0.00873592160007663,0.02818219859025879,131020.887964,10440.114719,1784.068543964238
SoN9GaFpSXfpyR5dth3x7PHPVhvJMpQqqDJfCSmPv1t,9kZ9iS68ViMPtoeqtnhAKuF2iqVyfHPdZHoUNdwCELr,BBhm5fJLjw3HRzjtKB8uMEYjGhY6EDm9co3cqpjrSzB9,38.277806606999945,36.58503087100003,8445.542130291635,220.63808976837194,3.378216852116654,200.09440454006202,2.016008196,7.660888131,1977.7090461432952
KZMu9QBEdL97EFgamLbN5DE1AoKBG4HdrKKJo4Vuon3,DD4ACBWyVqdaKWh7v5btsgqQCCMwbKnuL2xd9pv7Gyuw,GcYqiJ1MAuYbNTNYXm1F1gQYTfTgkErACAhNU5dpVj9T,70.54659092000043,71.2854348599999,69.85936824690097,0.990258598407983,0.027943747298760386,1.0,1903.89996589,1182.90931466,3068.262626391238
7oAd7xG4m3oC2qeWB1szghTebAZyyGPAFDJ4wwwbRSNi,D9yh4KAysxt9GLacVe4Wwh2XqghhcjTCSTV9HuM7TBJd,HDYfJLpZKaMFb84jM4mRytn7XLR8UFZUnQpSfhJJaNEy,1206.8924685620004,30.09654560900003,1206.8826131585813,0.999991834066683,0.4827530452634326,0.02442199275451391,999.288610377,299755.497396316,8319.907035791384
C98Sspw7XqnMsgxea3SLQVdbMDL8pKUc3RE82UvX9eq2,CSqgQJurPCzGxb4Cgwx5R61hWQUiaoUHcShNc8r1cKEL,6S2CR5EnukPhC914XkAns8m5GixjMAoUuZMsS5ubHuWc,101.42969000000062,101.31693900000016,0.0,0.0,0.0,1.0,865.402476,1002.863389,1002.863389
BSCrK1Nx9PXU9mF7STWWBqeHLxmtJDr9h7jheEy4tAWX,FfSySSbVJPvEo5a5AvrP3nySoXpRE2QPn1uUMpJJ1x7v,HL7Vcj6838ZmvBHDbQxXfjBNckNi83WvPiZQoMQLFeRM,0.002645994000000096,0.0026479899999999335,9.407610724558669,3555.4164992658066,0.003763044289823468,3550.5059470974616,0.876314478,0.927079923,6407.265733672859
BSCuChvaSj9b5HUSqgDVRzcnr2sSn7cXaamt1jbKH6hn,GnKpRj5kBVPMJfiwZtEuD9GYApLzPdW5JFuZTcyX4BTc,3dmwD9okkomV9nDwyuh4UMhKdUR13QpuKxRo89ycZB5t,9444.786387563001,9467.484276011002,9431.812005831402,0.9986262916704306,3.772724802332561,0.998405546342491,1790.069327511,1353.024214934,3138.4771748910916
KwnjUuZhTMTSGAaavkLEmSyfobY16JNH4poL9oeeEvE,J63v6qEZmQpDqCD8bd4PXu2Pq5ZbyXrFcSa3Xt1HdAPQ,BnKQtTdLw9qPCDgZkWX3sURkBAoKCUYL1yahh6Mw7mRK,218.6181429999766,6641.448091000459,6.198474298171109,0.02835297296515675,0.0006198474298171109,1.0,273058.676378,682.472482,8424.49775124692
vEnkoSUkpnbRrPgBz9DfcVxNz67zjwMYBZraAvDDNSf,DtfyjjsZ5yCjWKLKHvwsfXs5QVsmm1QkK6Sh9JZHoq1g,e5wrKCRv4GhHvEf1VD5Pq2KGaZDXP77nTL612Jyrxwy,2956.396009000001,2955.3630029999986,2955.9171504216324,0.9998380262397492,0.2955917150421633,0.9998690171587521,1008.699317,950.998454,1959.4098236991358
BUSDTd9WiT6uBHJRgNvFXBsA7JrifsAtWzKfioN7ERcy,DyBxrn7gSc1EwnpWhDyhzvMHPtxpmBqRqotapLcKcfTM,Cds99GeBgoCpqBsoRWu1C6fF9LiUMd4pXQQD24s9LPff,22747.904278270005,22783.09065438,22722.312138108857,0.9988749671245277,2.272231213810886,0.9996531203672325,3052.16685851,2475.7604782,5523.634757767251
ionytDfEj1mXodptgrsKEZro7DGsfpzANUfarJdm6Qb,3gkSjY95an9xNFSjCfsay6JZez7uv7yfW3Ad4ubc4fMK,9wXqANaSuEqkKL9yHzCPEDGHwbkStVAqV5rB3QDs3Jr6,0.016953711999999788,0.016956366999999792,14.481007554953672,854.1496726471379,0.005792403021981469,3548.993860240622,3.176817521,0.077919606,2990.01384890821
Lee1XZJfJ9Hm2K1qTyeCz1LXNc1YBZaKZszvNY4KCDw,9DgFSWkPDGijNKcLGbr3p5xoJbHsPgXUTr6QvGBJ5vGN,2hNHZg7XBhuhHVZ3JDEi4buq2fPQwuWBdQ9xkH7t1GQX,1273.0862597239993,1080.7698093300014,273440.2204650874,214.78530490492315,27.34402204650874,185.95925781428696,7217.578325675,56411.843154497,12040534.246301496
STK75uPSyBnEhGTTzb1nwmP3n427XoXmfRhXxxhyady,6TYyD5fUmDe6N65avW1Ny2RxzRNobw2RRgKwH9CTzSAU,54zDfk4cx2vGrEajPtodWpArNe5eUurytyxd4X3aZAxK,231.44469804299936,259.0675491130016,42970.49979168705,185.66206162866473,4.297049979168705,207.95805569199914,582.030456476,106.243081552,130155.0791502874
BSCNHw8CmxbZ8hCWWzMf5FaG2ajPT6JxfznKUNuRVrn4,7n9kgNL633yGzCYksgnzHyjG73ZLBAwvEae5sbAekbzW,SscdxE99omdG9AiMVwmaEMQySQnCgeAh1sPj2Leutm2,22125.569500186,22364.140300089,22103.841600723223,0.9990179733243659,8.841536640289288,0.999991834066683,6435.808469844,5247.123288122,11676.568774710464
