0,1,2,3,4,5,6,7,8,9,10,11
C98Sspw7XqnMsgxea3SLQVdbMDL8pKUc3RE82UvX9eq2,CSqgQJurPCzGxb4Cgwx5R61hWQUiaoUHcShNc8r1cKEL,6S2CR5EnukPhC914XkAns8m5GixjMAoUuZMsS5ubHuWc,45.065053000000034,45.04946700000005,0.0,0.0,0.0,1.0,891.92569,976.40052,976.40052
vEnkoSUkpnbRrPgBz9DfcVxNz67zjwMYBZraAvDDNSf,DtfyjjsZ5yCjWKLKHvwsfXs5QVsmm1QkK6Sh9JZHoq1g,e5wrKCRv4GhHvEf1VD5Pq2KGaZDXP77nTL612Jyrxwy,1109.6824349999997,1110.2530810000005,1082.7057388117657,0.9756897150595757,0.1082705738811766,0.9976684488350724,1077.244923,883.265897,1932.2633093401535
DFWzVTzNBrQZLjoQ4yQwkj9HuoXmfkuZP9V5vbymZe23,DhgiEgiNdqZdRdo195UUHnoEJUtefK8buko8nU97XJUZ,2K2kkXsouBHtWVjtcgkyiXd8eP3oVBvq1bTJzcVdLLr2,1140.9886154330015,1340.5317494889914,973.1142086665093,0.8528693411171465,0.38924568346660376,0.9998562826576434,60908.77865841,7938.217022679,59884.30608587371
SAMGk1Nd4haC8zQA63DG37pzuEZy8j4q13tSFtCbcRE,9U9TnkHD3jXMAVZtynCVLgDruuqN4pTvLJTmVHCLWS8g,C6zoEbvqSknmi96QWq96UBiPCyNW3YSTvKhavR2BfifE,0.17021551000000001,0.41795300000000424,0.23590879671143722,1.3859418375648447,9.43635186845749e-05,0.0,54.38446365,0.80801454,75.3737034860595
iLiUBQ7Z7im6Ew3b4ewwPcehzWgEQRJ1iQz7g6D62NW,GpugBvKWM3TVhYcZjemSdtehBWgfvuGr6uAm9iPjXT6v,92fMXJ3xy8tEyMUWLHKRLyhPw2nECBo77GtDiBBbYrjX,0.0016211029999340099,0.0016211029999340099,0.0015854589542986866,0.9780124732131307,6.341835817194747e-07,0.9998562826576434,1865.493847277,1097.987244125,2922.30569565559
BUSD5rCfUDpCxKGMvYU2yThChxgHoioK74PTPociGnv2,CcFHbafgYDZ8yA8Me1PdtDiVb2eeaS61LbqyKKK5CsNZ,26R9s4nmF3CFDTkiePDwRmtscn8i7r2eygbSijditJ58,872.7046328099997,876.84924393,871.9421716973806,0.9991263239772613,0.08719421716973806,0.9995366747697773,74.31537342,71.89123277,146.1083696081479
BSCuChvaSj9b5HUSqgDVRzcnr2sSn7cXaamt1jbKH6hn,GnKpRj5kBVPMJfiwZtEuD9GYApLzPdW5JFuZTcyX4BTc,3dmwD9okkomV9nDwyuh4UMhKdUR13QpuKxRo89ycZB5t,42.00461042799998,42.059281029999966,41.96734070157983,0.9991127229596848,0.016786936280631933,0.9921825933470189,1698.675090796,1444.892428649,3130.7650123534186
BUSDTd9WiT6uBHJRgNvFXBsA7JrifsAtWzKfioN7ERcy,DyBxrn7gSc1EwnpWhDyhzvMHPtxpmBqRqotapLcKcfTM,Cds99GeBgoCpqBsoRWu1C6fF9LiUMd4pXQQD24s9LPff,39270.59951970002,39241.99777701,39288.78118897084,1.0004629842552237,3.9288781188970843,0.9972714652710184,2789.18369584,2748.0772615,5531.054081230173
KEVpg4SYCVrqFxKijQH6hm4QxsRdoE51ud64bEEFUC9,2bPenuBYfqzD8p5dFjCcggwkHDsc2RQDnx9AoyYGUBjA,AE6n6iLuX8oYu61vt5hoDYkjswpnxFxrhSehxrnQTnbx,2054.498702762001,2058.6415789780012,2049.736543700811,0.9976820822253196,0.8198946174803244,0.9982846843633916,6049.715058839,1574.971113615,7607.961857808976
RajgMbScQbqqrdJfR2rxfHJiTiY5b6bJ2tTXiF4aPxy,725ZA3fhyBAKb5iopNRrcbSuQa3LXA1656Q3mBvYPxeg,GLA6i1dSZpUfk2f9Nj8uiG7xyDdAR2reff8oEiZH3617,5703.8217614199675,5699.086897530011,5707.04121751159,1.0005644384109964,2.282816487004636,0.9995366747697773,67819.51119875,113988.14073202,181793.11828635825
DA1mL7dfBow33EH5yjUuZE6SH2KeUK5zEXzsyhE5r5j5,B4UtLRZND3D83CitRCBUyeiNr7H8m7YFRqBmiPmXjhW4,AAmpYbuixWiSqDaJBCqYEs1pb5SrbdPr9mgXrB58Q2e,31.904999207999936,31.904125999999906,31.907518338480276,1.0000789572337525,0.012763007335392111,0.9998562826576434,1604.252094509,1503.171934133,3107.3346640741456
MATSnbbiTCv7Dc3trJrkrqjx7ckKdr6fwPoVwv9q3sD,631WX9JizSHJm4w6VanZeJAst9T8DeUUnPLesdGkCVtK,211maUSfpnXbPuW1iBu8b4dtJv5EbN1j7JJiEX5TZKEP,86104.95963899998,86169.38617900002,86093.25095686984,0.9998640184934849,34.43730038274794,0.9883004986964317,27871.050445,24110.630858,51695.80899841931
BSCrK1Nx9PXU9mF7STWWBqeHLxmtJDr9h7jheEy4tAWX,FfSySSbVJPvEo5a5AvrP3nySoXpRE2QPn1uUMpJJ1x7v,HL7Vcj6838ZmvBHDbQxXfjBNckNi83WvPiZQoMQLFeRM,0.0002878339999999868,0.00028794900000006507,1.019592423743236,3542.293209778146,0.00040783696949729453,3539.823008849558,0.85780728,0.945621118,6385.9362943927035
BSC8REUo9LpiiWUuqMuLXs2D2yJsJfGd4HdiF3wCLxk5,AZjEH1zWVx1UJ6udMyRijGTzPteuLnaY18yNNmprJEsh,Caf8ypkSVR8xYnXNhjvfvdGCC7mrM3C11rz8Xi6NA6aK,140.97745680599974,141.0430694849997,140.943614693732,0.9997599466394523,0.0563774458774928,0.9998562826576434,3305.712161016,3026.56484371,6331.048487556936
SAMyS8Jr2HJrkFwYVKbpUwsNStnQmvz3f8Tup8bWUWF,6jPzm5TFfquvgm25sTyN3MMGBfufRaFHMxobDWv6hMFW,Cj9ECoDmxsHTDzCY5ZA6RWrPbg9uFzEC1Qc2kso2vJG6,1746.952626419992,80.76711571999624,1728.0572022228582,0.9891837798510565,0.6912228808891433,0.02765232838135437,561.91912218,105618.28774393,3476.432857020128
ZUCKWFa4LTL833dPhhpeeRWZcaAEoMeYJPi2iKn4F8N,7eEYpq6ShaJ9opZWMxitRFrdCHh6vfyHhGfoSvFht3N2,H8VggnHmuwd1wvwpT8eg9cUJFEfZ7HAaeYjgXrSm7A2u,0.0015989829998943605,0.0015989829998943605,0.0016037857850143829,1.0030036498951769,6.415143140057532e-07,0.9998562826576434,1679.577333789,2167.626121682,3851.9367922881456
FrnkTEL6yZ5Aycq2TrEgu29dCrwKG4LPUZydfiwqspkc,DjvZuMZ46fxKBoBpGMPcRcos4xdTtHFxwMh69DpA2ZFY,9rvDPJLAng4uVVqnnSoEXgNDFhBZQTny9AoQioYDZbQX,62.48194013900124,52.49951901400007,14360.19154425211,229.82947572219314,5.744076617700845,195.05508062894341,179.631337489,1455.47150733,325181.6883337561
BSCNHw8CmxbZ8hCWWzMf5FaG2ajPT6JxfznKUNuRVrn4,7n9kgNL633yGzCYksgnzHyjG73ZLBAwvEae5sbAekbzW,SscdxE99omdG9AiMVwmaEMQySQnCgeAh1sPj2Leutm2,2400.9941819729984,2403.093238529,2402.924049573705,1.000803778541071,0.9611696198294819,0.9998562826576434,5349.790361435,6335.883895023,11689.063726754877
MATgk4zXLXtYkwBH678J1xZbRDZ45LicNzkRBHkxTuY,y8dALFo1bJrSzPYjMX14HJX448pXqYmrfXHD1K8MXih,GN7Yuet3UyiWS5YVkEHv6oQKi4HGBJc3XDPt9zQhAqZz,28333.963616999994,28502.000882999997,28334.530307606143,1.000020000400008,11.33381212304246,1.0,8004.608097,7141.557917,15146.326109363847
WiiQFxXqp8P9Fs1rt9SVcDyA3KUdJmUsog6wnVQAwba,3S2jpqSYxho6wiz3cafhjXruVY8cg4HYa2v3BqBHYFSj,Dfe67M6TfrG74gKRtdqys4e6E9QirPD53BkF4FujFjuv,36507.695216982,36441.48958121201,36628.41014968957,1.00330656131509,3.662841014968957,0.9998562826576434,4872.788421501,21888.867776746,26774.622562034085
7dwD9TF6uikvHXxPFK9AsSim54yJoujQjY9vU6gNFumk,CquVr6atkvwueDYficKjn6SSEWq4F4rH4VSiBbW4GBWU,8BCa6ge3b7ho3TfZuM64Vk1hgbrJ3J7EPiAb9uP86CGd,7.14799999999979e-06,7.1780000000000455e-06,0.0016211145865839816,226.79275134079873,6.484458346335928e-07,229.96874494787411,0.003945401,0.003562552,1.7140639601842778
SRMuKizofcAMicegrfSv7xs9q76tH1w8aAF7oX9FEWu,72Hj2KWntXPfbie4UgKeTPnm1XVkomDfCnRPKbvfTtPi,6aqJQ5wedqpUt4fFEDUqUmXhrdxCu4bEJsQdVPCADLko,493.8864430000003,494.0263699999987,30.79307167419776,0.06234848538694904,0.012317228669679103,0.06209433769185909,17975.740378,4982.669631,1430.1557569516076
SQDY9uoDoCbNq7F3HAHYYQZbrUzpKxDtdWLvYcqBLak,GiehZ4X2uQjhEKuxSm3ACmEFrabxh3RTvjbLfLjw1xGX,rxDQYV77NKRKYxCjq4cECX3QQsiSyLv1T1FT2X3zNA2,0.019988656999998966,0.019988656999998966,0.02003310734002173,1.002223778216954,8.013242936008693e-06,0.9998562826576434,168.73007208,237.822712039,406.8938231297103
AUSejoEUCh2DBs9mof6BNC8Pubs22w4cJa1ccV9h44R,4xkyD7AfGQDwsQMy9MosRRNGoVJ1zosNinesxg1TzHG7,Cbm5gsQe3nSiCsFrvepVzMCD9xLK3ri9g3ypS2hdmVJ7,4726.293409,4728.453692000003,4725.263301600251,0.999782047513642,0.4725263301600251,1.0,14552.437611,14317.008966,28866.27483704011
ercAoEmXjQzEvAFbdjAo81KtMxRGn9AW1ju882upmPH,CMRhskR2Eg6V42RTSdRTXGdozyPbWB8U9dVpijPWb9T4,7TKLLgrWswt6ZJ1pXhVR3FyufHGjJFqiEXxvWJfDcgRm,66.5605429719999,65.13421520399993,12993.155218721839,195.20807130716594,5.197262087488736,191.5968679276806,347.57914074,919.671963685,244056.521453403
SUiuyGR7SFq3xeRVJonq84fjjeFwRSsFekcevJ53tzy,49GjCCPsv7fBqo6t3iKDrP1xxGDS8uWZbVCdfnp2gjMf,CEwj5xEbbJEjYqM8D6Ai8ByGz1mrh8mkAVsE5fzDSSSx,27.81802099999993,0.3706419999999999,0.30156530901455547,0.010840645674059856,0.00012062612360582219,0.9529690704358499,612.848276,1.989013,8.539138881769262
heyk4SZTeCUV6a65WiVA5bzic3KcxgVf1qxobfeV4tQ,9ZDpBKPqMABtGfq66FbVribaArMvtk63xxy91onZAtDt,DaTP4s6N7xxSPinbNZ3FB52EpRDRt87QShTuN3VPCW52,48.46908853500281,42.20140760700008,10626.452567136308,219.24184853326108,4.250581026854523,195.4849620260687,632.3950079,4464.589079195,1011407.4771436378
HEDSDjj84KS7LKhZY7ejkCACTdPen62rKhCby1wXtgxc,EnnjMSFttpCTywBrYNt1J5QQeoSVkvzPipJDa8Y7kJow,6bjVT6JN2rSvpyn9PdfLYC8wJn4LWh49jpY47fnLDXZk,3.968711865996738,3.9658112180004537,3.434625903171621,0.8654258659085139,0.0013738503612686485,0.9998562826576434,39083.861881614,9136.960777094,42959.83264931846
wrmcMSHFi3sWpAEy4rGDvQb3ezh3PhXoV2xNjgLBkKU,8p4mGnARWPBu6P2Gcw4adodLkNDorrXniZMhaY7eJXUn,AyY89zccbsgp9LKFgH4CFZMJmpSgqmPSdTfukhP227rc,0.02966121999999702,0.22364674000000184,10.864915750914658,366.3003663003663,0.004345966300365864,3538.69563678828,27.06784498,0.0971606,10258.783322423264
B2izdXFYb2sNwbWWHmh75T4aQFtfXsUxem9u2p61HGzf,4DYwgJtxwuJdAjkj5RJSNH4e7U329V5cNp7d3a1nLrZv,EXNW64GEf1ACC6xY9BtKRiunrs6GoJSXBdxWN2eTPmrF,4255.669087999959,4155.679212,4214.017736690509,0.9902127373044824,0.42140177366905096,1.0,7304.078631,32527.007368,39759.59906268968
Sid7E679i9ABqptiAVhkmQ27YHN8vaYT4fppPwmxFsJ,GP7KB8o1bv527HG8kTzzzf4wJ5aEGHvcMQvVhLziUfmT,9gYxhAZ1M9wu5pxr8SBoa5NDm21gi3s9vMHaYTME77sa,8439.847328999998,18391.43445599998,91.82679448360788,0.010880148763838842,0.036730717793443154,4.959419245039414e-05,131711.500878,10171.142527,1433.5451530610546
SoNcU2iwHMw6dGzsYNQkYFkUjwN1UdAjrWVRnStrZu2,8ivTTid27jZnYNc4w3CTA1Z6QS2twsFb8WMwUabeDJgc,CyXm53PMvHCbeXJBykU46Rcbo28xk5srhMZFg7gv6EYB,28.262117377000003,28.025853916999985,6512.299715010303,230.4250466495507,2.6049198860041214,0.25577051905631515,16.534202186,21.594679852,3815.4175924967544
Lid8SLUxQ9RmF7XMqUA8c24RitTwzja8VSKngJxRcUa,4PgzyzLtds9bKZ2to9PMnKqJzKEUpjvNUaeN23phegax,AtymwxoVN9peZo7EXTcDz9jKVc4vRmisJKKrNfe3ewBa,173.72901259398986,147.99876432100007,39905.495264394616,229.6996608025109,3.990549526439462,195.53702386001424,994.678619795,7667.297947094,1727717.963197179
parEAJhzYzHW87y9VoZAQ22dzQ2MD2ekEtTReaxbMcz,3oyc6hpjYSJEquK6dSvG72NXyz3pqLZz5D8AC71pwgQb,Di2vordgFJVZ1aj1aBpvzXtLfZgJsuLLXawGtVFwX6Rz,4.948649892000077,5.767076057999617,941.8687304865931,190.32842311378823,0.37674749219463727,218.97578456286413,1103.42468066,143.029773528,241333.1363689957
Cob4usZcpHEY7Qt4ZCwj6WVg9S44zvzYV2v9qYF65dTf,NhFM9UXE48PyNAyeyPYA3iXztqKVJwA4bTdLj4ysM8w,6TuFuynuBoeskxyR2cz4wxyidk8dpDK7kAWw3UkjQGx,204.27331599999638,8719.477557000027,2.222524066562622,0.010880148763838842,0.0008890096266250488,1.0,68562.264196,211.076219,957.0438530381016
STK75uPSyBnEhGTTzb1nwmP3n427XoXmfRhXxxhyady,6TYyD5fUmDe6N65avW1Ny2RxzRNobw2RRgKwH9CTzSAU,54zDfk4cx2vGrEajPtodWpArNe5eUurytyxd4X3aZAxK,464.0876896240005,519.8993802290024,90866.23994179405,195.79541102547455,9.086623994179405,219.19263898512057,619.361914076,112.625858939,145954.9797788404
ALBpShJ9NLpE739pcHDF2LNVk5J4VYPvvKuV6jMPitZi,D6d156U1bPiJpDYRLextvDRccgFk7QzkQbJg42ceKEu5,GNcM8U5g8RwTZffwwm3kSQqUNPSwv5d2fbN9sLxPJqt2,23529.87771500001,23555.939281999992,23444.516231401478,0.9963722087878036,9.377806492560591,0.9987385931568429,53471.172201,46803.068922,100021.22116296442
KZMu9QBEdL97EFgamLbN5DE1AoKBG4HdrKKJo4Vuon3,DD4ACBWyVqdaKWh7v5btsgqQCCMwbKnuL2xd9pv7Gyuw,GcYqiJ1MAuYbNTNYXm1F1gQYTfTgkErACAhNU5dpVj9T,50.35180390000005,50.88124955000012,49.80718770412122,0.9891837798510565,0.01992287508164849,0.9994193573417716,1918.55722774,1168.61528342,3065.742425931806
HDSBGqAuMRr6X2AfmmbXQPpRgU6VEhtfNVVZ3wUTZXg,DCZ1d8kNLgDcdSd99y4udLgwq46mfDXNS9KXj96kQf5L,Fq8GGYQM5Pz3q7LmVMbrXHJgsxA5ev86kTq8yGgGuYsa,32.24905832500008,32.411937296999895,31.98648631272377,0.991857994437228,0.012794594525089508,0.9998562826576434,10966.360845811,10368.849037682,21244.431529056048
BUSDgu5JdqP1rndBvXvanbEufS94FNh1w5FJcAj6vawb,Bgzr8cWubt89JQFXndVjtdKmDbGzuPxNhvjH1EhWCwbo,Dxaf8xPBBQsasRKW5Aa4Sw2YrbfGofY9xZueyyF23FBW,15503.643949089994,15415.754776109994,15600.510639754355,1.0062479950508698,6.240204255901742,0.9994193573417716,4747.37328932,10201.97375491,14973.084907886076
GokA1R67GqSavkd15zR62QD68Tuc5AEfvjssntVDEbM8,3YB7hfpBdbQEuZqLGWVDpRPmeZWCUsrrWyqGXegnQ6Cg,4DPCj6Z1DsG6HUtwSogBGqXEUxdEV5a8YVrrFtcnz7UW,41144.85841599996,41155.836052000115,41132.84762449361,0.9997080852391103,4.113284762449362,1.0,21448.35799,11146.765688,32588.862585705872
NorjjEePhxfwLF4vZjUHCrVVKLzQjEEGQFd3wgjEJmh,34M8pFVqgbV7aqHxvRT5tCv3vu2P1JJYT8J3VaxBK2oG,3AZWBSze3ucsY3xSeuLne3b2pauVqiaJ1SZSV5T9WGWw,0.0015710000002400193,0.0015710000002400193,0.0009356960603324546,0.5956053852256511,3.742784241329819e-07,1.0,38104.416915,2273.804857,24969.00077245739
MNkYtBe2HtgL15osfaMmyqNW3vo4J399FXXCS4a39Wf,2mUxDu8NrhSKhQJMgKfYLxJqZzeEbmwhQdHeHMyohyuk,AZCBmDBcFsA2jHHhfFJBTsWCHx9XnnKmGfFsue3ZVW1t,199.92001570999992,200.01896682000006,199.72088599782467,0.9990039530986027,0.07988835439912988,0.9994193573417716,2195.17500094,1941.27352264,4133.134840103755
Lee1XZJfJ9Hm2K1qTyeCz1LXNc1YBZaKZszvNY4KCDw,9DgFSWkPDGijNKcLGbr3p5xoJbHsPgXUTr6QvGBJ5vGN,2hNHZg7XBhuhHVZ3JDEi4buq2fPQwuWBdQ9xkH7t1GQX,2013.0779621539405,1707.3948276089923,464688.60309442016,230.8348766568462,46.468860309442015,196.10919359899592,7211.063659512,56419.952099349,12729036.299505427
KEN5P7p3asnb23Sw6yAmJRGvijfAzso3RqfyLAQhznt,9zj4aX38Uxf3h6AUjS4EipWS8mwbEofasHAf3a1uKGds,CwQDG1MWunn9cLNwcZLd8YBacweSR7ARo32w4mLua1Yr,179934.20996400388,179953.69065499655,179832.24508104293,0.9994333213068191,17.983224508104293,1.0,2145001.642576,2072969.890712,4216756.006560314
KwnjUuZhTMTSGAaavkLEmSyfobY16JNH4poL9oeeEvE,J63v6qEZmQpDqCD8bd4PXu2Pq5ZbyXrFcSa3Xt1HdAPQ,BnKQtTdLw9qPCDgZkWX3sURkBAoKCUYL1yahh6Mw7mRK,325.2829309999845,10884.720339999356,8.981716484766121,0.027612012893374196,0.0008981716484766122,1.0,273336.798579,674.795844,8222.175050596974
SEQV6QiTpvTzrceiaYg9Avnwf7oc8ZALpnQMz6TyT4A,3dFMPj4r9mMmPHF32mz1gNDX7f8ftidWof7S8YiYTs1j,Fc1ED3YPeQfXQosHbd8DTaBd2AV5gHQtwiSAL5C5pUhi,6062.720659895,6077.7666353939985,6016.036976990252,0.9922998789613446,2.406414790796101,1.0001110123223678,4860.16395285,754.986757774,5577.810672752683
YAkoNb6HKmSxQN9L8hiBE5tPJRsniSSMzND1boHmZxe,CfWX7o2TswwbxusJ4hCaPobu2jLCb1hfXuXJQjVq3jQF,EnTrdMMpdhugeH6Ban6gYZWXughWxKtVGfCwFn78ZmY3,8510058.81965303,8511477.586287,8510058.81965303,1.0,851.005881965303,0.9995531997197252,962826.446541,304936.68731,1267626.888053644
moFiBS1R4Lf3E3zzmBPnw3NF4RhWPkhREFviuzUaCAU,44ALBrpqi9PfZkBRTvbtRNtFJGsatfY4QydjtMbFWq8S,2ho8qEEie1UjVwWNBo9y4oAJZMyMLx8zPj9bxyUz6uWs,5527.936771711,5575.283742451997,5497.717429830428,0.9945333416193872,2.1990869719321715,0.9998562826576434,47341.571442319,19792.931259256,66872.85791582044
MARpDPs5A7XiyCWPNH8GsMWPLxmwNn9SBmKvPa9LzgA,6YjT74rmcfCpw8LSjPNx5JTmZoYLGrTKnf9arfSgZ4SR,F8GSmi3vA8M8TsybLya1LQ4n1aFHCRbZ6k437PeTdXtg,60882.57471099997,63577.37051100018,54955.16551384245,0.9026419427020949,21.98206620553698,1.0,343109.396595,19725.787861,329430.7201628543
JSoLLrxK5bYdHwTEWYaGgmeycBCNXKDiBCTw5hXGBg7,xG4wXczA7Dk4hccJ61CHKpDHW4NrNfQwgmWgkb9BuF2,BVR6WgfhsRr9Lob4QDnkEAiNGgAbv7ZieKcY9kSg3QYR,7.992015997999857,6.8315477679999645,1821.8452296336159,227.9581560008845,0.7287380918534464,195.8894172897093,17.912776304,167.75485176,36944.76361390414
ALLwa5WNZbvQsRKAqe1jdRGemdYQnW8E5k4msbRFcYtu,CGoM82Hbz7QVqTgvQatYtjvDWBvoUJp5qm21P8iMs9yb,3dxNNww8TivyN5FMy5dCNdi3Zcxv6e4kUfSPxfFwpdNq,2.4015424749999994,2.3848700029999996,8522.757026758462,3548.8679111363476,3.409102810703385,3530.898896241005,1.389184768,7.233057798,30469.229041200186
SoN9GaFpSXfpyR5dth3x7PHPVhvJMpQqqDJfCSmPv1t,9kZ9iS68ViMPtoeqtnhAKuF2iqVyfHPdZHoUNdwCELr,BBhm5fJLjw3HRzjtKB8uMEYjGhY6EDm9co3cqpjrSzB9,1.1646032530000001,1.1446443279999983,269.8439360587974,231.70460443389933,0.10793757442351898,219.5929142636797,3.709116579,5.90091078,2155.217584726576
daob129AwBGn9Y5r91uLoWZeYiGzbPmksauMhFZKTze,6VW5GQNyj4LStgmxEHLr5zUfW92vQnmbw8jTnCH7a38F,4VPCCUifPeBA1c7HWK358CHn2nyjm8pdTRk6Ps3KmnMQ,45.23983887000002,40.634533301999966,9468.945738812732,209.3054700310149,3.787578295525093,195.84752330242793,49.340517622,222.508753452,53905.02850913104
BkwbeSfcX1h4thMDd7obGkHrPevf3QwgzJ4pCEqG18Lu,35yX27bmurdebhfAb8EPmjLETDiUaEUCn9zHaDPbakH2,2CxECn1ZJFoESyUnQysQU8rRgT3iJ5GRs2Mdd6gZjx5g,0.3950550600000007,0.2603855099999999,842.8560517164145,2133.5153933135625,0.3371424206865658,1555.2099533437013,1.059767,22.40816818,37110.43539756135
