0,1,2,3,4,5,6,7,8,9,10,11
AUSejoEUCh2DBs9mof6BNC8Pubs22w4cJa1ccV9h44R,4xkyD7AfGQDwsQMy9MosRRNGoVJ1zosNinesxg1TzHG7,Cbm5gsQe3nSiCsFrvepVzMCD9xLK3ri9g3ypS2hdmVJ7,27769.647985000007,27966.163066,27775.091903012995,1.0001960384235309,2.7775091903012994,1.0,14328.792952,14536.591424,28868.19336998141
MiMuMS9C4vBqcrYeeQPph1E7oAW9aNKvW9k6Zw9XffM,Afy2q2hh6Y474pshJa5fnQ6PfEchGyTbKrQpCZw2hr3m,5pXz9ksgjeL8Wgb37bksUaBFMLdFfsNNY3FQnikkCPtS,0.002540018000001254,0.1672660000003816,0.0,0.0,0.0,0.02821109948218245,26.038771287,7671.570473759,216.42343781978872
Dg3mAgpwDfVNnbGWcsxL8sUcSkEbjSJQhKAWNigG44Ju,EATxwd8YA2wV93VJcKMmH2Kn2Y9XfJVUB9hHVu3udwEy,GiGvrRi7NMHfHKanG2B8xyCEqe8jaafWins8bhrLVEaa,0.0009570939999999917,0.000957433000000063,0.20999232736628823,219.40616842890046,8.39969309465153e-05,218.09680008374917,0.20717476,0.251969588,100.40918114799769
C98Sspw7XqnMsgxea3SLQVdbMDL8pKUc3RE82UvX9eq2,CSqgQJurPCzGxb4Cgwx5R61hWQUiaoUHcShNc8r1cKEL,6S2CR5EnukPhC914XkAns8m5GixjMAoUuZMsS5ubHuWc,281.9150659999998,281.649035,0.0,0.0,0.0,1.0,880.491273,958.616535,958.616535
ionytDfEj1mXodptgrsKEZro7DGsfpzANUfarJdm6Qb,3gkSjY95an9xNFSjCfsay6JZez7uv7yfW3Ad4ubc4fMK,9wXqANaSuEqkKL9yHzCPEDGHwbkStVAqV5rB3QDs3Jr6,0.01171394499999999,0.04533254100000006,10.060631175735496,858.8593488987276,0.004024252470294199,3568.497305784534,3.176817521,0.077916951,3006.485857374575
B2izdXFYb2sNwbWWHmh75T4aQFtfXsUxem9u2p61HGzf,4DYwgJtxwuJdAjkj5RJSNH4e7U329V5cNp7d3a1nLrZv,EXNW64GEf1ACC6xY9BtKRiunrs6GoJSXBdxWN2eTPmrF,7875.5645129999975,7746.924260000003,7979.190256865915,1.0131578814058173,0.7979190256865915,1.0,8633.513573,31427.265155,40174.37747570905
BSCNHw8CmxbZ8hCWWzMf5FaG2ajPT6JxfznKUNuRVrn4,7n9kgNL633yGzCYksgnzHyjG73ZLBAwvEae5sbAekbzW,SscdxE99omdG9AiMVwmaEMQySQnCgeAh1sPj2Leutm2,6093.595837040999,6089.396650014998,6088.462228343927,0.9991575403367143,2.435384891337571,0.9999456679521319,6232.999450516,5440.803759418,11668.25654930536
MARpDPs5A7XiyCWPNH8GsMWPLxmwNn9SBmKvPa9LzgA,6YjT74rmcfCpw8LSjPNx5JTmZoYLGrTKnf9arfSgZ4SR,F8GSmi3vA8M8TsybLya1LQ4n1aFHCRbZ6k437PeTdXtg,127183.36745200003,130303.2484680005,120707.18553374361,0.9490799618849487,48.28287421349745,1.0,341885.610518,21202.120558,345678.9027574358
Cob4usZcpHEY7Qt4ZCwj6WVg9S44zvzYV2v9qYF65dTf,NhFM9UXE48PyNAyeyPYA3iXztqKVJwA4bTdLj4ysM8w,6TuFuynuBoeskxyR2cz4wxyidk8dpDK7kAWw3UkjQGx,33.20744400000004,2804.834609000027,0.37539023071489186,0.011304400022925324,0.00015015609228595674,1.0,67955.638406,217.730932,985.9286523546914
vEnkoSUkpnbRrPgBz9DfcVxNz67zjwMYBZraAvDDNSf,DtfyjjsZ5yCjWKLKHvwsfXs5QVsmm1QkK6Sh9JZHoq1g,e5wrKCRv4GhHvEf1VD5Pq2KGaZDXP77nTL612Jyrxwy,3555.0659770000007,3554.3732770000006,3551.4364089900128,0.9989790434176271,0.3551436408990013,0.9978317116904966,1043.226779,916.165934,1956.3411118688148
HEDSDjj84KS7LKhZY7ejkCACTdPen62rKhCby1wXtgxc,EnnjMSFttpCTywBrYNt1J5QQeoSVkvzPipJDa8Y7kJow,6bjVT6JN2rSvpyn9PdfLYC8wJn4LWh49jpY47fnLDXZk,6.958362696999757,7.186893715996121,6.74050493334611,0.9686912319549569,0.002696201973338444,0.9999456679521319,39134.311764976,9088.076294594,46996.647196121696
BSCuChvaSj9b5HUSqgDVRzcnr2sSn7cXaamt1jbKH6hn,GnKpRj5kBVPMJfiwZtEuD9GYApLzPdW5JFuZTcyX4BTc,3dmwD9okkomV9nDwyuh4UMhKdUR13QpuKxRo89ycZB5t,2484.865605254,2487.9674156289993,2480.04459201061,0.9980598495012379,0.992017836804244,0.9983886007983115,1700.773706307,1438.401030052,3133.5571411328933
SRMuKizofcAMicegrfSv7xs9q76tH1w8aAF7oX9FEWu,72Hj2KWntXPfbie4UgKeTPnm1XVkomDfCnRPKbvfTtPi,6aqJQ5wedqpUt4fFEDUqUmXhrdxCu4bEJsQdVPCADLko,0.023567000000184635,0.023567000000184635,0.0014439033117313322,0.0612680150939882,5.775613246925328e-07,0.060322810280478756,17693.037092,5263.719069,1401.5395903801743
DA1mL7dfBow33EH5yjUuZE6SH2KeUK5zEXzsyhE5r5j5,B4UtLRZND3D83CitRCBUyeiNr7H8m7YFRqBmiPmXjhW4,AAmpYbuixWiSqDaJBCqYEs1pb5SrbdPr9mgXrB58Q2e,1.4419955840000966,1.441796894999925,1.4417300259796912,0.9998158399211815,0.0005766920103918766,0.9999456679521319,1636.322930958,1470.766300514,3106.70797636702
FrnkTEL6yZ5Aycq2TrEgu29dCrwKG4LPUZydfiwqspkc,DjvZuMZ46fxKBoBpGMPcRcos4xdTtHFxwMh69DpA2ZFY,9rvDPJLAng4uVVqnnSoEXgNDFhBZQTny9AoQioYDZbQX,29.364637438997676,24.707410363999827,6384.428767353604,217.41895436702276,2.5537715069414415,185.23818388779753,180.278074342,1454.530146946,308630.3932490664
HDSBGqAuMRr6X2AfmmbXQPpRgU6VEhtfNVVZ3wUTZXg,DCZ1d8kNLgDcdSd99y4udLgwq46mfDXNS9KXj96kQf5L,Fq8GGYQM5Pz3q7LmVMbrXHJgsxA5ev86kTq8yGgGuYsa,22.18377854100072,22.30773388200032,22.033528998335246,0.9932270536154254,0.008813411599334098,0.9999456679521319,10981.756384206,10353.444934226,21260.259947367547
SEQV6QiTpvTzrceiaYg9Avnwf7oc8ZALpnQMz6TyT4A,3dFMPj4r9mMmPHF32mz1gNDX7f8ftidWof7S8YiYTs1j,Fc1ED3YPeQfXQosHbd8DTaBd2AV5gHQtwiSAL5C5pUhi,4908.024915588,4914.836596155,4886.915663468443,0.9956990332195517,1.9547662653873774,0.9978665612919578,4479.826775194,1128.948157857,5587.0988052093835
ACUSESXyNnwRLAg1dpSGMLSzUDdLjUMybY8rkXiAKhCP,AhFPQdu8GKBsxuhiH46UmCu1YpaLgNpoP325HnYtsgas,A8wxWpT3aFEr2XqZp1kDmbxbFfcBE95UUmdsNTDBJYbT,1006.949068724,1007.3508180609999,1006.8943591189974,0.9999456679521319,0.4027577436475989,0.9876422683379086,1040.125996138,1845.791608762,2863.051295319368
AyiATPCAx5HZstcZ1jdH9rENwFb3yd9zEhkgspvDrCs4,DvHVapj4g2Y1tJVSw2ubSPkPBsJPb8fW387ZWXwaKmZq,DKjqWWgrtDRPKrnMWtZ4UiJk4sGQVCQgFjSo7BvfngvK,0.020424959999999992,0.02064235000000003,51.445670243312655,2518.7647977431866,0.020578268097325065,2617.5269605276935,0.86517675,0.29816462,2959.630673251352
KysFMBBoavfov2tLpvefWW6tPFt6rAeZWDJVy1mMQae,B8ka2V21TH3x64dFV8ETcjuQcwmrciJ2qzy1mJUttRew,7fSf7EYxBANyxzk2s5pymFgshA91tFYQNKKs5UnLWcYS,44.12523900001088,44.84297100001004,0.0,0.0,0.0,0.02812082845085449,134646.653178,2504.700515,70.43425350308189
RajgMbScQbqqrdJfR2rxfHJiTiY5b6bJ2tTXiF4aPxy,725ZA3fhyBAKb5iopNRrcbSuQa3LXA1656Q3mBvYPxeg,GLA6i1dSZpUfk2f9Nj8uiG7xyDdAR2reff8oEiZH3617,3784.291418629975,3783.7671356700303,3782.553637837679,0.9995407909698125,1.5130214551350718,1.0,95461.68693079,86319.30714657,181737.15720868448
BkwbeSfcX1h4thMDd7obGkHrPevf3QwgzJ4pCEqG18Lu,35yX27bmurdebhfAb8EPmjLETDiUaEUCn9zHaDPbakH2,2CxECn1ZJFoESyUnQysQU8rRgT3iJ5GRs2Mdd6gZjx5g,0.045865990000000134,0.03740155000000023,115.52564102564136,2518.7647977431866,0.04621025641025654,1497.005988023952,0.79688269,22.80363656,36144.340546544816
SUiuyGR7SFq3xeRVJonq84fjjeFwRSsFekcevJ53tzy,49GjCCPsv7fBqo6t3iKDrP1xxGDS8uWZbVCdfnp2gjMf,CEwj5xEbbJEjYqM8D6Ai8ByGz1mrh8mkAVsE5fzDSSSx,0.09494799999999959,7.766295000000014,0.0010697324790014762,0.011266508815367157,4.2789299160059046e-07,0.9597997473807065,610.715497,2.013501,8.813189281782634
BUSDTd9WiT6uBHJRgNvFXBsA7JrifsAtWzKfioN7ERcy,DyBxrn7gSc1EwnpWhDyhzvMHPtxpmBqRqotapLcKcfTM,Cds99GeBgoCpqBsoRWu1C6fF9LiUMd4pXQQD24s9LPff,16081.696377870003,16082.2014409,16068.48775956189,0.9991786551618839,1.606848775956189,0.997165059735173,2702.59296737,2822.86528786,5515.235839979985
MiMy69CnJDY4V6cQWkU3HHfTyb8pqXJmhX4MisFYDnM,,,0.0053550320000000096,0.002540018,0.0,0.0,0.0,0.997165059735173,2702.59296737,2822.86528786,2814.8626333932634
7dwD9TF6uikvHXxPFK9AsSim54yJoujQjY9vU6gNFumk,CquVr6atkvwueDYficKjn6SSEWq4F4rH4VSiBbW4GBWU,8BCa6ge3b7ho3TfZuM64Vk1hgbrJ3J7EPiAb9uP86CGd,0.025361109000000104,0.025495838000000104,5.473443843432706,215.82036666585375,0.0021893775373730824,217.20832993945317,2.271684572,1.907599698,904.6223418737882
DFWzVTzNBrQZLjoQ4yQwkj9HuoXmfkuZP9V5vbymZe23,DhgiEgiNdqZdRdo195UUHnoEJUtefK8buko8nU97XJUZ,2K2kkXsouBHtWVjtcgkyiXd8eP3oVBvq1bTJzcVdLLr2,2479.3744650650005,2995.8088053239917,2130.116933261972,0.8591348193973305,0.852046773304789,0.99994570294833,60672.054970655,8137.860906623,60262.89403444746
ALBpShJ9NLpE739pcHDF2LNVk5J4VYPvvKuV6jMPitZi,D6d156U1bPiJpDYRLextvDRccgFk7QzkQbJg42ceKEu5,GNcM8U5g8RwTZffwwm3kSQqUNPSwv5d2fbN9sLxPJqt2,29525.376202000007,29549.449077999998,29430.11093291018,0.9967734443606048,11.772044373164071,0.9983058749302434,49198.936695,51044.387768,99998.10577936635
KwnjUuZhTMTSGAaavkLEmSyfobY16JNH4poL9oeeEvE,J63v6qEZmQpDqCD8bd4PXu2Pq5ZbyXrFcSa3Xt1HdAPQ,BnKQtTdLw9qPCDgZkWX3sURkBAoKCUYL1yahh6Mw7mRK,743.6404379999809,29666.40456399975,20.63873288179395,0.027753645212331066,0.002063873288179395,1.0,273076.480012,681.9501,8260.817842085264
SoN9GaFpSXfpyR5dth3x7PHPVhvJMpQqqDJfCSmPv1t,9kZ9iS68ViMPtoeqtnhAKuF2iqVyfHPdZHoUNdwCELr,BBhm5fJLjw3HRzjtKB8uMEYjGhY6EDm9co3cqpjrSzB9,5.027245457,4.935978292999998,1101.6191185023094,219.12976557935937,0.44064764740092377,213.02898024944417,3.780771749,5.795729599,2063.137993343925
KZMu9QBEdL97EFgamLbN5DE1AoKBG4HdrKKJo4Vuon3,DD4ACBWyVqdaKWh7v5btsgqQCCMwbKnuL2xd9pv7Gyuw,GcYqiJ1MAuYbNTNYXm1F1gQYTfTgkErACAhNU5dpVj9T,135.13334257999986,136.72365141000046,133.7409045024092,0.9896958215418499,0.053496361800963683,1.0,1920.20315992,1166.74836005,3067.16540393428
iLiUBQ7Z7im6Ew3b4ewwPcehzWgEQRJ1iQz7g6D62NW,GpugBvKWM3TVhYcZjemSdtehBWgfvuGr6uAm9iPjXT6v,92fMXJ3xy8tEyMUWLHKRLyhPw2nECBo77GtDiBBbYrjX,0.0014469559998815384,0.0014469559998815384,0.0014150639660307765,0.9779592234640355,5.660255864123106e-07,0.9997084590209294,1865.493847277,1097.984039683,2922.040846601018
BSCrK1Nx9PXU9mF7STWWBqeHLxmtJDr9h7jheEy4tAWX,FfSySSbVJPvEo5a5AvrP3nySoXpRE2QPn1uUMpJJ1x7v,HL7Vcj6838ZmvBHDbQxXfjBNckNi83WvPiZQoMQLFeRM,0.010350858999999879,0.01034700200000005,36.94848345309317,3569.605522893665,0.014779393381237266,3556.4407141332954,0.878960472,0.924431933,6425.229519222566
NorjjEePhxfwLF4vZjUHCrVVKLzQjEEGQFd3wgjEJmh,34M8pFVqgbV7aqHxvRT5tCv3vu2P1JJYT8J3VaxBK2oG,3AZWBSze3ucsY3xSeuLne3b2pauVqiaJ1SZSV5T9WGWw,7.565068000001247,12.680498000004263,4.502603927974012,0.5951835367472268,0.0018010415711896047,1.0,38106.662703,2271.675567,24952.133848205176
BUSDgu5JdqP1rndBvXvanbEufS94FNh1w5FJcAj6vawb,Bgzr8cWubt89JQFXndVjtdKmDbGzuPxNhvjH1EhWCwbo,Dxaf8xPBBQsasRKW5Aa4Sw2YrbfGofY9xZueyyF23FBW,9120.775090990006,9102.480205789998,9119.031440988174,0.9998088265542745,3.64761257639527,1.0,7548.13374136,7367.88271754,14914.573456163867
Sid7E679i9ABqptiAVhkmQ27YHN8vaYT4fppPwmxFsJ,GP7KB8o1bv527HG8kTzzzf4wJ5aEGHvcMQvVhLziUfmT,9gYxhAZ1M9wu5pxr8SBoa5NDm21gi3s9vMHaYTME77sa,2005.589853000005,4572.058571999958,22.541883488871413,0.011239528089530755,0.009016753395548565,0.028001458876007437,131202.610901,10366.660465,1764.937047333793
SoNcU2iwHMw6dGzsYNQkYFkUjwN1UdAjrWVRnStrZu2,8ivTTid27jZnYNc4w3CTA1Z6QS2twsFb8WMwUabeDJgc,CyXm53PMvHCbeXJBykU46Rcbo28xk5srhMZFg7gv6EYB,59.92726862000004,59.39405547800004,13009.518812560835,217.0884659378428,5.2038075250243345,214.59876790263397,16.697616225,21.21675279,8177.948898732855
wrmcMSHFi3sWpAEy4rGDvQb3ezh3PhXoV2xNjgLBkKU,8p4mGnARWPBu6P2Gcw4adodLkNDorrXniZMhaY7eJXUn,AyY89zccbsgp9LKFgH4CFZMJmpSgqmPSdTfukhP227rc,0.005015610000000004,0.053206199999998205,1.6547707027383716,329.92411745298585,0.0006619082810953487,3562.776115148924,27.12976442,0.09104705,9275.143838070686
JSoLLrxK5bYdHwTEWYaGgmeycBCNXKDiBCTw5hXGBg7,xG4wXczA7Dk4hccJ61CHKpDHW4NrNfQwgmWgkb9BuF2,BVR6WgfhsRr9Lob4QDnkEAiNGgAbv7ZieKcY9kSg3QYR,27.130495242000162,23.257773847000003,5822.95684952238,214.62773891823326,2.329182739808952,184.45903146465267,17.991837862,167.277619035,34717.415072213764
MATgk4zXLXtYkwBH678J1xZbRDZ45LicNzkRBHkxTuY,y8dALFo1bJrSzPYjMX14HJX448pXqYmrfXHD1K8MXih,GN7Yuet3UyiWS5YVkEHv6oQKi4HGBJc3XDPt9zQhAqZz,24301.666739,24305.65305399998,24337.832758479097,1.0014882114822625,9.73513310339164,1.0,7331.466705,10038.376601,17380.75407893221
SQDY9uoDoCbNq7F3HAHYYQZbrUzpKxDtdWLvYcqBLak,GiehZ4X2uQjhEKuxSm3ACmEFrabxh3RTvjbLfLjw1xGX,rxDQYV77NKRKYxCjq4cECX3QQsiSyLv1T1FT2X3zNA2,1.179312675999995,1.1818600000000004,1.1818704611420712,1.0021688778507425,0.00047274818445682855,0.99994570294833,168.73007208,237.802723382,406.8858383913298
RoBgmK8CvjdHvPrqdDyVw54VwjZv2TqJ493xnqJAQHx,ExiHJxM7qPAcy27NDHAF6G7vnW7muNHi2sVJpnaNynGQ,6rkPHSqZb7StM4HwS9EuVrmfkV7tRdc7dnsFhyB6cefE,1.102325999999998,51.361995999999635,0.0,0.0,0.0,0.9619833788511801,6133.148968,21.490509,20.673512461051697
moFiBS1R4Lf3E3zzmBPnw3NF4RhWPkhREFviuzUaCAU,44ALBrpqi9PfZkBRTvbtRNtFJGsatfY4QydjtMbFWq8S,2ho8qEEie1UjVwWNBo9y4oAJZMyMLx8zPj9bxyUz6uWs,272.69350231599674,273.21774570300477,272.10409029918924,0.9978385549644505,0.10884163611967569,0.99994570294833,39183.686945581,27915.3337672,67012.811606838
GokA1R67GqSavkd15zR62QD68Tuc5AEfvjssntVDEbM8,3YB7hfpBdbQEuZqLGWVDpRPmeZWCUsrrWyqGXegnQ6Cg,4DPCj6Z1DsG6HUtwSogBGqXEUxdEV5a8YVrrFtcnz7UW,24328.197054999997,24338.071281000004,24324.329486611627,0.9998410252769809,2.4324329486611624,1.0,18734.344325,13853.28305,32584.64908779999
Lid8SLUxQ9RmF7XMqUA8c24RitTwzja8VSKngJxRcUa,4PgzyzLtds9bKZ2to9PMnKqJzKEUpjvNUaeN23phegax,AtymwxoVN9peZo7EXTcDz9jKVc4vRmisJKKrNfe3ewBa,406.49443125002017,347.4508829490003,87724.8925328412,215.80835009984372,8.772489253284121,184.27259223442127,1010.750155893,7683.959797286,1634071.5139773975
WiiQFxXqp8P9Fs1rt9SVcDyA3KUdJmUsog6wnVQAwba,3S2jpqSYxho6wiz3cafhjXruVY8cg4HYa2v3BqBHYFSj,Dfe67M6TfrG74gKRtdqys4e6E9QirPD53BkF4FujFjuv,35324.043772471996,35383.60284746501,35299.96591282262,0.9993183719337326,3.5299965912822624,0.99900314072002,17396.163603147,9342.000984404,26716.994213818834
ALLwa5WNZbvQsRKAqe1jdRGemdYQnW8E5k4msbRFcYtu,CGoM82Hbz7QVqTgvQatYtjvDWBvoUJp5qm21P8iMs9yb,3dxNNww8TivyN5FMy5dCNdi3Zcxv6e4kUfSPxfFwpdNq,8.991821662999996,8.994715388000003,32031.282641065816,3562.2684525505842,12.812513056426328,3566.461000748957,3.127377254,5.477859973,30677.13129241671
STK75uPSyBnEhGTTzb1nwmP3n427XoXmfRhXxxhyady,6TYyD5fUmDe6N65avW1Ny2RxzRNobw2RRgKwH9CTzSAU,54zDfk4cx2vGrEajPtodWpArNe5eUurytyxd4X3aZAxK,463.37957417700056,518.3555888619984,85287.57188555511,184.05552734393333,8.528757188555511,206.11340606938026,581.678898165,106.344396441,128980.22211344415
ZUCKWFa4LTL833dPhhpeeRWZcaAEoMeYJPi2iKn4F8N,7eEYpq6ShaJ9opZWMxitRFrdCHh6vfyHhGfoSvFht3N2,H8VggnHmuwd1wvwpT8eg9cUJFEfZ7HAaeYjgXrSm7A2u,28.625647515999844,28.572585162000223,28.709621666473954,1.0029335284180794,0.011483848666589582,0.9980779703121527,1680.954963462,2166.241201714,3847.963714430095
SERgf3DMJpQxUifu7VoFKmfne73d2fDJxSrxUMrcNJB,AJfM2GZ2tTB8UtN2krcyR9xufRJEx2mhSCbJyMgPo3GU,F4yRYkufQvERZcEKnKjJwRLU1btiMBUuEwq46hfm11QD,0.0020010010000000023,0.0019999999999988916,0.36644416930115087,183.13042787142558,0.00014657766772046036,183.56916463914524,29.277091343,27.96586623,10495.196966725582
AURHmCnNwiW4uA2Qj1XvEh4iKgRUZYXtiY7FKAapUV5Y,BKWm4TRnTeKwfWXRyuzjRHU7iZDkPuXBX5b5V5jSVfGJ,A5Ww74HVrkj9nPeC7pHKLfgeDMEhBCpW1efQdz3TGLEg,0.35608007400014685,0.31775584500002196,73.2989209161348,205.84954415647695,0.029319568366453923,184.06874010285392,289.898159006,1809.487310886,392745.45343007415
NorBXypYWTkV5PMs6Q9JsvNkmRwe7H9Zr1Kz2TcJH2Y,C82XDu1d1UjtuUwnkSTwVuWyH3AqpJ3ftb9W7en8rEUu,F7cZoYpWQSFuYJzW2UUFw6sVbTtaihyD5upeeHRUPABk,0.0011513934999999864,0.0011863800000000424,0.0,0.0,0.0,2574.201354029912,0.2401799813,0.6655639352,1713.2955831853167
YAkoNb6HKmSxQN9L8hiBE5tPJRsniSSMzND1boHmZxe,CfWX7o2TswwbxusJ4hCaPobu2jLCb1hfXuXJQjVq3jQF,EnTrdMMpdhugeH6Ban6gYZWXughWxKtVGfCwFn78ZmY3,7809476.877391005,7806616.624995006,7809476.877391005,1.0,780.9476877391005,0.999000000999,309988.464253,1132087.283955,1440943.6620550002
oKQqupM9E7SSLAFDLxr7mdsXP7znck9qRbVWc6Yyj7Q,CMR2J7CwfW98RpvnJmFBgRFTLAd3x8CJ1SWs8Bt3uunG,FmRb5jHfSNj1YWP3b45d9vvYuhwjp4om8bALmtqZpr1v,0.22559496999974726,0.23012321999976848,0.22096192650004562,0.9794630017694684,8.838477060001826e-05,1.0,4105.51129071,1794.16190118,5815.358313777261
parEAJhzYzHW87y9VoZAQ22dzQ2MD2ekEtTReaxbMcz,3oyc6hpjYSJEquK6dSvG72NXyz3pqLZz5D8AC71pwgQb,Di2vordgFJVZ1aj1aBpvzXtLfZgJsuLLXawGtVFwX6Rz,6.183809639000032,7.186729331999942,1110.2667898459226,179.54414101684105,0.4441067159383691,211.80930046165955,1115.413088974,144.25967748,230821.42631064155
KEVpg4SYCVrqFxKijQH6hm4QxsRdoE51ud64bEEFUC9,2bPenuBYfqzD8p5dFjCcggwkHDsc2RQDnx9AoyYGUBjA,AE6n6iLuX8oYu61vt5hoDYkjswpnxFxrhSehxrnQTnbx,3449.718116311001,3483.8501568280017,3437.3970484573633,0.9964283841640913,1.3749588193829454,0.9997648103271946,6186.962987881,1431.852348708,7596.3811247199055
Lee1XZJfJ9Hm2K1qTyeCz1LXNc1YBZaKZszvNY4KCDw,9DgFSWkPDGijNKcLGbr3p5xoJbHsPgXUTr6QvGBJ5vGN,2hNHZg7XBhuhHVZ3JDEi4buq2fPQwuWBdQ9xkH7t1GQX,1534.9044808857943,1303.1463910890088,330043.90198651364,215.02569449536372,33.00439019865137,184.37298802976812,7228.353669136,56399.023429307,11952738.23938631
KEN5P7p3asnb23Sw6yAmJRGvijfAzso3RqfyLAQhznt,9zj4aX38Uxf3h6AUjS4EipWS8mwbEofasHAf3a1uKGds,CwQDG1MWunn9cLNwcZLd8YBacweSR7ARo32w4mLua1Yr,234390.04164500302,234399.2859190004,234192.85126423853,0.9991587083675545,23.419285126423855,1.0,2116143.092551,2070205.377111,4184568.1761851795
heyk4SZTeCUV6a65WiVA5bzic3KcxgVf1qxobfeV4tQ,9ZDpBKPqMABtGfq66FbVribaArMvtk63xxy91onZAtDt,DaTP4s6N7xxSPinbNZ3FB52EpRDRt87QShTuN3VPCW52,59.09360719200049,51.34110819599982,12494.594011164842,211.43732130903385,4.9978376044659365,184.27259223442127,633.661037069,4495.61839696,962398.8480003465
ercAoEmXjQzEvAFbdjAo81KtMxRGn9AW1ju882upmPH,CMRhskR2Eg6V42RTSdRTXGdozyPbWB8U9dVpijPWb9T4,7TKLLgrWswt6ZJ1pXhVR3FyufHGjJFqiEXxvWJfDcgRm,0.6522353359999897,0.6378116799999702,120.18909611160686,184.27259223442127,0.04807563844464275,179.96707322428287,318.784845934,983.385739669,235720.3633440353
SAMGk1Nd4haC8zQA63DG37pzuEZy8j4q13tSFtCbcRE,9U9TnkHD3jXMAVZtynCVLgDruuqN4pTvLJTmVHCLWS8g,C6zoEbvqSknmi96QWq96UBiPCyNW3YSTvKhavR2BfifE,0.004315120000000006,0.008442999999999756,0.007919613115175328,1.835317005129711,3.1678452460701314e-06,0.0,53.71062284,1.09934343,98.57601945436025
MATSnbbiTCv7Dc3trJrkrqjx7ckKdr6fwPoVwv9q3sD,631WX9JizSHJm4w6VanZeJAst9T8DeUUnPLesdGkCVtK,211maUSfpnXbPuW1iBu8b4dtJv5EbN1j7JJiEX5TZKEP,98798.28471100001,98869.44088100005,98596.26097226785,0.9979551898160669,39.438504388907134,0.9988134096693129,27413.249787,23832.107511,51161.023457328396
SAMyS8Jr2HJrkFwYVKbpUwsNStnQmvz3f8Tup8bWUWF,6jPzm5TFfquvgm25sTyN3MMGBfufRaFHMxobDWv6hMFW,Cj9ECoDmxsHTDzCY5ZA6RWrPbg9uFzEC1Qc2kso2vJG6,2799.1947496699836,109.71097903000395,2770.351347430267,0.9896958215418499,1.1081405389721068,0.028147872257299478,613.4423458,113722.67976768,3808.1727892535237
daob129AwBGn9Y5r91uLoWZeYiGzbPmksauMhFZKTze,6VW5GQNyj4LStgmxEHLr5zUfW92vQnmbw8jTnCH7a38F,4VPCCUifPeBA1c7HWK358CHn2nyjm8pdTRk6Ps3KmnMQ,56.20717530300034,50.50795263600012,11236.493250868338,199.91207866780192,4.494597300347335,184.43331204972912,49.267792302,222.442402728,50875.01584589109
BSC8REUo9LpiiWUuqMuLXs2D2yJsJfGd4HdiF3wCLxk5,AZjEH1zWVx1UJ6udMyRijGTzPteuLnaY18yNNmprJEsh,Caf8ypkSVR8xYnXNhjvfvdGCC7mrM3C11rz8Xi6NA6aK,18168.495641752997,18109.37926350499,18155.099647306837,0.9992626800418536,7.262039858922734,0.9996465909421178,3226.59545726,3092.596878146,6315.720350429383
KEnkcdADoLR5jS2CLLLesy8TtFsyWL37BhXNfDMzWzP,3qsjFRuw1qeLMPo4DLwaQevenGAGBj9dA3Q6rb8ax2YR,77iEv8zPQAEyCcEbvBRSB6AFcUdfkhiqnAKtPxk76rNN,0.07592699999999997,6.678472999999983,0.0008560685856078728,0.01127489016565745,3.4242743424314916e-07,0.9980328771990408,112.421552,0.364419,1.631242794128745
CZgvH45CRmoaNJ7395Ao5CQZXkGznvqU7cErD6n7FaRg,4ZjU6MKvtqVQKCiowhvZ5yUsPxXX5SCzd5eFsPeXyey5,BsyWeshjDbCvjDojry3vKDCesmFRM37WtwcR4Kfgzqr,1.9249361600001293,1.8853493799999796,1.966001327283986,1.0213332619217117,0.0007864005309135945,1.0,340.06386123,767.32913585,1114.6476685017283
