0,1,2,3,4,5,6,7,8,9,10,11
SAMGk1Nd4haC8zQA63DG37pzuEZy8j4q13tSFtCbcRE,9U9TnkHD3jXMAVZtynCVLgDruuqN4pTvLJTmVHCLWS8g,C6zoEbvqSknmi96QWq96UBiPCyNW3YSTvKhavR2BfifE,0.013877059999998664,0.007106679999999921,0.023275105288490746,1.677236049169852,9.310042115396298e-06,0.0,53.69674578,1.10645011,90.06211774532512
KEVpg4SYCVrqFxKijQH6hm4QxsRdoE51ud64bEEFUC9,2bPenuBYfqzD8p5dFjCcggwkHDsc2RQDnx9AoyYGUBjA,AE6n6iLuX8oYu61vt5hoDYkjswpnxFxrhSehxrnQTnbx,10255.147460671,10266.287815880998,10223.280330427102,0.9968925722066786,4.089312132170841,1.0,6223.983136636,1399.630532916,7604.273091368053
BSCrK1Nx9PXU9mF7STWWBqeHLxmtJDr9h7jheEy4tAWX,FfSySSbVJPvEo5a5AvrP3nySoXpRE2QPn1uUMpJJ1x7v,HL7Vcj6838ZmvBHDbQxXfjBNckNi83WvPiZQoMQLFeRM,0.011117735000000017,0.01111488000000005,39.03246814800257,3510.8291525209506,0.01561298725920103,3506.065493303415,0.874714416,0.92868505,6327.003479774895
MATgk4zXLXtYkwBH678J1xZbRDZ45LicNzkRBHkxTuY,y8dALFo1bJrSzPYjMX14HJX448pXqYmrfXHD1K8MXih,GN7Yuet3UyiWS5YVkEHv6oQKi4HGBJc3XDPt9zQhAqZz,19585.03587000002,19565.989775000002,19624.894029774492,1.0020351333558457,7.849957611909797,1.0,6760.335934,10620.726061,17394.820180156006
STK75uPSyBnEhGTTzb1nwmP3n427XoXmfRhXxxhyady,6TYyD5fUmDe6N65avW1Ny2RxzRNobw2RRgKwH9CTzSAU,54zDfk4cx2vGrEajPtodWpArNe5eUurytyxd4X3aZAxK,320.80520465200004,359.368289299001,63610.64347665392,198.28432504908034,6.361064347665391,222.48297226571765,583.431986924,106.092247831,139289.1363710612
SUiuyGR7SFq3xeRVJonq84fjjeFwRSsFekcevJ53tzy,49GjCCPsv7fBqo6t3iKDrP1xxGDS8uWZbVCdfnp2gjMf,CEwj5xEbbJEjYqM8D6Ai8ByGz1mrh8mkAVsE5fzDSSSx,5.919505000000072,0.07179499999999983,0.07177561406323199,0.012125272985364675,2.87102456252928e-05,0.9486801961111702,604.795992,2.085296,9.311595521684268
C98Sspw7XqnMsgxea3SLQVdbMDL8pKUc3RE82UvX9eq2,CSqgQJurPCzGxb4Cgwx5R61hWQUiaoUHcShNc8r1cKEL,6S2CR5EnukPhC914XkAns8m5GixjMAoUuZMsS5ubHuWc,100.15211000000022,100.04585199999985,0.0,0.0,0.0,1.0,881.34225,986.940348,986.940348
WiiQFxXqp8P9Fs1rt9SVcDyA3KUdJmUsog6wnVQAwba,3S2jpqSYxho6wiz3cafhjXruVY8cg4HYa2v3BqBHYFSj,Dfe67M6TfrG74gKRtdqys4e6E9QirPD53BkF4FujFjuv,60446.848272350006,60213.536201921,60534.10540071628,1.0014435347889956,6.053410540071629,1.0,7508.611435775,19240.611579825,26760.06195742459
KwnjUuZhTMTSGAaavkLEmSyfobY16JNH4poL9oeeEvE,J63v6qEZmQpDqCD8bd4PXu2Pq5ZbyXrFcSa3Xt1HdAPQ,BnKQtTdLw9qPCDgZkWX3sURkBAoKCUYL1yahh6Mw7mRK,446.2308240000102,14454.50858999989,13.227424336845083,0.029642560812528675,0.0013227424336845085,1.0,272366.821022,702.614661,8776.264716459747
YAkoNb6HKmSxQN9L8hiBE5tPJRsniSSMzND1boHmZxe,CfWX7o2TswwbxusJ4hCaPobu2jLCb1hfXuXJQjVq3jQF,EnTrdMMpdhugeH6Ban6gYZWXughWxKtVGfCwFn78ZmY3,8853153.646320984,8855800.20635301,8853153.646320984,1.0,885.3153646320984,0.996993068904185,1055403.327501,326785.316406,1381206.022977443
MARpDPs5A7XiyCWPNH8GsMWPLxmwNn9SBmKvPa9LzgA,6YjT74rmcfCpw8LSjPNx5JTmZoYLGrTKnf9arfSgZ4SR,F8GSmi3vA8M8TsybLya1LQ4n1aFHCRbZ6k437PeTdXtg,74342.1121460001,78492.68303499889,70557.88129832693,0.9490970764962753,28.223152519330775,1.0,345342.192523,17939.313332,345702.57864639314
SAMyS8Jr2HJrkFwYVKbpUwsNStnQmvz3f8Tup8bWUWF,6jPzm5TFfquvgm25sTyN3MMGBfufRaFHMxobDWv6hMFW,Cj9ECoDmxsHTDzCY5ZA6RWrPbg9uFzEC1Qc2kso2vJG6,2362.8114579299586,98.83992826001065,2342.2760678062027,0.9913089171567896,0.9369104271224811,0.02979511833801638,633.56148798,113038.59322963,3996.053414641421
Cob4usZcpHEY7Qt4ZCwj6WVg9S44zvzYV2v9qYF65dTf,NhFM9UXE48PyNAyeyPYA3iXztqKVJwA4bTdLj4ysM8w,6TuFuynuBoeskxyR2cz4wxyidk8dpDK7kAWw3UkjQGx,24.756625999993787,1628.0112579999777,0.299516356711014,0.01209843202022316,0.00011980654268440562,1.0,67241.708837,226.119522,1039.6387652880833
BkMBnJpvHKtWhUvrgRrLesXfi9RUV3ELgdBaJcdH7hcY,5uerVwBnZQsuVhZ15igs7ZgmcqhHnYWbwoRtLyRqLvR,9YWiQh5d4jCtgMdzcGLv9bWgnLaFtzvDDh2nnhJdzhBX,1.035985289999644,1.0003971670000738,1.0360611908064212,1.0000732643672743,0.0004144244763225685,1.0,1472.204326323,1400.40822633,2872.7204127714667
HEDSDjj84KS7LKhZY7ejkCACTdPen62rKhCby1wXtgxc,EnnjMSFttpCTywBrYNt1J5QQeoSVkvzPipJDa8Y7kJow,6bjVT6JN2rSvpyn9PdfLYC8wJn4LWh49jpY47fnLDXZk,48.321393434998754,49.873773824001546,46.82753258398606,0.9690848970855485,0.018731013033594427,1.0,39087.891409068,9133.055781464,47012.54100491175
BSC8REUo9LpiiWUuqMuLXs2D2yJsJfGd4HdiF3wCLxk5,AZjEH1zWVx1UJ6udMyRijGTzPteuLnaY18yNNmprJEsh,Caf8ypkSVR8xYnXNhjvfvdGCC7mrM3C11rz8Xi6NA6aK,10036.431187357002,10061.856702373003,10029.943990093256,0.9993536350578562,4.011977596037303,1.0,3342.164388596,2988.9179028,6328.92203350433
Lid8SLUxQ9RmF7XMqUA8c24RitTwzja8VSKngJxRcUa,4PgzyzLtds9bKZ2to9PMnKqJzKEUpjvNUaeN23phegax,AtymwxoVN9peZo7EXTcDz9jKVc4vRmisJKKrNfe3ewBa,116.76525039200715,99.51119572300081,27175.571384452844,232.7368056268312,2.7175571384452843,198.33336506667175,996.92746472,7664.627754632,1752173.1281401613
7oAd7xG4m3oC2qeWB1szghTebAZyyGPAFDJ4wwwbRSNi,D9yh4KAysxt9GLacVe4Wwh2XqghhcjTCSTV9HuM7TBJd,HDYfJLpZKaMFb84jM4mRytn7XLR8UFZUnQpSfhJJaNEy,7.3745982050000976,304.4066395670525,7.3745982050000976,1.0,0.0029498392820000393,0.024111979836143136,991.914012172,300059.904035883,8226.952367920256
SRMuKizofcAMicegrfSv7xs9q76tH1w8aAF7oX9FEWu,72Hj2KWntXPfbie4UgKeTPnm1XVkomDfCnRPKbvfTtPi,6aqJQ5wedqpUt4fFEDUqUmXhrdxCu4bEJsQdVPCADLko,0.026695999999901687,0.026695999999901687,0.0019010468646863301,0.07121092540805106,7.604187458745321e-07,0.07131792167309563,17693.037092,5263.745765,1635.3369527756513
DFWzVTzNBrQZLjoQ4yQwkj9HuoXmfkuZP9V5vbymZe23,DhgiEgiNdqZdRdo195UUHnoEJUtefK8buko8nU97XJUZ,2K2kkXsouBHtWVjtcgkyiXd8eP3oVBvq1bTJzcVdLLr2,1070.2313304280015,1263.86528794499,911.6880982314277,0.8518607821608344,0.36467523929257106,1.0,60949.271284826,7901.368326529,59821.66223535376
ALLwa5WNZbvQsRKAqe1jdRGemdYQnW8E5k4msbRFcYtu,CGoM82Hbz7QVqTgvQatYtjvDWBvoUJp5qm21P8iMs9yb,3dxNNww8TivyN5FMy5dCNdi3Zcxv6e4kUfSPxfFwpdNq,12.720325108999994,12.607160341,44500.00038131885,3498.3382893125768,17.80000015252754,3505.254376310089,4.833412109,3.780295555,30159.808186851078
moFiBS1R4Lf3E3zzmBPnw3NF4RhWPkhREFviuzUaCAU,44ALBrpqi9PfZkBRTvbtRNtFJGsatfY4QydjtMbFWq8S,2ho8qEEie1UjVwWNBo9y4oAJZMyMLx8zPj9bxyUz6uWs,1042.3040254530024,1047.9708475900043,1036.4355573518446,0.9943697155936752,0.4145742229407379,1.0,46642.675782933,20484.340391077,66864.40464388009
BkwbeSfcX1h4thMDd7obGkHrPevf3QwgzJ4pCEqG18Lu,35yX27bmurdebhfAb8EPmjLETDiUaEUCn9zHaDPbakH2,2CxECn1ZJFoESyUnQysQU8rRgT3iJ5GRs2Mdd6gZjx5g,0.017426750000001046,0.01039296999999939,47.08787051798494,2702.045448404442,0.018835148207193977,1612.9032258064517,0.79692543,22.80358604,38933.30621472022
NorjjEePhxfwLF4vZjUHCrVVKLzQjEEGQFd3wgjEJmh,34M8pFVqgbV7aqHxvRT5tCv3vu2P1JJYT8J3VaxBK2oG,3AZWBSze3ucsY3xSeuLne3b2pauVqiaJ1SZSV5T9WGWw,0.0526809999996658,0.0014949999999771535,0.031355181154671195,0.5951895589466811,1.2542072461868479e-05,1.0,38106.662703,2271.705673,24952.393440128515
BUSDTd9WiT6uBHJRgNvFXBsA7JrifsAtWzKfioN7ERcy,DyBxrn7gSc1EwnpWhDyhzvMHPtxpmBqRqotapLcKcfTM,Cds99GeBgoCpqBsoRWu1C6fF9LiUMd4pXQQD24s9LPff,29271.42116486,29330.314707869988,29266.550625504904,0.999833607691008,2.9266550625504903,0.9991107913956578,2786.49269209,2743.74148741,5527.330770008279
parEAJhzYzHW87y9VoZAQ22dzQ2MD2ekEtTReaxbMcz,3oyc6hpjYSJEquK6dSvG72NXyz3pqLZz5D8AC71pwgQb,Di2vordgFJVZ1aj1aBpvzXtLfZgJsuLLXawGtVFwX6Rz,5.087255411000086,5.964355371000238,978.5710830701249,192.3573722982686,0.39142843322805004,225.42506149595678,1113.419298963,145.962899175,247078.10613735553
SEQV6QiTpvTzrceiaYg9Avnwf7oc8ZALpnQMz6TyT4A,3dFMPj4r9mMmPHF32mz1gNDX7f8ftidWof7S8YiYTs1j,Fc1ED3YPeQfXQosHbd8DTaBd2AV5gHQtwiSAL5C5pUhi,5051.010476364,5084.205888947,5023.178376124166,0.9944897955824733,2.0092713504496666,0.9975530024849045,4517.968748555,1093.0293815,5583.428558518008
7dwD9TF6uikvHXxPFK9AsSim54yJoujQjY9vU6gNFumk,CquVr6atkvwueDYficKjn6SSEWq4F4rH4VSiBbW4GBWU,8BCa6ge3b7ho3TfZuM64Vk1hgbrJ3J7EPiAb9uP86CGd,0.110583718,0.11101947500000087,25.633287104720438,231.7998306470437,0.010253314841888177,234.21924420260524,0.003938223,0.0035697,1.7489718604803324
wrmcMSHFi3sWpAEy4rGDvQb3ezh3PhXoV2xNjgLBkKU,8p4mGnARWPBu6P2Gcw4adodLkNDorrXniZMhaY7eJXUn,AyY89zccbsgp9LKFgH4CFZMJmpSgqmPSdTfukhP227rc,0.014484200000000017,0.1456063099999909,5.476068052930063,378.0718336483932,0.002190427221172025,3485.0491391928626,27.04767159,0.09928635,10571.980602551952
HDSBGqAuMRr6X2AfmmbXQPpRgU6VEhtfNVVZ3wUTZXg,DCZ1d8kNLgDcdSd99y4udLgwq46mfDXNS9KXj96kQf5L,Fq8GGYQM5Pz3q7LmVMbrXHJgsxA5ev86kTq8yGgGuYsa,184.0399641510012,185.03246107199993,182.8364112944471,0.9934603722506347,0.07313456451777885,1.0,10978.315779022,10356.941303198,21263.46298371021
AyiATPCAx5HZstcZ1jdH9rENwFb3yd9zEhkgspvDrCs4,DvHVapj4g2Y1tJVSw2ubSPkPBsJPb8fW387ZWXwaKmZq,DKjqWWgrtDRPKrnMWtZ4UiJk4sGQVCQgFjSo7BvfngvK,0.01253631999999999,0.01265695999999994,33.638295588708786,2683.2671460770634,0.013455318235483514,2750.0481258422024,0.84455258,0.31858958,3142.296868440475
ACUSESXyNnwRLAg1dpSGMLSzUDdLjUMybY8rkXiAKhCP,AhFPQdu8GKBsxuhiH46UmCu1YpaLgNpoP325HnYtsgas,A8wxWpT3aFEr2XqZp1kDmbxbFfcBE95UUmdsNTDBJYbT,0.0,0.003012212000157888,0.0,1.0,0.0,0.9876959690782261,1040.127502244,1845.791608762,2863.2084339766416
KysFMBBoavfov2tLpvefWW6tPFt6rAeZWDJVy1mMQae,B8ka2V21TH3x64dFV8ETcjuQcwmrciJ2qzy1mJUttRew,7fSf7EYxBANyxzk2s5pymFgshA91tFYQNKKs5UnLWcYS,24.499738999999863,33.54437399999006,0.0,0.0,0.0,0.02976602239500274,134680.197552,2480.200776,73.82571184251917
vEnkoSUkpnbRrPgBz9DfcVxNz67zjwMYBZraAvDDNSf,DtfyjjsZ5yCjWKLKHvwsfXs5QVsmm1QkK6Sh9JZHoq1g,e5wrKCRv4GhHvEf1VD5Pq2KGaZDXP77nTL612Jyrxwy,5219.412145999999,5224.415976999997,5197.597827916235,0.9958205411886313,0.5197597827916234,0.9998730161269519,1266.012003,694.323311,1954.9559011155848
Lee1XZJfJ9Hm2K1qTyeCz1LXNc1YBZaKZszvNY4KCDw,9DgFSWkPDGijNKcLGbr3p5xoJbHsPgXUTr6QvGBJ5vGN,2hNHZg7XBhuhHVZ3JDEi4buq2fPQwuWBdQ9xkH7t1GQX,1292.6347682680207,1097.0280953080091,302847.0436935242,234.28663001174246,30.284704369352426,198.89565178303985,7218.145515654,56411.294154649,12911076.106610646
ercAoEmXjQzEvAFbdjAo81KtMxRGn9AW1ju882upmPH,CMRhskR2Eg6V42RTSdRTXGdozyPbWB8U9dVpijPWb9T4,7TKLLgrWswt6ZJ1pXhVR3FyufHGjJFqiEXxvWJfDcgRm,1.6757059840001602,1.6380959209999446,333.290633884452,198.89565178303985,0.13331625355378082,194.05289959664165,318.178050589,984.037861084,254239.63101118366
DA1mL7dfBow33EH5yjUuZE6SH2KeUK5zEXzsyhE5r5j5,B4UtLRZND3D83CitRCBUyeiNr7H8m7YFRqBmiPmXjhW4,AAmpYbuixWiSqDaJBCqYEs1pb5SrbdPr9mgXrB58Q2e,662.5785501269997,662.216691138,662.4931262758184,0.9998710736241537,0.2649972505103274,1.0,1636.322930958,1471.031396387,3107.143362159797
RoBgmK8CvjdHvPrqdDyVw54VwjZv2TqJ493xnqJAQHx,ExiHJxM7qPAcy27NDHAF6G7vnW7muNHi2sVJpnaNynGQ,6rkPHSqZb7StM4HwS9EuVrmfkV7tRdc7dnsFhyB6cefE,13.523006000000173,20.756007999999888,0.0,0.0,0.0,0.9448625461211031,6099.604594,22.225149,20.999710872060888
MNkYtBe2HtgL15osfaMmyqNW3vo4J399FXXCS4a39Wf,2mUxDu8NrhSKhQJMgKfYLxJqZzeEbmwhQdHeHMyohyuk,AZCBmDBcFsA2jHHhfFJBTsWCHx9XnnKmGfFsue3ZVW1t,0.09078251999994791,0.018134480000071562,0.09074479466646121,0.9995844427596114,3.629791786658449e-05,1.0,2195.09800886,1941.23195391,4135.417773899056
BSCuChvaSj9b5HUSqgDVRzcnr2sSn7cXaamt1jbKH6hn,GnKpRj5kBVPMJfiwZtEuD9GYApLzPdW5JFuZTcyX4BTc,3dmwD9okkomV9nDwyuh4UMhKdUR13QpuKxRo89ycZB5t,2659.92568663,2665.4039910419997,2657.592041770162,0.9991226653919061,1.0630368167080648,0.9997550600102975,1767.799565281,1375.281506667,3141.1932587711244
RajgMbScQbqqrdJfR2rxfHJiTiY5b6bJ2tTXiF4aPxy,725ZA3fhyBAKb5iopNRrcbSuQa3LXA1656Q3mBvYPxeg,GLA6i1dSZpUfk2f9Nj8uiG7xyDdAR2reff8oEiZH3617,26520.20774011001,26517.74228399001,26526.164455600163,1.0002246104385202,10.610465782240066,1.0,82725.43614212,99067.92766109,181811.94479969866
GokA1R67GqSavkd15zR62QD68Tuc5AEfvjssntVDEbM8,3YB7hfpBdbQEuZqLGWVDpRPmeZWCUsrrWyqGXegnQ6Cg,4DPCj6Z1DsG6HUtwSogBGqXEUxdEV5a8YVrrFtcnz7UW,51885.22510500002,51905.56034499995,51867.01978105687,0.9996491231577717,5.186701978105687,1.0,21981.260353,10607.004181,32580.551818779142
AUSejoEUCh2DBs9mof6BNC8Pubs22w4cJa1ccV9h44R,4xkyD7AfGQDwsQMy9MosRRNGoVJ1zosNinesxg1TzHG7,Cbm5gsQe3nSiCsFrvepVzMCD9xLK3ri9g3ypS2hdmVJ7,19943.911609000002,19953.95493399998,19946.70414758066,1.0001400196027443,1.9946704147580663,1.0,14419.704439,14448.702848,28870.42632828724
ALBpShJ9NLpE739pcHDF2LNVk5J4VYPvvKuV6jMPitZi,D6d156U1bPiJpDYRLextvDRccgFk7QzkQbJg42ceKEu5,GNcM8U5g8RwTZffwwm3kSQqUNPSwv5d2fbN9sLxPJqt2,44719.25195300001,44773.27299900001,44671.23038034115,0.9989261543840372,17.86849215213646,0.9996591162413617,53698.41567,46565.019926,100189.89852873518
BSCNHw8CmxbZ8hCWWzMf5FaG2ajPT6JxfznKUNuRVrn4,7n9kgNL633yGzCYksgnzHyjG73ZLBAwvEae5sbAekbzW,SscdxE99omdG9AiMVwmaEMQySQnCgeAh1sPj2Leutm2,5399.508138582998,5404.982977847998,5409.937979653724,1.0019316279933348,2.1639751918614896,1.0,4918.645565232,6765.582690424,11693.729249119095
iLiUBQ7Z7im6Ew3b4ewwPcehzWgEQRJ1iQz7g6D62NW,GpugBvKWM3TVhYcZjemSdtehBWgfvuGr6uAm9iPjXT6v,92fMXJ3xy8tEyMUWLHKRLyhPw2nECBo77GtDiBBbYrjX,0.0015833390000352665,0.0015833390000352665,0.0015485251732300957,0.9780123986054815,6.194100692920383e-07,1.0,1865.493847277,1097.985623022,2922.4617351811467
Sid7E679i9ABqptiAVhkmQ27YHN8vaYT4fppPwmxFsJ,GP7KB8o1bv527HG8kTzzzf4wJ5aEGHvcMQvVhLziUfmT,9gYxhAZ1M9wu5pxr8SBoa5NDm21gi3s9vMHaYTME77sa,1064.9694220000001,2602.5939990000043,12.912652599805064,0.012124904558813767,0.005165061039922025,0.029817724251649663,130827.00928,10518.75548,1899.9103516082118
KEN5P7p3asnb23Sw6yAmJRGvijfAzso3RqfyLAQhznt,9zj4aX38Uxf3h6AUjS4EipWS8mwbEofasHAf3a1uKGds,CwQDG1MWunn9cLNwcZLd8YBacweSR7ARo32w4mLua1Yr,282618.4684160021,282638.8715459993,282300.59794271865,0.9988752664499774,28.230059794271867,1.0,2136608.358191,2089289.939102,4223495.182189284
MATSnbbiTCv7Dc3trJrkrqjx7ckKdr6fwPoVwv9q3sD,631WX9JizSHJm4w6VanZeJAst9T8DeUUnPLesdGkCVtK,211maUSfpnXbPuW1iBu8b4dtJv5EbN1j7JJiEX5TZKEP,137079.43847700005,137197.89938799996,136996.14482094892,0.9993923694393809,54.79845792837957,0.9998330278843433,27192.623153,24111.601759,51283.67587799126
FrnkTEL6yZ5Aycq2TrEgu29dCrwKG4LPUZydfiwqspkc,DjvZuMZ46fxKBoBpGMPcRcos4xdTtHFxwMh69DpA2ZFY,9rvDPJLAng4uVVqnnSoEXgNDFhBZQTny9AoQioYDZbQX,56.97203430400009,47.902637517999665,13394.18555209959,235.1010581898629,5.3576742208398365,198.50935356223047,180.146419563,1454.730190692,331130.1636301055
SoNcU2iwHMw6dGzsYNQkYFkUjwN1UdAjrWVRnStrZu2,8ivTTid27jZnYNc4w3CTA1Z6QS2twsFb8WMwUabeDJgc,CyXm53PMvHCbeXJBykU46Rcbo28xk5srhMZFg7gv6EYB,266.45389771999993,254.3642985869999,62409.6245312027,234.2229746505159,24.963849812481083,225.13790822568362,12.910669174,25.234182726,8705.146453379319
AURHmCnNwiW4uA2Qj1XvEh4iKgRUZYXtiY7FKAapUV5Y,BKWm4TRnTeKwfWXRyuzjRHU7iZDkPuXBX5b5V5jSVfGJ,A5Ww74HVrkj9nPeC7pHKLfgeDMEhBCpW1efQdz3TGLEg,0.004406952999943314,0.00393311900000981,0.9780783385282005,221.93981613617873,0.0003912313354112802,198.72782396212406,289.906123101,1809.478387348,423935.4140819498
SoN9GaFpSXfpyR5dth3x7PHPVhvJMpQqqDJfCSmPv1t,9kZ9iS68ViMPtoeqtnhAKuF2iqVyfHPdZHoUNdwCELr,BBhm5fJLjw3HRzjtKB8uMEYjGhY6EDm9co3cqpjrSzB9,40.26938891999999,37.91274722899998,9462.990947396765,234.9921665361285,3.785196378958706,226.9854359334742,3.065974407,6.554722155,2208.3064342207285
heyk4SZTeCUV6a65WiVA5bzic3KcxgVf1qxobfeV4tQ,9ZDpBKPqMABtGfq66FbVribaArMvtk63xxy91onZAtDt,DaTP4s6N7xxSPinbNZ3FB52EpRDRt87QShTuN3VPCW52,57.503557610999906,50.212160881999694,13094.324908852035,227.7133007566685,5.237729963540814,199.09321006543595,642.224827397,4485.817545029,1039338.9500821296
daob129AwBGn9Y5r91uLoWZeYiGzbPmksauMhFZKTze,6VW5GQNyj4LStgmxEHLr5zUfW92vQnmbw8jTnCH7a38F,4VPCCUifPeBA1c7HWK358CHn2nyjm8pdTRk6Ps3KmnMQ,99.42673406700001,89.1186359840001,21642.21414480408,217.66996922799646,8.656885657921631,198.81518081147212,49.094425119,222.732986119,54969.08091284701
JSoLLrxK5bYdHwTEWYaGgmeycBCNXKDiBCTw5hXGBg7,xG4wXczA7Dk4hccJ61CHKpDHW4NrNfQwgmWgkb9BuF2,BVR6WgfhsRr9Lob4QDnkEAiNGgAbv7ZieKcY9kSg3QYR,699.6980907409995,648.8899619869998,156799.4825044958,224.09591305078573,62.71979300179833,197.60096618968427,19.36904697,166.044854937,37151.148032042875
BUSDgu5JdqP1rndBvXvanbEufS94FNh1w5FJcAj6vawb,Bgzr8cWubt89JQFXndVjtdKmDbGzuPxNhvjH1EhWCwbo,Dxaf8xPBBQsasRKW5Aa4Sw2YrbfGofY9xZueyyF23FBW,19908.817736130004,19917.03341432999,19982.51043707046,1.0037015106530771,7.993004174828184,1.0,5790.58641924,9143.20955804,14955.229894598382
B2izdXFYb2sNwbWWHmh75T4aQFtfXsUxem9u2p61HGzf,4DYwgJtxwuJdAjkj5RJSNH4e7U329V5cNp7d3a1nLrZv,EXNW64GEf1ACC6xY9BtKRiunrs6GoJSXBdxWN2eTPmrF,5634.329667000047,5529.420006000006,5745.49933360599,1.0197307706819245,0.574549933360599,1.0,7482.477067,32601.421303,40231.53340914173
KZMu9QBEdL97EFgamLbN5DE1AoKBG4HdrKKJo4Vuon3,DD4ACBWyVqdaKWh7v5btsgqQCCMwbKnuL2xd9pv7Gyuw,GcYqiJ1MAuYbNTNYXm1F1gQYTfTgkErACAhNU5dpVj9T,94.4961446300008,95.26777333999917,93.70540872729326,0.9916320829193227,0.037482163490917306,1.0,1862.28122752,1224.2399622,3070.937774827211
