0,1,2,3,4,5,6,7,8,9,10,11
MARpDPs5A7XiyCWPNH8GsMWPLxmwNn9SBmKvPa9LzgA,6YjT74rmcfCpw8LSjPNx5JTmZoYLGrTKnf9arfSgZ4SR,F8GSmi3vA8M8TsybLya1LQ4n1aFHCRbZ6k437PeTdXtg,44069.72847799992,45231.96104300002,41767.78077608741,0.9477657843283137,16.707112310434965,1.0,335661.552138,27268.484499,345397.0187299308
AURHmCnNwiW4uA2Qj1XvEh4iKgRUZYXtiY7FKAapUV5Y,BKWm4TRnTeKwfWXRyuzjRHU7iZDkPuXBX5b5V5jSVfGJ,A5Ww74HVrkj9nPeC7pHKLfgeDMEhBCpW1efQdz3TGLEg,6.375299994942907e-05,6.375299994942907e-05,0.012927830199658978,202.77995090291827,5.171132079863591e-06,181.57579463922886,289.555496327,1809.871298901,387344.8686215416
NorBXypYWTkV5PMs6Q9JsvNkmRwe7H9Zr1Kz2TcJH2Y,C82XDu1d1UjtuUwnkSTwVuWyH3AqpJ3ftb9W7en8rEUu,F7cZoYpWQSFuYJzW2UUFw6sVbTtaihyD5upeeHRUPABk,0.0015299589999999974,0.001575839999999995,0.0,0.0,0.0,2469.6846212738633,0.2413313748,0.6643775552,1640.803030796967
parEAJhzYzHW87y9VoZAQ22dzQ2MD2ekEtTReaxbMcz,3oyc6hpjYSJEquK6dSvG72NXyz3pqLZz5D8AC71pwgQb,Di2vordgFJVZ1aj1aBpvzXtLfZgJsuLLXawGtVFwX6Rz,6.153663144999996,7.171958974999825,1089.7941311532943,177.09681298346322,0.4359176524613178,206.65085098820438,1279.386431667,172.578510654,262238.755711437
heyk4SZTeCUV6a65WiVA5bzic3KcxgVf1qxobfeV4tQ,9ZDpBKPqMABtGfq66FbVribaArMvtk63xxy91onZAtDt,DaTP4s6N7xxSPinbNZ3FB52EpRDRt87QShTuN3VPCW52,43.097426934002215,37.593333964000635,8809.434411582995,204.4074330718962,3.5237737646331984,181.54454467720473,650.235122937,4476.494289175,945596.0098511236
7oAd7xG4m3oC2qeWB1szghTebAZyyGPAFDJ4wwwbRSNi,D9yh4KAysxt9GLacVe4Wwh2XqghhcjTCSTV9HuM7TBJd,HDYfJLpZKaMFb84jM4mRytn7XLR8UFZUnQpSfhJJaNEy,110.28362783795455,2.7638658110000733,110.27783505355703,0.9999474737591509,0.04411113402142281,0.025041754683738007,1013.926085986,299162.389864878,8505.424005857269
SQDY9uoDoCbNq7F3HAHYYQZbrUzpKxDtdWLvYcqBLak,GiehZ4X2uQjhEKuxSm3ACmEFrabxh3RTvjbLfLjw1xGX,rxDQYV77NKRKYxCjq4cECX3QQsiSyLv1T1FT2X3zNA2,66.74028033599996,66.63502215100002,66.88045173075987,1.0021002518127617,0.026752180692303947,0.9999474737591509,169.928535054,236.570254547,406.84325616861906
BkMBnJpvHKtWhUvrgRrLesXfi9RUV3ELgdBaJcdH7hcY,5uerVwBnZQsuVhZ15igs7ZgmcqhHnYWbwoRtLyRqLvR,9YWiQh5d4jCtgMdzcGLv9bWgnLaFtzvDDh2nnhJdzhBX,35.05648515600001,35.06474900000012,35.068740067491554,1.0003495761607877,0.014027496026996622,0.9999474737591509,1436.543719183,1435.969283996,2872.9397585486927
KEVpg4SYCVrqFxKijQH6hm4QxsRdoE51ud64bEEFUC9,2bPenuBYfqzD8p5dFjCcggwkHDsc2RQDnx9AoyYGUBjA,AE6n6iLuX8oYu61vt5hoDYkjswpnxFxrhSehxrnQTnbx,205.46142875899932,205.45125551300043,205.4736963605668,1.0000597075647804,0.08218947854422673,0.9999474737591509,4334.800601836,3278.615212891,7613.50242178242
Lee1XZJfJ9Hm2K1qTyeCz1LXNc1YBZaKZszvNY4KCDw,9DgFSWkPDGijNKcLGbr3p5xoJbHsPgXUTr6QvGBJ5vGN,2hNHZg7XBhuhHVZ3JDEi4buq2fPQwuWBdQ9xkH7t1GQX,993.6345015079805,845.0717261240225,211356.19376112064,212.71020021985728,21.135619376112064,180.83061650401254,7258.759992096,56363.019527549,11736171.860461012
Cob4usZcpHEY7Qt4ZCwj6WVg9S44zvzYV2v9qYF65dTf,NhFM9UXE48PyNAyeyPYA3iXztqKVJwA4bTdLj4ysM8w,6TuFuynuBoeskxyR2cz4wxyidk8dpDK7kAWw3UkjQGx,101.99117800000053,1424.597741999969,1.198736258150208,0.011753332804433357,0.00047949450326008314,1.0,67613.035681,221.622563,1016.3010732768203
SEQV6QiTpvTzrceiaYg9Avnwf7oc8ZALpnQMz6TyT4A,3dFMPj4r9mMmPHF32mz1gNDX7f8ftidWof7S8YiYTs1j,Fc1ED3YPeQfXQosHbd8DTaBd2AV5gHQtwiSAL5C5pUhi,1242.7151605989998,1242.7231725419992,1238.3510147252966,0.9964882170813788,0.4953404058901187,0.9974853394592234,2834.326414761,2770.141621445,5587.548531289034
ercAoEmXjQzEvAFbdjAo81KtMxRGn9AW1ju882upmPH,CMRhskR2Eg6V42RTSdRTXGdozyPbWB8U9dVpijPWb9T4,7TKLLgrWswt6ZJ1pXhVR3FyufHGjJFqiEXxvWJfDcgRm,0.007514113000013367,0.00794765799992092,1.3628467870587306,181.3716119329462,0.0005451387148234922,175.47104324203107,317.685703357,983.216776455,230145.2416035366
wrmcMSHFi3sWpAEy4rGDvQb3ezh3PhXoV2xNjgLBkKU,8p4mGnARWPBu6P2Gcw4adodLkNDorrXniZMhaY7eJXUn,AyY89zccbsgp9LKFgH4CFZMJmpSgqmPSdTfukhP227rc,0.016337289999998006,0.11554555000000027,5.359739514130869,328.0678444302282,0.0021438958056523476,3412.5034125034126,49.17443741,0.16814795,16706.357135348328
BSCuChvaSj9b5HUSqgDVRzcnr2sSn7cXaamt1jbKH6hn,GnKpRj5kBVPMJfiwZtEuD9GYApLzPdW5JFuZTcyX4BTc,3dmwD9okkomV9nDwyuh4UMhKdUR13QpuKxRo89ycZB5t,86.26080954100007,86.07587700199997,86.44993459326086,1.0021924794500208,0.034579973837304344,0.9984264798677285,1333.155713329,1804.311882755,3137.55139151674
BerKDkt6v49dT1bHRedgnpsJS263C1DSJtEGvY9Mg35V,78XKqNb8wbfsMMrvo8WPUpdx7GEkfQutpNVH943aCGFa,DKYQwn4nDvFHCszi5tXbqfVMAP7DaXXp1KGTXEnYnKVH,0.017372119000128805,0.017444000000068627,0.01744317784935861,1.0040903961819094,6.977271139743444e-06,0.9999474737591509,1340.334079689,2225.773353646,3571.473019229794
CZgvH45CRmoaNJ7395Ao5CQZXkGznvqU7cErD6n7FaRg,4ZjU6MKvtqVQKCiowhvZ5yUsPxXX5SCzd5eFsPeXyey5,BsyWeshjDbCvjDojry3vKDCesmFRM37WtwcR4Kfgzqr,40.893068119999725,39.93174663999997,41.76118544421093,1.021228960411181,0.01670447417768437,1.0,340.69231061,766.68685001,1114.6117041943335
BUSDTd9WiT6uBHJRgNvFXBsA7JrifsAtWzKfioN7ERcy,DyBxrn7gSc1EwnpWhDyhzvMHPtxpmBqRqotapLcKcfTM,Cds99GeBgoCpqBsoRWu1C6fF9LiUMd4pXQQD24s9LPff,27739.939367010003,27796.645424090002,27728.89716558073,0.9996019385160443,2.7728897165580735,0.9985181989926948,2779.34359369,2737.04488908,5511.226377260995
7dwD9TF6uikvHXxPFK9AsSim54yJoujQjY9vU6gNFumk,CquVr6atkvwueDYficKjn6SSEWq4F4rH4VSiBbW4GBWU,8BCa6ge3b7ho3TfZuM64Vk1hgbrJ3J7EPiAb9uP86CGd,1.1837446410000005,1.2050916580000006,250.7220172311142,211.8041413216536,0.1002888068924457,213.6293837817699,2.315615761,1.863894306,888.6395999146221
C98Sspw7XqnMsgxea3SLQVdbMDL8pKUc3RE82UvX9eq2,CSqgQJurPCzGxb4Cgwx5R61hWQUiaoUHcShNc8r1cKEL,6S2CR5EnukPhC914XkAns8m5GixjMAoUuZMsS5ubHuWc,20.039904000000092,20.06858699999998,0.0,0.0,0.0,1.0,963.622406,849.35024,849.35024
ZUCKWFa4LTL833dPhhpeeRWZcaAEoMeYJPi2iKn4F8N,7eEYpq6ShaJ9opZWMxitRFrdCHh6vfyHhGfoSvFht3N2,H8VggnHmuwd1wvwpT8eg9cUJFEfZ7HAaeYjgXrSm7A2u,0.001457077999930334,0.001457077999930334,0.0014612265785380473,1.0028471904784175,5.844906314152189e-07,0.9999474737591509,1690.42965651,2156.667452343,3851.7968024414167
ALBpShJ9NLpE739pcHDF2LNVk5J4VYPvvKuV6jMPitZi,D6d156U1bPiJpDYRLextvDRccgFk7QzkQbJg42ceKEu5,GNcM8U5g8RwTZffwwm3kSQqUNPSwv5d2fbN9sLxPJqt2,930.732689000004,931.2652579999994,930.7243124811918,0.9999910000809994,0.37228972499247676,0.9994852650884793,48998.17174,51229.578817,100200.93992470356
KysFMBBoavfov2tLpvefWW6tPFt6rAeZWDJVy1mMQae,B8ka2V21TH3x64dFV8ETcjuQcwmrciJ2qzy1mJUttRew,7fSf7EYxBANyxzk2s5pymFgshA91tFYQNKKs5UnLWcYS,52.012157000000116,70.75113899999997,0.0,0.0,0.0,0.029511131288855276,134656.641766,2497.351565,73.69966990914318
B2izdXFYb2sNwbWWHmh75T4aQFtfXsUxem9u2p61HGzf,4DYwgJtxwuJdAjkj5RJSNH4e7U329V5cNp7d3a1nLrZv,EXNW64GEf1ACC6xY9BtKRiunrs6GoJSXBdxWN2eTPmrF,4674.600503000016,4608.665772000008,4744.828712777841,1.015023360762648,0.47448287127778416,1.0,8648.314895,31409.927769,40188.16941865657
vEnkoSUkpnbRrPgBz9DfcVxNz67zjwMYBZraAvDDNSf,DtfyjjsZ5yCjWKLKHvwsfXs5QVsmm1QkK6Sh9JZHoq1g,e5wrKCRv4GhHvEf1VD5Pq2KGaZDXP77nTL612Jyrxwy,2076.640459999999,2077.317596000001,2076.40790231494,0.9998880125425953,0.207640790231494,0.9990199614178492,1021.573344,936.567456,1957.1085243569862
SoNcU2iwHMw6dGzsYNQkYFkUjwN1UdAjrWVRnStrZu2,8ivTTid27jZnYNc4w3CTA1Z6QS2twsFb8WMwUabeDJgc,CyXm53PMvHCbeXJBykU46Rcbo28xk5srhMZFg7gv6EYB,42.299625048999985,42.03218293099999,9031.856483382408,213.52095846996005,3.6127425933529635,211.28927022376382,18.567374374,20.194351802,8231.373427493585
FrnkTEL6yZ5Aycq2TrEgu29dCrwKG4LPUZydfiwqspkc,DjvZuMZ46fxKBoBpGMPcRcos4xdTtHFxwMh69DpA2ZFY,9rvDPJLAng4uVVqnnSoEXgNDFhBZQTny9AoQioYDZbQX,30.4029695990007,25.552834950999852,6500.568337712741,213.81359858763287,2.6002273350850964,181.40115704914012,313.833149021,2515.011613115,523327.8115593542
JSoLLrxK5bYdHwTEWYaGgmeycBCNXKDiBCTw5hXGBg7,xG4wXczA7Dk4hccJ61CHKpDHW4NrNfQwgmWgkb9BuF2,BVR6WgfhsRr9Lob4QDnkEAiNGgAbv7ZieKcY9kSg3QYR,9.822869163000007,8.387685609999966,2075.769043897301,211.32003383656382,0.8303076175589204,181.46070423084703,17.599412549,167.717409096,34153.227621691556
DFWzVTzNBrQZLjoQ4yQwkj9HuoXmfkuZP9V5vbymZe23,DhgiEgiNdqZdRdo195UUHnoEJUtefK8buko8nU97XJUZ,2K2kkXsouBHtWVjtcgkyiXd8eP3oVBvq1bTJzcVdLLr2,507.0592150640059,618.2446474919916,416.01478703245846,0.8204461622494033,0.1664059148129834,0.999966815101274,61970.965734518,7042.706623989,57886.31392025749
HEDSDjj84KS7LKhZY7ejkCACTdPen62rKhCby1wXtgxc,EnnjMSFttpCTywBrYNt1J5QQeoSVkvzPipJDa8Y7kJow,6bjVT6JN2rSvpyn9PdfLYC8wJn4LWh49jpY47fnLDXZk,5.564791912998771,5.746263249995536,5.38719577988531,0.9680857548871478,0.0021548783119541243,0.999966815101274,39141.774035687,9080.841737217,46973.13425536382
iLiUBQ7Z7im6Ew3b4ewwPcehzWgEQRJ1iQz7g6D62NW,GpugBvKWM3TVhYcZjemSdtehBWgfvuGr6uAm9iPjXT6v,92fMXJ3xy8tEyMUWLHKRLyhPw2nECBo77GtDiBBbYrjX,0.017849148000095738,0.017455999999810956,0.01745609098001991,0.9779789477865432,6.982436392007965e-06,0.9996979722483222,1865.493847277,1097.963966699,2922.0460609729453
RoBgmK8CvjdHvPrqdDyVw54VwjZv2TqJ493xnqJAQHx,ExiHJxM7qPAcy27NDHAF6G7vnW7muNHi2sVJpnaNynGQ,6rkPHSqZb7StM4HwS9EuVrmfkV7tRdc7dnsFhyB6cefE,70.75113899999997,1.4448369999999997,0.0,0.0,0.0,0.9681319989892702,6123.16038,21.704614,21.012931339110498
Lid8SLUxQ9RmF7XMqUA8c24RitTwzja8VSKngJxRcUa,4PgzyzLtds9bKZ2to9PMnKqJzKEUpjvNUaeN23phegax,AtymwxoVN9peZo7EXTcDz9jKVc4vRmisJKKrNfe3ewBa,412.5797836839911,356.6753304010002,87181.25221402654,211.30762015426725,8.718125221402655,180.77363886488615,1020.594256582,7672.360070431,1602619.792114922
ALLwa5WNZbvQsRKAqe1jdRGemdYQnW8E5k4msbRFcYtu,CGoM82Hbz7QVqTgvQatYtjvDWBvoUJp5qm21P8iMs9yb,3dxNNww8TivyN5FMy5dCNdi3Zcxv6e4kUfSPxfFwpdNq,4.655747757000006,4.623562292999999,15912.190290167146,3417.7518028640757,6.364876116066859,3119.394837401544,0.341683248,8.277281189,26987.896745547965
AUSejoEUCh2DBs9mof6BNC8Pubs22w4cJa1ccV9h44R,4xkyD7AfGQDwsQMy9MosRRNGoVJ1zosNinesxg1TzHG7,Cbm5gsQe3nSiCsFrvepVzMCD9xLK3ri9g3ypS2hdmVJ7,256.05198700000074,255.8770740000018,256.2764852010368,1.0008767680488106,0.025627648520103682,1.0,14142.833427,14719.466495,28874.699906468442
KwnjUuZhTMTSGAaavkLEmSyfobY16JNH4poL9oeeEvE,J63v6qEZmQpDqCD8bd4PXu2Pq5ZbyXrFcSa3Xt1HdAPQ,BnKQtTdLw9qPCDgZkWX3sURkBAoKCUYL1yahh6Mw7mRK,407.6444080000035,12861.326840000427,12.03004764365579,0.029511131288855276,0.0012030047643655792,1.0,272473.146879,699.174464,8740.165274233717
SAMyS8Jr2HJrkFwYVKbpUwsNStnQmvz3f8Tup8bWUWF,6jPzm5TFfquvgm25sTyN3MMGBfufRaFHMxobDWv6hMFW,Cj9ECoDmxsHTDzCY5ZA6RWrPbg9uFzEC1Qc2kso2vJG6,2383.518812479975,70.32895423999992,2349.4239254848603,0.9856955662289738,0.9397695701939441,0.02948396041477342,629.98290824,113152.52215337,3957.1558434539356
WiiQFxXqp8P9Fs1rt9SVcDyA3KUdJmUsog6wnVQAwba,3S2jpqSYxho6wiz3cafhjXruVY8cg4HYa2v3BqBHYFSj,Dfe67M6TfrG74gKRtdqys4e6E9QirPD53BkF4FujFjuv,8161.873554386999,8164.147765959,8163.38582977535,1.0001852853242916,0.8163385829775351,0.9998979284196711,11331.927585113,15399.001809201,26731.457233741305
BUSDgu5JdqP1rndBvXvanbEufS94FNh1w5FJcAj6vawb,Bgzr8cWubt89JQFXndVjtdKmDbGzuPxNhvjH1EhWCwbo,Dxaf8xPBBQsasRKW5Aa4Sw2YrbfGofY9xZueyyF23FBW,9516.090093080002,9513.728223839997,9520.909958537412,1.000506496408742,3.808363983414965,1.0,7180.37979846,7708.73998113,14892.756616171322
YAkoNb6HKmSxQN9L8hiBE5tPJRsniSSMzND1boHmZxe,CfWX7o2TswwbxusJ4hCaPobu2jLCb1hfXuXJQjVq3jQF,EnTrdMMpdhugeH6Ban6gYZWXughWxKtVGfCwFn78ZmY3,6548029.4359050365,6548754.181982993,6548029.4359050365,1.0,654.8029435905037,0.9964973119485011,734138.643526,732328.62362,1463902.1484262757
STK75uPSyBnEhGTTzb1nwmP3n427XoXmfRhXxxhyady,6TYyD5fUmDe6N65avW1Ny2RxzRNobw2RRgKwH9CTzSAU,54zDfk4cx2vGrEajPtodWpArNe5eUurytyxd4X3aZAxK,134.8442432130003,150.71996533300216,24383.82212395147,180.82953741996033,2.438382212395147,202.40976926703172,574.041008159,105.316853328,125120.72994752994
KEN5P7p3asnb23Sw6yAmJRGvijfAzso3RqfyLAQhznt,9zj4aX38Uxf3h6AUjS4EipWS8mwbEofasHAf3a1uKGds,CwQDG1MWunn9cLNwcZLd8YBacweSR7ARo32w4mLua1Yr,111332.08232099959,111351.4616609998,111227.9729383293,0.9990648752767409,11.12279729383293,1.0,2053194.020864,1968984.853775,4020258.8821484423
SERgf3DMJpQxUifu7VoFKmfne73d2fDJxSrxUMrcNJB,AJfM2GZ2tTB8UtN2krcyR9xufRJEx2mhSCbJyMgPo3GU,F4yRYkufQvERZcEKnKjJwRLU1btiMBUuEwq46hfm11QD,0.00884333000000126,0.008854797999997999,1.596286241367462,180.50737011592182,0.0006385144965469849,181.51874190086065,29.279092344,27.963749989,10361.036675230145
NorjjEePhxfwLF4vZjUHCrVVKLzQjEEGQFd3wgjEJmh,34M8pFVqgbV7aqHxvRT5tCv3vu2P1JJYT8J3VaxBK2oG,3AZWBSze3ucsY3xSeuLne3b2pauVqiaJ1SZSV5T9WGWw,0.001445999999759806,0.001445999999759806,0.0008729986233426344,0.6037334878891062,3.491994493370538e-07,1.0,38036.233836,2313.831629,25277.579748973916
BSCNHw8CmxbZ8hCWWzMf5FaG2ajPT6JxfznKUNuRVrn4,7n9kgNL633yGzCYksgnzHyjG73ZLBAwvEae5sbAekbzW,SscdxE99omdG9AiMVwmaEMQySQnCgeAh1sPj2Leutm2,550.6462361720005,551.491961703,549.961088048976,0.9987557381163856,0.2199844352195904,0.999966815101274,6335.259254336,5333.137671671,11660.33722476049
RajgMbScQbqqrdJfR2rxfHJiTiY5b6bJ2tTXiF4aPxy,725ZA3fhyBAKb5iopNRrcbSuQa3LXA1656Q3mBvYPxeg,GLA6i1dSZpUfk2f9Nj8uiG7xyDdAR2reff8oEiZH3617,42689.88263814,42701.11293999996,42698.56667262987,1.0002034213718385,17.07942666905195,1.0,96973.66692882,84794.08212344,181787.4755686189
MATSnbbiTCv7Dc3trJrkrqjx7ckKdr6fwPoVwv9q3sD,631WX9JizSHJm4w6VanZeJAst9T8DeUUnPLesdGkCVtK,211maUSfpnXbPuW1iBu8b4dtJv5EbN1j7JJiEX5TZKEP,74135.57169699999,74166.47236599996,73995.49821887168,0.998110576678348,29.598199287548674,0.9960476827946708,23497.017161,21502.456374,44870.09319450295
GokA1R67GqSavkd15zR62QD68Tuc5AEfvjssntVDEbM8,3YB7hfpBdbQEuZqLGWVDpRPmeZWCUsrrWyqGXegnQ6Cg,4DPCj6Z1DsG6HUtwSogBGqXEUxdEV5a8YVrrFtcnz7UW,23319.689858999984,23323.81617199998,23318.500615468594,0.9999490026008674,2.3318500615468594,1.0,18867.176288,14927.554679,33793.768790080336
BkwbeSfcX1h4thMDd7obGkHrPevf3QwgzJ4pCEqG18Lu,35yX27bmurdebhfAb8EPmjLETDiUaEUCn9zHaDPbakH2,2CxECn1ZJFoESyUnQysQU8rRgT3iJ5GRs2Mdd6gZjx5g,0.059808510000000425,0.03765160000000012,142.33004926108475,2379.7624997025296,0.05693201970443391,1451.3788098693758,0.8159393,22.77198929,34992.5244622519
SoN9GaFpSXfpyR5dth3x7PHPVhvJMpQqqDJfCSmPv1t,9kZ9iS68ViMPtoeqtnhAKuF2iqVyfHPdZHoUNdwCELr,BBhm5fJLjw3HRzjtKB8uMEYjGhY6EDm9co3cqpjrSzB9,1.8593190369999988,1.8355180689999981,399.59120108883326,214.91266056930795,0.1598364804355333,212.103832461728,4.560467853,6.268677643,2309.7128322764815
Sid7E679i9ABqptiAVhkmQ27YHN8vaYT4fppPwmxFsJ,GP7KB8o1bv527HG8kTzzzf4wJ5aEGHvcMQvVhLziUfmT,9gYxhAZ1M9wu5pxr8SBoa5NDm21gi3s9vMHaYTME77sa,799.9635889999936,1991.3120200000121,9.402238292945867,0.011753332804433357,0.003760895317178347,0.029511131288855276,131167.826837,10376.374654,1847.8776767660902
MATgk4zXLXtYkwBH678J1xZbRDZ45LicNzkRBHkxTuY,y8dALFo1bJrSzPYjMX14HJX448pXqYmrfXHD1K8MXih,GN7Yuet3UyiWS5YVkEHv6oQKi4HGBJc3XDPt9zQhAqZz,24154.948376,24160.586741000006,24172.836274843383,1.000740548005524,9.669134509937354,1.0,8323.884471,9215.653063,17545.70177004321
BSC8REUo9LpiiWUuqMuLXs2D2yJsJfGd4HdiF3wCLxk5,AZjEH1zWVx1UJ6udMyRijGTzPteuLnaY18yNNmprJEsh,Caf8ypkSVR8xYnXNhjvfvdGCC7mrM3C11rz8Xi6NA6aK,246.9388954000001,246.4086681929998,247.38922443736328,1.0018236456295544,0.09895568977494532,0.999966815101274,2710.771415228,3598.514230042,6314.109715383813
daob129AwBGn9Y5r91uLoWZeYiGzbPmksauMhFZKTze,6VW5GQNyj4LStgmxEHLr5zUfW92vQnmbw8jTnCH7a38F,4VPCCUifPeBA1c7HWK358CHn2nyjm8pdTRk6Ps3KmnMQ,13.929620889999939,12.545855948999993,2807.913510281706,201.57860235072903,1.1231654041126824,181.66195253899826,49.171992198,222.501398006,50332.059866500524
KZMu9QBEdL97EFgamLbN5DE1AoKBG4HdrKKJo4Vuon3,DD4ACBWyVqdaKWh7v5btsgqQCCMwbKnuL2xd9pv7Gyuw,GcYqiJ1MAuYbNTNYXm1F1gQYTfTgkErACAhNU5dpVj9T,197.5120406799997,200.66776788000038,194.6923752576273,0.9857240833892214,0.07787695010305093,1.0,2023.28283946,1064.59982543,3058.9984477938497
AyiATPCAx5HZstcZ1jdH9rENwFb3yd9zEhkgspvDrCs4,DvHVapj4g2Y1tJVSw2ubSPkPBsJPb8fW387ZWXwaKmZq,DKjqWWgrtDRPKrnMWtZ4UiJk4sGQVCQgFjSo7BvfngvK,0.0003983300000000023,0.0004022500000000484,0.947930796506514,2379.7624997025296,0.0003791723186026056,2498.001598721023,0.8445344,0.31858958,2805.6285750046354
