0,1,2,3,4,5,6,7,8,9,10,11
SAMyS8Jr2HJrkFwYVKbpUwsNStnQmvz3f8Tup8bWUWF,6jPzm5TFfquvgm25sTyN3MMGBfufRaFHMxobDWv6hMFW,Cj9ECoDmxsHTDzCY5ZA6RWrPbg9uFzEC1Qc2kso2vJG6,1204.6774250299786,30.2995560600001,1192.2870350869114,0.9897147653922718,0.47691481403476454,0.023956725911889413,516.42213846,107361.40477473,3083.1383633129362
KwnjUuZhTMTSGAaavkLEmSyfobY16JNH4poL9oeeEvE,J63v6qEZmQpDqCD8bd4PXu2Pq5ZbyXrFcSa3Xt1HdAPQ,BnKQtTdLw9qPCDgZkWX3sURkBAoKCUYL1yahh6Mw7mRK,151.67132100000038,6096.542589999677,3.6335482658912057,0.023956725911889413,0.0003633548265891206,1.0,275348.085304,622.943179,7219.3817889914735
AUSejoEUCh2DBs9mof6BNC8Pubs22w4cJa1ccV9h44R,4xkyD7AfGQDwsQMy9MosRRNGoVJ1zosNinesxg1TzHG7,Cbm5gsQe3nSiCsFrvepVzMCD9xLK3ri9g3ypS2hdmVJ7,189.97332399999868,190.28952599999866,189.6583015611057,0.9983417543460313,0.018965830156110572,1.0,15080.354455,13791.774216,28847.12173876469
KZMu9QBEdL97EFgamLbN5DE1AoKBG4HdrKKJo4Vuon3,DD4ACBWyVqdaKWh7v5btsgqQCCMwbKnuL2xd9pv7Gyuw,GcYqiJ1MAuYbNTNYXm1F1gQYTfTgkErACAhNU5dpVj9T,30.035522390000096,30.28714069999978,29.72659999565327,0.9897147653922718,0.01189063999826131,1.0,2074.82800909,2014.39283629,4067.8807525358234
BkwbeSfcX1h4thMDd7obGkHrPevf3QwgzJ4pCEqG18Lu,35yX27bmurdebhfAb8EPmjLETDiUaEUCn9zHaDPbakH2,2CxECn1ZJFoESyUnQysQU8rRgT3iJ5GRs2Mdd6gZjx5g,0.046552779999998184,0.035476429999999004,100.32278085468221,2155.0330797577744,0.040129112341872886,1321.108674399556,0.81503264,22.77415171,31843.551676454794
wrmcMSHFi3sWpAEy4rGDvQb3ezh3PhXoV2xNjgLBkKU,8p4mGnARWPBu6P2Gcw4adodLkNDorrXniZMhaY7eJXUn,AyY89zccbsgp9LKFgH4CFZMJmpSgqmPSdTfukhP227rc,0.007645660000001719,0.038837329999999906,2.4073236775824056,314.86146095717885,0.0009629294710329623,3261.1531437516305,27.09478421,0.09443785,8839.079632096746
NorjjEePhxfwLF4vZjUHCrVVKLzQjEEGQFd3wgjEJmh,34M8pFVqgbV7aqHxvRT5tCv3vu2P1JJYT8J3VaxBK2oG,3AZWBSze3ucsY3xSeuLne3b2pauVqiaJ1SZSV5T9WGWw,0.0044100000000071304,0.0014779999996790139,0.0026205824467368877,0.5942363824790591,1.0482329786947552e-06,1.0,38109.866632,2266.797755,24913.06703915908
FrnkTEL6yZ5Aycq2TrEgu29dCrwKG4LPUZydfiwqspkc,DjvZuMZ46fxKBoBpGMPcRcos4xdTtHFxwMh69DpA2ZFY,9rvDPJLAng4uVVqnnSoEXgNDFhBZQTny9AoQioYDZbQX,116.13314739700044,97.63762450600018,24195.625570497603,208.3438373351323,9.678250228199042,175.22276508181764,179.539923927,1456.302317218,292583.3555238052
SoN9GaFpSXfpyR5dth3x7PHPVhvJMpQqqDJfCSmPv1t,9kZ9iS68ViMPtoeqtnhAKuF2iqVyfHPdZHoUNdwCELr,BBhm5fJLjw3HRzjtKB8uMEYjGhY6EDm9co3cqpjrSzB9,5.262460476999997,5.1512919120000005,1087.5672260059162,206.66515801101318,0.4350268904023665,200.52758808424966,3.186027124,6.445234987,1950.888225588164
ALBpShJ9NLpE739pcHDF2LNVk5J4VYPvvKuV6jMPitZi,D6d156U1bPiJpDYRLextvDRccgFk7QzkQbJg42ceKEu5,GNcM8U5g8RwTZffwwm3kSQqUNPSwv5d2fbN9sLxPJqt2,986.8398040000029,988.5897429999968,980.046124266587,0.993115721816369,0.39201844970663485,0.998368665600409,55727.080982,44565.587594,99836.3264720781
7oAd7xG4m3oC2qeWB1szghTebAZyyGPAFDJ4wwwbRSNi,D9yh4KAysxt9GLacVe4Wwh2XqghhcjTCSTV9HuM7TBJd,HDYfJLpZKaMFb84jM4mRytn7XLR8UFZUnQpSfhJJaNEy,1087.8616075669997,24.936297627000158,1079.8473980793974,0.9926330615660516,0.431938959231759,0.02266343106681295,956.009790611,300046.765483758,7749.056111702657
BUSDTd9WiT6uBHJRgNvFXBsA7JrifsAtWzKfioN7ERcy,DyBxrn7gSc1EwnpWhDyhzvMHPtxpmBqRqotapLcKcfTM,Cds99GeBgoCpqBsoRWu1C6fF9LiUMd4pXQQD24s9LPff,40310.179856459996,40103.710242799985,40377.3888277115,1.0016672952462833,4.03773888277115,0.9978785102871295,2294.09220694,3256.27910266,5547.288076012637
parEAJhzYzHW87y9VoZAQ22dzQ2MD2ekEtTReaxbMcz,3oyc6hpjYSJEquK6dSvG72NXyz3pqLZz5D8AC71pwgQb,Di2vordgFJVZ1aj1aBpvzXtLfZgJsuLLXawGtVFwX6Rz,2.594248574000005,3.0581354580001516,426.1483793868429,164.2665948274092,0.17045935175473717,191.65360068244013,1106.731215157,140.230354042,208674.6203801638
YAkoNb6HKmSxQN9L8hiBE5tPJRsniSSMzND1boHmZxe,CfWX7o2TswwbxusJ4hCaPobu2jLCb1hfXuXJQjVq3jQF,EnTrdMMpdhugeH6Ban6gYZWXughWxKtVGfCwFn78ZmY3,6371432.6109179985,6372631.025559992,6371432.6109179985,1.0,637.1432610917999,0.9980498106699509,996203.967756,366772.44689,1362261.1389335191
DFWzVTzNBrQZLjoQ4yQwkj9HuoXmfkuZP9V5vbymZe23,DhgiEgiNdqZdRdo195UUHnoEJUtefK8buko8nU97XJUZ,2K2kkXsouBHtWVjtcgkyiXd8eP3oVBvq1bTJzcVdLLr2,10.049028154000553,11.849214605994348,8.457734238665292,0.8416469840716129,0.0033830936954661168,0.9926330615660516,61069.64014395,7801.572300342,59143.177043011594
BUSD5rCfUDpCxKGMvYU2yThChxgHoioK74PTPociGnv2,CcFHbafgYDZ8yA8Me1PdtDiVb2eeaS61LbqyKKK5CsNZ,26R9s4nmF3CFDTkiePDwRmtscn8i7r2eygbSijditJ58,699.11639702,698.06960832,698.5989378007815,0.9992598382452132,0.06985989378007816,1.0,78.34427373,68.1235247,146.4098109948785
MATgk4zXLXtYkwBH678J1xZbRDZ45LicNzkRBHkxTuY,y8dALFo1bJrSzPYjMX14HJX448pXqYmrfXHD1K8MXih,GN7Yuet3UyiWS5YVkEHv6oQKi4HGBJc3XDPt9zQhAqZz,17314.960151999985,17263.470694000003,17369.848874443225,1.0031700172545244,6.947939549777291,1.0,4920.457673,9779.221403,14715.277011723567
WiiQFxXqp8P9Fs1rt9SVcDyA3KUdJmUsog6wnVQAwba,3S2jpqSYxho6wiz3cafhjXruVY8cg4HYa2v3BqBHYFSj,Dfe67M6TfrG74gKRtdqys4e6E9QirPD53BkF4FujFjuv,4693.316020645001,4692.039999999999,4664.672969449932,0.9938970546477003,0.4664672969449932,0.9926330615660516,13633.541673116,13128.245303729,26581.86724215733
Lid8SLUxQ9RmF7XMqUA8c24RitTwzja8VSKngJxRcUa,4PgzyzLtds9bKZ2to9PMnKqJzKEUpjvNUaeN23phegax,AtymwxoVN9peZo7EXTcDz9jKVc4vRmisJKKrNfe3ewBa,51.794542964003995,44.10626218099958,10671.821334889632,206.0414229797587,1.0671821334889633,175.69548177985146,994.303080112,7667.845360085,1552073.406252966
MAR3XM1n9xWPQ3HJjAcC85o8DopWFP5p2WxGTaZ3fPB,6qG7GUhER8Cg9gDEgnebph9LdS6eu2eoWcA4R7z9uizK,4QV4CwRXVMY227KkFF9voNAfwWHVvVajXSXDKbUHkWZR,0.009519999999999987,0.32773300000000205,0.009046402724563632,0.9502523870339963,3.618561089825453e-06,0.023956725911889413,0.124271,23.783387,0.6878608980044957
heyk4SZTeCUV6a65WiVA5bzic3KcxgVf1qxobfeV4tQ,9ZDpBKPqMABtGfq66FbVribaArMvtk63xxy91onZAtDt,DaTP4s6N7xxSPinbNZ3FB52EpRDRt87QShTuN3VPCW52,22.486233575000483,19.757716668000285,4545.753541894949,202.15717882379295,1.81830141675798,174.70276072290605,619.622149772,4479.397034883,907824.0941027007
SAMGk1Nd4haC8zQA63DG37pzuEZy8j4q13tSFtCbcRE,9U9TnkHD3jXMAVZtynCVLgDruuqN4pTvLJTmVHCLWS8g,C6zoEbvqSknmi96QWq96UBiPCyNW3YSTvKhavR2BfifE,0.34762166000000516,0.23136576999999625,0.3089363422829872,0.8887143059007964,0.0001235745369131949,0.0,54.96116353,0.6298888,48.844772298064115
ALLwa5WNZbvQsRKAqe1jdRGemdYQnW8E5k4msbRFcYtu,CGoM82Hbz7QVqTgvQatYtjvDWBvoUJp5qm21P8iMs9yb,3dxNNww8TivyN5FMy5dCNdi3Zcxv6e4kUfSPxfFwpdNq,1.678218721,1.6817358309999975,5411.77575659857,3224.7142097031647,2.1647103026394285,3203.00313574007,6.319441391,2.307524608,27769.401006165408
Cob4usZcpHEY7Qt4ZCwj6WVg9S44zvzYV2v9qYF65dTf,NhFM9UXE48PyNAyeyPYA3iXztqKVJwA4bTdLj4ysM8w,6TuFuynuBoeskxyR2cz4wxyidk8dpDK7kAWw3UkjQGx,126.56239700000356,857.8320349999995,1.0215722165192893,0.00807168827972862,0.0004086288866077157,1.0,72477.068728,174.573456,759.5857622008832
BSCuChvaSj9b5HUSqgDVRzcnr2sSn7cXaamt1jbKH6hn,GnKpRj5kBVPMJfiwZtEuD9GYApLzPdW5JFuZTcyX4BTc,3dmwD9okkomV9nDwyuh4UMhKdUR13QpuKxRo89ycZB5t,215.21555963799983,214.961337318,214.57373248288778,0.9970177474333565,0.08582949299315512,0.9998535714444621,1821.436776351,1283.851370781,3099.6681701289995
ACUSESXyNnwRLAg1dpSGMLSzUDdLjUMybY8rkXiAKhCP,AhFPQdu8GKBsxuhiH46UmCu1YpaLgNpoP325HnYtsgas,A8wxWpT3aFEr2XqZp1kDmbxbFfcBE95UUmdsNTDBJYbT,3.7939446089999365,3.747481000000107,3.7659948526436233,0.9926330615660516,0.0015063979410574494,0.98163552047267,1043.876449717,1841.997664153,2844.356611939559
DA1mL7dfBow33EH5yjUuZE6SH2KeUK5zEXzsyhE5r5j5,B4UtLRZND3D83CitRCBUyeiNr7H8m7YFRqBmiPmXjhW4,AAmpYbuixWiSqDaJBCqYEs1pb5SrbdPr9mgXrB58Q2e,0.9312488100003975,0.793667634000002,1.0868678560439302,1.1671079139886003,0.0004347471424175721,0.9926330615660516,184.545377141,2950.368851291,3144.0180357573718
KEVpg4SYCVrqFxKijQH6hm4QxsRdoE51ud64bEEFUC9,2bPenuBYfqzD8p5dFjCcggwkHDsc2RQDnx9AoyYGUBjA,AE6n6iLuX8oYu61vt5hoDYkjswpnxFxrhSehxrnQTnbx,2.163213915999904,2.1677523200005453,2.1470917348153034,0.9925471165540517,0.0008588366939261214,0.9926330615660516,5683.640983555,1942.433578413,7569.405259584747
SoNcU2iwHMw6dGzsYNQkYFkUjwN1UdAjrWVRnStrZu2,8ivTTid27jZnYNc4w3CTA1Z6QS2twsFb8WMwUabeDJgc,CyXm53PMvHCbeXJBykU46Rcbo28xk5srhMZFg7gv6EYB,24.720544948000008,24.34266648899999,5110.083478980595,206.71403036339706,2.0440333915922384,200.96531680273023,13.268461664,22.303197679,7224.946374561818
HEDSDjj84KS7LKhZY7ejkCACTdPen62rKhCby1wXtgxc,EnnjMSFttpCTywBrYNt1J5QQeoSVkvzPipJDa8Y7kJow,6bjVT6JN2rSvpyn9PdfLYC8wJn4LWh49jpY47fnLDXZk,3.5253025040001376,3.640831684002478,3.3950800006750455,0.963060615882657,0.001358032000270018,0.9926330615660516,39095.228917653,9125.961592265,46709.806434572565
SEQV6QiTpvTzrceiaYg9Avnwf7oc8ZALpnQMz6TyT4A,3dFMPj4r9mMmPHF32mz1gNDX7f8ftidWof7S8YiYTs1j,Fc1ED3YPeQfXQosHbd8DTaBd2AV5gHQtwiSAL5C5pUhi,86.62044162400002,87.00630219300058,85.99410305840948,0.9927691598674901,0.03439764122336379,0.9984643618115339,4818.202694633,800.356555044,5582.490538175765
SUiuyGR7SFq3xeRVJonq84fjjeFwRSsFekcevJ53tzy,49GjCCPsv7fBqo6t3iKDrP1xxGDS8uWZbVCdfnp2gjMf,CEwj5xEbbJEjYqM8D6Ai8ByGz1mrh8mkAVsE5fzDSSSx,0.8450550000000021,0.0072870000000000434,0.006821020539226085,0.00807168827972862,2.728408215690434e-06,0.9666729822634842,646.293883,1.654825,6.81635737854557
Lee1XZJfJ9Hm2K1qTyeCz1LXNc1YBZaKZszvNY4KCDw,9DgFSWkPDGijNKcLGbr3p5xoJbHsPgXUTr6QvGBJ5vGN,2hNHZg7XBhuhHVZ3JDEi4buq2fPQwuWBdQ9xkH7t1GQX,743.1047024720883,630.4419289599973,153064.08474643723,205.97916314785596,15.306408474643726,175.51132592137304,7216.555252327,56414.264292734,11387802.338581095
daob129AwBGn9Y5r91uLoWZeYiGzbPmksauMhFZKTze,6VW5GQNyj4LStgmxEHLr5zUfW92vQnmbw8jTnCH7a38F,4VPCCUifPeBA1c7HWK358CHn2nyjm8pdTRk6Ps3KmnMQ,6.9845358369999815,6.26711474899998,1361.9962081923677,195.0016779894391,0.5447984832769471,175.5562807980578,48.869485073,223.06524444,48690.13628091088
4vezWG46exH6pf9nry3n1VJ7hZHvjBJNgNeF4qEFCML5,,,0.1317889999999995,0.1287930000000017,0.0,0.0,0.0,175.5562807980578,48.869485073,223.06524444,39160.50468919604
C98Sspw7XqnMsgxea3SLQVdbMDL8pKUc3RE82UvX9eq2,CSqgQJurPCzGxb4Cgwx5R61hWQUiaoUHcShNc8r1cKEL,6S2CR5EnukPhC914XkAns8m5GixjMAoUuZMsS5ubHuWc,220.13883999999985,219.2795389999999,0.0,0.0,0.0,1.0,842.120441,1258.665426,1258.665426
BSCNHw8CmxbZ8hCWWzMf5FaG2ajPT6JxfznKUNuRVrn4,7n9kgNL633yGzCYksgnzHyjG73ZLBAwvEae5sbAekbzW,SscdxE99omdG9AiMVwmaEMQySQnCgeAh1sPj2Leutm2,14.645424489999641,14.628670019999845,14.583228740243495,0.9957532299730462,0.005833291496097398,0.9926330615660516,5186.290006026,6500.012154281,11616.391989997814
BUSDgu5JdqP1rndBvXvanbEufS94FNh1w5FJcAj6vawb,Bgzr8cWubt89JQFXndVjtdKmDbGzuPxNhvjH1EhWCwbo,Dxaf8xPBBQsasRKW5Aa4Sw2YrbfGofY9xZueyyF23FBW,6726.703939290002,6685.007482490005,6767.252436144563,1.006027988926006,2.7069009744578256,1.0,4812.50466826,10147.43349079,14988.947883896622
ZUCKWFa4LTL833dPhhpeeRWZcaAEoMeYJPi2iKn4F8N,7eEYpq6ShaJ9opZWMxitRFrdCHh6vfyHhGfoSvFht3N2,H8VggnHmuwd1wvwpT8eg9cUJFEfZ7HAaeYjgXrSm7A2u,0.0014009909996275383,0.0014009909996275383,0.0013970437962766695,0.9971825633769823,5.588175185106678e-07,0.9926330615660516,1647.927284107,2199.413785766,3826.495193240171
BSC8REUo9LpiiWUuqMuLXs2D2yJsJfGd4HdiF3wCLxk5,AZjEH1zWVx1UJ6udMyRijGTzPteuLnaY18yNNmprJEsh,Caf8ypkSVR8xYnXNhjvfvdGCC7mrM3C11rz8Xi6NA6aK,187.27444534999995,187.56716240600008,185.907126137421,0.9926988478859272,0.07436285045496839,0.9927235508009163,3526.640209058,2806.11068127,6286.583831890795
KEN5P7p3asnb23Sw6yAmJRGvijfAzso3RqfyLAQhznt,9zj4aX38Uxf3h6AUjS4EipWS8mwbEofasHAf3a1uKGds,CwQDG1MWunn9cLNwcZLd8YBacweSR7ARo32w4mLua1Yr,164606.83644399908,164627.46312200068,164300.90815301816,0.9981414606003621,16.430090815301817,1.0,1904767.398077,1720470.695146,3621698.007966528
MARpDPs5A7XiyCWPNH8GsMWPLxmwNn9SBmKvPa9LzgA,6YjT74rmcfCpw8LSjPNx5JTmZoYLGrTKnf9arfSgZ4SR,F8GSmi3vA8M8TsybLya1LQ4n1aFHCRbZ6k437PeTdXtg,33284.38832899997,34291.13751799957,30544.767080055623,0.9176905033715949,12.217906832022248,1.0,316551.2105,20598.345834,311094.38554063265
B2izdXFYb2sNwbWWHmh75T4aQFtfXsUxem9u2p61HGzf,4DYwgJtxwuJdAjkj5RJSNH4e7U329V5cNp7d3a1nLrZv,EXNW64GEf1ACC6xY9BtKRiunrs6GoJSXBdxWN2eTPmrF,2066.773447999989,2028.1859899999972,2096.4252872630377,1.0143469228771749,0.2096425287263038,1.0,8383.763908,31427.879239,39931.92436120852
STK75uPSyBnEhGTTzb1nwmP3n427XoXmfRhXxxhyady,6TYyD5fUmDe6N65avW1Ny2RxzRNobw2RRgKwH9CTzSAU,54zDfk4cx2vGrEajPtodWpArNe5eUurytyxd4X3aZAxK,476.3465756119999,532.3717238979991,83604.21908376769,175.51132592137304,8.360421908376768,196.5366701067135,1008.260506839,183.811183723,213086.77640676027
RajgMbScQbqqrdJfR2rxfHJiTiY5b6bJ2tTXiF4aPxy,725ZA3fhyBAKb5iopNRrcbSuQa3LXA1656Q3mBvYPxeg,GLA6i1dSZpUfk2f9Nj8uiG7xyDdAR2reff8oEiZH3617,2883.1407571900054,2886.361411119993,2879.5689398769823,0.9987611366860547,1.1518275759507928,1.0,118467.34128605,63375.41097145,181695.98741448007
Sid7E679i9ABqptiAVhkmQ27YHN8vaYT4fppPwmxFsJ,GP7KB8o1bv527HG8kTzzzf4wJ5aEGHvcMQvVhLziUfmT,9gYxhAZ1M9wu5pxr8SBoa5NDm21gi3s9vMHaYTME77sa,160.1299170000002,476.303568000003,1.2925187742828181,0.00807168827972862,0.0005170075097131273,0.023956725911889413,134999.974712,8977.734497,1304.7548383008536
HDSBGqAuMRr6X2AfmmbXQPpRgU6VEhtfNVVZ3wUTZXg,DCZ1d8kNLgDcdSd99y4udLgwq46mfDXNS9KXj96kQf5L,Fq8GGYQM5Pz3q7LmVMbrXHJgsxA5ev86kTq8yGgGuYsa,558.9235450719989,560.9013534559999,552.2195844073647,0.9880055855156887,0.22088783376294588,0.9926330615660516,11668.93953643,10889.942566238,22338.694468840982
vEnkoSUkpnbRrPgBz9DfcVxNz67zjwMYBZraAvDDNSf,DtfyjjsZ5yCjWKLKHvwsfXs5QVsmm1QkK6Sh9JZHoq1g,e5wrKCRv4GhHvEf1VD5Pq2KGaZDXP77nTL612Jyrxwy,879.3174389999995,878.9995910000002,878.3389693881011,0.9988872396150688,0.08783389693881012,0.9991387424040478,812.51314,1126.423204,1937.06207102487
AURHmCnNwiW4uA2Qj1XvEh4iKgRUZYXtiY7FKAapUV5Y,BKWm4TRnTeKwfWXRyuzjRHU7iZDkPuXBX5b5V5jSVfGJ,A5Ww74HVrkj9nPeC7pHKLfgeDMEhBCpW1efQdz3TGLEg,0.02332949199990253,0.02081452099997705,4.571175417219957,195.93977516694557,0.0018284701668879828,175.51132592137304,289.903524066,1809.481752891,374388.17300602695
JSoLLrxK5bYdHwTEWYaGgmeycBCNXKDiBCTw5hXGBg7,xG4wXczA7Dk4hccJ61CHKpDHW4NrNfQwgmWgkb9BuF2,BVR6WgfhsRr9Lob4QDnkEAiNGgAbv7ZieKcY9kSg3QYR,8.986341487999994,7.747613889999986,1798.7069033813232,200.16008803841314,0.7194827613525293,175.51132592137304,18.606000198,162.034974754,32163.151902385158
GokA1R67GqSavkd15zR62QD68Tuc5AEfvjssntVDEbM8,3YB7hfpBdbQEuZqLGWVDpRPmeZWCUsrrWyqGXegnQ6Cg,4DPCj6Z1DsG6HUtwSogBGqXEUxdEV5a8YVrrFtcnz7UW,23410.686108000013,23398.32628100001,23432.759767701187,1.000942888200685,2.3432759767701183,1.0,9147.617208,26655.564818,35811.8072063298
moFiBS1R4Lf3E3zzmBPnw3NF4RhWPkhREFviuzUaCAU,44ALBrpqi9PfZkBRTvbtRNtFJGsatfY4QydjtMbFWq8S,2ho8qEEie1UjVwWNBo9y4oAJZMyMLx8zPj9bxyUz6uWs,3503.1278520020023,3526.738808549002,3455.5225722984496,0.9864106359474301,1.38220902891938,0.9926330615660516,49581.223766691,17570.489094202,66348.49484954416
MATSnbbiTCv7Dc3trJrkrqjx7ckKdr6fwPoVwv9q3sD,631WX9JizSHJm4w6VanZeJAst9T8DeUUnPLesdGkCVtK,211maUSfpnXbPuW1iBu8b4dtJv5EbN1j7JJiEX5TZKEP,104060.95106800002,103444.99593899999,103755.1845391631,0.9970616592900722,41.50207381566524,0.9984862947771178,25330.070921,26789.55652,52004.647570804445
