0,1,2,3,4,5,6,7,8,9,10,11
BkwbeSfcX1h4thMDd7obGkHrPevf3QwgzJ4pCEqG18Lu,35yX27bmurdebhfAb8EPmjLETDiUaEUCn9zHaDPbakH2,2CxECn1ZJFoESyUnQysQU8rRgT3iJ5GRs2Mdd6gZjx5g,0.004045510000000974,0.0025431399999999993,8.033659669958444,1985.8212363723019,0.003213463867983378,1237.6237623762377,0.84990925,22.71793275,29804.0212411046
AUSejoEUCh2DBs9mof6BNC8Pubs22w4cJa1ccV9h44R,4xkyD7AfGQDwsQMy9MosRRNGoVJ1zosNinesxg1TzHG7,Cbm5gsQe3nSiCsFrvepVzMCD9xLK3ri9g3ypS2hdmVJ7,567.9366019999998,568.2957829999996,567.9212681257603,0.9999730007289803,0.05679212681257604,1.0,14483.940222,14388.889364,28872.438530172512
moFiBS1R4Lf3E3zzmBPnw3NF4RhWPkhREFviuzUaCAU,44ALBrpqi9PfZkBRTvbtRNtFJGsatfY4QydjtMbFWq8S,2ho8qEEie1UjVwWNBo9y4oAJZMyMLx8zPj9bxyUz6uWs,1868.466602037999,1869.4487388460075,1868.0239793601615,0.9997631091305808,0.7472095917440646,0.9979633703253272,35686.263385711,31423.308236689,67037.120230409
SAMyS8Jr2HJrkFwYVKbpUwsNStnQmvz3f8Tup8bWUWF,6jPzm5TFfquvgm25sTyN3MMGBfufRaFHMxobDWv6hMFW,Cj9ECoDmxsHTDzCY5ZA6RWrPbg9uFzEC1Qc2kso2vJG6,1345.8064728600002,34.24013760000037,1342.6665531388264,0.997666886150056,0.5370666212555305,0.025246504343762056,528.45408333,106881.5619551,3225.606957956629
parEAJhzYzHW87y9VoZAQ22dzQ2MD2ekEtTReaxbMcz,3oyc6hpjYSJEquK6dSvG72NXyz3pqLZz5D8AC71pwgQb,Di2vordgFJVZ1aj1aBpvzXtLfZgJsuLLXawGtVFwX6Rz,6.250620219000012,7.333815381000022,1044.7898273643607,167.14978526267086,0.4179159309457443,196.52195445014138,1103.131465741,143.303060563,212550.38515563126
SEQV6QiTpvTzrceiaYg9Avnwf7oc8ZALpnQMz6TyT4A,3dFMPj4r9mMmPHF32mz1gNDX7f8ftidWof7S8YiYTs1j,Fc1ED3YPeQfXQosHbd8DTaBd2AV5gHQtwiSAL5C5pUhi,1190.2268637910008,1187.2699661499996,1192.5224098037527,1.0019286625790316,0.47700896392150105,0.9997330712699709,1305.517083819,4317.00836968,5623.891021883204
Lee1XZJfJ9Hm2K1qTyeCz1LXNc1YBZaKZszvNY4KCDw,9DgFSWkPDGijNKcLGbr3p5xoJbHsPgXUTr6QvGBJ5vGN,2hNHZg7XBhuhHVZ3JDEi4buq2fPQwuWBdQ9xkH7t1GQX,2611.8472864908545,2213.3754057339675,531162.6423776764,203.36665360374863,53.11626423776765,172.18140757611968,7157.42565406,56443.005873779,11174017.902858265
WiiQFxXqp8P9Fs1rt9SVcDyA3KUdJmUsog6wnVQAwba,3S2jpqSYxho6wiz3cafhjXruVY8cg4HYa2v3BqBHYFSj,Dfe67M6TfrG74gKRtdqys4e6E9QirPD53BkF4FujFjuv,8598.826485732003,8613.929388176995,8588.566283849495,0.9988067904498908,0.8588566283849496,0.9986170691462609,18618.744731117,8159.685542132,26744.929928331763
SRMuKizofcAMicegrfSv7xs9q76tH1w8aAF7oX9FEWu,72Hj2KWntXPfbie4UgKeTPnm1XVkomDfCnRPKbvfTtPi,6aqJQ5wedqpUt4fFEDUqUmXhrdxCu4bEJsQdVPCADLko,4.70000013592653e-05,4.799999987881165e-05,2.5881260392710835e-06,0.055066509881299734,1.0352504157084335e-09,0.05445240133184039,17971.450574,3892.771299,1201.5958056806785
BerKDkt6v49dT1bHRedgnpsJS263C1DSJtEGvY9Mg35V,78XKqNb8wbfsMMrvo8WPUpdx7GEkfQutpNVH943aCGFa,DKYQwn4nDvFHCszi5tXbqfVMAP7DaXXp1KGTXEnYnKVH,0.0013870610000594752,0.0013870610000594752,0.0014123047570182665,1.0181994569508543,5.649219028073067e-07,0.9986526637640721,1339.269355658,5107.72949222,6464.490993833711
daob129AwBGn9Y5r91uLoWZeYiGzbPmksauMhFZKTze,6VW5GQNyj4LStgmxEHLr5zUfW92vQnmbw8jTnCH7a38F,4VPCCUifPeBA1c7HWK358CHn2nyjm8pdTRk6Ps3KmnMQ,28.595481294000436,25.594367778999988,5451.03922451869,190.62589534600218,2.180415689807476,172.30426106714577,48.555195016,223.452291021,47757.659411758956
RajgMbScQbqqrdJfR2rxfHJiTiY5b6bJ2tTXiF4aPxy,725ZA3fhyBAKb5iopNRrcbSuQa3LXA1656Q3mBvYPxeg,GLA6i1dSZpUfk2f9Nj8uiG7xyDdAR2reff8oEiZH3617,1863.7306961799768,1865.1301516700041,1862.133581449839,0.9991430549846009,0.7448534325799356,0.9997498725793793,109954.47793196,71895.62094491,181737.89086886455
SoN9GaFpSXfpyR5dth3x7PHPVhvJMpQqqDJfCSmPv1t,9kZ9iS68ViMPtoeqtnhAKuF2iqVyfHPdZHoUNdwCELr,BBhm5fJLjw3HRzjtKB8uMEYjGhY6EDm9co3cqpjrSzB9,4.404034925999998,4.318954803999998,897.3406664474268,203.75421210894984,0.35893626657897076,199.88462659353021,3.73949342,5.894848173,1940.2270613643611
C98Sspw7XqnMsgxea3SLQVdbMDL8pKUc3RE82UvX9eq2,CSqgQJurPCzGxb4Cgwx5R61hWQUiaoUHcShNc8r1cKEL,6S2CR5EnukPhC914XkAns8m5GixjMAoUuZMsS5ubHuWc,54.538817999999765,52.88435299999969,0.0,0.0,0.0,1.0,885.149986,4091.761074,4091.761074
SERgf3DMJpQxUifu7VoFKmfne73d2fDJxSrxUMrcNJB,AJfM2GZ2tTB8UtN2krcyR9xufRJEx2mhSCbJyMgPo3GU,F4yRYkufQvERZcEKnKjJwRLU1btiMBUuEwq46hfm11QD,6.537899999869978e-05,6.537899999869978e-05,0.011215035032287853,171.5387973586456,4.4860140129151415e-06,172.24158121905356,29.284890014,27.959076601,9839.210376962652
MATSnbbiTCv7Dc3trJrkrqjx7ckKdr6fwPoVwv9q3sD,631WX9JizSHJm4w6VanZeJAst9T8DeUUnPLesdGkCVtK,211maUSfpnXbPuW1iBu8b4dtJv5EbN1j7JJiEX5TZKEP,27021.013081999983,27017.024982000003,26946.55973744542,0.9972446131339109,10.778623894978168,0.9990728603855622,25829.364597,19670.05851,45410.01632456707
wrmcMSHFi3sWpAEy4rGDvQb3ezh3PhXoV2xNjgLBkKU,8p4mGnARWPBu6P2Gcw4adodLkNDorrXniZMhaY7eJXUn,AyY89zccbsgp9LKFgH4CFZMJmpSgqmPSdTfukhP227rc,0.0066213300000008,0.011776770000000575,2.0392146596861105,307.9765937788728,0.0008156858638744441,3492.839678658749,27.1587474,0.0884641,8673.249434169653
BSCNHw8CmxbZ8hCWWzMf5FaG2ajPT6JxfznKUNuRVrn4,7n9kgNL633yGzCYksgnzHyjG73ZLBAwvEae5sbAekbzW,SscdxE99omdG9AiMVwmaEMQySQnCgeAh1sPj2Leutm2,340.9006054939982,340.3146287160007,341.70676213747345,1.002364785014996,0.1366827048549894,0.9980760397585147,5013.615176431,6675.484593785,11688.112525305089
MATgk4zXLXtYkwBH678J1xZbRDZ45LicNzkRBHkxTuY,y8dALFo1bJrSzPYjMX14HJX448pXqYmrfXHD1K8MXih,GN7Yuet3UyiWS5YVkEHv6oQKi4HGBJc3XDPt9zQhAqZz,23362.231461999992,23351.358370999984,23377.89465141644,1.0006704492009646,9.351157860566575,1.0,7089.31144,7688.057137,14782.121600190338
HEDSDjj84KS7LKhZY7ejkCACTdPen62rKhCby1wXtgxc,EnnjMSFttpCTywBrYNt1J5QQeoSVkvzPipJDa8Y7kJow,6bjVT6JN2rSvpyn9PdfLYC8wJn4LWh49jpY47fnLDXZk,2027.716616841999,2086.6594875670053,1955.022550024108,0.9641497898601306,0.7820090200096433,0.9979080743267998,39103.205891762,9119.106816842,46801.37806657495
Cob4usZcpHEY7Qt4ZCwj6WVg9S44zvzYV2v9qYF65dTf,NhFM9UXE48PyNAyeyPYA3iXztqKVJwA4bTdLj4ysM8w,6TuFuynuBoeskxyR2cz4wxyidk8dpDK7kAWw3UkjQGx,23.033305999999982,1166.3886229999916,0.4518074943143781,0.019615399296756552,0.00018072299772575124,1.0,62013.435165,307.317311,1523.735603524999
7dwD9TF6uikvHXxPFK9AsSim54yJoujQjY9vU6gNFumk,CquVr6atkvwueDYficKjn6SSEWq4F4rH4VSiBbW4GBWU,8BCa6ge3b7ho3TfZuM64Vk1hgbrJ3J7EPiAb9uP86CGd,3.0564000000000285e-05,3.0669000000000095e-05,0.006192329323973716,202.6020587610803,2.4769317295894864e-06,203.3435784606281,0.003919004,0.003589003,1.5237989918188384
YAkoNb6HKmSxQN9L8hiBE5tPJRsniSSMzND1boHmZxe,CfWX7o2TswwbxusJ4hCaPobu2jLCb1hfXuXJQjVq3jQF,EnTrdMMpdhugeH6Ban6gYZWXughWxKtVGfCwFn78ZmY3,7630818.282884971,7630100.899702006,7630818.282884971,1.0,763.0818282884971,0.9993943670135896,798614.444925,586982.35649,1385241.3055374688
ZUCKWFa4LTL833dPhhpeeRWZcaAEoMeYJPi2iKn4F8N,7eEYpq6ShaJ9opZWMxitRFrdCHh6vfyHhGfoSvFht3N2,H8VggnHmuwd1wvwpT8eg9cUJFEfZ7HAaeYjgXrSm7A2u,0.0013916610000705987,0.0013916610000705987,0.001393936731420759,1.0016352627184673,5.575746925683036e-07,0.996972092071282,1805.111925129,2042.026524055,3843.907213114985
Sid7E679i9ABqptiAVhkmQ27YHN8vaYT4fppPwmxFsJ,GP7KB8o1bv527HG8kTzzzf4wJ5aEGHvcMQvVhLziUfmT,9gYxhAZ1M9wu5pxr8SBoa5NDm21gi3s9vMHaYTME77sa,1065.6985999999888,1327.0183570000409,20.904103568994223,0.019615399296756552,0.00836164142759769,0.025167320526237595,107520.956958,24630.3784,2728.9471313758636
DFWzVTzNBrQZLjoQ4yQwkj9HuoXmfkuZP9V5vbymZe23,DhgiEgiNdqZdRdo195UUHnoEJUtefK8buko8nU97XJUZ,2K2kkXsouBHtWVjtcgkyiXd8eP3oVBvq1bTJzcVdLLr2,3748.116942662001,4549.685385625009,3078.2747219986627,0.8212856666666327,1.2313098887994651,0.9960505271849915,61863.49356479,7143.73553955,57923.122104924434
ercAoEmXjQzEvAFbdjAo81KtMxRGn9AW1ju882upmPH,CMRhskR2Eg6V42RTSdRTXGdozyPbWB8U9dVpijPWb9T4,7TKLLgrWswt6ZJ1pXhVR3FyufHGjJFqiEXxvWJfDcgRm,18.324424796000017,18.333775575999994,3152.358174867531,172.03040258898875,1.2609432699470124,169.94086058051798,903.873814117,883.577922381,305649.76865156554
STK75uPSyBnEhGTTzb1nwmP3n427XoXmfRhXxxhyady,6TYyD5fUmDe6N65avW1Ny2RxzRNobw2RRgKwH9CTzSAU,54zDfk4cx2vGrEajPtodWpArNe5eUurytyxd4X3aZAxK,1393.085738364004,1563.013999822008,239653.10041173827,172.03040258898875,23.96531004117383,192.98257463842302,4857.207243487,877.701505688,1004968.4138869117
Lid8SLUxQ9RmF7XMqUA8c24RitTwzja8VSKngJxRcUa,4PgzyzLtds9bKZ2to9PMnKqJzKEUpjvNUaeN23phegax,AtymwxoVN9peZo7EXTcDz9jKVc4vRmisJKKrNfe3ewBa,195.73021897100352,166.39563066500023,39627.18920002962,202.45820705846242,3.962718920002962,172.03040258898875,987.629361042,7675.763545803,1520418.362637232
BUSDgu5JdqP1rndBvXvanbEufS94FNh1w5FJcAj6vawb,Bgzr8cWubt89JQFXndVjtdKmDbGzuPxNhvjH1EhWCwbo,Dxaf8xPBBQsasRKW5Aa4Sw2YrbfGofY9xZueyyF23FBW,12587.082224980011,12516.621354429999,12649.899348161096,1.0049906024333757,5.059959739264439,0.9997796185786768,4941.96849205,10047.2451816,15011.662847458585
AURHmCnNwiW4uA2Qj1XvEh4iKgRUZYXtiY7FKAapUV5Y,BKWm4TRnTeKwfWXRyuzjRHU7iZDkPuXBX5b5V5jSVfGJ,A5Ww74HVrkj9nPeC7pHKLfgeDMEhBCpW1efQdz3TGLEg,0.00040958800013868313,6.958400012990751e-05,0.07867804717107696,192.09070369355845,3.147121886843079e-05,172.06447255786745,289.900346858,1809.486255981,367035.45986504096
heyk4SZTeCUV6a65WiVA5bzic3KcxgVf1qxobfeV4tQ,9ZDpBKPqMABtGfq66FbVribaArMvtk63xxy91onZAtDt,DaTP4s6N7xxSPinbNZ3FB52EpRDRt87QShTuN3VPCW52,29.163809062002656,25.44029294799941,5706.215080558975,195.660829778013,2.28248603222359,172.07246659858333,634.51233045,4462.355167438,891997.6695802187
GokA1R67GqSavkd15zR62QD68Tuc5AEfvjssntVDEbM8,3YB7hfpBdbQEuZqLGWVDpRPmeZWCUsrrWyqGXegnQ6Cg,4DPCj6Z1DsG6HUtwSogBGqXEUxdEV5a8YVrrFtcnz7UW,41857.659256000006,41844.227358000004,41871.393072927924,1.0003281076192991,4.187139307292793,1.0,33358.00641,59400.358194,92769.30962006775
MNkYtBe2HtgL15osfaMmyqNW3vo4J399FXXCS4a39Wf,2mUxDu8NrhSKhQJMgKfYLxJqZzeEbmwhQdHeHMyohyuk,AZCBmDBcFsA2jHHhfFJBTsWCHx9XnnKmGfFsue3ZVW1t,0.07633713999985048,0.005978879999929632,0.07628860518922909,0.9993642044931015,3.0515442075691634e-05,0.9997796185786768,2195.17588665,1941.31379602,4134.666170210815
B2izdXFYb2sNwbWWHmh75T4aQFtfXsUxem9u2p61HGzf,4DYwgJtxwuJdAjkj5RJSNH4e7U329V5cNp7d3a1nLrZv,EXNW64GEf1ACC6xY9BtKRiunrs6GoJSXBdxWN2eTPmrF,4108.71135999999,4049.4477379999953,4154.582100976876,1.011164264645956,0.4154582100976876,1.0,9471.490192,30327.87003,39905.102445095064
C2ypsDADXcCRz8HbV2zX1AXPSja7a1P3xZtRC91xGhJh,J9bYNuDpY1d1T86gLaw7DGk5D3CsUAf2tzUwxMvb6FTv,A2NGvvPrMGzsJ4jb52KEnSBVmsA7C34dV1GC7PerdgvG,3.2002748910000003,3.232910768,549.9410824832174,171.8418264724052,0.219976432993287,171.45659233451866,2.694197456,2.327357919,862.0166696508443
BSC8REUo9LpiiWUuqMuLXs2D2yJsJfGd4HdiF3wCLxk5,AZjEH1zWVx1UJ6udMyRijGTzPteuLnaY18yNNmprJEsh,Caf8ypkSVR8xYnXNhjvfvdGCC7mrM3C11rz8Xi6NA6aK,975.798625082,973.1999459499993,979.143367074205,1.003427696971723,0.39165734682968206,0.996788738422776,2475.634599554,3871.29890747,6342.987478808476
KwnjUuZhTMTSGAaavkLEmSyfobY16JNH4poL9oeeEvE,J63v6qEZmQpDqCD8bd4PXu2Pq5ZbyXrFcSa3Xt1HdAPQ,BnKQtTdLw9qPCDgZkWX3sURkBAoKCUYL1yahh6Mw7mRK,197.51473899998496,6459.951515000046,4.924137149248658,0.0249304794881613,0.0004924137149248659,1.0,274628.160366,640.869126,7487.480844876036
FrnkTEL6yZ5Aycq2TrEgu29dCrwKG4LPUZydfiwqspkc,DjvZuMZ46fxKBoBpGMPcRcos4xdTtHFxwMh69DpA2ZFY,9rvDPJLAng4uVVqnnSoEXgNDFhBZQTny9AoQioYDZbQX,263.25092405699934,220.9105270199999,53693.59088564424,203.96354192480803,21.477436354257698,171.99235253203702,176.640089475,1440.238600851,283738.1634630489
NorBXypYWTkV5PMs6Q9JsvNkmRwe7H9Zr1Kz2TcJH2Y,C82XDu1d1UjtuUwnkSTwVuWyH3AqpJ3ftb9W7en8rEUu,F7cZoYpWQSFuYJzW2UUFw6sVbTtaihyD5upeeHRUPABk,0.00315199090000004,0.003153629299999988,0.0,0.0,0.0,2032.726903140563,0.2508685653,0.6545753239,1330.572871023478
JSoLLrxK5bYdHwTEWYaGgmeycBCNXKDiBCTw5hXGBg7,xG4wXczA7Dk4hccJ61CHKpDHW4NrNfQwgmWgkb9BuF2,BVR6WgfhsRr9Lob4QDnkEAiNGgAbv7ZieKcY9kSg3QYR,7.65367038300003,6.554420224000019,1532.6102981269732,200.24514010051107,0.6130441192507893,171.97274232034223,17.359889839,163.512979829,31596.009119103925
KEN5P7p3asnb23Sw6yAmJRGvijfAzso3RqfyLAQhznt,9zj4aX38Uxf3h6AUjS4EipWS8mwbEofasHAf3a1uKGds,CwQDG1MWunn9cLNwcZLd8YBacweSR7ARo32w4mLua1Yr,626634.3435099993,627842.5708430015,625967.687922362,0.9989361330183354,62.5967687922362,1.0,1325917.61201,890750.830394,2215257.842436175
BSCuChvaSj9b5HUSqgDVRzcnr2sSn7cXaamt1jbKH6hn,GnKpRj5kBVPMJfiwZtEuD9GYApLzPdW5JFuZTcyX4BTc,3dmwD9okkomV9nDwyuh4UMhKdUR13QpuKxRo89ycZB5t,551.92306687,550.588700601,554.2270858556419,1.0041745292486293,0.22169083434225678,0.9986837348374843,1173.944002826,1934.201977987,3110.5007217081566
4Fss9Dy3vAUBuQ4SyEZz4vcLxeQqoFLZjdXhEUr3wqz3,,,0.0010261390000000001,0.0006288590000000001,0.0,0.0,0.0,0.9986837348374843,1173.944002826,1934.201977987,1931.6560553061067
vEnkoSUkpnbRrPgBz9DfcVxNz67zjwMYBZraAvDDNSf,DtfyjjsZ5yCjWKLKHvwsfXs5QVsmm1QkK6Sh9JZHoq1g,e5wrKCRv4GhHvEf1VD5Pq2KGaZDXP77nTL612Jyrxwy,2918.4420059999993,2917.083267999999,2907.289642929721,0.9961786586653597,0.2907289642929721,0.9973410886576387,696.078875,1245.938632,1936.0447116622818
KEVpg4SYCVrqFxKijQH6hm4QxsRdoE51ud64bEEFUC9,2bPenuBYfqzD8p5dFjCcggwkHDsc2RQDnx9AoyYGUBjA,AE6n6iLuX8oYu61vt5hoDYkjswpnxFxrhSehxrnQTnbx,198.98802688899946,199.17084912300015,198.646079910794,0.9982815700846351,0.0794584319643176,0.996969348767578,5829.967645838,1798.441006097,7612.939813675217
NorjjEePhxfwLF4vZjUHCrVVKLzQjEEGQFd3wgjEJmh,34M8pFVqgbV7aqHxvRT5tCv3vu2P1JJYT8J3VaxBK2oG,3AZWBSze3ucsY3xSeuLne3b2pauVqiaJ1SZSV5T9WGWw,5.960561999998845,10.03634399999828,3.534455318260053,0.5929735012001784,0.0014137821273040212,1.0,38120.278942,2260.681702,24864.99697296517
ALLwa5WNZbvQsRKAqe1jdRGemdYQnW8E5k4msbRFcYtu,CGoM82Hbz7QVqTgvQatYtjvDWBvoUJp5qm21P8iMs9yb,3dxNNww8TivyN5FMy5dCNdi3Zcxv6e4kUfSPxfFwpdNq,2.466760989000001,2.4665073090000047,8625.64161479824,3496.748024337366,3.4502566459192963,3502.0749794253093,4.00895216,4.610264387,30163.787103391274
KZMu9QBEdL97EFgamLbN5DE1AoKBG4HdrKKJo4Vuon3,DD4ACBWyVqdaKWh7v5btsgqQCCMwbKnuL2xd9pv7Gyuw,GcYqiJ1MAuYbNTNYXm1F1gQYTfTgkErACAhNU5dpVj9T,380.31865431000006,380.8072977499992,379.4426199556038,0.9976965780025026,0.1517770479822415,0.9997796185786768,2333.5359425,2056.39375957,4384.10139306856
BUSDTd9WiT6uBHJRgNvFXBsA7JrifsAtWzKfioN7ERcy,DyBxrn7gSc1EwnpWhDyhzvMHPtxpmBqRqotapLcKcfTM,Cds99GeBgoCpqBsoRWu1C6fF9LiUMd4pXQQD24s9LPff,5262.675717689998,5243.480832880003,5267.675321013925,1.0009500116655718,0.5267675321013926,0.9806103907438224,305.30185483,340.627765,639.6150208884542
ALBpShJ9NLpE739pcHDF2LNVk5J4VYPvvKuV6jMPitZi,D6d156U1bPiJpDYRLextvDRccgFk7QzkQbJg42ceKEu5,GNcM8U5g8RwTZffwwm3kSQqUNPSwv5d2fbN9sLxPJqt2,17776.88872300002,17736.190789999993,17680.42432786718,0.9945736064034628,7.072169731146872,0.992610018412916,43839.362065,56484.880111,99668.93031844526
SoNcU2iwHMw6dGzsYNQkYFkUjwN1UdAjrWVRnStrZu2,8ivTTid27jZnYNc4w3CTA1Z6QS2twsFb8WMwUabeDJgc,CyXm53PMvHCbeXJBykU46Rcbo28xk5srhMZFg7gv6EYB,20.225243184,20.06502670100001,4108.267478411289,203.1257395046454,1.6433069913645157,200.91993200065824,15.4148433,20.201554224,7190.0463456544185
MARpDPs5A7XiyCWPNH8GsMWPLxmwNn9SBmKvPa9LzgA,6YjT74rmcfCpw8LSjPNx5JTmZoYLGrTKnf9arfSgZ4SR,F8GSmi3vA8M8TsybLya1LQ4n1aFHCRbZ6k437PeTdXtg,40786.361432999984,43411.437919999415,38151.82528946151,0.9354064434537451,15.260730115784606,1.0,320567.478085,14572.792567,314433.6771294263
BUSD5rCfUDpCxKGMvYU2yThChxgHoioK74PTPociGnv2,CcFHbafgYDZ8yA8Me1PdtDiVb2eeaS61LbqyKKK5CsNZ,26R9s4nmF3CFDTkiePDwRmtscn8i7r2eygbSijditJ58,1563.6674765599996,1567.0637653300005,1559.6386491941741,0.9974234756262318,0.15596386491941744,0.9997796185786768,86.90640991,60.21184656,146.88107041430482
