0,1,2,3,4,5,6,7,8,9,10,11
JSoLLrxK5bYdHwTEWYaGgmeycBCNXKDiBCTw5hXGBg7,xG4wXczA7Dk4hccJ61CHKpDHW4NrNfQwgmWgkb9BuF2,BVR6WgfhsRr9Lob4QDnkEAiNGgAbv7ZieKcY9kSg3QYR,34.01680506399987,29.003412003999987,6573.816488649318,193.2520257643601,2.629526595459727,169.7522245604648,17.288563075,163.571392801,31107.657639222016
BUSDTd9WiT6uBHJRgNvFXBsA7JrifsAtWzKfioN7ERcy,DyBxrn7gSc1EwnpWhDyhzvMHPtxpmBqRqotapLcKcfTM,Cds99GeBgoCpqBsoRWu1C6fF9LiUMd4pXQQD24s9LPff,71944.03901015995,71853.96991190997,71832.28019366623,0.9984465868467861,7.183228019366624,0.9979502102681093,2853.33884926,2700.39099319,5543.762194621053
7dwD9TF6uikvHXxPFK9AsSim54yJoujQjY9vU6gNFumk,CquVr6atkvwueDYficKjn6SSEWq4F4rH4VSiBbW4GBWU,8BCa6ge3b7ho3TfZuM64Vk1hgbrJ3J7EPiAb9uP86CGd,1.3641000000000434e-05,1.365300000000019e-05,0.0027106092303388796,198.71044867229625,1.0842436921355518e-06,199.86708838622314,0.00393173,0.003576175,1.496035517167929
MARpDPs5A7XiyCWPNH8GsMWPLxmwNn9SBmKvPa9LzgA,6YjT74rmcfCpw8LSjPNx5JTmZoYLGrTKnf9arfSgZ4SR,F8GSmi3vA8M8TsybLya1LQ4n1aFHCRbZ6k437PeTdXtg,40682.48724099998,42039.98780799993,38754.60086630478,0.9526113936133122,15.501840346521913,1.0,317729.437882,19466.975181,322139.65779374633
Lee1XZJfJ9Hm2K1qTyeCz1LXNc1YBZaKZszvNY4KCDw,9DgFSWkPDGijNKcLGbr3p5xoJbHsPgXUTr6QvGBJ5vGN,2hNHZg7XBhuhHVZ3JDEi4buq2fPQwuWBdQ9xkH7t1GQX,1243.4619176109281,1055.6179946380162,248054.8329904336,199.48727779860204,24.805483299043363,169.6372697152859,7241.71139431,56375.323023899,11007985.169745542
Lid8SLUxQ9RmF7XMqUA8c24RitTwzja8VSKngJxRcUa,4PgzyzLtds9bKZ2to9PMnKqJzKEUpjvNUaeN23phegax,AtymwxoVN9peZo7EXTcDz9jKVc4vRmisJKKrNfe3ewBa,103.85520954600543,88.43993000299929,20633.999140509477,198.68044396337285,2.063399914050948,168.99125402663913,995.127658992,7666.882925421,1493348.565131085
ALBpShJ9NLpE739pcHDF2LNVk5J4VYPvvKuV6jMPitZi,D6d156U1bPiJpDYRLextvDRccgFk7QzkQbJg42ceKEu5,GNcM8U5g8RwTZffwwm3kSQqUNPSwv5d2fbN9sLxPJqt2,14000.374733000019,14020.899350999993,13932.495614366824,0.9951516213010214,5.572998245746729,0.9970129492041843,55038.893396,45258.010849,99894.86686931993
FrnkTEL6yZ5Aycq2TrEgu29dCrwKG4LPUZydfiwqspkc,DjvZuMZ46fxKBoBpGMPcRcos4xdTtHFxwMh69DpA2ZFY,9rvDPJLAng4uVVqnnSoEXgNDFhBZQTny9AoQioYDZbQX,395.57628439899645,332.2028847500001,78976.43210744084,199.64905688780263,31.590572842976336,168.64876752323937,179.23522522,1456.784175099,281468.9993540512
GokA1R67GqSavkd15zR62QD68Tuc5AEfvjssntVDEbM8,3YB7hfpBdbQEuZqLGWVDpRPmeZWCUsrrWyqGXegnQ6Cg,4DPCj6Z1DsG6HUtwSogBGqXEUxdEV5a8YVrrFtcnz7UW,30590.772148000004,30580.966402,30584.441168678084,0.999793042840132,3.058444116867809,1.0,22661.331214,13141.088734,35797.73002325313
BSCNHw8CmxbZ8hCWWzMf5FaG2ajPT6JxfznKUNuRVrn4,7n9kgNL633yGzCYksgnzHyjG73ZLBAwvEae5sbAekbzW,SscdxE99omdG9AiMVwmaEMQySQnCgeAh1sPj2Leutm2,58.39148931999989,58.32779638899956,58.45979526474189,1.0011697928163412,0.023383918105896757,0.9930647101501713,5229.989132395,6456.266089451,11647.597148884655
HDSBGqAuMRr6X2AfmmbXQPpRgU6VEhtfNVVZ3wUTZXg,DCZ1d8kNLgDcdSd99y4udLgwq46mfDXNS9KXj96kQf5L,Fq8GGYQM5Pz3q7LmVMbrXHJgsxA5ev86kTq8yGgGuYsa,558.9235450719989,560.9013534559999,549.1468330432275,0.9825079617508117,0.21965873321729104,0.9930647101501713,11667.225999252,10891.64606201,22279.251775439374
7oAd7xG4m3oC2qeWB1szghTebAZyyGPAFDJ4wwwbRSNi,D9yh4KAysxt9GLacVe4Wwh2XqghhcjTCSTV9HuM7TBJd,HDYfJLpZKaMFb84jM4mRytn7XLR8UFZUnQpSfhJJaNEy,1087.8616075669997,24.936297627000158,1080.3169720020219,0.9930647101501713,0.4321267888008088,0.022789408830468313,956.009790611,300046.765483758,7787.267992482848
SoNcU2iwHMw6dGzsYNQkYFkUjwN1UdAjrWVRnStrZu2,8ivTTid27jZnYNc4w3CTA1Z6QS2twsFb8WMwUabeDJgc,CyXm53PMvHCbeXJBykU46Rcbo28xk5srhMZFg7gv6EYB,79.57439078800007,79.859948896,15748.333234313852,197.90705374383742,6.2993332937255415,196.79689438756904,16.530382414,19.020933264,7014.73987552209
KwnjUuZhTMTSGAaavkLEmSyfobY16JNH4poL9oeeEvE,J63v6qEZmQpDqCD8bd4PXu2Pq5ZbyXrFcSa3Xt1HdAPQ,BnKQtTdLw9qPCDgZkWX3sURkBAoKCUYL1yahh6Mw7mRK,255.2561220000007,10138.104216999665,6.400343586776365,0.02507420208623379,0.0006400343586776365,1.0,274598.668449,641.45322,7526.795725300937
ionytDfEj1mXodptgrsKEZro7DGsfpzANUfarJdm6Qb,3gkSjY95an9xNFSjCfsay6JZez7uv7yfW3Ad4ubc4fMK,9wXqANaSuEqkKL9yHzCPEDGHwbkStVAqV5rB3QDs3Jr6,0.15446822099999968,0.052338389999999985,225.99758740005365,1463.0684935515255,0.09039903496002148,3197.8101396163906,3.0223493,0.130259993,4838.450763739268
STK75uPSyBnEhGTTzb1nwmP3n427XoXmfRhXxxhyady,6TYyD5fUmDe6N65avW1Ny2RxzRNobw2RRgKwH9CTzSAU,54zDfk4cx2vGrEajPtodWpArNe5eUurytyxd4X3aZAxK,1230.370946992999,1361.9979882939988,207473.32149343833,168.6266422337904,20.747332149343833,188.1235708487477,2648.31504271,482.210624356,537291.6577844793
SoN9GaFpSXfpyR5dth3x7PHPVhvJMpQqqDJfCSmPv1t,9kZ9iS68ViMPtoeqtnhAKuF2iqVyfHPdZHoUNdwCELr,BBhm5fJLjw3HRzjtKB8uMEYjGhY6EDm9co3cqpjrSzB9,14.207230413,13.979891999999998,2750.70047396393,193.61271648321863,1.100280189585572,190.45903102444294,3.847190908,5.771639338,1844.1259182654576
MAR3XM1n9xWPQ3HJjAcC85o8DopWFP5p2WxGTaZ3fPB,6qG7GUhER8Cg9gDEgnebph9LdS6eu2eoWcA4R7z9uizK,4QV4CwRXVMY227KkFF9voNAfwWHVvVajXSXDKbUHkWZR,0.009519999999999987,0.32773300000000205,0.008771145878344563,0.9213388527672873,3.5084583513378253e-06,0.024896111018331602,0.124271,23.783387,0.7066095437161882
ACUSESXyNnwRLAg1dpSGMLSzUDdLjUMybY8rkXiAKhCP,AhFPQdu8GKBsxuhiH46UmCu1YpaLgNpoP325HnYtsgas,A8wxWpT3aFEr2XqZp1kDmbxbFfcBE95UUmdsNTDBJYbT,3.7939446089999365,3.747481000000107,3.7685511391382294,0.99330684222393,0.001507420455655292,0.9872071761005758,1043.876449717,1841.997664153,2855.3229323526602
ZUCKWFa4LTL833dPhhpeeRWZcaAEoMeYJPi2iKn4F8N,7eEYpq6ShaJ9opZWMxitRFrdCHh6vfyHhGfoSvFht3N2,H8VggnHmuwd1wvwpT8eg9cUJFEfZ7HAaeYjgXrSm7A2u,0.004194562999600748,0.0014009909996275383,0.0042059446517455565,1.002713429777045,1.6823778606982225e-06,0.9930647101501713,1647.927284107,2199.415182552,3836.5604198309884
wrmcMSHFi3sWpAEy4rGDvQb3ezh3PhXoV2xNjgLBkKU,8p4mGnARWPBu6P2Gcw4adodLkNDorrXniZMhaY7eJXUn,AyY89zccbsgp9LKFgH4CFZMJmpSgqmPSdTfukhP227rc,0.009244420000001724,0.05522132999999853,2.849697903822973,308.26140567200986,0.0011398791615291892,3206.9783849656856,27.11116821,0.09283909,8655.05977673479
B2izdXFYb2sNwbWWHmh75T4aQFtfXsUxem9u2p61HGzf,4DYwgJtxwuJdAjkj5RJSNH4e7U329V5cNp7d3a1nLrZv,EXNW64GEf1ACC6xY9BtKRiunrs6GoJSXBdxWN2eTPmrF,5924.330740999996,5826.606034999993,5981.6831187425005,1.0096808196992768,0.5981683118742501,1.0,9095.249089,30705.642591,39888.94114655062
NorjjEePhxfwLF4vZjUHCrVVKLzQjEEGQFd3wgjEJmh,34M8pFVqgbV7aqHxvRT5tCv3vu2P1JJYT8J3VaxBK2oG,3AZWBSze3ucsY3xSeuLne3b2pauVqiaJ1SZSV5T9WGWw,0.004274000000350497,0.0014660000001640583,0.0025397678081462115,0.5942367355961472,1.0159071232584848e-06,1.0,38109.866632,2266.799159,24913.081900404213
ALLwa5WNZbvQsRKAqe1jdRGemdYQnW8E5k4msbRFcYtu,CGoM82Hbz7QVqTgvQatYtjvDWBvoUJp5qm21P8iMs9yb,3dxNNww8TivyN5FMy5dCNdi3Zcxv6e4kUfSPxfFwpdNq,2.7960027279999986,2.7996737369999978,8935.28548464928,3195.7356104014802,3.574114193859712,3141.3349416968235,5.36037851,3.26608954,27390.233684350336
moFiBS1R4Lf3E3zzmBPnw3NF4RhWPkhREFviuzUaCAU,44ALBrpqi9PfZkBRTvbtRNtFJGsatfY4QydjtMbFWq8S,2ho8qEEie1UjVwWNBo9y4oAJZMyMLx8zPj9bxyUz6uWs,3503.1306468100047,3526.738808549002,3474.139198389191,0.9917241315429631,1.3896556793556762,0.9930647101501713,49581.223766691,17570.490491606,66619.53012810201
heyk4SZTeCUV6a65WiVA5bzic3KcxgVf1qxobfeV4tQ,9ZDpBKPqMABtGfq66FbVribaArMvtk63xxy91onZAtDt,DaTP4s6N7xxSPinbNZ3FB52EpRDRt87QShTuN3VPCW52,36.68901812700096,31.786483277000457,7163.63838356364,195.2529326014212,2.8654553534254563,169.5162633055434,611.993260581,4488.236972427,880322.6392563563
parEAJhzYzHW87y9VoZAQ22dzQ2MD2ekEtTReaxbMcz,3oyc6hpjYSJEquK6dSvG72NXyz3pqLZz5D8AC71pwgQb,Di2vordgFJVZ1aj1aBpvzXtLfZgJsuLLXawGtVFwX6Rz,4.570402051000002,5.3943267970003035,750.3736435152163,164.18110160593744,0.3001494574060865,194.6469367341008,1107.757317336,139.363475706,208999.49031105268
ercAoEmXjQzEvAFbdjAo81KtMxRGn9AW1ju882upmPH,CMRhskR2Eg6V42RTSdRTXGdozyPbWB8U9dVpijPWb9T4,7TKLLgrWswt6ZJ1pXhVR3FyufHGjJFqiEXxvWJfDcgRm,1.084224388999985,1.0743956379999418,184.06962452644305,169.77078397601477,0.07362784981057723,166.34755660391482,393.745114225,920.223694221,219923.37979139513
HEDSDjj84KS7LKhZY7ejkCACTdPen62rKhCby1wXtgxc,EnnjMSFttpCTywBrYNt1J5QQeoSVkvzPipJDa8Y7kJow,6bjVT6JN2rSvpyn9PdfLYC8wJn4LWh49jpY47fnLDXZk,10.497413178998613,10.841705307997472,9.84450037733948,0.9378025051957213,0.0039378001509357925,0.9930647101501713,39104.189236697,9117.285985818,45726.06159468458
BUSD5rCfUDpCxKGMvYU2yThChxgHoioK74PTPociGnv2,CcFHbafgYDZ8yA8Me1PdtDiVb2eeaS61LbqyKKK5CsNZ,26R9s4nmF3CFDTkiePDwRmtscn8i7r2eygbSijditJ58,889.7150088499999,890.5807116799999,887.5632537514003,0.9975815232100211,0.08875632537514004,1.0,86.84974883,59.68593476,146.32563948823915
MATgk4zXLXtYkwBH678J1xZbRDZ45LicNzkRBHkxTuY,y8dALFo1bJrSzPYjMX14HJX448pXqYmrfXHD1K8MXih,GN7Yuet3UyiWS5YVkEHv6oQKi4HGBJc3XDPt9zQhAqZz,24795.833485000003,24742.466327000002,24840.372272484572,1.0017962206235782,9.936148908993829,1.0,5922.547924,8779.264575,14712.450701725218
vEnkoSUkpnbRrPgBz9DfcVxNz67zjwMYBZraAvDDNSf,DtfyjjsZ5yCjWKLKHvwsfXs5QVsmm1QkK6Sh9JZHoq1g,e5wrKCRv4GhHvEf1VD5Pq2KGaZDXP77nTL612Jyrxwy,2242.727268,2242.508828,2224.318805565143,0.9917919299874242,0.22243188055651433,0.9935429642751756,762.56358,1176.613367,1925.3203372012945
SAMyS8Jr2HJrkFwYVKbpUwsNStnQmvz3f8Tup8bWUWF,6jPzm5TFfquvgm25sTyN3MMGBfufRaFHMxobDWv6hMFW,Cj9ECoDmxsHTDzCY5ZA6RWrPbg9uFzEC1Qc2kso2vJG6,1824.9368727499823,45.54220006000014,1825.0636781743417,1.0000694848278058,0.7300254712697367,0.025165526248902156,528.9036456,106859.80141114,3218.123533743256
daob129AwBGn9Y5r91uLoWZeYiGzbPmksauMhFZKTze,6VW5GQNyj4LStgmxEHLr5zUfW92vQnmbw8jTnCH7a38F,4VPCCUifPeBA1c7HWK358CHn2nyjm8pdTRk6Ps3KmnMQ,8.838376398000065,7.926378029999995,1668.9445268579607,188.82931114311978,0.6675778107431842,170.1128409507879,48.922247444,223.007992659,47174.47747037871
BSC8REUo9LpiiWUuqMuLXs2D2yJsJfGd4HdiF3wCLxk5,AZjEH1zWVx1UJ6udMyRijGTzPteuLnaY18yNNmprJEsh,Caf8ypkSVR8xYnXNhjvfvdGCC7mrM3C11rz8Xi6NA6aK,178.932870825,179.12049942700014,178.7156992602886,0.9987862958677738,0.07148627970411545,0.9930647101501713,3394.399089485,2938.257810445,6308.159434159708
KEN5P7p3asnb23Sw6yAmJRGvijfAzso3RqfyLAQhznt,9zj4aX38Uxf3h6AUjS4EipWS8mwbEofasHAf3a1uKGds,CwQDG1MWunn9cLNwcZLd8YBacweSR7ARo32w4mLua1Yr,152747.68770199805,152771.89371600095,152483.43391103024,0.9982699980933043,15.248343391103024,1.0,1821685.913646,1610937.904885,3429472.298426992
KZMu9QBEdL97EFgamLbN5DE1AoKBG4HdrKKJo4Vuon3,DD4ACBWyVqdaKWh7v5btsgqQCCMwbKnuL2xd9pv7Gyuw,GcYqiJ1MAuYbNTNYXm1F1gQYTfTgkErACAhNU5dpVj9T,45.396445210000365,45.5299988200004,45.39500437256158,0.9999682610073956,0.018158001749024634,0.9998987802464756,2062.34650195,2026.87777035,4088.9536554312876
AUSejoEUCh2DBs9mof6BNC8Pubs22w4cJa1ccV9h44R,4xkyD7AfGQDwsQMy9MosRRNGoVJ1zosNinesxg1TzHG7,Cbm5gsQe3nSiCsFrvepVzMCD9xLK3ri9g3ypS2hdmVJ7,324.2035649999998,324.7140789999994,323.8049610928945,0.9987705134978841,0.03238049610928945,1.0,14925.339456,13946.565608,28853.554560599354
KEVpg4SYCVrqFxKijQH6hm4QxsRdoE51ud64bEEFUC9,2bPenuBYfqzD8p5dFjCcggwkHDsc2RQDnx9AoyYGUBjA,AE6n6iLuX8oYu61vt5hoDYkjswpnxFxrhSehxrnQTnbx,2.163213915999904,2.1677523200005453,2.1582957944233767,0.9977264746957519,0.0008633183177693507,0.9929738303752812,5683.640983555,1942.433578413,7599.504792564948
SEQV6QiTpvTzrceiaYg9Avnwf7oc8ZALpnQMz6TyT4A,3dFMPj4r9mMmPHF32mz1gNDX7f8ftidWof7S8YiYTs1j,Fc1ED3YPeQfXQosHbd8DTaBd2AV5gHQtwiSAL5C5pUhi,1684.607610716,1698.413858074999,1672.3059193351307,0.9926975924229378,0.6689223677340522,0.9973450674305001,4671.724483977,946.745211952,5581.841314961031
BkMBnJpvHKtWhUvrgRrLesXfi9RUV3ELgdBaJcdH7hcY,5uerVwBnZQsuVhZ15igs7ZgmcqhHnYWbwoRtLyRqLvR,9YWiQh5d4jCtgMdzcGLv9bWgnLaFtzvDDh2nnhJdzhBX,89.49432775100013,89.51480922200017,89.44773505194571,0.9994793781882574,0.03577909402077829,0.9932146110470524,1465.917992585,1406.824416507,2862.4333693563312
Sid7E679i9ABqptiAVhkmQ27YHN8vaYT4fppPwmxFsJ,GP7KB8o1bv527HG8kTzzzf4wJ5aEGHvcMQvVhLziUfmT,9gYxhAZ1M9wu5pxr8SBoa5NDm21gi3s9vMHaYTME77sa,17419.200374999993,30230.691401000004,343.14074823876194,0.01969899541033106,0.13725629929550479,0.025165526248902156,106919.525538,25076.265578,2737.2646624754375
WiiQFxXqp8P9Fs1rt9SVcDyA3KUdJmUsog6wnVQAwba,3S2jpqSYxho6wiz3cafhjXruVY8cg4HYa2v3BqBHYFSj,Dfe67M6TfrG74gKRtdqys4e6E9QirPD53BkF4FujFjuv,11504.959648243997,11507.567227704001,11489.488902073997,0.9986552976591829,1.1489488902073999,0.992161089020617,17663.24314316,9100.74474213,26668.89615300933
CZgvH45CRmoaNJ7395Ao5CQZXkGznvqU7cErD6n7FaRg,4ZjU6MKvtqVQKCiowhvZ5yUsPxXX5SCzd5eFsPeXyey5,BsyWeshjDbCvjDojry3vKDCesmFRM37WtwcR4Kfgzqr,1.3661557699999776,1.3753040000000283,1.3753568800201748,1.0067350372645993,0.00055014275200807,0.9999292250094539,339.74020149,463.46302668,805.458589495986
YAkoNb6HKmSxQN9L8hiBE5tPJRsniSSMzND1boHmZxe,CfWX7o2TswwbxusJ4hCaPobu2jLCb1hfXuXJQjVq3jQF,EnTrdMMpdhugeH6Ban6gYZWXughWxKtVGfCwFn78ZmY3,7584031.091453005,7586067.332977003,7584031.091453005,1.0,758.4031091453005,0.9983786330998458,1004093.780047,359398.649505,1362909.7124777324
MATSnbbiTCv7Dc3trJrkrqjx7ckKdr6fwPoVwv9q3sD,631WX9JizSHJm4w6VanZeJAst9T8DeUUnPLesdGkCVtK,211maUSfpnXbPuW1iBu8b4dtJv5EbN1j7JJiEX5TZKEP,79213.21312299998,78713.76715900004,79010.15701945996,0.9974365879689199,31.604062807783986,0.9975122045618228,18323.159026,33812.644389,52004.71466624169
BSCuChvaSj9b5HUSqgDVRzcnr2sSn7cXaamt1jbKH6hn,GnKpRj5kBVPMJfiwZtEuD9GYApLzPdW5JFuZTcyX4BTc,3dmwD9okkomV9nDwyuh4UMhKdUR13QpuKxRo89ycZB5t,608.3490435789997,608.243393151,607.8905548936729,0.9992463394326561,0.24315622195746914,0.9977072686965355,1505.205548675,1599.978015471,3100.380830397291
Cob4usZcpHEY7Qt4ZCwj6WVg9S44zvzYV2v9qYF65dTf,NhFM9UXE48PyNAyeyPYA3iXztqKVJwA4bTdLj4ysM8w,6TuFuynuBoeskxyR2cz4wxyidk8dpDK7kAWw3UkjQGx,284.66760100000005,12855.689494999984,5.607665765568955,0.01969899541033106,0.002243066306227582,1.0,62027.878503,306.849746,1528.7366399431698
DFWzVTzNBrQZLjoQ4yQwkj9HuoXmfkuZP9V5vbymZe23,DhgiEgiNdqZdRdo195UUHnoEJUtefK8buko8nU97XJUZ,2K2kkXsouBHtWVjtcgkyiXd8eP3oVBvq1bTJzcVdLLr2,54.437973303000035,64.13049773999956,45.69139575108004,0.839329478648354,0.018276558300432014,0.9925480455511623,61025.69889374,7838.890134843,59001.14311926294
BerKDkt6v49dT1bHRedgnpsJS263C1DSJtEGvY9Mg35V,78XKqNb8wbfsMMrvo8WPUpdx7GEkfQutpNVH943aCGFa,DKYQwn4nDvFHCszi5tXbqfVMAP7DaXXp1KGTXEnYnKVH,0.07139461399992797,0.0718339999998534,0.07178760685450294,1.0055045168333758,2.871504274180118e-05,0.9930647101501713,1339.269355658,2718.232990349,4046.0226430522066
KEnkcdADoLR5jS2CLLLesy8TtFsyWL37BhXNfDMzWzP,3qsjFRuw1qeLMPo4DLwaQevenGAGBj9dA3Q6rb8ax2YR,77iEv8zPQAEyCcEbvBRSB6AFcUdfkhiqnAKtPxk76rNN,17.925884999999994,0.232302,0.35312192634112227,0.01969899541033106,0.00014124877053644892,0.996457593255975,102.190731,0.52247,2.5336739396958254
BkwbeSfcX1h4thMDd7obGkHrPevf3QwgzJ4pCEqG18Lu,35yX27bmurdebhfAb8EPmjLETDiUaEUCn9zHaDPbakH2,2CxECn1ZJFoESyUnQysQU8rRgT3iJ5GRs2Mdd6gZjx5g,0.05704851000000133,0.03447566000000002,120.90391014093743,2119.3175797393237,0.04836156405637497,1277.139208173691,0.80607427,22.788914,30812.942952084883
AURHmCnNwiW4uA2Qj1XvEh4iKgRUZYXtiY7FKAapUV5Y,BKWm4TRnTeKwfWXRyuzjRHU7iZDkPuXBX5b5V5jSVfGJ,A5Ww74HVrkj9nPeC7pHKLfgeDMEhBCpW1efQdz3TGLEg,0.02886920600008125,0.025637985999992452,5.456336952736511,189.00197507063947,0.002182534781094605,170.6293921071962,289.898700601,1809.48722719,363543.13258516666
C98Sspw7XqnMsgxea3SLQVdbMDL8pKUc3RE82UvX9eq2,CSqgQJurPCzGxb4Cgwx5R61hWQUiaoUHcShNc8r1cKEL,6S2CR5EnukPhC914XkAns8m5GixjMAoUuZMsS5ubHuWc,292.44634299999984,291.20396600000015,0.0,0.0,0.0,1.0,820.391216,1280.529117,1280.529117
RajgMbScQbqqrdJfR2rxfHJiTiY5b6bJ2tTXiF4aPxy,725ZA3fhyBAKb5iopNRrcbSuQa3LXA1656Q3mBvYPxeg,GLA6i1dSZpUfk2f9Nj8uiG7xyDdAR2reff8oEiZH3617,4314.302574039997,4319.050090770004,4307.696420041114,0.9984687782357609,1.7230785680164455,0.9998735859825243,119028.11951858,62816.20967521,181654.12989719905
SUiuyGR7SFq3xeRVJonq84fjjeFwRSsFekcevJ53tzy,49GjCCPsv7fBqo6t3iKDrP1xxGDS8uWZbVCdfnp2gjMf,CEwj5xEbbJEjYqM8D6Ai8ByGz1mrh8mkAVsE5fzDSSSx,2.0145120000000025,87.85665900000001,0.039683862642056894,0.01969899541033106,1.587354505682276e-05,0.958650526826397,558.444511,2.824282,13.708295286319885
BUSDgu5JdqP1rndBvXvanbEufS94FNh1w5FJcAj6vawb,Bgzr8cWubt89JQFXndVjtdKmDbGzuPxNhvjH1EhWCwbo,Dxaf8xPBBQsasRKW5Aa4Sw2YrbfGofY9xZueyyF23FBW,13855.086529159995,13774.344426650008,13919.879951163875,1.0046765079285152,5.5679519804655495,0.9999077985019001,4863.03625876,10100.47361991,14985.320627491476
