0,1,2,3,4,5,6,7,8,9,10,11
SoN9GaFpSXfpyR5dth3x7PHPVhvJMpQqqDJfCSmPv1t,9kZ9iS68ViMPtoeqtnhAKuF2iqVyfHPdZHoUNdwCELr,BBhm5fJLjw3HRzjtKB8uMEYjGhY6EDm9co3cqpjrSzB9,1.4882080720000026,1.4606875670000008,301.69928881498885,202.72655046786247,0.12067971552599553,198.2265856739268,3.837053001,5.789060384,1925.4181930356012
Cob4usZcpHEY7Qt4ZCwj6WVg9S44zvzYV2v9qYF65dTf,NhFM9UXE48PyNAyeyPYA3iXztqKVJwA4bTdLj4ysM8w,6TuFuynuBoeskxyR2cz4wxyidk8dpDK7kAWw3UkjQGx,77.18494900000121,1319.5981320000064,1.5104506384561986,0.019569238018880792,0.0006041802553824795,1.0,61925.087021,309.043866,1520.8706332538547
daob129AwBGn9Y5r91uLoWZeYiGzbPmksauMhFZKTze,6VW5GQNyj4LStgmxEHLr5zUfW92vQnmbw8jTnCH7a38F,4VPCCUifPeBA1c7HWK358CHn2nyjm8pdTRk6Ps3KmnMQ,6.116345529999904,5.484086830999999,1161.804092829647,189.95069639724315,0.4647216371318588,169.90531686407118,48.635037566,223.342975581,47185.418290422094
B2izdXFYb2sNwbWWHmh75T4aQFtfXsUxem9u2p61HGzf,4DYwgJtxwuJdAjkj5RJSNH4e7U329V5cNp7d3a1nLrZv,EXNW64GEf1ACC6xY9BtKRiunrs6GoJSXBdxWN2eTPmrF,3759.2613529999944,3698.4683419999983,3795.2402303840354,1.0095707305253807,0.37952402303840355,1.0,8887.543342,30918.357859,39890.96148335892
DFWzVTzNBrQZLjoQ4yQwkj9HuoXmfkuZP9V5vbymZe23,DhgiEgiNdqZdRdo195UUHnoEJUtefK8buko8nU97XJUZ,2K2kkXsouBHtWVjtcgkyiXd8eP3oVBvq1bTJzcVdLLr2,866.8396356920002,1035.9122860579882,708.6666178563651,0.8175290892076419,0.28346664714254605,0.9919210106795066,61967.713619846,7055.523064774,57658.930045195884
ALLwa5WNZbvQsRKAqe1jdRGemdYQnW8E5k4msbRFcYtu,CGoM82Hbz7QVqTgvQatYtjvDWBvoUJp5qm21P8iMs9yb,3dxNNww8TivyN5FMy5dCNdi3Zcxv6e4kUfSPxfFwpdNq,6.100068927999999,6.1078247219999975,21385.741579021167,3505.8196606366564,8.554296631608468,3511.6181887775706,5.189017951,3.44359565,30284.35427134766
CZgvH45CRmoaNJ7395Ao5CQZXkGznvqU7cErD6n7FaRg,4ZjU6MKvtqVQKCiowhvZ5yUsPxXX5SCzd5eFsPeXyey5,BsyWeshjDbCvjDojry3vKDCesmFRM37WtwcR4Kfgzqr,332.50785824000013,317.34387759000003,350.57294890598587,1.0543298157270815,0.14022917956239433,0.9999383438017211,339.74020149,1319.71302668,1677.829882223989
SAMyS8Jr2HJrkFwYVKbpUwsNStnQmvz3f8Tup8bWUWF,6jPzm5TFfquvgm25sTyN3MMGBfufRaFHMxobDWv6hMFW,Cj9ECoDmxsHTDzCY5ZA6RWrPbg9uFzEC1Qc2kso2vJG6,1364.9367535300044,104.87411114999531,1367.2644255059186,1.0017053332104175,0.5469057702023674,0.025075074773872975,528.02778749,106897.0526865,3209.3798400326564
BerKDkt6v49dT1bHRedgnpsJS263C1DSJtEGvY9Mg35V,78XKqNb8wbfsMMrvo8WPUpdx7GEkfQutpNVH943aCGFa,DKYQwn4nDvFHCszi5tXbqfVMAP7DaXXp1KGTXEnYnKVH,200.15831084,201.67296980799983,201.72358987701688,1.0078202050689171,0.08068943595080676,0.9925779605817872,1339.269355658,3107.728105159,4434.405141323184
HEDSDjj84KS7LKhZY7ejkCACTdPen62rKhCby1wXtgxc,EnnjMSFttpCTywBrYNt1J5QQeoSVkvzPipJDa8Y7kJow,6bjVT6JN2rSvpyn9PdfLYC8wJn4LWh49jpY47fnLDXZk,5.28652360799606,5.460033730996656,5.034466684951474,0.9523208554931373,0.0020137866739805897,0.9943009948170369,39102.973264672,9118.512079179,46305.12258331656
parEAJhzYzHW87y9VoZAQ22dzQ2MD2ekEtTReaxbMcz,3oyc6hpjYSJEquK6dSvG72NXyz3pqLZz5D8AC71pwgQb,Di2vordgFJVZ1aj1aBpvzXtLfZgJsuLLXawGtVFwX6Rz,4.549717494999982,5.3575851829998555,730.7794664561005,160.62084453797576,0.2923117865824402,194.35496018152753,1105.635334571,141.165783052,205024.351333887
wrmcMSHFi3sWpAEy4rGDvQb3ezh3PhXoV2xNjgLBkKU,8p4mGnARWPBu6P2Gcw4adodLkNDorrXniZMhaY7eJXUn,AyY89zccbsgp9LKFgH4CFZMJmpSgqmPSdTfukhP227rc,0.0029453400000000046,0.032313000000002035,0.9203410962200079,312.4736350370438,0.0003681364384880032,3506.065493303415,27.15709547,0.0886059,8796.534427052029
ercAoEmXjQzEvAFbdjAo81KtMxRGn9AW1ju882upmPH,CMRhskR2Eg6V42RTSdRTXGdozyPbWB8U9dVpijPWb9T4,7TKLLgrWswt6ZJ1pXhVR3FyufHGjJFqiEXxvWJfDcgRm,12.052283519000184,11.916936570000018,2025.5751449356658,168.0656733425153,0.8102300579742664,167.489234210748,666.886718457,780.494238225,242805.14764686252
KEN5P7p3asnb23Sw6yAmJRGvijfAzso3RqfyLAQhznt,9zj4aX38Uxf3h6AUjS4EipWS8mwbEofasHAf3a1uKGds,CwQDG1MWunn9cLNwcZLd8YBacweSR7ARo32w4mLua1Yr,328216.91677799996,328485.6514469986,325468.65941787546,0.9916267041104911,32.546865941787544,1.0,1403509.561236,918195.480593,2309953.040989016
AUSejoEUCh2DBs9mof6BNC8Pubs22w4cJa1ccV9h44R,4xkyD7AfGQDwsQMy9MosRRNGoVJ1zosNinesxg1TzHG7,Cbm5gsQe3nSiCsFrvepVzMCD9xLK3ri9g3ypS2hdmVJ7,1023.7056970000012,1024.8828939999948,1022.6544082683014,0.9989730556987416,0.10226544082683013,1.0,14851.337348,14021.476329,28857.562180744404
MARpDPs5A7XiyCWPNH8GsMWPLxmwNn9SBmKvPa9LzgA,6YjT74rmcfCpw8LSjPNx5JTmZoYLGrTKnf9arfSgZ4SR,F8GSmi3vA8M8TsybLya1LQ4n1aFHCRbZ6k437PeTdXtg,49665.735287999894,51266.151718000416,44649.096727039876,0.8989919603148989,17.859638690815952,1.0,316805.829113,18048.016792,302853.91014548275
SERgf3DMJpQxUifu7VoFKmfne73d2fDJxSrxUMrcNJB,AJfM2GZ2tTB8UtN2krcyR9xufRJEx2mhSCbJyMgPo3GU,F4yRYkufQvERZcEKnKjJwRLU1btiMBUuEwq46hfm11QD,0.009103921000001236,0.00886093800000154,1.5433414174115707,169.52491321172067,0.0006173365669646284,170.9911760003625,29.284890014,27.958946131,9745.25151670861
YAkoNb6HKmSxQN9L8hiBE5tPJRsniSSMzND1boHmZxe,CfWX7o2TswwbxusJ4hCaPobu2jLCb1hfXuXJQjVq3jQF,EnTrdMMpdhugeH6Ban6gYZWXughWxKtVGfCwFn78ZmY3,10517862.333840992,10516568.078153035,10517862.333840992,1.0,1051.7862333840992,0.9968529352833105,837500.127556,544638.444591,1380424.559714675
MATgk4zXLXtYkwBH678J1xZbRDZ45LicNzkRBHkxTuY,y8dALFo1bJrSzPYjMX14HJX448pXqYmrfXHD1K8MXih,GN7Yuet3UyiWS5YVkEHv6oQKi4HGBJc3XDPt9zQhAqZz,35050.586695000005,34966.397033,35102.25721762435,1.001474169978208,14.040902887049741,1.0,6239.198585,8510.834242,14759.230466242087
BUSDTd9WiT6uBHJRgNvFXBsA7JrifsAtWzKfioN7ERcy,DyBxrn7gSc1EwnpWhDyhzvMHPtxpmBqRqotapLcKcfTM,Cds99GeBgoCpqBsoRWu1C6fF9LiUMd4pXQQD24s9LPff,17849.668047089996,17851.999883829987,17848.183256724868,0.9999168169200005,1.784818325672487,0.9961836205496742,2756.4053865,3011.08117425,5755.765846143553
heyk4SZTeCUV6a65WiVA5bzic3KcxgVf1qxobfeV4tQ,9ZDpBKPqMABtGfq66FbVribaArMvtk63xxy91onZAtDt,DaTP4s6N7xxSPinbNZ3FB52EpRDRt87QShTuN3VPCW52,18.216004768000857,15.815114296999923,3480.0266786693783,191.0422577832526,1.3920106714677514,166.7795764399165,621.40389144,4477.398176532,865452.9738508583
BkwbeSfcX1h4thMDd7obGkHrPevf3QwgzJ4pCEqG18Lu,35yX27bmurdebhfAb8EPmjLETDiUaEUCn9zHaDPbakH2,2CxECn1ZJFoESyUnQysQU8rRgT3iJ5GRs2Mdd6gZjx5g,0.00805963999999959,0.0058906699999989875,15.88826463224632,1971.336763459302,0.006355305852898528,1215.0668286755772,0.83700081,22.73855947,29278.879811662126
BSCuChvaSj9b5HUSqgDVRzcnr2sSn7cXaamt1jbKH6hn,GnKpRj5kBVPMJfiwZtEuD9GYApLzPdW5JFuZTcyX4BTc,3dmwD9okkomV9nDwyuh4UMhKdUR13QpuKxRo89ycZB5t,314.3009708190002,314.54710450799985,314.3234854959428,1.0000716341310811,0.12572939419837714,0.9969741833535222,1596.448217321,1509.641700069,3101.636378584578
GokA1R67GqSavkd15zR62QD68Tuc5AEfvjssntVDEbM8,3YB7hfpBdbQEuZqLGWVDpRPmeZWCUsrrWyqGXegnQ6Cg,4DPCj6Z1DsG6HUtwSogBGqXEUxdEV5a8YVrrFtcnz7UW,29599.500126000006,29600.768761999985,29595.238411668728,0.9998560207330145,2.959523841166873,1.0,45002.869144,29531.408066,74527.79772988839
KEnkcdADoLR5jS2CLLLesy8TtFsyWL37BhXNfDMzWzP,3qsjFRuw1qeLMPo4DLwaQevenGAGBj9dA3Q6rb8ax2YR,77iEv8zPQAEyCcEbvBRSB6AFcUdfkhiqnAKtPxk76rNN,1.4032939999999883,0.027309999999999945,0.027505199706479046,0.019600454150362843,1.100207988259162e-05,0.9961836205496742,102.331928,0.519689,2.5234579324620716
C98Sspw7XqnMsgxea3SLQVdbMDL8pKUc3RE82UvX9eq2,CSqgQJurPCzGxb4Cgwx5R61hWQUiaoUHcShNc8r1cKEL,6S2CR5EnukPhC914XkAns8m5GixjMAoUuZMsS5ubHuWc,197.9603279999999,196.0951829999999,0.0,0.0,0.0,1.0,812.320465,2304.349816,2304.349816
KwnjUuZhTMTSGAaavkLEmSyfobY16JNH4poL9oeeEvE,J63v6qEZmQpDqCD8bd4PXu2Pq5ZbyXrFcSa3Xt1HdAPQ,BnKQtTdLw9qPCDgZkWX3sURkBAoKCUYL1yahh6Mw7mRK,126.19100299998081,4774.304912999887,3.126550375971714,0.024776333507486183,0.0003126550375971714,1.0,274669.332854,639.78983,7445.088825069435
AURHmCnNwiW4uA2Qj1XvEh4iKgRUZYXtiY7FKAapUV5Y,BKWm4TRnTeKwfWXRyuzjRHU7iZDkPuXBX5b5V5jSVfGJ,A5Ww74HVrkj9nPeC7pHKLfgeDMEhBCpW1efQdz3TGLEg,0.0009976149995054584,0.0006721209999795974,0.18993482407312656,190.38890169783113,7.597392962925063e-05,170.64657132642725,289.900346858,1809.485951112,363976.38206071686
KEVpg4SYCVrqFxKijQH6hm4QxsRdoE51ud64bEEFUC9,2bPenuBYfqzD8p5dFjCcggwkHDsc2RQDnx9AoyYGUBjA,AE6n6iLuX8oYu61vt5hoDYkjswpnxFxrhSehxrnQTnbx,110.85024388500005,111.0428631470013,110.63946320533455,0.9980985095541677,0.044255785282133815,0.9940550122489347,5573.490837691,2054.032802975,7604.7145012342235
HDSBGqAuMRr6X2AfmmbXQPpRgU6VEhtfNVVZ3wUTZXg,DCZ1d8kNLgDcdSd99y4udLgwq46mfDXNS9KXj96kQf5L,Fq8GGYQM5Pz3q7LmVMbrXHJgsxA5ev86kTq8yGgGuYsa,1786.674730621009,1790.1528526699985,1777.9631008010033,0.9951241097941885,0.7111852403204014,0.9928889008979904,63157.835210442,61833.365103045,124243.54645630566
STK75uPSyBnEhGTTzb1nwmP3n427XoXmfRhXxxhyady,6TYyD5fUmDe6N65avW1Ny2RxzRNobw2RRgKwH9CTzSAU,54zDfk4cx2vGrEajPtodWpArNe5eUurytyxd4X3aZAxK,1155.9501454520005,1289.9831778130088,196613.03210305425,170.08781293606265,19.661303210305427,190.5284134070272,4039.415300051,732.767363186,826668.3170304233
RoBgmK8CvjdHvPrqdDyVw54VwjZv2TqJ493xnqJAQHx,ExiHJxM7qPAcy27NDHAF6G7vnW7muNHi2sVJpnaNynGQ,6rkPHSqZb7StM4HwS9EuVrmfkV7tRdc7dnsFhyB6cefE,5.772521999999597,12.661693000000092,0.0,0.0,0.0,0.9529627134279117,6183.285046,20.467053,19.504338362752883
JSoLLrxK5bYdHwTEWYaGgmeycBCNXKDiBCTw5hXGBg7,xG4wXczA7Dk4hccJ61CHKpDHW4NrNfQwgmWgkb9BuF2,BVR6WgfhsRr9Lob4QDnkEAiNGgAbv7ZieKcY9kSg3QYR,1.4236552990000462,1.2178917689999942,281.35524700435224,197.62877095457858,0.1125420988017409,170.0090733842465,17.330987041,163.535695157,31227.653667232735
MATSnbbiTCv7Dc3trJrkrqjx7ckKdr6fwPoVwv9q3sD,631WX9JizSHJm4w6VanZeJAst9T8DeUUnPLesdGkCVtK,211maUSfpnXbPuW1iBu8b4dtJv5EbN1j7JJiEX5TZKEP,20247.981300999985,20246.63728200001,20180.457490237648,0.9966651583800602,8.072182996095059,0.9942176302623938,25285.621308,26297.064944,51346.30335715599
KysFMBBoavfov2tLpvefWW6tPFt6rAeZWDJVy1mMQae,B8ka2V21TH3x64dFV8ETcjuQcwmrciJ2qzy1mJUttRew,7fSf7EYxBANyxzk2s5pymFgshA91tFYQNKKs5UnLWcYS,13.363840999999866,18.084912999998778,0.0,0.0,0.0,0.024851029262534276,134596.5171,2541.636167,63.16227476083245
ALBpShJ9NLpE739pcHDF2LNVk5J4VYPvvKuV6jMPitZi,D6d156U1bPiJpDYRLextvDRccgFk7QzkQbJg42ceKEu5,GNcM8U5g8RwTZffwwm3kSQqUNPSwv5d2fbN9sLxPJqt2,13551.455621000001,13537.130482,13528.929952628874,0.9983377676169178,5.41157198105155,0.9961052285563446,43608.785865,56703.093496,100018.54583563315
SoNcU2iwHMw6dGzsYNQkYFkUjwN1UdAjrWVRnStrZu2,8ivTTid27jZnYNc4w3CTA1Z6QS2twsFb8WMwUabeDJgc,CyXm53PMvHCbeXJBykU46Rcbo28xk5srhMZFg7gv6EYB,0.10595511500000043,0.10543161299999682,21.187861771023847,199.97016445146383,0.00847514470840954,196.9488293460058,15.968021979,19.617404427,7056.75281781002
FrnkTEL6yZ5Aycq2TrEgu29dCrwKG4LPUZydfiwqspkc,DjvZuMZ46fxKBoBpGMPcRcos4xdTtHFxwMh69DpA2ZFY,9rvDPJLAng4uVVqnnSoEXgNDFhBZQTny9AoQioYDZbQX,4102.847831513007,3439.6264804709986,826493.2084260324,201.44378791675697,330.597283370413,169.47733528752,179.634698744,1462.472972812,284042.31651847233
WiiQFxXqp8P9Fs1rt9SVcDyA3KUdJmUsog6wnVQAwba,3S2jpqSYxho6wiz3cafhjXruVY8cg4HYa2v3BqBHYFSj,Dfe67M6TfrG74gKRtdqys4e6E9QirPD53BkF4FujFjuv,19593.736067974998,19571.029147534,19595.450865880273,1.0000875176586703,1.9595450865880273,0.9980178158575511,12509.605934005,14260.815428998,26743.24861222348
RajgMbScQbqqrdJfR2rxfHJiTiY5b6bJ2tTXiF4aPxy,725ZA3fhyBAKb5iopNRrcbSuQa3LXA1656Q3mBvYPxeg,GLA6i1dSZpUfk2f9Nj8uiG7xyDdAR2reff8oEiZH3617,13589.056475429992,13592.147880949997,13582.904234785889,0.999547265061763,5.433161693914355,0.9999383438017211,104815.22829322,77028.28016359,181791.30566998752
ZUCKWFa4LTL833dPhhpeeRWZcaAEoMeYJPi2iKn4F8N,7eEYpq6ShaJ9opZWMxitRFrdCHh6vfyHhGfoSvFht3N2,H8VggnHmuwd1wvwpT8eg9cUJFEfZ7HAaeYjgXrSm7A2u,9.985881629000005,10.001579659000072,10.00199995194256,1.0016141111562695,0.004000799980777024,0.9968174797718644,1805.597737697,2041.489795881,3843.504886459228
SEQV6QiTpvTzrceiaYg9Avnwf7oc8ZALpnQMz6TyT4A,3dFMPj4r9mMmPHF32mz1gNDX7f8ftidWof7S8YiYTs1j,Fc1ED3YPeQfXQosHbd8DTaBd2AV5gHQtwiSAL5C5pUhi,2406.693574191999,2400.29685711,2398.725117294975,0.996689043847346,0.9594900469179901,0.991768322919766,862.386638746,4759.700250709,5580.051249644933
moFiBS1R4Lf3E3zzmBPnw3NF4RhWPkhREFviuzUaCAU,44ALBrpqi9PfZkBRTvbtRNtFJGsatfY4QydjtMbFWq8S,2ho8qEEie1UjVwWNBo9y4oAJZMyMLx8zPj9bxyUz6uWs,5.871800021850504e-05,5.888000305276364e-05,5.860696527890355e-05,0.9981090136042048,2.3442786111561417e-08,0.993429524676994,40784.751378936,26330.219757259,66864.84566701714
KZMu9QBEdL97EFgamLbN5DE1AoKBG4HdrKKJo4Vuon3,DD4ACBWyVqdaKWh7v5btsgqQCCMwbKnuL2xd9pv7Gyuw,GcYqiJ1MAuYbNTNYXm1F1gQYTfTgkErACAhNU5dpVj9T,225.29895050000005,225.27231349000112,225.67970375539392,1.0016899912518407,0.09027188150215758,0.9999383438017211,2119.79278666,2269.56818008,4392.803465059451
Lid8SLUxQ9RmF7XMqUA8c24RitTwzja8VSKngJxRcUa,4PgzyzLtds9bKZ2to9PMnKqJzKEUpjvNUaeN23phegax,AtymwxoVN9peZo7EXTcDz9jKVc4vRmisJKKrNfe3ewBa,82.61074678400416,70.28135848399938,16190.49357217231,195.98531913171448,1.619049357217231,168.45597798886809,989.835208247,7673.131294017,1486578.0055467181
MNkYtBe2HtgL15osfaMmyqNW3vo4J399FXXCS4a39Wf,2mUxDu8NrhSKhQJMgKfYLxJqZzeEbmwhQdHeHMyohyuk,AZCBmDBcFsA2jHHhfFJBTsWCHx9XnnKmGfFsue3ZVW1t,0.0008846299999731855,0.0008857100001478102,0.0008842077819152431,0.9995227179069722,3.5368311276609724e-07,0.9999383438017211,2195.17588665,1941.27263801,4135.281115027573
NorjjEePhxfwLF4vZjUHCrVVKLzQjEEGQFd3wgjEJmh,34M8pFVqgbV7aqHxvRT5tCv3vu2P1JJYT8J3VaxBK2oG,3AZWBSze3ucsY3xSeuLne3b2pauVqiaJ1SZSV5T9WGWw,0.004234999999880529,0.0014290000003711611,0.002516428086237443,0.5941978952322156,1.0065712344949773e-06,1.0,38110.243979,2266.614091,24911.640850108015
vEnkoSUkpnbRrPgBz9DfcVxNz67zjwMYBZraAvDDNSf,DtfyjjsZ5yCjWKLKHvwsfXs5QVsmm1QkK6Sh9JZHoq1g,e5wrKCRv4GhHvEf1VD5Pq2KGaZDXP77nTL612Jyrxwy,3933.8796580000007,3933.5215290000006,3908.9173120452797,0.9936545222210961,0.39089173120452797,0.995821532848169,762.543369,1178.612861,1931.392732872146
Lee1XZJfJ9Hm2K1qTyeCz1LXNc1YBZaKZszvNY4KCDw,9DgFSWkPDGijNKcLGbr3p5xoJbHsPgXUTr6QvGBJ5vGN,2hNHZg7XBhuhHVZ3JDEi4buq2fPQwuWBdQ9xkH7t1GQX,1257.0405881330807,1066.9748042690053,250576.8539712519,199.33871375100242,25.05768539712519,169.40501401572382,7197.733425135,56394.901673254,10988366.031261967
BUSDgu5JdqP1rndBvXvanbEufS94FNh1w5FJcAj6vawb,Bgzr8cWubt89JQFXndVjtdKmDbGzuPxNhvjH1EhWCwbo,Dxaf8xPBBQsasRKW5Aa4Sw2YrbfGofY9xZueyyF23FBW,7771.701505469999,7718.546270169999,7810.787859537301,1.0050293174589622,3.1243151438149206,0.9999287050833274,4956.78682998,10022.01377537,15003.015341257365
Sid7E679i9ABqptiAVhkmQ27YHN8vaYT4fppPwmxFsJ,GP7KB8o1bv527HG8kTzzzf4wJ5aEGHvcMQvVhLziUfmT,9gYxhAZ1M9wu5pxr8SBoa5NDm21gi3s9vMHaYTME77sa,2583.819188999998,3299.3471270000155,50.37185744562184,0.019495117019050004,0.020148742978248736,0.02469167566328446,107198.713605,24880.529116,2704.1934212842802
BUSD5rCfUDpCxKGMvYU2yThChxgHoioK74PTPociGnv2,CcFHbafgYDZ8yA8Me1PdtDiVb2eeaS61LbqyKKK5CsNZ,26R9s4nmF3CFDTkiePDwRmtscn8i7r2eygbSijditJ58,570.1123687700002,570.89138268,568.7280448977559,0.9975718403106549,0.05687280448977559,0.9999287050833274,86.74187395,60.09339684,146.62036331457608
BSC8REUo9LpiiWUuqMuLXs2D2yJsJfGd4HdiF3wCLxk5,AZjEH1zWVx1UJ6udMyRijGTzPteuLnaY18yNNmprJEsh,Caf8ypkSVR8xYnXNhjvfvdGCC7mrM3C11rz8Xi6NA6aK,8733.756434498999,8762.341120873,8730.489476606363,0.9996259389740099,3.492195790642545,0.9999842482481217,3352.119153893,2990.252169069,6341.0703241218325
BSCNHw8CmxbZ8hCWWzMf5FaG2ajPT6JxfznKUNuRVrn4,7n9kgNL633yGzCYksgnzHyjG73ZLBAwvEae5sbAekbzW,SscdxE99omdG9AiMVwmaEMQySQnCgeAh1sPj2Leutm2,611.865401871999,611.2664406189997,612.9138437122593,1.0017135171183935,0.24516553748490374,0.9999842482481217,5251.265189456,6436.54194245,11696.703877889726
DA1mL7dfBow33EH5yjUuZE6SH2KeUK5zEXzsyhE5r5j5,B4UtLRZND3D83CitRCBUyeiNr7H8m7YFRqBmiPmXjhW4,AAmpYbuixWiSqDaJBCqYEs1pb5SrbdPr9mgXrB58Q2e,87.33040356099946,71.87492953799998,102.60497176889996,1.174905503525257,0.041041988707559984,0.9999842482481217,184.238604909,2950.765792538,3167.1822636767847
