0,1,2,3,4,5,6,7,8,9,10,11
BUSDgu5JdqP1rndBvXvanbEufS94FNh1w5FJcAj6vawb,Bgzr8cWubt89JQFXndVjtdKmDbGzuPxNhvjH1EhWCwbo,Dxaf8xPBBQsasRKW5Aa4Sw2YrbfGofY9xZueyyF23FBW,4219.689983869999,4193.002460569998,4244.203740719723,1.0058093738979472,1.6976814962878892,1.0,4879.0180751,10102.06700244,15009.429117793099
daob129AwBGn9Y5r91uLoWZeYiGzbPmksauMhFZKTze,6VW5GQNyj4LStgmxEHLr5zUfW92vQnmbw8jTnCH7a38F,4VPCCUifPeBA1c7HWK358CHn2nyjm8pdTRk6Ps3KmnMQ,11.27295075999993,10.11356644099996,2101.9812672430953,186.4623834516872,0.8407925068972382,167.35905898687184,48.664469429,223.314882122,46447.861488845236
AUSejoEUCh2DBs9mof6BNC8Pubs22w4cJa1ccV9h44R,4xkyD7AfGQDwsQMy9MosRRNGoVJ1zosNinesxg1TzHG7,Cbm5gsQe3nSiCsFrvepVzMCD9xLK3ri9g3ypS2hdmVJ7,1622.3182089999918,1624.2102440000017,1620.402892780725,0.9988193954745491,0.1620402892780725,1.0,14841.845015,14031.120896,28855.443561609252
BSCuChvaSj9b5HUSqgDVRzcnr2sSn7cXaamt1jbKH6hn,GnKpRj5kBVPMJfiwZtEuD9GYApLzPdW5JFuZTcyX4BTc,3dmwD9okkomV9nDwyuh4UMhKdUR13QpuKxRo89ycZB5t,2830.836933513999,2823.882968380001,2837.3499397826727,1.002300735231891,1.1349399759130692,0.9983297942542126,1281.120668579,1826.420087657,3107.4377783698774
ACUSESXyNnwRLAg1dpSGMLSzUDdLjUMybY8rkXiAKhCP,AhFPQdu8GKBsxuhiH46UmCu1YpaLgNpoP325HnYtsgas,A8wxWpT3aFEr2XqZp1kDmbxbFfcBE95UUmdsNTDBJYbT,0.0,0.0028271740002310253,0.0,0.9994755691720021,0.0,0.9878766688533974,1044.477863304,1841.390280505,2862.9966032776247
7dwD9TF6uikvHXxPFK9AsSim54yJoujQjY9vU6gNFumk,CquVr6atkvwueDYficKjn6SSEWq4F4rH4VSiBbW4GBWU,8BCa6ge3b7ho3TfZuM64Vk1hgbrJ3J7EPiAb9uP86CGd,5.304000000000029e-05,5.321600000000003e-05,0.010390530355863969,195.89989358717781,4.156212142345588e-06,197.69835619747772,0.003920913,0.003587076,1.4772654682200057
NorjjEePhxfwLF4vZjUHCrVVKLzQjEEGQFd3wgjEJmh,34M8pFVqgbV7aqHxvRT5tCv3vu2P1JJYT8J3VaxBK2oG,3AZWBSze3ucsY3xSeuLne3b2pauVqiaJ1SZSV5T9WGWw,0.01611400000001595,0.0013680000001841108,0.009574927641388804,0.5941993075201271,3.829971056555522e-06,1.0,38110.243979,2266.622832,24911.703413744894
C2ypsDADXcCRz8HbV2zX1AXPSja7a1P3xZtRC91xGhJh,J9bYNuDpY1d1T86gLaw7DGk5D3CsUAf2tzUwxMvb6FTv,A2NGvvPrMGzsJ4jb52KEnSBVmsA7C34dV1GC7PerdgvG,1.359332207,1.3597069460000002,228.21291627975927,167.8860510363522,0.0912851665119037,167.8506290538025,2.854688207,2.165626948,842.7641755309412
SAMyS8Jr2HJrkFwYVKbpUwsNStnQmvz3f8Tup8bWUWF,6jPzm5TFfquvgm25sTyN3MMGBfufRaFHMxobDWv6hMFW,Cj9ECoDmxsHTDzCY5ZA6RWrPbg9uFzEC1Qc2kso2vJG6,1299.920262440006,32.50557547000028,1303.0272788653692,1.0023901592390994,0.5212109115461478,0.024753086109575526,519.97421899,107220.12345706,3175.2459887855375
iLiUBQ7Z7im6Ew3b4ewwPcehzWgEQRJ1iQz7g6D62NW,GpugBvKWM3TVhYcZjemSdtehBWgfvuGr6uAm9iPjXT6v,92fMXJ3xy8tEyMUWLHKRLyhPw2nECBo77GtDiBBbYrjX,0.001352010000118753,0.001352010000118753,0.0013222728700242649,0.9780052439760978,5.28909148009706e-07,1.0,1865.637227489,1097.91461127,2922.51760311127
Lee1XZJfJ9Hm2K1qTyeCz1LXNc1YBZaKZszvNY4KCDw,9DgFSWkPDGijNKcLGbr3p5xoJbHsPgXUTr6QvGBJ5vGN,2hNHZg7XBhuhHVZ3JDEi4buq2fPQwuWBdQ9xkH7t1GQX,1126.3465198209815,954.6625464060062,222976.96695769104,197.96480304580726,22.297696695769105,167.80294430402137,7177.439572215,56416.805767863,10887786.527362231
ALBpShJ9NLpE739pcHDF2LNVk5J4VYPvvKuV6jMPitZi,D6d156U1bPiJpDYRLextvDRccgFk7QzkQbJg42ceKEu5,GNcM8U5g8RwTZffwwm3kSQqUNPSwv5d2fbN9sLxPJqt2,1476.8414940000002,1473.442228,1477.01578186226,1.0001180139256431,0.5908063127449039,0.9979790923380156,38968.478868,61357.025677,100206.10648486033
Lid8SLUxQ9RmF7XMqUA8c24RitTwzja8VSKngJxRcUa,4PgzyzLtds9bKZ2to9PMnKqJzKEUpjvNUaeN23phegax,AtymwxoVN9peZo7EXTcDz9jKVc4vRmisJKKrNfe3ewBa,70.30776854401483,59.782251470999654,13876.302297865994,197.36513596188166,1.3876302297865994,167.6311604870557,989.495916054,7673.537865238,1481616.0533969344
BSC8REUo9LpiiWUuqMuLXs2D2yJsJfGd4HdiF3wCLxk5,AZjEH1zWVx1UJ6udMyRijGTzPteuLnaY18yNNmprJEsh,Caf8ypkSVR8xYnXNhjvfvdGCC7mrM3C11rz8Xi6NA6aK,7699.743011276001,7693.863830433998,7709.247055848167,1.0012343326989288,3.083698822339267,1.0,2815.378375632,3530.276340546,6349.1298297669
AURHmCnNwiW4uA2Qj1XvEh4iKgRUZYXtiY7FKAapUV5Y,BKWm4TRnTeKwfWXRyuzjRHU7iZDkPuXBX5b5V5jSVfGJ,A5Ww74HVrkj9nPeC7pHKLfgeDMEhBCpW1efQdz3TGLEg,6.5282999912597e-05,6.5282999912597e-05,0.012177996504321423,186.54161911409892,4.87119860172857e-06,167.85198140871452,289.900346858,1809.486016395,357804.2932678926
Cob4usZcpHEY7Qt4ZCwj6WVg9S44zvzYV2v9qYF65dTf,NhFM9UXE48PyNAyeyPYA3iXztqKVJwA4bTdLj4ysM8w,6TuFuynuBoeskxyR2cz4wxyidk8dpDK7kAWw3UkjQGx,104.9528730000008,787.3140709999946,2.032322965019767,0.019364147992592364,0.0008129291860079068,1.0,62180.163152,304.050747,1508.1166284788665
RajgMbScQbqqrdJfR2rxfHJiTiY5b6bJ2tTXiF4aPxy,725ZA3fhyBAKb5iopNRrcbSuQa3LXA1656Q3mBvYPxeg,GLA6i1dSZpUfk2f9Nj8uiG7xyDdAR2reff8oEiZH3617,3645.489083629989,3646.955993039999,3612.342159725505,0.990907413753252,1.444936863890202,0.9928350568867186,104869.83574521,76975.15493355,180339.93004632948
vEnkoSUkpnbRrPgBz9DfcVxNz67zjwMYBZraAvDDNSf,DtfyjjsZ5yCjWKLKHvwsfXs5QVsmm1QkK6Sh9JZHoq1g,e5wrKCRv4GhHvEf1VD5Pq2KGaZDXP77nTL612Jyrxwy,3380.824631999999,3380.3220100000003,3377.5382872465084,0.9990279458087282,0.3377538287246509,0.9988183978353609,1060.2947,881.177178,1939.4000132319263
STK75uPSyBnEhGTTzb1nwmP3n427XoXmfRhXxxhyady,6TYyD5fUmDe6N65avW1Ny2RxzRNobw2RRgKwH9CTzSAU,54zDfk4cx2vGrEajPtodWpArNe5eUurytyxd4X3aZAxK,784.7336953540013,877.5599071739986,131743.29767401746,167.88280974042632,13.174329767401748,188.15532146524828,4860.308188301,879.147412999,981378.4589645411
MATSnbbiTCv7Dc3trJrkrqjx7ckKdr6fwPoVwv9q3sD,631WX9JizSHJm4w6VanZeJAst9T8DeUUnPLesdGkCVtK,211maUSfpnXbPuW1iBu8b4dtJv5EbN1j7JJiEX5TZKEP,31623.527598,31568.035018999995,31685.218718845594,1.0019507982041034,12.674087487538237,0.9985112197713211,16617.95332,34989.797998,51588.07747202764
BUSDTd9WiT6uBHJRgNvFXBsA7JrifsAtWzKfioN7ERcy,DyBxrn7gSc1EwnpWhDyhzvMHPtxpmBqRqotapLcKcfTM,Cds99GeBgoCpqBsoRWu1C6fF9LiUMd4pXQQD24s9LPff,15296.308718159999,15246.428579210002,15342.823710230543,1.003040929215512,1.5342823710230542,0.9981793209186444,1996.53599779,3573.38748783,5569.488818416831
KZMu9QBEdL97EFgamLbN5DE1AoKBG4HdrKKJo4Vuon3,DD4ACBWyVqdaKWh7v5btsgqQCCMwbKnuL2xd9pv7Gyuw,GcYqiJ1MAuYbNTNYXm1F1gQYTfTgkErACAhNU5dpVj9T,227.53621473000067,227.61279617000037,227.97325998698912,1.0019207722933559,0.09118930399479565,0.9995317293801027,2322.09871406,2567.66845528,4893.025028513159
KwnjUuZhTMTSGAaavkLEmSyfobY16JNH4poL9oeeEvE,J63v6qEZmQpDqCD8bd4PXu2Pq5ZbyXrFcSa3Xt1HdAPQ,BnKQtTdLw9qPCDgZkWX3sURkBAoKCUYL1yahh6Mw7mRK,215.1663960000028,5913.341636000137,5.214792002730409,0.024236089369319272,0.0005214792002730409,1.0,274908.096641,633.834352,7296.531550540735
BUSD5rCfUDpCxKGMvYU2yThChxgHoioK74PTPociGnv2,CcFHbafgYDZ8yA8Me1PdtDiVb2eeaS61LbqyKKK5CsNZ,26R9s4nmF3CFDTkiePDwRmtscn8i7r2eygbSijditJ58,393.8603263200001,393.5054989299999,397.11468113187584,1.0082627129324817,0.03971146811318759,0.9995317293801027,40.873724,106.11727951,147.27903975363554
HEDSDjj84KS7LKhZY7ejkCACTdPen62rKhCby1wXtgxc,EnnjMSFttpCTywBrYNt1J5QQeoSVkvzPipJDa8Y7kJow,6bjVT6JN2rSvpyn9PdfLYC8wJn4LWh49jpY47fnLDXZk,12.008379048997085,12.285323586998857,11.585423617027281,0.964778307692983,0.0046341694468109125,0.9992235952726843,39109.958643334,9111.751744335,46837.1170510649
FrnkTEL6yZ5Aycq2TrEgu29dCrwKG4LPUZydfiwqspkc,DjvZuMZ46fxKBoBpGMPcRcos4xdTtHFxwMh69DpA2ZFY,9rvDPJLAng4uVVqnnSoEXgNDFhBZQTny9AoQioYDZbQX,3529.026341157989,2957.497190659998,700860.5568310434,198.59884542575224,280.3442227324174,167.82091092183524,179.660847635,1463.873313558,281348.9898639919
GokA1R67GqSavkd15zR62QD68Tuc5AEfvjssntVDEbM8,3YB7hfpBdbQEuZqLGWVDpRPmeZWCUsrrWyqGXegnQ6Cg,4DPCj6Z1DsG6HUtwSogBGqXEUxdEV5a8YVrrFtcnz7UW,110335.85349599997,110272.15882200003,110353.9515440532,1.0001640269004117,11.03539515440532,1.0,34864.088584,39680.975333,74550.78256538612
YAkoNb6HKmSxQN9L8hiBE5tPJRsniSSMzND1boHmZxe,CfWX7o2TswwbxusJ4hCaPobu2jLCb1hfXuXJQjVq3jQF,EnTrdMMpdhugeH6Ban6gYZWXughWxKtVGfCwFn78ZmY3,7301492.02960501,7299914.802391993,7301492.02960501,1.0,730.149202960501,0.9994962538880404,421992.69192,958201.516159,1379711.517790761
ZUCKWFa4LTL833dPhhpeeRWZcaAEoMeYJPi2iKn4F8N,7eEYpq6ShaJ9opZWMxitRFrdCHh6vfyHhGfoSvFht3N2,H8VggnHmuwd1wvwpT8eg9cUJFEfZ7HAaeYjgXrSm7A2u,115.48841650999952,115.40875283499986,115.67726878980311,1.0016352486726428,0.04627090751592124,1.0,1805.111925129,2042.023751648,3850.0874836565386
Sid7E679i9ABqptiAVhkmQ27YHN8vaYT4fppPwmxFsJ,GP7KB8o1bv527HG8kTzzzf4wJ5aEGHvcMQvVhLziUfmT,9gYxhAZ1M9wu5pxr8SBoa5NDm21gi3s9vMHaYTME77sa,602.5677510000023,772.4679080000205,11.65496567471467,0.01934216634622822,0.004661986269885869,0.024459020879467632,107174.228971,24899.884985,2682.0085715302916
SERgf3DMJpQxUifu7VoFKmfne73d2fDJxSrxUMrcNJB,AJfM2GZ2tTB8UtN2krcyR9xufRJEx2mhSCbJyMgPo3GU,F4yRYkufQvERZcEKnKjJwRLU1btiMBUuEwq46hfm11QD,6.509099999973955e-05,6.509099999973955e-05,0.010544247495838746,161.99240288028972,4.217698998335499e-06,167.66834530625044,29.284890014,27.959011222,9431.770849444489
heyk4SZTeCUV6a65WiVA5bzic3KcxgVf1qxobfeV4tQ,9ZDpBKPqMABtGfq66FbVribaArMvtk63xxy91onZAtDt,DaTP4s6N7xxSPinbNZ3FB52EpRDRt87QShTuN3VPCW52,69.10891953200189,59.893128613000044,13166.693504457024,190.52089938057844,5.26667740178281,167.68574885772466,629.108632839,4468.543133957,869169.3442571957
WiiQFxXqp8P9Fs1rt9SVcDyA3KUdJmUsog6wnVQAwba,3S2jpqSYxho6wiz3cafhjXruVY8cg4HYa2v3BqBHYFSj,Dfe67M6TfrG74gKRtdqys4e6E9QirPD53BkF4FujFjuv,44203.352112511995,44240.74968598499,44117.56295253215,0.9980592159671174,4.411756295253214,0.9993761034898566,20484.428782065,6295.588142919,26736.33327720938
BSCNHw8CmxbZ8hCWWzMf5FaG2ajPT6JxfznKUNuRVrn4,7n9kgNL633yGzCYksgnzHyjG73ZLBAwvEae5sbAekbzW,SscdxE99omdG9AiMVwmaEMQySQnCgeAh1sPj2Leutm2,1747.660217232,1744.4613905239994,1750.5410914589195,1.0016484178094311,0.7002164365835678,0.9991750560943121,5029.348125168,6659.523193936,11691.66805304973
oKQqupM9E7SSLAFDLxr7mdsXP7znck9qRbVWc6Yyj7Q,CMR2J7CwfW98RpvnJmFBgRFTLAd3x8CJ1SWs8Bt3uunG,FmRb5jHfSNj1YWP3b45d9vvYuhwjp4om8bALmtqZpr1v,2420.1257146199996,2400.0,2448.637923956723,1.0117812926677656,0.9794551695826894,0.9995317293801027,2176.27630641,3719.60303274,5919.776906423827
ALLwa5WNZbvQsRKAqe1jdRGemdYQnW8E5k4msbRFcYtu,CGoM82Hbz7QVqTgvQatYtjvDWBvoUJp5qm21P8iMs9yb,3dxNNww8TivyN5FMy5dCNdi3Zcxv6e4kUfSPxfFwpdNq,5.426346658999999,5.427305438999996,18823.834110382628,3468.9700627883585,7.529533644153051,3471.3423333668893,3.689578162,4.925640555,29897.620765815976
SoNcU2iwHMw6dGzsYNQkYFkUjwN1UdAjrWVRnStrZu2,8ivTTid27jZnYNc4w3CTA1Z6QS2twsFb8WMwUabeDJgc,CyXm53PMvHCbeXJBykU46Rcbo28xk5srhMZFg7gv6EYB,17.82523863299999,17.575130582999996,3523.381624857088,197.6625220789037,1.4093526499428353,193.02146340766654,14.809762164,20.795377027,6941.289046590673
BSCc2UgHMGZcr4gdTBZcDvf7HcjVdfBDrW7gMnaqSDkx,3aQn9HbPXwxCLEd71x81K1whfHvMe18bEwPtqPArA68d,5KMjfTVueu78hnEaUNKPTQmKkEnUrwTGD9r8YFKXXxy7,2.018999999999979e-05,0.00042739000000002747,0.0,0.0,0.0,1964.4049817310338,0.003602914,0.70614043,1387.1457784936945
KEVpg4SYCVrqFxKijQH6hm4QxsRdoE51ud64bEEFUC9,2bPenuBYfqzD8p5dFjCcggwkHDsc2RQDnx9AoyYGUBjA,AE6n6iLuX8oYu61vt5hoDYkjswpnxFxrhSehxrnQTnbx,689.2902012500001,690.8062636689983,687.6155342448128,0.9975704471031935,0.27504621369792515,1.0,5830.608085119,1797.642992807,7614.085307162656
DA1mL7dfBow33EH5yjUuZE6SH2KeUK5zEXzsyhE5r5j5,B4UtLRZND3D83CitRCBUyeiNr7H8m7YFRqBmiPmXjhW4,AAmpYbuixWiSqDaJBCqYEs1pb5SrbdPr9mgXrB58Q2e,16.57020328499999,19.738104999999905,20.065202881130638,1.210920743458498,0.008026081152452255,0.999890734940158,167.668401624,2970.503897538,3173.212470800907
SoN9GaFpSXfpyR5dth3x7PHPVhvJMpQqqDJfCSmPv1t,9kZ9iS68ViMPtoeqtnhAKuF2iqVyfHPdZHoUNdwCELr,BBhm5fJLjw3HRzjtKB8uMEYjGhY6EDm9co3cqpjrSzB9,4.469287726000001,4.365679924000003,885.3793298135714,198.10300524239983,0.3541517319254286,194.35484686004196,3.584949541,6.047968218,1885.6412145382528
KEN5P7p3asnb23Sw6yAmJRGvijfAzso3RqfyLAQhznt,9zj4aX38Uxf3h6AUjS4EipWS8mwbEofasHAf3a1uKGds,CwQDG1MWunn9cLNwcZLd8YBacweSR7ARo32w4mLua1Yr,508143.4938999993,508911.5004610005,505927.531312849,0.9956391007387642,50.5927531312849,1.0,1390697.204198,861086.276538,2245718.79032561
DFWzVTzNBrQZLjoQ4yQwkj9HuoXmfkuZP9V5vbymZe23,DhgiEgiNdqZdRdo195UUHnoEJUtefK8buko8nU97XJUZ,2K2kkXsouBHtWVjtcgkyiXd8eP3oVBvq1bTJzcVdLLr2,318.95044951699947,387.00981602499724,259.32209334043876,0.8130482140192669,0.1037288373361755,0.999890734940158,61948.236601277,7071.639860557,57437.7703077157
ercAoEmXjQzEvAFbdjAo81KtMxRGn9AW1ju882upmPH,CMRhskR2Eg6V42RTSdRTXGdozyPbWB8U9dVpijPWb9T4,7TKLLgrWswt6ZJ1pXhVR3FyufHGjJFqiEXxvWJfDcgRm,4.93818556400015,4.9337424239997745,828.5818734978785,167.79075285026153,0.33143274939915146,166.13978203789713,866.691361178,923.07008355,298781.458467575
MARpDPs5A7XiyCWPNH8GsMWPLxmwNn9SBmKvPa9LzgA,6YjT74rmcfCpw8LSjPNx5JTmZoYLGrTKnf9arfSgZ4SR,F8GSmi3vA8M8TsybLya1LQ4n1aFHCRbZ6k437PeTdXtg,113139.304356,119546.25437299936,105349.74426504274,0.9311507160549007,42.1398977060171,1.0,320722.654164,14376.229065,313017.3581448369
BkMBnJpvHKtWhUvrgRrLesXfi9RUV3ELgdBaJcdH7hcY,5uerVwBnZQsuVhZ15igs7ZgmcqhHnYWbwoRtLyRqLvR,9YWiQh5d4jCtgMdzcGLv9bWgnLaFtzvDDh2nnhJdzhBX,0.0013919619998432609,0.0013919619998432609,0.0013969678343111144,1.0035962436247665,5.587871337244458e-07,0.9997159407126059,1114.216648772,1759.19947145,2876.923397793511
SEQV6QiTpvTzrceiaYg9Avnwf7oc8ZALpnQMz6TyT4A,3dFMPj4r9mMmPHF32mz1gNDX7f8ftidWof7S8YiYTs1j,Fc1ED3YPeQfXQosHbd8DTaBd2AV5gHQtwiSAL5C5pUhi,419.27795919200116,418.09658524000054,419.878851595429,1.001433160008186,0.1679515406381716,0.9985351489365101,1574.972893219,4045.840803265,5617.144330445165
B2izdXFYb2sNwbWWHmh75T4aQFtfXsUxem9u2p61HGzf,4DYwgJtxwuJdAjkj5RJSNH4e7U329V5cNp7d3a1nLrZv,EXNW64GEf1ACC6xY9BtKRiunrs6GoJSXBdxWN2eTPmrF,7786.544961999989,7673.217976000002,7861.0916945393055,1.0095737882338214,0.7861091694539306,1.0,9411.758902,30387.460163,39889.32525163553
wrmcMSHFi3sWpAEy4rGDvQb3ezh3PhXoV2xNjgLBkKU,8p4mGnARWPBu6P2Gcw4adodLkNDorrXniZMhaY7eJXUn,AyY89zccbsgp9LKFgH4CFZMJmpSgqmPSdTfukhP227rc,0.00915633000000285,0.04086846999999627,2.813177460981581,307.2385400024579,0.0011252709843926323,3465.1235316539032,27.15886141,0.0884513,8650.743608772875
moFiBS1R4Lf3E3zzmBPnw3NF4RhWPkhREFviuzUaCAU,44ALBrpqi9PfZkBRTvbtRNtFJGsatfY4QydjtMbFWq8S,2ho8qEEie1UjVwWNBo9y4oAJZMyMLx8zPj9bxyUz6uWs,1424.8597642020031,1423.062631324996,1422.5283156865935,0.9983637347520193,0.5690113262746375,0.9997159407126059,39149.24191396,27963.035048355,67040.2752584772
C98Sspw7XqnMsgxea3SLQVdbMDL8pKUc3RE82UvX9eq2,CSqgQJurPCzGxb4Cgwx5R61hWQUiaoUHcShNc8r1cKEL,6S2CR5EnukPhC914XkAns8m5GixjMAoUuZMsS5ubHuWc,191.71841199999994,189.2410709999997,0.0,0.0,0.0,1.0,840.743652,2120.574588,2120.574588
MATgk4zXLXtYkwBH678J1xZbRDZ45LicNzkRBHkxTuY,y8dALFo1bJrSzPYjMX14HJX448pXqYmrfXHD1K8MXih,GN7Yuet3UyiWS5YVkEHv6oQKi4HGBJc3XDPt9zQhAqZz,38123.993237,38131.12526200002,38137.41760799802,1.0003521239476296,15.254967043199208,1.0,7437.837119,7327.177095,14767.633254568169
JSoLLrxK5bYdHwTEWYaGgmeycBCNXKDiBCTw5hXGBg7,xG4wXczA7Dk4hccJ61CHKpDHW4NrNfQwgmWgkb9BuF2,BVR6WgfhsRr9Lob4QDnkEAiNGgAbv7ZieKcY9kSg3QYR,7.1440992599998765,6.137706433000009,1388.7694087742173,194.3939128267713,0.555507763509687,167.8860510363522,17.612203808,163.210434252,30824.46050623616
HDSBGqAuMRr6X2AfmmbXQPpRgU6VEhtfNVVZ3wUTZXg,DCZ1d8kNLgDcdSd99y4udLgwq46mfDXNS9KXj96kQf5L,Fq8GGYQM5Pz3q7LmVMbrXHJgsxA5ev86kTq8yGgGuYsa,16.123170293998555,16.15714512800332,16.05433008116404,0.9957303550369284,0.0064217320324656164,0.9997159407126059,73192.9363802,71817.241932751,144677.27010623686
parEAJhzYzHW87y9VoZAQ22dzQ2MD2ekEtTReaxbMcz,3oyc6hpjYSJEquK6dSvG72NXyz3pqLZz5D8AC71pwgQb,Di2vordgFJVZ1aj1aBpvzXtLfZgJsuLLXawGtVFwX6Rz,11.730139218999938,13.795433786999638,1914.7268198788952,163.2313806452961,0.765890727951558,193.1300176385645,1104.525458766,142.112894036,207739.48132409336
