0,1,2,3,4,5,6,7,8,9,10,11
B2izdXFYb2sNwbWWHmh75T4aQFtfXsUxem9u2p61HGzf,4DYwgJtxwuJdAjkj5RJSNH4e7U329V5cNp7d3a1nLrZv,EXNW64GEf1ACC6xY9BtKRiunrs6GoJSXBdxWN2eTPmrF,6049.532526999992,5961.146362999994,5612.764065699457,0.9278012872315059,0.5612764065699457,1.0,9112.889043,30691.268563,39146.21874749329
MATgk4zXLXtYkwBH678J1xZbRDZ45LicNzkRBHkxTuY,y8dALFo1bJrSzPYjMX14HJX448pXqYmrfXHD1K8MXih,GN7Yuet3UyiWS5YVkEHv6oQKi4HGBJc3XDPt9zQhAqZz,16681.26061,16663.419522999993,16677.35810820268,0.99976605474319,6.670943243281072,1.0,8079.828512,6693.750663,14771.68893744378
ALBpShJ9NLpE739pcHDF2LNVk5J4VYPvvKuV6jMPitZi,D6d156U1bPiJpDYRLextvDRccgFk7QzkQbJg42ceKEu5,GNcM8U5g8RwTZffwwm3kSQqUNPSwv5d2fbN9sLxPJqt2,16376.811919,16339.10676899999,16327.698202805961,0.9970010209290455,6.531079281122385,0.9964397208773054,44743.499966,55575.711174,99987.16127581902
C2ypsDADXcCRz8HbV2zX1AXPSja7a1P3xZtRC91xGhJh,J9bYNuDpY1d1T86gLaw7DGk5D3CsUAf2tzUwxMvb6FTv,A2NGvvPrMGzsJ4jb52KEnSBVmsA7C34dV1GC7PerdgvG,0.4978885030000004,0.49807970400000023,85.81829835224725,172.36449091544333,0.0343273193408989,170.38410711571737,2.72710754,2.293306783,860.7995313676402
Lee1XZJfJ9Hm2K1qTyeCz1LXNc1YBZaKZszvNY4KCDw,9DgFSWkPDGijNKcLGbr3p5xoJbHsPgXUTr6QvGBJ5vGN,2hNHZg7XBhuhHVZ3JDEi4buq2fPQwuWBdQ9xkH7t1GQX,4255.858388307828,3607.723568849997,864775.1089910603,203.1964013104542,86.47751089910604,172.03161597038303,7159.811990914,56440.266207248,11164358.232044639
BSC8REUo9LpiiWUuqMuLXs2D2yJsJfGd4HdiF3wCLxk5,AZjEH1zWVx1UJ6udMyRijGTzPteuLnaY18yNNmprJEsh,Caf8ypkSVR8xYnXNhjvfvdGCC7mrM3C11rz8Xi6NA6aK,386.05838616699975,385.40940799300006,387.4249319203908,1.003539738553432,0.15496997276815633,1.0,2452.818900537,3893.870872695,6355.372110858817
MNkYtBe2HtgL15osfaMmyqNW3vo4J399FXXCS4a39Wf,2mUxDu8NrhSKhQJMgKfYLxJqZzeEbmwhQdHeHMyohyuk,AZCBmDBcFsA2jHHhfFJBTsWCHx9XnnKmGfFsue3ZVW1t,0.07633713999985048,0.005978879999929632,0.0763054213622986,0.999584492718067,3.052216854491944e-05,0.999979370425588,2195.17588665,1941.31379602,4135.5375226265605
Sid7E679i9ABqptiAVhkmQ27YHN8vaYT4fppPwmxFsJ,GP7KB8o1bv527HG8kTzzzf4wJ5aEGHvcMQvVhLziUfmT,9gYxhAZ1M9wu5pxr8SBoa5NDm21gi3s9vMHaYTME77sa,939.4156279999952,1208.3571900000097,18.454234446559767,0.01964437667047185,0.007381693778623907,0.02428760920498446,107483.962463,24659.031128,2710.3643560684404
NorjjEePhxfwLF4vZjUHCrVVKLzQjEEGQFd3wgjEJmh,34M8pFVqgbV7aqHxvRT5tCv3vu2P1JJYT8J3VaxBK2oG,3AZWBSze3ucsY3xSeuLne3b2pauVqiaJ1SZSV5T9WGWw,5.960483999998814,10.03634399999828,3.534406970517265,0.5929731495828138,0.0014137627882069063,1.0,38120.278942,2260.678903,24864.98077021315
BUSDTd9WiT6uBHJRgNvFXBsA7JrifsAtWzKfioN7ERcy,DyBxrn7gSc1EwnpWhDyhzvMHPtxpmBqRqotapLcKcfTM,Cds99GeBgoCpqBsoRWu1C6fF9LiUMd4pXQQD24s9LPff,3135.532577110002,3126.098273220001,3127.883494418576,0.9975605156370354,0.3127883494418576,0.998430467305396,348.51421117,297.10996033,644.3076527349494
DFWzVTzNBrQZLjoQ4yQwkj9HuoXmfkuZP9V5vbymZe23,DhgiEgiNdqZdRdo195UUHnoEJUtefK8buko8nU97XJUZ,2K2kkXsouBHtWVjtcgkyiXd8eP3oVBvq1bTJzcVdLLr2,4195.984108128996,5131.470072471006,3469.3157960781296,0.8268181448440017,1.3877263184312518,1.0,61794.352661318,7200.386301717,58293.07833098395
WiiQFxXqp8P9Fs1rt9SVcDyA3KUdJmUsog6wnVQAwba,3S2jpqSYxho6wiz3cafhjXruVY8cg4HYa2v3BqBHYFSj,Dfe67M6TfrG74gKRtdqys4e6E9QirPD53BkF4FujFjuv,6056.584565450999,6069.320597704998,6046.505898721668,0.9983359157920746,0.6046505898721668,1.0,19931.614930182,6848.045481388,26746.492525926235
MARpDPs5A7XiyCWPNH8GsMWPLxmwNn9SBmKvPa9LzgA,6YjT74rmcfCpw8LSjPNx5JTmZoYLGrTKnf9arfSgZ4SR,F8GSmi3vA8M8TsybLya1LQ4n1aFHCRbZ6k437PeTdXtg,112612.3874090001,119857.03128999949,101792.73573499208,0.9039213009958502,40.71709429399683,1.0,320794.898763,14357.081972,304330.424214683
heyk4SZTeCUV6a65WiVA5bzic3KcxgVf1qxobfeV4tQ,9ZDpBKPqMABtGfq66FbVribaArMvtk63xxy91onZAtDt,DaTP4s6N7xxSPinbNZ3FB52EpRDRt87QShTuN3VPCW52,37.45534929800124,32.61623861699991,7350.977863861914,196.2597599978647,2.9403911455447655,172.58012463736603,635.016173486,4461.774097874,894641.6517179911
YAkoNb6HKmSxQN9L8hiBE5tPJRsniSSMzND1boHmZxe,CfWX7o2TswwbxusJ4hCaPobu2jLCb1hfXuXJQjVq3jQF,EnTrdMMpdhugeH6Ban6gYZWXughWxKtVGfCwFn78ZmY3,7864794.026824976,7863727.588002976,7864794.026824976,1.0,786.4794026824977,0.9977849174831872,462342.52153,923047.147534,1383345.0434653035
AUSejoEUCh2DBs9mof6BNC8Pubs22w4cJa1ccV9h44R,4xkyD7AfGQDwsQMy9MosRRNGoVJ1zosNinesxg1TzHG7,Cbm5gsQe3nSiCsFrvepVzMCD9xLK3ri9g3ypS2hdmVJ7,748.0013689999996,748.5362109999987,747.9198457368144,0.9998910118797052,0.07479198457368144,1.0,14513.970567,14358.861117,28871.24983362989
daob129AwBGn9Y5r91uLoWZeYiGzbPmksauMhFZKTze,6VW5GQNyj4LStgmxEHLr5zUfW92vQnmbw8jTnCH7a38F,4VPCCUifPeBA1c7HWK358CHn2nyjm8pdTRk6Ps3KmnMQ,20.899455367000293,18.81432129299997,4011.961594544875,191.9648873185308,1.60478463781795,171.5438881314273,48.576491134,223.422988256,47651.828750244385
7dwD9TF6uikvHXxPFK9AsSim54yJoujQjY9vU6gNFumk,CquVr6atkvwueDYficKjn6SSEWq4F4rH4VSiBbW4GBWU,8BCa6ge3b7ho3TfZuM64Vk1hgbrJ3J7EPiAb9uP86CGd,4.869599999999998e-05,4.86620000000001e-05,0.009883609417194626,202.96552934932294,3.95344376687785e-06,203.70112726166815,0.003904506,0.003603449,1.5265067504675383
ercAoEmXjQzEvAFbdjAo81KtMxRGn9AW1ju882upmPH,CMRhskR2Eg6V42RTSdRTXGdozyPbWB8U9dVpijPWb9T4,7TKLLgrWswt6ZJ1pXhVR3FyufHGjJFqiEXxvWJfDcgRm,4.214463881000029,4.215885994000018,724.7334019237935,171.96336767556429,0.28989336076951744,170.87719466124963,923.367534173,923.190516399,316537.5963588023
DA1mL7dfBow33EH5yjUuZE6SH2KeUK5zEXzsyhE5r5j5,B4UtLRZND3D83CitRCBUyeiNr7H8m7YFRqBmiPmXjhW4,AAmpYbuixWiSqDaJBCqYEs1pb5SrbdPr9mgXrB58Q2e,53.82144940300003,53.889999999999986,65.20212591173218,1.2114524345770923,0.02608085036469287,0.998990979151418,167.457062883,2970.783786876,3170.6524706151517
SAMyS8Jr2HJrkFwYVKbpUwsNStnQmvz3f8Tup8bWUWF,6jPzm5TFfquvgm25sTyN3MMGBfufRaFHMxobDWv6hMFW,Cj9ECoDmxsHTDzCY5ZA6RWrPbg9uFzEC1Qc2kso2vJG6,1171.5144228499703,29.80183705000013,1167.3518446218623,0.9964468399646488,0.4669407378487449,0.02527412761104169,528.51842695,106878.94132818,3227.9125184588734
moFiBS1R4Lf3E3zzmBPnw3NF4RhWPkhREFviuzUaCAU,44ALBrpqi9PfZkBRTvbtRNtFJGsatfY4QydjtMbFWq8S,2ho8qEEie1UjVwWNBo9y4oAJZMyMLx8zPj9bxyUz6uWs,1711.1095386859997,1712.0491469990047,1710.6232256091914,0.9997157907978341,0.6842492902436765,0.9997613929469137,35841.843942923,31267.768236689,67091.96488770528
TETFuZgEmET6d9vYmz9iMFCxK1jKdKYxf3oPz8hSzJK,Eu1Ze6Z84LWNkq7SNoAHBJbXx5t1P95EwyqYohrfCRFV,ASMbv7WNu3qe4pkhREmvyEdwFNDZQ6B6iSrjkj4u8bdC,21.04956833300001,21.08023164799998,21.18199449811719,1.0062911582329017,0.008472797799246878,0.9962550771649369,292.940955396,59.408554764,353.96996760995984
SoN9GaFpSXfpyR5dth3x7PHPVhvJMpQqqDJfCSmPv1t,9kZ9iS68ViMPtoeqtnhAKuF2iqVyfHPdZHoUNdwCELr,BBhm5fJLjw3HRzjtKB8uMEYjGhY6EDm9co3cqpjrSzB9,7.601279945000004,7.458230427999995,1543.24164739293,203.0239194660958,0.617296658957172,198.12635865150446,3.575731214,6.061518852,1926.9056240677487
BUSD5rCfUDpCxKGMvYU2yThChxgHoioK74PTPociGnv2,CcFHbafgYDZ8yA8Me1PdtDiVb2eeaS61LbqyKKK5CsNZ,26R9s4nmF3CFDTkiePDwRmtscn8i7r2eygbSijditJ58,1436.2493555000008,1436.53331634,1432.2301310501387,0.9972015831133565,0.14322301310501387,1.0,83.52605275,63.52195649,146.81426852350972
KEN5P7p3asnb23Sw6yAmJRGvijfAzso3RqfyLAQhznt,9zj4aX38Uxf3h6AUjS4EipWS8mwbEofasHAf3a1uKGds,CwQDG1MWunn9cLNwcZLd8YBacweSR7ARo32w4mLua1Yr,1580988.7701819986,1585114.8913420034,1574561.41050432,0.9959345949832783,157.456141050432,1.0,1507309.010635,717811.253966,2218992.4429874145
SEQV6QiTpvTzrceiaYg9Avnwf7oc8ZALpnQMz6TyT4A,3dFMPj4r9mMmPHF32mz1gNDX7f8ftidWof7S8YiYTs1j,Fc1ED3YPeQfXQosHbd8DTaBd2AV5gHQtwiSAL5C5pUhi,2144.2917517319984,2138.2571392919995,2139.196005016389,0.9976235758443348,0.8556784020065555,0.9922111425311307,1269.819358987,4352.494432056,5585.395202879641
JSoLLrxK5bYdHwTEWYaGgmeycBCNXKDiBCTw5hXGBg7,xG4wXczA7Dk4hccJ61CHKpDHW4NrNfQwgmWgkb9BuF2,BVR6WgfhsRr9Lob4QDnkEAiNGgAbv7ZieKcY9kSg3QYR,12.622794263999992,10.801711140000005,2510.9934617223894,198.92532581979117,1.004397384688956,172.58030334094755,17.56792433,163.269302302,31671.77078886671
SRMuKizofcAMicegrfSv7xs9q76tH1w8aAF7oX9FEWu,72Hj2KWntXPfbie4UgKeTPnm1XVkomDfCnRPKbvfTtPi,6aqJQ5wedqpUt4fFEDUqUmXhrdxCu4bEJsQdVPCADLko,4.70000013592653e-05,4.799999987881165e-05,2.631454670298072e-06,0.05598839562116997,1.0525818681192288e-09,0.050860855583347055,17971.450574,3892.771299,1204.1823634808516
SoNcU2iwHMw6dGzsYNQkYFkUjwN1UdAjrWVRnStrZu2,8ivTTid27jZnYNc4w3CTA1Z6QS2twsFb8WMwUabeDJgc,CyXm53PMvHCbeXJBykU46Rcbo28xk5srhMZFg7gv6EYB,27.632821343999975,27.39484365700001,5623.858139382948,203.5209531944547,2.2495432557531796,199.8444011492652,14.844854949,20.77596386,7173.199085154375
parEAJhzYzHW87y9VoZAQ22dzQ2MD2ekEtTReaxbMcz,3oyc6hpjYSJEquK6dSvG72NXyz3pqLZz5D8AC71pwgQb,Di2vordgFJVZ1aj1aBpvzXtLfZgJsuLLXawGtVFwX6Rz,7.529439610999958,8.80742827200001,1247.3759851151883,165.66651033270307,0.4989503940460754,197.1929971245317,1102.754706185,143.623623168,211011.0966370165
ACUSESXyNnwRLAg1dpSGMLSzUDdLjUMybY8rkXiAKhCP,AhFPQdu8GKBsxuhiH46UmCu1YpaLgNpoP325HnYtsgas,A8wxWpT3aFEr2XqZp1kDmbxbFfcBE95UUmdsNTDBJYbT,0.0,0.0027924860000894114,0.0,1.0,0.0,0.9878767049617103,1044.479259547,1841.390280505,2863.545822400799
BSCuChvaSj9b5HUSqgDVRzcnr2sSn7cXaamt1jbKH6hn,GnKpRj5kBVPMJfiwZtEuD9GYApLzPdW5JFuZTcyX4BTc,3dmwD9okkomV9nDwyuh4UMhKdUR13QpuKxRo89ycZB5t,177.64285637400008,177.63789584799997,178.5076723155596,1.0048682843724308,0.07140306892622385,0.9950823032573024,1059.876736163,2048.583187657,3103.5453943022794
MATSnbbiTCv7Dc3trJrkrqjx7ckKdr6fwPoVwv9q3sD,631WX9JizSHJm4w6VanZeJAst9T8DeUUnPLesdGkCVtK,211maUSfpnXbPuW1iBu8b4dtJv5EbN1j7JJiEX5TZKEP,31406.10858799999,31408.460651,31396.438484946626,0.9996920948347909,12.55857539397865,0.9985112197713211,18188.603281,27307.97054,45450.317889476544
KEVpg4SYCVrqFxKijQH6hm4QxsRdoE51ud64bEEFUC9,2bPenuBYfqzD8p5dFjCcggwkHDsc2RQDnx9AoyYGUBjA,AE6n6iLuX8oYu61vt5hoDYkjswpnxFxrhSehxrnQTnbx,255.6234919599999,256.2633217529992,255.1373591041222,0.9980982465572695,0.10205494364164888,1.0,5929.030996653,1699.552217097,7617.307658640059
HEDSDjj84KS7LKhZY7ejkCACTdPen62rKhCby1wXtgxc,EnnjMSFttpCTywBrYNt1J5QQeoSVkvzPipJDa8Y7kJow,6bjVT6JN2rSvpyn9PdfLYC8wJn4LWh49jpY47fnLDXZk,2028.9439607009972,2087.814081147999,1965.9835212688304,0.9689688622989794,0.7863934085075323,1.0,39105.501303335,9116.882624504,47008.89573202777
Cob4usZcpHEY7Qt4ZCwj6WVg9S44zvzYV2v9qYF65dTf,NhFM9UXE48PyNAyeyPYA3iXztqKVJwA4bTdLj4ysM8w,6TuFuynuBoeskxyR2cz4wxyidk8dpDK7kAWw3UkjQGx,107.40045199999958,941.2705969999956,2.111749041901124,0.01966238505123919,0.0008446996167604495,1.0,62050.42966,306.588008,1526.647448569753
ALLwa5WNZbvQsRKAqe1jdRGemdYQnW8E5k4msbRFcYtu,CGoM82Hbz7QVqTgvQatYtjvDWBvoUJp5qm21P8iMs9yb,3dxNNww8TivyN5FMy5dCNdi3Zcxv6e4kUfSPxfFwpdNq,5.069653145000001,5.068999723000001,17674.149857063174,3486.264119369683,7.069659942825269,3488.477558623865,3.884056352,4.734617569,30057.453435710286
SERgf3DMJpQxUifu7VoFKmfne73d2fDJxSrxUMrcNJB,AJfM2GZ2tTB8UtN2krcyR9xufRJEx2mhSCbJyMgPo3GU,F4yRYkufQvERZcEKnKjJwRLU1btiMBUuEwq46hfm11QD,6.537899999869978e-05,6.537899999869978e-05,0.011147086504402262,170.49949532149387,4.458834601760905e-06,172.63625575439798,29.284890014,27.959076601,9819.809266679495
STK75uPSyBnEhGTTzb1nwmP3n427XoXmfRhXxxhyady,6TYyD5fUmDe6N65avW1Ny2RxzRNobw2RRgKwH9CTzSAU,54zDfk4cx2vGrEajPtodWpArNe5eUurytyxd4X3aZAxK,2017.151945601001,2262.116854691022,347998.9575656125,172.51995236379074,34.799895756561256,193.59708613153722,4686.910509961,847.300880488,972620.5594509845
wrmcMSHFi3sWpAEy4rGDvQb3ezh3PhXoV2xNjgLBkKU,8p4mGnARWPBu6P2Gcw4adodLkNDorrXniZMhaY7eJXUn,AyY89zccbsgp9LKFgH4CFZMJmpSgqmPSdTfukhP227rc,0.009960399999998787,0.049980280000003846,3.0450626719653884,305.7169061449098,0.0012180250687861556,3481.1668871405695,27.15876109,0.08846249,8610.84510610556
AURHmCnNwiW4uA2Qj1XvEh4iKgRUZYXtiY7FKAapUV5Y,BKWm4TRnTeKwfWXRyuzjRHU7iZDkPuXBX5b5V5jSVfGJ,A5Ww74HVrkj9nPeC7pHKLfgeDMEhBCpW1efQdz3TGLEg,0.00027940399991166487,6.958400012990751e-05,0.05392063396010796,192.9844740130967,2.1568253584043186e-05,172.80465936659144,289.900346858,1809.486255981,368633.922047931
KZMu9QBEdL97EFgamLbN5DE1AoKBG4HdrKKJo4Vuon3,DD4ACBWyVqdaKWh7v5btsgqQCCMwbKnuL2xd9pv7Gyuw,GcYqiJ1MAuYbNTNYXm1F1gQYTfTgkErACAhNU5dpVj9T,330.83946441000035,331.00428431999944,329.4880264361291,0.9959151246472928,0.13179521057445165,1.0,2413.02963833,1977.12248733,4380.295200365034
RajgMbScQbqqrdJfR2rxfHJiTiY5b6bJ2tTXiF4aPxy,725ZA3fhyBAKb5iopNRrcbSuQa3LXA1656Q3mBvYPxeg,GLA6i1dSZpUfk2f9Nj8uiG7xyDdAR2reff8oEiZH3617,4725.015787649987,4729.327739150001,4720.8943524624,0.9991277414991164,1.8883577409849601,0.9994663848971035,109731.59123272,72117.84755895,181715.24130575592
BerKDkt6v49dT1bHRedgnpsJS263C1DSJtEGvY9Mg35V,78XKqNb8wbfsMMrvo8WPUpdx7GEkfQutpNVH943aCGFa,DKYQwn4nDvFHCszi5tXbqfVMAP7DaXXp1KGTXEnYnKVH,0.0013870610000594752,0.0013870610000594752,0.0014123047570182665,1.0181994569508543,5.649219028073067e-07,1.0,1339.269355658,5107.72949222,6471.372822861897
Lid8SLUxQ9RmF7XMqUA8c24RitTwzja8VSKngJxRcUa,4PgzyzLtds9bKZ2to9PMnKqJzKEUpjvNUaeN23phegax,AtymwxoVN9peZo7EXTcDz9jKVc4vRmisJKKrNfe3ewBa,146.18126295599996,124.31741843700001,29663.62233084494,202.9235603182166,2.966362233084494,172.85747054551916,988.867164334,7674.296626654,1527223.948767855
ZUCKWFa4LTL833dPhhpeeRWZcaAEoMeYJPi2iKn4F8N,7eEYpq6ShaJ9opZWMxitRFrdCHh6vfyHhGfoSvFht3N2,H8VggnHmuwd1wvwpT8eg9cUJFEfZ7HAaeYjgXrSm7A2u,0.004164068000136467,0.0013807459999952698,0.004170877345294253,1.0016352627184673,1.6683509381177013e-06,1.0,1805.111925129,2042.026524055,3850.090281417824
BUSDgu5JdqP1rndBvXvanbEufS94FNh1w5FJcAj6vawb,Bgzr8cWubt89JQFXndVjtdKmDbGzuPxNhvjH1EhWCwbo,Dxaf8xPBBQsasRKW5Aa4Sw2YrbfGofY9xZueyyF23FBW,10956.740995550012,10892.997559540001,11008.878936102605,1.0047585263331285,4.403551574441042,1.0,5029.16000933,9956.36663536,15009.458035027914
C98Sspw7XqnMsgxea3SLQVdbMDL8pKUc3RE82UvX9eq2,CSqgQJurPCzGxb4Cgwx5R61hWQUiaoUHcShNc8r1cKEL,6S2CR5EnukPhC914XkAns8m5GixjMAoUuZMsS5ubHuWc,33.81466399999999,33.40545800000007,0.0,0.0,0.0,1.0,847.002737,2020.930127,2020.930127
BkMBnJpvHKtWhUvrgRrLesXfi9RUV3ELgdBaJcdH7hcY,5uerVwBnZQsuVhZ15igs7ZgmcqhHnYWbwoRtLyRqLvR,9YWiQh5d4jCtgMdzcGLv9bWgnLaFtzvDDh2nnhJdzhBX,15.543830480000224,15.537117800000033,15.601447812481751,1.0037067653662115,0.006240579124992701,1.0,1114.150430735,1759.272135741,2877.5524607053985
FrnkTEL6yZ5Aycq2TrEgu29dCrwKG4LPUZydfiwqspkc,DjvZuMZ46fxKBoBpGMPcRcos4xdTtHFxwMh69DpA2ZFY,9rvDPJLAng4uVVqnnSoEXgNDFhBZQTny9AoQioYDZbQX,483.58985334499926,408.5158806019996,97408.28369388165,201.42747623860777,38.96331347755266,172.77044492017745,179.652416633,1463.990145625,289121.1617009387
vEnkoSUkpnbRrPgBz9DfcVxNz67zjwMYBZraAvDDNSf,DtfyjjsZ5yCjWKLKHvwsfXs5QVsmm1QkK6Sh9JZHoq1g,e5wrKCRv4GhHvEf1VD5Pq2KGaZDXP77nTL612Jyrxwy,2063.4108579999997,2061.6415590000006,2051.257159330964,0.9941098988493179,0.20512571593309642,0.9993134716449797,729.241147,1212.604897,1936.7182522357036
BSCNHw8CmxbZ8hCWWzMf5FaG2ajPT6JxfznKUNuRVrn4,7n9kgNL633yGzCYksgnzHyjG73ZLBAwvEae5sbAekbzW,SscdxE99omdG9AiMVwmaEMQySQnCgeAh1sPj2Leutm2,146.6247987529996,146.59569552700032,147.00041494827752,1.002561750798449,0.05880016597931101,0.9989909801494008,4937.511117564,6751.651367463,11694.998607820675
GokA1R67GqSavkd15zR62QD68Tuc5AEfvjssntVDEbM8,3YB7hfpBdbQEuZqLGWVDpRPmeZWCUsrrWyqGXegnQ6Cg,4DPCj6Z1DsG6HUtwSogBGqXEUxdEV5a8YVrrFtcnz7UW,69079.05405200002,69065.70245699998,69123.2929594941,1.0006404098623118,6.9123292959494105,1.0,24915.939396,56730.8051,81662.70090931797
KwnjUuZhTMTSGAaavkLEmSyfobY16JNH4poL9oeeEvE,J63v6qEZmQpDqCD8bd4PXu2Pq5ZbyXrFcSa3Xt1HdAPQ,BnKQtTdLw9qPCDgZkWX3sURkBAoKCUYL1yahh6Mw7mRK,219.23451100002058,5814.706758000057,5.540961007758843,0.02527412761104169,0.0005540961007758843,1.0,274660.616593,640.045616,7581.853089498877
4Fss9Dy3vAUBuQ4SyEZz4vcLxeQqoFLZjdXhEUr3wqz3,,,0.0010261390000000001,0.0006288590000000001,0.0,0.0,0.0,1.0,274660.616593,640.045616,640.045616
