0,1,2,3,4,5,6,7,8,9,10,11
BUSDTd9WiT6uBHJRgNvFXBsA7JrifsAtWzKfioN7ERcy,DyBxrn7gSc1EwnpWhDyhzvMHPtxpmBqRqotapLcKcfTM,Cds99GeBgoCpqBsoRWu1C6fF9LiUMd4pXQQD24s9LPff,20789.425924790005,20796.22355411999,20814.270879224994,1.001195076503068,2.081427087922499,0.9998270299238232,2651.83315094,3115.72963326,5770.192999696734
wrmcMSHFi3sWpAEy4rGDvQb3ezh3PhXoV2xNjgLBkKU,8p4mGnARWPBu6P2Gcw4adodLkNDorrXniZMhaY7eJXUn,AyY89zccbsgp9LKFgH4CFZMJmpSgqmPSdTfukhP227rc,0.003446790000000005,0.037633000000003136,1.111842635811451,322.57336124668154,0.0004447370543245805,3618.468664061369,27.15709547,0.0886059,9080.773240055883
NorjjEePhxfwLF4vZjUHCrVVKLzQjEEGQFd3wgjEJmh,34M8pFVqgbV7aqHxvRT5tCv3vu2P1JJYT8J3VaxBK2oG,3AZWBSze3ucsY3xSeuLne3b2pauVqiaJ1SZSV5T9WGWw,0.007120000000213622,0.0014559999999619322,0.004230689014180309,0.5941978952322156,1.6922756056721234e-06,1.0,38110.243979,2266.614091,24911.640850108015
AUSejoEUCh2DBs9mof6BNC8Pubs22w4cJa1ccV9h44R,4xkyD7AfGQDwsQMy9MosRRNGoVJ1zosNinesxg1TzHG7,Cbm5gsQe3nSiCsFrvepVzMCD9xLK3ri9g3ypS2hdmVJ7,2218.051038999998,2219.7113569999965,2215.4301850910356,0.9988183978353609,0.22154301850910357,1.0,14716.272657,14156.399965,28855.28384237307
MNkYtBe2HtgL15osfaMmyqNW3vo4J399FXXCS4a39Wf,2mUxDu8NrhSKhQJMgKfYLxJqZzeEbmwhQdHeHMyohyuk,AZCBmDBcFsA2jHHhfFJBTsWCHx9XnnKmGfFsue3ZVW1t,0.0008846299999731855,0.0008857100001478102,0.0008842622971821483,0.9995843428427158,3.537049188728593e-07,1.0,2195.17588665,1941.27263801,4135.536084091216
YAkoNb6HKmSxQN9L8hiBE5tPJRsniSSMzND1boHmZxe,CfWX7o2TswwbxusJ4hCaPobu2jLCb1hfXuXJQjVq3jQF,EnTrdMMpdhugeH6Ban6gYZWXughWxKtVGfCwFn78ZmY3,10754537.335805967,10752979.077658009,10754537.335805967,1.0,1075.4537335805967,0.9989750515970615,847447.135602,534559.391557,1381458.6313643479
RajgMbScQbqqrdJfR2rxfHJiTiY5b6bJ2tTXiF4aPxy,725ZA3fhyBAKb5iopNRrcbSuQa3LXA1656Q3mBvYPxeg,GLA6i1dSZpUfk2f9Nj8uiG7xyDdAR2reff8oEiZH3617,13589.056475429992,13592.147880949997,13582.904234785889,0.999547265061763,5.433161693914355,1.0,104815.22829322,77028.28016359,181796.05494090237
KysFMBBoavfov2tLpvefWW6tPFt6rAeZWDJVy1mMQae,B8ka2V21TH3x64dFV8ETcjuQcwmrciJ2qzy1mJUttRew,7fSf7EYxBANyxzk2s5pymFgshA91tFYQNKKs5UnLWcYS,13.363840999999866,18.084912999998778,0.0,0.0,0.0,0.02560301632207652,134596.5171,2541.636167,65.07355226848101
KwnjUuZhTMTSGAaavkLEmSyfobY16JNH4poL9oeeEvE,J63v6qEZmQpDqCD8bd4PXu2Pq5ZbyXrFcSa3Xt1HdAPQ,BnKQtTdLw9qPCDgZkWX3sURkBAoKCUYL1yahh6Mw7mRK,187.09838900001773,6041.094242999878,4.7902831074016765,0.02560301632207652,0.00047902831074016764,1.0,274476.489153,644.68466,7672.110691810518
ZUCKWFa4LTL833dPhhpeeRWZcaAEoMeYJPi2iKn4F8N,7eEYpq6ShaJ9opZWMxitRFrdCHh6vfyHhGfoSvFht3N2,H8VggnHmuwd1wvwpT8eg9cUJFEfZ7HAaeYjgXrSm7A2u,9.985881629000005,10.001579659000072,10.002157499761287,1.0016298882127759,0.004000862999904515,1.0,1805.597737697,2041.489795881,3850.030456047687
CZgvH45CRmoaNJ7395Ao5CQZXkGznvqU7cErD6n7FaRg,4ZjU6MKvtqVQKCiowhvZ5yUsPxXX5SCzd5eFsPeXyey5,BsyWeshjDbCvjDojry3vKDCesmFRM37WtwcR4Kfgzqr,332.50785824000013,317.34387759000003,350.5945655879081,1.054394826767833,0.14023782623516323,1.0,339.74020149,1319.71302668,1677.933337576117
MATSnbbiTCv7Dc3trJrkrqjx7ckKdr6fwPoVwv9q3sD,631WX9JizSHJm4w6VanZeJAst9T8DeUUnPLesdGkCVtK,211maUSfpnXbPuW1iBu8b4dtJv5EbN1j7JJiEX5TZKEP,13523.342215999983,13522.066888000008,13516.989231061383,0.9995302207962258,5.406795692424554,0.9998490227975576,25526.178585,26052.612711,51562.866277565525
JSoLLrxK5bYdHwTEWYaGgmeycBCNXKDiBCTw5hXGBg7,xG4wXczA7Dk4hccJ61CHKpDHW4NrNfQwgmWgkb9BuF2,BVR6WgfhsRr9Lob4QDnkEAiNGgAbv7ZieKcY9kSg3QYR,1.2421166150000111,1.083333790999994,253.90243600808225,204.41110998912126,0.1015609744032329,175.95500900801667,17.383168571,163.474549299,32317.478577213125
C98Sspw7XqnMsgxea3SLQVdbMDL8pKUc3RE82UvX9eq2,CSqgQJurPCzGxb4Cgwx5R61hWQUiaoUHcShNc8r1cKEL,6S2CR5EnukPhC914XkAns8m5GixjMAoUuZMsS5ubHuWc,174.01988200000028,172.53568999999993,0.0,0.0,0.0,1.0,814.084304,1802.168613,1802.168613
Cob4usZcpHEY7Qt4ZCwj6WVg9S44zvzYV2v9qYF65dTf,NhFM9UXE48PyNAyeyPYA3iXztqKVJwA4bTdLj4ysM8w,6TuFuynuBoeskxyR2cz4wxyidk8dpDK7kAWw3UkjQGx,40.40433100000007,1979.5856120000026,0.8060458730585917,0.01994949187646716,0.0003224183492234366,1.0,61837.388946,310.792872,1544.4173604401672
SERgf3DMJpQxUifu7VoFKmfne73d2fDJxSrxUMrcNJB,AJfM2GZ2tTB8UtN2krcyR9xufRJEx2mhSCbJyMgPo3GU,F4yRYkufQvERZcEKnKjJwRLU1btiMBUuEwq46hfm11QD,0.009222055999998702,0.008860749000000112,1.6164279403006236,175.27847806398609,0.0006465711761202495,176.10976005573522,29.284890014,27.958881528,10056.84286924795
AURHmCnNwiW4uA2Qj1XvEh4iKgRUZYXtiY7FKAapUV5Y,BKWm4TRnTeKwfWXRyuzjRHU7iZDkPuXBX5b5V5jSVfGJ,A5Ww74HVrkj9nPeC7pHKLfgeDMEhBCpW1efQdz3TGLEg,0.0009976149995054584,0.0006721209999795974,0.16673126227764556,167.1298670933158,6.669250491105823e-05,176.0753715278377,289.900346858,1809.485951112,367056.91755713185
SoN9GaFpSXfpyR5dth3x7PHPVhvJMpQqqDJfCSmPv1t,9kZ9iS68ViMPtoeqtnhAKuF2iqVyfHPdZHoUNdwCELr,BBhm5fJLjw3HRzjtKB8uMEYjGhY6EDm9co3cqpjrSzB9,1.3229518140000018,1.2985800030000005,275.10876112952207,207.9507040379036,0.11004350445180883,205.0272265905551,3.760080443,5.86726499,1984.8604439325634
ALBpShJ9NLpE739pcHDF2LNVk5J4VYPvvKuV6jMPitZi,D6d156U1bPiJpDYRLextvDRccgFk7QzkQbJg42ceKEu5,GNcM8U5g8RwTZffwwm3kSQqUNPSwv5d2fbN9sLxPJqt2,16620.021298999985,16605.804610999992,16623.977805717746,1.0002380566574844,6.649591122287098,0.9991067985221213,43607.02331,56704.8585,100271.61388879691
ALLwa5WNZbvQsRKAqe1jdRGemdYQnW8E5k4msbRFcYtu,CGoM82Hbz7QVqTgvQatYtjvDWBvoUJp5qm21P8iMs9yb,3dxNNww8TivyN5FMy5dCNdi3Zcxv6e4kUfSPxfFwpdNq,5.783341925999999,5.791056666999998,20830.287767296613,3601.7735132779376,8.332115106918645,3563.7283726234386,5.697499343,2.935249511,30981.534188615624
KZMu9QBEdL97EFgamLbN5DE1AoKBG4HdrKKJo4Vuon3,DD4ACBWyVqdaKWh7v5btsgqQCCMwbKnuL2xd9pv7Gyuw,GcYqiJ1MAuYbNTNYXm1F1gQYTfTgkErACAhNU5dpVj9T,225.29929434000042,225.27832869000122,225.69697918823948,1.0017651402300396,0.09027879167529579,1.0,2119.04844638,2270.31041028,4393.099274322108
DFWzVTzNBrQZLjoQ4yQwkj9HuoXmfkuZP9V5vbymZe23,DhgiEgiNdqZdRdo195UUHnoEJUtefK8buko8nU97XJUZ,2K2kkXsouBHtWVjtcgkyiXd8eP3oVBvq1bTJzcVdLLr2,863.7074965390002,1031.659015184996,710.5993075151791,0.8227314343833444,0.28423972300607164,0.9997556087416876,61899.407411359,7111.632005424,58036.48223175595
BkwbeSfcX1h4thMDd7obGkHrPevf3QwgzJ4pCEqG18Lu,35yX27bmurdebhfAb8EPmjLETDiUaEUCn9zHaDPbakH2,2CxECn1ZJFoESyUnQysQU8rRgT3iJ5GRs2Mdd6gZjx5g,0.008044330000000932,0.005884199999999007,15.865276901232509,1972.2309876932784,0.006346110760493003,1226.993865030675,0.83789592,22.73712047,29550.831623039143
B2izdXFYb2sNwbWWHmh75T4aQFtfXsUxem9u2p61HGzf,4DYwgJtxwuJdAjkj5RJSNH4e7U329V5cNp7d3a1nLrZv,EXNW64GEf1ACC6xY9BtKRiunrs6GoJSXBdxWN2eTPmrF,3594.3370389999927,3535.897328000001,3642.8451652200633,1.0134957088591687,0.36428451652200633,1.0,8567.336401,31243.579705,39926.538383766456
moFiBS1R4Lf3E3zzmBPnw3NF4RhWPkhREFviuzUaCAU,44ALBrpqi9PfZkBRTvbtRNtFJGsatfY4QydjtMbFWq8S,2ho8qEEie1UjVwWNBo9y4oAJZMyMLx8zPj9bxyUz6uWs,6313.589556666,6319.912085344007,6301.26338440544,0.9980476760248778,2.520505353762176,1.0,40784.751378936,26330.219757259,67035.3460882585
GokA1R67GqSavkd15zR62QD68Tuc5AEfvjssntVDEbM8,3YB7hfpBdbQEuZqLGWVDpRPmeZWCUsrrWyqGXegnQ6Cg,4DPCj6Z1DsG6HUtwSogBGqXEUxdEV5a8YVrrFtcnz7UW,45778.21158000004,45779.03666199998,45770.20179468597,0.9998250306196416,4.577020179468597,1.0,44630.14268,29903.981068,74526.31483958996
MATgk4zXLXtYkwBH678J1xZbRDZ45LicNzkRBHkxTuY,y8dALFo1bJrSzPYjMX14HJX448pXqYmrfXHD1K8MXih,GN7Yuet3UyiWS5YVkEHv6oQKi4HGBJc3XDPt9zQhAqZz,38575.58298500001,38491.126826,38530.810183566704,0.9988393486768374,15.412324073426682,1.0,8953.10802,5796.417917,14739.134500330169
KEnkcdADoLR5jS2CLLLesy8TtFsyWL37BhXNfDMzWzP,3qsjFRuw1qeLMPo4DLwaQevenGAGBj9dA3Q6rb8ax2YR,77iEv8zPQAEyCcEbvBRSB6AFcUdfkhiqnAKtPxk76rNN,1.4032939999999883,0.027309999999999945,0.027995002253294873,0.01994949187646716,1.1198000901317949e-05,0.998318831088447,102.331928,0.519689,2.560285281348746
WiiQFxXqp8P9Fs1rt9SVcDyA3KUdJmUsog6wnVQAwba,3S2jpqSYxho6wiz3cafhjXruVY8cg4HYa2v3BqBHYFSj,Dfe67M6TfrG74gKRtdqys4e6E9QirPD53BkF4FujFjuv,29846.438640487002,29796.991068273997,29851.32625783785,1.0001637588125578,2.985132625783785,1.0,12959.517004414,13810.815428998,26772.454668527964
HDSBGqAuMRr6X2AfmmbXQPpRgU6VEhtfNVVZ3wUTZXg,DCZ1d8kNLgDcdSd99y4udLgwq46mfDXNS9KXj96kQf5L,Fq8GGYQM5Pz3q7LmVMbrXHJgsxA5ev86kTq8yGgGuYsa,2031.78316632301,2035.8561432470015,2022.0942753156096,0.9952313361149976,0.808837710126244,1.0,63319.547184983,62071.858369942,125089.45591704926
BSCuChvaSj9b5HUSqgDVRzcnr2sSn7cXaamt1jbKH6hn,GnKpRj5kBVPMJfiwZtEuD9GYApLzPdW5JFuZTcyX4BTc,3dmwD9okkomV9nDwyuh4UMhKdUR13QpuKxRo89ycZB5t,306.132112859,306.3783231699997,306.1467873929601,1.0000479352976825,0.12245871495718405,0.9983866072426958,1606.440429055,1499.649623069,3103.7475334838227
heyk4SZTeCUV6a65WiVA5bzic3KcxgVf1qxobfeV4tQ,9ZDpBKPqMABtGfq66FbVribaArMvtk63xxy91onZAtDt,DaTP4s6N7xxSPinbNZ3FB52EpRDRt87QShTuN3VPCW52,15.141111443001591,13.220754186000022,3027.964911582834,199.98300144487717,1.2111859646331333,174.66150600136936,627.432460647,4470.441515093,906289.8742013186
BSCNHw8CmxbZ8hCWWzMf5FaG2ajPT6JxfznKUNuRVrn4,7n9kgNL633yGzCYksgnzHyjG73ZLBAwvEae5sbAekbzW,SscdxE99omdG9AiMVwmaEMQySQnCgeAh1sPj2Leutm2,611.865401871999,611.2664406189997,612.9452575665717,1.0017648582372347,0.24517810302662868,1.0,5251.265189456,6436.54194245,11697.074870531516
SAMyS8Jr2HJrkFwYVKbpUwsNStnQmvz3f8Tup8bWUWF,6jPzm5TFfquvgm25sTyN3MMGBfufRaFHMxobDWv6hMFW,Cj9ECoDmxsHTDzCY5ZA6RWrPbg9uFzEC1Qc2kso2vJG6,1400.504792519981,68.43736436000324,1402.9768798716213,1.0017651402300396,0.5611907519486486,0.02560301632207652,531.43462963,106762.9978345,3265.8274624249198
vEnkoSUkpnbRrPgBz9DfcVxNz67zjwMYBZraAvDDNSf,DtfyjjsZ5yCjWKLKHvwsfXs5QVsmm1QkK6Sh9JZHoq1g,e5wrKCRv4GhHvEf1VD5Pq2KGaZDXP77nTL612Jyrxwy,3235.8594470000016,3235.683788000001,3233.738114796695,0.9993444300538846,0.32337381147966954,0.9995272236232262,872.147458,1068.854614,1939.9249891262493
KEVpg4SYCVrqFxKijQH6hm4QxsRdoE51ud64bEEFUC9,2bPenuBYfqzD8p5dFjCcggwkHDsc2RQDnx9AoyYGUBjA,AE6n6iLuX8oYu61vt5hoDYkjswpnxFxrhSehxrnQTnbx,1553.7433230410002,1554.279992142001,1550.6395025377801,0.9980023595550227,0.620255801015112,1.0,5573.490837691,2054.032802975,7616.389809948918
BUSD5rCfUDpCxKGMvYU2yThChxgHoioK74PTPociGnv2,CcFHbafgYDZ8yA8Me1PdtDiVb2eeaS61LbqyKKK5CsNZ,26R9s4nmF3CFDTkiePDwRmtscn8i7r2eygbSijditJ58,624.4852633000002,625.0944104099999,624.1043225036304,0.9993899923364777,0.062410432250363045,1.0,77.24187395,69.57722143,146.77197724494567
FrnkTEL6yZ5Aycq2TrEgu29dCrwKG4LPUZydfiwqspkc,DjvZuMZ46fxKBoBpGMPcRcos4xdTtHFxwMh69DpA2ZFY,9rvDPJLAng4uVVqnnSoEXgNDFhBZQTny9AoQioYDZbQX,3669.2916758249894,3076.5545221700027,763348.6301228062,208.03705389574347,305.3394520491225,176.04753565138645,179.992295663,1461.774306363,294786.83122738305
MARpDPs5A7XiyCWPNH8GsMWPLxmwNn9SBmKvPa9LzgA,6YjT74rmcfCpw8LSjPNx5JTmZoYLGrTKnf9arfSgZ4SR,F8GSmi3vA8M8TsybLya1LQ4n1aFHCRbZ6k437PeTdXtg,63287.56445999989,65138.39721300057,60899.21889343708,0.9622620085487357,24.35968755737483,1.0,315188.641997,19601.433572,322895.4892917816
HEDSDjj84KS7LKhZY7ejkCACTdPen62rKhCby1wXtgxc,EnnjMSFttpCTywBrYNt1J5QQeoSVkvzPipJDa8Y7kJow,6bjVT6JN2rSvpyn9PdfLYC8wJn4LWh49jpY47fnLDXZk,3.55090397499589,3.667425595995155,3.440306824873398,0.9688538042984899,0.0013761227299493592,0.9999519613078267,39101.180656537,9120.247698812,47003.13720568865
BSC8REUo9LpiiWUuqMuLXs2D2yJsJfGd4HdiF3wCLxk5,AZjEH1zWVx1UJ6udMyRijGTzPteuLnaY18yNNmprJEsh,Caf8ypkSVR8xYnXNhjvfvdGCC7mrM3C11rz8Xi6NA6aK,8723.756434498999,8752.337302009999,8720.258843320049,0.9995990728070859,3.48810353732802,1.0,3362.122972756,2980.252169069,6341.027175299301
ercAoEmXjQzEvAFbdjAo81KtMxRGn9AW1ju882upmPH,CMRhskR2Eg6V42RTSdRTXGdozyPbWB8U9dVpijPWb9T4,7TKLLgrWswt6ZJ1pXhVR3FyufHGjJFqiEXxvWJfDcgRm,12.052283519000184,11.91705995400008,2116.852630863482,175.63913324195417,0.8467410523453927,173.03711455766435,736.053410848,923.07008355,289005.16689312086
parEAJhzYzHW87y9VoZAQ22dzQ2MD2ekEtTReaxbMcz,3oyc6hpjYSJEquK6dSvG72NXyz3pqLZz5D8AC71pwgQb,Di2vordgFJVZ1aj1aBpvzXtLfZgJsuLLXawGtVFwX6Rz,4.669498743999981,5.496099654999853,794.0339954451191,170.0469448600675,0.3176135981780477,201.54443500544673,1104.864602908,141.819656948,216461.812840788
daob129AwBGn9Y5r91uLoWZeYiGzbPmksauMhFZKTze,6VW5GQNyj4LStgmxEHLr5zUfW92vQnmbw8jTnCH7a38F,4VPCCUifPeBA1c7HWK358CHn2nyjm8pdTRk6Ps3KmnMQ,7.256319243999968,6.504057700999994,1414.623405060832,194.95054689476922,0.5658493620243329,175.92420903595996,48.946859167,222.994787932,48772.39864946663
SEQV6QiTpvTzrceiaYg9Avnwf7oc8ZALpnQMz6TyT4A,3dFMPj4r9mMmPHF32mz1gNDX7f8ftidWof7S8YiYTs1j,Fc1ED3YPeQfXQosHbd8DTaBd2AV5gHQtwiSAL5C5pUhi,3135.2480701689988,3128.859574182,3144.4267966320003,1.0029275917750606,1.2577707186528002,0.9979243174197668,862.386638746,4759.700250709,5614.731978587986
KEN5P7p3asnb23Sw6yAmJRGvijfAzso3RqfyLAQhznt,9zj4aX38Uxf3h6AUjS4EipWS8mwbEofasHAf3a1uKGds,CwQDG1MWunn9cLNwcZLd8YBacweSR7ARo32w4mLua1Yr,266815.3999780002,267004.99892299925,266270.3445826396,0.9979571816491642,26.62703445826396,1.0,1435625.268221,886112.048815,2318804.595393155
Sid7E679i9ABqptiAVhkmQ27YHN8vaYT4fppPwmxFsJ,GP7KB8o1bv527HG8kTzzzf4wJ5aEGHvcMQvVhLziUfmT,9gYxhAZ1M9wu5pxr8SBoa5NDm21gi3s9vMHaYTME77sa,8203.859396000003,10103.730188000023,163.66282637618085,0.01994949187646716,0.06546513055047234,0.02560301632207652,107373.689679,24744.068771,2775.5733466160127
BkMBnJpvHKtWhUvrgRrLesXfi9RUV3ELgdBaJcdH7hcY,5uerVwBnZQsuVhZ15igs7ZgmcqhHnYWbwoRtLyRqLvR,9YWiQh5d4jCtgMdzcGLv9bWgnLaFtzvDDh2nnhJdzhBX,53.64314855899988,53.664651997999954,53.841944972751065,1.0037059050240598,0.021536777989100427,1.0,1114.216648772,1759.198079488,2877.5439093365753
STK75uPSyBnEhGTTzb1nwmP3n427XoXmfRhXxxhyady,6TYyD5fUmDe6N65avW1Ny2RxzRNobw2RRgKwH9CTzSAU,54zDfk4cx2vGrEajPtodWpArNe5eUurytyxd4X3aZAxK,1463.188359577999,1630.9883083050036,257243.21748177757,175.81004919692606,25.724321748177758,197.0458492193339,4030.264592466,732.029429722,852804.3769111928
SoNcU2iwHMw6dGzsYNQkYFkUjwN1UdAjrWVRnStrZu2,8ivTTid27jZnYNc4w3CTA1Z6QS2twsFb8WMwUabeDJgc,CyXm53PMvHCbeXJBykU46Rcbo28xk5srhMZFg7gv6EYB,0.42090543799999836,0.4176547389999996,87.24763248762159,207.28559103962428,0.03489905299504864,202.1745490142879,15.959206353,19.626287895,7276.049425401135
RoBgmK8CvjdHvPrqdDyVw54VwjZv2TqJ493xnqJAQHx,ExiHJxM7qPAcy27NDHAF6G7vnW7muNHi2sVJpnaNynGQ,6rkPHSqZb7StM4HwS9EuVrmfkV7tRdc7dnsFhyB6cefE,5.772521999999597,12.661693000000092,0.0,0.0,0.0,0.9627354008396978,6183.285046,20.467053,19.70435647396234
BUSDgu5JdqP1rndBvXvanbEufS94FNh1w5FJcAj6vawb,Bgzr8cWubt89JQFXndVjtdKmDbGzuPxNhvjH1EhWCwbo,Dxaf8xPBBQsasRKW5Aa4Sw2YrbfGofY9xZueyyF23FBW,9003.714596709999,8943.607234,9058.754228589776,1.0061129916201352,3.623501691435911,1.0,4956.78682998,10022.01377537,15009.101401704465
Lee1XZJfJ9Hm2K1qTyeCz1LXNc1YBZaKZszvNY4KCDw,9DgFSWkPDGijNKcLGbr3p5xoJbHsPgXUTr6QvGBJ5vGN,2hNHZg7XBhuhHVZ3JDEi4buq2fPQwuWBdQ9xkH7t1GQX,1119.074675141048,949.934948081007,232020.43035591877,207.33239301182022,23.202043035591878,175.92420903595996,7211.063329254,56379.159084312,11413545.98423416
Lid8SLUxQ9RmF7XMqUA8c24RitTwzja8VSKngJxRcUa,4PgzyzLtds9bKZ2to9PMnKqJzKEUpjvNUaeN23phegax,AtymwxoVN9peZo7EXTcDz9jKVc4vRmisJKKrNfe3ewBa,83.89335548099734,71.36749656299912,17347.6820050375,206.78255036499186,1.7347682005037501,175.92420903595996,991.031538225,7671.723375039,1554569.8956627278
