0,1,2,3,4,5,6,7,8,9,10,11
BkMBnJpvHKtWhUvrgRrLesXfi9RUV3ELgdBaJcdH7hcY,5uerVwBnZQsuVhZ15igs7ZgmcqhHnYWbwoRtLyRqLvR,9YWiQh5d4jCtgMdzcGLv9bWgnLaFtzvDDh2nnhJdzhBX,93.98874798899988,94.0306723440001,94.01554571007134,1.0002851162681154,0.03760621828402854,0.99932578487272,1376.403183363,1496.314605776,2872.1013861356787
BSCNHw8CmxbZ8hCWWzMf5FaG2ajPT6JxfznKUNuRVrn4,7n9kgNL633yGzCYksgnzHyjG73ZLBAwvEae5sbAekbzW,SscdxE99omdG9AiMVwmaEMQySQnCgeAh1sPj2Leutm2,85.1591021690001,85.0512298929998,85.26898711893446,1.001290348854504,0.03410759484757379,0.99932578487272,5171.661336006,6514.657578771,11688.59988136914
Cob4usZcpHEY7Qt4ZCwj6WVg9S44zvzYV2v9qYF65dTf,NhFM9UXE48PyNAyeyPYA3iXztqKVJwA4bTdLj4ysM8w,6TuFuynuBoeskxyR2cz4wxyidk8dpDK7kAWw3UkjQGx,42.94214999999994,5101.398089999988,0.3624062801745717,0.008439406973674402,0.0001449625120698287,1.0,71857.097551,179.66432,786.0956101799111
NorjjEePhxfwLF4vZjUHCrVVKLzQjEEGQFd3wgjEJmh,34M8pFVqgbV7aqHxvRT5tCv3vu2P1JJYT8J3VaxBK2oG,3AZWBSze3ucsY3xSeuLne3b2pauVqiaJ1SZSV5T9WGWw,3.2520290000002205,5.4497169999958714,1.9324728003314773,0.5942360293623907,0.0007729891201325909,1.0,38109.866632,2266.796289,24913.052115929946
heyk4SZTeCUV6a65WiVA5bzic3KcxgVf1qxobfeV4tQ,9ZDpBKPqMABtGfq66FbVribaArMvtk63xxy91onZAtDt,DaTP4s6N7xxSPinbNZ3FB52EpRDRt87QShTuN3VPCW52,13.318112519998067,11.594544550999899,2798.1461797366314,210.10080636689483,1.1192584718946526,185.4087744331683,631.37068914,4465.843254667,960658.0155631761
BSCuChvaSj9b5HUSqgDVRzcnr2sSn7cXaamt1jbKH6hn,GnKpRj5kBVPMJfiwZtEuD9GYApLzPdW5JFuZTcyX4BTc,3dmwD9okkomV9nDwyuh4UMhKdUR13QpuKxRo89ycZB5t,1777.8053597309995,1778.522847018,1771.3741149863022,0.9963824809563683,0.7085496459945209,0.9973709302279191,1966.055490431,1179.412260982,3135.25475111136
BUSDgu5JdqP1rndBvXvanbEufS94FNh1w5FJcAj6vawb,Bgzr8cWubt89JQFXndVjtdKmDbGzuPxNhvjH1EhWCwbo,Dxaf8xPBBQsasRKW5Aa4Sw2YrbfGofY9xZueyyF23FBW,15620.815879420015,15522.674856060003,15677.49110719691,1.003628186146894,6.270996442878764,0.9996182058224682,4672.67444396,10286.48750357,14972.187959180406
BUSD5rCfUDpCxKGMvYU2yThChxgHoioK74PTPociGnv2,CcFHbafgYDZ8yA8Me1PdtDiVb2eeaS61LbqyKKK5CsNZ,26R9s4nmF3CFDTkiePDwRmtscn8i7r2eygbSijditJ58,1381.69810427,1379.09848396,1382.8565231794673,1.0008384023296315,0.13828565231794673,0.9996182058224682,67.6099319,78.82064345,146.4571664116727
FrnkTEL6yZ5Aycq2TrEgu29dCrwKG4LPUZydfiwqspkc,DjvZuMZ46fxKBoBpGMPcRcos4xdTtHFxwMh69DpA2ZFY,9rvDPJLAng4uVVqnnSoEXgNDFhBZQTny9AoQioYDZbQX,461.72029530399647,388.36462380700084,101776.97281018767,220.42993094591554,40.71078912407507,185.43253157869654,179.542530934,1456.255991865,309613.7828938092
DA1mL7dfBow33EH5yjUuZE6SH2KeUK5zEXzsyhE5r5j5,B4UtLRZND3D83CitRCBUyeiNr7H8m7YFRqBmiPmXjhW4,AAmpYbuixWiSqDaJBCqYEs1pb5SrbdPr9mgXrB58Q2e,1445.61260747,1380.8950043260002,1696.5007727842174,1.173551450795177,0.678600309113687,0.99932578487272,184.545377141,2950.368851291,3164.953163061767
Lid8SLUxQ9RmF7XMqUA8c24RitTwzja8VSKngJxRcUa,4PgzyzLtds9bKZ2to9PMnKqJzKEUpjvNUaeN23phegax,AtymwxoVN9peZo7EXTcDz9jKVc4vRmisJKKrNfe3ewBa,256.55477419899864,218.63145678499984,55872.29040745804,217.77918801900864,5.587229040745803,185.45478148790372,994.63095805,7667.455572405,1638576.2201712765
MATSnbbiTCv7Dc3trJrkrqjx7ckKdr6fwPoVwv9q3sD,631WX9JizSHJm4w6VanZeJAst9T8DeUUnPLesdGkCVtK,211maUSfpnXbPuW1iBu8b4dtJv5EbN1j7JJiEX5TZKEP,93170.74268499998,92937.86389399998,93303.79389509438,1.0014280363798778,37.321517558037755,0.9989101889838187,19943.145096,32155.023176,52091.6049102435
SAMGk1Nd4haC8zQA63DG37pzuEZy8j4q13tSFtCbcRE,9U9TnkHD3jXMAVZtynCVLgDruuqN4pTvLJTmVHCLWS8g,C6zoEbvqSknmi96QWq96UBiPCyNW3YSTvKhavR2BfifE,0.39236835999999997,1.5204321200000024,0.3707177046150706,0.9448205880185411,0.00014828708184602826,0.0,54.96116353,0.6298888,51.92843884459779
STK75uPSyBnEhGTTzb1nwmP3n427XoXmfRhXxxhyady,6TYyD5fUmDe6N65avW1Ny2RxzRNobw2RRgKwH9CTzSAU,54zDfk4cx2vGrEajPtodWpArNe5eUurytyxd4X3aZAxK,1633.7646699129953,1830.9911650609956,302876.1753043603,185.38543578647082,30.28761753043603,206.94177920677973,670.783452859,121.884238481,149576.4238951409
7oAd7xG4m3oC2qeWB1szghTebAZyyGPAFDJ4wwwbRSNi,D9yh4KAysxt9GLacVe4Wwh2XqghhcjTCSTV9HuM7TBJd,HDYfJLpZKaMFb84jM4mRytn7XLR8UFZUnQpSfhJJaNEy,4.794325694000008,200.0,4.791091831582078,0.9993254812825967,0.0019164367326328312,0.022589954842755944,951.16700993,300259.904035883,7733.383103239256
WiiQFxXqp8P9Fs1rt9SVcDyA3KUdJmUsog6wnVQAwba,3S2jpqSYxho6wiz3cafhjXruVY8cg4HYa2v3BqBHYFSj,Dfe67M6TfrG74gKRtdqys4e6E9QirPD53BkF4FujFjuv,34648.737723296996,34621.858347274,34598.76005658658,0.9985575905503532,3.459876005658658,0.99932578487272,17934.88182117,8828.18117632,26731.241461177407
KZMu9QBEdL97EFgamLbN5DE1AoKBG4HdrKKJo4Vuon3,DD4ACBWyVqdaKWh7v5btsgqQCCMwbKnuL2xd9pv7Gyuw,GcYqiJ1MAuYbNTNYXm1F1gQYTfTgkErACAhNU5dpVj9T,109.61179053000023,111.26924411999926,107.81660099676371,0.9836222953337744,0.043126640398705486,0.9996182058224682,2062.77486119,1026.46225632,3055.0617027275966
ZUCKWFa4LTL833dPhhpeeRWZcaAEoMeYJPi2iKn4F8N,7eEYpq6ShaJ9opZWMxitRFrdCHh6vfyHhGfoSvFht3N2,H8VggnHmuwd1wvwpT8eg9cUJFEfZ7HAaeYjgXrSm7A2u,70.6724111469996,70.59077150199982,70.8626396354966,1.00269169376578,0.028345055854198647,0.99932578487272,1647.927284107,2199.412384775,3850.292507378147
DFWzVTzNBrQZLjoQ4yQwkj9HuoXmfkuZP9V5vbymZe23,DhgiEgiNdqZdRdo195UUHnoEJUtefK8buko8nU97XJUZ,2K2kkXsouBHtWVjtcgkyiXd8eP3oVBvq1bTJzcVdLLr2,15.98827049099691,16.875433939001596,13.554612370588535,0.8477847793619214,0.005421844948235414,0.99932578487272,61057.790929344,7811.621328496,59570.220426587985
Dg3mAgpwDfVNnbGWcsxL8sUcSkEbjSJQhKAWNigG44Ju,EATxwd8YA2wV93VJcKMmH2Kn2Y9XfJVUB9hHVu3udwEy,GiGvrRi7NMHfHKanG2B8xyCEqe8jaafWins8bhrLVEaa,0.017462700000000025,0.017358083999999996,3.835863601437639,219.66039624099557,0.0015343454405750557,218.45580147610585,0.207742557,0.25141126,100.55506069015524
MARpDPs5A7XiyCWPNH8GsMWPLxmwNn9SBmKvPa9LzgA,6YjT74rmcfCpw8LSjPNx5JTmZoYLGrTKnf9arfSgZ4SR,F8GSmi3vA8M8TsybLya1LQ4n1aFHCRbZ6k437PeTdXtg,32826.33503599999,33647.66004600021,31346.857406963532,0.9549301611826619,12.538742962785413,1.0,315871.912645,21246.726892,322882.34334716556
Lee1XZJfJ9Hm2K1qTyeCz1LXNc1YBZaKZszvNY4KCDw,9DgFSWkPDGijNKcLGbr3p5xoJbHsPgXUTr6QvGBJ5vGN,2hNHZg7XBhuhHVZ3JDEi4buq2fPQwuWBdQ9xkH7t1GQX,2084.5447143120027,1767.6599583630014,455300.4206959913,218.41720044190166,45.53004206959913,185.1585086444953,7203.123517233,56430.033450697,12021786.909561297
BkwbeSfcX1h4thMDd7obGkHrPevf3QwgzJ4pCEqG18Lu,35yX27bmurdebhfAb8EPmjLETDiUaEUCn9zHaDPbakH2,2CxECn1ZJFoESyUnQysQU8rRgT3iJ5GRs2Mdd6gZjx5g,0.01700232000000157,0.010176569999999274,42.30590460076531,2488.2430515812785,0.016922361840306124,1477.1048744460857,0.79113321,22.81378651,35666.88697115104
MATgk4zXLXtYkwBH678J1xZbRDZ45LicNzkRBHkxTuY,y8dALFo1bJrSzPYjMX14HJX448pXqYmrfXHD1K8MXih,GN7Yuet3UyiWS5YVkEHv6oQKi4HGBJc3XDPt9zQhAqZz,52883.47192199999,52290.331360000004,52990.56585559415,1.0020250927123717,21.196226342237658,1.0,5722.875179,8969.133494,14703.598025818806
wrmcMSHFi3sWpAEy4rGDvQb3ezh3PhXoV2xNjgLBkKU,8p4mGnARWPBu6P2Gcw4adodLkNDorrXniZMhaY7eJXUn,AyY89zccbsgp9LKFgH4CFZMJmpSgqmPSdTfukhP227rc,0.010953029999999003,0.0531981000000034,3.7808180876765634,345.18467380048327,0.0015123272350706255,3343.6987996121306,27.06750161,0.09720856,9668.32285922593
GokA1R67GqSavkd15zR62QD68Tuc5AEfvjssntVDEbM8,3YB7hfpBdbQEuZqLGWVDpRPmeZWCUsrrWyqGXegnQ6Cg,4DPCj6Z1DsG6HUtwSogBGqXEUxdEV5a8YVrrFtcnz7UW,35287.086427,35271.53990099999,35300.11216839014,1.000369136211262,3.530011216839014,1.0,11920.599536,20686.441198,32611.441058948687
SEQV6QiTpvTzrceiaYg9Avnwf7oc8ZALpnQMz6TyT4A,3dFMPj4r9mMmPHF32mz1gNDX7f8ftidWof7S8YiYTs1j,Fc1ED3YPeQfXQosHbd8DTaBd2AV5gHQtwiSAL5C5pUhi,201.41378757200005,202.67488786499962,199.9424949276181,0.9926951741381855,0.07997699797104724,0.9977072686965355,4905.289449298,713.816565892,5581.637140375531
parEAJhzYzHW87y9VoZAQ22dzQ2MD2ekEtTReaxbMcz,3oyc6hpjYSJEquK6dSvG72NXyz3pqLZz5D8AC71pwgQb,Di2vordgFJVZ1aj1aBpvzXtLfZgJsuLLXawGtVFwX6Rz,1.1918708730000276,1.359420324999661,212.48572171231905,178.27914627821778,0.08499428868492763,212.05269339788785,1103.754496611,142.755668339,227048.13332565362
TSMFNX73aQNb3yqszDKgyR8AVoigfbaD4cfLjjCYXZf,C5uYkVHiFduEFq8S3fr4pgUS24oYj1sjZ8WW2cb4j8SU,3F5DPU5ScgHiFzePYUHZovvgh3uqmM5keNvbavx2ERqV,69.58104699999967,43.627848000000085,0.0,0.0,0.0,0.05737829833410144,3077.838728,82088.253008,4710.0842708182245
ercAoEmXjQzEvAFbdjAo81KtMxRGn9AW1ju882upmPH,CMRhskR2Eg6V42RTSdRTXGdozyPbWB8U9dVpijPWb9T4,7TKLLgrWswt6ZJ1pXhVR3FyufHGjJFqiEXxvWJfDcgRm,1.6134745640000574,1.5839587079998978,298.29597269130943,184.8780137889418,0.1193183890765238,181.6883902390456,338.614470465,920.356296259,229820.42465343134
moFiBS1R4Lf3E3zzmBPnw3NF4RhWPkhREFviuzUaCAU,44ALBrpqi9PfZkBRTvbtRNtFJGsatfY4QydjtMbFWq8S,2ho8qEEie1UjVwWNBo9y4oAJZMyMLx8zPj9bxyUz6uWs,951.851689355004,947.2028140000002,946.8689797758606,0.9947652458519879,0.3787475919103443,0.99932578487272,46054.484958142,21073.616946204,66872.80984684516
SoN9GaFpSXfpyR5dth3x7PHPVhvJMpQqqDJfCSmPv1t,9kZ9iS68ViMPtoeqtnhAKuF2iqVyfHPdZHoUNdwCELr,BBhm5fJLjw3HRzjtKB8uMEYjGhY6EDm9co3cqpjrSzB9,4.2662928259999955,4.189840246,937.2490105847377,219.6869855891928,0.37489960423389507,216.07391110632867,3.787591949,5.826499922,2091.0392841249645
Sid7E679i9ABqptiAVhkmQ27YHN8vaYT4fppPwmxFsJ,GP7KB8o1bv527HG8kTzzzf4wJ5aEGHvcMQvVhLziUfmT,9gYxhAZ1M9wu5pxr8SBoa5NDm21gi3s9vMHaYTME77sa,1053.5491849999926,2763.7781270000396,8.89133033899792,0.008439406973674402,0.0035565321355991676,0.02497685956403541,135119.945889,8937.245087,1363.5565290454988
KEN5P7p3asnb23Sw6yAmJRGvijfAzso3RqfyLAQhznt,9zj4aX38Uxf3h6AUjS4EipWS8mwbEofasHAf3a1uKGds,CwQDG1MWunn9cLNwcZLd8YBacweSR7ARo32w4mLua1Yr,221935.6425119997,221973.63935499988,221187.58609582364,0.9966293993713262,22.118758609582365,1.0,1974510.898577,1855260.864002,3823116.4749029335
BUSDTd9WiT6uBHJRgNvFXBsA7JrifsAtWzKfioN7ERcy,DyBxrn7gSc1EwnpWhDyhzvMHPtxpmBqRqotapLcKcfTM,Cds99GeBgoCpqBsoRWu1C6fF9LiUMd4pXQQD24s9LPff,54465.13108036999,54311.35674271004,54408.57934708242,0.9989616892098521,5.440857934708243,0.9994139037103081,2380.84967384,3166.02446605,5542.546482791306
SAMyS8Jr2HJrkFwYVKbpUwsNStnQmvz3f8Tup8bWUWF,6jPzm5TFfquvgm25sTyN3MMGBfufRaFHMxobDWv6hMFW,Cj9ECoDmxsHTDzCY5ZA6RWrPbg9uFzEC1Qc2kso2vJG6,1002.5396894499572,25.384484680000128,986.1203904999763,0.9836222953337744,0.3944481561999906,0.024970092951363283,528.47528636,106875.97470189,3188.523096770341
JSoLLrxK5bYdHwTEWYaGgmeycBCNXKDiBCTw5hXGBg7,xG4wXczA7Dk4hccJ61CHKpDHW4NrNfQwgmWgkb9BuF2,BVR6WgfhsRr9Lob4QDnkEAiNGgAbv7ZieKcY9kSg3QYR,4.030151076000294,3.445823905999994,868.4169408650258,215.47999677641923,0.3473667763460104,185.1585086444953,17.334565679,163.503848595,34009.3809201171
B2izdXFYb2sNwbWWHmh75T4aQFtfXsUxem9u2p61HGzf,4DYwgJtxwuJdAjkj5RJSNH4e7U329V5cNp7d3a1nLrZv,EXNW64GEf1ACC6xY9BtKRiunrs6GoJSXBdxWN2eTPmrF,5039.941511000008,4943.626216000004,5096.827199372201,1.011286973915875,0.50968271993722,1.0,7759.591053,32063.609377,39910.782731813066
KwnjUuZhTMTSGAaavkLEmSyfobY16JNH4poL9oeeEvE,J63v6qEZmQpDqCD8bd4PXu2Pq5ZbyXrFcSa3Xt1HdAPQ,BnKQtTdLw9qPCDgZkWX3sURkBAoKCUYL1yahh6Mw7mRK,171.80935999997303,6175.379803999958,4.288786131709261,0.02496247079734151,0.0004288786131709262,1.0,274793.633044,636.521354,7496.049394156229
AURHmCnNwiW4uA2Qj1XvEh4iKgRUZYXtiY7FKAapUV5Y,BKWm4TRnTeKwfWXRyuzjRHU7iZDkPuXBX5b5V5jSVfGJ,A5Ww74HVrkj9nPeC7pHKLfgeDMEhBCpW1efQdz3TGLEg,0.00017889699984152685,5.9730999964813236e-05,0.036929784926641195,206.43043180911295,1.477191397065648e-05,185.26656523939775,289.899434077,1809.486328107,395081.3822137664
ALBpShJ9NLpE739pcHDF2LNVk5J4VYPvvKuV6jMPitZi,D6d156U1bPiJpDYRLextvDRccgFk7QzkQbJg42ceKEu5,GNcM8U5g8RwTZffwwm3kSQqUNPSwv5d2fbN9sLxPJqt2,3330.982863999998,3335.659151999993,3319.4940949374195,0.9965509372063289,1.3277976379749679,0.9985181989926948,54738.491239,45552.427398,100034.62251068233
daob129AwBGn9Y5r91uLoWZeYiGzbPmksauMhFZKTze,6VW5GQNyj4LStgmxEHLr5zUfW92vQnmbw8jTnCH7a38F,4VPCCUifPeBA1c7HWK358CHn2nyjm8pdTRk6Ps3KmnMQ,12.40863483400009,11.145911038000001,2510.0595145767543,202.28329289690308,1.0040238058307018,185.35416640022007,48.66269048,223.293774677,51232.08073913108
RajgMbScQbqqrdJfR2rxfHJiTiY5b6bJ2tTXiF4aPxy,725ZA3fhyBAKb5iopNRrcbSuQa3LXA1656Q3mBvYPxeg,GLA6i1dSZpUfk2f9Nj8uiG7xyDdAR2reff8oEiZH3617,54284.006100369996,54305.01602867,54201.21104044517,0.9984747798500401,21.680484416178064,0.9996182058224682,117542.16417449,64298.99992201,181637.33743543984
KEVpg4SYCVrqFxKijQH6hm4QxsRdoE51ud64bEEFUC9,2bPenuBYfqzD8p5dFjCcggwkHDsc2RQDnx9AoyYGUBjA,AE6n6iLuX8oYu61vt5hoDYkjswpnxFxrhSehxrnQTnbx,1890.9814592580005,1892.7699900369998,1886.7773815188252,0.997776774743828,0.7547109526075301,0.99932578487272,5681.473231235,1944.596792329,7612.127752210205
HDSBGqAuMRr6X2AfmmbXQPpRgU6VEhtfNVVZ3wUTZXg,DCZ1d8kNLgDcdSd99y4udLgwq46mfDXNS9KXj96kQf5L,Fq8GGYQM5Pz3q7LmVMbrXHJgsxA5ev86kTq8yGgGuYsa,27.859086206999564,28.02881820699986,27.679247300514042,0.9935446947129106,0.011071698920205616,0.9992947087867802,11126.733211817,10427.272594364,21474.825082712072
SERgf3DMJpQxUifu7VoFKmfne73d2fDJxSrxUMrcNJB,AJfM2GZ2tTB8UtN2krcyR9xufRJEx2mhSCbJyMgPo3GU,F4yRYkufQvERZcEKnKjJwRLU1btiMBUuEwq46hfm11QD,0.0002948389999950507,5.995300000094517e-05,0.05436444696102756,184.38689237834936,2.1745778784411023e-05,185.39086605157686,29.276090844,27.967168958,10582.985085845803
YAkoNb6HKmSxQN9L8hiBE5tPJRsniSSMzND1boHmZxe,CfWX7o2TswwbxusJ4hCaPobu2jLCb1hfXuXJQjVq3jQF,EnTrdMMpdhugeH6Ban6gYZWXughWxKtVGfCwFn78ZmY3,9865485.616127037,9866946.75756401,9865485.616127037,1.0,986.5485616127037,0.9984912796764089,354965.935603,1007707.058889,1361152.646372028
SoNcU2iwHMw6dGzsYNQkYFkUjwN1UdAjrWVRnStrZu2,8ivTTid27jZnYNc4w3CTA1Z6QS2twsFb8WMwUabeDJgc,CyXm53PMvHCbeXJBykU46Rcbo28xk5srhMZFg7gv6EYB,17.03496397200001,16.890048362000016,3723.1956062046274,218.56198887912888,1.489278242481851,216.01640687813523,16.035433745,19.486164677,7714.067569207877
BSC8REUo9LpiiWUuqMuLXs2D2yJsJfGd4HdiF3wCLxk5,AZjEH1zWVx1UJ6udMyRijGTzPteuLnaY18yNNmprJEsh,Caf8ypkSVR8xYnXNhjvfvdGCC7mrM3C11rz8Xi6NA6aK,437.72044139399986,438.5776976320003,436.9252060603552,0.9981832346437556,0.1747700824241421,0.99932578487272,3526.640209058,2806.11068127,6324.451890302111
AUSejoEUCh2DBs9mof6BNC8Pubs22w4cJa1ccV9h44R,4xkyD7AfGQDwsQMy9MosRRNGoVJ1zosNinesxg1TzHG7,Cbm5gsQe3nSiCsFrvepVzMCD9xLK3ri9g3ypS2hdmVJ7,6212.729712,6210.741074000003,6203.028175932842,0.99843844227628,0.6203028175932842,1.0,14943.981323,13927.916609,28848.56204254194
C98Sspw7XqnMsgxea3SLQVdbMDL8pKUc3RE82UvX9eq2,CSqgQJurPCzGxb4Cgwx5R61hWQUiaoUHcShNc8r1cKEL,6S2CR5EnukPhC914XkAns8m5GixjMAoUuZMsS5ubHuWc,92.38526599999932,92.09989400000018,0.0,0.0,0.0,1.0,868.870562,1231.7289,1231.7289
SBFjafzbDXgDRsA5SUypY8FXjJ9sBdb4JbuQq2PHQDG,46xwHtnXoQR3wCHUbm2eCAbPYWbioDQ59Te1Db8M5DDL,FC38fiikZwFvDt5zTjNtGfKd7LjaPz2uUAzLwKP5pRJY,0.04706061499999237,0.13615000000027067,0.12887298691131285,2.7384467226221703,5.154919476452514e-05,0.9451215189993053,190.104846908,9570.459103249,9565.838840153227
HEDSDjj84KS7LKhZY7ejkCACTdPen62rKhCby1wXtgxc,EnnjMSFttpCTywBrYNt1J5QQeoSVkvzPipJDa8Y7kJow,6bjVT6JN2rSvpyn9PdfLYC8wJn4LWh49jpY47fnLDXZk,3.845689559000675,3.8462578730104724,3.7211837627341198,0.967624584783461,0.001488473505093648,0.99932578487272,39091.588085969,9129.486894769,46949.31334681209
vEnkoSUkpnbRrPgBz9DfcVxNz67zjwMYBZraAvDDNSf,DtfyjjsZ5yCjWKLKHvwsfXs5QVsmm1QkK6Sh9JZHoq1g,e5wrKCRv4GhHvEf1VD5Pq2KGaZDXP77nTL612Jyrxwy,1876.175304999999,1875.6507030000002,1873.8161704414135,0.9987425830878924,0.18738161704414136,0.9983796298607361,799.951017,1138.940168,1936.0398084237313
4vezWG46exH6pf9nry3n1VJ7hZHvjBJNgNeF4qEFCML5,,,0.16537899999999972,0.16407299999999836,0.0,0.0,0.0,0.9983796298607361,799.951017,1138.940168,1137.0946633613646
ALLwa5WNZbvQsRKAqe1jdRGemdYQnW8E5k4msbRFcYtu,CGoM82Hbz7QVqTgvQatYtjvDWBvoUJp5qm21P8iMs9yb,3dxNNww8TivyN5FMy5dCNdi3Zcxv6e4kUfSPxfFwpdNq,4.746494605999999,4.744358051999999,15668.825409505947,3301.136251097628,6.2675301638023795,3305.763267680875,6.274567413,2.351846758,28487.850570820912
