0,1,2,3,4,5,6,7,8,9,10,11
Sid7E679i9ABqptiAVhkmQ27YHN8vaYT4fppPwmxFsJ,GP7KB8o1bv527HG8kTzzzf4wJ5aEGHvcMQvVhLziUfmT,9gYxhAZ1M9wu5pxr8SBoa5NDm21gi3s9vMHaYTME77sa,612.7667870000041,785.406598000016,12.103018286621488,0.019751426714681594,0.0048412073146485955,0.025189614825599702,107349.093008,24763.627369,2744.083978544839
SAMyS8Jr2HJrkFwYVKbpUwsNStnQmvz3f8Tup8bWUWF,6jPzm5TFfquvgm25sTyN3MMGBfufRaFHMxobDWv6hMFW,Cj9ECoDmxsHTDzCY5ZA6RWrPbg9uFzEC1Qc2kso2vJG6,1196.6071404599788,29.705006020000155,1199.232488230889,1.0021939930676838,0.4796929952923556,0.025339378204513898,527.23593486,106929.18063339,3237.911636014369
RajgMbScQbqqrdJfR2rxfHJiTiY5b6bJ2tTXiF4aPxy,725ZA3fhyBAKb5iopNRrcbSuQa3LXA1656Q3mBvYPxeg,GLA6i1dSZpUfk2f9Nj8uiG7xyDdAR2reff8oEiZH3617,3784.682400509977,3786.264201299986,3746.546305664617,0.9899235680013146,1.4986185222658468,0.9996858687094753,105007.14167625,76837.96382789,180762.8709729244
KwnjUuZhTMTSGAaavkLEmSyfobY16JNH4poL9oeeEvE,J63v6qEZmQpDqCD8bd4PXu2Pq5ZbyXrFcSa3Xt1HdAPQ,BnKQtTdLw9qPCDgZkWX3sURkBAoKCUYL1yahh6Mw7mRK,219.09678300003065,6089.4157060000425,5.46790487372999,0.024956573067205758,0.000546790487372999,1.0,274623.407269,640.97169,7494.630819473804
C2ypsDADXcCRz8HbV2zX1AXPSja7a1P3xZtRC91xGhJh,J9bYNuDpY1d1T86gLaw7DGk5D3CsUAf2tzUwxMvb6FTv,A2NGvvPrMGzsJ4jb52KEnSBVmsA7C34dV1GC7PerdgvG,1.8700142740000003,1.8715477560000005,321.5445358135978,171.94763712996007,0.12861781432543912,171.54936178490937,2.667044017,2.353161653,862.2752965936193
SERgf3DMJpQxUifu7VoFKmfne73d2fDJxSrxUMrcNJB,AJfM2GZ2tTB8UtN2krcyR9xufRJEx2mhSCbJyMgPo3GU,F4yRYkufQvERZcEKnKjJwRLU1btiMBUuEwq46hfm11QD,6.509099999973955e-05,6.509099999973955e-05,0.011142040778273809,171.17636506304083,4.4568163113095234e-06,172.2671877863942,29.284890014,27.959011222,9829.30126036964
BSCc2UgHMGZcr4gdTBZcDvf7HcjVdfBDrW7gMnaqSDkx,3aQn9HbPXwxCLEd71x81K1whfHvMe18bEwPtqPArA68d,5KMjfTVueu78hnEaUNKPTQmKkEnUrwTGD9r8YFKXXxy7,2.018999999999979e-05,0.00042739000000002747,0.0,0.0,0.0,2025.8498440095623,0.003602914,0.70614043,1430.5344799643453
parEAJhzYzHW87y9VoZAQ22dzQ2MD2ekEtTReaxbMcz,3oyc6hpjYSJEquK6dSvG72NXyz3pqLZz5D8AC71pwgQb,Di2vordgFJVZ1aj1aBpvzXtLfZgJsuLLXawGtVFwX6Rz,8.158924563999989,9.374924284999395,1363.1862402962495,167.07915725941393,0.5452744961184998,196.3566032271208,1103.129702238,143.30172462,212448.2208807247
daob129AwBGn9Y5r91uLoWZeYiGzbPmksauMhFZKTze,6VW5GQNyj4LStgmxEHLr5zUfW92vQnmbw8jTnCH7a38F,4VPCCUifPeBA1c7HWK358CHn2nyjm8pdTRk6Ps3KmnMQ,12.677752912999836,11.362289200000006,2422.528948046239,191.08504201577904,0.9690115792184955,172.03179353982767,49.101699844,222.830364797,47716.5076888989
HEDSDjj84KS7LKhZY7ejkCACTdPen62rKhCby1wXtgxc,EnnjMSFttpCTywBrYNt1J5QQeoSVkvzPipJDa8Y7kJow,6bjVT6JN2rSvpyn9PdfLYC8wJn4LWh49jpY47fnLDXZk,15.32752461400014,15.82588929800113,14.747529965405473,0.9621599271114593,0.005899011986162189,1.0,39108.145152408,9113.511639216,46741.80172852125
BSCNHw8CmxbZ8hCWWzMf5FaG2ajPT6JxfznKUNuRVrn4,7n9kgNL633yGzCYksgnzHyjG73ZLBAwvEae5sbAekbzW,SscdxE99omdG9AiMVwmaEMQySQnCgeAh1sPj2Leutm2,797.6516215410002,795.9527218020012,799.4779425571542,1.0022896223950823,0.3197911770228617,1.0,5043.033839521,6645.872889463,11700.453372202126
7dwD9TF6uikvHXxPFK9AsSim54yJoujQjY9vU6gNFumk,CquVr6atkvwueDYficKjn6SSEWq4F4rH4VSiBbW4GBWU,8BCa6ge3b7ho3TfZuM64Vk1hgbrJ3J7EPiAb9uP86CGd,2.180200000000002e-05,2.1880999999999637e-05,0.004405908630241771,202.08736034500356,1.7623634520967088e-06,202.94254513898827,0.003920913,0.003587076,1.5203372913593904
KEN5P7p3asnb23Sw6yAmJRGvijfAzso3RqfyLAQhznt,9zj4aX38Uxf3h6AUjS4EipWS8mwbEofasHAf3a1uKGds,CwQDG1MWunn9cLNwcZLd8YBacweSR7ARo32w4mLua1Yr,1352514.3941990004,1355099.9770950018,1348895.3080874018,0.9973241792271336,134.88953080874018,1.0,1542490.373749,709463.171242,2247826.117206976
KZMu9QBEdL97EFgamLbN5DE1AoKBG4HdrKKJo4Vuon3,DD4ACBWyVqdaKWh7v5btsgqQCCMwbKnuL2xd9pv7Gyuw,GcYqiJ1MAuYbNTNYXm1F1gQYTfTgkErACAhNU5dpVj9T,29.76393659999985,29.707104900001013,29.82923847056723,1.0021939930676838,0.011931695388226892,0.9996858687094753,2314.83699819,2574.95075548,4894.057617392991
DFWzVTzNBrQZLjoQ4yQwkj9HuoXmfkuZP9V5vbymZe23,DhgiEgiNdqZdRdo195UUHnoEJUtefK8buko8nU97XJUZ,2K2kkXsouBHtWVjtcgkyiXd8eP3oVBvq1bTJzcVdLLr2,1719.6068798950018,2131.933824579007,1370.7424465510207,0.7971254724421185,0.5482969786204084,1.0,62203.255117286,6863.950333755,56447.74945655922
BUSD5rCfUDpCxKGMvYU2yThChxgHoioK74PTPociGnv2,CcFHbafgYDZ8yA8Me1PdtDiVb2eeaS61LbqyKKK5CsNZ,26R9s4nmF3CFDTkiePDwRmtscn8i7r2eygbSijditJ58,816.18029567,817.5312146399999,814.2708711906016,0.9976605359262798,0.08142708711906017,0.9996858687094753,83.24925752,63.68438825,146.71888186380085
BkMBnJpvHKtWhUvrgRrLesXfi9RUV3ELgdBaJcdH7hcY,5uerVwBnZQsuVhZ15igs7ZgmcqhHnYWbwoRtLyRqLvR,9YWiQh5d4jCtgMdzcGLv9bWgnLaFtzvDDh2nnhJdzhBX,15.543830480000224,15.537117800000033,15.601447812481751,1.0037067653662115,0.006240579124992701,1.0,1114.150430735,1759.272135741,2877.5524607053985
moFiBS1R4Lf3E3zzmBPnw3NF4RhWPkhREFviuzUaCAU,44ALBrpqi9PfZkBRTvbtRNtFJGsatfY4QydjtMbFWq8S,2ho8qEEie1UjVwWNBo9y4oAJZMyMLx8zPj9bxyUz6uWs,1597.0911721569973,1598.817480359001,1595.783697104665,0.9991813397537183,0.638313478841866,1.0,37552.072659601,29558.475761355,67079.8060319041
SoN9GaFpSXfpyR5dth3x7PHPVhvJMpQqqDJfCSmPv1t,9kZ9iS68ViMPtoeqtnhAKuF2iqVyfHPdZHoUNdwCELr,BBhm5fJLjw3HRzjtKB8uMEYjGhY6EDm9co3cqpjrSzB9,7.617527704000005,7.441721305,1550.3567901920533,203.52492966687242,0.6201427160768213,199.75506034500498,3.688574317,5.94420774,1938.1024042454028
FrnkTEL6yZ5Aycq2TrEgu29dCrwKG4LPUZydfiwqspkc,DjvZuMZ46fxKBoBpGMPcRcos4xdTtHFxwMh69DpA2ZFY,9rvDPJLAng4uVVqnnSoEXgNDFhBZQTny9AoQioYDZbQX,1682.6951817430004,1410.7587346999992,342606.3201941829,203.60569395539488,137.04252807767318,171.86456728368913,179.527820103,1464.082977978,288176.87387397455
ercAoEmXjQzEvAFbdjAo81KtMxRGn9AW1ju882upmPH,CMRhskR2Eg6V42RTSdRTXGdozyPbWB8U9dVpijPWb9T4,7TKLLgrWswt6ZJ1pXhVR3FyufHGjJFqiEXxvWJfDcgRm,1.435291796000115,1.4358262269998932,246.82635452606678,171.96945959973075,0.0987305418104267,171.66279795940997,930.468916406,923.07008355,318469.0299835062
BSC8REUo9LpiiWUuqMuLXs2D2yJsJfGd4HdiF3wCLxk5,AZjEH1zWVx1UJ6udMyRijGTzPteuLnaY18yNNmprJEsh,Caf8ypkSVR8xYnXNhjvfvdGCC7mrM3C11rz8Xi6NA6aK,3643.9233447620004,3636.132774285001,3653.0704541788123,1.0025102365092176,1.461228181671525,1.0,2682.363415045,3663.607218695,6352.704000315435
B2izdXFYb2sNwbWWHmh75T4aQFtfXsUxem9u2p61HGzf,4DYwgJtxwuJdAjkj5RJSNH4e7U329V5cNp7d3a1nLrZv,EXNW64GEf1ACC6xY9BtKRiunrs6GoJSXBdxWN2eTPmrF,7700.911147999997,7592.619781999998,7755.330300720151,1.0070665862356154,0.7755330300720152,1.0,9091.755122,30712.348261,39868.35105460271
ALLwa5WNZbvQsRKAqe1jdRGemdYQnW8E5k4msbRFcYtu,CGoM82Hbz7QVqTgvQatYtjvDWBvoUJp5qm21P8iMs9yb,3dxNNww8TivyN5FMy5dCNdi3Zcxv6e4kUfSPxfFwpdNq,5.8016773839999995,5.800334306000002,20628.186254222222,3555.5555555555557,8.25127450168889,3559.1495056341337,2.95998982,5.657415071,30659.994302005634
JSoLLrxK5bYdHwTEWYaGgmeycBCNXKDiBCTw5hXGBg7,xG4wXczA7Dk4hccJ61CHKpDHW4NrNfQwgmWgkb9BuF2,BVR6WgfhsRr9Lob4QDnkEAiNGgAbv7ZieKcY9kSg3QYR,15.494673206999892,13.319967404000028,3110.5157135044983,200.74742280458602,1.2442062854017992,172.02682173393748,17.278154944,163.60490679,31612.977210987105
KEVpg4SYCVrqFxKijQH6hm4QxsRdoE51ud64bEEFUC9,2bPenuBYfqzD8p5dFjCcggwkHDsc2RQDnx9AoyYGUBjA,AE6n6iLuX8oYu61vt5hoDYkjswpnxFxrhSehxrnQTnbx,242.35387672299998,242.99806082799932,241.68639207908384,0.9972458264215057,0.09667455683163355,1.0,6029.23773285,1599.552217097,7612.1843826847235
ALBpShJ9NLpE739pcHDF2LNVk5J4VYPvvKuV6jMPitZi,D6d156U1bPiJpDYRLextvDRccgFk7QzkQbJg42ceKEu5,GNcM8U5g8RwTZffwwm3kSQqUNPSwv5d2fbN9sLxPJqt2,6561.657971999994,6543.335838000006,6573.088573028491,1.0017420293891077,2.629235429211396,0.9960585961350934,40571.834677,59749.505469,100156.52054259558
heyk4SZTeCUV6a65WiVA5bzic3KcxgVf1qxobfeV4tQ,9ZDpBKPqMABtGfq66FbVribaArMvtk63xxy91onZAtDt,DaTP4s6N7xxSPinbNZ3FB52EpRDRt87QShTuN3VPCW52,66.79113846899781,57.954529365999974,13181.729607052966,197.3574625198443,5.272691842821187,171.77125016490038,633.58585441,4463.404809132,891727.5205714572
STK75uPSyBnEhGTTzb1nwmP3n427XoXmfRhXxxhyady,6TYyD5fUmDe6N65avW1Ny2RxzRNobw2RRgKwH9CTzSAU,54zDfk4cx2vGrEajPtodWpArNe5eUurytyxd4X3aZAxK,1474.6371224830073,1652.386307141023,251702.03068260418,170.68743682431244,25.17020306826042,192.8658535056551,4828.246590109,873.98102457,992682.1310728719
WiiQFxXqp8P9Fs1rt9SVcDyA3KUdJmUsog6wnVQAwba,3S2jpqSYxho6wiz3cafhjXruVY8cg4HYa2v3BqBHYFSj,Dfe67M6TfrG74gKRtdqys4e6E9QirPD53BkF4FujFjuv,12328.975942679002,12343.759176370999,12290.17582074239,0.9968529323021632,1.229017582074239,1.0,21688.948785341,5094.497490202,26715.189685420617
iLiUBQ7Z7im6Ew3b4ewwPcehzWgEQRJ1iQz7g6D62NW,GpugBvKWM3TVhYcZjemSdtehBWgfvuGr6uAm9iPjXT6v,92fMXJ3xy8tEyMUWLHKRLyhPw2nECBo77GtDiBBbYrjX,0.001352010000118753,0.001352010000118753,0.0013222728700242649,0.9780052439760978,5.28909148009706e-07,1.0,1865.637227489,1097.91461127,2922.51760311127
BUSDgu5JdqP1rndBvXvanbEufS94FNh1w5FJcAj6vawb,Bgzr8cWubt89JQFXndVjtdKmDbGzuPxNhvjH1EhWCwbo,Dxaf8xPBBQsasRKW5Aa4Sw2YrbfGofY9xZueyyF23FBW,8351.428369089992,8304.553499670004,8393.280876651754,1.0050114190904953,3.3573123506607017,0.9996852291119096,5082.95249191,9899.18931264,15004.498633092724
Cob4usZcpHEY7Qt4ZCwj6WVg9S44zvzYV2v9qYF65dTf,NhFM9UXE48PyNAyeyPYA3iXztqKVJwA4bTdLj4ysM8w,6TuFuynuBoeskxyR2cz4wxyidk8dpDK7kAWw3UkjQGx,101.45623000000046,699.2319080000009,2.0017554781200837,0.019730237148769224,0.0008007021912480335,1.0,62005.299115,307.467615,1530.8468710193206
HDSBGqAuMRr6X2AfmmbXQPpRgU6VEhtfNVVZ3wUTZXg,DCZ1d8kNLgDcdSd99y4udLgwq46mfDXNS9KXj96kQf5L,Fq8GGYQM5Pz3q7LmVMbrXHJgsxA5ev86kTq8yGgGuYsa,16.123170293998555,16.15714512800332,16.084141786187395,0.9975793527513823,0.006433656714474958,1.0,72990.475420718,71618.586318861,144432.37754607655
ACUSESXyNnwRLAg1dpSGMLSzUDdLjUMybY8rkXiAKhCP,AhFPQdu8GKBsxuhiH46UmCu1YpaLgNpoP325HnYtsgas,A8wxWpT3aFEr2XqZp1kDmbxbFfcBE95UUmdsNTDBJYbT,0.0,0.0027924860000894114,0.0,1.0,0.0,0.9878767049617103,1044.479259547,1841.390280505,2863.545822400799
C98Sspw7XqnMsgxea3SLQVdbMDL8pKUc3RE82UvX9eq2,CSqgQJurPCzGxb4Cgwx5R61hWQUiaoUHcShNc8r1cKEL,6S2CR5EnukPhC914XkAns8m5GixjMAoUuZMsS5ubHuWc,132.73507800000004,131.22160499999995,0.0,0.0,0.0,1.0,828.952067,2240.593591,2240.593591
SEQV6QiTpvTzrceiaYg9Avnwf7oc8ZALpnQMz6TyT4A,3dFMPj4r9mMmPHF32mz1gNDX7f8ftidWof7S8YiYTs1j,Fc1ED3YPeQfXQosHbd8DTaBd2AV5gHQtwiSAL5C5pUhi,1714.137588091001,1706.895615179,1716.2567000099475,1.0012362554404437,0.686502680003979,0.9985112197713211,1235.500540928,4386.061883265,5616.559936244826
YAkoNb6HKmSxQN9L8hiBE5tPJRsniSSMzND1boHmZxe,CfWX7o2TswwbxusJ4hCaPobu2jLCb1hfXuXJQjVq3jQF,EnTrdMMpdhugeH6Ban6gYZWXughWxKtVGfCwFn78ZmY3,8347777.164128003,8346270.585270018,8347777.164128003,1.0,834.7777164128003,0.9960744705117134,529456.12986,851135.460313,1377250.432825015
MATSnbbiTCv7Dc3trJrkrqjx7ckKdr6fwPoVwv9q3sD,631WX9JizSHJm4w6VanZeJAst9T8DeUUnPLesdGkCVtK,211maUSfpnXbPuW1iBu8b4dtJv5EbN1j7JJiEX5TZKEP,33911.87486600001,33847.337262999994,33903.195647914145,0.999744065519227,13.56127825916566,0.9995122380278424,20297.983712,25185.124215,45465.628627221784
wrmcMSHFi3sWpAEy4rGDvQb3ezh3PhXoV2xNjgLBkKU,8p4mGnARWPBu6P2Gcw4adodLkNDorrXniZMhaY7eJXUn,AyY89zccbsgp9LKFgH4CFZMJmpSgqmPSdTfukhP227rc,0.010374369999999175,0.055326460000001576,3.240825953172821,312.3877356574981,0.0012963303812691285,3557.1997723392146,27.16439789,0.08796639,8798.738769837923
MARpDPs5A7XiyCWPNH8GsMWPLxmwNn9SBmKvPa9LzgA,6YjT74rmcfCpw8LSjPNx5JTmZoYLGrTKnf9arfSgZ4SR,F8GSmi3vA8M8TsybLya1LQ4n1aFHCRbZ6k437PeTdXtg,168525.3911920003,177720.557997999,157340.67217011546,0.9336318465557387,62.93626886804619,1.0,319884.162905,15200.768118,313854.8098149319
AUSejoEUCh2DBs9mof6BNC8Pubs22w4cJa1ccV9h44R,4xkyD7AfGQDwsQMy9MosRRNGoVJ1zosNinesxg1TzHG7,Cbm5gsQe3nSiCsFrvepVzMCD9xLK3ri9g3ypS2hdmVJ7,668.1635929999939,668.750603000004,667.5781269826301,0.9991237684550649,0.06675781269826302,1.0,14734.949652,14137.936225,28859.974649301887
GokA1R67GqSavkd15zR62QD68Tuc5AEfvjssntVDEbM8,3YB7hfpBdbQEuZqLGWVDpRPmeZWCUsrrWyqGXegnQ6Cg,4DPCj6Z1DsG6HUtwSogBGqXEUxdEV5a8YVrrFtcnz7UW,145408.33073700004,145339.9583670001,145446.14673515118,1.0002600676175806,14.544614673515118,1.0,36060.768439,54484.231472,90554.37814913606
MATgk4zXLXtYkwBH678J1xZbRDZ45LicNzkRBHkxTuY,y8dALFo1bJrSzPYjMX14HJX448pXqYmrfXHD1K8MXih,GN7Yuet3UyiWS5YVkEHv6oQKi4HGBJc3XDPt9zQhAqZz,32990.646871000004,32996.37494600001,33002.92395871264,1.000372138435498,13.201169583485058,1.0,7415.926377,7351.408994,14770.095122239705
BUSDTd9WiT6uBHJRgNvFXBsA7JrifsAtWzKfioN7ERcy,DyBxrn7gSc1EwnpWhDyhzvMHPtxpmBqRqotapLcKcfTM,Cds99GeBgoCpqBsoRWu1C6fF9LiUMd4pXQQD24s9LPff,13255.4702165,13222.232639079999,13204.406531692834,0.9961477273930575,1.3204406531692834,0.9968549227188221,407.1980122,238.29298919,643.1729137754351
Lid8SLUxQ9RmF7XMqUA8c24RitTwzja8VSKngJxRcUa,4PgzyzLtds9bKZ2to9PMnKqJzKEUpjvNUaeN23phegax,AtymwxoVN9peZo7EXTcDz9jKVc4vRmisJKKrNfe3ewBa,106.27945285600708,90.3744157049988,21451.541500611896,201.84091020562138,2.14515415006119,171.71629925961085,989.897597834,7673.07284519,1517393.5050826126
SoNcU2iwHMw6dGzsYNQkYFkUjwN1UdAjrWVRnStrZu2,8ivTTid27jZnYNc4w3CTA1Z6QS2twsFb8WMwUabeDJgc,CyXm53PMvHCbeXJBykU46Rcbo28xk5srhMZFg7gv6EYB,34.482100186,34.002508747000014,6963.957893644139,201.9586352362482,2.7855831574576557,200.07582873909212,16.028760606,19.572175186,7153.065787081943
ZUCKWFa4LTL833dPhhpeeRWZcaAEoMeYJPi2iKn4F8N,7eEYpq6ShaJ9opZWMxitRFrdCHh6vfyHhGfoSvFht3N2,H8VggnHmuwd1wvwpT8eg9cUJFEfZ7HAaeYjgXrSm7A2u,32.67395478499975,32.681783157000154,32.72738505565823,1.001635255695555,0.013090954022263292,1.0,1805.111925129,2042.025132394,3850.088877079681
Lee1XZJfJ9Hm2K1qTyeCz1LXNc1YBZaKZszvNY4KCDw,9DgFSWkPDGijNKcLGbr3p5xoJbHsPgXUTr6QvGBJ5vGN,2hNHZg7XBhuhHVZ3JDEi4buq2fPQwuWBdQ9xkH7t1GQX,2164.498306171663,1834.3613929030098,437351.7268732111,202.0568579916114,43.73517268732111,170.5911443748679,7187.654893965,56404.91342206,11074493.69323716
SQDY9uoDoCbNq7F3HAHYYQZbrUzpKxDtdWLvYcqBLak,GiehZ4X2uQjhEKuxSm3ACmEFrabxh3RTvjbLfLjw1xGX,rxDQYV77NKRKYxCjq4cECX3QQsiSyLv1T1FT2X3zNA2,0.0013680970000109482,0.0013680970000109482,0.0013711394831113007,1.002223879666667,5.484557932445203e-07,0.99500461118967,168.73007208,237.826936969,405.74420640572396
NorjjEePhxfwLF4vZjUHCrVVKLzQjEEGQFd3wgjEJmh,34M8pFVqgbV7aqHxvRT5tCv3vu2P1JJYT8J3VaxBK2oG,3AZWBSze3ucsY3xSeuLne3b2pauVqiaJ1SZSV5T9WGWw,0.009641999999985273,0.0013760000001639128,0.005729276531764609,0.5942000136666002,2.291710612705844e-06,1.0,38110.243979,2266.626965,24911.73445815927
DA1mL7dfBow33EH5yjUuZE6SH2KeUK5zEXzsyhE5r5j5,B4UtLRZND3D83CitRCBUyeiNr7H8m7YFRqBmiPmXjhW4,AAmpYbuixWiSqDaJBCqYEs1pb5SrbdPr9mgXrB58Q2e,16.57020328499999,19.738104999999905,20.065202881130638,1.210920743458498,0.008026081152452255,0.9984888679759168,167.668401624,2970.503897538,3169.0482195197987
vEnkoSUkpnbRrPgBz9DfcVxNz67zjwMYBZraAvDDNSf,DtfyjjsZ5yCjWKLKHvwsfXs5QVsmm1QkK6Sh9JZHoq1g,e5wrKCRv4GhHvEf1VD5Pq2KGaZDXP77nTL612Jyrxwy,3544.0579119999998,3543.2687880000003,3541.430170813256,0.9992585501557844,0.3541430170813256,0.998496264625474,629.211139,1312.496952,1939.2679144033298
BSCuChvaSj9b5HUSqgDVRzcnr2sSn7cXaamt1jbKH6hn,GnKpRj5kBVPMJfiwZtEuD9GYApLzPdW5JFuZTcyX4BTc,3dmwD9okkomV9nDwyuh4UMhKdUR13QpuKxRo89ycZB5t,1618.1110218219997,1612.4484074780003,1623.7445792836556,1.0034815642348895,0.6494978317134623,0.9986558092807081,1139.435612131,1968.623187657,3109.3796130445235
BkwbeSfcX1h4thMDd7obGkHrPevf3QwgzJ4pCEqG18Lu,35yX27bmurdebhfAb8EPmjLETDiUaEUCn9zHaDPbakH2,2CxECn1ZJFoESyUnQysQU8rRgT3iJ5GRs2Mdd6gZjx5g,0.016581209999998237,0.01036529999999991,29.00080454743898,1749.0161783996502,0.011600321818975592,1246.8827930174564,0.84736611,22.72197826,29813.7007511283
