0,1,2,3,4,5,6,7,8,9,10,11
HDSBGqAuMRr6X2AfmmbXQPpRgU6VEhtfNVVZ3wUTZXg,DCZ1d8kNLgDcdSd99y4udLgwq46mfDXNS9KXj96kQf5L,Fq8GGYQM5Pz3q7LmVMbrXHJgsxA5ev86kTq8yGgGuYsa,548.8767865989994,550.7944078090004,542.954625753834,0.9892104002396224,0.2171818503015336,0.9861952604406476,11679.046482077,10879.895807765,22282.735924658456
GokA1R67GqSavkd15zR62QD68Tuc5AEfvjssntVDEbM8,3YB7hfpBdbQEuZqLGWVDpRPmeZWCUsrrWyqGXegnQ6Cg,4DPCj6Z1DsG6HUtwSogBGqXEUxdEV5a8YVrrFtcnz7UW,25782.087347000015,25768.510654999995,25801.644993905396,1.00075857499985,2.58016449939054,1.0,9963.05112,25839.196662,35809.80550350186
MARpDPs5A7XiyCWPNH8GsMWPLxmwNn9SBmKvPa9LzgA,6YjT74rmcfCpw8LSjPNx5JTmZoYLGrTKnf9arfSgZ4SR,F8GSmi3vA8M8TsybLya1LQ4n1aFHCRbZ6k437PeTdXtg,30667.82072299999,31574.23067299981,29442.9639785292,0.9600605222153205,11.77718559141168,1.0,315702.043377,21418.511991,324511.5806199664
Dg3mAgpwDfVNnbGWcsxL8sUcSkEbjSJQhKAWNigG44Ju,EATxwd8YA2wV93VJcKMmH2Kn2Y9XfJVUB9hHVu3udwEy,GiGvrRi7NMHfHKanG2B8xyCEqe8jaafWins8bhrLVEaa,0.017462700000000025,0.017358083999999996,3.742755961389138,214.32859531396247,0.0014971023845556553,213.10179681042015,0.204800415,0.254378114,98.10301842931247
BUSDTd9WiT6uBHJRgNvFXBsA7JrifsAtWzKfioN7ERcy,DyBxrn7gSc1EwnpWhDyhzvMHPtxpmBqRqotapLcKcfTM,Cds99GeBgoCpqBsoRWu1C6fF9LiUMd4pXQQD24s9LPff,39927.489863740004,39721.56377590001,39925.40455985984,0.9999477727278303,3.9925404559859836,0.9955102487780112,2722.34713999,2827.29723335,5536.808331366621
KwnjUuZhTMTSGAaavkLEmSyfobY16JNH4poL9oeeEvE,J63v6qEZmQpDqCD8bd4PXu2Pq5ZbyXrFcSa3Xt1HdAPQ,BnKQtTdLw9qPCDgZkWX3sURkBAoKCUYL1yahh6Mw7mRK,153.62418400000035,6174.321401999972,3.763031861910054,0.024495048656597226,0.0003763031861910054,1.0,274875.729204,634.485535,7367.5798963696225
BUSD5rCfUDpCxKGMvYU2yThChxgHoioK74PTPociGnv2,CcFHbafgYDZ8yA8Me1PdtDiVb2eeaS61LbqyKKK5CsNZ,26R9s4nmF3CFDTkiePDwRmtscn8i7r2eygbSijditJ58,702.82167265,701.75343981,700.0143630490027,0.9960056587463897,0.07000143630490027,0.9937011470431457,60.14469347,86.33211358,145.69277533079216
RajgMbScQbqqrdJfR2rxfHJiTiY5b6bJ2tTXiF4aPxy,725ZA3fhyBAKb5iopNRrcbSuQa3LXA1656Q3mBvYPxeg,GLA6i1dSZpUfk2f9Nj8uiG7xyDdAR2reff8oEiZH3617,2883.1407571900054,2886.361411119993,2863.325997257047,0.9931273699060499,1.145330398902819,0.9937011470431457,118467.34128605,63375.41097145,180629.37764783786
ALBpShJ9NLpE739pcHDF2LNVk5J4VYPvvKuV6jMPitZi,D6d156U1bPiJpDYRLextvDRccgFk7QzkQbJg42ceKEu5,GNcM8U5g8RwTZffwwm3kSQqUNPSwv5d2fbN9sLxPJqt2,3165.214169999992,3164.991884999996,3148.276442738061,0.9946487895124232,1.2593105770952244,0.9962094231449334,55663.579483,44628.968437,99825.51085487173
7oAd7xG4m3oC2qeWB1szghTebAZyyGPAFDJ4wwwbRSNi,D9yh4KAysxt9GLacVe4Wwh2XqghhcjTCSTV9HuM7TBJd,HDYfJLpZKaMFb84jM4mRytn7XLR8UFZUnQpSfhJJaNEy,650.5000798460096,14.88953915400009,641.5200956603975,0.9861952604406476,0.256608038264159,0.02277303608733609,956.009790611,300046.765483758,7775.788142685514
MAR3XM1n9xWPQ3HJjAcC85o8DopWFP5p2WxGTaZ3fPB,6qG7GUhER8Cg9gDEgnebph9LdS6eu2eoWcA4R7z9uizK,4QV4CwRXVMY227KkFF9voNAfwWHVvVajXSXDKbUHkWZR,0.009519999999999987,0.32773300000000205,0.009100268324088074,0.9559105382445469,3.6401073296352293e-06,0.02443569130831013,0.124271,23.783387,0.6999554614962643
FrnkTEL6yZ5Aycq2TrEgu29dCrwKG4LPUZydfiwqspkc,DjvZuMZ46fxKBoBpGMPcRcos4xdTtHFxwMh69DpA2ZFY,9rvDPJLAng4uVVqnnSoEXgNDFhBZQTny9AoQioYDZbQX,92.28566511399964,77.63611666300014,19820.353126410704,214.77174273953383,7.928141250564281,180.77524015538717,179.376236217,1456.481432104,301820.7275288462
BSCuChvaSj9b5HUSqgDVRzcnr2sSn7cXaamt1jbKH6hn,GnKpRj5kBVPMJfiwZtEuD9GYApLzPdW5JFuZTcyX4BTc,3dmwD9okkomV9nDwyuh4UMhKdUR13QpuKxRo89ycZB5t,160.02519743699986,159.62947200000008,159.6086875538287,0.9973972231258447,0.06384347502153148,0.9967287362875044,1766.104911033,1339.041732982,3096.16950836461
YAkoNb6HKmSxQN9L8hiBE5tPJRsniSSMzND1boHmZxe,CfWX7o2TswwbxusJ4hCaPobu2jLCb1hfXuXJQjVq3jQF,EnTrdMMpdhugeH6Ban6gYZWXughWxKtVGfCwFn78ZmY3,5851101.382094996,5852098.577819998,5851101.382094996,1.0,585.1101382094996,0.999206629935831,1021596.389094,341493.450817,1362818.909230012
SAMyS8Jr2HJrkFwYVKbpUwsNStnQmvz3f8Tup8bWUWF,6jPzm5TFfquvgm25sTyN3MMGBfufRaFHMxobDWv6hMFW,Cj9ECoDmxsHTDzCY5ZA6RWrPbg9uFzEC1Qc2kso2vJG6,1064.769160949982,67.9620803699903,1058.0111149532183,0.9936530411993393,0.42320444598128737,0.024622094552831864,522.76212879,107103.85158473,3156.565339787717
SAMGk1Nd4haC8zQA63DG37pzuEZy8j4q13tSFtCbcRE,9U9TnkHD3jXMAVZtynCVLgDruuqN4pTvLJTmVHCLWS8g,C6zoEbvqSknmi96QWq96UBiPCyNW3YSTvKhavR2BfifE,0.34762166000000516,0.23136576999999625,0.3228893076982428,0.9288526718911533,0.00012915572307929714,0.0,54.96116353,0.6298888,51.05082359508711
DA1mL7dfBow33EH5yjUuZE6SH2KeUK5zEXzsyhE5r5j5,B4UtLRZND3D83CitRCBUyeiNr7H8m7YFRqBmiPmXjhW4,AAmpYbuixWiSqDaJBCqYEs1pb5SrbdPr9mgXrB58Q2e,0.9312488100003975,0.793667634000002,1.0921253312087857,1.1727535321181453,0.0004368501324835143,0.9861952604406476,184.545377141,2950.368851291,3126.066020573085
wrmcMSHFi3sWpAEy4rGDvQb3ezh3PhXoV2xNjgLBkKU,8p4mGnARWPBu6P2Gcw4adodLkNDorrXniZMhaY7eJXUn,AyY89zccbsgp9LKFgH4CFZMJmpSgqmPSdTfukhP227rc,0.0033238600000000257,0.03151340000000502,1.1180154725866216,336.3605785401951,0.00044720618903464857,3286.8787799105967,27.06990921,0.09695895,9423.942638183567
C98Sspw7XqnMsgxea3SLQVdbMDL8pKUc3RE82UvX9eq2,CSqgQJurPCzGxb4Cgwx5R61hWQUiaoUHcShNc8r1cKEL,6S2CR5EnukPhC914XkAns8m5GixjMAoUuZMsS5ubHuWc,209.86853299999962,209.08481600000027,0.0,0.0,0.0,1.0,841.878243,1258.887811,1258.887811
NorjjEePhxfwLF4vZjUHCrVVKLzQjEEGQFd3wgjEJmh,34M8pFVqgbV7aqHxvRT5tCv3vu2P1JJYT8J3VaxBK2oG,3AZWBSze3ucsY3xSeuLne3b2pauVqiaJ1SZSV5T9WGWw,0.0073619999998300045,0.0014740000001438602,0.0043747682477098156,0.5942363824790591,1.7499072990839262e-06,1.0,38109.866632,2266.797755,24913.06703915908
ALLwa5WNZbvQsRKAqe1jdRGemdYQnW8E5k4msbRFcYtu,CGoM82Hbz7QVqTgvQatYtjvDWBvoUJp5qm21P8iMs9yb,3dxNNww8TivyN5FMy5dCNdi3Zcxv6e4kUfSPxfFwpdNq,1.1938851180000003,1.1955505099999981,3922.737368161657,3285.690816494168,1.569094947264663,3295.49012176836,6.31916115,2.307524608,28367.23430990313
STK75uPSyBnEhGTTzb1nwmP3n427XoXmfRhXxxhyady,6TYyD5fUmDe6N65avW1Ny2RxzRNobw2RRgKwH9CTzSAU,54zDfk4cx2vGrEajPtodWpArNe5eUurytyxd4X3aZAxK,432.93965720099925,483.7998070659996,78294.06851541156,180.84291243170242,7.829406851541157,202.57152395367757,979.079735849,178.198828945,213157.63927994441
vEnkoSUkpnbRrPgBz9DfcVxNz67zjwMYBZraAvDDNSf,DtfyjjsZ5yCjWKLKHvwsfXs5QVsmm1QkK6Sh9JZHoq1g,e5wrKCRv4GhHvEf1VD5Pq2KGaZDXP77nTL612Jyrxwy,999.3292729999996,998.9526510000001,995.1972141667792,0.9958651678231981,0.09951972141667792,1.0002180475343625,812.51314,1126.423204,1935.8223523269346
Sid7E679i9ABqptiAVhkmQ27YHN8vaYT4fppPwmxFsJ,GP7KB8o1bv527HG8kTzzzf4wJ5aEGHvcMQvVhLziUfmT,9gYxhAZ1M9wu5pxr8SBoa5NDm21gi3s9vMHaYTME77sa,240.84837000000516,397.5354319999951,1.9999202849713065,0.008303648826733864,0.0007999681139885226,0.024288317681091326,135119.560788,8937.406491,1339.059950504527
MATSnbbiTCv7Dc3trJrkrqjx7ckKdr6fwPoVwv9q3sD,631WX9JizSHJm4w6VanZeJAst9T8DeUUnPLesdGkCVtK,211maUSfpnXbPuW1iBu8b4dtJv5EbN1j7JJiEX5TZKEP,107986.071467,107367.21033899995,107744.93829509558,0.9977669974596852,43.09797531803823,0.999151720189559,25373.396739,26745.126541,52039.17706975298
BkwbeSfcX1h4thMDd7obGkHrPevf3QwgzJ4pCEqG18Lu,35yX27bmurdebhfAb8EPmjLETDiUaEUCn9zHaDPbakH2,2CxECn1ZJFoESyUnQysQU8rRgT3iJ5GRs2Mdd6gZjx5g,0.01656861000000176,0.010609409999999708,27.803413209829777,1678.077594307961,0.011121365283931912,1005.854070691424,0.79113321,22.81378651,24274.92294278253
DFWzVTzNBrQZLjoQ4yQwkj9HuoXmfkuZP9V5vbymZe23,DhgiEgiNdqZdRdo195UUHnoEJUtefK8buko8nU97XJUZ,2K2kkXsouBHtWVjtcgkyiXd8eP3oVBvq1bTJzcVdLLr2,10.049028154000553,11.849214605994348,8.394973150609912,0.8354014957424359,0.0033579892602439644,0.9861952604406476,61069.64014395,7801.572300342,58711.542347290466
Lee1XZJfJ9Hm2K1qTyeCz1LXNc1YBZaKZszvNY4KCDw,9DgFSWkPDGijNKcLGbr3p5xoJbHsPgXUTr6QvGBJ5vGN,2hNHZg7XBhuhHVZ3JDEi4buq2fPQwuWBdQ9xkH7t1GQX,697.5020169810768,591.7414342170014,148251.54377362892,212.5464015362854,14.825154377362894,179.4759231254368,7216.820685362,56413.937995167,11658852.866030073
SoN9GaFpSXfpyR5dth3x7PHPVhvJMpQqqDJfCSmPv1t,9kZ9iS68ViMPtoeqtnhAKuF2iqVyfHPdZHoUNdwCELr,BBhm5fJLjw3HRzjtKB8uMEYjGhY6EDm9co3cqpjrSzB9,5.366597585999999,5.262510002000004,1130.9829069051398,210.7448693107842,0.45239316276205593,207.05759969719898,3.24456277,6.384467859,2005.7275471627408
Lid8SLUxQ9RmF7XMqUA8c24RitTwzja8VSKngJxRcUa,4PgzyzLtds9bKZ2to9PMnKqJzKEUpjvNUaeN23phegax,AtymwxoVN9peZo7EXTcDz9jKVc4vRmisJKKrNfe3ewBa,44.702210335008544,38.102967788999536,9449.94731650802,211.39776413040792,0.9449947316508021,180.45714124849633,993.61310125,7668.654796805,1593911.1098679295
moFiBS1R4Lf3E3zzmBPnw3NF4RhWPkhREFviuzUaCAU,44ALBrpqi9PfZkBRTvbtRNtFJGsatfY4QydjtMbFWq8S,2ho8qEEie1UjVwWNBo9y4oAJZMyMLx8zPj9bxyUz6uWs,3503.1278520020023,3526.738808549002,3472.249350336668,0.9911854482708397,1.3888997401346674,0.9861952604406476,49581.223766691,17570.489094202,66472.12057333053
heyk4SZTeCUV6a65WiVA5bzic3KcxgVf1qxobfeV4tQ,9ZDpBKPqMABtGfq66FbVribaArMvtk63xxy91onZAtDt,DaTP4s6N7xxSPinbNZ3FB52EpRDRt87QShTuN3VPCW52,8.095801231000337,7.284358639000061,1676.9593327378084,207.13939051720013,0.6707837330951233,180.48231733520024,629.615313269,4467.865666021,936788.8811966846
BUSDgu5JdqP1rndBvXvanbEufS94FNh1w5FJcAj6vawb,Bgzr8cWubt89JQFXndVjtdKmDbGzuPxNhvjH1EhWCwbo,Dxaf8xPBBQsasRKW5Aa4Sw2YrbfGofY9xZueyyF23FBW,6909.032148690005,6864.875956020005,6924.670686474926,1.002263491824667,2.7698682745899705,0.9956385555255923,4798.41731046,10161.54063897,14926.500132512261
SUiuyGR7SFq3xeRVJonq84fjjeFwRSsFekcevJ53tzy,49GjCCPsv7fBqo6t3iKDrP1xxGDS8uWZbVCdfnp2gjMf,CEwj5xEbbJEjYqM8D6Ai8ByGz1mrh8mkAVsE5fzDSSSx,0.8450550000000021,0.0072870000000000434,0.0070027516205198,0.00828674065063195,2.8011006482079203e-06,0.9541884579455749,646.293883,1.654825,6.934684707430656
AURHmCnNwiW4uA2Qj1XvEh4iKgRUZYXtiY7FKAapUV5Y,BKWm4TRnTeKwfWXRyuzjRHU7iZDkPuXBX5b5V5jSVfGJ,A5Ww74HVrkj9nPeC7pHKLfgeDMEhBCpW1efQdz3TGLEg,0.013952353999911793,0.012452254999971046,2.8085347336824578,201.29468716893317,0.001123413893472983,179.8785675766004,289.911886332,1809.472375753,383843.0214856329
JSoLLrxK5bYdHwTEWYaGgmeycBCNXKDiBCTw5hXGBg7,xG4wXczA7Dk4hccJ61CHKpDHW4NrNfQwgmWgkb9BuF2,BVR6WgfhsRr9Lob4QDnkEAiNGgAbv7ZieKcY9kSg3QYR,7.045429261999999,6.054056919999994,1432.0309986857417,203.25674212776474,0.5728123994742966,179.9757860577438,18.153990994,162.554145826,32945.731238036686
WiiQFxXqp8P9Fs1rt9SVcDyA3KUdJmUsog6wnVQAwba,3S2jpqSYxho6wiz3cafhjXruVY8cg4HYa2v3BqBHYFSj,Dfe67M6TfrG74gKRtdqys4e6E9QirPD53BkF4FujFjuv,14132.841287086998,14134.975687125998,14114.583170422731,0.9987081071460876,1.4114583170422734,0.9861952604406476,13633.541673116,13128.245303729,26562.941894494717
Cob4usZcpHEY7Qt4ZCwj6WVg9S44zvzYV2v9qYF65dTf,NhFM9UXE48PyNAyeyPYA3iXztqKVJwA4bTdLj4ysM8w,6TuFuynuBoeskxyR2cz4wxyidk8dpDK7kAWw3UkjQGx,4.014862000000022,477.76395100001537,0.0333029808187732,0.00829492540933487,1.3321192327509279e-05,1.0,71857.482652,179.661884,775.7143427009145
daob129AwBGn9Y5r91uLoWZeYiGzbPmksauMhFZKTze,6VW5GQNyj4LStgmxEHLr5zUfW92vQnmbw8jTnCH7a38F,4VPCCUifPeBA1c7HWK358CHn2nyjm8pdTRk6Ps3KmnMQ,6.72440613600002,6.05746743800001,1339.9462053257892,199.26610294286144,0.5359784821303156,180.32144822646643,48.834632994,223.103645884,49961.45953576687
KEN5P7p3asnb23Sw6yAmJRGvijfAzso3RqfyLAQhznt,9zj4aX38Uxf3h6AUjS4EipWS8mwbEofasHAf3a1uKGds,CwQDG1MWunn9cLNwcZLd8YBacweSR7ARo32w4mLua1Yr,169262.4993429992,169282.96377200005,169015.23006141934,0.9985391372422147,16.901523006141936,1.0,1902358.022339,1795452.410967,3695031.3493191907
4vezWG46exH6pf9nry3n1VJ7hZHvjBJNgNeF4qEFCML5,,,0.1317889999999995,0.1287930000000017,0.0,0.0,0.0,1.0,1902358.022339,1795452.410967,1795452.410967
B2izdXFYb2sNwbWWHmh75T4aQFtfXsUxem9u2p61HGzf,4DYwgJtxwuJdAjkj5RJSNH4e7U329V5cNp7d3a1nLrZv,EXNW64GEf1ACC6xY9BtKRiunrs6GoJSXBdxWN2eTPmrF,1801.3020129999904,1767.9550319999998,1799.7973823883135,0.9991646983122109,0.17997973823883137,1.0,7930.04919,31889.814665,39813.239871527345
AUSejoEUCh2DBs9mof6BNC8Pubs22w4cJa1ccV9h44R,4xkyD7AfGQDwsQMy9MosRRNGoVJ1zosNinesxg1TzHG7,Cbm5gsQe3nSiCsFrvepVzMCD9xLK3ri9g3ypS2hdmVJ7,389.8157019999999,390.36187399999835,389.1692918063096,0.9983417543460313,0.038916929180630964,1.0,15080.354455,13791.774216,28847.12173876469
BSC8REUo9LpiiWUuqMuLXs2D2yJsJfGd4HdiF3wCLxk5,AZjEH1zWVx1UJ6udMyRijGTzPteuLnaY18yNNmprJEsh,Caf8ypkSVR8xYnXNhjvfvdGCC7mrM3C11rz8Xi6NA6aK,245.29183189900004,245.744598536,244.67960560044887,0.9975040901533025,0.09787184224017956,0.9861952604406476,3526.640209058,2806.11068127,6285.211087174804
KZMu9QBEdL97EFgamLbN5DE1AoKBG4HdrKKJo4Vuon3,DD4ACBWyVqdaKWh7v5btsgqQCCMwbKnuL2xd9pv7Gyuw,GcYqiJ1MAuYbNTNYXm1F1gQYTfTgkErACAhNU5dpVj9T,27.564885230000073,27.90252829000019,27.44333349173183,0.995590341216587,0.010977333396692733,0.9956385555255923,2068.48801876,2020.72700243,4071.280406210656
SBFjafzbDXgDRsA5SUypY8FXjJ9sBdb4JbuQq2PHQDG,46xwHtnXoQR3wCHUbm2eCAbPYWbioDQ59Te1Db8M5DDL,FC38fiikZwFvDt5zTjNtGfKd7LjaPz2uUAzLwKP5pRJY,0.04706061499999237,0.13615000000027067,0.12777894219091565,2.715199157319478,5.111157687636627e-05,0.932164523309706,190.104846908,9570.459103249,9437.41496796209
ACUSESXyNnwRLAg1dpSGMLSzUDdLjUMybY8rkXiAKhCP,AhFPQdu8GKBsxuhiH46UmCu1YpaLgNpoP325HnYtsgas,A8wxWpT3aFEr2XqZp1kDmbxbFfcBE95UUmdsNTDBJYbT,3.7939446089999365,3.747481000000107,3.7415701917700837,0.9861952604406476,0.0014966280767080334,0.9865141405841881,1043.876449717,1841.997664153,2846.622749806494
SoNcU2iwHMw6dGzsYNQkYFkUjwN1UdAjrWVRnStrZu2,8ivTTid27jZnYNc4w3CTA1Z6QS2twsFb8WMwUabeDJgc,CyXm53PMvHCbeXJBykU46Rcbo28xk5srhMZFg7gv6EYB,22.598642988000016,22.317957241999995,4806.887234076498,212.70689734020658,1.9227548936305994,205.9068921978584,13.572697461,21.990651833,7415.033141804779
MATgk4zXLXtYkwBH678J1xZbRDZ45LicNzkRBHkxTuY,y8dALFo1bJrSzPYjMX14HJX448pXqYmrfXHD1K8MXih,GN7Yuet3UyiWS5YVkEHv6oQKi4HGBJc3XDPt9zQhAqZz,23566.53648399999,23494.423575000008,23623.137521501503,1.0024017546040311,9.449255008600602,1.0,5429.734727,9268.530928,14711.30654537924
KEVpg4SYCVrqFxKijQH6hm4QxsRdoE51ud64bEEFUC9,2bPenuBYfqzD8p5dFjCcggwkHDsc2RQDnx9AoyYGUBjA,AE6n6iLuX8oYu61vt5hoDYkjswpnxFxrhSehxrnQTnbx,398.9649662539998,399.66527510000014,397.9081956992389,0.9973512196705308,0.15916327827969556,0.9861952604406476,5683.640983555,1942.433578413,7584.205055869663
BSCNHw8CmxbZ8hCWWzMf5FaG2ajPT6JxfznKUNuRVrn4,7n9kgNL633yGzCYksgnzHyjG73ZLBAwvEae5sbAekbzW,SscdxE99omdG9AiMVwmaEMQySQnCgeAh1sPj2Leutm2,7.508655378000185,7.5,7.513090783735999,1.000590705727261,0.0030052363134944,0.9861952604406476,5179.161336006,6507.148923393,11599.540123501227
