0,1,2,3,4,5,6,7,8,9,10,11
KEN5P7p3asnb23Sw6yAmJRGvijfAzso3RqfyLAQhznt,9zj4aX38Uxf3h6AUjS4EipWS8mwbEofasHAf3a1uKGds,CwQDG1MWunn9cLNwcZLd8YBacweSR7ARo32w4mLua1Yr,286362.84894300275,286398.0643239999,286039.3384512144,0.9988702777159033,28.603933845121446,1.0,2174111.33345,2040740.523962,4212395.715390494
moFiBS1R4Lf3E3zzmBPnw3NF4RhWPkhREFviuzUaCAU,44ALBrpqi9PfZkBRTvbtRNtFJGsatfY4QydjtMbFWq8S,2ho8qEEie1UjVwWNBo9y4oAJZMyMLx8zPj9bxyUz6uWs,7654.166150751,7715.021194346991,7612.454498024344,0.994550464164857,3.044981799209738,0.9951020301894491,47319.084459044,19815.334132204,66779.49663643677
TETFuZgEmET6d9vYmz9iMFCxK1jKdKYxf3oPz8hSzJK,Eu1Ze6Z84LWNkq7SNoAHBJbXx5t1P95EwyqYohrfCRFV,ASMbv7WNu3qe4pkhREmvyEdwFNDZQ6B6iSrjkj4u8bdC,15.385988496000003,15.586802820999992,15.152643349438756,0.9848339190802131,0.006061057339775503,0.9937858570359541,324.716419966,27.909163764,347.52747669517566
Lid8SLUxQ9RmF7XMqUA8c24RitTwzja8VSKngJxRcUa,4PgzyzLtds9bKZ2to9PMnKqJzKEUpjvNUaeN23phegax,AtymwxoVN9peZo7EXTcDz9jKVc4vRmisJKKrNfe3ewBa,299.39157261502623,254.98786202500105,64765.716861371555,216.32444859979674,6.476571686137156,184.14110511915956,994.981370475,7666.970152645,1627043.1531587362
BUSD5rCfUDpCxKGMvYU2yThChxgHoioK74PTPociGnv2,CcFHbafgYDZ8yA8Me1PdtDiVb2eeaS61LbqyKKK5CsNZ,26R9s4nmF3CFDTkiePDwRmtscn8i7r2eygbSijditJ58,620.1471117900002,624.4258043100001,619.0068207552822,0.9981612572032681,0.06190068207552822,1.0,83.91152621,62.32059098,146.0778254756186
BSC8REUo9LpiiWUuqMuLXs2D2yJsJfGd4HdiF3wCLxk5,AZjEH1zWVx1UJ6udMyRijGTzPteuLnaY18yNNmprJEsh,Caf8ypkSVR8xYnXNhjvfvdGCC7mrM3C11rz8Xi6NA6aK,49.40317302599988,49.45710780399986,49.3731177330573,0.9993916323365148,0.01974924709322292,0.9995905047550506,3355.16926882,2977.161670684,6329.07062946774
SAMyS8Jr2HJrkFwYVKbpUwsNStnQmvz3f8Tup8bWUWF,6jPzm5TFfquvgm25sTyN3MMGBfufRaFHMxobDWv6hMFW,Cj9ECoDmxsHTDzCY5ZA6RWrPbg9uFzEC1Qc2kso2vJG6,1641.0718220700103,75.40723064999304,1621.7239258587488,0.9882102075295788,0.6486895703434996,0.026240981958537673,543.94792253,106277.46744581,3326.35999525323
Cob4usZcpHEY7Qt4ZCwj6WVg9S44zvzYV2v9qYF65dTf,NhFM9UXE48PyNAyeyPYA3iXztqKVJwA4bTdLj4ysM8w,6TuFuynuBoeskxyR2cz4wxyidk8dpDK7kAWw3UkjQGx,17.895216999999974,1625.188221000033,0.19334363168751628,0.010804207162590795,7.733745267500651e-05,1.0,68646.22993,210.175966,951.8440550945606
RajgMbScQbqqrdJfR2rxfHJiTiY5b6bJ2tTXiF4aPxy,725ZA3fhyBAKb5iopNRrcbSuQa3LXA1656Q3mBvYPxeg,GLA6i1dSZpUfk2f9Nj8uiG7xyDdAR2reff8oEiZH3617,2020.9745305700053,2020.6930777799862,2022.0247297741555,1.000519649895763,0.8088098919096623,1.0,69396.89327011,112410.27798913,181843.2333475941
KEVpg4SYCVrqFxKijQH6hm4QxsRdoE51ud64bEEFUC9,2bPenuBYfqzD8p5dFjCcggwkHDsc2RQDnx9AoyYGUBjA,AE6n6iLuX8oYu61vt5hoDYkjswpnxFxrhSehxrnQTnbx,1499.9535745380006,1505.4800225999993,1492.1474885121088,0.9947957815772424,0.5968589954048436,0.9995905047550506,6369.710212729,1256.685081585,7592.73132451198
MARpDPs5A7XiyCWPNH8GsMWPLxmwNn9SBmKvPa9LzgA,6YjT74rmcfCpw8LSjPNx5JTmZoYLGrTKnf9arfSgZ4SR,F8GSmi3vA8M8TsybLya1LQ4n1aFHCRbZ6k437PeTdXtg,47407.951835000065,49411.49010699965,45073.204894661496,0.9507519972922583,18.029281957864598,1.0,343869.86314,19010.629098,345945.5882869705
BUSDgu5JdqP1rndBvXvanbEufS94FNh1w5FJcAj6vawb,Bgzr8cWubt89JQFXndVjtdKmDbGzuPxNhvjH1EhWCwbo,Dxaf8xPBBQsasRKW5Aa4Sw2YrbfGofY9xZueyyF23FBW,8007.469618379988,7957.533131659996,8048.440445923174,1.0051165760840532,3.21937617836927,1.0,4744.73322175,10205.40997134,14974.419981617619
KZMu9QBEdL97EFgamLbN5DE1AoKBG4HdrKKJo4Vuon3,DD4ACBWyVqdaKWh7v5btsgqQCCMwbKnuL2xd9pv7Gyuw,GcYqiJ1MAuYbNTNYXm1F1gQYTfTgkErACAhNU5dpVj9T,124.99400343000048,126.4836180100001,123.52035006951365,0.9882102075295788,0.04940814002780546,1.0,1961.40482698,1126.30457204,3064.584843159423
ALBpShJ9NLpE739pcHDF2LNVk5J4VYPvvKuV6jMPitZi,D6d156U1bPiJpDYRLextvDRccgFk7QzkQbJg42ceKEu5,GNcM8U5g8RwTZffwwm3kSQqUNPSwv5d2fbN9sLxPJqt2,33949.83785099995,33996.58350199996,33833.07989229165,0.9965608684430031,13.53323195691666,0.9993264539700242,53649.752555,46633.892096,100067.72602107943
MATSnbbiTCv7Dc3trJrkrqjx7ckKdr6fwPoVwv9q3sD,631WX9JizSHJm4w6VanZeJAst9T8DeUUnPLesdGkCVtK,211maUSfpnXbPuW1iBu8b4dtJv5EbN1j7JJiEX5TZKEP,99768.08622199997,99907.21048000001,99592.70347118721,0.998242095669526,39.837081388474886,0.9996191451057148,27858.598794,24147.135247,51947.56473489731
C98Sspw7XqnMsgxea3SLQVdbMDL8pKUc3RE82UvX9eq2,CSqgQJurPCzGxb4Cgwx5R61hWQUiaoUHcShNc8r1cKEL,6S2CR5EnukPhC914XkAns8m5GixjMAoUuZMsS5ubHuWc,179.0168209999996,178.7484099999997,0.0,0.0,0.0,1.0,899.759408,1185.660785,1185.660785
BSCNHw8CmxbZ8hCWWzMf5FaG2ajPT6JxfznKUNuRVrn4,7n9kgNL633yGzCYksgnzHyjG73ZLBAwvEae5sbAekbzW,SscdxE99omdG9AiMVwmaEMQySQnCgeAh1sPj2Leutm2,128.49172699500014,128.36779250600011,128.66106464121086,1.0013178875416415,0.05146442585648434,0.9995905047550506,5251.785481699,6434.128128508,11690.200127990687
KwnjUuZhTMTSGAaavkLEmSyfobY16JNH4poL9oeeEvE,J63v6qEZmQpDqCD8bd4PXu2Pq5ZbyXrFcSa3Xt1HdAPQ,BnKQtTdLw9qPCDgZkWX3sURkBAoKCUYL1yahh6Mw7mRK,260.38270699999316,8455.18427399944,6.807864824474664,0.02614561044745127,0.0006807864824474665,1.0,274123.825465,653.595614,7820.730368973012
7oAd7xG4m3oC2qeWB1szghTebAZyyGPAFDJ4wwwbRSNi,D9yh4KAysxt9GLacVe4Wwh2XqghhcjTCSTV9HuM7TBJd,HDYfJLpZKaMFb84jM4mRytn7XLR8UFZUnQpSfhJJaNEy,1015.3891499961028,24.70283011999993,1014.9733529674062,0.9995905047550506,0.40598934118696245,0.024112351795626322,991.924097814,300059.904035883,8226.667875487681
heyk4SZTeCUV6a65WiVA5bzic3KcxgVf1qxobfeV4tQ,9ZDpBKPqMABtGfq66FbVribaArMvtk63xxy91onZAtDt,DaTP4s6N7xxSPinbNZ3FB52EpRDRt87QShTuN3VPCW52,74.67891203400268,64.81115354300016,14687.366170341842,196.67354237370805,5.874946468136737,184.05003952474598,626.941436796,4470.890642065,946170.3926184118
SoN9GaFpSXfpyR5dth3x7PHPVhvJMpQqqDJfCSmPv1t,9kZ9iS68ViMPtoeqtnhAKuF2iqVyfHPdZHoUNdwCELr,BBhm5fJLjw3HRzjtKB8uMEYjGhY6EDm9co3cqpjrSzB9,2.3424015340000026,2.3005845099999993,501.847978126436,214.24506893549338,0.2007391912505744,214.1145602825627,3.770691134,5.838985046,2058.063697559033
WiiQFxXqp8P9Fs1rt9SVcDyA3KUdJmUsog6wnVQAwba,3S2jpqSYxho6wiz3cafhjXruVY8cg4HYa2v3BqBHYFSj,Dfe67M6TfrG74gKRtdqys4e6E9QirPD53BkF4FujFjuv,51392.317080047986,51398.492201933004,51214.63180730456,0.9965425712861582,5.121463180730457,0.9999368259912075,21888.164342105,4877.051583716,26689.231055031683
SoNcU2iwHMw6dGzsYNQkYFkUjwN1UdAjrWVRnStrZu2,8ivTTid27jZnYNc4w3CTA1Z6QS2twsFb8WMwUabeDJgc,CyXm53PMvHCbeXJBykU46Rcbo28xk5srhMZFg7gv6EYB,30.41717386499999,30.17075414699999,6599.6845363616285,216.9723119463002,2.6398738145446514,214.19991192099621,15.406038482,20.097243628,7647.511602345612
BkwbeSfcX1h4thMDd7obGkHrPevf3QwgzJ4pCEqG18Lu,35yX27bmurdebhfAb8EPmjLETDiUaEUCn9zHaDPbakH2,2CxECn1ZJFoESyUnQysQU8rRgT3iJ5GRs2Mdd6gZjx5g,0.12134154000000308,0.08604847000000004,269.0499778270578,2217.294900221729,0.10761999113082313,1533.7423312883436,0.98095001,22.51952864,36714.20981037368
FrnkTEL6yZ5Aycq2TrEgu29dCrwKG4LPUZydfiwqspkc,DjvZuMZ46fxKBoBpGMPcRcos4xdTtHFxwMh69DpA2ZFY,9rvDPJLAng4uVVqnnSoEXgNDFhBZQTny9AoQioYDZbQX,323.89933960200005,272.0273513260002,70753.81022867575,218.44382367564063,28.3015240914703,184.22292742758842,180.186387023,1454.942356416,307394.3434929522
SEQV6QiTpvTzrceiaYg9Avnwf7oc8ZALpnQMz6TyT4A,3dFMPj4r9mMmPHF32mz1gNDX7f8ftidWof7S8YiYTs1j,Fc1ED3YPeQfXQosHbd8DTaBd2AV5gHQtwiSAL5C5pUhi,10132.361989844,10167.057927530997,10123.35218615162,0.9991107893992132,4.049340874460648,0.9990568902955609,3892.688210839,1722.591418379,5610.193616911907
SRMuKizofcAMicegrfSv7xs9q76tH1w8aAF7oX9FEWu,72Hj2KWntXPfbie4UgKeTPnm1XVkomDfCnRPKbvfTtPi,6aqJQ5wedqpUt4fFEDUqUmXhrdxCu4bEJsQdVPCADLko,0.023470000000088476,0.023470000000088476,0.001405712956414302,0.05989403308091193,5.62285182565721e-07,0.05890875305132614,17975.740378,4982.669631,1370.1624436827374
MATgk4zXLXtYkwBH678J1xZbRDZ45LicNzkRBHkxTuY,y8dALFo1bJrSzPYjMX14HJX448pXqYmrfXHD1K8MXih,GN7Yuet3UyiWS5YVkEHv6oQKi4HGBJc3XDPt9zQhAqZz,23464.07746700001,23473.300382999994,23459.596684033357,0.9998090364740334,9.383838673613344,1.0,8241.611611,6911.695638,15151.733401787118
B2izdXFYb2sNwbWWHmh75T4aQFtfXsUxem9u2p61HGzf,4DYwgJtxwuJdAjkj5RJSNH4e7U329V5cNp7d3a1nLrZv,EXNW64GEf1ACC6xY9BtKRiunrs6GoJSXBdxWN2eTPmrF,5605.877504000003,5490.018399000004,5668.818394635642,1.0112276607169401,0.5668818394635642,1.0,8056.121298,31759.677823,39906.25051762846
parEAJhzYzHW87y9VoZAQ22dzQ2MD2ekEtTReaxbMcz,3oyc6hpjYSJEquK6dSvG72NXyz3pqLZz5D8AC71pwgQb,Di2vordgFJVZ1aj1aBpvzXtLfZgJsuLLXawGtVFwX6Rz,6.990930605999978,8.225432481999633,1259.205359141862,180.11984814455843,0.5036821436567448,211.33137710921923,1105.056378432,141.644371257,228976.48711185885
AUSejoEUCh2DBs9mof6BNC8Pubs22w4cJa1ccV9h44R,4xkyD7AfGQDwsQMy9MosRRNGoVJ1zosNinesxg1TzHG7,Cbm5gsQe3nSiCsFrvepVzMCD9xLK3ri9g3ypS2hdmVJ7,9737.732309,9751.999344999997,9730.560885627294,0.9992635427689793,0.9730560885627294,1.0,14743.554214,14126.878933,28859.575149888155
HEDSDjj84KS7LKhZY7ejkCACTdPen62rKhCby1wXtgxc,EnnjMSFttpCTywBrYNt1J5QQeoSVkvzPipJDa8Y7kJow,6bjVT6JN2rSvpyn9PdfLYC8wJn4LWh49jpY47fnLDXZk,9.470279629003926,9.78031203601131,9.16693437600257,0.9679687121304927,0.0036667737504010285,0.9999368259912075,39093.642187202,9127.490503713,46968.33636398388
NorjjEePhxfwLF4vZjUHCrVVKLzQjEEGQFd3wgjEJmh,34M8pFVqgbV7aqHxvRT5tCv3vu2P1JJYT8J3VaxBK2oG,3AZWBSze3ucsY3xSeuLne3b2pauVqiaJ1SZSV5T9WGWw,0.010678000000098109,0.0015079999998306448,0.006359885667444395,0.5956064494648774,2.543954266977758e-06,1.0,38104.416915,2273.81095,24969.047417672566
STK75uPSyBnEhGTTzb1nwmP3n427XoXmfRhXxxhyady,6TYyD5fUmDe6N65avW1Ny2RxzRNobw2RRgKwH9CTzSAU,54zDfk4cx2vGrEajPtodWpArNe5eUurytyxd4X3aZAxK,677.549474213001,759.1597812690013,125067.90076683655,184.58858803205123,12.506790076683657,206.80906435856718,645.937450215,117.511532731,143535.1320276495
BSCuChvaSj9b5HUSqgDVRzcnr2sSn7cXaamt1jbKH6hn,GnKpRj5kBVPMJfiwZtEuD9GYApLzPdW5JFuZTcyX4BTc,3dmwD9okkomV9nDwyuh4UMhKdUR13QpuKxRo89ycZB5t,42.00461042799998,42.059281029999966,41.98501006193265,0.9995333758397562,0.01679400402477306,0.9922869535103639,1698.675090796,1444.892428649,3131.630354132537
DFWzVTzNBrQZLjoQ4yQwkj9HuoXmfkuZP9V5vbymZe23,DhgiEgiNdqZdRdo195UUHnoEJUtefK8buko8nU97XJUZ,2K2kkXsouBHtWVjtcgkyiXd8eP3oVBvq1bTJzcVdLLr2,174.55008763999922,204.45439244799854,147.20782774915955,0.8433557939699708,0.05888313109966382,0.9999368259912075,61065.327071054,7805.121219551,59304.42553479916
vEnkoSUkpnbRrPgBz9DfcVxNz67zjwMYBZraAvDDNSf,DtfyjjsZ5yCjWKLKHvwsfXs5QVsmm1QkK6Sh9JZHoq1g,e5wrKCRv4GhHvEf1VD5Pq2KGaZDXP77nTL612Jyrxwy,2292.0847490000006,2292.957625,2290.531768460984,0.9993224593725455,0.22905317684609844,0.9975092194789611,1051.034632,909.711947,1957.7685675386142
GokA1R67GqSavkd15zR62QD68Tuc5AEfvjssntVDEbM8,3YB7hfpBdbQEuZqLGWVDpRPmeZWCUsrrWyqGXegnQ6Cg,4DPCj6Z1DsG6HUtwSogBGqXEUxdEV5a8YVrrFtcnz7UW,30649.82974599998,30656.109495999997,30658.32210122202,1.0002770767502598,3.0658322101222018,1.0,13563.948145,19033.382459,32601.08885867271
JSoLLrxK5bYdHwTEWYaGgmeycBCNXKDiBCTw5hXGBg7,xG4wXczA7Dk4hccJ61CHKpDHW4NrNfQwgmWgkb9BuF2,BVR6WgfhsRr9Lob4QDnkEAiNGgAbv7ZieKcY9kSg3QYR,7.412511087000116,6.350465086999982,1516.580075001318,204.59734322165934,0.6066320300005272,184.46872913773967,17.433440491,163.382563688,33705.80949446267
daob129AwBGn9Y5r91uLoWZeYiGzbPmksauMhFZKTze,6VW5GQNyj4LStgmxEHLr5zUfW92vQnmbw8jTnCH7a38F,4VPCCUifPeBA1c7HWK358CHn2nyjm8pdTRk6Ps3KmnMQ,39.71644893400013,35.69950638299997,8097.419304815608,203.8807477040989,3.238967721926243,184.4173941010777,48.997639236,222.901773894,51096.63960521048
DA1mL7dfBow33EH5yjUuZE6SH2KeUK5zEXzsyhE5r5j5,B4UtLRZND3D83CitRCBUyeiNr7H8m7YFRqBmiPmXjhW4,AAmpYbuixWiSqDaJBCqYEs1pb5SrbdPr9mgXrB58Q2e,244.243765208,244.081478415,244.6010409847112,1.0014627836104923,0.0978404163938845,0.9999368259912075,1392.074742094,1715.510700133,3109.5133706562615
BerKDkt6v49dT1bHRedgnpsJS263C1DSJtEGvY9Mg35V,78XKqNb8wbfsMMrvo8WPUpdx7GEkfQutpNVH943aCGFa,DKYQwn4nDvFHCszi5tXbqfVMAP7DaXXp1KGTXEnYnKVH,0.007494219000363955,0.0015118729997993796,0.00754038483307561,1.0061601926377401,3.016153933230244e-06,0.9996830994577888,1339.340750272,2718.161156349,4064.8911169059866
ercAoEmXjQzEvAFbdjAo81KtMxRGn9AW1ju882upmPH,CMRhskR2Eg6V42RTSdRTXGdozyPbWB8U9dVpijPWb9T4,7TKLLgrWswt6ZJ1pXhVR3FyufHGjJFqiEXxvWJfDcgRm,0.0,0.00035498200008987624,0.0,184.28339099867776,0.0,180.39320668046557,347.579398215,919.671963685,229955.6847675978
ALLwa5WNZbvQsRKAqe1jdRGemdYQnW8E5k4msbRFcYtu,CGoM82Hbz7QVqTgvQatYtjvDWBvoUJp5qm21P8iMs9yb,3dxNNww8TivyN5FMy5dCNdi3Zcxv6e4kUfSPxfFwpdNq,2.1797729609999976,2.16599939,7359.870888341147,3376.439207212074,2.943948355336459,3333.5111205930984,0.878544016,7.749186771,28798.350737565375
HDSBGqAuMRr6X2AfmmbXQPpRgU6VEhtfNVVZ3wUTZXg,DCZ1d8kNLgDcdSd99y4udLgwq46mfDXNS9KXj96kQf5L,Fq8GGYQM5Pz3q7LmVMbrXHJgsxA5ev86kTq8yGgGuYsa,137.33762136999758,137.9915585790004,136.43836226404156,0.9934522012469305,0.054575344905616635,0.9999368259912075,11098.70439361,10455.130157828,21480.501976164313
BUSDTd9WiT6uBHJRgNvFXBsA7JrifsAtWzKfioN7ERcy,DyBxrn7gSc1EwnpWhDyhzvMHPtxpmBqRqotapLcKcfTM,Cds99GeBgoCpqBsoRWu1C6fF9LiUMd4pXQQD24s9LPff,26920.01758086,26939.495843689998,26887.62310366847,0.998796639820378,2.688762310366847,0.9971759975748681,2950.60519954,2588.08839559,5527.834186421485
YAkoNb6HKmSxQN9L8hiBE5tPJRsniSSMzND1boHmZxe,CfWX7o2TswwbxusJ4hCaPobu2jLCb1hfXuXJQjVq3jQF,EnTrdMMpdhugeH6Ban6gYZWXughWxKtVGfCwFn78ZmY3,9664982.91899599,9668146.903935965,9664982.91899599,1.0,966.4982918995989,0.9980448301776819,1112113.614725,246176.993189,1357809.2900859679
Lee1XZJfJ9Hm2K1qTyeCz1LXNc1YBZaKZszvNY4KCDw,9DgFSWkPDGijNKcLGbr3p5xoJbHsPgXUTr6QvGBJ5vGN,2hNHZg7XBhuhHVZ3JDEi4buq2fPQwuWBdQ9xkH7t1GQX,2926.026357455128,2482.138726383002,636971.9846864972,217.69181369934583,63.697198468649724,184.8166471007443,7208.944946841,56422.704347744,11997183.338243185
wrmcMSHFi3sWpAEy4rGDvQb3ezh3PhXoV2xNjgLBkKU,8p4mGnARWPBu6P2Gcw4adodLkNDorrXniZMhaY7eJXUn,AyY89zccbsgp9LKFgH4CFZMJmpSgqmPSdTfukhP227rc,0.010922639999999997,0.10530898999999394,3.701247344183634,338.8601422534877,0.0014804989376734537,3377.2374197906115,27.08942124,0.09496061,9500.229660449193
Sid7E679i9ABqptiAVhkmQ27YHN8vaYT4fppPwmxFsJ,GP7KB8o1bv527HG8kTzzzf4wJ5aEGHvcMQvVhLziUfmT,9gYxhAZ1M9wu5pxr8SBoa5NDm21gi3s9vMHaYTME77sa,1171.5193539999927,2525.6374880000167,12.660538339675181,0.010806939122642321,0.005064215335870073,0.025922237383562818,130503.045001,10655.564763,1686.5545418876718
AyiATPCAx5HZstcZ1jdH9rENwFb3yd9zEhkgspvDrCs4,DvHVapj4g2Y1tJVSw2ubSPkPBsJPb8fW387ZWXwaKmZq,DKjqWWgrtDRPKrnMWtZ4UiJk4sGQVCQgFjSo7BvfngvK,8.313999999998156e-05,8.246000000000642e-05,0.1851917850937354,2227.469149552279,7.407671403749416e-05,2301.178203240059,0.80209269,0.31867204,2519.957874486444
ZUCKWFa4LTL833dPhhpeeRWZcaAEoMeYJPi2iKn4F8N,7eEYpq6ShaJ9opZWMxitRFrdCHh6vfyHhGfoSvFht3N2,H8VggnHmuwd1wvwpT8eg9cUJFEfZ7HAaeYjgXrSm7A2u,0.03763862000005247,0.001531721999981528,0.03775167687211692,1.003003746472753,1.5100670748846769e-05,0.9999368259912075,1679.577333789,2167.645706853,3852.1311262651407
