0,1,2,3,4,5,6,7,8,9,10,11
SEQV6QiTpvTzrceiaYg9Avnwf7oc8ZALpnQMz6TyT4A,3dFMPj4r9mMmPHF32mz1gNDX7f8ftidWof7S8YiYTs1j,Fc1ED3YPeQfXQosHbd8DTaBd2AV5gHQtwiSAL5C5pUhi,308.7007939570003,307.3797003730001,309.5983247636617,1.0029074457346112,0.12383932990546469,0.9976545142370288,924.643292107,4697.246267356,5613.560585413421
GokA1R67GqSavkd15zR62QD68Tuc5AEfvjssntVDEbM8,3YB7hfpBdbQEuZqLGWVDpRPmeZWCUsrrWyqGXegnQ6Cg,4DPCj6Z1DsG6HUtwSogBGqXEUxdEV5a8YVrrFtcnz7UW,29479.521931,29484.97787399998,29474.688082154524,0.9998360268915897,2.947468808215452,1.0,45978.34405,28557.188643,74527.99348100656
BUSDTd9WiT6uBHJRgNvFXBsA7JrifsAtWzKfioN7ERcy,DyBxrn7gSc1EwnpWhDyhzvMHPtxpmBqRqotapLcKcfTM,Cds99GeBgoCpqBsoRWu1C6fF9LiUMd4pXQQD24s9LPff,16183.859872890007,16146.066253559997,16175.580887080381,0.9994884418257047,1.617558088708038,0.9957412148241969,2902.2482289,2865.95751043,5754.515573164772
Lid8SLUxQ9RmF7XMqUA8c24RitTwzja8VSKngJxRcUa,4PgzyzLtds9bKZ2to9PMnKqJzKEUpjvNUaeN23phegax,AtymwxoVN9peZo7EXTcDz9jKVc4vRmisJKKrNfe3ewBa,83.0765887890035,70.6794092289997,16706.270033114983,201.09480031185782,1.6706270033114983,165.52210887084294,989.285962536,7673.780822749,1469120.647881548
MATgk4zXLXtYkwBH678J1xZbRDZ45LicNzkRBHkxTuY,y8dALFo1bJrSzPYjMX14HJX448pXqYmrfXHD1K8MXih,GN7Yuet3UyiWS5YVkEHv6oQKi4HGBJc3XDPt9zQhAqZz,35353.72686700001,35368.143815,35377.28814090186,1.0006664438516053,14.150915256360744,1.0,7083.254741,7670.90535,14758.880682571493
B2izdXFYb2sNwbWWHmh75T4aQFtfXsUxem9u2p61HGzf,4DYwgJtxwuJdAjkj5RJSNH4e7U329V5cNp7d3a1nLrZv,EXNW64GEf1ACC6xY9BtKRiunrs6GoJSXBdxWN2eTPmrF,7232.601090000007,7120.795025000003,7216.6594891883915,0.9977958689255436,0.7216659489188392,1.0,8898.503473,30907.685,39786.57500497901
KysFMBBoavfov2tLpvefWW6tPFt6rAeZWDJVy1mMQae,B8ka2V21TH3x64dFV8ETcjuQcwmrciJ2qzy1mJUttRew,7fSf7EYxBANyxzk2s5pymFgshA91tFYQNKKs5UnLWcYS,9.274383999999827,12.555980000004638,0.0,0.0,0.0,0.024974052583716832,134596.5171,2541.636167,63.474955283334495
BSCNHw8CmxbZ8hCWWzMf5FaG2ajPT6JxfznKUNuRVrn4,7n9kgNL633yGzCYksgnzHyjG73ZLBAwvEae5sbAekbzW,SscdxE99omdG9AiMVwmaEMQySQnCgeAh1sPj2Leutm2,1172.289535005999,1170.6403902369993,1173.7422288129117,1.0012391937004754,0.46949689152516466,1.0,5165.947944199,6522.426670108,11694.776224456435
moFiBS1R4Lf3E3zzmBPnw3NF4RhWPkhREFviuzUaCAU,44ALBrpqi9PfZkBRTvbtRNtFJGsatfY4QydjtMbFWq8S,2ho8qEEie1UjVwWNBo9y4oAJZMyMLx8zPj9bxyUz6uWs,1631.1858357750025,1633.84023514,1628.9785730664546,0.9986468355351436,0.6515914292265819,1.0,39150.892373117,27961.386822355,67059.30159914528
CZgvH45CRmoaNJ7395Ao5CQZXkGznvqU7cErD6n7FaRg,4ZjU6MKvtqVQKCiowhvZ5yUsPxXX5SCzd5eFsPeXyey5,BsyWeshjDbCvjDojry3vKDCesmFRM37WtwcR4Kfgzqr,332.50785824000013,317.34387759000003,350.43848117755095,1.0539254110638454,0.1401753924710204,0.9995547383462564,339.74020149,1319.71302668,1677.1862405855354
SAMyS8Jr2HJrkFwYVKbpUwsNStnQmvz3f8Tup8bWUWF,6jPzm5TFfquvgm25sTyN3MMGBfufRaFHMxobDWv6hMFW,Cj9ECoDmxsHTDzCY5ZA6RWrPbg9uFzEC1Qc2kso2vJG6,1792.8075385900152,78.32819907999169,1796.422551547396,1.0020163976777028,0.7185690206189584,0.025104112402558703,524.41972762,107040.83374185,3212.6422882599154
RajgMbScQbqqrdJfR2rxfHJiTiY5b6bJ2tTXiF4aPxy,725ZA3fhyBAKb5iopNRrcbSuQa3LXA1656Q3mBvYPxeg,GLA6i1dSZpUfk2f9Nj8uiG7xyDdAR2reff8oEiZH3617,12874.217113879997,12877.608729019994,12868.143350218694,0.9995282226788955,5.147257340087478,0.9995547383462564,104816.2329896,77027.27629743,181759.76207299434
AURHmCnNwiW4uA2Qj1XvEh4iKgRUZYXtiY7FKAapUV5Y,BKWm4TRnTeKwfWXRyuzjRHU7iZDkPuXBX5b5V5jSVfGJ,A5Ww74HVrkj9nPeC7pHKLfgeDMEhBCpW1efQdz3TGLEg,0.0009430529996734549,0.0006106109999564069,0.17914885325027757,189.9668982679768,7.165954130011103e-05,171.0251572875615,289.900346858,1809.486016395,364539.1002630229
AUSejoEUCh2DBs9mof6BNC8Pubs22w4cJa1ccV9h44R,4xkyD7AfGQDwsQMy9MosRRNGoVJ1zosNinesxg1TzHG7,Cbm5gsQe3nSiCsFrvepVzMCD9xLK3ri9g3ypS2hdmVJ7,2085.163598000003,2087.7394469999945,2084.5861676315685,0.9997230767077518,0.20845861676315688,1.0,14485.570711,14387.13015,28868.689469068617
SoNcU2iwHMw6dGzsYNQkYFkUjwN1UdAjrWVRnStrZu2,8ivTTid27jZnYNc4w3CTA1Z6QS2twsFb8WMwUabeDJgc,CyXm53PMvHCbeXJBykU46Rcbo28xk5srhMZFg7gv6EYB,5.538362069999998,5.495615001999997,1116.1104320886766,201.52355840626305,0.44644417283547067,198.91515651937465,15.182894082,20.41253522,7120.073480553579
MATSnbbiTCv7Dc3trJrkrqjx7ckKdr6fwPoVwv9q3sD,631WX9JizSHJm4w6VanZeJAst9T8DeUUnPLesdGkCVtK,211maUSfpnXbPuW1iBu8b4dtJv5EbN1j7JJiEX5TZKEP,18039.496404999983,18035.325719999997,18022.429164581124,0.9990538959605254,7.2089716658324505,0.9985570850121576,24550.005836,27035.944499,51523.71290578136
daob129AwBGn9Y5r91uLoWZeYiGzbPmksauMhFZKTze,6VW5GQNyj4LStgmxEHLr5zUfW92vQnmbw8jTnCH7a38F,4VPCCUifPeBA1c7HWK358CHn2nyjm8pdTRk6Ps3KmnMQ,8.710762821999992,7.819596003999962,1654.7977755842376,189.97162583796487,0.6619191102336951,171.08721821079723,48.584827118,223.401696738,47450.91343713946
HEDSDjj84KS7LKhZY7ejkCACTdPen62rKhCby1wXtgxc,EnnjMSFttpCTywBrYNt1J5QQeoSVkvzPipJDa8Y7kJow,6bjVT6JN2rSvpyn9PdfLYC8wJn4LWh49jpY47fnLDXZk,12.225761679999778,12.625772547988163,11.825307149116584,0.9672450239613046,0.004730122859646634,1.0,39106.49404357,9115.104705606,46940.666473821475
NorjjEePhxfwLF4vZjUHCrVVKLzQjEEGQFd3wgjEJmh,34M8pFVqgbV7aqHxvRT5tCv3vu2P1JJYT8J3VaxBK2oG,3AZWBSze3ucsY3xSeuLne3b2pauVqiaJ1SZSV5T9WGWw,0.016132999999626918,0.0014029999997546838,0.009586217428000525,0.5941993075201271,3.83448697120021e-06,1.0,38110.243979,2266.621456,24911.702037744893
BSC8REUo9LpiiWUuqMuLXs2D2yJsJfGd4HdiF3wCLxk5,AZjEH1zWVx1UJ6udMyRijGTzPteuLnaY18yNNmprJEsh,Caf8ypkSVR8xYnXNhjvfvdGCC7mrM3C11rz8Xi6NA6aK,4244.034032498999,4246.493921595,4243.931180826832,0.999975765587321,1.6975724723307328,1.0,3273.922634016,3070.097681201,6343.940973624808
BkMBnJpvHKtWhUvrgRrLesXfi9RUV3ELgdBaJcdH7hcY,5uerVwBnZQsuVhZ15igs7ZgmcqhHnYWbwoRtLyRqLvR,9YWiQh5d4jCtgMdzcGLv9bWgnLaFtzvDDh2nnhJdzhBX,0.0013919619998432609,0.0013919619998432609,0.0013971204886278669,1.0037059120760385,5.588481954511467e-07,0.9972921453858034,1114.216648772,1759.19947145,2872.781652749949
ercAoEmXjQzEvAFbdjAo81KtMxRGn9AW1ju882upmPH,CMRhskR2Eg6V42RTSdRTXGdozyPbWB8U9dVpijPWb9T4,7TKLLgrWswt6ZJ1pXhVR3FyufHGjJFqiEXxvWJfDcgRm,8.41482992200008,8.356987220999883,1438.109198017895,170.9017545628632,0.575243679207158,168.33395841343224,940.894999279,922.229511408,316043.1504571992
SoN9GaFpSXfpyR5dth3x7PHPVhvJMpQqqDJfCSmPv1t,9kZ9iS68ViMPtoeqtnhAKuF2iqVyfHPdZHoUNdwCELr,BBhm5fJLjw3HRzjtKB8uMEYjGhY6EDm9co3cqpjrSzB9,3.2228331770000014,3.160223219000002,654.0003285390446,202.92714286497005,0.26160013141561783,199.18965663886178,3.612437776,6.018881509,1931.9606177888709
vEnkoSUkpnbRrPgBz9DfcVxNz67zjwMYBZraAvDDNSf,DtfyjjsZ5yCjWKLKHvwsfXs5QVsmm1QkK6Sh9JZHoq1g,e5wrKCRv4GhHvEf1VD5Pq2KGaZDXP77nTL612Jyrxwy,4698.208344,4697.219597999999,4686.791320343642,0.99756991967567,0.46867913203436423,0.9985520994557892,976.887185,964.328778,1937.445796510177
DA1mL7dfBow33EH5yjUuZE6SH2KeUK5zEXzsyhE5r5j5,B4UtLRZND3D83CitRCBUyeiNr7H8m7YFRqBmiPmXjhW4,AAmpYbuixWiSqDaJBCqYEs1pb5SrbdPr9mgXrB58Q2e,87.33040356099946,71.87492953799998,102.6065868180244,1.174923997074566,0.04104263472720976,1.0,184.238604909,2950.765792538,3167.232150633124
oKQqupM9E7SSLAFDLxr7mdsXP7znck9qRbVWc6Yyj7Q,CMR2J7CwfW98RpvnJmFBgRFTLAd3x8CJ1SWs8Bt3uunG,FmRb5jHfSNj1YWP3b45d9vvYuhwjp4om8bALmtqZpr1v,4374.66430531,4420.125714619999,4426.305390619604,1.0118045824103399,1.7705221562478417,0.9995547383462564,2176.27630641,3719.60303274,5919.913175559059
RoBgmK8CvjdHvPrqdDyVw54VwjZv2TqJ493xnqJAQHx,ExiHJxM7qPAcy27NDHAF6G7vnW7muNHi2sVJpnaNynGQ,6rkPHSqZb7StM4HwS9EuVrmfkV7tRdc7dnsFhyB6cefE,12.55598000000009,0.24358900000000006,0.0,0.0,0.0,0.9377924740278375,6183.285046,20.467053,19.193848268928875
C98Sspw7XqnMsgxea3SLQVdbMDL8pKUc3RE82UvX9eq2,CSqgQJurPCzGxb4Cgwx5R61hWQUiaoUHcShNc8r1cKEL,6S2CR5EnukPhC914XkAns8m5GixjMAoUuZMsS5ubHuWc,115.76717399999973,114.37866900000017,0.0,0.0,0.0,1.0,833.100349,2078.344028,2078.344028
ALBpShJ9NLpE739pcHDF2LNVk5J4VYPvvKuV6jMPitZi,D6d156U1bPiJpDYRLextvDRccgFk7QzkQbJg42ceKEu5,GNcM8U5g8RwTZffwwm3kSQqUNPSwv5d2fbN9sLxPJqt2,149.53664800000115,149.3259590000016,149.52991915363924,0.9999550020249088,0.05981196766145569,0.9978755230115085,43610.531151,56701.345785,100189.45384606882
KEnkcdADoLR5jS2CLLLesy8TtFsyWL37BhXNfDMzWzP,3qsjFRuw1qeLMPo4DLwaQevenGAGBj9dA3Q6rb8ax2YR,77iEv8zPQAEyCcEbvBRSB6AFcUdfkhiqnAKtPxk76rNN,1.4032939999999883,0.027309999999999945,0.02745167243764574,0.01956231013433106,1.0980668975058297e-05,0.9981783245576823,102.331928,0.519689,2.5205912074910937
Sid7E679i9ABqptiAVhkmQ27YHN8vaYT4fppPwmxFsJ,GP7KB8o1bv527HG8kTzzzf4wJ5aEGHvcMQvVhLziUfmT,9gYxhAZ1M9wu5pxr8SBoa5NDm21gi3s9vMHaYTME77sa,837.3071969999946,1028.6869830000069,16.37966306542133,0.01956231013433106,0.006551865226168531,0.024850304252215082,107259.062276,24833.549814,2715.3563095010804
FrnkTEL6yZ5Aycq2TrEgu29dCrwKG4LPUZydfiwqspkc,DjvZuMZ46fxKBoBpGMPcRcos4xdTtHFxwMh69DpA2ZFY,9rvDPJLAng4uVVqnnSoEXgNDFhBZQTny9AoQioYDZbQX,4139.121861205997,3469.0436633349973,838844.6094129005,202.66245777274364,335.53784376516023,170.84832171422374,178.864935479,1464.205384672,286406.24004967796
BSCuChvaSj9b5HUSqgDVRzcnr2sSn7cXaamt1jbKH6hn,GnKpRj5kBVPMJfiwZtEuD9GYApLzPdW5JFuZTcyX4BTc,3dmwD9okkomV9nDwyuh4UMhKdUR13QpuKxRo89ycZB5t,1394.9236461669996,1393.1088200840004,1394.562722177998,0.9997412589642499,0.5578250888711993,0.992382472143824,1595.437842533,1511.193549479,3094.7070278129186
DFWzVTzNBrQZLjoQ4yQwkj9HuoXmfkuZP9V5vbymZe23,DhgiEgiNdqZdRdo195UUHnoEJUtefK8buko8nU97XJUZ,2K2kkXsouBHtWVjtcgkyiXd8eP3oVBvq1bTJzcVdLLr2,643.2269271559999,776.7690839770003,518.561400076903,0.8061873316928754,0.20742456003076126,1.0,61968.85443795,7054.647463583,57013.15287097811
BUSD5rCfUDpCxKGMvYU2yThChxgHoioK74PTPociGnv2,CcFHbafgYDZ8yA8Me1PdtDiVb2eeaS61LbqyKKK5CsNZ,26R9s4nmF3CFDTkiePDwRmtscn8i7r2eygbSijditJ58,497.19154420000007,495.5413258500001,497.31332131298996,1.0002449299760032,0.049731332131299,0.9995547383462564,68.57242512,78.27258776,146.8269565405703
wrmcMSHFi3sWpAEy4rGDvQb3ezh3PhXoV2xNjgLBkKU,8p4mGnARWPBu6P2Gcw4adodLkNDorrXniZMhaY7eJXUn,AyY89zccbsgp9LKFgH4CFZMJmpSgqmPSdTfukhP227rc,0.004103419999999983,0.04560606000000078,1.2715897118066262,309.88534242330337,0.0005086358847226504,3504.713840114955,27.15882741,0.08845392,8726.128209399669
parEAJhzYzHW87y9VoZAQ22dzQ2MD2ekEtTReaxbMcz,3oyc6hpjYSJEquK6dSvG72NXyz3pqLZz5D8AC71pwgQb,Di2vordgFJVZ1aj1aBpvzXtLfZgJsuLLXawGtVFwX6Rz,10.705953517999887,12.614887255999747,1778.1595218314437,166.09071941530752,0.7112638087325776,193.670199404774,1105.290499874,141.461139311,210975.3013453654
SERgf3DMJpQxUifu7VoFKmfne73d2fDJxSrxUMrcNJB,AJfM2GZ2tTB8UtN2krcyR9xufRJEx2mhSCbJyMgPo3GU,F4yRYkufQvERZcEKnKjJwRLU1btiMBUuEwq46hfm11QD,0.008916915000003911,0.008799169999999634,1.5094266003221186,169.27677344927665,0.0006037706401288475,171.13842822702472,29.284890014,27.958946131,9742.101788130256
HDSBGqAuMRr6X2AfmmbXQPpRgU6VEhtfNVVZ3wUTZXg,DCZ1d8kNLgDcdSd99y4udLgwq46mfDXNS9KXj96kQf5L,Fq8GGYQM5Pz3q7LmVMbrXHJgsxA5ev86kTq8yGgGuYsa,196.27609134499653,195.96799363599712,195.48079181810158,0.9959480570382001,0.07819231672724064,1.0,63157.835210442,61833.365103045,124735.28836762352
ZUCKWFa4LTL833dPhhpeeRWZcaAEoMeYJPi2iKn4F8N,7eEYpq6ShaJ9opZWMxitRFrdCHh6vfyHhGfoSvFht3N2,H8VggnHmuwd1wvwpT8eg9cUJFEfZ7HAaeYjgXrSm7A2u,82.78910549799957,82.7550873969999,82.92436442390378,1.001633776873063,0.03316974576956151,1.0,1805.244710253,2041.87639479,3850.0704721008306
heyk4SZTeCUV6a65WiVA5bzic3KcxgVf1qxobfeV4tQ,9ZDpBKPqMABtGfq66FbVribaArMvtk63xxy91onZAtDt,DaTP4s6N7xxSPinbNZ3FB52EpRDRt87QShTuN3VPCW52,43.84313001100213,38.08208174100025,8602.972328820064,196.22167319398062,3.441188931528026,171.17147187781094,625.191733288,4473.039827131,888332.9789508985
BkwbeSfcX1h4thMDd7obGkHrPevf3QwgzJ4pCEqG18Lu,35yX27bmurdebhfAb8EPmjLETDiUaEUCn9zHaDPbakH2,2CxECn1ZJFoESyUnQysQU8rRgT3iJ5GRs2Mdd6gZjx5g,0.005197869999998717,0.004111980000001125,10.214935639183878,1965.2156824211456,0.004085974255673552,1223.9902080783354,0.83700081,22.73855947,29476.6612550981
MARpDPs5A7XiyCWPNH8GsMWPLxmwNn9SBmKvPa9LzgA,6YjT74rmcfCpw8LSjPNx5JTmZoYLGrTKnf9arfSgZ4SR,F8GSmi3vA8M8TsybLya1LQ4n1aFHCRbZ6k437PeTdXtg,56809.265908000045,59266.50951800018,53542.78144065029,0.9425008506070176,21.417112576260116,1.0,317468.032003,17428.923917,316642.8141203634
BUSDgu5JdqP1rndBvXvanbEufS94FNh1w5FJcAj6vawb,Bgzr8cWubt89JQFXndVjtdKmDbGzuPxNhvjH1EhWCwbo,Dxaf8xPBBQsasRKW5Aa4Sw2YrbfGofY9xZueyyF23FBW,6786.765413070003,6737.812722079998,6823.066034833809,1.0053487367773015,2.729226413933523,0.9995547383462564,4909.74771198,10070.01834973,15001.54321684071
WiiQFxXqp8P9Fs1rt9SVcDyA3KUdJmUsog6wnVQAwba,3S2jpqSYxho6wiz3cafhjXruVY8cg4HYa2v3BqBHYFSj,Dfe67M6TfrG74gKRtdqys4e6E9QirPD53BkF4FujFjuv,54079.93722994601,54090.683160878,54096.68210053669,1.000309631842202,5.4096682100536695,1.0,12012.712064512,14761.314686183,26777.746268861374
Cob4usZcpHEY7Qt4ZCwj6WVg9S44zvzYV2v9qYF65dTf,NhFM9UXE48PyNAyeyPYA3iXztqKVJwA4bTdLj4ysM8w,6TuFuynuBoeskxyR2cz4wxyidk8dpDK7kAWw3UkjQGx,22.755828999999892,1152.4024190000055,0.4451565842618025,0.01956231013433106,0.000178062633704721,1.0,62095.329847,305.696045,1520.4241453605982
7dwD9TF6uikvHXxPFK9AsSim54yJoujQjY9vU6gNFumk,CquVr6atkvwueDYficKjn6SSEWq4F4rH4VSiBbW4GBWU,8BCa6ge3b7ho3TfZuM64Vk1hgbrJ3J7EPiAb9uP86CGd,3.123800000000027e-05,3.133500000000039e-05,0.0062783425320424545,200.98413893470772,2.511337012816982e-06,201.7549045104125,0.003899032,0.003608878,1.5117524254786
ALLwa5WNZbvQsRKAqe1jdRGemdYQnW8E5k4msbRFcYtu,CGoM82Hbz7QVqTgvQatYtjvDWBvoUJp5qm21P8iMs9yb,3dxNNww8TivyN5FMy5dCNdi3Zcxv6e4kUfSPxfFwpdNq,5.351651605999999,5.354626183999996,18475.632141130976,3452.323413657391,7.390252856452391,3381.1312588966016,4.629832505,4.004144992,29522.218955929035
BerKDkt6v49dT1bHRedgnpsJS263C1DSJtEGvY9Mg35V,78XKqNb8wbfsMMrvo8WPUpdx7GEkfQutpNVH943aCGFa,DKYQwn4nDvFHCszi5tXbqfVMAP7DaXXp1KGTXEnYnKVH,200.15831084,201.67296980799983,203.80108174140707,1.0181994486570132,0.08152043269656284,1.0,1339.269355658,5107.728105159,6471.371424693209
ACUSESXyNnwRLAg1dpSGMLSzUDdLjUMybY8rkXiAKhCP,AhFPQdu8GKBsxuhiH46UmCu1YpaLgNpoP325HnYtsgas,A8wxWpT3aFEr2XqZp1kDmbxbFfcBE95UUmdsNTDBJYbT,0.0,0.0028271740002310253,0.0,1.0,0.0,0.9878766688533974,1044.477863304,1841.390280505,2863.5443596683026
KEVpg4SYCVrqFxKijQH6hm4QxsRdoE51ud64bEEFUC9,2bPenuBYfqzD8p5dFjCcggwkHDsc2RQDnx9AoyYGUBjA,AE6n6iLuX8oYu61vt5hoDYkjswpnxFxrhSehxrnQTnbx,669.0884725480005,670.5027520369993,668.0717061593848,0.9984803707875228,0.2672286824637539,1.0,5786.239672022,1841.90609382,7619.3528270060015
JSoLLrxK5bYdHwTEWYaGgmeycBCNXKDiBCTw5hXGBg7,xG4wXczA7Dk4hccJ61CHKpDHW4NrNfQwgmWgkb9BuF2,BVR6WgfhsRr9Lob4QDnkEAiNGgAbv7ZieKcY9kSg3QYR,4.088387210000036,3.50211267300001,813.391681231598,198.95172336956577,0.3253566724926392,171.54765490924788,17.515831649,163.320997048,31502.13893384433
KwnjUuZhTMTSGAaavkLEmSyfobY16JNH4poL9oeeEvE,J63v6qEZmQpDqCD8bd4PXu2Pq5ZbyXrFcSa3Xt1HdAPQ,BnKQtTdLw9qPCDgZkWX3sURkBAoKCUYL1yahh6Mw7mRK,177.3468780000061,5713.118352999876,4.414048854412974,0.024889351897205782,0.00044140488544129744,1.0,274709.258497,638.790915,7476.126319152299
KZMu9QBEdL97EFgamLbN5DE1AoKBG4HdrKKJo4Vuon3,DD4ACBWyVqdaKWh7v5btsgqQCCMwbKnuL2xd9pv7Gyuw,GcYqiJ1MAuYbNTNYXm1F1gQYTfTgkErACAhNU5dpVj9T,241.07450582000047,241.13963198000056,241.56060789368925,1.0020163976777028,0.09662424315747571,0.999576419496474,2317.65320543,2572.11679096,4893.353808405707
YAkoNb6HKmSxQN9L8hiBE5tPJRsniSSMzND1boHmZxe,CfWX7o2TswwbxusJ4hCaPobu2jLCb1hfXuXJQjVq3jQF,EnTrdMMpdhugeH6Ban6gYZWXughWxKtVGfCwFn78ZmY3,7871768.913216011,7871296.088534946,7871768.913216011,1.0,787.1768913216011,0.9981215352706208,421318.269735,962130.686405,1381641.6275805347
Lee1XZJfJ9Hm2K1qTyeCz1LXNc1YBZaKZszvNY4KCDw,9DgFSWkPDGijNKcLGbr3p5xoJbHsPgXUTr6QvGBJ5vGN,2hNHZg7XBhuhHVZ3JDEi4buq2fPQwuWBdQ9xkH7t1GQX,1270.14612991815,1077.4126658919959,256536.66667100575,201.9741355961438,25.653666667100577,170.52365597943756,7180.617510887,56412.996788569,11070049.471950991
KEN5P7p3asnb23Sw6yAmJRGvijfAzso3RqfyLAQhznt,9zj4aX38Uxf3h6AUjS4EipWS8mwbEofasHAf3a1uKGds,CwQDG1MWunn9cLNwcZLd8YBacweSR7ARo32w4mLua1Yr,429743.329546,430263.7593660003,425727.86432964273,0.9906561313689282,42.57278643296428,1.0,1477482.076404,774750.518421,2238427.196398318
STK75uPSyBnEhGTTzb1nwmP3n427XoXmfRhXxxhyady,6TYyD5fUmDe6N65avW1Ny2RxzRNobw2RRgKwH9CTzSAU,54zDfk4cx2vGrEajPtodWpArNe5eUurytyxd4X3aZAxK,712.3969336869998,796.8227262799955,121259.75430104614,170.21375102426126,12.125975430104614,192.25896205538675,4928.389420369,892.325729267,1010437.2682734816
