0,1,2,3,4,5,6,7,8,9,10,11
moFiBS1R4Lf3E3zzmBPnw3NF4RhWPkhREFviuzUaCAU,44ALBrpqi9PfZkBRTvbtRNtFJGsatfY4QydjtMbFWq8S,2ho8qEEie1UjVwWNBo9y4oAJZMyMLx8zPj9bxyUz6uWs,3694.1303250920027,3680.352529366999,3671.3271249068657,0.9938271803703707,1.4685308499627463,1.0,47342.766540715,19795.169921857,66845.69810394851
STK75uPSyBnEhGTTzb1nwmP3n427XoXmfRhXxxhyady,6TYyD5fUmDe6N65avW1Ny2RxzRNobw2RRgKwH9CTzSAU,54zDfk4cx2vGrEajPtodWpArNe5eUurytyxd4X3aZAxK,589.248025940002,659.1929026039952,104477.82295679381,177.3070394086172,10.447782295679382,198.78028417629426,2711.242406119,493.364344914,578793.4688325118
KEN5P7p3asnb23Sw6yAmJRGvijfAzso3RqfyLAQhznt,9zj4aX38Uxf3h6AUjS4EipWS8mwbEofasHAf3a1uKGds,CwQDG1MWunn9cLNwcZLd8YBacweSR7ARo32w4mLua1Yr,244535.7652920012,244590.4572800009,244448.98590200595,0.9996451259802769,24.444898590200594,1.0,1626729.187846,1595330.430314,3221482.334234108
4vezWG46exH6pf9nry3n1VJ7hZHvjBJNgNeF4qEFCML5,,,0.3024249999999995,0.30197499999999877,0.0,0.0,0.0,1.0,1626729.187846,1595330.430314,1595330.430314
RoBgmK8CvjdHvPrqdDyVw54VwjZv2TqJ493xnqJAQHx,ExiHJxM7qPAcy27NDHAF6G7vnW7muNHi2sVJpnaNynGQ,6rkPHSqZb7StM4HwS9EuVrmfkV7tRdc7dnsFhyB6cefE,20.599474000000463,7.7711959999993105,0.0,0.0,0.0,0.9742087963260637,6164.704426,20.836576,20.299175624516547
SQDY9uoDoCbNq7F3HAHYYQZbrUzpKxDtdWLvYcqBLak,GiehZ4X2uQjhEKuxSm3ACmEFrabxh3RTvjbLfLjw1xGX,rxDQYV77NKRKYxCjq4cECX3QQsiSyLv1T1FT2X3zNA2,0.0014206749999914337,0.0014206749999914337,0.0014238343617188295,1.002223845515276,5.695337446875318e-07,1.0,168.73007208,237.825568872,406.9308705660873
GokA1R67GqSavkd15zR62QD68Tuc5AEfvjssntVDEbM8,3YB7hfpBdbQEuZqLGWVDpRPmeZWCUsrrWyqGXegnQ6Cg,4DPCj6Z1DsG6HUtwSogBGqXEUxdEV5a8YVrrFtcnz7UW,50158.640520000015,50178.74843900001,50158.08878102343,0.9999890001209987,5.015808878102343,1.0,30522.665051,25399.786984,55922.116289377635
HEDSDjj84KS7LKhZY7ejkCACTdPen62rKhCby1wXtgxc,EnnjMSFttpCTywBrYNt1J5QQeoSVkvzPipJDa8Y7kJow,6bjVT6JN2rSvpyn9PdfLYC8wJn4LWh49jpY47fnLDXZk,2.7787659670011635,2.868551720006508,2.6921472909233346,0.9688283658622365,0.001076858916369334,1.0,39125.109790937,9097.035168212,47002.55135114609
KwnjUuZhTMTSGAaavkLEmSyfobY16JNH4poL9oeeEvE,J63v6qEZmQpDqCD8bd4PXu2Pq5ZbyXrFcSa3Xt1HdAPQ,BnKQtTdLw9qPCDgZkWX3sURkBAoKCUYL1yahh6Mw7mRK,520.3496790000005,19618.660810000787,13.645131104262724,0.026223002828570423,0.0013645131104262727,1.0,274052.263065,655.625404,7842.098673529621
SERgf3DMJpQxUifu7VoFKmfne73d2fDJxSrxUMrcNJB,AJfM2GZ2tTB8UtN2krcyR9xufRJEx2mhSCbJyMgPo3GU,F4yRYkufQvERZcEKnKjJwRLU1btiMBUuEwq46hfm11QD,0.00019053199999774506,6.401400000299873e-05,0.03327570006911539,174.64625401249768,1.3310280027646156e-05,177.3348662159169,29.276090844,27.967296231,10072.536333579483
MATgk4zXLXtYkwBH678J1xZbRDZ45LicNzkRBHkxTuY,y8dALFo1bJrSzPYjMX14HJX448pXqYmrfXHD1K8MXih,GN7Yuet3UyiWS5YVkEHv6oQKi4HGBJc3XDPt9zQhAqZz,36100.76700099999,35961.487284999996,36225.81852655366,1.0034639575815716,14.490327410621463,1.0,4760.840672,9958.406263,14735.738285140429
parEAJhzYzHW87y9VoZAQ22dzQ2MD2ekEtTReaxbMcz,3oyc6hpjYSJEquK6dSvG72NXyz3pqLZz5D8AC71pwgQb,Di2vordgFJVZ1aj1aBpvzXtLfZgJsuLLXawGtVFwX6Rz,4.028982713999966,4.747950684999523,697.604019282967,173.1464413731344,0.2790416077131868,203.66818623500419,1104.309859072,142.287596865,220186.7790488164
ZUCKWFa4LTL833dPhhpeeRWZcaAEoMeYJPi2iKn4F8N,7eEYpq6ShaJ9opZWMxitRFrdCHh6vfyHhGfoSvFht3N2,H8VggnHmuwd1wvwpT8eg9cUJFEfZ7HAaeYjgXrSm7A2u,167.92843347099983,167.65633521899986,168.1844754982847,1.001524709198988,0.0672737901993139,1.0,1815.583619326,2031.486749081,3849.8386054529183
daob129AwBGn9Y5r91uLoWZeYiGzbPmksauMhFZKTze,6VW5GQNyj4LStgmxEHLr5zUfW92vQnmbw8jTnCH7a38F,4VPCCUifPeBA1c7HWK358CHn2nyjm8pdTRk6Ps3KmnMQ,7.721685074000014,6.931253787000031,1515.3124176891022,196.24115761873915,0.6061249670756409,177.31625115854007,49.013293438,222.911890798,49144.3262579433
heyk4SZTeCUV6a65WiVA5bzic3KcxgVf1qxobfeV4tQ,9ZDpBKPqMABtGfq66FbVribaArMvtk63xxy91onZAtDt,DaTP4s6N7xxSPinbNZ3FB52EpRDRt87QShTuN3VPCW52,43.35476513200274,37.62241748399879,8828.073309549243,203.62406030041473,3.531229323819698,177.34445826943022,630.258050869,4467.163965071,920562.4767412076
vEnkoSUkpnbRrPgBz9DfcVxNz67zjwMYBZraAvDDNSf,DtfyjjsZ5yCjWKLKHvwsfXs5QVsmm1QkK6Sh9JZHoq1g,e5wrKCRv4GhHvEf1VD5Pq2KGaZDXP77nTL612Jyrxwy,4888.845061999999,4887.814405999999,4886.020941895584,0.999422333891011,0.4886020941895584,1.0000670044893007,845.445037,1094.299255,1939.3292300178355
KEVpg4SYCVrqFxKijQH6hm4QxsRdoE51ud64bEEFUC9,2bPenuBYfqzD8p5dFjCcggwkHDsc2RQDnx9AoyYGUBjA,AE6n6iLuX8oYu61vt5hoDYkjswpnxFxrhSehxrnQTnbx,1288.5658494440008,1293.1314686830003,1286.2786094012215,0.9982249723258099,0.5145114437604885,1.0,5884.204602063,1742.869688786,7616.62966483974
BSCrK1Nx9PXU9mF7STWWBqeHLxmtJDr9h7jheEy4tAWX,FfSySSbVJPvEo5a5AvrP3nySoXpRE2QPn1uUMpJJ1x7v,HL7Vcj6838ZmvBHDbQxXfjBNckNi83WvPiZQoMQLFeRM,0.00559253000000004,0.00559858000000002,18.692673046262787,3342.435900435519,0.007477069218505115,3313.6063303135334,0.852774904,0.950659408,6000.4564864409695
MARpDPs5A7XiyCWPNH8GsMWPLxmwNn9SBmKvPa9LzgA,6YjT74rmcfCpw8LSjPNx5JTmZoYLGrTKnf9arfSgZ4SR,F8GSmi3vA8M8TsybLya1LQ4n1aFHCRbZ6k437PeTdXtg,72299.81799500008,73759.60731699993,70236.5491278212,0.9714623228052722,28.09461965112848,1.0,310200.247675,24412.800815,325760.65395612625
BSC8REUo9LpiiWUuqMuLXs2D2yJsJfGd4HdiF3wCLxk5,AZjEH1zWVx1UJ6udMyRijGTzPteuLnaY18yNNmprJEsh,Caf8ypkSVR8xYnXNhjvfvdGCC7mrM3C11rz8Xi6NA6aK,317.08376936900095,317.739988198,316.56983723244434,0.9983791912856992,0.12662793489297774,1.0,3630.344860611,2702.881053684,6327.341819709005
BUSD5rCfUDpCxKGMvYU2yThChxgHoioK74PTPociGnv2,CcFHbafgYDZ8yA8Me1PdtDiVb2eeaS61LbqyKKK5CsNZ,26R9s4nmF3CFDTkiePDwRmtscn8i7r2eygbSijditJ58,1410.01767964,1412.1865211299998,1407.9908064745398,0.9985625193253053,0.14079908064745397,1.0,82.13931649,64.53203829,146.553281099913
wrmcMSHFi3sWpAEy4rGDvQb3ezh3PhXoV2xNjgLBkKU,8p4mGnARWPBu6P2Gcw4adodLkNDorrXniZMhaY7eJXUn,AyY89zccbsgp9LKFgH4CFZMJmpSgqmPSdTfukhP227rc,0.003710129999999978,0.0382196700000037,1.2057621059473442,324.99187520311995,0.0004823048423789378,3337.8951233352245,27.10555663,0.09338387,9120.791241879231
Cob4usZcpHEY7Qt4ZCwj6WVg9S44zvzYV2v9qYF65dTf,NhFM9UXE48PyNAyeyPYA3iXztqKVJwA4bTdLj4ysM8w,6TuFuynuBoeskxyR2cz4wxyidk8dpDK7kAWw3UkjQGx,270.47322700000126,8462.080533000018,6.22108137328983,0.02300072891610008,0.0024884325493159318,1.0,60560.012452,338.096577,1731.0210065640974
BUSDTd9WiT6uBHJRgNvFXBsA7JrifsAtWzKfioN7ERcy,DyBxrn7gSc1EwnpWhDyhzvMHPtxpmBqRqotapLcKcfTM,Cds99GeBgoCpqBsoRWu1C6fF9LiUMd4pXQQD24s9LPff,42867.19977332002,42891.11413054997,42860.86665166357,0.9998522618297921,4.286086665166358,0.9989630763267727,2858.11365514,2902.49005854,5757.171800545337
Lee1XZJfJ9Hm2K1qTyeCz1LXNc1YBZaKZszvNY4KCDw,9DgFSWkPDGijNKcLGbr3p5xoJbHsPgXUTr6QvGBJ5vGN,2hNHZg7XBhuhHVZ3JDEi4buq2fPQwuWBdQ9xkH7t1GQX,992.0185438580811,842.4273154310076,207366.93726809224,209.0353436959121,20.736693726809225,177.58699409683075,7232.999987778,56353.55066316,11519610.307351751
Lid8SLUxQ9RmF7XMqUA8c24RitTwzja8VSKngJxRcUa,4PgzyzLtds9bKZ2to9PMnKqJzKEUpjvNUaeN23phegax,AtymwxoVN9peZo7EXTcDz9jKVc4vRmisJKKrNfe3ewBa,60.97821291000366,51.921395617999565,12723.391029142107,208.65470504883876,1.2723391029142108,177.6185999355955,993.192475473,7669.165288522,1569420.6842484898
SoN9GaFpSXfpyR5dth3x7PHPVhvJMpQqqDJfCSmPv1t,9kZ9iS68ViMPtoeqtnhAKuF2iqVyfHPdZHoUNdwCELr,BBhm5fJLjw3HRzjtKB8uMEYjGhY6EDm9co3cqpjrSzB9,5.741636150000004,5.623212967,1208.617417823754,210.5005239358041,0.4834469671295016,205.73710254677846,3.612305221,6.014357344,1997.7685952720387
BkwbeSfcX1h4thMDd7obGkHrPevf3QwgzJ4pCEqG18Lu,35yX27bmurdebhfAb8EPmjLETDiUaEUCn9zHaDPbakH2,2CxECn1ZJFoESyUnQysQU8rRgT3iJ5GRs2Mdd6gZjx5g,0.12225178999999642,0.07584167999999969,246.4058330309921,2015.5601241585039,0.09856233321239685,1243.7810945273632,0.83431856,22.74286681,29968.766994013182
KysFMBBoavfov2tLpvefWW6tPFt6rAeZWDJVy1mMQae,B8ka2V21TH3x64dFV8ETcjuQcwmrciJ2qzy1mJUttRew,7fSf7EYxBANyxzk2s5pymFgshA91tFYQNKKs5UnLWcYS,20.515875999999935,27.821235999988858,0.0,0.0,0.0,0.026231784943642717,134615.09772,2527.919289,66.3118351439342
SRMuKizofcAMicegrfSv7xs9q76tH1w8aAF7oX9FEWu,72Hj2KWntXPfbie4UgKeTPnm1XVkomDfCnRPKbvfTtPi,6aqJQ5wedqpUt4fFEDUqUmXhrdxCu4bEJsQdVPCADLko,504.6774059999989,501.5716299999999,28.813236366866686,0.05709238421279107,0.011525294546746676,0.055996396519891155,17471.062972,4389.661187,1243.2698482185194
ercAoEmXjQzEvAFbdjAo81KtMxRGn9AW1ju882upmPH,CMRhskR2Eg6V42RTSdRTXGdozyPbWB8U9dVpijPWb9T4,7TKLLgrWswt6ZJ1pXhVR3FyufHGjJFqiEXxvWJfDcgRm,12.30716411200001,12.150101969999923,2185.9812587510482,177.6185999355955,0.8743925035004194,174.0061594700329,419.244709761,920.467792258,234632.7238248286
NorjjEePhxfwLF4vZjUHCrVVKLzQjEEGQFd3wgjEJmh,34M8pFVqgbV7aqHxvRT5tCv3vu2P1JJYT8J3VaxBK2oG,3AZWBSze3ucsY3xSeuLne3b2pauVqiaJ1SZSV5T9WGWw,0.007004999999480788,0.001389000000017404,0.004162640700512583,0.5942385011878828,1.6650562802050332e-06,1.0,38109.866632,2266.808854,24913.158881869786
BSCuChvaSj9b5HUSqgDVRzcnr2sSn7cXaamt1jbKH6hn,GnKpRj5kBVPMJfiwZtEuD9GYApLzPdW5JFuZTcyX4BTc,3dmwD9okkomV9nDwyuh4UMhKdUR13QpuKxRo89ycZB5t,126.47419427699992,126.54199683999991,126.38016478041983,0.999256532155689,0.05055206591216794,0.9992825151541194,1631.747545515,1473.503821194,3102.9809982168226
AUSejoEUCh2DBs9mof6BNC8Pubs22w4cJa1ccV9h44R,4xkyD7AfGQDwsQMy9MosRRNGoVJ1zosNinesxg1TzHG7,Cbm5gsQe3nSiCsFrvepVzMCD9xLK3ri9g3ypS2hdmVJ7,3752.184202000002,3755.7777129999977,3752.690815260062,1.0001350182274606,0.37526908152600624,1.0,14395.323632,14476.692502,28873.959765080515
7dwD9TF6uikvHXxPFK9AsSim54yJoujQjY9vU6gNFumk,CquVr6atkvwueDYficKjn6SSEWq4F4rH4VSiBbW4GBWU,8BCa6ge3b7ho3TfZuM64Vk1hgbrJ3J7EPiAb9uP86CGd,4.4512000000000024e-05,4.458199999999961e-05,0.009272933438078822,208.3243493457678,3.7091733752315293e-06,208.66663481022707,0.00388712,0.003620659,1.5652924741542829
YAkoNb6HKmSxQN9L8hiBE5tPJRsniSSMzND1boHmZxe,CfWX7o2TswwbxusJ4hCaPobu2jLCb1hfXuXJQjVq3jQF,EnTrdMMpdhugeH6Ban6gYZWXughWxKtVGfCwFn78ZmY3,4374542.019920008,4375918.510586983,4374542.019920008,1.0,437.45420199200083,0.9990578884112283,951240.573904,425784.045093,1376623.4829138038
B2izdXFYb2sNwbWWHmh75T4aQFtfXsUxem9u2p61HGzf,4DYwgJtxwuJdAjkj5RJSNH4e7U329V5cNp7d3a1nLrZv,EXNW64GEf1ACC6xY9BtKRiunrs6GoJSXBdxWN2eTPmrF,4585.273066999991,4512.711479000009,4637.509979408043,1.0113923231277107,0.46375099794080443,1.0,8599.079376,31210.268558,39907.311424852225
SEQV6QiTpvTzrceiaYg9Avnwf7oc8ZALpnQMz6TyT4A,3dFMPj4r9mMmPHF32mz1gNDX7f8ftidWof7S8YiYTs1j,Fc1ED3YPeQfXQosHbd8DTaBd2AV5gHQtwiSAL5C5pUhi,1.7580851469999743,1.7665762870001345,1.745466515013002,0.9928225137397327,0.0006981866060052009,0.9979522020813292,4694.986198824,923.592889418,5582.9895577111465
DFWzVTzNBrQZLjoQ4yQwkj9HuoXmfkuZP9V5vbymZe23,DhgiEgiNdqZdRdo195UUHnoEJUtefK8buko8nU97XJUZ,2K2kkXsouBHtWVjtcgkyiXd8eP3oVBvq1bTJzcVdLLr2,2861.9768992240015,3353.003055328005,2399.139320032576,0.8382804629496068,0.9596557280130306,1.0,61318.286588404,7592.919613699,58994.84128230297
RajgMbScQbqqrdJfR2rxfHJiTiY5b6bJ2tTXiF4aPxy,725ZA3fhyBAKb5iopNRrcbSuQa3LXA1656Q3mBvYPxeg,GLA6i1dSZpUfk2f9Nj8uiG7xyDdAR2reff8oEiZH3617,3903.7048185800013,3908.489367999995,3900.6041113537626,0.9992057014117767,1.5602416445415053,1.0,120377.48969628,61469.80506693,181751.67909309035
BUSDgu5JdqP1rndBvXvanbEufS94FNh1w5FJcAj6vawb,Bgzr8cWubt89JQFXndVjtdKmDbGzuPxNhvjH1EhWCwbo,Dxaf8xPBBQsasRKW5Aa4Sw2YrbfGofY9xZueyyF23FBW,18370.737510419996,18263.87469102,18480.74692862467,1.0059882962315627,7.392298771449869,1.0,4890.41003956,10080.73125463,15000.426518200693
SAMGk1Nd4haC8zQA63DG37pzuEZy8j4q13tSFtCbcRE,9U9TnkHD3jXMAVZtynCVLgDruuqN4pTvLJTmVHCLWS8g,C6zoEbvqSknmi96QWq96UBiPCyNW3YSTvKhavR2BfifE,0.6951512399999992,0.3838237800000017,0.8384427896340351,1.2061300352913649,0.00033537711585361407,0.0,54.51810617,0.7616187,65.75592531884048
HDSBGqAuMRr6X2AfmmbXQPpRgU6VEhtfNVVZ3wUTZXg,DCZ1d8kNLgDcdSd99y4udLgwq46mfDXNS9KXj96kQf5L,Fq8GGYQM5Pz3q7LmVMbrXHJgsxA5ev86kTq8yGgGuYsa,1670.645654733,1675.1742808559993,1652.756805108683,0.9892922538219657,0.6611027220434733,1.0,15757.726307319,14876.89607081,30465.892644487296
AURHmCnNwiW4uA2Qj1XvEh4iKgRUZYXtiY7FKAapUV5Y,BKWm4TRnTeKwfWXRyuzjRHU7iZDkPuXBX5b5V5jSVfGJ,A5Ww74HVrkj9nPeC7pHKLfgeDMEhBCpW1efQdz3TGLEg,0.00019115899999633257,6.458299981204618e-05,0.037228716896938775,194.7526242429235,1.4891486758775509e-05,176.84110155029518,289.898700601,1809.487355061,376450.2698169757
C98Sspw7XqnMsgxea3SLQVdbMDL8pKUc3RE82UvX9eq2,CSqgQJurPCzGxb4Cgwx5R61hWQUiaoUHcShNc8r1cKEL,6S2CR5EnukPhC914XkAns8m5GixjMAoUuZMsS5ubHuWc,113.14639800000077,112.61871099999985,0.0,0.0,0.0,1.0,816.388026,1284.636123,1284.636123
ALBpShJ9NLpE739pcHDF2LNVk5J4VYPvvKuV6jMPitZi,D6d156U1bPiJpDYRLextvDRccgFk7QzkQbJg42ceKEu5,GNcM8U5g8RwTZffwwm3kSQqUNPSwv5d2fbN9sLxPJqt2,104.4721470000004,104.65512600000511,103.48151842412624,0.9905177733556662,0.041392607369650496,0.9989081933446743,55211.535794,45086.123596,99724.9057644146
Sid7E679i9ABqptiAVhkmQ27YHN8vaYT4fppPwmxFsJ,GP7KB8o1bv527HG8kTzzzf4wJ5aEGHvcMQvVhLziUfmT,9gYxhAZ1M9wu5pxr8SBoa5NDm21gi3s9vMHaYTME77sa,25414.95301700002,30781.83911000003,583.9783305380911,0.022977745823392588,0.23359133221523642,0.026065570967374663,96131.756824,34081.535835,3097.2457648423733
ALLwa5WNZbvQsRKAqe1jdRGemdYQnW8E5k4msbRFcYtu,CGoM82Hbz7QVqTgvQatYtjvDWBvoUJp5qm21P8iMs9yb,3dxNNww8TivyN5FMy5dCNdi3Zcxv6e4kUfSPxfFwpdNq,2.051071959999997,2.0513807119999985,6796.445030584577,3313.6063303135334,2.7185780122338308,3263.7075718015662,4.354894148,4.272356338,28374.12654642317
SoNcU2iwHMw6dGzsYNQkYFkUjwN1UdAjrWVRnStrZu2,8ivTTid27jZnYNc4w3CTA1Z6QS2twsFb8WMwUabeDJgc,CyXm53PMvHCbeXJBykU46Rcbo28xk5srhMZFg7gv6EYB,35.640917292999994,35.29331663000001,7413.852541976947,208.01520008670076,2.965541016790779,203.977520861291,15.546671348,20.034069034,7320.443685455677
WiiQFxXqp8P9Fs1rt9SVcDyA3KUdJmUsog6wnVQAwba,3S2jpqSYxho6wiz3cafhjXruVY8cg4HYa2v3BqBHYFSj,Dfe67M6TfrG74gKRtdqys4e6E9QirPD53BkF4FujFjuv,12270.273518343001,12305.711537439996,12259.689630207726,0.9991374366578338,1.2259689630207726,1.0,17681.968227222,9083.65511548,26750.371525091854
BSCNHw8CmxbZ8hCWWzMf5FaG2ajPT6JxfznKUNuRVrn4,7n9kgNL633yGzCYksgnzHyjG73ZLBAwvEae5sbAekbzW,SscdxE99omdG9AiMVwmaEMQySQnCgeAh1sPj2Leutm2,192.31153837200054,192.41907659400113,192.6015489247001,1.0015080247142456,0.07704061956988005,1.0,5357.679879492,6328.552738089,11694.31213125029
FrnkTEL6yZ5Aycq2TrEgu29dCrwKG4LPUZydfiwqspkc,DjvZuMZ46fxKBoBpGMPcRcos4xdTtHFxwMh69DpA2ZFY,9rvDPJLAng4uVVqnnSoEXgNDFhBZQTny9AoQioYDZbQX,1822.7697896550062,1529.8362497339965,377854.35568006855,207.29680611591914,151.14174227202741,176.87976315092195,179.434923436,1457.400858184,294981.0051454736
MATSnbbiTCv7Dc3trJrkrqjx7ckKdr6fwPoVwv9q3sD,631WX9JizSHJm4w6VanZeJAst9T8DeUUnPLesdGkCVtK,211maUSfpnXbPuW1iBu8b4dtJv5EbN1j7JJiEX5TZKEP,5638.986658000009,5634.191857000009,5336.472693926692,0.9463531335644958,2.134589077570677,0.9991996410874888,23364.609228,28193.448481,50282.054760661544
KZMu9QBEdL97EFgamLbN5DE1AoKBG4HdrKKJo4Vuon3,DD4ACBWyVqdaKWh7v5btsgqQCCMwbKnuL2xd9pv7Gyuw,GcYqiJ1MAuYbNTNYXm1F1gQYTfTgkErACAhNU5dpVj9T,63.72916003000046,63.69110212000078,63.91754484910969,1.0029560223141267,0.025567017939643878,1.0,2053.48169139,2335.77744639,4395.329275481399
JSoLLrxK5bYdHwTEWYaGgmeycBCNXKDiBCTw5hXGBg7,xG4wXczA7Dk4hccJ61CHKpDHW4NrNfQwgmWgkb9BuF2,BVR6WgfhsRr9Lob4QDnkEAiNGgAbv7ZieKcY9kSg3QYR,13.248976559000255,11.388961726999998,2701.776960158101,203.9234463225567,1.0807107840632402,176.76998459803124,17.658662883,163.147459689,32440.589328982027
SAMyS8Jr2HJrkFwYVKbpUwsNStnQmvz3f8Tup8bWUWF,6jPzm5TFfquvgm25sTyN3MMGBfufRaFHMxobDWv6hMFW,Cj9ECoDmxsHTDzCY5ZA6RWrPbg9uFzEC1Qc2kso2vJG6,2128.87197465004,124.01260568999737,2135.1649677110245,1.0029560223141267,0.8540659870844098,0.026199140558153304,539.53767956,106448.2402818,3329.984974291046
