0,1,2,3,4,5,6,7,8,9,10,11
vEnkoSUkpnbRrPgBz9DfcVxNz67zjwMYBZraAvDDNSf,DtfyjjsZ5yCjWKLKHvwsfXs5QVsmm1QkK6Sh9JZHoq1g,e5wrKCRv4GhHvEf1VD5Pq2KGaZDXP77nTL612Jyrxwy,3310.119831999999,3309.8238250000004,3302.2736298554623,0.9976296319943814,0.3302273629855463,0.9994393145445405,1086.483597,855.016916,1938.4457514940686
YAkoNb6HKmSxQN9L8hiBE5tPJRsniSSMzND1boHmZxe,CfWX7o2TswwbxusJ4hCaPobu2jLCb1hfXuXJQjVq3jQF,EnTrdMMpdhugeH6Ban6gYZWXughWxKtVGfCwFn78ZmY3,7136023.834333,7134362.08112601,7136023.834333,1.0,713.6023834333,0.9993094771512885,432349.924553,948001.151052,1379696.459149594
BUSD5rCfUDpCxKGMvYU2yThChxgHoioK74PTPociGnv2,CcFHbafgYDZ8yA8Me1PdtDiVb2eeaS61LbqyKKK5CsNZ,26R9s4nmF3CFDTkiePDwRmtscn8i7r2eygbSijditJ58,647.2682879000001,646.7808506599997,647.5256404905566,1.0003975980213575,0.06475256404905566,0.999442441045414,67.16846196,79.72796408,146.87867904726923
KEVpg4SYCVrqFxKijQH6hm4QxsRdoE51ud64bEEFUC9,2bPenuBYfqzD8p5dFjCcggwkHDsc2RQDnx9AoyYGUBjA,AE6n6iLuX8oYu61vt5hoDYkjswpnxFxrhSehxrnQTnbx,329.43206077800005,330.10919763499896,328.5571259652824,0.9973441115274229,0.13142285038611298,0.9998646843128131,5873.181147294,1755.175709057,7612.520839437339
Cob4usZcpHEY7Qt4ZCwj6WVg9S44zvzYV2v9qYF65dTf,NhFM9UXE48PyNAyeyPYA3iXztqKVJwA4bTdLj4ysM8w,6TuFuynuBoeskxyR2cz4wxyidk8dpDK7kAWw3UkjQGx,20.407530999999835,1046.2353300000032,0.39958178833994085,0.019580114240176534,0.00015983271533597635,1.0,62094.128378,305.724945,1521.5350722854275
JSoLLrxK5bYdHwTEWYaGgmeycBCNXKDiBCTw5hXGBg7,xG4wXczA7Dk4hccJ61CHKpDHW4NrNfQwgmWgkb9BuF2,BVR6WgfhsRr9Lob4QDnkEAiNGgAbv7ZieKcY9kSg3QYR,10.915563036999945,9.40641568100002,2153.669787731906,197.30267512832071,0.8614679150927625,171.42185169198513,18.146040352,162.593494747,31452.34024703785
daob129AwBGn9Y5r91uLoWZeYiGzbPmksauMhFZKTze,6VW5GQNyj4LStgmxEHLr5zUfW92vQnmbw8jTnCH7a38F,4VPCCUifPeBA1c7HWK358CHn2nyjm8pdTRk6Ps3KmnMQ,10.230104335999918,9.164649447999984,1949.0564769077114,190.52166164610335,0.7796225907630845,171.48120145903067,48.856206269,223.102206213,47565.99996966031
BUSDgu5JdqP1rndBvXvanbEufS94FNh1w5FJcAj6vawb,Bgzr8cWubt89JQFXndVjtdKmDbGzuPxNhvjH1EhWCwbo,Dxaf8xPBBQsasRKW5Aa4Sw2YrbfGofY9xZueyyF23FBW,5898.615336469998,5864.149478090001,5929.842062667265,1.0052939078777012,2.371936825066906,0.999442441045414,5034.63551694,9946.34028941,15002.083031880764
BSCuChvaSj9b5HUSqgDVRzcnr2sSn7cXaamt1jbKH6hn,GnKpRj5kBVPMJfiwZtEuD9GYApLzPdW5JFuZTcyX4BTc,3dmwD9okkomV9nDwyuh4UMhKdUR13QpuKxRo89ycZB5t,2803.0378561889993,2796.0021300860008,2809.114662245643,1.0021679357784008,1.1236458648982575,0.9977729707293321,1266.958055153,1840.624475657,3106.2300899239035
ALLwa5WNZbvQsRKAqe1jdRGemdYQnW8E5k4msbRFcYtu,CGoM82Hbz7QVqTgvQatYtjvDWBvoUJp5qm21P8iMs9yb,3dxNNww8TivyN5FMy5dCNdi3Zcxv6e4kUfSPxfFwpdNq,7.003839627999999,7.0047682359999985,24575.738194322606,3508.8950489490862,9.830295277729043,3517.6091514119685,5.111738239,3.504415071,30263.715522446444
FrnkTEL6yZ5Aycq2TrEgu29dCrwKG4LPUZydfiwqspkc,DjvZuMZ46fxKBoBpGMPcRcos4xdTtHFxwMh69DpA2ZFY,9rvDPJLAng4uVVqnnSoEXgNDFhBZQTny9AoQioYDZbQX,3111.3206435959887,2607.6732884890002,628246.9241781462,201.92291188992778,251.2987696712585,171.14308520324266,179.286009236,1464.348482414,286815.0701390759
iLiUBQ7Z7im6Ew3b4ewwPcehzWgEQRJ1iQz7g6D62NW,GpugBvKWM3TVhYcZjemSdtehBWgfvuGr6uAm9iPjXT6v,92fMXJ3xy8tEyMUWLHKRLyhPw2nECBo77GtDiBBbYrjX,0.001352010000118753,0.001352010000118753,0.0013220939529777244,0.9778729098613169,5.288375811910898e-07,0.9998646843128131,1865.637227489,1097.91461127,2922.1221505901713
RajgMbScQbqqrdJfR2rxfHJiTiY5b6bJ2tTXiF4aPxy,725ZA3fhyBAKb5iopNRrcbSuQa3LXA1656Q3mBvYPxeg,GLA6i1dSZpUfk2f9Nj8uiG7xyDdAR2reff8oEiZH3617,3784.682400509977,3786.264201299986,3782.419530201838,0.9994020977010293,1.5129678120807353,0.999442441045414,105007.14167625,76837.96382789,181739.479797939
moFiBS1R4Lf3E3zzmBPnw3NF4RhWPkhREFviuzUaCAU,44ALBrpqi9PfZkBRTvbtRNtFJGsatfY4QydjtMbFWq8S,2ho8qEEie1UjVwWNBo9y4oAJZMyMLx8zPj9bxyUz6uWs,1752.8439658109965,1754.3597135160016,1751.1719905736963,0.9990461357257624,0.7004687962294786,0.9998646843128131,37552.072659601,29558.475761355,67070.72911496258
7dwD9TF6uikvHXxPFK9AsSim54yJoujQjY9vU6gNFumk,CquVr6atkvwueDYficKjn6SSEWq4F4rH4VSiBbW4GBWU,8BCa6ge3b7ho3TfZuM64Vk1hgbrJ3J7EPiAb9uP86CGd,4.9400000000000225e-05,4.956499999999968e-05,0.009957459074137762,201.5679974521805,3.982983629655105e-06,202.06388047517342,0.003920913,0.003587076,1.5151490777135845
KwnjUuZhTMTSGAaavkLEmSyfobY16JNH4poL9oeeEvE,J63v6qEZmQpDqCD8bd4PXu2Pq5ZbyXrFcSa3Xt1HdAPQ,BnKQtTdLw9qPCDgZkWX3sURkBAoKCUYL1yahh6Mw7mRK,178.9173980000004,7213.16282800003,4.488685973515374,0.025088035169812634,0.00044886859735153743,1.0,274764.975403,637.405537,7530.718903343168
MATSnbbiTCv7Dc3trJrkrqjx7ckKdr6fwPoVwv9q3sD,631WX9JizSHJm4w6VanZeJAst9T8DeUUnPLesdGkCVtK,211maUSfpnXbPuW1iBu8b4dtJv5EbN1j7JJiEX5TZKEP,31713.459543999998,31651.485958999987,31680.258632952664,0.9989530971541825,12.672103453181066,0.9967933159027409,19849.742106,31752.488895,51479.630048312494
STK75uPSyBnEhGTTzb1nwmP3n427XoXmfRhXxxhyady,6TYyD5fUmDe6N65avW1Ny2RxzRNobw2RRgKwH9CTzSAU,54zDfk4cx2vGrEajPtodWpArNe5eUurytyxd4X3aZAxK,941.509435543002,1053.2401423130082,161193.43849859995,171.20745944052484,16.119343849859995,191.97612738460748,4815.929652775,871.262687194,991784.7173181075
C98Sspw7XqnMsgxea3SLQVdbMDL8pKUc3RE82UvX9eq2,CSqgQJurPCzGxb4Cgwx5R61hWQUiaoUHcShNc8r1cKEL,6S2CR5EnukPhC914XkAns8m5GixjMAoUuZMsS5ubHuWc,196.61590099999978,194.14144299999964,0.0,0.0,0.0,1.0,834.041486,2127.368282,2127.368282
SAMyS8Jr2HJrkFwYVKbpUwsNStnQmvz3f8Tup8bWUWF,6jPzm5TFfquvgm25sTyN3MMGBfufRaFHMxobDWv6hMFW,Cj9ECoDmxsHTDzCY5ZA6RWrPbg9uFzEC1Qc2kso2vJG6,1367.2426575699938,34.01281855000036,1369.8140039274663,1.001880680319061,0.5479256015709866,0.025002735274236264,522.99957102,107098.14111159,3201.729636595979
BSCc2UgHMGZcr4gdTBZcDvf7HcjVdfBDrW7gMnaqSDkx,3aQn9HbPXwxCLEd71x81K1whfHvMe18bEwPtqPArA68d,5KMjfTVueu78hnEaUNKPTQmKkEnUrwTGD9r8YFKXXxy7,2.018999999999979e-05,0.00042739000000002747,0.0,0.0,0.0,2026.4656412750523,0.003602914,0.70614043,1430.9693193101914
BUSDTd9WiT6uBHJRgNvFXBsA7JrifsAtWzKfioN7ERcy,DyBxrn7gSc1EwnpWhDyhzvMHPtxpmBqRqotapLcKcfTM,Cds99GeBgoCpqBsoRWu1C6fF9LiUMd4pXQQD24s9LPff,17286.881634049998,17255.91070975,17228.255259661786,0.9966086205928122,1.7228255259661789,0.9977729707293321,3309.10782245,2260.3092679,5553.160875324404
KZMu9QBEdL97EFgamLbN5DE1AoKBG4HdrKKJo4Vuon3,DD4ACBWyVqdaKWh7v5btsgqQCCMwbKnuL2xd9pv7Gyuw,GcYqiJ1MAuYbNTNYXm1F1gQYTfTgkErACAhNU5dpVj9T,229.05491190000066,229.115819690001,229.48569096479522,1.001880680319061,0.0917942763859181,0.999442441045414,2319.07336203,2570.70326198,4892.704741017129
SoNcU2iwHMw6dGzsYNQkYFkUjwN1UdAjrWVRnStrZu2,8ivTTid27jZnYNc4w3CTA1Z6QS2twsFb8WMwUabeDJgc,CyXm53PMvHCbeXJBykU46Rcbo28xk5srhMZFg7gv6EYB,25.436882976,25.07867120300002,5127.034204773927,201.55905932387014,2.0508136819095704,196.64407226276367,13.256656913,22.380793067,7073.049586328668
ercAoEmXjQzEvAFbdjAo81KtMxRGn9AW1ju882upmPH,CMRhskR2Eg6V42RTSdRTXGdozyPbWB8U9dVpijPWb9T4,7TKLLgrWswt6ZJ1pXhVR3FyufHGjJFqiEXxvWJfDcgRm,4.93818556400015,4.93361528399987,844.6250332458382,171.03954930394602,0.3378500132983353,169.73073068230906,930.468916406,923.07008355,315820.3438553348
BkwbeSfcX1h4thMDd7obGkHrPevf3QwgzJ4pCEqG18Lu,35yX27bmurdebhfAb8EPmjLETDiUaEUCn9zHaDPbakH2,2CxECn1ZJFoESyUnQysQU8rRgT3iJ5GRs2Mdd6gZjx5g,0.016581209999998237,0.01036529999999991,32.75365439316971,1975.347661188369,0.013101461757267887,1237.6237623762377,0.84736611,22.72197826,29795.102886331064
DFWzVTzNBrQZLjoQ4yQwkj9HuoXmfkuZP9V5vbymZe23,DhgiEgiNdqZdRdo195UUHnoEJUtefK8buko8nU97XJUZ,2K2kkXsouBHtWVjtcgkyiXd8eP3oVBvq1bTJzcVdLLr2,636.9823061720008,779.1534471339983,515.7137132936374,0.8096201547463111,0.20628548531745494,0.9998646843128131,62278.774035932,6802.230536145,57223.4607600274
BSCNHw8CmxbZ8hCWWzMf5FaG2ajPT6JxfznKUNuRVrn4,7n9kgNL633yGzCYksgnzHyjG73ZLBAwvEae5sbAekbzW,SscdxE99omdG9AiMVwmaEMQySQnCgeAh1sPj2Leutm2,1550.120562266,1547.0435488540006,1552.9664913869199,1.0018359405004986,0.6211865965547679,0.9998646843128131,5112.880160274,6575.872889463,11697.25017473855
Lee1XZJfJ9Hm2K1qTyeCz1LXNc1YBZaKZszvNY4KCDw,9DgFSWkPDGijNKcLGbr3p5xoJbHsPgXUTr6QvGBJ5vGN,2hNHZg7XBhuhHVZ3JDEi4buq2fPQwuWBdQ9xkH7t1GQX,1300.4521782879174,1102.2047512770132,261600.49837439985,201.16118281166203,26.16004983743999,170.44828922756585,7178.940077368,56415.070764127,11059976.375694904
SQDY9uoDoCbNq7F3HAHYYQZbrUzpKxDtdWLvYcqBLak,GiehZ4X2uQjhEKuxSm3ACmEFrabxh3RTvjbLfLjw1xGX,rxDQYV77NKRKYxCjq4cECX3QQsiSyLv1T1FT2X3zNA2,0.0013680970000109482,0.0013680970000109482,0.0013709539528886361,1.002088267774628,5.483815811554545e-07,0.9998646843128131,168.73007208,237.826936969,406.8771809057278
parEAJhzYzHW87y9VoZAQ22dzQ2MD2ekEtTReaxbMcz,3oyc6hpjYSJEquK6dSvG72NXyz3pqLZz5D8AC71pwgQb,Di2vordgFJVZ1aj1aBpvzXtLfZgJsuLLXawGtVFwX6Rz,9.559557666000046,11.26608543599923,1584.6982785501405,165.77108836179207,0.6338793114200562,193.7144316089262,1103.813867319,142.718506149,210627.06043303796
GokA1R67GqSavkd15zR62QD68Tuc5AEfvjssntVDEbM8,3YB7hfpBdbQEuZqLGWVDpRPmeZWCUsrrWyqGXegnQ6Cg,4DPCj6Z1DsG6HUtwSogBGqXEUxdEV5a8YVrrFtcnz7UW,113346.31416099999,113281.31109300005,113362.07148893696,1.000139019323686,11.336207148893696,1.0,35346.821609,38197.851108,73549.58660823453
BSC8REUo9LpiiWUuqMuLXs2D2yJsJfGd4HdiF3wCLxk5,AZjEH1zWVx1UJ6udMyRijGTzPteuLnaY18yNNmprJEsh,Caf8ypkSVR8xYnXNhjvfvdGCC7mrM3C11rz8Xi6NA6aK,5537.411297998,5527.595986568999,5542.8678966987545,1.0009854060692092,2.217147158679502,0.9998646843128131,2817.103385859,3528.549386222,6347.951294770046
MATgk4zXLXtYkwBH678J1xZbRDZ45LicNzkRBHkxTuY,y8dALFo1bJrSzPYjMX14HJX448pXqYmrfXHD1K8MXih,GN7Yuet3UyiWS5YVkEHv6oQKi4HGBJc3XDPt9zQhAqZz,39627.062429,39638.681250000016,39655.53510320409,1.000718515894412,15.862214041281637,1.0,7031.719746,7734.875902,14771.648050402553
SEQV6QiTpvTzrceiaYg9Avnwf7oc8ZALpnQMz6TyT4A,3dFMPj4r9mMmPHF32mz1gNDX7f8ftidWof7S8YiYTs1j,Fc1ED3YPeQfXQosHbd8DTaBd2AV5gHQtwiSAL5C5pUhi,1891.7275927960013,1884.4390926460005,1887.327245913627,0.997673900354823,0.7549308983654508,0.9985790220516206,1304.017781616,4317.363705265,5612.2133329615635
wrmcMSHFi3sWpAEy4rGDvQb3ezh3PhXoV2xNjgLBkKU,8p4mGnARWPBu6P2Gcw4adodLkNDorrXniZMhaY7eJXUn,AyY89zccbsgp9LKFgH4CFZMJmpSgqmPSdTfukhP227rc,0.0030980999999999925,0.03482746999999975,0.962740832815411,310.75201988812927,0.0003850963331261644,3502.013657853266,27.15888094,0.08844996,8749.430077962788
NorjjEePhxfwLF4vZjUHCrVVKLzQjEEGQFd3wgjEJmh,34M8pFVqgbV7aqHxvRT5tCv3vu2P1JJYT8J3VaxBK2oG,3AZWBSze3ucsY3xSeuLne3b2pauVqiaJ1SZSV5T9WGWw,0.006869000000278902,0.001370999999835476,0.0040815598940416005,0.5942000136666002,1.6326239576166402e-06,1.0,38110.243979,2266.624205,24911.73169815927
HEDSDjj84KS7LKhZY7ejkCACTdPen62rKhCby1wXtgxc,EnnjMSFttpCTywBrYNt1J5QQeoSVkvzPipJDa8Y7kJow,6bjVT6JN2rSvpyn9PdfLYC8wJn4LWh49jpY47fnLDXZk,15.316082669000025,15.815447505003249,14.792988055072417,0.9658467099432443,0.005917195222028967,0.9991463084120202,39108.162291011,9113.493651051,46878.203418883415
HDSBGqAuMRr6X2AfmmbXQPpRgU6VEhtfNVVZ3wUTZXg,DCZ1d8kNLgDcdSd99y4udLgwq46mfDXNS9KXj96kQf5L,Fq8GGYQM5Pz3q7LmVMbrXHJgsxA5ev86kTq8yGgGuYsa,16.123170293998555,16.15714512800332,16.044090304546938,0.9950952580658996,0.0064176361218187756,0.9998646843128131,72990.475420718,71618.586318861,144241.37117576995
WiiQFxXqp8P9Fs1rt9SVcDyA3KUdJmUsog6wnVQAwba,3S2jpqSYxho6wiz3cafhjXruVY8cg4HYa2v3BqBHYFSj,Dfe67M6TfrG74gKRtdqys4e6E9QirPD53BkF4FujFjuv,32877.962217693996,32902.161080771,32793.65553379364,0.9974357691835601,3.2793655533793644,0.9998646843128131,21063.505527974,5717.890122778,26726.610240543694
SoN9GaFpSXfpyR5dth3x7PHPVhvJMpQqqDJfCSmPv1t,9kZ9iS68ViMPtoeqtnhAKuF2iqVyfHPdZHoUNdwCELr,BBhm5fJLjw3HRzjtKB8uMEYjGhY6EDm9co3cqpjrSzB9,6.309775778000004,6.16120134,1279.8780559442214,202.84049718639946,0.5119512223776885,196.4312372810774,3.223112239,6.420604197,1914.9849155551176
heyk4SZTeCUV6a65WiVA5bzic3KcxgVf1qxobfeV4tQ,9ZDpBKPqMABtGfq66FbVribaArMvtk63xxy91onZAtDt,DaTP4s6N7xxSPinbNZ3FB52EpRDRt87QShTuN3VPCW52,76.25328129400202,66.15106698399961,14761.792915186748,193.5889533497084,5.9047171660746995,170.93260315483468,632.914726265,4464.172862453,885597.9877295196
Sid7E679i9ABqptiAVhkmQ27YHN8vaYT4fppPwmxFsJ,GP7KB8o1bv527HG8kTzzzf4wJ5aEGHvcMQvVhLziUfmT,9gYxhAZ1M9wu5pxr8SBoa5NDm21gi3s9vMHaYTME77sa,747.2213149999989,932.4216670000314,14.630678710394914,0.019580114240176534,0.0058522714841579655,0.023968849890930947,107260.263745,24832.830262,2695.3825984754108
C2ypsDADXcCRz8HbV2zX1AXPSja7a1P3xZtRC91xGhJh,J9bYNuDpY1d1T86gLaw7DGk5D3CsUAf2tzUwxMvb6FTv,A2NGvvPrMGzsJ4jb52KEnSBVmsA7C34dV1GC7PerdgvG,1.6701737050000003,1.6713720150000002,285.72029609177,171.07220358960805,0.11428811843670801,167.33858687248866,2.867219758,2.153321084,850.8353094560182
SERgf3DMJpQxUifu7VoFKmfne73d2fDJxSrxUMrcNJB,AJfM2GZ2tTB8UtN2krcyR9xufRJEx2mhSCbJyMgPo3GU,F4yRYkufQvERZcEKnKjJwRLU1btiMBUuEwq46hfm11QD,6.509099999973955e-05,6.509099999973955e-05,0.010928645219675077,167.8979462555316,4.371458087870031e-06,170.86434806024542,29.284890014,27.959011222,9694.071114525841
ZUCKWFa4LTL833dPhhpeeRWZcaAEoMeYJPi2iKn4F8N,7eEYpq6ShaJ9opZWMxitRFrdCHh6vfyHhGfoSvFht3N2,H8VggnHmuwd1wvwpT8eg9cUJFEfZ7HAaeYjgXrSm7A2u,32.67119329299976,32.681783157000154,32.72019069880493,1.001499712770383,0.013088076279521972,0.9998646843128131,1805.111925129,2042.023751648,3849.5665083358804
AUSejoEUCh2DBs9mof6BNC8Pubs22w4cJa1ccV9h44R,4xkyD7AfGQDwsQMy9MosRRNGoVJ1zosNinesxg1TzHG7,Cbm5gsQe3nSiCsFrvepVzMCD9xLK3ri9g3ypS2hdmVJ7,1257.1440659999953,1258.1808150000015,1255.4542246136652,0.9986558092807081,0.12554542246136652,1.0,14896.209359,13976.826615,28853.012627627002
Lid8SLUxQ9RmF7XMqUA8c24RitTwzja8VSKngJxRcUa,4PgzyzLtds9bKZ2to9PMnKqJzKEUpjvNUaeN23phegax,AtymwxoVN9peZo7EXTcDz9jKVc4vRmisJKKrNfe3ewBa,91.30354865300797,77.65541440899949,18302.32555845641,200.4557963898312,1.8302325558456412,170.44828922756585,989.695389511,7673.30701593,1506292.2310709185
oKQqupM9E7SSLAFDLxr7mdsXP7znck9qRbVWc6Yyj7Q,CMR2J7CwfW98RpvnJmFBgRFTLAd3x8CJ1SWs8Bt3uunG,FmRb5jHfSNj1YWP3b45d9vvYuhwjp4om8bALmtqZpr1v,2420.1257146199996,2400.0,2448.419156711122,1.011690897675357,0.9793676626844489,0.999442441045414,2176.27630641,3719.60303274,5919.2480647831335
B2izdXFYb2sNwbWWHmh75T4aQFtfXsUxem9u2p61HGzf,4DYwgJtxwuJdAjkj5RJSNH4e7U329V5cNp7d3a1nLrZv,EXNW64GEf1ACC6xY9BtKRiunrs6GoJSXBdxWN2eTPmrF,7801.116856999997,7690.821963,7896.218917644104,1.012190826312103,0.7896218917644104,1.0,9144.673436,30658.42484,39914.57940153918
KEN5P7p3asnb23Sw6yAmJRGvijfAzso3RqfyLAQhznt,9zj4aX38Uxf3h6AUjS4EipWS8mwbEofasHAf3a1uKGds,CwQDG1MWunn9cLNwcZLd8YBacweSR7ARo32w4mLua1Yr,574263.4520559988,575106.8593900003,573486.9507247176,0.9986478308370466,57.348695072471756,1.0,1378190.482639,873583.63709,2249910.5730576995
MARpDPs5A7XiyCWPNH8GsMWPLxmwNn9SBmKvPa9LzgA,6YjT74rmcfCpw8LSjPNx5JTmZoYLGrTKnf9arfSgZ4SR,F8GSmi3vA8M8TsybLya1LQ4n1aFHCRbZ6k437PeTdXtg,161530.35951300018,170243.14933299902,154484.03376491487,0.9563777003324369,61.79361350596596,1.0,316720.38906,18200.015241,321104.3325785975
DA1mL7dfBow33EH5yjUuZE6SH2KeUK5zEXzsyhE5r5j5,B4UtLRZND3D83CitRCBUyeiNr7H8m7YFRqBmiPmXjhW4,AAmpYbuixWiSqDaJBCqYEs1pb5SrbdPr9mgXrB58Q2e,16.57020328499999,19.738104999999905,20.06271059639778,1.2107703358449045,0.008025084238559112,0.998230603314016,167.668401624,2970.503897538,3168.2558247308625
BkMBnJpvHKtWhUvrgRrLesXfi9RUV3ELgdBaJcdH7hcY,5uerVwBnZQsuVhZ15igs7ZgmcqhHnYWbwoRtLyRqLvR,9YWiQh5d4jCtgMdzcGLv9bWgnLaFtzvDDh2nnhJdzhBX,0.0013919619998432609,0.0013919619998432609,0.001396946808958476,1.0035811387924214,5.587787235833904e-07,0.9998756854560272,1114.216648772,1759.19947145,2877.1875906060286
ALBpShJ9NLpE739pcHDF2LNVk5J4VYPvvKuV6jMPitZi,D6d156U1bPiJpDYRLextvDRccgFk7QzkQbJg42ceKEu5,GNcM8U5g8RwTZffwwm3kSQqUNPSwv5d2fbN9sLxPJqt2,6561.657971999994,6543.335838000006,6576.731841380437,1.0022972653321411,2.6306927365521746,0.9974654403161567,40571.834677,59749.505469,100263.10572757354
