0,1,2,3,4,5,6,7,8,9,10,11
SAMyS8Jr2HJrkFwYVKbpUwsNStnQmvz3f8Tup8bWUWF,6jPzm5TFfquvgm25sTyN3MMGBfufRaFHMxobDWv6hMFW,Cj9ECoDmxsHTDzCY5ZA6RWrPbg9uFzEC1Qc2kso2vJG6,1231.1924278200022,30.771350270000198,1234.1351737764653,1.0023901592390994,0.4936540695105862,0.02476349927701961,519.97421899,107220.12345706,3176.3624898844714
FrnkTEL6yZ5Aycq2TrEgu29dCrwKG4LPUZydfiwqspkc,DjvZuMZ46fxKBoBpGMPcRcos4xdTtHFxwMh69DpA2ZFY,9rvDPJLAng4uVVqnnSoEXgNDFhBZQTny9AoQioYDZbQX,3575.493390468994,2996.5353696810002,718345.3115639433,200.90802390484032,287.33812462557734,170.1759500200042,179.927692037,1463.573614544,285213.94733214896
YAkoNb6HKmSxQN9L8hiBE5tPJRsniSSMzND1boHmZxe,CfWX7o2TswwbxusJ4hCaPobu2jLCb1hfXuXJQjVq3jQF,EnTrdMMpdhugeH6Ban6gYZWXughWxKtVGfCwFn78ZmY3,7110470.052040007,7108820.781563002,7110470.052040007,1.0,711.0470052040007,0.996158811622384,413271.965464,966950.816144,1376508.5413713013
KEVpg4SYCVrqFxKijQH6hm4QxsRdoE51ud64bEEFUC9,2bPenuBYfqzD8p5dFjCcggwkHDsc2RQDnx9AoyYGUBjA,AE6n6iLuX8oYu61vt5hoDYkjswpnxFxrhSehxrnQTnbx,689.2902012500001,690.8062636689983,687.6314684289655,0.997593563903815,0.2750525873715862,0.9997271214830098,5830.608085119,1797.642992807,7613.729554013307
MATgk4zXLXtYkwBH678J1xZbRDZ45LicNzkRBHkxTuY,y8dALFo1bJrSzPYjMX14HJX448pXqYmrfXHD1K8MXih,GN7Yuet3UyiWS5YVkEHv6oQKi4HGBJc3XDPt9zQhAqZz,38860.54063,38867.70005600002,38881.03093330185,1.0005272778754404,15.552412373320742,1.0,7241.078025,7524.022562,14768.91864723692
B2izdXFYb2sNwbWWHmh75T4aQFtfXsUxem9u2p61HGzf,4DYwgJtxwuJdAjkj5RJSNH4e7U329V5cNp7d3a1nLrZv,EXNW64GEf1ACC6xY9BtKRiunrs6GoJSXBdxWN2eTPmrF,6517.109087999988,6425.402740999998,6513.689401064429,0.9994752754803727,0.6513689401064429,1.0,9186.413523,30615.918318,39797.51150457704
ercAoEmXjQzEvAFbdjAo81KtMxRGn9AW1ju882upmPH,CMRhskR2Eg6V42RTSdRTXGdozyPbWB8U9dVpijPWb9T4,7TKLLgrWswt6ZJ1pXhVR3FyufHGjJFqiEXxvWJfDcgRm,4.93818556400015,4.9337424239997745,841.6131853913424,170.42963948677502,0.336645274156537,168.92328467272887,928.021361178,923.07008355,314090.37651798903
STK75uPSyBnEhGTTzb1nwmP3n427XoXmfRhXxxhyady,6TYyD5fUmDe6N65avW1Ny2RxzRNobw2RRgKwH9CTzSAU,54zDfk4cx2vGrEajPtodWpArNe5eUurytyxd4X3aZAxK,767.575716945001,858.330422533003,129980.13438112123,169.33851802718596,12.998013438112125,191.2817965339356,4862.535847547,880.236689656,991787.8696501596
ALBpShJ9NLpE739pcHDF2LNVk5J4VYPvvKuV6jMPitZi,D6d156U1bPiJpDYRLextvDRccgFk7QzkQbJg42ceKEu5,GNcM8U5g8RwTZffwwm3kSQqUNPSwv5d2fbN9sLxPJqt2,6563.405682999997,6545.081124000011,6502.851133247199,0.9907739133191719,2.6011404532988798,0.9954200722475888,40571.834677,59749.505469,99673.37246417944
BSCuChvaSj9b5HUSqgDVRzcnr2sSn7cXaamt1jbKH6hn,GnKpRj5kBVPMJfiwZtEuD9GYApLzPdW5JFuZTcyX4BTc,3dmwD9okkomV9nDwyuh4UMhKdUR13QpuKxRo89ycZB5t,2818.857509134999,2811.893690329,2814.6833365615616,0.9985191970293247,1.1258733346246248,0.9949337971051405,1281.120668579,1826.420087657,3096.390654208857
iLiUBQ7Z7im6Ew3b4ewwPcehzWgEQRJ1iQz7g6D62NW,GpugBvKWM3TVhYcZjemSdtehBWgfvuGr6uAm9iPjXT6v,92fMXJ3xy8tEyMUWLHKRLyhPw2nECBo77GtDiBBbYrjX,0.001352010000118753,0.001352010000118753,0.0013219120650933558,0.9777383783975314,5.287648260373423e-07,0.9997271214830098,1865.637227489,1097.91461127,2921.720131442256
Cob4usZcpHEY7Qt4ZCwj6WVg9S44zvzYV2v9qYF65dTf,NhFM9UXE48PyNAyeyPYA3iXztqKVJwA4bTdLj4ysM8w,6TuFuynuBoeskxyR2cz4wxyidk8dpDK7kAWw3UkjQGx,104.9528730000008,787.3140709999946,2.0370769097859487,0.019409443987168727,0.0008148307639143796,1.0,62180.163152,304.050747,1510.9331408117569
ALLwa5WNZbvQsRKAqe1jdRGemdYQnW8E5k4msbRFcYtu,CGoM82Hbz7QVqTgvQatYtjvDWBvoUJp5qm21P8iMs9yb,3dxNNww8TivyN5FMy5dCNdi3Zcxv6e4kUfSPxfFwpdNq,5.725346658999999,5.726043692999996,20017.294801062857,3496.2590028669324,8.006917920425144,3516.2733128920645,3.390839908,5.224640555,30226.518708625565
Sid7E679i9ABqptiAVhkmQ27YHN8vaYT4fppPwmxFsJ,GP7KB8o1bv527HG8kTzzzf4wJ5aEGHvcMQvVhLziUfmT,9gYxhAZ1M9wu5pxr8SBoa5NDm21gi3s9vMHaYTME77sa,602.5677510000023,772.4679080000205,11.695505011508779,0.019409443987168727,0.004678202004603511,0.024840147441179152,107174.228971,24899.884985,2698.7090083764233
BkMBnJpvHKtWhUvrgRrLesXfi9RUV3ELgdBaJcdH7hcY,5uerVwBnZQsuVhZ15igs7ZgmcqhHnYWbwoRtLyRqLvR,9YWiQh5d4jCtgMdzcGLv9bWgnLaFtzvDDh2nnhJdzhBX,0.0013919619998432609,0.0013919619998432609,0.0013967392475372632,1.0034320245053674,5.586956990149052e-07,0.9997271214830098,1114.216648772,1759.19947145,2876.760091322015
BSCc2UgHMGZcr4gdTBZcDvf7HcjVdfBDrW7gMnaqSDkx,3aQn9HbPXwxCLEd71x81K1whfHvMe18bEwPtqPArA68d,5KMjfTVueu78hnEaUNKPTQmKkEnUrwTGD9r8YFKXXxy7,2.018999999999979e-05,0.00042739000000002747,0.0,0.0,0.0,2005.2537648639436,0.003602914,0.70614043,1415.9907557801441
NorjjEePhxfwLF4vZjUHCrVVKLzQjEEGQFd3wgjEJmh,34M8pFVqgbV7aqHxvRT5tCv3vu2P1JJYT8J3VaxBK2oG,3AZWBSze3ucsY3xSeuLne3b2pauVqiaJ1SZSV5T9WGWw,0.010577000000466796,0.001400999999987107,0.006284846075917754,0.5941993075201271,2.5139384303671016e-06,1.0,38110.243979,2266.622832,24911.703413744894
WiiQFxXqp8P9Fs1rt9SVcDyA3KUdJmUsog6wnVQAwba,3S2jpqSYxho6wiz3cafhjXruVY8cg4HYa2v3BqBHYFSj,Dfe67M6TfrG74gKRtdqys4e6E9QirPD53BkF4FujFjuv,41484.152909334,41521.473601223,41392.342954183216,0.9977868668223396,4.139234295418322,0.9997271214830098,20484.428782065,6295.588142919,26732.96422526497
KEN5P7p3asnb23Sw6yAmJRGvijfAzso3RqfyLAQhznt,9zj4aX38Uxf3h6AUjS4EipWS8mwbEofasHAf3a1uKGds,CwQDG1MWunn9cLNwcZLd8YBacweSR7ARo32w4mLua1Yr,552792.489189999,553612.2175050004,550029.1427766889,0.9950011144012482,55.00291427766889,1.0,1387903.455501,863876.864862,2244842.349766838
MATSnbbiTCv7Dc3trJrkrqjx7ckKdr6fwPoVwv9q3sD,631WX9JizSHJm4w6VanZeJAst9T8DeUUnPLesdGkCVtK,211maUSfpnXbPuW1iBu8b4dtJv5EbN1j7JJiEX5TZKEP,30093.974553,30039.386273999997,29992.121309034523,0.9966154937831126,11.99684852361381,0.9889113371762429,19845.815832,31755.618706,51182.138902346764
BSC8REUo9LpiiWUuqMuLXs2D2yJsJfGd4HdiF3wCLxk5,AZjEH1zWVx1UJ6udMyRijGTzPteuLnaY18yNNmprJEsh,Caf8ypkSVR8xYnXNhjvfvdGCC7mrM3C11rz8Xi6NA6aK,7699.743011276001,7693.863830433998,7706.329796304817,1.0008554551780715,3.082531918521927,0.9997271214830098,2815.378375632,3530.276340546,6347.099809615291
C2ypsDADXcCRz8HbV2zX1AXPSja7a1P3xZtRC91xGhJh,J9bYNuDpY1d1T86gLaw7DGk5D3CsUAf2tzUwxMvb6FTv,A2NGvvPrMGzsJ4jb52KEnSBVmsA7C34dV1GC7PerdgvG,1.359332207,1.3597069460000002,230.69781627194848,169.7140809906143,0.09227912650877938,168.99879368661067,2.854688207,2.165626948,850.4691273529659
Lee1XZJfJ9Hm2K1qTyeCz1LXNc1YBZaKZszvNY4KCDw,9DgFSWkPDGijNKcLGbr3p5xoJbHsPgXUTr6QvGBJ5vGN,2hNHZg7XBhuhHVZ3JDEi4buq2fPQwuWBdQ9xkH7t1GQX,1119.021315208971,948.4070895990062,225380.98332493877,201.40901720254556,22.538098332493878,170.7936679272378,7176.668133895,56417.729582982,11081236.647241147
daob129AwBGn9Y5r91uLoWZeYiGzbPmksauMhFZKTze,6VW5GQNyj4LStgmxEHLr5zUfW92vQnmbw8jTnCH7a38F,4VPCCUifPeBA1c7HWK358CHn2nyjm8pdTRk6Ps3KmnMQ,10.924675083999944,9.799890303999966,2063.0379442202047,188.84204137491358,0.825215177688082,170.4995243915767,48.851476408,223.106562315,47264.77529241232
MARpDPs5A7XiyCWPNH8GsMWPLxmwNn9SBmKvPa9LzgA,6YjT74rmcfCpw8LSjPNx5JTmZoYLGrTKnf9arfSgZ4SR,F8GSmi3vA8M8TsybLya1LQ4n1aFHCRbZ6k437PeTdXtg,114140.01918299998,120670.11707399935,105944.07926683812,0.9281939851173376,42.37763170673525,1.0,319425.937271,15600.45813,312089.6917954102
Lid8SLUxQ9RmF7XMqUA8c24RitTwzja8VSKngJxRcUa,4PgzyzLtds9bKZ2to9PMnKqJzKEUpjvNUaeN23phegax,AtymwxoVN9peZo7EXTcDz9jKVc4vRmisJKKrNfe3ewBa,71.38801772301031,60.69889947999911,14363.838284124631,201.20797218179058,1.4363838284124633,170.60103940389266,989.62718372,7673.385657043,1508208.447690735
DFWzVTzNBrQZLjoQ4yQwkj9HuoXmfkuZP9V5vbymZe23,DhgiEgiNdqZdRdo195UUHnoEJUtefK8buko8nU97XJUZ,2K2kkXsouBHtWVjtcgkyiXd8eP3oVBvq1bTJzcVdLLr2,295.8401646410048,353.7476379479958,241.9674915424743,0.8178993945467016,0.09678699661698972,0.9980073187070303,61918.738940937,7095.889860557,57725.04910446254
SERgf3DMJpQxUifu7VoFKmfne73d2fDJxSrxUMrcNJB,AJfM2GZ2tTB8UtN2krcyR9xufRJEx2mhSCbJyMgPo3GU,F4yRYkufQvERZcEKnKjJwRLU1btiMBUuEwq46hfm11QD,6.509099999973955e-05,6.509099999973955e-05,0.011008048824950621,169.117832342331,4.403219529980249e-06,170.60325139088565,29.284890014,27.959011222,9722.495339698715
7dwD9TF6uikvHXxPFK9AsSim54yJoujQjY9vU6gNFumk,CquVr6atkvwueDYficKjn6SSEWq4F4rH4VSiBbW4GBWU,8BCa6ge3b7ho3TfZuM64Vk1hgbrJ3J7EPiAb9uP86CGd,5.304000000000029e-05,5.321600000000003e-05,0.00982864178140061,185.3062175980497,3.931456712560245e-06,201.56064375244645,0.003920913,0.003587076,1.4495829053099722
C98Sspw7XqnMsgxea3SLQVdbMDL8pKUc3RE82UvX9eq2,CSqgQJurPCzGxb4Cgwx5R61hWQUiaoUHcShNc8r1cKEL,6S2CR5EnukPhC914XkAns8m5GixjMAoUuZMsS5ubHuWc,191.71841199999994,189.2410709999997,0.0,0.0,0.0,1.0,839.064682,2122.275977,2122.275977
wrmcMSHFi3sWpAEy4rGDvQb3ezh3PhXoV2xNjgLBkKU,8p4mGnARWPBu6P2Gcw4adodLkNDorrXniZMhaY7eJXUn,AyY89zccbsgp9LKFgH4CFZMJmpSgqmPSdTfukhP227rc,0.008183429999997952,0.029828259999997983,2.535390745054637,309.8200565111783,0.0010141562980218548,3503.117774819589,27.15886141,0.0884513,8724.21529806136
ACUSESXyNnwRLAg1dpSGMLSzUDdLjUMybY8rkXiAKhCP,AhFPQdu8GKBsxuhiH46UmCu1YpaLgNpoP325HnYtsgas,A8wxWpT3aFEr2XqZp1kDmbxbFfcBE95UUmdsNTDBJYbT,0.0,0.0028271740002310253,0.0,0.9996824428745614,0.0,0.9876071041016413,1044.477863304,1841.390280505,2862.716304366597
RajgMbScQbqqrdJfR2rxfHJiTiY5b6bJ2tTXiF4aPxy,725ZA3fhyBAKb5iopNRrcbSuQa3LXA1656Q3mBvYPxeg,GLA6i1dSZpUfk2f9Nj8uiG7xyDdAR2reff8oEiZH3617,3783.681294899987,3785.263062689992,3779.3235836351123,0.9988482879700391,1.5117294334540452,0.9988812031084584,105008.14281486,76836.96272228,181638.2014407671
heyk4SZTeCUV6a65WiVA5bzic3KcxgVf1qxobfeV4tQ,9ZDpBKPqMABtGfq66FbVribaArMvtk63xxy91onZAtDt,DaTP4s6N7xxSPinbNZ3FB52EpRDRt87QShTuN3VPCW52,67.77028593400155,58.73968617000014,13119.939384471172,193.59427518496963,5.247975753788469,169.01964549143477,632.049107708,4465.162404392,877061.2555400553
BUSDTd9WiT6uBHJRgNvFXBsA7JrifsAtWzKfioN7ERcy,DyBxrn7gSc1EwnpWhDyhzvMHPtxpmBqRqotapLcKcfTM,Cds99GeBgoCpqBsoRWu1C6fF9LiUMd4pXQQD24s9LPff,14190.48148139,14149.210094499998,14181.760549557655,0.9993854379188063,1.4181760549557656,0.9934709091848373,2882.76183251,2685.66793899,5549.123165515591
oKQqupM9E7SSLAFDLxr7mdsXP7znck9qRbVWc6Yyj7Q,CMR2J7CwfW98RpvnJmFBgRFTLAd3x8CJ1SWs8Bt3uunG,FmRb5jHfSNj1YWP3b45d9vvYuhwjp4om8bALmtqZpr1v,2420.1257146199996,2400.0,2447.044253639058,1.0111227854224445,0.9788177014556233,0.9988812031084584,2176.27630641,3719.60303274,5915.92411321535
HDSBGqAuMRr6X2AfmmbXQPpRgU6VEhtfNVVZ3wUTZXg,DCZ1d8kNLgDcdSd99y4udLgwq46mfDXNS9KXj96kQf5L,Fq8GGYQM5Pz3q7LmVMbrXHJgsxA5ev86kTq8yGgGuYsa,16.123170293998555,16.15714512800332,15.994577997505157,0.9920243789435591,0.006397831199002064,0.9997271214830098,73192.9363802,71817.241932751,144406.82180590142
KZMu9QBEdL97EFgamLbN5DE1AoKBG4HdrKKJo4Vuon3,DD4ACBWyVqdaKWh7v5btsgqQCCMwbKnuL2xd9pv7Gyuw,GcYqiJ1MAuYbNTNYXm1F1gQYTfTgkErACAhNU5dpVj9T,225.80049080000026,225.877046900001,226.0932114198935,1.0012963683951976,0.09043728456795741,0.9988812031084584,2320.40277729,2569.36845528,4889.904727953615
KwnjUuZhTMTSGAaavkLEmSyfobY16JNH4poL9oeeEvE,J63v6qEZmQpDqCD8bd4PXu2Pq5ZbyXrFcSa3Xt1HdAPQ,BnKQtTdLw9qPCDgZkWX3sURkBAoKCUYL1yahh6Mw7mRK,150.12139900000034,6047.805050000184,3.7345731128167983,0.024877020449408347,0.00037345731128167985,1.0,274837.458444,635.591358,7472.728431974804
moFiBS1R4Lf3E3zzmBPnw3NF4RhWPkhREFviuzUaCAU,44ALBrpqi9PfZkBRTvbtRNtFJGsatfY4QydjtMbFWq8S,2ho8qEEie1UjVwWNBo9y4oAJZMyMLx8zPj9bxyUz6uWs,1424.8597642020031,1423.062631324996,1422.54422637279,0.9983749012447481,0.5690176905491161,0.9997271214830098,39149.24191396,27963.035048355,67041.02506647704
DA1mL7dfBow33EH5yjUuZE6SH2KeUK5zEXzsyhE5r5j5,B4UtLRZND3D83CitRCBUyeiNr7H8m7YFRqBmiPmXjhW4,AAmpYbuixWiSqDaJBCqYEs1pb5SrbdPr9mgXrB58Q2e,16.57020328499999,19.738104999999905,20.059732167945217,1.2105905898030886,0.008023892867178088,0.9997271214830098,167.668401624,2970.503897538,3172.6711000530654
SoNcU2iwHMw6dGzsYNQkYFkUjwN1UdAjrWVRnStrZu2,8ivTTid27jZnYNc4w3CTA1Z6QS2twsFb8WMwUabeDJgc,CyXm53PMvHCbeXJBykU46Rcbo28xk5srhMZFg7gv6EYB,17.82523863299999,17.575130582999996,3581.8465870934665,200.94241994956346,1.4327386348373867,196.9008592359695,14.211434993,21.405312093,7070.404481775116
AUSejoEUCh2DBs9mof6BNC8Pubs22w4cJa1ccV9h44R,4xkyD7AfGQDwsQMy9MosRRNGoVJ1zosNinesxg1TzHG7,Cbm5gsQe3nSiCsFrvepVzMCD9xLK3ri9g3ypS2hdmVJ7,1650.5650549999937,1652.4969370000017,1648.7250778131545,0.9988852440676207,0.16487250778131546,1.0,14883.906305,13989.112579,28856.426961149526
ZUCKWFa4LTL833dPhhpeeRWZcaAEoMeYJPi2iKn4F8N,7eEYpq6ShaJ9opZWMxitRFrdCHh6vfyHhGfoSvFht3N2,H8VggnHmuwd1wvwpT8eg9cUJFEfZ7HAaeYjgXrSm7A2u,115.48841650999952,115.40875283499986,115.64570310836321,1.0013619253178527,0.04625828124334529,0.9997271214830098,1805.111925129,2042.023751648,3849.0368799963826
SEQV6QiTpvTzrceiaYg9Avnwf7oc8ZALpnQMz6TyT4A,3dFMPj4r9mMmPHF32mz1gNDX7f8ftidWof7S8YiYTs1j,Fc1ED3YPeQfXQosHbd8DTaBd2AV5gHQtwiSAL5C5pUhi,1851.6352637960013,1844.4440243480005,1850.8731223669115,0.9995883954880362,0.7403492489467647,0.9965181655296393,1345.722872176,4275.557069265,5605.839253851198
GokA1R67GqSavkd15zR62QD68Tuc5AEfvjssntVDEbM8,3YB7hfpBdbQEuZqLGWVDpRPmeZWCUsrrWyqGXegnQ6Cg,4DPCj6Z1DsG6HUtwSogBGqXEUxdEV5a8YVrrFtcnz7UW,110250.92342199998,110187.16288400002,110270.55158018124,1.0001780316896407,11.027055158018126,1.0,34225.70529,40319.48743,74551.28598014193
BSCNHw8CmxbZ8hCWWzMf5FaG2ajPT6JxfznKUNuRVrn4,7n9kgNL633yGzCYksgnzHyjG73ZLBAwvEae5sbAekbzW,SscdxE99omdG9AiMVwmaEMQySQnCgeAh1sPj2Leutm2,1691.7197329250002,1688.5714399889994,1694.193326337573,1.0014621768395973,0.6776773305350291,0.9997271214830098,5029.348125168,6659.523193936,11694.40787463787
JSoLLrxK5bYdHwTEWYaGgmeycBCNXKDiBCTw5hXGBg7,xG4wXczA7Dk4hccJ61CHKpDHW4NrNfQwgmWgkb9BuF2,BVR6WgfhsRr9Lob4QDnkEAiNGgAbv7ZieKcY9kSg3QYR,7.344650578999875,6.331954341000003,1446.2804954725773,196.91617455673676,0.5785121981890309,170.16503285546455,17.840845749,162.945208123,31240.7277896407
HEDSDjj84KS7LKhZY7ejkCACTdPen62rKhCby1wXtgxc,EnnjMSFttpCTywBrYNt1J5QQeoSVkvzPipJDa8Y7kJow,6bjVT6JN2rSvpyn9PdfLYC8wJn4LWh49jpY47fnLDXZk,12.008379048997085,12.285323586998857,11.63214503011032,0.9686690420620769,0.004652858012044128,0.9986418241503936,39109.958643334,9111.751744335,46983.98255729403
BUSD5rCfUDpCxKGMvYU2yThChxgHoioK74PTPociGnv2,CcFHbafgYDZ8yA8Me1PdtDiVb2eeaS61LbqyKKK5CsNZ,26R9s4nmF3CFDTkiePDwRmtscn8i7r2eygbSijditJ58,505.37346216000014,504.51334593999985,505.82898645375104,1.000901361721298,0.05058289864537511,0.9988812031084584,61.72486634,85.16590343,146.85112285374828
parEAJhzYzHW87y9VoZAQ22dzQ2MD2ekEtTReaxbMcz,3oyc6hpjYSJEquK6dSvG72NXyz3pqLZz5D8AC71pwgQb,Di2vordgFJVZ1aj1aBpvzXtLfZgJsuLLXawGtVFwX6Rz,10.887664164999933,12.678373232999974,1808.2465703622652,166.08214057292025,0.7232986281449061,192.50804876151872,1103.695010778,142.819448955,210797.92337318492
BUSDgu5JdqP1rndBvXvanbEufS94FNh1w5FJcAj6vawb,Bgzr8cWubt89JQFXndVjtdKmDbGzuPxNhvjH1EhWCwbo,Dxaf8xPBBQsasRKW5Aa4Sw2YrbfGofY9xZueyyF23FBW,4616.370443469998,4587.250902719999,4639.113185559754,1.0049265418293991,1.8556452742239018,0.9988812031084584,4872.31813121,10109.02660747,14994.038470214597
SoN9GaFpSXfpyR5dth3x7PHPVhvJMpQqqDJfCSmPv1t,9kZ9iS68ViMPtoeqtnhAKuF2iqVyfHPdZHoUNdwCELr,BBhm5fJLjw3HRzjtKB8uMEYjGhY6EDm9co3cqpjrSzB9,4.670220029000001,4.562111825000001,943.9853038317127,202.12865731592547,0.37759412153268507,191.41126183471906,3.423692396,6.213525308,1881.3650667124653
vEnkoSUkpnbRrPgBz9DfcVxNz67zjwMYBZraAvDDNSf,DtfyjjsZ5yCjWKLKHvwsfXs5QVsmm1QkK6Sh9JZHoq1g,e5wrKCRv4GhHvEf1VD5Pq2KGaZDXP77nTL612Jyrxwy,3139.0204079999994,3138.6549210000003,3113.7523080204132,0.9919503231278176,0.3113752308020413,0.9956341442773438,1058.578652,882.893079,1929.0959311061638
