0,1,2,3,4,5,6,7,8,9,10,11
AUSejoEUCh2DBs9mof6BNC8Pubs22w4cJa1ccV9h44R,4xkyD7AfGQDwsQMy9MosRRNGoVJ1zosNinesxg1TzHG7,Cbm5gsQe3nSiCsFrvepVzMCD9xLK3ri9g3ypS2hdmVJ7,748.0013689999996,748.5362109999987,747.7493774597956,0.9996631135307401,0.07477493774597957,1.0,14513.970567,14358.861117,28867.94212370074
KEVpg4SYCVrqFxKijQH6hm4QxsRdoE51ud64bEEFUC9,2bPenuBYfqzD8p5dFjCcggwkHDsc2RQDnx9AoyYGUBjA,AE6n6iLuX8oYu61vt5hoDYkjswpnxFxrhSehxrnQTnbx,333.3934919599999,334.17285685499974,332.71698151593637,0.9979708348831695,0.13308679260637454,0.9999645442571542,5851.121461551,1777.322217097,7616.507770804399
HEDSDjj84KS7LKhZY7ejkCACTdPen62rKhCby1wXtgxc,EnnjMSFttpCTywBrYNt1J5QQeoSVkvzPipJDa8Y7kJow,6bjVT6JN2rSvpyn9PdfLYC8wJn4LWh49jpY47fnLDXZk,2028.9608615559991,2087.9450904309997,1965.930190745415,0.9689345063254468,0.7863720762981661,0.9989820383019523,39105.501303335,9116.882624504,46998.27158714267
WiiQFxXqp8P9Fs1rt9SVcDyA3KUdJmUsog6wnVQAwba,3S2jpqSYxho6wiz3cafhjXruVY8cg4HYa2v3BqBHYFSj,Dfe67M6TfrG74gKRtdqys4e6E9QirPD53BkF4FujFjuv,7355.423597404006,7371.138127771995,7342.065033127093,0.9981838484079112,0.7342065033127093,0.9999645442571542,19931.648975339,6848.431427971,26743.638691066877
GokA1R67GqSavkd15zR62QD68Tuc5AEfvjssntVDEbM8,3YB7hfpBdbQEuZqLGWVDpRPmeZWCUsrrWyqGXegnQ6Cg,4DPCj6Z1DsG6HUtwSogBGqXEUxdEV5a8YVrrFtcnz7UW,65649.94342099997,65636.31941399997,65691.32895824367,1.0006303971502046,6.569132895824367,1.0,24915.939396,56730.8051,81662.45143318991
parEAJhzYzHW87y9VoZAQ22dzQ2MD2ekEtTReaxbMcz,3oyc6hpjYSJEquK6dSvG72NXyz3pqLZz5D8AC71pwgQb,Di2vordgFJVZ1aj1aBpvzXtLfZgJsuLLXawGtVFwX6Rz,6.357749883000025,7.459441626999933,1050.1498286460735,165.17633564888533,0.42005993145842946,196.9258690289369,1102.754706185,143.623623168,210432.18829264445
FrnkTEL6yZ5Aycq2TrEgu29dCrwKG4LPUZydfiwqspkc,DjvZuMZ46fxKBoBpGMPcRcos4xdTtHFxwMh69DpA2ZFY,9rvDPJLAng4uVVqnnSoEXgNDFhBZQTny9AoQioYDZbQX,489.3935727989998,413.40022460699936,100171.74599742708,204.6854547445577,40.06869839897083,171.46579420298156,179.405172599,1464.287315063,287796.81675558095
TETFuZgEmET6d9vYmz9iMFCxK1jKdKYxf3oPz8hSzJK,Eu1Ze6Z84LWNkq7SNoAHBJbXx5t1P95EwyqYohrfCRFV,ASMbv7WNu3qe4pkhREmvyEdwFNDZQ6B6iSrjkj4u8bdC,21.04956833300001,21.08023164799998,21.189433618188488,1.0066445678588671,0.008475773447275396,0.9985132138246151,292.940955396,59.408554764,354.20764839884737
Sid7E679i9ABqptiAVhkmQ27YHN8vaYT4fppPwmxFsJ,GP7KB8o1bv527HG8kTzzzf4wJ5aEGHvcMQvVhLziUfmT,9gYxhAZ1M9wu5pxr8SBoa5NDm21gi3s9vMHaYTME77sa,870.2127349999973,1119.5279270000174,17.17137784734449,0.019732390893296387,0.006868551138937796,0.02495713674157476,107571.757689,24590.852432,2736.3652385356195
SAMyS8Jr2HJrkFwYVKbpUwsNStnQmvz3f8Tup8bWUWF,6jPzm5TFfquvgm25sTyN3MMGBfufRaFHMxobDWv6hMFW,Cj9ECoDmxsHTDzCY5ZA6RWrPbg9uFzEC1Qc2kso2vJG6,1243.5525159300028,65.32703714999548,1239.1339748285397,0.9964468399646488,0.49565358993141595,0.02528737582218441,528.51842695,106878.94132818,3229.3284732402994
7dwD9TF6uikvHXxPFK9AsSim54yJoujQjY9vU6gNFumk,CquVr6atkvwueDYficKjn6SSEWq4F4rH4VSiBbW4GBWU,8BCa6ge3b7ho3TfZuM64Vk1hgbrJ3J7EPiAb9uP86CGd,4.869599999999998e-05,4.86620000000001e-05,0.00989471322887559,203.19355242474933,3.957885291550236e-06,203.91866418592812,0.003904506,0.003603449,1.5281809511458668
SoNcU2iwHMw6dGzsYNQkYFkUjwN1UdAjrWVRnStrZu2,8ivTTid27jZnYNc4w3CTA1Z6QS2twsFb8WMwUabeDJgc,CyXm53PMvHCbeXJBykU46Rcbo28xk5srhMZFg7gv6EYB,27.09406980499998,26.870150622000008,5519.6682350573155,203.72237448206133,2.2078672940229267,199.27273422915727,15.07400224,20.543990544,7164.768696961543
STK75uPSyBnEhGTTzb1nwmP3n427XoXmfRhXxxhyady,6TYyD5fUmDe6N65avW1Ny2RxzRNobw2RRgKwH9CTzSAU,54zDfk4cx2vGrEajPtodWpArNe5eUurytyxd4X3aZAxK,1840.4928145190029,2064.179206063016,317848.55057887395,172.69752322393117,31.7848550578874,193.6718497772677,4686.51563048,847.655143448,973516.5815389256
BerKDkt6v49dT1bHRedgnpsJS263C1DSJtEGvY9Mg35V,78XKqNb8wbfsMMrvo8WPUpdx7GEkfQutpNVH943aCGFa,DKYQwn4nDvFHCszi5tXbqfVMAP7DaXXp1KGTXEnYnKVH,0.0013870610000594752,0.0013870610000594752,0.0014122546830433495,1.0181633561774097,5.649018732173399e-07,0.9999645442571542,1339.269355658,5107.72949222,6471.143375858904
daob129AwBGn9Y5r91uLoWZeYiGzbPmksauMhFZKTze,6VW5GQNyj4LStgmxEHLr5zUfW92vQnmbw8jTnCH7a38F,4VPCCUifPeBA1c7HWK358CHn2nyjm8pdTRk6Ps3KmnMQ,20.177982894000344,18.119771852999982,3867.1037736970684,191.64967053505137,1.5468415094788275,172.64561449062984,48.576491134,223.422988256,47882.66762036984
DFWzVTzNBrQZLjoQ4yQwkj9HuoXmfkuZP9V5vbymZe23,DhgiEgiNdqZdRdo195UUHnoEJUtefK8buko8nU97XJUZ,2K2kkXsouBHtWVjtcgkyiXd8eP3oVBvq1bTJzcVdLLr2,3850.078523845,4695.154535393005,3155.0717652983462,0.8194824458144911,1.2620287061193385,0.9999645442571542,61785.882736131,7207.390396717,57839.58115474848
MATSnbbiTCv7Dc3trJrkrqjx7ckKdr6fwPoVwv9q3sD,631WX9JizSHJm4w6VanZeJAst9T8DeUUnPLesdGkCVtK,211maUSfpnXbPuW1iBu8b4dtJv5EbN1j7JJiEX5TZKEP,30757.713608999988,30760.521927,30746.67555247665,0.9996411288347483,12.29867022099066,0.9985112197713211,18405.356531,27090.999326,45449.418161083144
C2ypsDADXcCRz8HbV2zX1AXPSja7a1P3xZtRC91xGhJh,J9bYNuDpY1d1T86gLaw7DGk5D3CsUAf2tzUwxMvb6FTv,A2NGvvPrMGzsJ4jb52KEnSBVmsA7C34dV1GC7PerdgvG,0.4978885030000004,0.49807970400000023,85.85890688171847,172.4460524080798,0.034343562752687386,167.52486864793863,2.72710754,2.293306783,854.4648473568112
ALBpShJ9NLpE739pcHDF2LNVk5J4VYPvvKuV6jMPitZi,D6d156U1bPiJpDYRLextvDRccgFk7QzkQbJg42ceKEu5,GNcM8U5g8RwTZffwwm3kSQqUNPSwv5d2fbN9sLxPJqt2,16376.811919,16339.10676899999,16366.63187397439,0.9993783866435079,6.546652749589756,0.9990628790194797,44743.499966,55575.711174,100239.31681785642
SEQV6QiTpvTzrceiaYg9Avnwf7oc8ZALpnQMz6TyT4A,3dFMPj4r9mMmPHF32mz1gNDX7f8ftidWof7S8YiYTs1j,Fc1ED3YPeQfXQosHbd8DTaBd2AV5gHQtwiSAL5C5pUhi,2075.6633052089983,2069.6701671270002,2039.3376963031328,0.9824992768264948,0.8157350785212533,0.9940674057226473,1269.819358987,4352.494432056,5574.269450401185
C98Sspw7XqnMsgxea3SLQVdbMDL8pKUc3RE82UvX9eq2,CSqgQJurPCzGxb4Cgwx5R61hWQUiaoUHcShNc8r1cKEL,6S2CR5EnukPhC914XkAns8m5GixjMAoUuZMsS5ubHuWc,33.81466399999999,33.40545800000007,0.0,0.0,0.0,1.0,847.002737,2020.930127,2020.930127
RajgMbScQbqqrdJfR2rxfHJiTiY5b6bJ2tTXiF4aPxy,725ZA3fhyBAKb5iopNRrcbSuQa3LXA1656Q3mBvYPxeg,GLA6i1dSZpUfk2f9Nj8uiG7xyDdAR2reff8oEiZH3617,4726.74342052998,4731.057102430001,4722.816445883393,0.9991692008012258,1.8891265783533568,1.0,109731.59123272,72117.84755895,181758.27387359366
vEnkoSUkpnbRrPgBz9DfcVxNz67zjwMYBZraAvDDNSf,DtfyjjsZ5yCjWKLKHvwsfXs5QVsmm1QkK6Sh9JZHoq1g,e5wrKCRv4GhHvEf1VD5Pq2KGaZDXP77nTL612Jyrxwy,2891.9202479999994,2889.9916679999997,2882.664013851522,0.9967992775198836,0.2882664013851522,0.9980169403395454,615.956258,1326.027771,1937.3829317769382
BSCuChvaSj9b5HUSqgDVRzcnr2sSn7cXaamt1jbKH6hn,GnKpRj5kBVPMJfiwZtEuD9GYApLzPdW5JFuZTcyX4BTc,3dmwD9okkomV9nDwyuh4UMhKdUR13QpuKxRo89ycZB5t,79.71959719999995,79.79927876800002,80.10769486922518,1.0048682843724308,0.03204307794769008,0.9869709958833439,1059.876736163,2048.583187657,3086.92870638607
AURHmCnNwiW4uA2Qj1XvEh4iKgRUZYXtiY7FKAapUV5Y,BKWm4TRnTeKwfWXRyuzjRHU7iZDkPuXBX5b5V5jSVfGJ,A5Ww74HVrkj9nPeC7pHKLfgeDMEhBCpW1efQdz3TGLEg,0.00040958800013868313,6.958400012990751e-05,0.07905292747370112,193.00596562139137,3.162117098948045e-05,172.42173044862582,289.900346858,1809.486255981,367947.2478585537
MATgk4zXLXtYkwBH678J1xZbRDZ45LicNzkRBHkxTuY,y8dALFo1bJrSzPYjMX14HJX448pXqYmrfXHD1K8MXih,GN7Yuet3UyiWS5YVkEHv6oQKi4HGBJc3XDPt9zQhAqZz,17016.702028,16999.15832399999,16993.981075302323,0.9986647851822115,6.79759243012093,1.0,9114.907431,5660.286634,14763.023705535357
BUSDgu5JdqP1rndBvXvanbEufS94FNh1w5FJcAj6vawb,Bgzr8cWubt89JQFXndVjtdKmDbGzuPxNhvjH1EhWCwbo,Dxaf8xPBBQsasRKW5Aa4Sw2YrbfGofY9xZueyyF23FBW,11739.73563986001,11671.122928700002,11801.500207375333,1.0052611548854316,4.720600082950133,1.0,5051.68322493,9934.57628302,15012.837195828492
KZMu9QBEdL97EFgamLbN5DE1AoKBG4HdrKKJo4Vuon3,DD4ACBWyVqdaKWh7v5btsgqQCCMwbKnuL2xd9pv7Gyuw,GcYqiJ1MAuYbNTNYXm1F1gQYTfTgkErACAhNU5dpVj9T,333.47932418000005,333.6732403599999,332.29441877270773,0.9964468399646488,0.1329177675090831,1.0,2413.02963833,1977.12248733,4381.578245184968
BSC8REUo9LpiiWUuqMuLXs2D2yJsJfGd4HdiF3wCLxk5,AZjEH1zWVx1UJ6udMyRijGTzPteuLnaY18yNNmprJEsh,Caf8ypkSVR8xYnXNhjvfvdGCC7mrM3C11rz8Xi6NA6aK,230.12962187599987,229.67854663199978,230.98414819421268,1.0037132391356087,0.09239365927768507,0.9999645442571542,2452.818900537,3893.870872695,6355.659616281697
B2izdXFYb2sNwbWWHmh75T4aQFtfXsUxem9u2p61HGzf,4DYwgJtxwuJdAjkj5RJSNH4e7U329V5cNp7d3a1nLrZv,EXNW64GEf1ACC6xY9BtKRiunrs6GoJSXBdxWN2eTPmrF,5443.724983999986,5363.838053999996,5450.800122559068,1.0012996869937179,0.5450800122559067,1.0,9112.889043,30691.268563,39816.00150936438
heyk4SZTeCUV6a65WiVA5bzic3KcxgVf1qxobfeV4tQ,9ZDpBKPqMABtGfq66FbVribaArMvtk63xxy91onZAtDt,DaTP4s6N7xxSPinbNZ3FB52EpRDRt87QShTuN3VPCW52,33.05895056300187,28.846844438000062,6538.769062966601,197.79118670162825,2.6155076251866407,172.65384147891137,635.016173486,4461.774097874,895943.0403375734
SRMuKizofcAMicegrfSv7xs9q76tH1w8aAF7oX9FEWu,72Hj2KWntXPfbie4UgKeTPnm1XVkomDfCnRPKbvfTtPi,6aqJQ5wedqpUt4fFEDUqUmXhrdxCu4bEJsQdVPCADLko,4.70000013592653e-05,4.799999987881165e-05,2.6347048219337767e-06,0.05605754778163186,1.0538819287735108e-09,0.05521822130623782,17971.450574,3892.771299,1222.3873563399932
KwnjUuZhTMTSGAaavkLEmSyfobY16JNH4poL9oeeEvE,J63v6qEZmQpDqCD8bd4PXu2Pq5ZbyXrFcSa3Xt1HdAPQ,BnKQtTdLw9qPCDgZkWX3sURkBAoKCUYL1yahh6Mw7mRK,147.2715069999996,5791.704350999964,3.7090338668827236,0.0251850065395388,0.00037090338668827234,1.0,274592.320171,641.773503,7557.3828822137675
MARpDPs5A7XiyCWPNH8GsMWPLxmwNn9SBmKvPa9LzgA,6YjT74rmcfCpw8LSjPNx5JTmZoYLGrTKnf9arfSgZ4SR,F8GSmi3vA8M8TsybLya1LQ4n1aFHCRbZ6k437PeTdXtg,100931.06128399997,107629.23285699968,93228.17643429294,0.9236817214471505,37.29127057371718,1.0,320737.262907,14411.179108,310670.3262421851
KEN5P7p3asnb23Sw6yAmJRGvijfAzso3RqfyLAQhznt,9zj4aX38Uxf3h6AUjS4EipWS8mwbEofasHAf3a1uKGds,CwQDG1MWunn9cLNwcZLd8YBacweSR7ARo32w4mLua1Yr,1411529.6368059982,1415355.9406830035,1406306.6140414483,0.9962997427554064,140.63066140414483,1.0,1499645.17654,725460.318752,2219556.422363188
NorjjEePhxfwLF4vZjUHCrVVKLzQjEEGQFd3wgjEJmh,34M8pFVqgbV7aqHxvRT5tCv3vu2P1JJYT8J3VaxBK2oG,3AZWBSze3ucsY3xSeuLne3b2pauVqiaJ1SZSV5T9WGWw,5.960511999998744,10.036341999998058,3.534425669584933,0.5929735012001784,0.0014137702678339733,1.0,38120.278942,2260.681702,24864.99697296517
BSCNHw8CmxbZ8hCWWzMf5FaG2ajPT6JxfznKUNuRVrn4,7n9kgNL633yGzCYksgnzHyjG73ZLBAwvEae5sbAekbzW,SscdxE99omdG9AiMVwmaEMQySQnCgeAh1sPj2Leutm2,105.70157381599893,105.59962614100004,105.96859762105979,1.002526204628946,0.04238743904842391,0.9999645442571542,4937.511117564,6751.651367463,11701.396263652994
moFiBS1R4Lf3E3zzmBPnw3NF4RhWPkhREFviuzUaCAU,44ALBrpqi9PfZkBRTvbtRNtFJGsatfY4QydjtMbFWq8S,2ho8qEEie1UjVwWNBo9y4oAJZMyMLx8zPj9bxyUz6uWs,1712.9266020379982,1713.8681816340068,1712.3790585597496,0.999680346211217,0.6849516234238998,0.9991440971971535,35841.843942923,31267.768236689,67071.39302792614
DA1mL7dfBow33EH5yjUuZE6SH2KeUK5zEXzsyhE5r5j5,B4UtLRZND3D83CitRCBUyeiNr7H8m7YFRqBmiPmXjhW4,AAmpYbuixWiSqDaJBCqYEs1pb5SrbdPr9mgXrB58Q2e,53.82144940300003,53.889999999999986,65.19981611021565,1.2114095185734888,0.02607992644408626,0.9999645442571542,167.457062883,2970.783786876,3173.5375354588273
4Fss9Dy3vAUBuQ4SyEZz4vcLxeQqoFLZjdXhEUr3wqz3,,,0.0010261390000000001,0.0006288590000000001,0.0,0.0,0.0,0.9999645442571542,167.457062883,2970.783786876,2970.678455530002
ercAoEmXjQzEvAFbdjAo81KtMxRGn9AW1ju882upmPH,CMRhskR2Eg6V42RTSdRTXGdozyPbWB8U9dVpijPWb9T4,7TKLLgrWswt6ZJ1pXhVR3FyufHGjJFqiEXxvWJfDcgRm,4.214463881000029,4.215885994000018,727.2471051365585,172.5598144084684,0.2908988420546234,171.79996368148767,923.367624829,923.190516399,317940.24315972254
SoN9GaFpSXfpyR5dth3x7PHPVhvJMpQqqDJfCSmPv1t,9kZ9iS68ViMPtoeqtnhAKuF2iqVyfHPdZHoUNdwCELr,BBhm5fJLjw3HRzjtKB8uMEYjGhY6EDm9co3cqpjrSzB9,7.5114818400000045,7.370352066999995,1521.970268877675,202.6191770541076,0.6087881075510699,199.54631150615958,3.637064145,5.998855945,1933.988521034449
BUSD5rCfUDpCxKGMvYU2yThChxgHoioK74PTPociGnv2,CcFHbafgYDZ8yA8Me1PdtDiVb2eeaS61LbqyKKK5CsNZ,26R9s4nmF3CFDTkiePDwRmtscn8i7r2eygbSijditJ58,1473.6340935800006,1473.9293058699998,1470.200176431912,0.9976697626886832,0.14702001764319123,0.999670778422542,83.20123281,63.85979471,146.84612488060802
Lee1XZJfJ9Hm2K1qTyeCz1LXNc1YBZaKZszvNY4KCDw,9DgFSWkPDGijNKcLGbr3p5xoJbHsPgXUTr6QvGBJ5vGN,2hNHZg7XBhuhHVZ3JDEi4buq2fPQwuWBdQ9xkH7t1GQX,4034.916335604892,3420.364386443989,821055.6686482076,203.48765633702277,82.10556686482076,172.38234818545166,7174.998189193,56422.23549185,11186221.0096989
ZUCKWFa4LTL833dPhhpeeRWZcaAEoMeYJPi2iKn4F8N,7eEYpq6ShaJ9opZWMxitRFrdCHh6vfyHhGfoSvFht3N2,H8VggnHmuwd1wvwpT8eg9cUJFEfZ7HAaeYjgXrSm7A2u,0.004164068000136467,0.0013807459999952698,0.004170729464212331,1.0015997491096795,1.6682917856849324e-06,0.9983707089215755,1805.111925129,2042.026524055,3846.699119781548
Cob4usZcpHEY7Qt4ZCwj6WVg9S44zvzYV2v9qYF65dTf,NhFM9UXE48PyNAyeyPYA3iXztqKVJwA4bTdLj4ysM8w,6TuFuynuBoeskxyR2cz4wxyidk8dpDK7kAWw3UkjQGx,105.00150400000518,853.0976119999902,2.064037233597649,0.01965721589661751,0.0008256148934390596,1.0,61962.634434,308.318081,1526.3309635923242
SERgf3DMJpQxUifu7VoFKmfne73d2fDJxSrxUMrcNJB,AJfM2GZ2tTB8UtN2krcyR9xufRJEx2mhSCbJyMgPo3GU,F4yRYkufQvERZcEKnKjJwRLU1btiMBUuEwq46hfm11QD,6.537899999869978e-05,6.537899999869978e-05,0.010275509838220292,157.16835434045558,4.110203935288117e-06,172.03161597038303,29.284890014,27.959076601,9412.503099251375
wrmcMSHFi3sWpAEy4rGDvQb3ezh3PhXoV2xNjgLBkKU,8p4mGnARWPBu6P2Gcw4adodLkNDorrXniZMhaY7eJXUn,AyY89zccbsgp9LKFgH4CFZMJmpSgqmPSdTfukhP227rc,0.009300740000002097,0.044587150000001755,2.8416559731139928,305.5300947143294,0.001136662389245597,3490.035947370258,27.15876109,0.08846249,8606.556118245424
ALLwa5WNZbvQsRKAqe1jdRGemdYQnW8E5k4msbRFcYtu,CGoM82Hbz7QVqTgvQatYtjvDWBvoUJp5qm21P8iMs9yb,3dxNNww8TivyN5FMy5dCNdi3Zcxv6e4kUfSPxfFwpdNq,5.069653145000001,5.068999723000001,17716.148815348064,3494.5485043332405,7.086459526139225,3497.8610579630554,4.346408092,4.272398271,30132.989433360082
YAkoNb6HKmSxQN9L8hiBE5tPJRsniSSMzND1boHmZxe,CfWX7o2TswwbxusJ4hCaPobu2jLCb1hfXuXJQjVq3jQF,EnTrdMMpdhugeH6Ban6gYZWXughWxKtVGfCwFn78ZmY3,7611348.011642979,7610320.385478979,7611348.011642979,1.0,761.134801164298,0.9957203937476726,512242.749234,873067.507301,1381573.8713720506
JSoLLrxK5bYdHwTEWYaGgmeycBCNXKDiBCTw5hXGBg7,xG4wXczA7Dk4hccJ61CHKpDHW4NrNfQwgmWgkb9BuF2,BVR6WgfhsRr9Lob4QDnkEAiNGgAbv7ZieKcY9kSg3QYR,12.397305064999983,10.606038209000008,2478.0921149157175,199.88958099545812,0.991236845966287,172.49070016390067,17.465057236,163.389302302,31674.218126328942
BUSDTd9WiT6uBHJRgNvFXBsA7JrifsAtWzKfioN7ERcy,DyBxrn7gSc1EwnpWhDyhzvMHPtxpmBqRqotapLcKcfTM,Cds99GeBgoCpqBsoRWu1C6fF9LiUMd4pXQQD24s9LPff,3585.8768969100015,3573.912982280002,3599.7068626852324,1.0038567876624958,0.3599706862685233,0.9977739662812265,235.01551967,410.86765291,645.8749722874273
MNkYtBe2HtgL15osfaMmyqNW3vo4J399FXXCS4a39Wf,2mUxDu8NrhSKhQJMgKfYLxJqZzeEbmwhQdHeHMyohyuk,AZCBmDBcFsA2jHHhfFJBTsWCHx9XnnKmGfFsue3ZVW1t,0.07633713999985048,0.005978879999929632,0.07628029973450332,0.9992554048350871,3.0512119893801323e-05,0.999670778422542,2195.17588665,1941.31379602,4134.2160429284
BkMBnJpvHKtWhUvrgRrLesXfi9RUV3ELgdBaJcdH7hcY,5uerVwBnZQsuVhZ15igs7ZgmcqhHnYWbwoRtLyRqLvR,9YWiQh5d4jCtgMdzcGLv9bWgnLaFtzvDDh2nnhJdzhBX,9.484647241999937,9.468472267000152,9.519467072685051,1.0036711782522523,0.003807786829074021,0.9999645442571542,1114.150430735,1759.272135741,2877.4504350066118
Lid8SLUxQ9RmF7XMqUA8c24RitTwzja8VSKngJxRcUa,4PgzyzLtds9bKZ2to9PMnKqJzKEUpjvNUaeN23phegax,AtymwxoVN9peZo7EXTcDz9jKVc4vRmisJKKrNfe3ewBa,139.7291115290003,118.84275618299932,28339.08377129431,202.81445620880964,2.8339083771294313,172.28383762248305,989.426816173,7673.638562753,1522713.9617995028
