0,1,2,3,4,5,6,7,8,9,10,11
AUSejoEUCh2DBs9mof6BNC8Pubs22w4cJa1ccV9h44R,4xkyD7AfGQDwsQMy9MosRRNGoVJ1zosNinesxg1TzHG7,Cbm5gsQe3nSiCsFrvepVzMCD9xLK3ri9g3ypS2hdmVJ7,992.328746000001,991.9748329999984,992.5064046464327,1.0001790320467363,0.09925064046464327,1.0,14398.606154,14473.414747,28874.598712929903
wrmcMSHFi3sWpAEy4rGDvQb3ezh3PhXoV2xNjgLBkKU,8p4mGnARWPBu6P2Gcw4adodLkNDorrXniZMhaY7eJXUn,AyY89zccbsgp9LKFgH4CFZMJmpSgqmPSdTfukhP227rc,0.0086775500000012,0.03345068000000423,2.8671235094516896,330.4070284183085,0.001146849403780676,3386.84549210865,27.10559546,0.09338053,9272.144676528611
STK75uPSyBnEhGTTzb1nwmP3n427XoXmfRhXxxhyady,6TYyD5fUmDe6N65avW1Ny2RxzRNobw2RRgKwH9CTzSAU,54zDfk4cx2vGrEajPtodWpArNe5eUurytyxd4X3aZAxK,615.2757046130025,688.2049453459954,111492.3779026904,181.20718414002243,11.149237790269039,202.8530881137016,2735.949345162,497.956644174,596785.7198039759
KZMu9QBEdL97EFgamLbN5DE1AoKBG4HdrKKJo4Vuon3,DD4ACBWyVqdaKWh7v5btsgqQCCMwbKnuL2xd9pv7Gyuw,GcYqiJ1MAuYbNTNYXm1F1gQYTfTgkErACAhNU5dpVj9T,90.14118117000066,89.9992706400019,90.37624164064623,1.0026076923731702,0.036150496656258496,0.9993226291422884,2035.52652488,2353.79527416,4393.03543371058
SoN9GaFpSXfpyR5dth3x7PHPVhvJMpQqqDJfCSmPv1t,9kZ9iS68ViMPtoeqtnhAKuF2iqVyfHPdZHoUNdwCELr,BBhm5fJLjw3HRzjtKB8uMEYjGhY6EDm9co3cqpjrSzB9,7.135159990000002,6.990444830000001,1522.9777699324188,213.44689846715244,0.6091911079729675,207.94525550025597,3.632376598,5.99498053,2021.9472769376766
MATSnbbiTCv7Dc3trJrkrqjx7ckKdr6fwPoVwv9q3sD,631WX9JizSHJm4w6VanZeJAst9T8DeUUnPLesdGkCVtK,211maUSfpnXbPuW1iBu8b4dtJv5EbN1j7JJiEX5TZKEP,7426.803285000016,7420.258018000011,7433.738963452918,1.0009338713019247,2.9734955853811673,0.9977441005885692,20993.83492,30567.646584,51512.129508011465
BkMBnJpvHKtWhUvrgRrLesXfi9RUV3ELgdBaJcdH7hcY,5uerVwBnZQsuVhZ15igs7ZgmcqhHnYWbwoRtLyRqLvR,9YWiQh5d4jCtgMdzcGLv9bWgnLaFtzvDDh2nnhJdzhBX,19.95482793400015,19.962826391000135,20.028171498591423,1.0036754796800982,0.00801126859943657,1.0,1116.66192726,1756.720875964,2877.4870714471836
B2izdXFYb2sNwbWWHmh75T4aQFtfXsUxem9u2p61HGzf,4DYwgJtxwuJdAjkj5RJSNH4e7U329V5cNp7d3a1nLrZv,EXNW64GEf1ACC6xY9BtKRiunrs6GoJSXBdxWN2eTPmrF,3883.0347830000064,3820.8695580000003,3918.366695493269,1.0090990460986717,0.39183666954932694,1.0,8366.890057,31446.535136,39889.55591133116
HDSBGqAuMRr6X2AfmmbXQPpRgU6VEhtfNVVZ3wUTZXg,DCZ1d8kNLgDcdSd99y4udLgwq46mfDXNS9KXj96kQf5L,Fq8GGYQM5Pz3q7LmVMbrXHJgsxA5ev86kTq8yGgGuYsa,1616.8746498960008,1621.0934846340006,1606.6149051154428,0.9936545824494075,0.6426459620461772,1.0,15970.55529771,15084.988864699,30954.204320530203
vEnkoSUkpnbRrPgBz9DfcVxNz67zjwMYBZraAvDDNSf,DtfyjjsZ5yCjWKLKHvwsfXs5QVsmm1QkK6Sh9JZHoq1g,e5wrKCRv4GhHvEf1VD5Pq2KGaZDXP77nTL612Jyrxwy,3686.792242999998,3685.824485999999,3684.876107424137,0.999480270259465,0.3684876107424137,0.9986308770675404,962.57791,977.317432,1938.0569939241473
MATgk4zXLXtYkwBH678J1xZbRDZ45LicNzkRBHkxTuY,y8dALFo1bJrSzPYjMX14HJX448pXqYmrfXHD1K8MXih,GN7Yuet3UyiWS5YVkEHv6oQKi4HGBJc3XDPt9zQhAqZz,27397.88873999998,27307.072425000006,27552.873654305447,1.005656819610308,11.02114946172218,1.0,3867.393521,10859.552175,14748.822843510372
SoNcU2iwHMw6dGzsYNQkYFkUjwN1UdAjrWVRnStrZu2,8ivTTid27jZnYNc4w3CTA1Z6QS2twsFb8WMwUabeDJgc,CyXm53PMvHCbeXJBykU46Rcbo28xk5srhMZFg7gv6EYB,27.27377227299999,27.042318288999986,5849.082016935756,214.45812329840882,2.3396328067743024,210.36165796961453,15.381719735,20.201622729,7548.381598419287
RajgMbScQbqqrdJfR2rxfHJiTiY5b6bJ2tTXiF4aPxy,725ZA3fhyBAKb5iopNRrcbSuQa3LXA1656Q3mBvYPxeg,GLA6i1dSZpUfk2f9Nj8uiG7xyDdAR2reff8oEiZH3617,4641.488196090009,4647.032937129989,4635.168005459525,0.9986383266824188,1.8540672021838103,0.9993226291422884,120543.00667985,61304.90492113,181642.2452491347
DFWzVTzNBrQZLjoQ4yQwkj9HuoXmfkuZP9V5vbymZe23,DhgiEgiNdqZdRdo195UUHnoEJUtefK8buko8nU97XJUZ,2K2kkXsouBHtWVjtcgkyiXd8eP3oVBvq1bTJzcVdLLr2,4407.6379648859975,5187.745552635999,3686.9227949708966,0.8364849437143502,1.4747691179883586,1.0,61176.956857828,7712.583219075,58886.18653291049
moFiBS1R4Lf3E3zzmBPnw3NF4RhWPkhREFviuzUaCAU,44ALBrpqi9PfZkBRTvbtRNtFJGsatfY4QydjtMbFWq8S,2ho8qEEie1UjVwWNBo9y4oAJZMyMLx8zPj9bxyUz6uWs,3748.535991661003,3735.1021574010047,3725.6644505548607,0.9938985403482793,1.4902657802219443,1.0,47397.516168749,19740.764255288,66849.0863915416
NorjjEePhxfwLF4vZjUHCrVVKLzQjEEGQFd3wgjEJmh,34M8pFVqgbV7aqHxvRT5tCv3vu2P1JJYT8J3VaxBK2oG,3AZWBSze3ucsY3xSeuLne3b2pauVqiaJ1SZSV5T9WGWw,0.001423000000158936,0.001423000000158936,0.0008456018897740027,0.5942388543074889,3.3824075590960113e-07,1.0,38109.866632,2266.810277,24913.17376221088
iLiUBQ7Z7im6Ew3b4ewwPcehzWgEQRJ1iQz7g6D62NW,GpugBvKWM3TVhYcZjemSdtehBWgfvuGr6uAm9iPjXT6v,92fMXJ3xy8tEyMUWLHKRLyhPw2nECBo77GtDiBBbYrjX,0.36339522100001886,0.3553975229999651,0.3554156773583588,0.9780416935046604,0.00014216627094334352,1.0,1865.130452056,1098.40848241,2922.5838283459634
ALBpShJ9NLpE739pcHDF2LNVk5J4VYPvvKuV6jMPitZi,D6d156U1bPiJpDYRLextvDRccgFk7QzkQbJg42ceKEu5,GNcM8U5g8RwTZffwwm3kSQqUNPSwv5d2fbN9sLxPJqt2,61.099442999999155,61.20682800000213,60.946467366908216,0.9974962843263409,0.024378586946763287,0.9983796298607361,55211.535794,45086.123596,100086.36919409566
FrnkTEL6yZ5Aycq2TrEgu29dCrwKG4LPUZydfiwqspkc,DjvZuMZ46fxKBoBpGMPcRcos4xdTtHFxwMh69DpA2ZFY,9rvDPJLAng4uVVqnnSoEXgNDFhBZQTny9AoQioYDZbQX,1718.5468798690051,1442.9954769669982,365599.1886767979,212.73739631977068,146.23967547071916,181.40267075524102,179.389650865,1457.678756036,302589.7066998406
BkwbeSfcX1h4thMDd7obGkHrPevf3QwgzJ4pCEqG18Lu,35yX27bmurdebhfAb8EPmjLETDiUaEUCn9zHaDPbakH2,2CxECn1ZJFoESyUnQysQU8rRgT3iJ5GRs2Mdd6gZjx5g,0.030715359999996528,0.020053310000000657,64.32132012647692,2094.109270621741,0.02572852805059077,1297.0168612191958,0.83431856,22.74286681,31245.035956180203
BUSD5rCfUDpCxKGMvYU2yThChxgHoioK74PTPociGnv2,CcFHbafgYDZ8yA8Me1PdtDiVb2eeaS61LbqyKKK5CsNZ,26R9s4nmF3CFDTkiePDwRmtscn8i7r2eygbSijditJ58,852.1384647200001,853.2755978699998,850.4277612440368,0.9979924583306712,0.0850427761244037,0.9993226291422884,81.6034197,65.09228392,146.48778973840325
AURHmCnNwiW4uA2Qj1XvEh4iKgRUZYXtiY7FKAapUV5Y,BKWm4TRnTeKwfWXRyuzjRHU7iZDkPuXBX5b5V5jSVfGJ,A5Ww74HVrkj9nPeC7pHKLfgeDMEhBCpW1efQdz3TGLEg,0.08018844800017177,0.07140261100005318,16.212161641184455,202.17577525817342,0.006484864656473782,182.22699980920834,289.827361278,1809.567417641,388348.11292662646
SEQV6QiTpvTzrceiaYg9Avnwf7oc8ZALpnQMz6TyT4A,3dFMPj4r9mMmPHF32mz1gNDX7f8ftidWof7S8YiYTs1j,Fc1ED3YPeQfXQosHbd8DTaBd2AV5gHQtwiSAL5C5pUhi,17.18070672400006,17.26535165400037,17.078172145104737,0.9940319929475259,0.006831268858041895,0.9989221629861379,4712.251550478,906.412182694,5589.5640180853925
Sid7E679i9ABqptiAVhkmQ27YHN8vaYT4fppPwmxFsJ,GP7KB8o1bv527HG8kTzzzf4wJ5aEGHvcMQvVhLziUfmT,9gYxhAZ1M9wu5pxr8SBoa5NDm21gi3s9vMHaYTME77sa,28689.570413000027,33451.44721799996,703.9598842612758,0.024537135764929136,0.28158395370451034,0.026790173653637717,89345.074331,40167.050429,3268.3544749347657
ALLwa5WNZbvQsRKAqe1jdRGemdYQnW8E5k4msbRFcYtu,CGoM82Hbz7QVqTgvQatYtjvDWBvoUJp5qm21P8iMs9yb,3dxNNww8TivyN5FMy5dCNdi3Zcxv6e4kUfSPxfFwpdNq,1.9391992679999976,1.939560807000002,6566.878658990849,3386.3867253640365,2.6267514635963396,3394.1566199630715,4.871814752,3.755738864,29245.41473270367
GokA1R67GqSavkd15zR62QD68Tuc5AEfvjssntVDEbM8,3YB7hfpBdbQEuZqLGWVDpRPmeZWCUsrrWyqGXegnQ6Cg,4DPCj6Z1DsG6HUtwSogBGqXEUxdEV5a8YVrrFtcnz7UW,51924.064692999986,51946.71199700003,51913.9933782846,0.9998060376287,5.19139933782846,1.0,35130.476826,20794.021508,55917.68434340993
C98Sspw7XqnMsgxea3SLQVdbMDL8pKUc3RE82UvX9eq2,CSqgQJurPCzGxb4Cgwx5R61hWQUiaoUHcShNc8r1cKEL,6S2CR5EnukPhC914XkAns8m5GixjMAoUuZMsS5ubHuWc,39.2415860000001,39.07326400000011,0.0,0.0,0.0,1.0,823.701461,1277.290541,1277.290541
daob129AwBGn9Y5r91uLoWZeYiGzbPmksauMhFZKTze,6VW5GQNyj4LStgmxEHLr5zUfW92vQnmbw8jTnCH7a38F,4VPCCUifPeBA1c7HWK358CHn2nyjm8pdTRk6Ps3KmnMQ,7.066162486000131,6.3473758620000424,1421.2357600118048,201.13261799847302,0.568494304004722,181.7395051342319,49.332175522,222.557939505,50369.879403633066
JSoLLrxK5bYdHwTEWYaGgmeycBCNXKDiBCTw5hXGBg7,xG4wXczA7Dk4hccJ61CHKpDHW4NrNfQwgmWgkb9BuF2,BVR6WgfhsRr9Lob4QDnkEAiNGgAbv7ZieKcY9kSg3QYR,13.055755521000272,11.195902908999972,2713.583452359729,207.84576181707078,1.0854333809438916,181.7395051342319,17.576763108,163.243980169,33321.135890516874
SERgf3DMJpQxUifu7VoFKmfne73d2fDJxSrxUMrcNJB,AJfM2GZ2tTB8UtN2krcyR9xufRJEx2mhSCbJyMgPo3GU,F4yRYkufQvERZcEKnKjJwRLU1btiMBUuEwq46hfm11QD,0.00019053199999774506,6.401400000299873e-05,0.03432281117999751,180.14197709782988,1.3729124471999006e-05,181.7395051342319,29.276090844,27.967296231,10356.615463298243
MARpDPs5A7XiyCWPNH8GsMWPLxmwNn9SBmKvPa9LzgA,6YjT74rmcfCpw8LSjPNx5JTmZoYLGrTKnf9arfSgZ4SR,F8GSmi3vA8M8TsybLya1LQ4n1aFHCRbZ6k437PeTdXtg,67213.608886,68483.95483099984,65430.87915260803,0.973476655056335,26.172351661043216,1.0,308684.912796,25897.732475,326395.2888500066
YAkoNb6HKmSxQN9L8hiBE5tPJRsniSSMzND1boHmZxe,CfWX7o2TswwbxusJ4hCaPobu2jLCb1hfXuXJQjVq3jQF,EnTrdMMpdhugeH6Ban6gYZWXughWxKtVGfCwFn78ZmY3,4465857.979510015,4466981.775542985,4465857.979510015,1.0,446.5857979510015,0.9977849174831872,1012201.256651,360147.457892,1371550.9582055488
BSCNHw8CmxbZ8hCWWzMf5FaG2ajPT6JxfznKUNuRVrn4,7n9kgNL633yGzCYksgnzHyjG73ZLBAwvEae5sbAekbzW,SscdxE99omdG9AiMVwmaEMQySQnCgeAh1sPj2Leutm2,644.6472043639978,644.4184815690005,645.5051892053236,1.0013309370389223,0.25820207568212944,1.0,5437.349097467,6249.060073643,11693.64594041737
Lid8SLUxQ9RmF7XMqUA8c24RitTwzja8VSKngJxRcUa,4PgzyzLtds9bKZ2to9PMnKqJzKEUpjvNUaeN23phegax,AtymwxoVN9peZo7EXTcDz9jKVc4vRmisJKKrNfe3ewBa,82.15945552900098,69.94594051999911,17560.245770049663,213.73371642964668,1.7560245770049663,182.07716175207025,993.622049512,7668.663910483,1608659.092619919
SRMuKizofcAMicegrfSv7xs9q76tH1w8aAF7oX9FEWu,72Hj2KWntXPfbie4UgKeTPnm1XVkomDfCnRPKbvfTtPi,6aqJQ5wedqpUt4fFEDUqUmXhrdxCu4bEJsQdVPCADLko,504.726451999999,501.5716299999999,29.72405088547347,0.05889140695458048,0.011889620354189388,0.058507608973054556,17471.062972,4389.68571,1285.7254944484398
BUSDgu5JdqP1rndBvXvanbEufS94FNh1w5FJcAj6vawb,Bgzr8cWubt89JQFXndVjtdKmDbGzuPxNhvjH1EhWCwbo,Dxaf8xPBBQsasRKW5Aa4Sw2YrbfGofY9xZueyyF23FBW,10978.253222119998,10912.989831840005,11035.356113744814,1.005201455137668,4.414142445497926,0.9993320664334372,4797.75928106,10175.63541307,14991.55337533827
SAMyS8Jr2HJrkFwYVKbpUwsNStnQmvz3f8Tup8bWUWF,6jPzm5TFfquvgm25sTyN3MMGBfufRaFHMxobDWv6hMFW,Cj9ECoDmxsHTDzCY5ZA6RWrPbg9uFzEC1Qc2kso2vJG6,2687.5414953900113,99.63127562000409,2694.6437409515997,1.0026426552199366,1.07785749638064,0.026848016065852815,546.13828959,106199.24754502,3398.820649061969
4vezWG46exH6pf9nry3n1VJ7hZHvjBJNgNeF4qEFCML5,,,0.3024249999999995,0.30197499999999877,0.0,0.0,0.0,0.026848016065852815,546.13828959,106199.24754502,2851.239104270177
HEDSDjj84KS7LKhZY7ejkCACTdPen62rKhCby1wXtgxc,EnnjMSFttpCTywBrYNt1J5QQeoSVkvzPipJDa8Y7kJow,6bjVT6JN2rSvpyn9PdfLYC8wJn4LWh49jpY47fnLDXZk,60.98379043400382,62.96510607899836,59.093369951016214,0.9690012629662073,0.023637347980406485,1.0,39100.097603767,9121.274957671,47009.31891782319
SQDY9uoDoCbNq7F3HAHYYQZbrUzpKxDtdWLvYcqBLak,GiehZ4X2uQjhEKuxSm3ACmEFrabxh3RTvjbLfLjw1xGX,rxDQYV77NKRKYxCjq4cECX3QQsiSyLv1T1FT2X3zNA2,0.0014206749999914337,0.0014206749999914337,0.0014238343617188295,1.002223845515276,5.695337446875318e-07,1.0,168.73007208,237.825568872,406.9308705660873
Cob4usZcpHEY7Qt4ZCwj6WVg9S44zvzYV2v9qYF65dTf,NhFM9UXE48PyNAyeyPYA3iXztqKVJwA4bTdLj4ysM8w,6TuFuynuBoeskxyR2cz4wxyidk8dpDK7kAWw3UkjQGx,219.11244900000025,9523.649092000021,5.376391908899118,0.024537135764929136,0.002150556763559647,1.0,59973.420125,352.032332,1823.6082838942582
KEVpg4SYCVrqFxKijQH6hm4QxsRdoE51ud64bEEFUC9,2bPenuBYfqzD8p5dFjCcggwkHDsc2RQDnx9AoyYGUBjA,AE6n6iLuX8oYu61vt5hoDYkjswpnxFxrhSehxrnQTnbx,288.83222866599976,288.71549675499955,288.3527087803483,0.99833979785474,0.11534108351213931,1.0,5841.668356321,1785.334294607,7617.3043005909385
KwnjUuZhTMTSGAaavkLEmSyfobY16JNH4poL9oeeEvE,J63v6qEZmQpDqCD8bd4PXu2Pq5ZbyXrFcSa3Xt1HdAPQ,BnKQtTdLw9qPCDgZkWX3sURkBAoKCUYL1yahh6Mw7mRK,590.0855089999757,21071.702904000587,15.794429078929188,0.026766339518650744,0.001579442907892919,1.0,273782.818701,662.822621,7990.986500724169
KysFMBBoavfov2tLpvefWW6tPFt6rAeZWDJVy1mMQae,B8ka2V21TH3x64dFV8ETcjuQcwmrciJ2qzy1mJUttRew,7fSf7EYxBANyxzk2s5pymFgshA91tFYQNKKs5UnLWcYS,20.515875999999935,27.821235999988858,0.0,0.0,0.0,0.025904283568596902,134615.09772,2527.919289,65.48393810078186
BSCuChvaSj9b5HUSqgDVRzcnr2sSn7cXaamt1jbKH6hn,GnKpRj5kBVPMJfiwZtEuD9GYApLzPdW5JFuZTcyX4BTc,3dmwD9okkomV9nDwyuh4UMhKdUR13QpuKxRo89ycZB5t,486.44416859099965,487.60470395900006,485.5995633281048,0.9982637159258353,0.19423982533124193,0.9996471245650285,1802.519976322,1303.154779326,3102.0852176101585
parEAJhzYzHW87y9VoZAQ22dzQ2MD2ekEtTReaxbMcz,3oyc6hpjYSJEquK6dSvG72NXyz3pqLZz5D8AC71pwgQb,Di2vordgFJVZ1aj1aBpvzXtLfZgJsuLLXawGtVFwX6Rz,2.7208719529999428,3.2002574019998065,478.7578724272711,175.95751681713966,0.19150314897090842,207.92947364940972,1103.095679811,143.321368114,223898.71326591546
KEN5P7p3asnb23Sw6yAmJRGvijfAzso3RqfyLAQhznt,9zj4aX38Uxf3h6AUjS4EipWS8mwbEofasHAf3a1uKGds,CwQDG1MWunn9cLNwcZLd8YBacweSR7ARo32w4mLua1Yr,232533.53611900052,232577.45380999963,232374.82411413058,0.9993174661706055,23.23748241141306,1.0,1628252.730057,1586919.892006,3214061.284491932
BSC8REUo9LpiiWUuqMuLXs2D2yJsJfGd4HdiF3wCLxk5,AZjEH1zWVx1UJ6udMyRijGTzPteuLnaY18yNNmprJEsh,Caf8ypkSVR8xYnXNhjvfvdGCC7mrM3C11rz8Xi6NA6aK,4296.474482857,4306.653506153999,4287.8188644428365,0.9979854137505763,1.7151275457771344,1.0,3662.337928713,2672.575880271,6327.535713352072
heyk4SZTeCUV6a65WiVA5bzic3KcxgVf1qxobfeV4tQ,9ZDpBKPqMABtGfq66FbVribaArMvtk63xxy91onZAtDt,DaTP4s6N7xxSPinbNZ3FB52EpRDRt87QShTuN3VPCW52,24.365136458001075,21.172022362000007,5053.427581459713,207.40403363512695,2.0213710325838856,181.7395051342319,634.95000563,4461.773891315,942571.7713527328
ercAoEmXjQzEvAFbdjAo81KtMxRGn9AW1ju882upmPH,CMRhskR2Eg6V42RTSdRTXGdozyPbWB8U9dVpijPWb9T4,7TKLLgrWswt6ZJ1pXhVR3FyufHGjJFqiEXxvWJfDcgRm,13.135005631000013,12.967802139000014,2387.1494233132917,181.7395051342319,0.9548597693253167,178.38418888174164,419.354099118,920.467792258,240410.10696342777
RoBgmK8CvjdHvPrqdDyVw54VwjZv2TqJ493xnqJAQHx,ExiHJxM7qPAcy27NDHAF6G7vnW7muNHi2sVJpnaNynGQ,6rkPHSqZb7StM4HwS9EuVrmfkV7tRdc7dnsFhyB6cefE,20.599474000000463,7.7711959999993105,0.0,0.0,0.0,0.9746930691525237,6164.704426,20.836576,20.30926621206982
ZUCKWFa4LTL833dPhhpeeRWZcaAEoMeYJPi2iKn4F8N,7eEYpq6ShaJ9opZWMxitRFrdCHh6vfyHhGfoSvFht3N2,H8VggnHmuwd1wvwpT8eg9cUJFEfZ7HAaeYjgXrSm7A2u,167.92843347099983,167.65633521899986,168.1844754982847,1.001524709198988,0.0672737901993139,1.0,1815.583619326,2031.486749081,3849.8386054529183
BUSDTd9WiT6uBHJRgNvFXBsA7JrifsAtWzKfioN7ERcy,DyBxrn7gSc1EwnpWhDyhzvMHPtxpmBqRqotapLcKcfTM,Cds99GeBgoCpqBsoRWu1C6fF9LiUMd4pXQQD24s9LPff,45411.23029098997,45378.896489449995,45438.462924974796,1.0005996894118552,4.54384629249748,0.9999291150250359,2714.42084681,3048.40461175,5764.237181916567
Lee1XZJfJ9Hm2K1qTyeCz1LXNc1YBZaKZszvNY4KCDw,9DgFSWkPDGijNKcLGbr3p5xoJbHsPgXUTr6QvGBJ5vGN,2hNHZg7XBhuhHVZ3JDEi4buq2fPQwuWBdQ9xkH7t1GQX,803.7738270200498,682.5035363750148,172036.50662057113,214.0359648912526,17.20365066205711,181.7351123504638,7229.083382067,56357.64351006,11789446.512068171
WiiQFxXqp8P9Fs1rt9SVcDyA3KUdJmUsog6wnVQAwba,3S2jpqSYxho6wiz3cafhjXruVY8cg4HYa2v3BqBHYFSj,Dfe67M6TfrG74gKRtdqys4e6E9QirPD53BkF4FujFjuv,9761.319066417002,9778.014829378995,9756.522594048884,0.9995086245685155,0.9756522594048884,1.0,16568.901090982,10196.1547545,26756.914294559192
