0,1,2,3,4,5,6,7,8,9,10,11
BUSD5rCfUDpCxKGMvYU2yThChxgHoioK74PTPociGnv2,CcFHbafgYDZ8yA8Me1PdtDiVb2eeaS61LbqyKKK5CsNZ,26R9s4nmF3CFDTkiePDwRmtscn8i7r2eygbSijditJ58,518.5374292899999,520.2943984,517.1004433549474,0.9972287710512624,0.05171004433549475,1.0,88.55776156,58.1807514,146.49309912752952
RajgMbScQbqqrdJfR2rxfHJiTiY5b6bJ2tTXiF4aPxy,725ZA3fhyBAKb5iopNRrcbSuQa3LXA1656Q3mBvYPxeg,GLA6i1dSZpUfk2f9Nj8uiG7xyDdAR2reff8oEiZH3617,4203.302703900001,4206.447929179994,4199.425038807667,0.9990774718440487,1.6797700155230668,1.0,117432.71880006,64413.31346013,181737.69727066703
Cob4usZcpHEY7Qt4ZCwj6WVg9S44zvzYV2v9qYF65dTf,NhFM9UXE48PyNAyeyPYA3iXztqKVJwA4bTdLj4ysM8w,6TuFuynuBoeskxyR2cz4wxyidk8dpDK7kAWw3UkjQGx,240.394910000001,7017.947910000012,5.302753137872472,0.02205850838469271,0.0021211012551489885,1.0,60817.416877,332.339421,1673.8809211166563
FrnkTEL6yZ5Aycq2TrEgu29dCrwKG4LPUZydfiwqspkc,DjvZuMZ46fxKBoBpGMPcRcos4xdTtHFxwMh69DpA2ZFY,9rvDPJLAng4uVVqnnSoEXgNDFhBZQTny9AoQioYDZbQX,560.8848753209966,470.9802889169998,118457.27161639433,211.1971223124902,47.38290864655774,178.78507673813064,179.237108326,1457.88877522,298503.11804343027
ALBpShJ9NLpE739pcHDF2LNVk5J4VYPvvKuV6jMPitZi,D6d156U1bPiJpDYRLextvDRccgFk7QzkQbJg42ceKEu5,GNcM8U5g8RwTZffwwm3kSQqUNPSwv5d2fbN9sLxPJqt2,11095.908989999974,11097.468441999976,11064.794787058765,0.9971958851708994,4.425917914823506,0.9958373996693819,49795.345304,50503.351196,99948.83936742708
HEDSDjj84KS7LKhZY7ejkCACTdPen62rKhCby1wXtgxc,EnnjMSFttpCTywBrYNt1J5QQeoSVkvzPipJDa8Y7kJow,6bjVT6JN2rSvpyn9PdfLYC8wJn4LWh49jpY47fnLDXZk,29.838488937000875,30.46702586299216,28.35359034396956,0.9502354627888016,0.011341436137587826,0.9949223421922135,39097.607884087,9123.696037543,46229.30255279261
BkMBnJpvHKtWhUvrgRrLesXfi9RUV3ELgdBaJcdH7hcY,5uerVwBnZQsuVhZ15igs7ZgmcqhHnYWbwoRtLyRqLvR,9YWiQh5d4jCtgMdzcGLv9bWgnLaFtzvDDh2nnhJdzhBX,22.409115934000056,22.40810487900012,22.492159506018137,1.003705794207262,0.008996863802407254,0.9937894855295535,1114.216648772,1759.175163964,2866.5954875268058
SoNcU2iwHMw6dGzsYNQkYFkUjwN1UdAjrWVRnStrZu2,8ivTTid27jZnYNc4w3CTA1Z6QS2twsFb8WMwUabeDJgc,CyXm53PMvHCbeXJBykU46Rcbo28xk5srhMZFg7gv6EYB,15.842692974999988,15.623577440000004,3328.1206488648054,210.07291210633386,1.3312482595459223,204.72803007209086,12.84854014,22.784993825,7363.857144521928
STK75uPSyBnEhGTTzb1nwmP3n427XoXmfRhXxxhyady,6TYyD5fUmDe6N65avW1Ny2RxzRNobw2RRgKwH9CTzSAU,54zDfk4cx2vGrEajPtodWpArNe5eUurytyxd4X3aZAxK,2093.5160484230064,2308.910482863005,374685.46142478654,178.97424846923326,37.46854614247865,200.48449082051687,3156.490727082,574.398157112,680088.4777364472
KwnjUuZhTMTSGAaavkLEmSyfobY16JNH4poL9oeeEvE,J63v6qEZmQpDqCD8bd4PXu2Pq5ZbyXrFcSa3Xt1HdAPQ,BnKQtTdLw9qPCDgZkWX3sURkBAoKCUYL1yahh6Mw7mRK,455.5014789999874,16992.437003000385,11.520762205082088,0.025292480345782603,0.0011520762205082088,1.0,274530.759955,643.276159,7586.840009474599
NorjjEePhxfwLF4vZjUHCrVVKLzQjEEGQFd3wgjEJmh,34M8pFVqgbV7aqHxvRT5tCv3vu2P1JJYT8J3VaxBK2oG,3AZWBSze3ucsY3xSeuLne3b2pauVqiaJ1SZSV5T9WGWw,0.042721000000256026,0.001423000000158936,0.025386644038055323,0.5942427386508551,1.0154657615222129e-05,1.0,38109.866632,2266.830926,24913.342443018515
4vezWG46exH6pf9nry3n1VJ7hZHvjBJNgNeF4qEFCML5,,,0.08598000000000106,0.08464000000000027,0.0,0.0,0.0,1.0,38109.866632,2266.830926,2266.830926
SERgf3DMJpQxUifu7VoFKmfne73d2fDJxSrxUMrcNJB,AJfM2GZ2tTB8UtN2krcyR9xufRJEx2mhSCbJyMgPo3GU,F4yRYkufQvERZcEKnKjJwRLU1btiMBUuEwq46hfm11QD,6.237200000214216e-05,6.237200000214216e-05,0.01114175277751438,178.6338866339338,4.4567011110057526e-06,178.80767821627182,29.276090844,27.967358603,10230.480350556149
BUSDgu5JdqP1rndBvXvanbEufS94FNh1w5FJcAj6vawb,Bgzr8cWubt89JQFXndVjtdKmDbGzuPxNhvjH1EhWCwbo,Dxaf8xPBBQsasRKW5Aa4Sw2YrbfGofY9xZueyyF23FBW,6859.753935490005,6819.058372589996,6889.150215023519,1.0042853256559872,2.755660086009408,1.0,4971.44057876,10001.97656309,14994.721383709377
MiMuMS9C4vBqcrYeeQPph1E7oAW9aNKvW9k6Zw9XffM,Afy2q2hh6Y474pshJa5fnQ6PfEchGyTbKrQpCZw2hr3m,5pXz9ksgjeL8Wgb37bksUaBFMLdFfsNNY3FQnikkCPtS,0.007682559999999228,0.5060779999994338,0.0,0.0,0.0,0.025419878563647726,26.031088727,7672.093312051,195.02368032131028
heyk4SZTeCUV6a65WiVA5bzic3KcxgVf1qxobfeV4tQ,9ZDpBKPqMABtGfq66FbVribaArMvtk63xxy91onZAtDt,DaTP4s6N7xxSPinbNZ3FB52EpRDRt87QShTuN3VPCW52,18.31538931799878,15.937763204999783,3730.3183438754477,203.671255855294,1.4921273375501791,178.97424846923326,632.755428908,4464.299769853,927868.7891057592
KysFMBBoavfov2tLpvefWW6tPFt6rAeZWDJVy1mMQae,B8ka2V21TH3x64dFV8ETcjuQcwmrciJ2qzy1mJUttRew,7fSf7EYxBANyxzk2s5pymFgshA91tFYQNKKs5UnLWcYS,13.787278999981936,10.164322999999968,0.0,0.0,0.0,0.02532746961887705,134601.310441,2538.083612,64.28323557309972
SoN9GaFpSXfpyR5dth3x7PHPVhvJMpQqqDJfCSmPv1t,9kZ9iS68ViMPtoeqtnhAKuF2iqVyfHPdZHoUNdwCELr,BBhm5fJLjw3HRzjtKB8uMEYjGhY6EDm9co3cqpjrSzB9,6.121727003000004,5.992432312,1304.179440894944,213.04109775816855,0.5216717763579776,204.19356406389298,3.104050615,6.53962412,1996.639507217518
KEVpg4SYCVrqFxKijQH6hm4QxsRdoE51ud64bEEFUC9,2bPenuBYfqzD8p5dFjCcggwkHDsc2RQDnx9AoyYGUBjA,AE6n6iLuX8oYu61vt5hoDYkjswpnxFxrhSehxrnQTnbx,142.89226920499914,142.9699497099989,142.688513289857,0.9985740592106505,0.05707540531594281,0.9959771834176592,5744.790549895,1882.062780607,7611.090405967803
MARpDPs5A7XiyCWPNH8GsMWPLxmwNn9SBmKvPa9LzgA,6YjT74rmcfCpw8LSjPNx5JTmZoYLGrTKnf9arfSgZ4SR,F8GSmi3vA8M8TsybLya1LQ4n1aFHCRbZ6k437PeTdXtg,27726.06461699999,28300.759019000066,26983.05910157891,0.9732019121471169,10.793223640631565,1.0,309742.265686,24872.338905,326314.10414339555
MATSnbbiTCv7Dc3trJrkrqjx7ckKdr6fwPoVwv9q3sD,631WX9JizSHJm4w6VanZeJAst9T8DeUUnPLesdGkCVtK,211maUSfpnXbPuW1iBu8b4dtJv5EbN1j7JJiEX5TZKEP,23964.14878200002,23943.453106000015,23917.724478786695,0.9980627601824859,9.567089791514679,0.9983577015808995,30927.612247,20642.826013,51476.62237756756
BSCuChvaSj9b5HUSqgDVRzcnr2sSn7cXaamt1jbKH6hn,GnKpRj5kBVPMJfiwZtEuD9GYApLzPdW5JFuZTcyX4BTc,3dmwD9okkomV9nDwyuh4UMhKdUR13QpuKxRo89ycZB5t,1581.6851778260004,1581.6238544999999,1579.9905258077445,0.9989285781759774,0.6319962103230978,0.9988104167935988,1674.60798749,1431.313188745,3102.4242985580886
SEQV6QiTpvTzrceiaYg9Avnwf7oc8ZALpnQMz6TyT4A,3dFMPj4r9mMmPHF32mz1gNDX7f8ftidWof7S8YiYTs1j,Fc1ED3YPeQfXQosHbd8DTaBd2AV5gHQtwiSAL5C5pUhi,3930.645815777,3931.95492943,3919.2144157760695,0.997091724735145,1.567685766310428,0.9992106236073501,2550.352926092,3067.524747139,5608.039113280135
AUSejoEUCh2DBs9mof6BNC8Pubs22w4cJa1ccV9h44R,4xkyD7AfGQDwsQMy9MosRRNGoVJ1zosNinesxg1TzHG7,Cbm5gsQe3nSiCsFrvepVzMCD9xLK3ri9g3ypS2hdmVJ7,146.788325000005,146.7740660000036,146.808878242959,1.0001400196027443,0.0146808878242959,1.0,14395.178197,14476.853166,28874.04697013258
7dwD9TF6uikvHXxPFK9AsSim54yJoujQjY9vU6gNFumk,CquVr6atkvwueDYficKjn6SSEWq4F4rH4VSiBbW4GBWU,8BCa6ge3b7ho3TfZuM64Vk1hgbrJ3J7EPiAb9uP86CGd,0.00020651300000000018,0.00020661699999999965,0.04341891612603185,210.24785909861276,1.7367566450412744e-05,210.73727489307717,0.003867697,0.003640116,1.5802831400268156
KEN5P7p3asnb23Sw6yAmJRGvijfAzso3RqfyLAQhznt,9zj4aX38Uxf3h6AUjS4EipWS8mwbEofasHAf3a1uKGds,CwQDG1MWunn9cLNwcZLd8YBacweSR7ARo32w4mLua1Yr,146535.393868,146559.77058099932,146344.41440719864,0.998696700805449,14.634441440719865,1.0,1548037.304875,1382392.105277,2928411.8543794216
vEnkoSUkpnbRrPgBz9DfcVxNz67zjwMYBZraAvDDNSf,DtfyjjsZ5yCjWKLKHvwsfXs5QVsmm1QkK6Sh9JZHoq1g,e5wrKCRv4GhHvEf1VD5Pq2KGaZDXP77nTL612Jyrxwy,5616.9611909999985,5616.609488000002,5610.6211890563645,0.9988712754587316,0.5610621189056364,0.9993374392777588,893.557035,1046.743733,1938.5986569618344
Lee1XZJfJ9Hm2K1qTyeCz1LXNc1YBZaKZszvNY4KCDw,9DgFSWkPDGijNKcLGbr3p5xoJbHsPgXUTr6QvGBJ5vGN,2hNHZg7XBhuhHVZ3JDEi4buq2fPQwuWBdQ9xkH7t1GQX,1327.9122224260118,1129.0016909809847,279979.3169372986,210.8417350250712,27.997931693729857,178.93802785599854,7217.661539901,56371.216569218,11608738.60263571
Sid7E679i9ABqptiAVhkmQ27YHN8vaYT4fppPwmxFsJ,GP7KB8o1bv527HG8kTzzzf4wJ5aEGHvcMQvVhLziUfmT,9gYxhAZ1M9wu5pxr8SBoa5NDm21gi3s9vMHaYTME77sa,17195.68209200001,19221.13088099996,380.53981513469546,0.02212996338840987,0.15221592605387818,0.02529660970536305,97071.021663,33268.559493,2989.759920431803
BUSDTd9WiT6uBHJRgNvFXBsA7JrifsAtWzKfioN7ERcy,DyBxrn7gSc1EwnpWhDyhzvMHPtxpmBqRqotapLcKcfTM,Cds99GeBgoCpqBsoRWu1C6fF9LiUMd4pXQQD24s9LPff,30527.10794317999,30478.510563069995,30516.749032720836,0.9996606651872022,3.0516749032720836,0.9992325893713627,2677.98448002,3085.89840251,5760.605997934816
KZMu9QBEdL97EFgamLbN5DE1AoKBG4HdrKKJo4Vuon3,DD4ACBWyVqdaKWh7v5btsgqQCCMwbKnuL2xd9pv7Gyuw,GcYqiJ1MAuYbNTNYXm1F1gQYTfTgkErACAhNU5dpVj9T,324.4247990500012,324.2949799500011,323.89621338560437,0.9983706989541347,0.12955848535424175,1.0,2308.22757171,2081.09860975,4385.565383863318
YAkoNb6HKmSxQN9L8hiBE5tPJRsniSSMzND1boHmZxe,CfWX7o2TswwbxusJ4hCaPobu2jLCb1hfXuXJQjVq3jQF,EnTrdMMpdhugeH6Ban6gYZWXughWxKtVGfCwFn78ZmY3,4469071.603631012,4470645.7313509965,4469071.603631012,1.0,446.90716036310124,0.998474331221893,1003812.320499,366767.0553,1370019.8107538905
wrmcMSHFi3sWpAEy4rGDvQb3ezh3PhXoV2xNjgLBkKU,8p4mGnARWPBu6P2Gcw4adodLkNDorrXniZMhaY7eJXUn,AyY89zccbsgp9LKFgH4CFZMJmpSgqmPSdTfukhP227rc,0.004278159999999989,0.0435403600000015,1.4284340567612652,333.889816360601,0.0005713736227045061,3366.0966742964856,27.09468427,0.09445253,9364.575502370653
moFiBS1R4Lf3E3zzmBPnw3NF4RhWPkhREFviuzUaCAU,44ALBrpqi9PfZkBRTvbtRNtFJGsatfY4QydjtMbFWq8S,2ho8qEEie1UjVwWNBo9y4oAJZMyMLx8zPj9bxyUz6uWs,333.3986316180017,335.2364076090089,331.56722601332706,0.9945068592639787,0.13262689040533085,0.9956146698270052,47112.392562483,20024.359533992,66790.14366565929
SAMyS8Jr2HJrkFwYVKbpUwsNStnQmvz3f8Tup8bWUWF,6jPzm5TFfquvgm25sTyN3MMGBfufRaFHMxobDWv6hMFW,Cj9ECoDmxsHTDzCY5ZA6RWrPbg9uFzEC1Qc2kso2vJG6,2038.4029914799612,53.42352319999998,2035.0818193540479,0.9983706989541347,0.8140327277416192,0.02542519313230955,531.25675892,106769.11760032,3245.016617281475
parEAJhzYzHW87y9VoZAQ22dzQ2MD2ekEtTReaxbMcz,3oyc6hpjYSJEquK6dSvG72NXyz3pqLZz5D8AC71pwgQb,Di2vordgFJVZ1aj1aBpvzXtLfZgJsuLLXawGtVFwX6Rz,1.6222160460001476,1.8791198119997148,283.18620714217593,174.5675046430592,0.11327448285687038,205.2701468030509,1103.631905983,142.865106305,221984.20921617647
BSC8REUo9LpiiWUuqMuLXs2D2yJsJfGd4HdiF3wCLxk5,AZjEH1zWVx1UJ6udMyRijGTzPteuLnaY18yNNmprJEsh,Caf8ypkSVR8xYnXNhjvfvdGCC7mrM3C11rz8Xi6NA6aK,6027.254481535002,6035.745315792999,6020.563985312787,0.9988899595590809,2.408225594125115,0.9971365150925167,3389.332465532,2946.177904876,6323.311738338165
MiMUFdSLMyCLpqpH6zkqdDrGYs7XBomwENbivdYjv9V,,,0.01403800200000005,0.007682560000000005,0.0,0.0,0.0,0.9971365150925167,3389.332465532,2946.177904876,2937.7415689106265
C98Sspw7XqnMsgxea3SLQVdbMDL8pKUc3RE82UvX9eq2,CSqgQJurPCzGxb4Cgwx5R61hWQUiaoUHcShNc8r1cKEL,6S2CR5EnukPhC914XkAns8m5GixjMAoUuZMsS5ubHuWc,35.21734400000014,35.04754700000001,0.0,0.0,0.0,1.0,811.763927,1289.297193,1289.297193
JSoLLrxK5bYdHwTEWYaGgmeycBCNXKDiBCTw5hXGBg7,xG4wXczA7Dk4hccJ61CHKpDHW4NrNfQwgmWgkb9BuF2,BVR6WgfhsRr9Lob4QDnkEAiNGgAbv7ZieKcY9kSg3QYR,11.053165691000164,9.574328991000012,2269.5506736889993,205.33037657591063,0.9078202694755996,178.97424846923326,18.459471267,162.226025064,32824.57110462571
HDSBGqAuMRr6X2AfmmbXQPpRgU6VEhtfNVVZ3wUTZXg,DCZ1d8kNLgDcdSd99y4udLgwq46mfDXNS9KXj96kQf5L,Fq8GGYQM5Pz3q7LmVMbrXHJgsxA5ev86kTq8yGgGuYsa,1495.1806942790063,1495.3260484109996,1484.8182663833777,0.9930694477695718,0.5939273065533511,0.9968199122209755,17464.10002078,16585.140261578,33875.462223147304
MATgk4zXLXtYkwBH678J1xZbRDZ45LicNzkRBHkxTuY,y8dALFo1bJrSzPYjMX14HJX448pXqYmrfXHD1K8MXih,GN7Yuet3UyiWS5YVkEHv6oQKi4HGBJc3XDPt9zQhAqZz,21715.645168000006,21676.285384000003,21686.82337972835,0.9986727638967813,8.67472935189134,1.0,9076.86895,5649.029514,14713.851315825375
DFWzVTzNBrQZLjoQ4yQwkj9HuoXmfkuZP9V5vbymZe23,DhgiEgiNdqZdRdo195UUHnoEJUtefK8buko8nU97XJUZ,2K2kkXsouBHtWVjtcgkyiXd8eP3oVBvq1bTJzcVdLLr2,3336.127054130002,3961.931301765988,2704.037716869518,0.8105319950335883,1.0816150867478074,0.9964083633524021,61828.861531465,7168.83800723,57257.360633676355
B2izdXFYb2sNwbWWHmh75T4aQFtfXsUxem9u2p61HGzf,4DYwgJtxwuJdAjkj5RJSNH4e7U329V5cNp7d3a1nLrZv,EXNW64GEf1ACC6xY9BtKRiunrs6GoJSXBdxWN2eTPmrF,4652.606387000022,4574.377925999996,4675.6714743831535,1.004957455126137,0.46756714743831534,1.0,8530.770786,31280.192484,39853.25418336295
WiiQFxXqp8P9Fs1rt9SVcDyA3KUdJmUsog6wnVQAwba,3S2jpqSYxho6wiz3cafhjXruVY8cg4HYa2v3BqBHYFSj,Dfe67M6TfrG74gKRtdqys4e6E9QirPD53BkF4FujFjuv,12211.207219170004,12212.99967550199,12217.044975289862,1.0004780654373544,1.2217044975289864,0.9973108072576351,10484.96775747,16280.99661231,26727.194132548328
AURHmCnNwiW4uA2Qj1XvEh4iKgRUZYXtiY7FKAapUV5Y,BKWm4TRnTeKwfWXRyuzjRHU7iZDkPuXBX5b5V5jSVfGJ,A5Ww74HVrkj9nPeC7pHKLfgeDMEhBCpW1efQdz3TGLEg,0.07492509500013966,0.08308809299995801,14.814779406907281,197.72786950593343,0.005925911762762913,179.03131526250914,289.829776923,1809.564711131,381276.1745967701
BSCNHw8CmxbZ8hCWWzMf5FaG2ajPT6JxfznKUNuRVrn4,7n9kgNL633yGzCYksgnzHyjG73ZLBAwvEae5sbAekbzW,SscdxE99omdG9AiMVwmaEMQySQnCgeAh1sPj2Leutm2,964.2576735869989,963.235781976,965.3378528575216,1.0011202184852774,0.3861351411430087,0.9968199122209755,5272.680812094,6414.082402492,11672.272424036855
daob129AwBGn9Y5r91uLoWZeYiGzbPmksauMhFZKTze,6VW5GQNyj4LStgmxEHLr5zUfW92vQnmbw8jTnCH7a38F,4VPCCUifPeBA1c7HWK358CHn2nyjm8pdTRk6Ps3KmnMQ,8.002956454000099,7.1743724810000415,1557.091752758264,194.56456644593968,0.6228367011033057,178.97424846923326,48.503073952,223.484438908,49434.9390528938
SRMuKizofcAMicegrfSv7xs9q76tH1w8aAF7oX9FEWu,72Hj2KWntXPfbie4UgKeTPnm1XVkomDfCnRPKbvfTtPi,6aqJQ5wedqpUt4fFEDUqUmXhrdxCu4bEJsQdVPCADLko,496.93898199999967,500.4121720000003,27.989857415564433,0.05632453566616042,0.011195942966225773,0.05642431763956767,17971.450621,3892.771251,1231.8805730397567
ALLwa5WNZbvQsRKAqe1jdRGemdYQnW8E5k4msbRFcYtu,CGoM82Hbz7QVqTgvQatYtjvDWBvoUJp5qm21P8iMs9yb,3dxNNww8TivyN5FMy5dCNdi3Zcxv6e4kUfSPxfFwpdNq,1.429221906,1.430152853,4806.336741076533,3362.9044733355304,1.9225346964306131,3302.0191847314636,5.495499885,3.13318056,28826.663464829064
ercAoEmXjQzEvAFbdjAo81KtMxRGn9AW1ju882upmPH,CMRhskR2Eg6V42RTSdRTXGdozyPbWB8U9dVpijPWb9T4,7TKLLgrWswt6ZJ1pXhVR3FyufHGjJFqiEXxvWJfDcgRm,11.766784687999916,11.623580192000134,2101.467855454498,178.5932105647885,0.8405871421817993,176.7637040480656,423.721022362,923.07008355,238838.9848316795
Lid8SLUxQ9RmF7XMqUA8c24RitTwzja8VSKngJxRcUa,4PgzyzLtds9bKZ2to9PMnKqJzKEUpjvNUaeN23phegax,AtymwxoVN9peZo7EXTcDz9jKVc4vRmisJKKrNfe3ewBa,62.35683635999396,53.08594158300036,13113.628194636214,210.29976759772686,1.3113628194636215,178.97424846923326,992.118717048,7670.433442101,1581452.3963578497
iLiUBQ7Z7im6Ew3b4ewwPcehzWgEQRJ1iQz7g6D62NW,GpugBvKWM3TVhYcZjemSdtehBWgfvuGr6uAm9iPjXT6v,92fMXJ3xy8tEyMUWLHKRLyhPw2nECBo77GtDiBBbYrjX,0.36339522100001886,0.3553975229999651,0.3554156773583588,0.9780416935046604,0.00014216627094334352,0.9963672092857248,1865.130452056,1098.40848241,2918.593540210583
RoBgmK8CvjdHvPrqdDyVw54VwjZv2TqJ493xnqJAQHx,ExiHJxM7qPAcy27NDHAF6G7vnW7muNHi2sVJpnaNynGQ,6rkPHSqZb7StM4HwS9EuVrmfkV7tRdc7dnsFhyB6cefE,0.2753310000000013,13.787279000000126,0.0,0.0,0.0,0.9564481342088021,6178.491705,20.561245,19.66576441726006
GokA1R67GqSavkd15zR62QD68Tuc5AEfvjssntVDEbM8,3YB7hfpBdbQEuZqLGWVDpRPmeZWCUsrrWyqGXegnQ6Cg,4DPCj6Z1DsG6HUtwSogBGqXEUxdEV5a8YVrrFtcnz7UW,28350.736697999982,28357.220697000022,28346.08793957789,0.9998360268915897,2.834608793957789,1.0,38769.144526,26258.532192,65021.31962086166
KEnkcdADoLR5jS2CLLLesy8TtFsyWL37BhXNfDMzWzP,3qsjFRuw1qeLMPo4DLwaQevenGAGBj9dA3Q6rb8ax2YR,77iEv8zPQAEyCcEbvBRSB6AFcUdfkhiqnAKtPxk76rNN,0.09034999999999993,4.010205999999997,0.002001831093845264,0.02215640391638368,8.007324375381056e-07,0.9996791030079344,100.705925,0.554434,2.7855372348701417
