0,1,2,3,4,5,6,7,8,9,10,11
ionytDfEj1mXodptgrsKEZro7DGsfpzANUfarJdm6Qb,3gkSjY95an9xNFSjCfsay6JZez7uv7yfW3Ad4ubc4fMK,9wXqANaSuEqkKL9yHzCPEDGHwbkStVAqV5rB3QDs3Jr6,0.005037082999999998,0.020545703999999887,3.991849217255407,792.4922454633781,0.001596739686902163,3287.9594923390546,3.176817521,0.077921603,2773.8063248868175
JSoLLrxK5bYdHwTEWYaGgmeycBCNXKDiBCTw5hXGBg7,xG4wXczA7Dk4hccJ61CHKpDHW4NrNfQwgmWgkb9BuF2,BVR6WgfhsRr9Lob4QDnkEAiNGgAbv7ZieKcY9kSg3QYR,8.343167117000206,7.129666631999989,1797.718220693278,215.47191797587405,0.7190872882773112,184.81958466603655,17.243866977,163.607224529,33953.3883766678
vEnkoSUkpnbRrPgBz9DfcVxNz67zjwMYBZraAvDDNSf,DtfyjjsZ5yCjWKLKHvwsfXs5QVsmm1QkK6Sh9JZHoq1g,e5wrKCRv4GhHvEf1VD5Pq2KGaZDXP77nTL612Jyrxwy,4360.2811569999985,4360.575452000001,4352.55537121609,0.9982281450425494,0.435255537121609,1.0000150002250034,875.578047,1085.605123,1959.648057017898
KwnjUuZhTMTSGAaavkLEmSyfobY16JNH4poL9oeeEvE,J63v6qEZmQpDqCD8bd4PXu2Pq5ZbyXrFcSa3Xt1HdAPQ,BnKQtTdLw9qPCDgZkWX3sURkBAoKCUYL1yahh6Mw7mRK,393.7113800000002,15182.545469999895,10.018552489514166,0.025446438681843944,0.0010018552489514166,1.0,274471.711171,644.628681,7628.956249213633
KZMu9QBEdL97EFgamLbN5DE1AoKBG4HdrKKJo4Vuon3,DD4ACBWyVqdaKWh7v5btsgqQCCMwbKnuL2xd9pv7Gyuw,GcYqiJ1MAuYbNTNYXm1F1gQYTfTgkErACAhNU5dpVj9T,80.34401515999934,81.35160181999959,79.23668330320392,0.9862176186416591,0.03169467332128157,0.9983425018612848,1970.80032489,1117.05351464,3058.8400037498627
Lid8SLUxQ9RmF7XMqUA8c24RitTwzja8VSKngJxRcUa,4PgzyzLtds9bKZ2to9PMnKqJzKEUpjvNUaeN23phegax,AtymwxoVN9peZo7EXTcDz9jKVc4vRmisJKKrNfe3ewBa,427.33428678498694,363.9557737580026,92563.13613855044,216.60591953653264,9.256313613855045,184.73859673300876,994.714526556,7667.322767917,1631911.5035450445
BkwbeSfcX1h4thMDd7obGkHrPevf3QwgzJ4pCEqG18Lu,35yX27bmurdebhfAb8EPmjLETDiUaEUCn9zHaDPbakH2,2CxECn1ZJFoESyUnQysQU8rRgT3iJ5GRs2Mdd6gZjx5g,0.18871472000000367,0.13293688999999997,413.5850445988377,2191.588682636043,0.1654340178395351,1510.5740181268882,0.98008006,22.52081396,36167.28880261857
WiiQFxXqp8P9Fs1rt9SVcDyA3KUdJmUsog6wnVQAwba,3S2jpqSYxho6wiz3cafhjXruVY8cg4HYa2v3BqBHYFSj,Dfe67M6TfrG74gKRtdqys4e6E9QirPD53BkF4FujFjuv,26100.76629448501,26123.504829128007,26101.953985595264,1.0000455040705263,2.6101953985595268,1.0,13367.428132101,13390.275091824,26758.311496317478
Cob4usZcpHEY7Qt4ZCwj6WVg9S44zvzYV2v9qYF65dTf,NhFM9UXE48PyNAyeyPYA3iXztqKVJwA4bTdLj4ysM8w,6TuFuynuBoeskxyR2cz4wxyidk8dpDK7kAWw3UkjQGx,53.04684799999998,5441.479621000006,0.4499864122325397,0.008482811499611435,0.00017999456489301588,1.0,71633.466316,181.539973,789.1931648223933
SEQV6QiTpvTzrceiaYg9Avnwf7oc8ZALpnQMz6TyT4A,3dFMPj4r9mMmPHF32mz1gNDX7f8ftidWof7S8YiYTs1j,Fc1ED3YPeQfXQosHbd8DTaBd2AV5gHQtwiSAL5C5pUhi,2222.2932151069995,2227.280413806001,2210.361797065255,0.994631033402507,0.8841447188261019,0.9981374754707716,4703.053387903,914.794645464,5590.893669354739
BUSDgu5JdqP1rndBvXvanbEufS94FNh1w5FJcAj6vawb,Bgzr8cWubt89JQFXndVjtdKmDbGzuPxNhvjH1EhWCwbo,Dxaf8xPBBQsasRKW5Aa4Sw2YrbfGofY9xZueyyF23FBW,1472.6224551099995,1463.6146309799997,1479.6363010862233,1.0047628269906423,0.5918545204344894,0.9983425018612848,4856.43606059,10093.56565512,14956.402014171346
YAkoNb6HKmSxQN9L8hiBE5tPJRsniSSMzND1boHmZxe,CfWX7o2TswwbxusJ4hCaPobu2jLCb1hfXuXJQjVq3jQF,EnTrdMMpdhugeH6Ban6gYZWXughWxKtVGfCwFn78ZmY3,11159717.273594962,11162677.366075981,11159717.273594962,1.0,1115.9717273594963,0.9988852440676207,966526.571907,393178.447813,1359266.7217128167
ALBpShJ9NLpE739pcHDF2LNVk5J4VYPvvKuV6jMPitZi,D6d156U1bPiJpDYRLextvDRccgFk7QzkQbJg42ceKEu5,GNcM8U5g8RwTZffwwm3kSQqUNPSwv5d2fbN9sLxPJqt2,10945.822649000002,10954.830471999994,10921.707518798496,0.997796864523133,4.368683007519397,0.9990778511433946,54579.12985,45709.895178,100126.628483157
FrnkTEL6yZ5Aycq2TrEgu29dCrwKG4LPUZydfiwqspkc,DjvZuMZ46fxKBoBpGMPcRcos4xdTtHFxwMh69DpA2ZFY,9rvDPJLAng4uVVqnnSoEXgNDFhBZQTny9AoQioYDZbQX,995.1137366389962,836.3324364639999,214667.40744825784,215.72147940927692,85.86696297930314,184.56007338108518,179.794247134,1455.736611188,307456.3367654132
parEAJhzYzHW87y9VoZAQ22dzQ2MD2ekEtTReaxbMcz,3oyc6hpjYSJEquK6dSvG72NXyz3pqLZz5D8AC71pwgQb,Di2vordgFJVZ1aj1aBpvzXtLfZgJsuLLXawGtVFwX6Rz,9.097084950000095,10.613218107999273,1642.2939456659958,180.5296921697954,0.6569175782663983,211.63945018610517,1102.393215759,143.914201648,229472.6304017981
AUSejoEUCh2DBs9mof6BNC8Pubs22w4cJa1ccV9h44R,4xkyD7AfGQDwsQMy9MosRRNGoVJ1zosNinesxg1TzHG7,Cbm5gsQe3nSiCsFrvepVzMCD9xLK3ri9g3ypS2hdmVJ7,7897.4788929999995,7903.260487000003,7896.468145077431,0.9998720163819033,0.7896468145077431,1.0,14520.00064,14350.91729,28869.059607783325
SQDY9uoDoCbNq7F3HAHYYQZbrUzpKxDtdWLvYcqBLak,GiehZ4X2uQjhEKuxSm3ACmEFrabxh3RTvjbLfLjw1xGX,rxDQYV77NKRKYxCjq4cECX3QQsiSyLv1T1FT2X3zNA2,0.0014361579999899732,0.0014361579999899732,0.001439351744470689,1.0022238113638877,5.757406977882756e-07,1.0,168.73007208,237.824148197,406.9294441287211
BSC8REUo9LpiiWUuqMuLXs2D2yJsJfGd4HdiF3wCLxk5,AZjEH1zWVx1UJ6udMyRijGTzPteuLnaY18yNNmprJEsh,Caf8ypkSVR8xYnXNhjvfvdGCC7mrM3C11rz8Xi6NA6aK,72.94063743399965,73.03759205899996,72.87833804262895,0.999145889128991,0.029151335217051582,1.0,3424.646253777,2907.779527782,6329.500753964288
BkMBnJpvHKtWhUvrgRrLesXfi9RUV3ELgdBaJcdH7hcY,5uerVwBnZQsuVhZ15igs7ZgmcqhHnYWbwoRtLyRqLvR,9YWiQh5d4jCtgMdzcGLv9bWgnLaFtzvDDh2nnhJdzhBX,4.432214359999989,4.361604354000065,4.432614744792041,1.000090335159704,0.0017730458979168166,1.0,1470.388457696,1402.280459776,2872.8017452481527
ercAoEmXjQzEvAFbdjAo81KtMxRGn9AW1ju882upmPH,CMRhskR2Eg6V42RTSdRTXGdozyPbWB8U9dVpijPWb9T4,7TKLLgrWswt6ZJ1pXhVR3FyufHGjJFqiEXxvWJfDcgRm,0.0,0.00024369200002638536,0.0,184.4731529763913,0.0,178.90732707801754,347.699082602,919.794676705,228699.1531244705
C98Sspw7XqnMsgxea3SLQVdbMDL8pKUc3RE82UvX9eq2,CSqgQJurPCzGxb4Cgwx5R61hWQUiaoUHcShNc8r1cKEL,6S2CR5EnukPhC914XkAns8m5GixjMAoUuZMsS5ubHuWc,78.63371500000062,78.40012699999966,0.0,0.0,0.0,1.0,892.468939,1208.000227,1208.000227
moFiBS1R4Lf3E3zzmBPnw3NF4RhWPkhREFviuzUaCAU,44ALBrpqi9PfZkBRTvbtRNtFJGsatfY4QydjtMbFWq8S,2ho8qEEie1UjVwWNBo9y4oAJZMyMLx8zPj9bxyUz6uWs,312.7478115470003,311.08000000000175,311.1162439182271,0.9947831205574142,0.12444649756729084,1.0,47006.336647497,20126.414132204,66887.52438837342
heyk4SZTeCUV6a65WiVA5bzic3KcxgVf1qxobfeV4tQ,9ZDpBKPqMABtGfq66FbVribaArMvtk63xxy91onZAtDt,DaTP4s6N7xxSPinbNZ3FB52EpRDRt87QShTuN3VPCW52,96.79632562199731,84.11236200400049,20415.002479630584,210.90679164159513,8.166000991852234,185.00709872237798,638.277086179,4457.894907162,959359.175607665
daob129AwBGn9Y5r91uLoWZeYiGzbPmksauMhFZKTze,6VW5GQNyj4LStgmxEHLr5zUfW92vQnmbw8jTnCH7a38F,4VPCCUifPeBA1c7HWK358CHn2nyjm8pdTRk6Ps3KmnMQ,25.72586174300008,23.075514492999943,5266.0061251476545,204.6969768303492,2.106402450059062,184.51709661610406,49.104523725,222.790648526,51160.231174438086
SoNcU2iwHMw6dGzsYNQkYFkUjwN1UdAjrWVRnStrZu2,8ivTTid27jZnYNc4w3CTA1Z6QS2twsFb8WMwUabeDJgc,CyXm53PMvHCbeXJBykU46Rcbo28xk5srhMZFg7gv6EYB,34.045409561,33.780101761,7416.66392056978,217.8462240931824,2.966665568227912,215.521839797875,15.748478389,19.763319022,7690.173428390514
GokA1R67GqSavkd15zR62QD68Tuc5AEfvjssntVDEbM8,3YB7hfpBdbQEuZqLGWVDpRPmeZWCUsrrWyqGXegnQ6Cg,4DPCj6Z1DsG6HUtwSogBGqXEUxdEV5a8YVrrFtcnz7UW,59273.66671800005,59239.31805100001,59296.851787048785,1.0003911529407998,5.9296851787048785,1.0,11854.967382,20748.030921,32607.63540835456
KEVpg4SYCVrqFxKijQH6hm4QxsRdoE51ud64bEEFUC9,2bPenuBYfqzD8p5dFjCcggwkHDsc2RQDnx9AoyYGUBjA,AE6n6iLuX8oYu61vt5hoDYkjswpnxFxrhSehxrnQTnbx,2303.34710532,2307.4211667570007,2300.016851120824,0.9985541674585284,0.9200067404483298,1.0,5423.414254256,2201.523191587,7617.096097028316
BUSDTd9WiT6uBHJRgNvFXBsA7JrifsAtWzKfioN7ERcy,DyBxrn7gSc1EwnpWhDyhzvMHPtxpmBqRqotapLcKcfTM,Cds99GeBgoCpqBsoRWu1C6fF9LiUMd4pXQQD24s9LPff,20818.667680480004,20830.233379979993,20777.27125300822,0.9980115717246115,2.077727125300822,0.998402555910543,3235.74905822,2305.09641447,5530.72915512765
RajgMbScQbqqrdJfR2rxfHJiTiY5b6bJ2tTXiF4aPxy,725ZA3fhyBAKb5iopNRrcbSuQa3LXA1656Q3mBvYPxeg,GLA6i1dSZpUfk2f9Nj8uiG7xyDdAR2reff8oEiZH3617,10857.258744289997,10844.189055080002,10856.280050643432,0.99990985812629,4.342512020257373,0.9983425018612848,59795.82563331,122024.07021466,181612.2510709481
STK75uPSyBnEhGTTzb1nwmP3n427XoXmfRhXxxhyady,6TYyD5fUmDe6N65avW1Ny2RxzRNobw2RRgKwH9CTzSAU,54zDfk4cx2vGrEajPtodWpArNe5eUurytyxd4X3aZAxK,1061.9719961280027,1190.8916833220005,196517.6589518195,185.04975617844127,19.65176589518195,206.82869764726152,669.349286368,121.59959069,149013.2072174648
DFWzVTzNBrQZLjoQ4yQwkj9HuoXmfkuZP9V5vbymZe23,DhgiEgiNdqZdRdo195UUHnoEJUtefK8buko8nU97XJUZ,2K2kkXsouBHtWVjtcgkyiXd8eP3oVBvq1bTJzcVdLLr2,328.2064668240009,386.1753193469922,278.463129167758,0.8484388862364568,0.1113852516671032,1.0,61075.567861543,7796.534556265,59615.421328971686
MARpDPs5A7XiyCWPNH8GsMWPLxmwNn9SBmKvPa9LzgA,6YjT74rmcfCpw8LSjPNx5JTmZoYLGrTKnf9arfSgZ4SR,F8GSmi3vA8M8TsybLya1LQ4n1aFHCRbZ6k437PeTdXtg,77090.81334099999,80296.09822299909,74403.07660183529,0.9651354471086472,29.761230640734112,1.0,316558.797904,20521.393547,326043.51049825293
BSCuChvaSj9b5HUSqgDVRzcnr2sSn7cXaamt1jbKH6hn,GnKpRj5kBVPMJfiwZtEuD9GYApLzPdW5JFuZTcyX4BTc,3dmwD9okkomV9nDwyuh4UMhKdUR13QpuKxRo89ycZB5t,89.87870193300023,89.99346730799994,89.84457105858992,0.9996202562600898,0.03593782842343597,0.9988293719760442,1698.023050862,1445.579730716,3141.265731810573
ALLwa5WNZbvQsRKAqe1jdRGemdYQnW8E5k4msbRFcYtu,CGoM82Hbz7QVqTgvQatYtjvDWBvoUJp5qm21P8iMs9yb,3dxNNww8TivyN5FMy5dCNdi3Zcxv6e4kUfSPxfFwpdNq,7.302100210000002,7.248502960000001,24131.994480980873,3304.8018771274665,9.652797792392349,3275.52039830328,1.041487115,7.587867709,28296.124033112348
HEDSDjj84KS7LKhZY7ejkCACTdPen62rKhCby1wXtgxc,EnnjMSFttpCTywBrYNt1J5QQeoSVkvzPipJDa8Y7kJow,6bjVT6JN2rSvpyn9PdfLYC8wJn4LWh49jpY47fnLDXZk,9.05135236499882,9.345080210994638,8.743328394257171,0.9659692874257371,0.003497331357702868,1.0,39093.589576508,9127.544347281,46890.75121341465
Sid7E679i9ABqptiAVhkmQ27YHN8vaYT4fppPwmxFsJ,GP7KB8o1bv527HG8kTzzzf4wJ5aEGHvcMQvVhLziUfmT,9gYxhAZ1M9wu5pxr8SBoa5NDm21gi3s9vMHaYTME77sa,4890.551138000001,13226.878617000171,41.748594140076484,0.008536582679953254,0.016699437656030595,0.025399652095885312,135367.034132,8854.209065,1380.465708843106
BUSD5rCfUDpCxKGMvYU2yThChxgHoioK74PTPociGnv2,CcFHbafgYDZ8yA8Me1PdtDiVb2eeaS61LbqyKKK5CsNZ,26R9s4nmF3CFDTkiePDwRmtscn8i7r2eygbSijditJ58,176.07416146000003,176.34119318999996,175.9034120179542,0.9990302413447266,0.01759034120179542,0.9983425018612848,68.29636427,77.94435378,146.04529443831177
DA1mL7dfBow33EH5yjUuZE6SH2KeUK5zEXzsyhE5r5j5,B4UtLRZND3D83CitRCBUyeiNr7H8m7YFRqBmiPmXjhW4,AAmpYbuixWiSqDaJBCqYEs1pb5SrbdPr9mgXrB58Q2e,304.5514273719998,304.174598565,304.99873088574856,1.001468729001235,0.12199949235429944,1.0,1391.260724007,1716.447428761,3109.7515377416285
ACUSESXyNnwRLAg1dpSGMLSzUDdLjUMybY8rkXiAKhCP,AhFPQdu8GKBsxuhiH46UmCu1YpaLgNpoP325HnYtsgas,A8wxWpT3aFEr2XqZp1kDmbxbFfcBE95UUmdsNTDBJYbT,0.0,0.002932945999873482,0.0,1.0,0.0,0.9876960080999607,1040.128968717,1845.791608762,2863.2099724756317
BSCNHw8CmxbZ8hCWWzMf5FaG2ajPT6JxfznKUNuRVrn4,7n9kgNL633yGzCYksgnzHyjG73ZLBAwvEae5sbAekbzW,SscdxE99omdG9AiMVwmaEMQySQnCgeAh1sPj2Leutm2,234.3114475680004,234.03103817100055,234.75971537551712,1.001913128070222,0.09390388615020684,1.0,5086.610106113,6599.81668094,11696.15812362928
ZUCKWFa4LTL833dPhhpeeRWZcaAEoMeYJPi2iKn4F8N,7eEYpq6ShaJ9opZWMxitRFrdCHh6vfyHhGfoSvFht3N2,H8VggnHmuwd1wvwpT8eg9cUJFEfZ7HAaeYjgXrSm7A2u,1.0180534490000355,1.0150586980000753,1.021122963007048,1.0030150813889265,0.0004084491852028192,1.0,1678.58032854,2168.645706853,3852.287091701399
Lee1XZJfJ9Hm2K1qTyeCz1LXNc1YBZaKZszvNY4KCDw,9DgFSWkPDGijNKcLGbr3p5xoJbHsPgXUTr6QvGBJ5vGN,2hNHZg7XBhuhHVZ3JDEi4buq2fPQwuWBdQ9xkH7t1GQX,2680.6607675549985,2273.8759931820177,587255.6983290337,219.07124744645074,58.72556983290337,185.88946529081198,7202.625147791,56430.366072189,12067698.651339743
AyiATPCAx5HZstcZ1jdH9rENwFb3yd9zEhkgspvDrCs4,DvHVapj4g2Y1tJVSw2ubSPkPBsJPb8fW387ZWXwaKmZq,DKjqWWgrtDRPKrnMWtZ4UiJk4sGQVCQgFjSo7BvfngvK,8.313999999998156e-05,8.246000000000642e-05,0.1822086830743202,2191.588682636043,7.288347322972808e-05,2308.7756562694804,0.80209269,0.31867204,2493.599510114834
SoN9GaFpSXfpyR5dth3x7PHPVhvJMpQqqDJfCSmPv1t,9kZ9iS68ViMPtoeqtnhAKuF2iqVyfHPdZHoUNdwCELr,BBhm5fJLjw3HRzjtKB8uMEYjGhY6EDm9co3cqpjrSzB9,6.247486131999998,6.142848263999999,1374.4084106281655,219.9938313729683,0.5497633642512663,216.32136009026658,3.848175125,5.762374751,2093.0995330290325
AURHmCnNwiW4uA2Qj1XvEh4iKgRUZYXtiY7FKAapUV5Y,BKWm4TRnTeKwfWXRyuzjRHU7iZDkPuXBX5b5V5jSVfGJ,A5Ww74HVrkj9nPeC7pHKLfgeDMEhBCpW1efQdz3TGLEg,0.015262952999762547,0.016418648000126268,3.168957903112711,207.62416703779485,0.0012675831612450844,185.39086605157686,289.890431906,1809.49629552,395652.34480028274
SAMyS8Jr2HJrkFwYVKbpUwsNStnQmvz3f8Tup8bWUWF,6jPzm5TFfquvgm25sTyN3MMGBfufRaFHMxobDWv6hMFW,Cj9ECoDmxsHTDzCY5ZA6RWrPbg9uFzEC1Qc2kso2vJG6,3064.5632870400236,108.95272930000272,3022.3263071212673,0.9862176186416591,1.208930522848507,0.02554550379066014,534.55242462,106637.3874023,3251.29080335941
oKQqupM9E7SSLAFDLxr7mdsXP7znck9qRbVWc6Yyj7Q,CMR2J7CwfW98RpvnJmFBgRFTLAd3x8CJ1SWs8Bt3uunG,FmRb5jHfSNj1YWP3b45d9vvYuhwjp4om8bALmtqZpr1v,0.0014498699999876408,0.0014498699999876408,0.0014182522640516192,0.9781927097351548,5.673009056206477e-07,0.9987030343045004,4105.51129071,1794.16335105,5807.817597039453
KEN5P7p3asnb23Sw6yAmJRGvijfAzso3RqfyLAQhznt,9zj4aX38Uxf3h6AUjS4EipWS8mwbEofasHAf3a1uKGds,CwQDG1MWunn9cLNwcZLd8YBacweSR7ARo32w4mLua1Yr,178454.01849699812,178500.9863909972,177670.4916289146,0.9956093627104469,17.76704916289146,1.0,1988858.93112,1820047.539489,3800174.112422364
BerKDkt6v49dT1bHRedgnpsJS263C1DSJtEGvY9Mg35V,78XKqNb8wbfsMMrvo8WPUpdx7GEkfQutpNVH943aCGFa,DKYQwn4nDvFHCszi5tXbqfVMAP7DaXXp1KGTXEnYnKVH,0.001478044000123191,0.001478044000123191,0.0014871490358910058,1.0061601926377401,5.948596143564024e-07,1.0,1339.340750272,2718.161156349,4065.752503650251
wrmcMSHFi3sWpAEy4rGDvQb3ezh3PhXoV2xNjgLBkKU,8p4mGnARWPBu6P2Gcw4adodLkNDorrXniZMhaY7eJXUn,AyY89zccbsgp9LKFgH4CFZMJmpSgqmPSdTfukhP227rc,0.013641490000000006,0.12810656999999992,4.870221349518031,357.0153516601214,0.0019480885398072128,3302.9462280354073,27.04552967,0.09954094,9984.447658277397
MATSnbbiTCv7Dc3trJrkrqjx7ckKdr6fwPoVwv9q3sD,631WX9JizSHJm4w6VanZeJAst9T8DeUUnPLesdGkCVtK,211maUSfpnXbPuW1iBu8b4dtJv5EbN1j7JJiEX5TZKEP,120778.307738,120905.43621699995,120917.36270511088,1.001151324022626,48.36694508204435,0.9987415856021412,21739.424384,30316.498477,52042.80126435524
SERgf3DMJpQxUifu7VoFKmfne73d2fDJxSrxUMrcNJB,AJfM2GZ2tTB8UtN2krcyR9xufRJEx2mhSCbJyMgPo3GU,F4yRYkufQvERZcEKnKjJwRLU1btiMBUuEwq46hfm11QD,0.00018787700000189034,6.278699999739956e-05,0.03473999138362903,184.90816535967411,1.3895996553451614e-05,185.96997849443167,29.276090844,27.966991562,10614.409066206284
NorjjEePhxfwLF4vZjUHCrVVKLzQjEEGQFd3wgjEJmh,34M8pFVqgbV7aqHxvRT5tCv3vu2P1JJYT8J3VaxBK2oG,3AZWBSze3ucsY3xSeuLne3b2pauVqiaJ1SZSV5T9WGWw,0.01614499999959662,0.0014750000000276486,0.009604670683592356,0.5949006307731388,3.841868273436943e-06,1.0,38104.416915,2270.025884,24938.36754197616
B2izdXFYb2sNwbWWHmh75T4aQFtfXsUxem9u2p61HGzf,4DYwgJtxwuJdAjkj5RJSNH4e7U329V5cNp7d3a1nLrZv,EXNW64GEf1ACC6xY9BtKRiunrs6GoJSXBdxWN2eTPmrF,8928.251741000007,8779.351047999997,8988.112570721009,1.006704652988906,0.8988112570721009,1.0,8173.070493,31641.399452,39869.267546509436
MATgk4zXLXtYkwBH678J1xZbRDZ45LicNzkRBHkxTuY,y8dALFo1bJrSzPYjMX14HJX448pXqYmrfXHD1K8MXih,GN7Yuet3UyiWS5YVkEHv6oQKi4HGBJc3XDPt9zQhAqZz,14450.643518000004,14457.121734,14474.497489863299,1.001650720387198,5.78979899594532,1.0,5422.067475,7745.566556,13176.584348321747
