0,1,2,3,4,5,6,7,8,9,10,11
moFiBS1R4Lf3E3zzmBPnw3NF4RhWPkhREFviuzUaCAU,44ALBrpqi9PfZkBRTvbtRNtFJGsatfY4QydjtMbFWq8S,2ho8qEEie1UjVwWNBo9y4oAJZMyMLx8zPj9bxyUz6uWs,312.7478115470003,311.08000000000175,311.1162439182271,0.9947831205574142,0.12444649756729084,1.0,47006.336647497,20126.414132204,66887.52438837342
ercAoEmXjQzEvAFbdjAo81KtMxRGn9AW1ju882upmPH,CMRhskR2Eg6V42RTSdRTXGdozyPbWB8U9dVpijPWb9T4,7TKLLgrWswt6ZJ1pXhVR3FyufHGjJFqiEXxvWJfDcgRm,0.0,0.0003629160000855336,0.0,186.3612627988256,0.0,184.91008007715928,344.692176761,919.794676705,234316.57666212233
BUSDTd9WiT6uBHJRgNvFXBsA7JrifsAtWzKfioN7ERcy,DyBxrn7gSc1EwnpWhDyhzvMHPtxpmBqRqotapLcKcfTM,Cds99GeBgoCpqBsoRWu1C6fF9LiUMd4pXQQD24s9LPff,17259.716953479998,17264.032377430005,17257.93093020803,0.9998965207090718,1.725793093020803,0.9995412105843418,2917.25694239,2623.13974147,5538.891339430967
Sid7E679i9ABqptiAVhkmQ27YHN8vaYT4fppPwmxFsJ,GP7KB8o1bv527HG8kTzzzf4wJ5aEGHvcMQvVhLziUfmT,9gYxhAZ1M9wu5pxr8SBoa5NDm21gi3s9vMHaYTME77sa,4819.487976000011,13058.62936700016,41.364678307952495,0.008582795208524117,0.016545871323180996,0.02589592856183413,135367.034132,8854.209065,1391.1154973590344
DA1mL7dfBow33EH5yjUuZE6SH2KeUK5zEXzsyhE5r5j5,B4UtLRZND3D83CitRCBUyeiNr7H8m7YFRqBmiPmXjhW4,AAmpYbuixWiSqDaJBCqYEs1pb5SrbdPr9mgXrB58Q2e,304.5514273719998,304.174598565,304.99873088574856,1.001468729001235,0.12199949235429944,1.0,1391.260724007,1716.447428761,3109.7515377416285
ionytDfEj1mXodptgrsKEZro7DGsfpzANUfarJdm6Qb,3gkSjY95an9xNFSjCfsay6JZez7uv7yfW3Ad4ubc4fMK,9wXqANaSuEqkKL9yHzCPEDGHwbkStVAqV5rB3QDs3Jr6,0.005037082999999998,0.020545703999999887,4.002239850750773,794.5550729957746,0.0016008959403003094,3304.037533866385,3.176817521,0.077921603,2781.6123783034463
RajgMbScQbqqrdJfR2rxfHJiTiY5b6bJ2tTXiF4aPxy,725ZA3fhyBAKb5iopNRrcbSuQa3LXA1656Q3mBvYPxeg,GLA6i1dSZpUfk2f9Nj8uiG7xyDdAR2reff8oEiZH3617,18242.488411979997,18224.821525819993,18258.9183344649,1.000900640423272,7.30356733378596,0.9997099741394025,67409.84042728,114406.1159704,181843.4876926532
ZUCKWFa4LTL833dPhhpeeRWZcaAEoMeYJPi2iKn4F8N,7eEYpq6ShaJ9opZWMxitRFrdCHh6vfyHhGfoSvFht3N2,H8VggnHmuwd1wvwpT8eg9cUJFEfZ7HAaeYjgXrSm7A2u,0.9970052490000398,1.0,1.000011300970962,1.0030150813889265,0.0004000045203883848,1.0,1678.58032854,2168.645706853,3852.287091701399
AURHmCnNwiW4uA2Qj1XvEh4iKgRUZYXtiY7FKAapUV5Y,BKWm4TRnTeKwfWXRyuzjRHU7iZDkPuXBX5b5V5jSVfGJ,A5Ww74HVrkj9nPeC7pHKLfgeDMEhBCpW1efQdz3TGLEg,0.015262952999762547,0.016418648000126268,3.2170737922156705,210.7766296774759,0.0012868295168862681,189.20967497183617,289.890431906,1809.49629552,403476.3341509753
BkwbeSfcX1h4thMDd7obGkHrPevf3QwgzJ4pCEqG18Lu,35yX27bmurdebhfAb8EPmjLETDiUaEUCn9zHaDPbakH2,2CxECn1ZJFoESyUnQysQU8rRgT3iJ5GRs2Mdd6gZjx5g,0.07111868000000143,0.04956004000000014,159.3196084141702,2240.1935527229552,0.06372784336566809,1547.9876160990711,0.97922289,22.52205396,37057.50942405179
SAMyS8Jr2HJrkFwYVKbpUwsNStnQmvz3f8Tup8bWUWF,6jPzm5TFfquvgm25sTyN3MMGBfufRaFHMxobDWv6hMFW,Cj9ECoDmxsHTDzCY5ZA6RWrPbg9uFzEC1Qc2kso2vJG6,2840.4266087300202,74.58827917000019,2805.4880979882705,0.9876995551885176,1.1221952391953083,0.025820912009965308,537.99406398,106504.79445908,3281.427424054454
NorjjEePhxfwLF4vZjUHCrVVKLzQjEEGQFd3wgjEJmh,34M8pFVqgbV7aqHxvRT5tCv3vu2P1JJYT8J3VaxBK2oG,3AZWBSze3ucsY3xSeuLne3b2pauVqiaJ1SZSV5T9WGWw,0.019123000000035972,0.0014750000000276486,0.011376284762296133,0.5949006307731388,4.550513904918453e-06,1.0,38104.416915,2270.025884,24938.36754197616
KEVpg4SYCVrqFxKijQH6hm4QxsRdoE51ud64bEEFUC9,2bPenuBYfqzD8p5dFjCcggwkHDsc2RQDnx9AoyYGUBjA,AE6n6iLuX8oYu61vt5hoDYkjswpnxFxrhSehxrnQTnbx,2050.053265525,2052.6156231940013,2047.0892318019537,0.9985541674585284,0.8188356927207816,1.0,5423.414254256,2201.523191587,7617.096097028316
BSCuChvaSj9b5HUSqgDVRzcnr2sSn7cXaamt1jbKH6hn,GnKpRj5kBVPMJfiwZtEuD9GYApLzPdW5JFuZTcyX4BTc,3dmwD9okkomV9nDwyuh4UMhKdUR13QpuKxRo89ycZB5t,89.87870193300023,89.99346730799994,89.82765664848847,0.9994320647337586,0.03593106265939539,0.9990319380520276,1698.023050862,1445.579730716,3141.239003674458
B2izdXFYb2sNwbWWHmh75T4aQFtfXsUxem9u2p61HGzf,4DYwgJtxwuJdAjkj5RJSNH4e7U329V5cNp7d3a1nLrZv,EXNW64GEf1ACC6xY9BtKRiunrs6GoJSXBdxWN2eTPmrF,9161.488210000003,9007.807099999996,9321.614910940134,1.0174782412278114,0.9321614910940134,1.0,7772.238296,32050.034995,39958.11834681752
BUSDgu5JdqP1rndBvXvanbEufS94FNh1w5FJcAj6vawb,Bgzr8cWubt89JQFXndVjtdKmDbGzuPxNhvjH1EhWCwbo,Dxaf8xPBBQsasRKW5Aa4Sw2YrbfGofY9xZueyyF23FBW,1479.8257119099999,1470.7264355800016,1488.9431660507216,1.0061611675397597,0.5955772664202886,0.9997099741394025,4763.00181026,10187.61655212,14977.009342267225
MATgk4zXLXtYkwBH678J1xZbRDZ45LicNzkRBHkxTuY,y8dALFo1bJrSzPYjMX14HJX448pXqYmrfXHD1K8MXih,GN7Yuet3UyiWS5YVkEHv6oQKi4HGBJc3XDPt9zQhAqZz,8213.791188000003,8208.270881,8237.184792811588,1.0028480885715432,3.2948739171246353,1.0,4586.930857,8583.015638,13183.01048035228
ALLwa5WNZbvQsRKAqe1jdRGemdYQnW8E5k4msbRFcYtu,CGoM82Hbz7QVqTgvQatYtjvDWBvoUJp5qm21P8iMs9yb,3dxNNww8TivyN5FMy5dCNdi3Zcxv6e4kUfSPxfFwpdNq,9.342161134000001,9.274194680000003,30907.69911334613,3308.409978164494,12.363079645338452,3292.321975919957,1.449948302,7.176563794,28424.582120737166
C98Sspw7XqnMsgxea3SLQVdbMDL8pKUc3RE82UvX9eq2,CSqgQJurPCzGxb4Cgwx5R61hWQUiaoUHcShNc8r1cKEL,6S2CR5EnukPhC914XkAns8m5GixjMAoUuZMsS5ubHuWc,101.0743460000009,100.77809799999966,0.0,0.0,0.0,1.0,907.864383,1192.565526,1192.565526
GokA1R67GqSavkd15zR62QD68Tuc5AEfvjssntVDEbM8,3YB7hfpBdbQEuZqLGWVDpRPmeZWCUsrrWyqGXegnQ6Cg,4DPCj6Z1DsG6HUtwSogBGqXEUxdEV5a8YVrrFtcnz7UW,53457.81880000005,53424.249007000035,53478.193991910965,1.0003811452163274,5.347819399191097,1.0,11949.526576,20653.526186,32607.60726689182
ACUSESXyNnwRLAg1dpSGMLSzUDdLjUMybY8rkXiAKhCP,AhFPQdu8GKBsxuhiH46UmCu1YpaLgNpoP325HnYtsgas,A8wxWpT3aFEr2XqZp1kDmbxbFfcBE95UUmdsNTDBJYbT,0.0,0.002932945999873482,0.0,1.0,0.0,0.9876960080999607,1040.128968717,1845.791608762,2863.2099724756317
YAkoNb6HKmSxQN9L8hiBE5tPJRsniSSMzND1boHmZxe,CfWX7o2TswwbxusJ4hCaPobu2jLCb1hfXuXJQjVq3jQF,EnTrdMMpdhugeH6Ban6gYZWXughWxKtVGfCwFn78ZmY3,10601911.118032057,10603881.906555993,10601911.118032057,1.0,1060.1911118032058,0.9994083502566481,1045580.035499,314246.482499,1359640.5941472803
BSCNHw8CmxbZ8hCWWzMf5FaG2ajPT6JxfznKUNuRVrn4,7n9kgNL633yGzCYksgnzHyjG73ZLBAwvEae5sbAekbzW,SscdxE99omdG9AiMVwmaEMQySQnCgeAh1sPj2Leutm2,234.3114475680004,234.03103817100055,234.6770528260145,1.0015603388643997,0.0938708211304058,1.0,5086.610106113,6599.81668094,11694.363622489616
vEnkoSUkpnbRrPgBz9DfcVxNz67zjwMYBZraAvDDNSf,DtfyjjsZ5yCjWKLKHvwsfXs5QVsmm1QkK6Sh9JZHoq1g,e5wrKCRv4GhHvEf1VD5Pq2KGaZDXP77nTL612Jyrxwy,4647.876504000001,4647.914219999997,4647.119023599154,0.99983702656467,0.46471190235991544,0.999397363389876,908.008401,1053.298753,1960.5244163616248
KZMu9QBEdL97EFgamLbN5DE1AoKBG4HdrKKJo4Vuon3,DD4ACBWyVqdaKWh7v5btsgqQCCMwbKnuL2xd9pv7Gyuw,GcYqiJ1MAuYbNTNYXm1F1gQYTfTgkErACAhNU5dpVj9T,73.68735405999973,74.56618050999941,72.78633565030144,0.9877724146674524,0.029114534260120575,0.9997099741394025,1965.43620018,1122.35293664,3063.431086590278
WiiQFxXqp8P9Fs1rt9SVcDyA3KUdJmUsog6wnVQAwba,3S2jpqSYxho6wiz3cafhjXruVY8cg4HYa2v3BqBHYFSj,Dfe67M6TfrG74gKRtdqys4e6E9QirPD53BkF4FujFjuv,15378.129801017,15380.635759593004,15378.829583899555,1.0000455050706172,1.5378829583899556,1.0,13367.428132101,13390.275091824,26758.311509686122
MATSnbbiTCv7Dc3trJrkrqjx7ckKdr6fwPoVwv9q3sD,631WX9JizSHJm4w6VanZeJAst9T8DeUUnPLesdGkCVtK,211maUSfpnXbPuW1iBu8b4dtJv5EbN1j7JJiEX5TZKEP,123170.782217,123293.72189299995,123164.99346230728,0.9999530022088963,49.26599738492292,0.9995761796998073,19915.736168,32143.81573,52044.992700759874
KwnjUuZhTMTSGAaavkLEmSyfobY16JNH4poL9oeeEvE,J63v6qEZmQpDqCD8bd4PXu2Pq5ZbyXrFcSa3Xt1HdAPQ,BnKQtTdLw9qPCDgZkWX3sURkBAoKCUYL1yahh6Mw7mRK,373.3904340000465,14416.133190000028,9.669292004537446,0.02589592856183413,0.0009669292004537448,1.0,274219.79619,651.12826,7752.304512376955
FrnkTEL6yZ5Aycq2TrEgu29dCrwKG4LPUZydfiwqspkc,DjvZuMZ46fxKBoBpGMPcRcos4xdTtHFxwMh69DpA2ZFY,9rvDPJLAng4uVVqnnSoEXgNDFhBZQTny9AoQioYDZbQX,858.8025783529963,721.8219676469997,192964.88677682116,224.69062348052967,77.18595471072847,189.13134055726792,178.980891928,1456.713043314,315725.41888763796
oKQqupM9E7SSLAFDLxr7mdsXP7znck9qRbVWc6Yyj7Q,CMR2J7CwfW98RpvnJmFBgRFTLAd3x8CJ1SWs8Bt3uunG,FmRb5jHfSNj1YWP3b45d9vvYuhwjp4om8bALmtqZpr1v,0.0014498699999876408,0.0014498699999876408,0.0014200940501819855,0.9794630209564243,5.680376200727942e-07,1.0,4105.51129071,1794.16335105,5815.359842419526
Cob4usZcpHEY7Qt4ZCwj6WVg9S44zvzYV2v9qYF65dTf,NhFM9UXE48PyNAyeyPYA3iXztqKVJwA4bTdLj4ysM8w,6TuFuynuBoeskxyR2cz4wxyidk8dpDK7kAWw3UkjQGx,51.20837399999999,5271.692955000006,0.43951098700351093,0.008582795208524117,0.00017580439480140438,1.0,71633.466316,181.539973,796.3553444669386
SoN9GaFpSXfpyR5dth3x7PHPVhvJMpQqqDJfCSmPv1t,9kZ9iS68ViMPtoeqtnhAKuF2iqVyfHPdZHoUNdwCELr,BBhm5fJLjw3HRzjtKB8uMEYjGhY6EDm9co3cqpjrSzB9,5.923219829999998,5.824555855999997,1330.8919566149366,224.69062348052967,0.5323567826459746,220.3634807469529,3.676245731,5.937674281,2134.464517468846
KEN5P7p3asnb23Sw6yAmJRGvijfAzso3RqfyLAQhznt,9zj4aX38Uxf3h6AUjS4EipWS8mwbEofasHAf3a1uKGds,CwQDG1MWunn9cLNwcZLd8YBacweSR7ARo32w4mLua1Yr,179251.2619159983,179299.33134699706,179209.68526901587,0.9997680538115157,17.92096852690159,1.0,2004444.112856,1798417.169567,3802396.359250993
SQDY9uoDoCbNq7F3HAHYYQZbrUzpKxDtdWLvYcqBLak,GiehZ4X2uQjhEKuxSm3ACmEFrabxh3RTvjbLfLjw1xGX,rxDQYV77NKRKYxCjq4cECX3QQsiSyLv1T1FT2X3zNA2,0.0014361579999899732,0.0014361579999899732,0.001439351744470689,1.0022238113638877,5.757406977882756e-07,1.0,168.73007208,237.824148197,406.9294441287211
SEQV6QiTpvTzrceiaYg9Avnwf7oc8ZALpnQMz6TyT4A,3dFMPj4r9mMmPHF32mz1gNDX7f8ftidWof7S8YiYTs1j,Fc1ED3YPeQfXQosHbd8DTaBd2AV5gHQtwiSAL5C5pUhi,1805.3626929149998,1809.8588689840008,1790.9955860183209,0.9920419830579963,0.7163982344073283,0.9989481076426523,4703.053387903,914.794645464,5579.4587893308135
wrmcMSHFi3sWpAEy4rGDvQb3ezh3PhXoV2xNjgLBkKU,8p4mGnARWPBu6P2Gcw4adodLkNDorrXniZMhaY7eJXUn,AyY89zccbsgp9LKFgH4CFZMJmpSgqmPSdTfukhP227rc,0.01817025999999869,0.13477683000000057,6.717286506469017,369.68576709796673,0.0026869146025876064,3306.003702724147,27.03004728,0.10124766,10327.348902253267
Lee1XZJfJ9Hm2K1qTyeCz1LXNc1YBZaKZszvNY4KCDw,9DgFSWkPDGijNKcLGbr3p5xoJbHsPgXUTr6QvGBJ5vGN,2hNHZg7XBhuhHVZ3JDEi4buq2fPQwuWBdQ9xkH7t1GQX,2202.6711912550672,1868.13243223701,493018.41501808015,223.82751314650898,49.30184150180801,189.7555891085605,7200.2215692,56433.220887806,12320126.76279704
parEAJhzYzHW87y9VoZAQ22dzQ2MD2ekEtTReaxbMcz,3oyc6hpjYSJEquK6dSvG72NXyz3pqLZz5D8AC71pwgQb,Di2vordgFJVZ1aj1aBpvzXtLfZgJsuLLXawGtVFwX6Rz,9.610050606999863,11.255085975999265,1775.7097502211982,184.77631625870828,0.7102839000884793,216.83916583707617,1102.730767809,143.626860927,234902.45781609244
HEDSDjj84KS7LKhZY7ejkCACTdPen62rKhCby1wXtgxc,EnnjMSFttpCTywBrYNt1J5QQeoSVkvzPipJDa8Y7kJow,6bjVT6JN2rSvpyn9PdfLYC8wJn4LWh49jpY47fnLDXZk,9.089637605997268,9.383060783991823,8.808396942538053,0.9690591995357819,0.0035233587770152216,1.0,39091.64312582,9129.430553309,47011.54694935458
DFWzVTzNBrQZLjoQ4yQwkj9HuoXmfkuZP9V5vbymZe23,DhgiEgiNdqZdRdo195UUHnoEJUtefK8buko8nU97XJUZ,2K2kkXsouBHtWVjtcgkyiXd8eP3oVBvq1bTJzcVdLLr2,249.8666632860004,293.9356705409882,211.99659350599396,0.8484388862364568,0.08479863740239758,1.0,61075.567861543,7796.534556265,59615.421328971686
heyk4SZTeCUV6a65WiVA5bzic3KcxgVf1qxobfeV4tQ,9ZDpBKPqMABtGfq66FbVribaArMvtk63xxy91onZAtDt,DaTP4s6N7xxSPinbNZ3FB52EpRDRt87QShTuN3VPCW52,103.8227348299979,90.26677685000027,22512.8352154607,216.83916583707617,9.00513408618428,190.08855465407112,635.753222711,4460.797672429,985802.7806471593
JSoLLrxK5bYdHwTEWYaGgmeycBCNXKDiBCTw5hXGBg7,xG4wXczA7Dk4hccJ61CHKpDHW4NrNfQwgmWgkb9BuF2,BVR6WgfhsRr9Lob4QDnkEAiNGgAbv7ZieKcY9kSg3QYR,8.283716189000131,7.0784802510000056,1825.484850755359,220.37027936560685,0.7301939403021436,190.09108404383045,17.415058772,163.40728392,34900.02910776489
BSC8REUo9LpiiWUuqMuLXs2D2yJsJfGd4HdiF3wCLxk5,AZjEH1zWVx1UJ6udMyRijGTzPteuLnaY18yNNmprJEsh,Caf8ypkSVR8xYnXNhjvfvdGCC7mrM3C11rz8Xi6NA6aK,111.43414817199982,111.59195959999988,111.27659509058553,0.998586132850667,0.04451063803623421,1.0,3463.200621318,2869.286017044,6327.5901327719685
daob129AwBGn9Y5r91uLoWZeYiGzbPmksauMhFZKTze,6VW5GQNyj4LStgmxEHLr5zUfW92vQnmbw8jTnCH7a38F,4VPCCUifPeBA1c7HWK358CHn2nyjm8pdTRk6Ps3KmnMQ,24.070755086000048,21.587249020999955,5063.262520559009,210.34913539143136,2.0253050082236035,190.12115280341246,49.32389101,222.548216217,52686.36124961382
SERgf3DMJpQxUifu7VoFKmfne73d2fDJxSrxUMrcNJB,AJfM2GZ2tTB8UtN2krcyR9xufRJEx2mhSCbJyMgPo3GU,F4yRYkufQvERZcEKnKjJwRLU1btiMBUuEwq46hfm11QD,0.00018787700000189034,6.278699999739956e-05,0.03549939535974044,188.95019272919657,1.4199758143896177e-05,188.86023039814947,29.276090844,27.966991562,10813.57547727369
BkMBnJpvHKtWhUvrgRrLesXfi9RUV3ELgdBaJcdH7hcY,5uerVwBnZQsuVhZ15igs7ZgmcqhHnYWbwoRtLyRqLvR,9YWiQh5d4jCtgMdzcGLv9bWgnLaFtzvDDh2nnhJdzhBX,4.432214359999989,4.361604354000065,4.432614744792041,1.000090335159704,0.0017730458979168166,0.9980278809388188,1470.388457696,1402.280459776,2870.0362812243065
AUSejoEUCh2DBs9mof6BNC8Pubs22w4cJa1ccV9h44R,4xkyD7AfGQDwsQMy9MosRRNGoVJ1zosNinesxg1TzHG7,Cbm5gsQe3nSiCsFrvepVzMCD9xLK3ri9g3ypS2hdmVJ7,6095.353593,6099.250537000002,6094.573487593589,0.9998720163819033,0.6094573487593589,1.0,14520.00064,14350.926831,28869.069148783325
BUSD5rCfUDpCxKGMvYU2yThChxgHoioK74PTPociGnv2,CcFHbafgYDZ8yA8Me1PdtDiVb2eeaS61LbqyKKK5CsNZ,26R9s4nmF3CFDTkiePDwRmtscn8i7r2eygbSijditJ58,179.92285332999995,180.17619509999997,179.60894180196556,0.9982552993006473,0.017960894180196557,1.0,82.04863427,64.20044022,146.10592418040818
MARpDPs5A7XiyCWPNH8GsMWPLxmwNn9SBmKvPa9LzgA,6YjT74rmcfCpw8LSjPNx5JTmZoYLGrTKnf9arfSgZ4SR,F8GSmi3vA8M8TsybLya1LQ4n1aFHCRbZ6k437PeTdXtg,69322.43962000002,72168.60454599903,66000.12531204244,0.9520744750737382,26.40005012481697,1.0,315875.558839,21184.711799,321921.7686692646
ALBpShJ9NLpE739pcHDF2LNVk5J4VYPvvKuV6jMPitZi,D6d156U1bPiJpDYRLextvDRccgFk7QzkQbJg42ceKEu5,GNcM8U5g8RwTZffwwm3kSQqUNPSwv5d2fbN9sLxPJqt2,11033.145471999997,11042.29239599999,11003.75444388039,0.997336115236204,4.4015017775521565,0.9991936507238658,54629.895517,45659.210506,100106.76100534413
Lid8SLUxQ9RmF7XMqUA8c24RitTwzja8VSKngJxRcUa,4PgzyzLtds9bKZ2to9PMnKqJzKEUpjvNUaeN23phegax,AtymwxoVN9peZo7EXTcDz9jKVc4vRmisJKKrNfe3ewBa,414.3429218439742,352.8931481310025,92483.10998635423,223.20427141550124,9.248310998635423,190.06131377982538,994.412803153,7667.68055854,1679286.6258141494
SoNcU2iwHMw6dGzsYNQkYFkUjwN1UdAjrWVRnStrZu2,8ivTTid27jZnYNc4w3CTA1Z6QS2twsFb8WMwUabeDJgc,CyXm53PMvHCbeXJBykU46Rcbo28xk5srhMZFg7gv6EYB,35.42631532900002,35.14068443900003,7936.985771086791,224.04209123576467,3.1747943084347163,220.1578267428354,15.469329822,20.047016286,7879.288541540647
STK75uPSyBnEhGTTzb1nwmP3n427XoXmfRhXxxhyady,6TYyD5fUmDe6N65avW1Ny2RxzRNobw2RRgKwH9CTzSAU,54zDfk4cx2vGrEajPtodWpArNe5eUurytyxd4X3aZAxK,889.4801867570002,997.7574983030029,168926.54461212977,189.91602862794215,16.89265446121298,212.89156346925537,669.459007369,121.504188423,153008.21265016022
