0,1,2,3,4,5,6,7,8,9,10,11
BSCrK1Nx9PXU9mF7STWWBqeHLxmtJDr9h7jheEy4tAWX,FfSySSbVJPvEo5a5AvrP3nySoXpRE2QPn1uUMpJJ1x7v,HL7Vcj6838ZmvBHDbQxXfjBNckNi83WvPiZQoMQLFeRM,0.00559253000000004,0.00559858000000002,18.673324585215813,3338.9762031166,0.007469329834086325,3295.6204499840164,0.852774904,0.950659408,5980.407697045543
WiiQFxXqp8P9Fs1rt9SVcDyA3KUdJmUsog6wnVQAwba,3S2jpqSYxho6wiz3cafhjXruVY8cg4HYa2v3BqBHYFSj,Dfe67M6TfrG74gKRtdqys4e6E9QirPD53BkF4FujFjuv,19944.018897166003,19986.174712846998,19880.852597416826,0.9968328199007999,1.9880852597416827,0.9983135010835715,19716.126449793,7051.568052978,26693.35751756543
HDSBGqAuMRr6X2AfmmbXQPpRgU6VEhtfNVVZ3wUTZXg,DCZ1d8kNLgDcdSd99y4udLgwq46mfDXNS9KXj96kQf5L,Fq8GGYQM5Pz3q7LmVMbrXHJgsxA5ev86kTq8yGgGuYsa,2078.0265307049995,2081.9563579919995,2065.714882400184,0.9940753170746869,0.8262859529600736,0.998300454372758,15144.573371283,14387.345436711,29417.740062705427
C98Sspw7XqnMsgxea3SLQVdbMDL8pKUc3RE82UvX9eq2,CSqgQJurPCzGxb4Cgwx5R61hWQUiaoUHcShNc8r1cKEL,6S2CR5EnukPhC914XkAns8m5GixjMAoUuZMsS5ubHuWc,228.323761000001,227.25743999999963,0.0,0.0,0.0,1.0,812.814646,1288.224302,1288.224302
BUSDgu5JdqP1rndBvXvanbEufS94FNh1w5FJcAj6vawb,Bgzr8cWubt89JQFXndVjtdKmDbGzuPxNhvjH1EhWCwbo,Dxaf8xPBBQsasRKW5Aa4Sw2YrbfGofY9xZueyyF23FBW,18057.575580400007,17954.640829910008,18171.613174320642,1.0063152217424145,7.268645269728257,1.0,4882.95422,10086.97709877,15000.768257427357
wrmcMSHFi3sWpAEy4rGDvQb3ezh3PhXoV2xNjgLBkKU,8p4mGnARWPBu6P2Gcw4adodLkNDorrXniZMhaY7eJXUn,AyY89zccbsgp9LKFgH4CFZMJmpSgqmPSdTfukhP227rc,0.009700159999997335,0.04398569000000384,3.145317769130134,324.25421530479895,0.0012581271076520537,3336.1134278565473,27.10560652,0.09337859,9100.628740476554
RajgMbScQbqqrdJfR2rxfHJiTiY5b6bJ2tTXiF4aPxy,725ZA3fhyBAKb5iopNRrcbSuQa3LXA1656Q3mBvYPxeg,GLA6i1dSZpUfk2f9Nj8uiG7xyDdAR2reff8oEiZH3617,4299.7443615500015,4305.448902549993,4294.403154682334,0.9987577850173069,1.7177612618729339,1.0,120915.17543465,60932.49055813,181697.46335022012
heyk4SZTeCUV6a65WiVA5bzic3KcxgVf1qxobfeV4tQ,9ZDpBKPqMABtGfq66FbVribaArMvtk63xxy91onZAtDt,DaTP4s6N7xxSPinbNZ3FB52EpRDRt87QShTuN3VPCW52,59.944762578000336,51.89635958299948,11897.789274620072,198.47921257738952,4.75911570984803,176.08200632063972,628.415615559,4469.281770539,911687.5375162539
ionytDfEj1mXodptgrsKEZro7DGsfpzANUfarJdm6Qb,3gkSjY95an9xNFSjCfsay6JZez7uv7yfW3Ad4ubc4fMK,9wXqANaSuEqkKL9yHzCPEDGHwbkStVAqV5rB3QDs3Jr6,0.20676999899999968,0.20680661099999967,166.08552316096623,803.2380130783214,0.0664342092643865,3295.6204499840164,3.176817521,0.077958215,2808.661281078689
GokA1R67GqSavkd15zR62QD68Tuc5AEfvjssntVDEbM8,3YB7hfpBdbQEuZqLGWVDpRPmeZWCUsrrWyqGXegnQ6Cg,4DPCj6Z1DsG6HUtwSogBGqXEUxdEV5a8YVrrFtcnz7UW,69472.32226800002,69492.76496700001,69470.16869277055,0.9999690009609703,6.947016869277055,1.0,29434.248126,24487.932895,53921.26858759353
KEN5P7p3asnb23Sw6yAmJRGvijfAzso3RqfyLAQhznt,9zj4aX38Uxf3h6AUjS4EipWS8mwbEofasHAf3a1uKGds,CwQDG1MWunn9cLNwcZLd8YBacweSR7ARo32w4mLua1Yr,258111.0443910011,258183.21250600019,258042.14713771534,0.9997330712699709,25.804214713771536,1.0,1647676.222951,1592778.056355,3240014.467184309
Lid8SLUxQ9RmF7XMqUA8c24RitTwzja8VSKngJxRcUa,4PgzyzLtds9bKZ2to9PMnKqJzKEUpjvNUaeN23phegax,AtymwxoVN9peZo7EXTcDz9jKVc4vRmisJKKrNfe3ewBa,78.84013790800373,67.12950260199898,16315.642544847498,206.94589047885418,1.6315642544847502,176.0143177086597,992.889220948,7669.519611469,1555419.6055418402
MARpDPs5A7XiyCWPNH8GsMWPLxmwNn9SBmKvPa9LzgA,6YjT74rmcfCpw8LSjPNx5JTmZoYLGrTKnf9arfSgZ4SR,F8GSmi3vA8M8TsybLya1LQ4n1aFHCRbZ6k437PeTdXtg,78994.86315399999,80729.68901200022,76560.32149091053,0.9691810129686113,30.62412859636422,1.0,311485.091797,23156.628248,325042.0650404373
DFWzVTzNBrQZLjoQ4yQwkj9HuoXmfkuZP9V5vbymZe23,DhgiEgiNdqZdRdo195UUHnoEJUtefK8buko8nU97XJUZ,2K2kkXsouBHtWVjtcgkyiXd8eP3oVBvq1bTJzcVdLLr2,1135.1561072250006,1335.8383062900102,960.4755210708838,0.846117564762841,0.38419020842835355,0.998296486908809,61065.011064003,7805.970855191,59460.851735339886
SERgf3DMJpQxUifu7VoFKmfne73d2fDJxSrxUMrcNJB,AJfM2GZ2tTB8UtN2krcyR9xufRJEx2mhSCbJyMgPo3GU,F4yRYkufQvERZcEKnKjJwRLU1btiMBUuEwq46hfm11QD,0.00019053199999774506,6.401400000299873e-05,0.03346873745642462,175.65940344309996,1.3387494982569849e-05,176.23943466619104,29.276090844,27.967296231,10071.561129696376
KysFMBBoavfov2tLpvefWW6tPFt6rAeZWDJVy1mMQae,B8ka2V21TH3x64dFV8ETcjuQcwmrciJ2qzy1mJUttRew,7fSf7EYxBANyxzk2s5pymFgshA91tFYQNKKs5UnLWcYS,20.515875999999935,27.821235999988858,0.0,0.0,0.0,0.026110439115443074,134615.09772,2527.919289,66.00508268418865
BSCuChvaSj9b5HUSqgDVRzcnr2sSn7cXaamt1jbKH6hn,GnKpRj5kBVPMJfiwZtEuD9GYApLzPdW5JFuZTcyX4BTc,3dmwD9okkomV9nDwyuh4UMhKdUR13QpuKxRo89ycZB5t,197.5834069230002,197.5368973069999,197.47622512200545,0.9994575364264443,0.07899049004880218,0.9994922579329701,1631.747545515,1473.503821194,3103.61804322837
AURHmCnNwiW4uA2Qj1XvEh4iKgRUZYXtiY7FKAapUV5Y,BKWm4TRnTeKwfWXRyuzjRHU7iZDkPuXBX5b5V5jSVfGJ,A5Ww74HVrkj9nPeC7pHKLfgeDMEhBCpW1efQdz3TGLEg,0.00019115899999633257,6.458299981204618e-05,0.037679278593822425,197.10962389709775,1.5071711437528969e-05,176.08361858879545,289.898700601,1809.487355061,375762.9051135298
MATSnbbiTCv7Dc3trJrkrqjx7ckKdr6fwPoVwv9q3sD,631WX9JizSHJm4w6VanZeJAst9T8DeUUnPLesdGkCVtK,211maUSfpnXbPuW1iBu8b4dtJv5EbN1j7JJiEX5TZKEP,16954.68439500002,16927.94530600002,16964.506844462965,1.000579335435217,6.785802737785185,1.000100010001,21826.973487,29731.066528,51573.65855817776
YAkoNb6HKmSxQN9L8hiBE5tPJRsniSSMzND1boHmZxe,CfWX7o2TswwbxusJ4hCaPobu2jLCb1hfXuXJQjVq3jQF,EnTrdMMpdhugeH6Ban6gYZWXughWxKtVGfCwFn78ZmY3,6064302.870465969,6066097.254769004,6064302.870465969,1.0,606.430287046597,0.9999760005759861,947168.484297,429750.180982,1376908.3515221865
RoBgmK8CvjdHvPrqdDyVw54VwjZv2TqJ493xnqJAQHx,ExiHJxM7qPAcy27NDHAF6G7vnW7muNHi2sVJpnaNynGQ,6rkPHSqZb7StM4HwS9EuVrmfkV7tRdc7dnsFhyB6cefE,20.599474000000463,7.7711959999993105,0.0,0.0,0.0,0.9678630744751279,6164.704426,20.836576,20.166952508894664
ALLwa5WNZbvQsRKAqe1jdRGemdYQnW8E5k4msbRFcYtu,CGoM82Hbz7QVqTgvQatYtjvDWBvoUJp5qm21P8iMs9yb,3dxNNww8TivyN5FMy5dCNdi3Zcxv6e4kUfSPxfFwpdNq,2.6244469419999987,2.625091741999996,8649.181011953211,3295.6204499840164,3.4596724047812843,3257.880813688312,4.294029991,4.333068182,28268.11274572538
ercAoEmXjQzEvAFbdjAo81KtMxRGn9AW1ju882upmPH,CMRhskR2Eg6V42RTSdRTXGdozyPbWB8U9dVpijPWb9T4,7TKLLgrWswt6ZJ1pXhVR3FyufHGjJFqiEXxvWJfDcgRm,12.256530487999953,12.100384249999877,2159.439684893307,176.1868651987247,0.8637758739573229,172.38187273597958,414.164629777,920.467792258,231642.3296191867
SEQV6QiTpvTzrceiaYg9Avnwf7oc8ZALpnQMz6TyT4A,3dFMPj4r9mMmPHF32mz1gNDX7f8ftidWof7S8YiYTs1j,Fc1ED3YPeQfXQosHbd8DTaBd2AV5gHQtwiSAL5C5pUhi,23.15232253399995,23.261714846999894,23.020343360382,0.9942995276856508,0.0092081373441528,0.9996221428300103,4694.986198824,923.592889418,5591.466463203934
BkMBnJpvHKtWhUvrgRrLesXfi9RUV3ELgdBaJcdH7hcY,5uerVwBnZQsuVhZ15igs7ZgmcqhHnYWbwoRtLyRqLvR,9YWiQh5d4jCtgMdzcGLv9bWgnLaFtzvDDh2nnhJdzhBX,349.724462208,349.42006411700004,350.4119079981728,1.0019656783109554,0.14016476319926913,0.998296486908809,1116.66192726,1756.712877507,2872.577219513788
BUSDTd9WiT6uBHJRgNvFXBsA7JrifsAtWzKfioN7ERcy,DyBxrn7gSc1EwnpWhDyhzvMHPtxpmBqRqotapLcKcfTM,Cds99GeBgoCpqBsoRWu1C6fF9LiUMd4pXQQD24s9LPff,62977.040486829974,63031.31401649999,62980.75383207592,1.0000589634764867,6.298075383207593,0.9998350272205087,2954.38647864,2804.83496488,5758.932922997495
HEDSDjj84KS7LKhZY7ejkCACTdPen62rKhCby1wXtgxc,EnnjMSFttpCTywBrYNt1J5QQeoSVkvzPipJDa8Y7kJow,6bjVT6JN2rSvpyn9PdfLYC8wJn4LWh49jpY47fnLDXZk,3.4728597720004473,3.5854603120023967,3.3155356651029484,0.9546989751311276,0.0013262142660411794,0.998296486908809,39102.363221805,9119.055349818,46434.50701271262
AUSejoEUCh2DBs9mof6BNC8Pubs22w4cJa1ccV9h44R,4xkyD7AfGQDwsQMy9MosRRNGoVJ1zosNinesxg1TzHG7,Cbm5gsQe3nSiCsFrvepVzMCD9xLK3ri9g3ypS2hdmVJ7,4493.265793000002,4497.461507,4493.387114452093,1.0000270007290197,0.4493387114452093,1.0,14398.858401,14473.157006,28872.404186673877
Sid7E679i9ABqptiAVhkmQ27YHN8vaYT4fppPwmxFsJ,GP7KB8o1bv527HG8kTzzzf4wJ5aEGHvcMQvVhLziUfmT,9gYxhAZ1M9wu5pxr8SBoa5NDm21gi3s9vMHaYTME77sa,30088.98887200001,37001.579269999995,693.8193393755523,0.0230589117609466,0.27752773575022094,0.026034183872723875,95672.137922,34484.590201,3103.8735483928767
NorjjEePhxfwLF4vZjUHCrVVKLzQjEEGQFd3wgjEJmh,34M8pFVqgbV7aqHxvRT5tCv3vu2P1JJYT8J3VaxBK2oG,3AZWBSze3ucsY3xSeuLne3b2pauVqiaJ1SZSV5T9WGWw,0.018025999999736086,0.0013639999997394625,0.010711743222255947,0.5942385011878828,4.284697288902379e-06,1.0,38109.866632,2266.808854,24913.158881869786
daob129AwBGn9Y5r91uLoWZeYiGzbPmksauMhFZKTze,6VW5GQNyj4LStgmxEHLr5zUfW92vQnmbw8jTnCH7a38F,4VPCCUifPeBA1c7HWK358CHn2nyjm8pdTRk6Ps3KmnMQ,12.503653268000086,11.238134621999997,2455.773785223446,196.40450135548568,0.9823095140893784,176.20428137638802,48.71919964,223.239282351,48904.3874333711
vEnkoSUkpnbRrPgBz9DfcVxNz67zjwMYBZraAvDDNSf,DtfyjjsZ5yCjWKLKHvwsfXs5QVsmm1QkK6Sh9JZHoq1g,e5wrKCRv4GhHvEf1VD5Pq2KGaZDXP77nTL612Jyrxwy,6176.4613279999985,6174.922627999999,6159.504212901879,0.9972545582012718,0.615950421290188,0.9998910118797052,743.128925,1196.636338,1937.5946266423061
SUiuyGR7SFq3xeRVJonq84fjjeFwRSsFekcevJ53tzy,49GjCCPsv7fBqo6t3iKDrP1xxGDS8uWZbVCdfnp2gjMf,CEwj5xEbbJEjYqM8D6Ai8ByGz1mrh8mkAVsE5fzDSSSx,27.72979799999996,0.48295200000000005,0.6391610144990562,0.023049609467009357,0.0002556644057996225,0.9744470743688262,544.096788,3.140199,15.601176204140096
7oAd7xG4m3oC2qeWB1szghTebAZyyGPAFDJ4wwwbRSNi,D9yh4KAysxt9GLacVe4Wwh2XqghhcjTCSTV9HuM7TBJd,HDYfJLpZKaMFb84jM4mRytn7XLR8UFZUnQpSfhJJaNEy,14.191804800997488,0.3234310000000278,14.167637149680262,0.9982970699177368,0.005667054859872105,0.022778354165440266,956.333221611,300032.573678957,7788.952877427085
BSC8REUo9LpiiWUuqMuLXs2D2yJsJfGd4HdiF3wCLxk5,AZjEH1zWVx1UJ6udMyRijGTzPteuLnaY18yNNmprJEsh,Caf8ypkSVR8xYnXNhjvfvdGCC7mrM3C11rz8Xi6NA6aK,320.6750320000001,321.343973861,319.477352299331,0.9962651295512489,0.12779094091973242,0.998296486908809,3715.743063346,2617.582778445,6314.988936298199
Lee1XZJfJ9Hm2K1qTyeCz1LXNc1YBZaKZszvNY4KCDw,9DgFSWkPDGijNKcLGbr3p5xoJbHsPgXUTr6QvGBJ5vGN,2hNHZg7XBhuhHVZ3JDEi4buq2fPQwuWBdQ9xkH7t1GQX,1779.1877694549548,1511.1854703740219,368052.6318581521,206.8655361603026,36.805263185815214,175.91186112110387,7223.652752144,56364.545670265,11409516.929709885
KwnjUuZhTMTSGAaavkLEmSyfobY16JNH4poL9oeeEvE,J63v6qEZmQpDqCD8bd4PXu2Pq5ZbyXrFcSa3Xt1HdAPQ,BnKQtTdLw9qPCDgZkWX3sURkBAoKCUYL1yahh6Mw7mRK,545.0372620000002,20622.725820000865,14.160887025126014,0.025981502573169044,0.0014160887025126015,1.0,274140.985169,653.291787,7775.88649857947
ALBpShJ9NLpE739pcHDF2LNVk5J4VYPvvKuV6jMPitZi,D6d156U1bPiJpDYRLextvDRccgFk7QzkQbJg42ceKEu5,GNcM8U5g8RwTZffwwm3kSQqUNPSwv5d2fbN9sLxPJqt2,1311.6484920000003,1313.361548000008,1306.1222885969464,0.9957868259394501,0.5224489154387787,0.997025871824348,55153.478152,45144.079353,99930.92202313326
Cob4usZcpHEY7Qt4ZCwj6WVg9S44zvzYV2v9qYF65dTf,NhFM9UXE48PyNAyeyPYA3iXztqKVJwA4bTdLj4ysM8w,6TuFuynuBoeskxyR2cz4wxyidk8dpDK7kAWw3UkjQGx,213.67820900000027,10110.417721000027,4.9087229919478,0.022972501571031954,0.0019634891967791205,1.0,60519.631354,339.022362,1729.3096883580395
SAMyS8Jr2HJrkFwYVKbpUwsNStnQmvz3f8Tup8bWUWF,6jPzm5TFfquvgm25sTyN3MMGBfufRaFHMxobDWv6hMFW,Cj9ECoDmxsHTDzCY5ZA6RWrPbg9uFzEC1Qc2kso2vJG6,2808.361381080016,71.60245751000002,2816.252153501347,1.0028097425333118,1.1265008614005387,0.026197089084249316,538.59933163,106483.97674665,3329.6828819576167
BkwbeSfcX1h4thMDd7obGkHrPevf3QwgzJ4pCEqG18Lu,35yX27bmurdebhfAb8EPmjLETDiUaEUCn9zHaDPbakH2,2CxECn1ZJFoESyUnQysQU8rRgT3iJ5GRs2Mdd6gZjx5g,0.0979338199999954,0.060621040000002346,198.6205204129138,2028.1095990427325,0.07944820816516553,1270.6480304955526,0.85034943,22.71720481,30590.173391714106
B2izdXFYb2sNwbWWHmh75T4aQFtfXsUxem9u2p61HGzf,4DYwgJtxwuJdAjkj5RJSNH4e7U329V5cNp7d3a1nLrZv,EXNW64GEf1ACC6xY9BtKRiunrs6GoJSXBdxWN2eTPmrF,7501.992786999985,7385.4329360000065,7472.409517719333,0.9960566118735924,0.7472409517719334,1.0,8738.086376,31068.886699,39772.515408937354
BSCNHw8CmxbZ8hCWWzMf5FaG2ajPT6JxfznKUNuRVrn4,7n9kgNL633yGzCYksgnzHyjG73ZLBAwvEae5sbAekbzW,SscdxE99omdG9AiMVwmaEMQySQnCgeAh1sPj2Leutm2,195.9947174199997,195.684061760001,196.03153625917145,1.000187856283355,0.07841261450366857,0.998296486908809,5205.553043554,6480.8160563,11676.306840708063
FrnkTEL6yZ5Aycq2TrEgu29dCrwKG4LPUZydfiwqspkc,DjvZuMZ46fxKBoBpGMPcRcos4xdTtHFxwMh69DpA2ZFY,9rvDPJLAng4uVVqnnSoEXgNDFhBZQTny9AoQioYDZbQX,1699.0362315259997,1426.1154247839986,354898.1546579336,208.8820403430595,141.95926186317348,175.49851229911124,179.530311298,1457.110490308,293221.38103183336
KEnkcdADoLR5jS2CLLLesy8TtFsyWL37BhXNfDMzWzP,3qsjFRuw1qeLMPo4DLwaQevenGAGBj9dA3Q6rb8ax2YR,77iEv8zPQAEyCcEbvBRSB6AFcUdfkhiqnAKtPxk76rNN,17.925884999999994,0.232302,0.41296880098141875,0.023037568353329214,0.0001651875203925675,0.9975201648701328,99.079825,0.593066,2.874153534972267
KEVpg4SYCVrqFxKijQH6hm4QxsRdoE51ud64bEEFUC9,2bPenuBYfqzD8p5dFjCcggwkHDsc2RQDnx9AoyYGUBjA,AE6n6iLuX8oYu61vt5hoDYkjswpnxFxrhSehxrnQTnbx,1442.5803992100002,1447.7742215630005,1437.1796662946015,0.9962561997110481,0.5748718665178406,0.9982722692199435,5973.027852792,1654.215826697,7602.023816487158
JSoLLrxK5bYdHwTEWYaGgmeycBCNXKDiBCTw5hXGBg7,xG4wXczA7Dk4hccJ61CHKpDHW4NrNfQwgmWgkb9BuF2,BVR6WgfhsRr9Lob4QDnkEAiNGgAbv7ZieKcY9kSg3QYR,16.619764727000188,14.292105484000025,3277.339994131504,197.19533025682327,1.3109359976526016,175.6119902247342,18.189859417,162.530790918,32129.311000970636
KZMu9QBEdL97EFgamLbN5DE1AoKBG4HdrKKJo4Vuon3,DD4ACBWyVqdaKWh7v5btsgqQCCMwbKnuL2xd9pv7Gyuw,GcYqiJ1MAuYbNTNYXm1F1gQYTfTgkErACAhNU5dpVj9T,80.38730994000025,80.40017921000094,80.61317758387719,1.0028097425333118,0.032245271033550876,1.0,2061.44848039,2327.78499648,4395.025616345582
parEAJhzYzHW87y9VoZAQ22dzQ2MD2ekEtTReaxbMcz,3oyc6hpjYSJEquK6dSvG72NXyz3pqLZz5D8AC71pwgQb,Di2vordgFJVZ1aj1aBpvzXtLfZgJsuLLXawGtVFwX6Rz,5.090962812000129,5.982488070999153,875.5322817697281,171.97774057708162,0.3502129127078913,201.1456451364391,1104.39308865,142.216356908,218537.22895418535
4vezWG46exH6pf9nry3n1VJ7hZHvjBJNgNeF4qEFCML5,,,0.3024249999999995,0.30197499999999877,0.0,0.0,0.0,201.1456451364391,1104.39308865,142.216356908,28606.200859213735
BUSD5rCfUDpCxKGMvYU2yThChxgHoioK74PTPociGnv2,CcFHbafgYDZ8yA8Me1PdtDiVb2eeaS61LbqyKKK5CsNZ,26R9s4nmF3CFDTkiePDwRmtscn8i7r2eygbSijditJ58,1388.5017616200003,1390.3466281799997,1387.456049869774,0.999246877620806,0.1387456049869774,1.0,77.86888073,68.78067229,146.59090822327943
SoN9GaFpSXfpyR5dth3x7PHPVhvJMpQqqDJfCSmPv1t,9kZ9iS68ViMPtoeqtnhAKuF2iqVyfHPdZHoUNdwCELr,BBhm5fJLjw3HRzjtKB8uMEYjGhY6EDm9co3cqpjrSzB9,7.227337458000005,7.065630412999997,1504.963201859097,208.2320371236076,0.6019852807436388,201.93016972028835,3.216984643,6.419821574,1966.2349256190405
7dwD9TF6uikvHXxPFK9AsSim54yJoujQjY9vU6gNFumk,CquVr6atkvwueDYficKjn6SSEWq4F4rH4VSiBbW4GBWU,8BCa6ge3b7ho3TfZuM64Vk1hgbrJ3J7EPiAb9uP86CGd,5.330100000000039e-05,5.339699999999973e-05,0.010996803353198812,206.3151414269663,4.398721341279524e-06,206.86463750385545,0.00388712,0.003620659,1.550958024103661
MATgk4zXLXtYkwBH678J1xZbRDZ45LicNzkRBHkxTuY,y8dALFo1bJrSzPYjMX14HJX448pXqYmrfXHD1K8MXih,GN7Yuet3UyiWS5YVkEHv6oQKi4HGBJc3XDPt9zQhAqZz,35169.061168999986,35027.729520999994,35201.16463114359,1.000912832503243,14.080465852457436,1.0,6795.898618,7918.263645,14720.365780147255
STK75uPSyBnEhGTTzb1nwmP3n427XoXmfRhXxxhyady,6TYyD5fUmDe6N65avW1Ny2RxzRNobw2RRgKwH9CTzSAU,54zDfk4cx2vGrEajPtodWpArNe5eUurytyxd4X3aZAxK,547.0442560020006,612.0777959809868,96083.91469387113,175.64194055539036,9.608391469387113,196.54937910051143,2691.433183599,489.502977159,568940.053470954
SAMGk1Nd4haC8zQA63DG37pzuEZy8j4q13tSFtCbcRE,9U9TnkHD3jXMAVZtynCVLgDruuqN4pTvLJTmVHCLWS8g,C6zoEbvqSknmi96QWq96UBiPCyNW3YSTvKhavR2BfifE,0.6951512399999992,0.3838237800000017,0.8375124424862553,1.204791697539454,0.0003350049769945022,0.0,54.51810617,0.7616187,65.68296167919048
SoNcU2iwHMw6dGzsYNQkYFkUjwN1UdAjrWVRnStrZu2,8ivTTid27jZnYNc4w3CTA1Z6QS2twsFb8WMwUabeDJgc,CyXm53PMvHCbeXJBykU46Rcbo28xk5srhMZFg7gv6EYB,48.58157168000001,47.96459628299999,10037.585321880362,206.6130216617224,4.015034128752145,201.54817212939471,13.409513706,22.201869505,7245.326362399041
