0,1,2,3,4,5,6,7,8,9,10,11
BUSD5rCfUDpCxKGMvYU2yThChxgHoioK74PTPociGnv2,CcFHbafgYDZ8yA8Me1PdtDiVb2eeaS61LbqyKKK5CsNZ,26R9s4nmF3CFDTkiePDwRmtscn8i7r2eygbSijditJ58,859.1706133200004,864.2547111700001,859.2038559171859,1.000038691496974,0.08592038559171859,0.9999160470486897,72.3458863,74.80865831,147.15106337299218
KysFMBBoavfov2tLpvefWW6tPFt6rAeZWDJVy1mMQae,B8ka2V21TH3x64dFV8ETcjuQcwmrciJ2qzy1mJUttRew,7fSf7EYxBANyxzk2s5pymFgshA91tFYQNKKs5UnLWcYS,98.97958300000755,73.63941900000009,0.0,0.0,0.0,0.01957851720572818,134497.537517,2615.275586,51.20321805822186
YAkoNb6HKmSxQN9L8hiBE5tPJRsniSSMzND1boHmZxe,CfWX7o2TswwbxusJ4hCaPobu2jLCb1hfXuXJQjVq3jQF,EnTrdMMpdhugeH6Ban6gYZWXughWxKtVGfCwFn78ZmY3,15521300.506257035,15518820.145230938,15521300.506257035,1.0,1552.1300506257035,0.9913612778250326,777936.014427,624971.568956,1397508.6276315358
SQDY9uoDoCbNq7F3HAHYYQZbrUzpKxDtdWLvYcqBLak,GiehZ4X2uQjhEKuxSm3ACmEFrabxh3RTvjbLfLjw1xGX,rxDQYV77NKRKYxCjq4cECX3QQsiSyLv1T1FT2X3zNA2,0.0012357379999912155,0.0012357379999912155,0.0012376058913356788,1.0015115593632926,4.950423565342715e-07,0.9992892095823809,168.73007208,237.828172707,406.6442443211216
FrnkTEL6yZ5Aycq2TrEgu29dCrwKG4LPUZydfiwqspkc,DjvZuMZ46fxKBoBpGMPcRcos4xdTtHFxwMh69DpA2ZFY,9rvDPJLAng4uVVqnnSoEXgNDFhBZQTny9AoQioYDZbQX,416.46057276199645,348.445909946,73948.98559767028,177.56539378322248,29.57959423906811,150.65611491325296,176.496008769,1440.57606803,248371.17694464436
Lid8SLUxQ9RmF7XMqUA8c24RitTwzja8VSKngJxRcUa,4PgzyzLtds9bKZ2to9PMnKqJzKEUpjvNUaeN23phegax,AtymwxoVN9peZo7EXTcDz9jKVc4vRmisJKKrNfe3ewBa,505.7406606530127,429.8273809299991,89701.10501617358,177.3658161088955,8.970110501617357,151.28185655514872,987.328806876,7676.16151677,1336382.3450735358
RajgMbScQbqqrdJfR2rxfHJiTiY5b6bJ2tTXiF4aPxy,725ZA3fhyBAKb5iopNRrcbSuQa3LXA1656Q3mBvYPxeg,GLA6i1dSZpUfk2f9Nj8uiG7xyDdAR2reff8oEiZH3617,14761.553160370022,14765.927050979997,14748.80900948111,0.9991366659896517,5.899523603792444,0.9999211162231412,103586.10637043,78266.45613839,181756.95914652932
MATgk4zXLXtYkwBH678J1xZbRDZ45LicNzkRBHkxTuY,y8dALFo1bJrSzPYjMX14HJX448pXqYmrfXHD1K8MXih,GN7Yuet3UyiWS5YVkEHv6oQKi4HGBJc3XDPt9zQhAqZz,19753.026413000007,19711.281977999995,19831.798315910804,1.0039878396992856,7.932719326364323,1.0,4518.779855,10268.048227,14804.8482516981
DFWzVTzNBrQZLjoQ4yQwkj9HuoXmfkuZP9V5vbymZe23,DhgiEgiNdqZdRdo195UUHnoEJUtefK8buko8nU97XJUZ,2K2kkXsouBHtWVjtcgkyiXd8eP3oVBvq1bTJzcVdLLr2,4605.758078241998,5625.814554527999,3777.265244848484,0.8201180306652696,1.5109060979393936,0.9992892095823809,61497.991723545,7448.614039309,57878.93149800809
ALLwa5WNZbvQsRKAqe1jdRGemdYQnW8E5k4msbRFcYtu,CGoM82Hbz7QVqTgvQatYtjvDWBvoUJp5qm21P8iMs9yb,3dxNNww8TivyN5FMy5dCNdi3Zcxv6e4kUfSPxfFwpdNq,3.6253065800000046,3.6246691450000044,11692.274333999885,3225.1822227955877,4.676909733599954,3229.713362939039,3.443092559,5.177794385,27827.392628511792
ercAoEmXjQzEvAFbdjAo81KtMxRGn9AW1ju882upmPH,CMRhskR2Eg6V42RTSdRTXGdozyPbWB8U9dVpijPWb9T4,7TKLLgrWswt6ZJ1pXhVR3FyufHGjJFqiEXxvWJfDcgRm,45.532846124,45.528962222999894,6862.119523024341,150.70701937534653,2.7448478092097366,149.41710891640622,892.04821267,922.71211332,272306.9036050227
B2izdXFYb2sNwbWWHmh75T4aQFtfXsUxem9u2p61HGzf,4DYwgJtxwuJdAjkj5RJSNH4e7U329V5cNp7d3a1nLrZv,EXNW64GEf1ACC6xY9BtKRiunrs6GoJSXBdxWN2eTPmrF,16197.397724999984,16012.886180000003,16227.093305749506,1.0018333550397227,1.6227093305749507,1.0,9791.691303,30005.159533,39814.80248259776
HDSBGqAuMRr6X2AfmmbXQPpRgU6VEhtfNVVZ3wUTZXg,DCZ1d8kNLgDcdSd99y4udLgwq46mfDXNS9KXj96kQf5L,Fq8GGYQM5Pz3q7LmVMbrXHJgsxA5ev86kTq8yGgGuYsa,15.252449314008118,15.285193413990783,15.171075714552474,0.9946648831423482,0.00606843028582099,0.9992892095823809,72752.929159293,71355.254496613,143669.31964596175
MARpDPs5A7XiyCWPNH8GsMWPLxmwNn9SBmKvPa9LzgA,6YjT74rmcfCpw8LSjPNx5JTmZoYLGrTKnf9arfSgZ4SR,F8GSmi3vA8M8TsybLya1LQ4n1aFHCRbZ6k437PeTdXtg,67131.5361599999,72027.39328999945,62288.48209977796,0.9278572435959292,24.91539283991119,1.0,321431.604961,13790.296663,312032.9396467291
SEQV6QiTpvTzrceiaYg9Avnwf7oc8ZALpnQMz6TyT4A,3dFMPj4r9mMmPHF32mz1gNDX7f8ftidWof7S8YiYTs1j,Fc1ED3YPeQfXQosHbd8DTaBd2AV5gHQtwiSAL5C5pUhi,424.99250238300044,423.97447711600046,425.74594114332837,1.0017728283583904,0.17029837645733134,0.9973082649927845,1305.517083819,4317.00836968,5613.219668652448
AUSejoEUCh2DBs9mof6BNC8Pubs22w4cJa1ccV9h44R,4xkyD7AfGQDwsQMy9MosRRNGoVJ1zosNinesxg1TzHG7,Cbm5gsQe3nSiCsFrvepVzMCD9xLK3ri9g3ypS2hdmVJ7,3864.5096240000003,3866.4949680000027,3863.3274458015853,0.9996940936073563,0.38633274458015854,1.0,14586.795764,14286.449559,28868.783128927607
7dwD9TF6uikvHXxPFK9AsSim54yJoujQjY9vU6gNFumk,CquVr6atkvwueDYficKjn6SSEWq4F4rH4VSiBbW4GBWU,8BCa6ge3b7ho3TfZuM64Vk1hgbrJ3J7EPiAb9uP86CGd,1.444599999999999e-05,1.4498000000000375e-05,0.0025694526831001817,177.86603094975658,1.0277810732400728e-06,178.42687094402268,0.003919004,0.003589003,1.33743226185493
KwnjUuZhTMTSGAaavkLEmSyfobY16JNH4poL9oeeEvE,J63v6qEZmQpDqCD8bd4PXu2Pq5ZbyXrFcSa3Xt1HdAPQ,BnKQtTdLw9qPCDgZkWX3sURkBAoKCUYL1yahh6Mw7mRK,748.6797950000063,34893.6471299997,14.696991177543174,0.01963054335871726,0.0014696991177543172,1.0,278405.103044,556.690886,6021.934332593389
SAMyS8Jr2HJrkFwYVKbpUwsNStnQmvz3f8Tup8bWUWF,6jPzm5TFfquvgm25sTyN3MMGBfufRaFHMxobDWv6hMFW,Cj9ECoDmxsHTDzCY5ZA6RWrPbg9uFzEC1Qc2kso2vJG6,4610.987041069995,101.13582980000012,4612.870153052576,1.000408396719793,1.8451480612210305,0.019697371165207443,452.9812848,110265.6343405,2625.109407242712
KZMu9QBEdL97EFgamLbN5DE1AoKBG4HdrKKJo4Vuon3,DD4ACBWyVqdaKWh7v5btsgqQCCMwbKnuL2xd9pv7Gyuw,GcYqiJ1MAuYbNTNYXm1F1gQYTfTgkErACAhNU5dpVj9T,248.98811126999885,249.1807681699977,249.08997412401712,1.0004091073003394,0.09963598964960685,0.999923205897787,2340.38891654,2349.6414584,4690.807406525069
JSoLLrxK5bYdHwTEWYaGgmeycBCNXKDiBCTw5hXGBg7,xG4wXczA7Dk4hccJ61CHKpDHW4NrNfQwgmWgkb9BuF2,BVR6WgfhsRr9Lob4QDnkEAiNGgAbv7ZieKcY9kSg3QYR,3.721513117000036,3.1993949329999722,654.6137338761432,175.89988622795357,0.2618454935504573,151.3767106325185,17.205764692,163.694569803,27806.037576971074
daob129AwBGn9Y5r91uLoWZeYiGzbPmksauMhFZKTze,6VW5GQNyj4LStgmxEHLr5zUfW92vQnmbw8jTnCH7a38F,4VPCCUifPeBA1c7HWK358CHn2nyjm8pdTRk6Ps3KmnMQ,44.122045034999815,39.492566375999935,7422.072279592555,168.21686922500976,2.968828911837022,151.5418090970245,48.842561314,223.144835919,42031.914874995615
RoBgmK8CvjdHvPrqdDyVw54VwjZv2TqJ493xnqJAQHx,ExiHJxM7qPAcy27NDHAF6G7vnW7muNHi2sVJpnaNynGQ,6rkPHSqZb7StM4HwS9EuVrmfkV7tRdc7dnsFhyB6cefE,1.7950230000000005,98.97958300000028,0.0,0.0,0.0,0.9051739744378869,6282.264629,18.67203,16.901435605923457
Cob4usZcpHEY7Qt4ZCwj6WVg9S44zvzYV2v9qYF65dTf,NhFM9UXE48PyNAyeyPYA3iXztqKVJwA4bTdLj4ysM8w,6TuFuynuBoeskxyR2cz4wxyidk8dpDK7kAWw3UkjQGx,61.24377600000008,3494.3701230000006,0.965222546990234,0.01576033696861266,0.0003860890187960936,1.0,64286.040729,267.303573,1280.4732372669978
SoNcU2iwHMw6dGzsYNQkYFkUjwN1UdAjrWVRnStrZu2,8ivTTid27jZnYNc4w3CTA1Z6QS2twsFb8WMwUabeDJgc,CyXm53PMvHCbeXJBykU46Rcbo28xk5srhMZFg7gv6EYB,10.040349515000006,9.950496960999999,1795.770662850609,178.85539344698876,0.7183082651402436,175.49004278271752,16.352410783,19.259056796,6304.489565485073
parEAJhzYzHW87y9VoZAQ22dzQ2MD2ekEtTReaxbMcz,3oyc6hpjYSJEquK6dSvG72NXyz3pqLZz5D8AC71pwgQb,Di2vordgFJVZ1aj1aBpvzXtLfZgJsuLLXawGtVFwX6Rz,18.21214442999991,21.46474252699977,2674.996578434474,146.8798245432368,1.0699986313737897,165.33773704884703,1105.460317296,141.330051216,185737.00828899845
BkMBnJpvHKtWhUvrgRrLesXfi9RUV3ELgdBaJcdH7hcY,5uerVwBnZQsuVhZ15igs7ZgmcqhHnYWbwoRtLyRqLvR,9YWiQh5d4jCtgMdzcGLv9bWgnLaFtzvDDh2nnhJdzhBX,0.0012210659999709605,0.0012210659999709605,0.0012254751886220617,1.003610933930849,4.901900754488247e-07,0.9998933053849557,1114.150430735,1759.273356807,2877.259206142849
Lee1XZJfJ9Hm2K1qTyeCz1LXNc1YBZaKZszvNY4KCDw,9DgFSWkPDGijNKcLGbr3p5xoJbHsPgXUTr6QvGBJ5vGN,2hNHZg7XBhuhHVZ3JDEi4buq2fPQwuWBdQ9xkH7t1GQX,3946.266948804956,3343.0237900440043,700985.6920140032,177.63260851531646,70.09856920140032,151.3027774348248,7172.988103899,56425.662392286,9811516.026297525
GokA1R67GqSavkd15zR62QD68Tuc5AEfvjssntVDEbM8,3YB7hfpBdbQEuZqLGWVDpRPmeZWCUsrrWyqGXegnQ6Cg,4DPCj6Z1DsG6HUtwSogBGqXEUxdEV5a8YVrrFtcnz7UW,63461.063096999984,63432.11899599998,63486.77524097258,1.000405164091457,6.348677524097258,1.0,26141.934197,46620.165568,72772.69153801785
C2ypsDADXcCRz8HbV2zX1AXPSja7a1P3xZtRC91xGhJh,J9bYNuDpY1d1T86gLaw7DGk5D3CsUAf2tzUwxMvb6FTv,A2NGvvPrMGzsJ4jb52KEnSBVmsA7C34dV1GC7PerdgvG,4.826218938,4.8559074540000005,727.7061060156069,150.78182638709103,0.29108244240624276,143.8419464692196,2.690096689,2.332274798,741.0966385707125
BUSDgu5JdqP1rndBvXvanbEufS94FNh1w5FJcAj6vawb,Bgzr8cWubt89JQFXndVjtdKmDbGzuPxNhvjH1EhWCwbo,Dxaf8xPBBQsasRKW5Aa4Sw2YrbfGofY9xZueyyF23FBW,12169.819273339996,12108.547192260003,12239.575675005774,1.0057319176315618,4.8958302700023095,0.9999089482911687,5052.27865403,9939.75891882,15020.091785911669
BSCNHw8CmxbZ8hCWWzMf5FaG2ajPT6JxfznKUNuRVrn4,7n9kgNL633yGzCYksgnzHyjG73ZLBAwvEae5sbAekbzW,SscdxE99omdG9AiMVwmaEMQySQnCgeAh1sPj2Leutm2,812.977422295,811.9072206319997,813.9337219782232,1.0011762930396315,0.3255734887912893,0.9998394027956048,5280.316813246,6408.579659404,11694.078472587025
ACUSESXyNnwRLAg1dpSGMLSzUDdLjUMybY8rkXiAKhCP,AhFPQdu8GKBsxuhiH46UmCu1YpaLgNpoP325HnYtsgas,A8wxWpT3aFEr2XqZp1kDmbxbFfcBE95UUmdsNTDBJYbT,15.053538871,15.061297620000005,15.051932739465105,0.9998933053849557,0.006020773095786042,0.9877740128573723,1044.547352481,1841.328673742,2863.25251795481
BerKDkt6v49dT1bHRedgnpsJS263C1DSJtEGvY9Mg35V,78XKqNb8wbfsMMrvo8WPUpdx7GEkfQutpNVH943aCGFa,DKYQwn4nDvFHCszi5tXbqfVMAP7DaXXp1KGTXEnYnKVH,0.00615164999908302,0.0013400320003711386,0.006262540713559914,1.0180261741960976,2.505016285423966e-06,0.9998933053849557,1339.269355658,5107.733238061,6470.599528788002
NorjjEePhxfwLF4vZjUHCrVVKLzQjEEGQFd3wgjEJmh,34M8pFVqgbV7aqHxvRT5tCv3vu2P1JJYT8J3VaxBK2oG,3AZWBSze3ucsY3xSeuLne3b2pauVqiaJ1SZSV5T9WGWw,0.003756999999495747,0.0013470000003508176,0.0022278040857676385,0.5929742044361586,8.911216343070555e-07,1.0,38120.278942,2260.684254,24865.026332516896
ZUCKWFa4LTL833dPhhpeeRWZcaAEoMeYJPi2iKn4F8N,7eEYpq6ShaJ9opZWMxitRFrdCHh6vfyHhGfoSvFht3N2,H8VggnHmuwd1wvwpT8eg9cUJFEfZ7HAaeYjgXrSm7A2u,0.029580035999970278,0.029580035999970278,0.029625250323641474,1.0015285418743656,1.185010012945659e-05,0.9998933053849557,1805.111925129,2042.056104091,3849.7093419955513
MATSnbbiTCv7Dc3trJrkrqjx7ckKdr6fwPoVwv9q3sD,631WX9JizSHJm4w6VanZeJAst9T8DeUUnPLesdGkCVtK,211maUSfpnXbPuW1iBu8b4dtJv5EbN1j7JJiEX5TZKEP,22779.330974000004,22769.40015400001,22790.338707595773,1.000483233401733,9.11613548303831,0.9987585431308882,20049.534289,25454.75988,45482.38178715302
C98Sspw7XqnMsgxea3SLQVdbMDL8pKUc3RE82UvX9eq2,CSqgQJurPCzGxb4Cgwx5R61hWQUiaoUHcShNc8r1cKEL,6S2CR5EnukPhC914XkAns8m5GixjMAoUuZMsS5ubHuWc,154.0901719999997,148.754092,0.0,0.0,0.0,1.0,912.517663,3938.499726,3938.499726
HEDSDjj84KS7LKhZY7ejkCACTdPen62rKhCby1wXtgxc,EnnjMSFttpCTywBrYNt1J5QQeoSVkvzPipJDa8Y7kJow,6bjVT6JN2rSvpyn9PdfLYC8wJn4LWh49jpY47fnLDXZk,26.645853009998973,27.51820195899927,25.761674846045782,0.9668174194452923,0.010304669938418312,0.9998933053849557,39124.459235709,9098.534406852,46923.7723576867
KEVpg4SYCVrqFxKijQH6hm4QxsRdoE51ud64bEEFUC9,2bPenuBYfqzD8p5dFjCcggwkHDsc2RQDnx9AoyYGUBjA,AE6n6iLuX8oYu61vt5hoDYkjswpnxFxrhSehxrnQTnbx,407.0638515830003,407.9462580380002,406.25035515307366,0.9980015507966057,0.16250014206122945,0.9998933053849557,5925.913302522,1702.856714227,7616.745694388592
NorBXypYWTkV5PMs6Q9JsvNkmRwe7H9Zr1Kz2TcJH2Y,C82XDu1d1UjtuUwnkSTwVuWyH3AqpJ3ftb9W7en8rEUu,F7cZoYpWQSFuYJzW2UUFw6sVbTtaihyD5upeeHRUPABk,0.00315199090000004,0.003153629299999988,0.0,0.0,0.0,1807.141824490386,0.2508685653,0.6545753239,1182.9104450990312
moFiBS1R4Lf3E3zzmBPnw3NF4RhWPkhREFviuzUaCAU,44ALBrpqi9PfZkBRTvbtRNtFJGsatfY4QydjtMbFWq8S,2ho8qEEie1UjVwWNBo9y4oAJZMyMLx8zPj9bxyUz6uWs,716.3155012100033,716.4084215200055,716.1677242971009,0.9997936985690625,0.28646708971884044,0.9998933053849557,35215.624903037,31893.906080711,67098.8630419076
vEnkoSUkpnbRrPgBz9DfcVxNz67zjwMYBZraAvDDNSf,DtfyjjsZ5yCjWKLKHvwsfXs5QVsmm1QkK6Sh9JZHoq1g,e5wrKCRv4GhHvEf1VD5Pq2KGaZDXP77nTL612Jyrxwy,5504.052468999998,5502.620924999999,5498.504477981714,0.9989920170547917,0.5498504477981715,0.9934284706665408,944.373787,998.029303,1934.8925984884859
heyk4SZTeCUV6a65WiVA5bzic3KcxgVf1qxobfeV4tQ,9ZDpBKPqMABtGfq66FbVribaArMvtk63xxy91onZAtDt,DaTP4s6N7xxSPinbNZ3FB52EpRDRt87QShTuN3VPCW52,176.87892190600087,152.42533073000038,30003.638846467868,169.62811918546612,12.001455538587148,151.3660788617271,623.87311459,4474.671694398,783139.9316128661
Sid7E679i9ABqptiAVhkmQ27YHN8vaYT4fppPwmxFsJ,GP7KB8o1bv527HG8kTzzzf4wJ5aEGHvcMQvVhLziUfmT,9gYxhAZ1M9wu5pxr8SBoa5NDm21gi3s9vMHaYTME77sa,2900.081893000006,3654.0121580000086,45.41607147323126,0.015660272071231187,0.018166428589292506,0.019388700261609795,105322.067293,26366.307579,2160.5806635675413
AURHmCnNwiW4uA2Qj1XvEh4iKgRUZYXtiY7FKAapUV5Y,BKWm4TRnTeKwfWXRyuzjRHU7iZDkPuXBX5b5V5jSVfGJ,A5Ww74HVrkj9nPeC7pHKLfgeDMEhBCpW1efQdz3TGLEg,0.05464783200017109,0.04952994599989324,8.87402028718396,162.38558717491622,0.0035496081148735843,152.0358050402302,289.887793098,1809.500416274,322182.4520059086
wrmcMSHFi3sWpAEy4rGDvQb3ezh3PhXoV2xNjgLBkKU,8p4mGnARWPBu6P2Gcw4adodLkNDorrXniZMhaY7eJXUn,AyY89zccbsgp9LKFgH4CFZMJmpSgqmPSdTfukhP227rc,0.01213630999999997,0.07800634000000048,3.2014914939472274,263.79447245062426,0.001280596597578891,3225.0782081465472,27.20500174,0.0845408,7449.179773800891
BkwbeSfcX1h4thMDd7obGkHrPevf3QwgzJ4pCEqG18Lu,35yX27bmurdebhfAb8EPmjLETDiUaEUCn9zHaDPbakH2,2CxECn1ZJFoESyUnQysQU8rRgT3iJ5GRs2Mdd6gZjx5g,0.019905579999999645,0.012553909999999946,35.48041994189196,1782.4358768693296,0.014192167976756783,1129.9435028248588,0.85842642,22.70444868,27184.834319846937
WiiQFxXqp8P9Fs1rt9SVcDyA3KUdJmUsog6wnVQAwba,3S2jpqSYxho6wiz3cafhjXruVY8cg4HYa2v3BqBHYFSj,Dfe67M6TfrG74gKRtdqys4e6E9QirPD53BkF4FujFjuv,20786.533097239993,20832.670689606006,20732.233842620863,0.9973877676298825,2.0732233842620866,0.9998933053849557,21143.064497623,5641.642960138,26728.874927352976
BSC8REUo9LpiiWUuqMuLXs2D2yJsJfGd4HdiF3wCLxk5,AZjEH1zWVx1UJ6udMyRijGTzPteuLnaY18yNNmprJEsh,Caf8ypkSVR8xYnXNhjvfvdGCC7mrM3C11rz8Xi6NA6aK,1567.9406100819992,1564.0425539129992,1570.4979004988165,1.0016309867863449,0.6281991601995266,0.9998933053849557,2728.296156598,3618.314799612,6350.6747164859935
BSCuChvaSj9b5HUSqgDVRzcnr2sSn7cXaamt1jbKH6hn,GnKpRj5kBVPMJfiwZtEuD9GYApLzPdW5JFuZTcyX4BTc,3dmwD9okkomV9nDwyuh4UMhKdUR13QpuKxRo89ycZB5t,1378.9445358769995,1376.066309175,1376.188498219156,0.9980013426311662,0.5504753992876623,0.9984424298094972,1737.96584377,1370.034627042,3102.3929474765305
KEN5P7p3asnb23Sw6yAmJRGvijfAzso3RqfyLAQhznt,9zj4aX38Uxf3h6AUjS4EipWS8mwbEofasHAf3a1uKGds,CwQDG1MWunn9cLNwcZLd8YBacweSR7ARo32w4mLua1Yr,759594.1724810011,760908.709033001,754216.6080654941,0.9929204769989971,75.42166080654941,1.0,1510349.508447,706682.391322,2206339.345684396
ALBpShJ9NLpE739pcHDF2LNVk5J4VYPvvKuV6jMPitZi,D6d156U1bPiJpDYRLextvDRccgFk7QzkQbJg42ceKEu5,GNcM8U5g8RwTZffwwm3kSQqUNPSwv5d2fbN9sLxPJqt2,6391.982653000006,6380.635203999998,6402.2903404481285,1.0016125962800109,2.5609161361792516,0.9985810163757302,44260.676112,56063.050015,100315.54817875108
BUSDTd9WiT6uBHJRgNvFXBsA7JrifsAtWzKfioN7ERcy,DyBxrn7gSc1EwnpWhDyhzvMHPtxpmBqRqotapLcKcfTM,Cds99GeBgoCpqBsoRWu1C6fF9LiUMd4pXQQD24s9LPff,5263.71361265,5282.412303659999,5268.282056117782,1.0008679126191067,0.5268282056117783,0.9985850050478472,306.10442545,340.20827464,646.0969789923163
oKQqupM9E7SSLAFDLxr7mdsXP7znck9qRbVWc6Yyj7Q,CMR2J7CwfW98RpvnJmFBgRFTLAd3x8CJ1SWs8Bt3uunG,FmRb5jHfSNj1YWP3b45d9vvYuhwjp4om8bALmtqZpr1v,0.00396816000011313,0.001352940000288072,0.0040164825832256995,1.0121775793090984,1.60659303329028e-06,0.999923205897787,2176.27630641,3719.60569329,5922.098133240017
STK75uPSyBnEhGTTzb1nwmP3n427XoXmfRhXxxhyady,6TYyD5fUmDe6N65avW1Ny2RxzRNobw2RRgKwH9CTzSAU,54zDfk4cx2vGrEajPtodWpArNe5eUurytyxd4X3aZAxK,2148.047568373007,2408.7010875980222,325867.5072041228,151.70404603793025,32.58675072041228,170.48719956532582,3928.410456272,709.353811895,716891.5056051415
SoN9GaFpSXfpyR5dth3x7PHPVhvJMpQqqDJfCSmPv1t,9kZ9iS68ViMPtoeqtnhAKuF2iqVyfHPdZHoUNdwCELr,BBhm5fJLjw3HRzjtKB8uMEYjGhY6EDm9co3cqpjrSzB9,2.4839620109999956,2.439578052999999,440.9468379332264,177.5175449465548,0.17637873517329056,175.95432788701902,3.812427765,5.821404822,1701.0741899421428
