0,1,2,3,4,5,6,7,8,9,10,11
RajgMbScQbqqrdJfR2rxfHJiTiY5b6bJ2tTXiF4aPxy,725ZA3fhyBAKb5iopNRrcbSuQa3LXA1656Q3mBvYPxeg,GLA6i1dSZpUfk2f9Nj8uiG7xyDdAR2reff8oEiZH3617,6646.128897469971,6651.491113839977,6638.930172705103,0.9989168544763543,2.6555720690820417,0.9998970505996703,109186.69341061,72662.19607958,181723.1438824676
DFWzVTzNBrQZLjoQ4yQwkj9HuoXmfkuZP9V5vbymZe23,DhgiEgiNdqZdRdo195UUHnoEJUtefK8buko8nU97XJUZ,2K2kkXsouBHtWVjtcgkyiXd8eP3oVBvq1bTJzcVdLLr2,2272.852931415997,2808.7846655620015,1866.4532763979992,0.8211940379420815,0.7465813105591997,0.9998739928797953,61690.799184893,7285.048445542,57944.24696408318
parEAJhzYzHW87y9VoZAQ22dzQ2MD2ekEtTReaxbMcz,3oyc6hpjYSJEquK6dSvG72NXyz3pqLZz5D8AC71pwgQb,Di2vordgFJVZ1aj1aBpvzXtLfZgJsuLLXawGtVFwX6Rz,7.633983568000019,8.981882191999375,1292.6112340586387,169.32329268784136,0.5170444936234555,197.83610821555985,1102.793404618,143.588657946,215135.63169628655
NorjjEePhxfwLF4vZjUHCrVVKLzQjEEGQFd3wgjEJmh,34M8pFVqgbV7aqHxvRT5tCv3vu2P1JJYT8J3VaxBK2oG,3AZWBSze3ucsY3xSeuLne3b2pauVqiaJ1SZSV5T9WGWw,0.0068929999997635605,0.0013730000000578002,0.004095820694063383,0.5942000136666002,1.6383282776253532e-06,1.0,38110.243979,2266.626965,24911.73445815927
GokA1R67GqSavkd15zR62QD68Tuc5AEfvjssntVDEbM8,3YB7hfpBdbQEuZqLGWVDpRPmeZWCUsrrWyqGXegnQ6Cg,4DPCj6Z1DsG6HUtwSogBGqXEUxdEV5a8YVrrFtcnz7UW,89905.60813999997,89901.96724599984,89930.96867316579,1.000282079546432,8.993096867316579,1.0,37349.928918,53395.755006,90756.21957500846
KwnjUuZhTMTSGAaavkLEmSyfobY16JNH4poL9oeeEvE,J63v6qEZmQpDqCD8bd4PXu2Pq5ZbyXrFcSa3Xt1HdAPQ,BnKQtTdLw9qPCDgZkWX3sURkBAoKCUYL1yahh6Mw7mRK,179.07281400000693,6020.469671999977,3.14790667759197,0.017578920034125606,0.000314790667759197,1.0,274534.285765,643.234965,5469.251221088722
ALBpShJ9NLpE739pcHDF2LNVk5J4VYPvvKuV6jMPitZi,D6d156U1bPiJpDYRLextvDRccgFk7QzkQbJg42ceKEu5,GNcM8U5g8RwTZffwwm3kSQqUNPSwv5d2fbN9sLxPJqt2,11995.454574999982,11957.554507000008,12015.893610030644,1.001703898331061,4.806357444012257,0.997432608465809,38066.680154,62265.310576,100236.99305153685
wrmcMSHFi3sWpAEy4rGDvQb3ezh3PhXoV2xNjgLBkKU,8p4mGnARWPBu6P2Gcw4adodLkNDorrXniZMhaY7eJXUn,AyY89zccbsgp9LKFgH4CFZMJmpSgqmPSdTfukhP227rc,0.010382320000001125,0.055417030000002365,3.2444750000003513,312.5,0.0012977900000001408,3567.8607107178536,27.16439067,0.08796741,8802.727550337608
SAMyS8Jr2HJrkFwYVKbpUwsNStnQmvz3f8Tup8bWUWF,6jPzm5TFfquvgm25sTyN3MMGBfufRaFHMxobDWv6hMFW,Cj9ECoDmxsHTDzCY5ZA6RWrPbg9uFzEC1Qc2kso2vJG6,1162.4704843299903,58.77421873000662,1164.6657628263417,1.0018884595574198,0.4658663051305367,0.025408722163855566,529.67977457,106832.71236596,3245.162759920433
TETFuZgEmET6d9vYmz9iMFCxK1jKdKYxf3oPz8hSzJK,Eu1Ze6Z84LWNkq7SNoAHBJbXx5t1P95EwyqYohrfCRFV,ASMbv7WNu3qe4pkhREmvyEdwFNDZQ6B6iSrjkj4u8bdC,21.04956833300001,21.08023164799998,21.180881623243817,1.0062382889837196,0.008472352649297528,0.9872886585215352,292.940955396,59.408554764,353.4217980685799
WiiQFxXqp8P9Fs1rt9SVcDyA3KUdJmUsog6wnVQAwba,3S2jpqSYxho6wiz3cafhjXruVY8cg4HYa2v3BqBHYFSj,Dfe67M6TfrG74gKRtdqys4e6E9QirPD53BkF4FujFjuv,6608.052132642001,6621.739217732,6590.300157442306,0.9973135842691063,0.6590300157442307,1.0,21254.488829386,5527.708189864,26725.098626106632
MATgk4zXLXtYkwBH678J1xZbRDZ45LicNzkRBHkxTuY,y8dALFo1bJrSzPYjMX14HJX448pXqYmrfXHD1K8MXih,GN7Yuet3UyiWS5YVkEHv6oQKi4HGBJc3XDPt9zQhAqZz,14444.294851999999,14439.344412000006,14451.347109389382,1.0004882382602711,5.780538843755753,1.0,7285.746477,7482.225592,14771.529249184707
FrnkTEL6yZ5Aycq2TrEgu29dCrwKG4LPUZydfiwqspkc,DjvZuMZ46fxKBoBpGMPcRcos4xdTtHFxwMh69DpA2ZFY,9rvDPJLAng4uVVqnnSoEXgNDFhBZQTny9AoQioYDZbQX,989.3542778629992,832.557871774,202985.06426680193,205.16923897600034,81.19402570672077,172.9814705708354,179.397505116,1464.213206742,290088.60333031265
MATSnbbiTCv7Dc3trJrkrqjx7ckKdr6fwPoVwv9q3sD,631WX9JizSHJm4w6VanZeJAst9T8DeUUnPLesdGkCVtK,211maUSfpnXbPuW1iBu8b4dtJv5EbN1j7JJiEX5TZKEP,29052.573502000014,29027.059125000007,28976.163359221744,0.9973699354801389,11.590465343688699,0.9985112197713211,26607.484336,18881.921699,45391.31560278019
HDSBGqAuMRr6X2AfmmbXQPpRgU6VEhtfNVVZ3wUTZXg,DCZ1d8kNLgDcdSd99y4udLgwq46mfDXNS9KXj96kQf5L,Fq8GGYQM5Pz3q7LmVMbrXHJgsxA5ev86kTq8yGgGuYsa,1.686919127998408,1.6905044529994484,1.6816160911168916,0.9968563775266402,0.0006726464364467567,0.9997446961966769,72990.475420718,71618.586318861,144361.3227432294
SEQV6QiTpvTzrceiaYg9Avnwf7oc8ZALpnQMz6TyT4A,3dFMPj4r9mMmPHF32mz1gNDX7f8ftidWof7S8YiYTs1j,Fc1ED3YPeQfXQosHbd8DTaBd2AV5gHQtwiSAL5C5pUhi,3156.573527971999,3145.185567589,3156.096780616706,0.9998489668144689,1.2624387122466825,0.9984563864265844,1736.527430906,3884.873150056,5615.141564766924
BSC8REUo9LpiiWUuqMuLXs2D2yJsJfGd4HdiF3wCLxk5,AZjEH1zWVx1UJ6udMyRijGTzPteuLnaY18yNNmprJEsh,Caf8ypkSVR8xYnXNhjvfvdGCC7mrM3C11rz8Xi6NA6aK,2437.436778478,2430.345823157,2443.4139088936276,1.0024522196712564,0.9773655635574511,0.9988405508827379,2632.233793169,3713.870872695,6348.253437045983
BUSDgu5JdqP1rndBvXvanbEufS94FNh1w5FJcAj6vawb,Bgzr8cWubt89JQFXndVjtdKmDbGzuPxNhvjH1EhWCwbo,Dxaf8xPBBQsasRKW5Aa4Sw2YrbfGofY9xZueyyF23FBW,10855.272203629993,10791.411869140004,10918.070982669531,1.0057850948241112,4.367228393067812,0.9998970505996703,4990.75326848,9993.14523052,15011.74169159301
DA1mL7dfBow33EH5yjUuZE6SH2KeUK5zEXzsyhE5r5j5,B4UtLRZND3D83CitRCBUyeiNr7H8m7YFRqBmiPmXjhW4,AAmpYbuixWiSqDaJBCqYEs1pb5SrbdPr9mgXrB58Q2e,53.82144940300003,53.889999999999986,65.20212591173218,1.2114524345770923,0.02608085036469287,0.9994738329974616,167.457062883,2970.783786876,3172.086924992409
Lee1XZJfJ9Hm2K1qTyeCz1LXNc1YBZaKZszvNY4KCDw,9DgFSWkPDGijNKcLGbr3p5xoJbHsPgXUTr6QvGBJ5vGN,2hNHZg7XBhuhHVZ3JDEi4buq2fPQwuWBdQ9xkH7t1GQX,2916.178154882695,2472.091047093999,594719.3039033299,203.93791885024694,59.471930390332986,172.55915931938526,7204.505510386,56385.14136429,11199044.452059835
7dwD9TF6uikvHXxPFK9AsSim54yJoujQjY9vU6gNFumk,CquVr6atkvwueDYficKjn6SSEWq4F4rH4VSiBbW4GBWU,8BCa6ge3b7ho3TfZuM64Vk1hgbrJ3J7EPiAb9uP86CGd,5.4293000000000396e-05,5.4458999999999324e-05,0.011018831439257182,202.95123568889363,4.407532575702873e-06,203.20660015037288,0.003888335,0.003619567,1.524662297108859
ACUSESXyNnwRLAg1dpSGMLSzUDdLjUMybY8rkXiAKhCP,AhFPQdu8GKBsxuhiH46UmCu1YpaLgNpoP325HnYtsgas,A8wxWpT3aFEr2XqZp1kDmbxbFfcBE95UUmdsNTDBJYbT,0.0,0.0027924860000894114,0.0,0.9996945573237336,0.0,0.9878767049617103,1044.479259547,1841.390280505,2863.226793860458
BSCuChvaSj9b5HUSqgDVRzcnr2sSn7cXaamt1jbKH6hn,GnKpRj5kBVPMJfiwZtEuD9GYApLzPdW5JFuZTcyX4BTc,3dmwD9okkomV9nDwyuh4UMhKdUR13QpuKxRo89ycZB5t,1061.3367667069997,1056.221533137,1065.2950729566342,1.0037295478436272,0.4261180291826537,0.9994293258549367,1139.435612131,1968.623187657,3111.1849370636073
C2ypsDADXcCRz8HbV2zX1AXPSja7a1P3xZtRC91xGhJh,J9bYNuDpY1d1T86gLaw7DGk5D3CsUAf2tzUwxMvb6FTv,A2NGvvPrMGzsJ4jb52KEnSBVmsA7C34dV1GC7PerdgvG,0.5109482390000002,0.5115746380000004,88.34858708344223,172.91103156819412,0.03533943483337689,172.5099822901252,2.667044017,2.353161653,867.1052073020819
ALLwa5WNZbvQsRKAqe1jdRGemdYQnW8E5k4msbRFcYtu,CGoM82Hbz7QVqTgvQatYtjvDWBvoUJp5qm21P8iMs9yb,3dxNNww8TivyN5FMy5dCNdi3Zcxv6e4kUfSPxfFwpdNq,8.451201155999998,8.450102918000002,30145.17979668271,3566.9698591046904,12.058071918673084,3570.408454727221,5.198449282,3.419839736,30752.936610204924
STK75uPSyBnEhGTTzb1nwmP3n427XoXmfRhXxxhyady,6TYyD5fUmDe6N65avW1Ny2RxzRNobw2RRgKwH9CTzSAU,54zDfk4cx2vGrEajPtodWpArNe5eUurytyxd4X3aZAxK,1560.2411990829946,1750.7340225750304,261787.28089744836,167.78641728683323,26.17872808974484,194.00098513700254,4983.885050332,903.721231327,1011551.0259312778
MARpDPs5A7XiyCWPNH8GsMWPLxmwNn9SBmKvPa9LzgA,6YjT74rmcfCpw8LSjPNx5JTmZoYLGrTKnf9arfSgZ4SR,F8GSmi3vA8M8TsybLya1LQ4n1aFHCRbZ6k437PeTdXtg,182650.31407899995,193431.2239419992,167219.009449025,0.9155144916788888,66.88760377961002,1.0,320239.902629,14883.700579,308067.9722496858
Sid7E679i9ABqptiAVhkmQ27YHN8vaYT4fppPwmxFsJ,GP7KB8o1bv527HG8kTzzzf4wJ5aEGHvcMQvVhLziUfmT,9gYxhAZ1M9wu5pxr8SBoa5NDm21gi3s9vMHaYTME77sa,632.0996439999981,766.4784760000257,12.495531505668867,0.019768293850943704,0.004998212602267546,0.024611526133909,107437.268939,24695.020384,2731.63364248725
KZMu9QBEdL97EFgamLbN5DE1AoKBG4HdrKKJo4Vuon3,DD4ACBWyVqdaKWh7v5btsgqQCCMwbKnuL2xd9pv7Gyuw,GcYqiJ1MAuYbNTNYXm1F1gQYTfTgkErACAhNU5dpVj9T,63.907002919999286,63.79549833000101,63.97358278654856,1.0010418242681889,0.025589433114619423,0.9998970505996703,2398.9906439,2490.71360066,4891.947153760391
ercAoEmXjQzEvAFbdjAo81KtMxRGn9AW1ju882upmPH,CMRhskR2Eg6V42RTSdRTXGdozyPbWB8U9dVpijPWb9T4,7TKLLgrWswt6ZJ1pXhVR3FyufHGjJFqiEXxvWJfDcgRm,0.5948478490000753,0.5952540849998513,102.98558854439386,173.12929468856638,0.041194235417757546,172.3790200942224,930.78899639,923.07008355,320264.75892952026
B2izdXFYb2sNwbWWHmh75T4aQFtfXsUxem9u2p61HGzf,4DYwgJtxwuJdAjkj5RJSNH4e7U329V5cNp7d3a1nLrZv,EXNW64GEf1ACC6xY9BtKRiunrs6GoJSXBdxWN2eTPmrF,7602.303304999983,7495.178246000003,7707.94844640643,1.0138964649485853,0.770794844640643,1.0,9003.236807,30802.19916,39930.54913171229
AUSejoEUCh2DBs9mof6BNC8Pubs22w4cJa1ccV9h44R,4xkyD7AfGQDwsQMy9MosRRNGoVJ1zosNinesxg1TzHG7,Cbm5gsQe3nSiCsFrvepVzMCD9xLK3ri9g3ypS2hdmVJ7,525.3235619999978,525.8480620000028,525.0201003819769,0.999422333891011,0.0525020100381977,1.0,14685.936619,14186.917662,28864.370713136443
BSCNHw8CmxbZ8hCWWzMf5FaG2ajPT6JxfznKUNuRVrn4,7n9kgNL633yGzCYksgnzHyjG73ZLBAwvEae5sbAekbzW,SscdxE99omdG9AiMVwmaEMQySQnCgeAh1sPj2Leutm2,797.6516215410002,795.9527218020012,799.4779425571542,1.0022896223950823,0.3197911770228617,1.0,5043.033839521,6645.872889463,11700.453372202126
heyk4SZTeCUV6a65WiVA5bzic3KcxgVf1qxobfeV4tQ,9ZDpBKPqMABtGfq66FbVribaArMvtk63xxy91onZAtDt,DaTP4s6N7xxSPinbNZ3FB52EpRDRt87QShTuN3VPCW52,68.94124402999932,59.87199996000038,13595.14875119736,197.19906338332856,5.438059500478944,173.13181252040792,635.744052699,4460.928852477,897696.8294976907
YAkoNb6HKmSxQN9L8hiBE5tPJRsniSSMzND1boHmZxe,CfWX7o2TswwbxusJ4hCaPobu2jLCb1hfXuXJQjVq3jQF,EnTrdMMpdhugeH6Ban6gYZWXughWxKtVGfCwFn78ZmY3,8778534.566754993,8777103.395052005,8778534.566754993,1.0,877.8534566754994,0.999764055682859,535484.929618,845560.286982,1380845.7114554865
C98Sspw7XqnMsgxea3SLQVdbMDL8pKUc3RE82UvX9eq2,CSqgQJurPCzGxb4Cgwx5R61hWQUiaoUHcShNc8r1cKEL,6S2CR5EnukPhC914XkAns8m5GixjMAoUuZMsS5ubHuWc,62.869719000000714,62.02803400000005,0.0,0.0,0.0,1.0,838.195583,2231.22199,2231.22199
SQDY9uoDoCbNq7F3HAHYYQZbrUzpKxDtdWLvYcqBLak,GiehZ4X2uQjhEKuxSm3ACmEFrabxh3RTvjbLfLjw1xGX,rxDQYV77NKRKYxCjq4cECX3QQsiSyLv1T1FT2X3zNA2,0.0013680970000109482,0.0013680970000109482,0.0013711394831113007,1.002223879666667,5.484557932445203e-07,0.9994469829970271,168.73007208,237.826936969,406.80072208554515
Lid8SLUxQ9RmF7XMqUA8c24RitTwzja8VSKngJxRcUa,4PgzyzLtds9bKZ2to9PMnKqJzKEUpjvNUaeN23phegax,AtymwxoVN9peZo7EXTcDz9jKVc4vRmisJKKrNfe3ewBa,114.1011392050076,97.03746557699947,23197.700828889207,203.30823154367874,2.3197700828889207,172.43507991676213,990.16713943,7672.757195526,1524361.630242614
moFiBS1R4Lf3E3zzmBPnw3NF4RhWPkhREFviuzUaCAU,44ALBrpqi9PfZkBRTvbtRNtFJGsatfY4QydjtMbFWq8S,2ho8qEEie1UjVwWNBo9y4oAJZMyMLx8zPj9bxyUz6uWs,1597.0911721569973,1598.817480359001,1595.783697104665,0.9991813397537183,0.638313478841866,1.0,37552.072659601,29558.475761355,67079.8060319041
KEVpg4SYCVrqFxKijQH6hm4QxsRdoE51ud64bEEFUC9,2bPenuBYfqzD8p5dFjCcggwkHDsc2RQDnx9AoyYGUBjA,AE6n6iLuX8oYu61vt5hoDYkjswpnxFxrhSehxrnQTnbx,242.35387672299998,242.99806082799932,241.7658767253868,0.9975737957834062,0.09670635069015472,1.0,6029.23773285,1599.552217097,7614.161787936712
KEN5P7p3asnb23Sw6yAmJRGvijfAzso3RqfyLAQhznt,9zj4aX38Uxf3h6AUjS4EipWS8mwbEofasHAf3a1uKGds,CwQDG1MWunn9cLNwcZLd8YBacweSR7ARo32w4mLua1Yr,1708063.1921940004,1712079.3784340029,1703846.1729160333,0.9975311105015088,170.38461729160335,1.0,1476451.248821,751094.705885,2223900.7597227516
JSoLLrxK5bYdHwTEWYaGgmeycBCNXKDiBCTw5hXGBg7,xG4wXczA7Dk4hccJ61CHKpDHW4NrNfQwgmWgkb9BuF2,BVR6WgfhsRr9Lob4QDnkEAiNGgAbv7ZieKcY9kSg3QYR,14.347365707999899,12.323129665000007,2875.261618289921,200.4034522300295,1.1501046473159686,173.23672729490156,17.455410026,163.398219709,31804.697257501506
SoNcU2iwHMw6dGzsYNQkYFkUjwN1UdAjrWVRnStrZu2,8ivTTid27jZnYNc4w3CTA1Z6QS2twsFb8WMwUabeDJgc,CyXm53PMvHCbeXJBykU46Rcbo28xk5srhMZFg7gv6EYB,31.78608490699997,31.401093978000034,6487.402277870941,204.09566943685718,2.5949609111483767,201.8812506220466,15.459823402,20.147891451,7222.764530131902
HEDSDjj84KS7LKhZY7ejkCACTdPen62rKhCby1wXtgxc,EnnjMSFttpCTywBrYNt1J5QQeoSVkvzPipJDa8Y7kJow,6bjVT6JN2rSvpyn9PdfLYC8wJn4LWh49jpY47fnLDXZk,17.069685074000517,17.623879840997688,16.48375326717423,0.9656741290606032,0.006593501306869692,1.0,39106.347161865,9115.253799676,46879.24153595158
BkwbeSfcX1h4thMDd7obGkHrPevf3QwgzJ4pCEqG18Lu,35yX27bmurdebhfAb8EPmjLETDiUaEUCn9zHaDPbakH2,2CxECn1ZJFoESyUnQysQU8rRgT3iJ5GRs2Mdd6gZjx5g,0.016581209999998237,0.01036529999999991,33.627829155508714,2028.0684675914658,0.013451131662203486,1270.6480304955526,0.84736611,22.72197826,30590.153413228403
Cob4usZcpHEY7Qt4ZCwj6WVg9S44zvzYV2v9qYF65dTf,NhFM9UXE48PyNAyeyPYA3iXztqKVJwA4bTdLj4ysM8w,6TuFuynuBoeskxyR2cz4wxyidk8dpDK7kAWw3UkjQGx,15.303073999999981,785.6837570000062,0.3028049640145056,0.019787198572947237,0.00012112198560580225,1.0,61917.123184,309.213231,1534.379642507443
BUSD5rCfUDpCxKGMvYU2yThChxgHoioK74PTPociGnv2,CcFHbafgYDZ8yA8Me1PdtDiVb2eeaS61LbqyKKK5CsNZ,26R9s4nmF3CFDTkiePDwRmtscn8i7r2eygbSijditJ58,873.0512526399998,872.9818030000001,872.868796875389,0.9997910136844096,0.0872868796875389,0.9998970505996703,73.93770119,73.00848767,146.92322071222046
ZUCKWFa4LTL833dPhhpeeRWZcaAEoMeYJPi2iKn4F8N,7eEYpq6ShaJ9opZWMxitRFrdCHh6vfyHhGfoSvFht3N2,H8VggnHmuwd1wvwpT8eg9cUJFEfZ7HAaeYjgXrSm7A2u,0.004088781999826097,0.001327289999835557,0.004095468203879195,1.001635255695555,1.6381872815516782e-06,1.0,1805.111925129,2042.025132394,3850.088877079681
iLiUBQ7Z7im6Ew3b4ewwPcehzWgEQRJ1iQz7g6D62NW,GpugBvKWM3TVhYcZjemSdtehBWgfvuGr6uAm9iPjXT6v,92fMXJ3xy8tEyMUWLHKRLyhPw2nECBo77GtDiBBbYrjX,0.001352010000118753,0.001352010000118753,0.0013222728700242649,0.9780052439760978,5.28909148009706e-07,1.0,1865.637227489,1097.91461127,2922.51760311127
BUSDTd9WiT6uBHJRgNvFXBsA7JrifsAtWzKfioN7ERcy,DyBxrn7gSc1EwnpWhDyhzvMHPtxpmBqRqotapLcKcfTM,Cds99GeBgoCpqBsoRWu1C6fF9LiUMd4pXQQD24s9LPff,13284.77657359,13247.726332440003,13279.837536413455,0.9996282182730598,1.3279837536413457,0.9982690015513102,332.49226266,312.90399167,644.7310034582243
vEnkoSUkpnbRrPgBz9DfcVxNz67zjwMYBZraAvDDNSf,DtfyjjsZ5yCjWKLKHvwsfXs5QVsmm1QkK6Sh9JZHoq1g,e5wrKCRv4GhHvEf1VD5Pq2KGaZDXP77nTL612Jyrxwy,3298.484229999998,3297.558431000001,3285.172710178356,0.9959643524438974,0.32851727101783557,0.9996621142053986,656.713553,1285.060314,1938.6893989294697
daob129AwBGn9Y5r91uLoWZeYiGzbPmksauMhFZKTze,6VW5GQNyj4LStgmxEHLr5zUfW92vQnmbw8jTnCH7a38F,4VPCCUifPeBA1c7HWK358CHn2nyjm8pdTRk6Ps3KmnMQ,13.827870483999867,12.40297426600003,2656.972983089186,192.14621558421098,1.0627891932356746,172.98485188950488,48.725884294,223.250140238,47981.386711467865
SoN9GaFpSXfpyR5dth3x7PHPVhvJMpQqqDJfCSmPv1t,9kZ9iS68ViMPtoeqtnhAKuF2iqVyfHPdZHoUNdwCELr,BBhm5fJLjw3HRzjtKB8uMEYjGhY6EDm9co3cqpjrSzB9,8.147782275000004,7.979248356999998,1666.1875891474067,204.49584106583234,0.6664750356589627,201.3169348610873,3.667052687,5.96696698,1951.148526291704
BkMBnJpvHKtWhUvrgRrLesXfi9RUV3ELgdBaJcdH7hcY,5uerVwBnZQsuVhZ15igs7ZgmcqhHnYWbwoRtLyRqLvR,9YWiQh5d4jCtgMdzcGLv9bWgnLaFtzvDDh2nnhJdzhBX,15.543830480000224,15.537117800000033,15.601447812481751,1.0037067653662115,0.006240579124992701,0.9986564335993028,1114.150430735,1759.272135741,2875.188761774134
