0,1,2,3,4,5,6,7,8,9,10,11
ZUCKWFa4LTL833dPhhpeeRWZcaAEoMeYJPi2iKn4F8N,7eEYpq6ShaJ9opZWMxitRFrdCHh6vfyHhGfoSvFht3N2,H8VggnHmuwd1wvwpT8eg9cUJFEfZ7HAaeYjgXrSm7A2u,167.92843347099983,167.65633521899986,168.08620809448635,1.0009395348972498,0.06723448323779455,0.9947498426323157,1815.583619326,2031.486749081,3838.1105474531914
BUSD5rCfUDpCxKGMvYU2yThChxgHoioK74PTPociGnv2,CcFHbafgYDZ8yA8Me1PdtDiVb2eeaS61LbqyKKK5CsNZ,26R9s4nmF3CFDTkiePDwRmtscn8i7r2eygbSijditJ58,1552.8655059800003,1556.0196518900002,1553.453115155339,1.0003784031347698,0.1553453115155339,0.9991551044521242,65.65613251,81.03714332,146.649652394755
Lee1XZJfJ9Hm2K1qTyeCz1LXNc1YBZaKZszvNY4KCDw,9DgFSWkPDGijNKcLGbr3p5xoJbHsPgXUTr6QvGBJ5vGN,2hNHZg7XBhuhHVZ3JDEi4buq2fPQwuWBdQ9xkH7t1GQX,809.8616057410163,688.0783644150042,168950.1304874661,208.616051544854,16.895013048746613,176.93672282756208,7233.2802806,56353.229167649,11479934.061530424
WiiQFxXqp8P9Fs1rt9SVcDyA3KUdJmUsog6wnVQAwba,3S2jpqSYxho6wiz3cafhjXruVY8cg4HYa2v3BqBHYFSj,Dfe67M6TfrG74gKRtdqys4e6E9QirPD53BkF4FujFjuv,10490.557230186,10517.66579653099,10477.584827635055,0.9987634210207998,1.0477584827635056,0.9951155658007833,17940.12119201,8825.7474265,26700.575459196014
RoBgmK8CvjdHvPrqdDyVw54VwjZv2TqJ493xnqJAQHx,ExiHJxM7qPAcy27NDHAF6G7vnW7muNHi2sVJpnaNynGQ,6rkPHSqZb7StM4HwS9EuVrmfkV7tRdc7dnsFhyB6cefE,20.599474000000463,7.7711959999993105,0.0,0.0,0.0,0.9712415380580998,6164.704426,20.836576,20.23734812210449
BkwbeSfcX1h4thMDd7obGkHrPevf3QwgzJ4pCEqG18Lu,35yX27bmurdebhfAb8EPmjLETDiUaEUCn9zHaDPbakH2,2CxECn1ZJFoESyUnQysQU8rRgT3iJ5GRs2Mdd6gZjx5g,0.030715359999996528,0.020053310000000657,63.092578518161424,2054.1051291005074,0.025237031407264573,1269.0355329949239,0.83431856,22.74286681,30575.28413746066
Sid7E679i9ABqptiAVhkmQ27YHN8vaYT4fppPwmxFsJ,GP7KB8o1bv527HG8kTzzzf4wJ5aEGHvcMQvVhLziUfmT,9gYxhAZ1M9wu5pxr8SBoa5NDm21gi3s9vMHaYTME77sa,22722.47087800001,26864.21119099999,532.9073527096485,0.023452878675514627,0.21316294108385944,0.02599654776244334,93538.382913,36376.123283,3139.397972301456
KEN5P7p3asnb23Sw6yAmJRGvijfAzso3RqfyLAQhznt,9zj4aX38Uxf3h6AUjS4EipWS8mwbEofasHAf3a1uKGds,CwQDG1MWunn9cLNwcZLd8YBacweSR7ARo32w4mLua1Yr,230109.12048700126,230155.7189990012,229909.5589897981,0.999132752770595,22.99095589897981,1.0,1626242.599136,1595817.833041,3220650.077788559
ALBpShJ9NLpE739pcHDF2LNVk5J4VYPvvKuV6jMPitZi,D6d156U1bPiJpDYRLextvDRccgFk7QzkQbJg42ceKEu5,GNcM8U5g8RwTZffwwm3kSQqUNPSwv5d2fbN9sLxPJqt2,93.99036600000545,94.15512600000511,93.69401184055377,0.996846973024324,0.03747760473622151,0.9981633793819372,55211.535794,45086.123596,100040.76982408809
YAkoNb6HKmSxQN9L8hiBE5tPJRsniSSMzND1boHmZxe,CfWX7o2TswwbxusJ4hCaPobu2jLCb1hfXuXJQjVq3jQF,EnTrdMMpdhugeH6Ban6gYZWXughWxKtVGfCwFn78ZmY3,3963712.3011780023,3964751.3632349824,3963712.3011780023,1.0,396.3712301178002,0.9994642871420918,946670.530123,425552.926495,1371995.4824435562
iLiUBQ7Z7im6Ew3b4ewwPcehzWgEQRJ1iQz7g6D62NW,GpugBvKWM3TVhYcZjemSdtehBWgfvuGr6uAm9iPjXT6v,92fMXJ3xy8tEyMUWLHKRLyhPw2nECBo77GtDiBBbYrjX,0.36339522100001886,0.3553975229999651,0.3552080199808242,0.9774702567726,0.00014208320799232967,0.9951488256164619,1865.130452056,1098.40848241,2916.1894532030456
HDSBGqAuMRr6X2AfmmbXQPpRgU6VEhtfNVVZ3wUTZXg,DCZ1d8kNLgDcdSd99y4udLgwq46mfDXNS9KXj96kQf5L,Fq8GGYQM5Pz3q7LmVMbrXHJgsxA5ev86kTq8yGgGuYsa,1616.87177874,1621.0934846340006,1604.2204662123643,0.9921754385882753,0.6416881864849459,0.9951488256164619,15960.526586317,15074.987429121,30837.49850215159
AURHmCnNwiW4uA2Qj1XvEh4iKgRUZYXtiY7FKAapUV5Y,BKWm4TRnTeKwfWXRyuzjRHU7iZDkPuXBX5b5V5jSVfGJ,A5Ww74HVrkj9nPeC7pHKLfgeDMEhBCpW1efQdz3TGLEg,0.08006328800001938,0.07140261100005318,15.793092551497427,197.25760640124602,0.006317237020598971,176.93672282756208,289.827361278,1809.567355061,377349.56909552024
BSCNHw8CmxbZ8hCWWzMf5FaG2ajPT6JxfznKUNuRVrn4,7n9kgNL633yGzCYksgnzHyjG73ZLBAwvEae5sbAekbzW,SscdxE99omdG9AiMVwmaEMQySQnCgeAh1sPj2Leutm2,103.02005591799934,103.18895200000043,103.1414910996679,1.0011787528223166,0.04125659643986716,0.9951488256164619,5254.659823574,6431.741690089,11661.393958231858
vEnkoSUkpnbRrPgBz9DfcVxNz67zjwMYBZraAvDDNSf,DtfyjjsZ5yCjWKLKHvwsfXs5QVsmm1QkK6Sh9JZHoq1g,e5wrKCRv4GhHvEf1VD5Pq2KGaZDXP77nTL612Jyrxwy,3525.4019439999984,3524.601901000001,3517.7297753599382,0.9978237464090818,0.35177297753599385,0.9960714940275553,876.732578,1063.014155,1933.662683122142
ALLwa5WNZbvQsRKAqe1jdRGemdYQnW8E5k4msbRFcYtu,CGoM82Hbz7QVqTgvQatYtjvDWBvoUJp5qm21P8iMs9yb,3dxNNww8TivyN5FMy5dCNdi3Zcxv6e4kUfSPxfFwpdNq,1.6341951109999977,1.634410378,5447.861822848944,3333.666700003334,2.1791447291395776,3341.9890850636484,4.356089658,4.271161336,28795.92560056138
KEVpg4SYCVrqFxKijQH6hm4QxsRdoE51ud64bEEFUC9,2bPenuBYfqzD8p5dFjCcggwkHDsc2RQDnx9AoyYGUBjA,AE6n6iLuX8oYu61vt5hoDYkjswpnxFxrhSehxrnQTnbx,576.6333164160003,578.1522107450005,575.342351166264,0.9977612024609329,0.23013694046650565,0.9928932168733532,5839.852356037,1787.145831786,7601.223082897595
SoNcU2iwHMw6dGzsYNQkYFkUjwN1UdAjrWVRnStrZu2,8ivTTid27jZnYNc4w3CTA1Z6QS2twsFb8WMwUabeDJgc,CyXm53PMvHCbeXJBykU46Rcbo28xk5srhMZFg7gv6EYB,30.455404846999993,30.171899680000003,6352.002162217403,208.5673197952286,2.540800864886961,205.53442547475882,15.374414082,20.208764694,7360.19717944064
SRMuKizofcAMicegrfSv7xs9q76tH1w8aAF7oX9FEWu,72Hj2KWntXPfbie4UgKeTPnm1XVkomDfCnRPKbvfTtPi,6aqJQ5wedqpUt4fFEDUqUmXhrdxCu4bEJsQdVPCADLko,504.726451999999,501.5716299999999,29.50495317598294,0.05845731496549937,0.011801981270393178,0.05768052200872418,17471.062972,4389.68571,1274.5107941433146
Lid8SLUxQ9RmF7XMqUA8c24RitTwzja8VSKngJxRcUa,4PgzyzLtds9bKZ2to9PMnKqJzKEUpjvNUaeN23phegax,AtymwxoVN9peZo7EXTcDz9jKVc4vRmisJKKrNfe3ewBa,82.4077100450022,70.15450999600023,17175.028437227436,208.41531002194196,1.7175028437227435,177.51650504084745,993.436633408,7668.880610663,1568400.2875192985
BUSDgu5JdqP1rndBvXvanbEufS94FNh1w5FJcAj6vawb,Bgzr8cWubt89JQFXndVjtdKmDbGzuPxNhvjH1EhWCwbo,Dxaf8xPBBQsasRKW5Aa4Sw2YrbfGofY9xZueyyF23FBW,20926.764123829984,20802.984633009997,21058.67291333161,1.006303353386175,8.423469165332644,1.0,4826.84572,10146.31772635,15003.588760663706
HEDSDjj84KS7LKhZY7ejkCACTdPen62rKhCby1wXtgxc,EnnjMSFttpCTywBrYNt1J5QQeoSVkvzPipJDa8Y7kJow,6bjVT6JN2rSvpyn9PdfLYC8wJn4LWh49jpY47fnLDXZk,57.7764130470041,59.65502830300102,55.90537465162161,0.9676158782328645,0.02236214986064864,0.9951488256164619,39105.277189798,9116.256043105,46910.91862686091
SAMyS8Jr2HJrkFwYVKbpUwsNStnQmvz3f8Tup8bWUWF,6jPzm5TFfquvgm25sTyN3MMGBfufRaFHMxobDWv6hMFW,Cj9ECoDmxsHTDzCY5ZA6RWrPbg9uFzEC1Qc2kso2vJG6,2196.3775082200077,125.51719423000338,2203.0224628444607,1.0030254155306109,0.8812089851377845,0.026710033254725925,542.46028744,106337.41441937,3384.3773305813056
4vezWG46exH6pf9nry3n1VJ7hZHvjBJNgNeF4qEFCML5,,,0.3024249999999995,0.30197499999999877,0.0,0.0,0.0,0.026710033254725925,542.46028744,106337.41441937,2840.275875362945
MATgk4zXLXtYkwBH678J1xZbRDZ45LicNzkRBHkxTuY,y8dALFo1bJrSzPYjMX14HJX448pXqYmrfXHD1K8MXih,GN7Yuet3UyiWS5YVkEHv6oQKi4HGBJc3XDPt9zQhAqZz,39874.79571799998,39712.852818,40105.522790614385,1.0057862885178432,16.042209116245754,1.0,3827.914394,10898.397265,14748.461076105288
parEAJhzYzHW87y9VoZAQ22dzQ2MD2ekEtTReaxbMcz,3oyc6hpjYSJEquK6dSvG72NXyz3pqLZz5D8AC71pwgQb,Di2vordgFJVZ1aj1aBpvzXtLfZgJsuLLXawGtVFwX6Rz,3.251962537999958,3.830084789999546,562.4668951037244,172.96229231768953,0.2249867580414897,203.42241946964114,1104.309859072,142.287596865,219948.45186891704
7dwD9TF6uikvHXxPFK9AsSim54yJoujQjY9vU6gNFumk,CquVr6atkvwueDYficKjn6SSEWq4F4rH4VSiBbW4GBWU,8BCa6ge3b7ho3TfZuM64Vk1hgbrJ3J7EPiAb9uP86CGd,1.9448999999999942e-05,1.9476000000000042e-05,0.004050130068961944,208.2436150425192,1.6200520275847777e-06,208.74617237799671,0.00388712,0.003620659,1.5652666286400225
NorjjEePhxfwLF4vZjUHCrVVKLzQjEEGQFd3wgjEJmh,34M8pFVqgbV7aqHxvRT5tCv3vu2P1JJYT8J3VaxBK2oG,3AZWBSze3ucsY3xSeuLne3b2pauVqiaJ1SZSV5T9WGWw,0.0014029999997546838,0.0014029999997546838,0.0008337166170208232,0.5942385011878828,3.334866468083293e-07,1.0,38109.866632,2266.808854,24913.158881869786
JSoLLrxK5bYdHwTEWYaGgmeycBCNXKDiBCTw5hXGBg7,xG4wXczA7Dk4hccJ61CHKpDHW4NrNfQwgmWgkb9BuF2,BVR6WgfhsRr9Lob4QDnkEAiNGgAbv7ZieKcY9kSg3QYR,13.246235373000285,11.365680723000011,2720.444926961538,205.3749499655278,1.0881779707846153,177.25750729857788,17.567299686,163.254492382,32545.967668969675
FrnkTEL6yZ5Aycq2TrEgu29dCrwKG4LPUZydfiwqspkc,DjvZuMZ46fxKBoBpGMPcRcos4xdTtHFxwMh69DpA2ZFY,9rvDPJLAng4uVVqnnSoEXgNDFhBZQTny9AoQioYDZbQX,1704.7868436210044,1431.0823690829989,358061.3883473316,210.03293736523764,143.22455533893265,177.30257535536757,179.771016635,1457.111555691,296107.4660810644
STK75uPSyBnEhGTTzb1nwmP3n427XoXmfRhXxxhyady,6TYyD5fUmDe6N65avW1Ny2RxzRNobw2RRgKwH9CTzSAU,54zDfk4cx2vGrEajPtodWpArNe5eUurytyxd4X3aZAxK,560.208950866001,626.6808011499961,99362.19973717877,177.3663194484475,9.936219973717877,198.20096944058173,2721.95917668,495.318780252,580956.5432847309
KwnjUuZhTMTSGAaavkLEmSyfobY16JNH4poL9oeeEvE,J63v6qEZmQpDqCD8bd4PXu2Pq5ZbyXrFcSa3Xt1HdAPQ,BnKQtTdLw9qPCDgZkWX3sURkBAoKCUYL1yahh6Mw7mRK,322.3203130000006,12415.968218000664,8.595730508642648,0.026668286676187952,0.0008595730508642647,1.0,273900.360348,659.672049,7964.125379471648
daob129AwBGn9Y5r91uLoWZeYiGzbPmksauMhFZKTze,6VW5GQNyj4LStgmxEHLr5zUfW92vQnmbw8jTnCH7a38F,4VPCCUifPeBA1c7HWK358CHn2nyjm8pdTRk6Ps3KmnMQ,5.902697004000032,5.294974967000016,1161.664444571716,196.80231659942913,0.46466577782868645,177.48988130186697,49.093826218,222.822222108,49210.46848379935
SEQV6QiTpvTzrceiaYg9Avnwf7oc8ZALpnQMz6TyT4A,3dFMPj4r9mMmPHF32mz1gNDX7f8ftidWof7S8YiYTs1j,Fc1ED3YPeQfXQosHbd8DTaBd2AV5gHQtwiSAL5C5pUhi,18.938791871000035,19.031927941000504,18.80530857502673,0.9929518579177322,0.007522123430010692,0.9934432743890325,4712.251550478,906.412182694,5579.508018744482
SERgf3DMJpQxUifu7VoFKmfne73d2fDJxSrxUMrcNJB,AJfM2GZ2tTB8UtN2krcyR9xufRJEx2mhSCbJyMgPo3GU,F4yRYkufQvERZcEKnKjJwRLU1btiMBUuEwq46hfm11QD,0.00019053199999774506,6.401400000299873e-05,0.033620266315618,176.45469693288211,1.34481065262472e-05,177.31552801727196,29.276090844,27.967296231,10124.93963567277
BSCuChvaSj9b5HUSqgDVRzcnr2sSn7cXaamt1jbKH6hn,GnKpRj5kBVPMJfiwZtEuD9GYApLzPdW5JFuZTcyX4BTc,3dmwD9okkomV9nDwyuh4UMhKdUR13QpuKxRo89ycZB5t,44.00817472299991,44.047306398000046,44.00051669707189,0.9998259862860428,0.017600206678828754,0.9963970283455026,1631.747545515,1473.503821194,3099.6584277578086
C98Sspw7XqnMsgxea3SLQVdbMDL8pKUc3RE82UvX9eq2,CSqgQJurPCzGxb4Cgwx5R61hWQUiaoUHcShNc8r1cKEL,6S2CR5EnukPhC914XkAns8m5GixjMAoUuZMsS5ubHuWc,48.05900200000042,47.828595999999834,0.0,0.0,0.0,1.0,823.701461,1277.290541,1277.290541
GokA1R67GqSavkd15zR62QD68Tuc5AEfvjssntVDEbM8,3YB7hfpBdbQEuZqLGWVDpRPmeZWCUsrrWyqGXegnQ6Cg,4DPCj6Z1DsG6HUtwSogBGqXEUxdEV5a8YVrrFtcnz7UW,47835.922558000006,47855.78046800002,47836.11390245561,1.000004000016,4.783611390245561,1.0,30177.067216,25745.529199,55922.717123751696
MARpDPs5A7XiyCWPNH8GsMWPLxmwNn9SBmKvPa9LzgA,6YjT74rmcfCpw8LSjPNx5JTmZoYLGrTKnf9arfSgZ4SR,F8GSmi3vA8M8TsybLya1LQ4n1aFHCRbZ6k437PeTdXtg,68592.66982400004,69936.66790999979,66307.70626607123,0.9666879338012103,26.523082506428494,1.0,310577.057598,24045.316502,324276.4105974701
RajgMbScQbqqrdJfR2rxfHJiTiY5b6bJ2tTXiF4aPxy,725ZA3fhyBAKb5iopNRrcbSuQa3LXA1656Q3mBvYPxeg,GLA6i1dSZpUfk2f9Nj8uiG7xyDdAR2reff8oEiZH3617,4643.237529300008,4648.784763499993,4639.564571611247,0.9992089662297946,1.8558258286444986,1.0,120543.00667985,61304.90492113,181752.55801193416
moFiBS1R4Lf3E3zzmBPnw3NF4RhWPkhREFviuzUaCAU,44ALBrpqi9PfZkBRTvbtRNtFJGsatfY4QydjtMbFWq8S,2ho8qEEie1UjVwWNBo9y4oAJZMyMLx8zPj9bxyUz6uWs,3748.535991661003,3735.1021574010047,3725.6644505548607,0.9938985403482793,1.4902657802219443,0.9967146014227815,47397.516168749,19740.764255288,66784.23011274406
KZMu9QBEdL97EFgamLbN5DE1AoKBG4HdrKKJo4Vuon3,DD4ACBWyVqdaKWh7v5btsgqQCCMwbKnuL2xd9pv7Gyuw,GcYqiJ1MAuYbNTNYXm1F1gQYTfTgkErACAhNU5dpVj9T,65.74954546000026,65.68740524000123,65.94949046569927,1.0030410097028069,0.026379796186279707,1.0,2048.8641957,2340.41279955,4395.507611148857
B2izdXFYb2sNwbWWHmh75T4aQFtfXsUxem9u2p61HGzf,4DYwgJtxwuJdAjkj5RJSNH4e7U329V5cNp7d3a1nLrZv,EXNW64GEf1ACC6xY9BtKRiunrs6GoJSXBdxWN2eTPmrF,2913.716232000008,2867.764027999996,2953.9460228856883,1.0138070380512196,0.29539460228856884,1.0,8598.306188,31211.064152,39928.08748071375
SoN9GaFpSXfpyR5dth3x7PHPVhvJMpQqqDJfCSmPv1t,9kZ9iS68ViMPtoeqtnhAKuF2iqVyfHPdZHoUNdwCELr,BBhm5fJLjw3HRzjtKB8uMEYjGhY6EDm9co3cqpjrSzB9,6.109320826,5.984259306,1286.533305648383,210.58532401395004,0.5146133222593532,206.06948828000392,3.592934983,6.034854521,2000.2187605428494
Cob4usZcpHEY7Qt4ZCwj6WVg9S44zvzYV2v9qYF65dTf,NhFM9UXE48PyNAyeyPYA3iXztqKVJwA4bTdLj4ysM8w,6TuFuynuBoeskxyR2cz4wxyidk8dpDK7kAWw3UkjQGx,156.73257700000028,7060.552413000012,3.789284366259205,0.02417675022506137,0.0015157137465036821,1.0,60045.221015,350.264141,1801.962451688261
ercAoEmXjQzEvAFbdjAo81KtMxRGn9AW1ju882upmPH,CMRhskR2Eg6V42RTSdRTXGdozyPbWB8U9dVpijPWb9T4,7TKLLgrWswt6ZJ1pXhVR3FyufHGjJFqiEXxvWJfDcgRm,12.93238154200003,12.767627234999907,2300.556273109178,177.89115373976125,0.9202225092436712,175.05513361433182,419.554086822,920.467792258,235767.57292241076
BUSDTd9WiT6uBHJRgNvFXBsA7JrifsAtWzKfioN7ERcy,DyBxrn7gSc1EwnpWhDyhzvMHPtxpmBqRqotapLcKcfTM,Cds99GeBgoCpqBsoRWu1C6fF9LiUMd4pXQQD24s9LPff,53213.44894108002,53191.75455613996,53229.63767078484,1.000304222523196,5.322963767078484,0.9990079850708247,2859.06916538,2903.38115699,5760.439918152662
DFWzVTzNBrQZLjoQ4yQwkj9HuoXmfkuZP9V5vbymZe23,DhgiEgiNdqZdRdo195UUHnoEJUtefK8buko8nU97XJUZ,2K2kkXsouBHtWVjtcgkyiXd8eP3oVBvq1bTJzcVdLLr2,4295.5774006779975,5055.411939936996,3593.352968961313,0.8365238555343344,1.4373411875845252,0.9975160513649503,61048.897300489,7821.015227283,58870.44717310917
SAMGk1Nd4haC8zQA63DG37pzuEZy8j4q13tSFtCbcRE,9U9TnkHD3jXMAVZtynCVLgDruuqN4pTvLJTmVHCLWS8g,C6zoEbvqSknmi96QWq96UBiPCyNW3YSTvKhavR2BfifE,0.06607488000000006,0.1860190000000017,0.07993283573061714,1.2097310767816314,3.1973134292246865e-05,0.0,54.51810617,0.7616187,65.9522472811294
wrmcMSHFi3sWpAEy4rGDvQb3ezh3PhXoV2xNjgLBkKU,8p4mGnARWPBu6P2Gcw4adodLkNDorrXniZMhaY7eJXUn,AyY89zccbsgp9LKFgH4CFZMJmpSgqmPSdTfukhP227rc,0.004251639999999987,0.04387184000000488,1.382247089460282,325.10915539892517,0.0005528988357841128,3347.2803347280333,27.10559546,0.09338053,9124.84805830102
BSC8REUo9LpiiWUuqMuLXs2D2yJsJfGd4HdiF3wCLxk5,AZjEH1zWVx1UJ6udMyRijGTzPteuLnaY18yNNmprJEsh,Caf8ypkSVR8xYnXNhjvfvdGCC7mrM3C11rz8Xi6NA6aK,837.0573546160003,837.8451752379992,837.0380625627344,0.999976952531198,0.33481522502509375,0.9975160513649503,3128.444227173,3204.559920512,6324.972082723785
SQDY9uoDoCbNq7F3HAHYYQZbrUzpKxDtdWLvYcqBLak,GiehZ4X2uQjhEKuxSm3ACmEFrabxh3RTvjbLfLjw1xGX,rxDQYV77NKRKYxCjq4cECX3QQsiSyLv1T1FT2X3zNA2,0.0014206749999914337,0.0014206749999914337,0.0014230024571182864,1.0016382755569477,5.692009828473145e-07,0.9975160513649503,168.73007208,237.825568872,406.24132080763115
AUSejoEUCh2DBs9mof6BNC8Pubs22w4cJa1ccV9h44R,4xkyD7AfGQDwsQMy9MosRRNGoVJ1zosNinesxg1TzHG7,Cbm5gsQe3nSiCsFrvepVzMCD9xLK3ri9g3ypS2hdmVJ7,2155.520859000002,2155.861716999998,2155.872266179389,1.0001630265733314,0.21558722661793894,1.0,14397.100226,14474.915893,28874.363228915754
heyk4SZTeCUV6a65WiVA5bzic3KcxgVf1qxobfeV4tQ,9ZDpBKPqMABtGfq66FbVribaArMvtk63xxy91onZAtDt,DaTP4s6N7xxSPinbNZ3FB52EpRDRt87QShTuN3VPCW52,36.432647581002016,31.678446522999593,7412.397963539678,203.45482570431992,2.9649591854158714,178.1393452274599,630.258050869,4467.163965071,924006.7056497483
KysFMBBoavfov2tLpvefWW6tPFt6rAeZWDJVy1mMQae,B8ka2V21TH3x64dFV8ETcjuQcwmrciJ2qzy1mJUttRew,7fSf7EYxBANyxzk2s5pymFgshA91tFYQNKKs5UnLWcYS,20.515875999999935,27.821235999988858,0.0,0.0,0.0,0.026668286676187952,134615.09772,2527.919289,67.41527629331722
MATSnbbiTCv7Dc3trJrkrqjx7ckKdr6fwPoVwv9q3sD,631WX9JizSHJm4w6VanZeJAst9T8DeUUnPLesdGkCVtK,211maUSfpnXbPuW1iBu8b4dtJv5EbN1j7JJiEX5TZKEP,5967.538055000019,5963.105851000004,5965.348772000695,0.9996331346395873,2.386139508800278,0.9992236032602667,22685.200034,28873.793649,51528.253749660675
BSCrK1Nx9PXU9mF7STWWBqeHLxmtJDr9h7jheEy4tAWX,FfSySSbVJPvEo5a5AvrP3nySoXpRE2QPn1uUMpJJ1x7v,HL7Vcj6838ZmvBHDbQxXfjBNckNi83WvPiZQoMQLFeRM,0.00559253000000004,0.00559858000000002,18.74153409985838,3351.1727429013786,0.007496613639943352,3312.7940104684294,0.852774904,0.950659408,6007.134806933003
