0,1,2,3,4,5,6,7,8,9,10,11
BSCuChvaSj9b5HUSqgDVRzcnr2sSn7cXaamt1jbKH6hn,GnKpRj5kBVPMJfiwZtEuD9GYApLzPdW5JFuZTcyX4BTc,3dmwD9okkomV9nDwyuh4UMhKdUR13QpuKxRo89ycZB5t,1061.3367667069997,1056.221533137,1063.9774950109672,1.0024881153530192,0.4255909980043869,0.995106068355826,1139.435612131,1968.623187657,3101.2595397147907
HEDSDjj84KS7LKhZY7ejkCACTdPen62rKhCby1wXtgxc,EnnjMSFttpCTywBrYNt1J5QQeoSVkvzPipJDa8Y7kJow,6bjVT6JN2rSvpyn9PdfLYC8wJn4LWh49jpY47fnLDXZk,15.423186076001002,15.81326739299584,14.733081749630696,0.9552553977518217,0.005893232699852278,0.9977227516962819,39106.347161865,9115.253799676,46451.04531615091
KEN5P7p3asnb23Sw6yAmJRGvijfAzso3RqfyLAQhznt,9zj4aX38Uxf3h6AUjS4EipWS8mwbEofasHAf3a1uKGds,CwQDG1MWunn9cLNwcZLd8YBacweSR7ARo32w4mLua1Yr,1730123.9296700002,1734209.9981890044,1724474.5510407905,0.9967346971321949,172.44745510407907,1.0,1486941.880847,740629.504956,2222716.070215211
KEVpg4SYCVrqFxKijQH6hm4QxsRdoE51ud64bEEFUC9,2bPenuBYfqzD8p5dFjCcggwkHDsc2RQDnx9AoyYGUBjA,AE6n6iLuX8oYu61vt5hoDYkjswpnxFxrhSehxrnQTnbx,242.35387672299998,242.99806082799932,241.66043645049317,0.9971387283674468,0.09666417458019727,0.9943307199895846,6029.23773285,1599.552217097,7602.470353646073
DA1mL7dfBow33EH5yjUuZE6SH2KeUK5zEXzsyhE5r5j5,B4UtLRZND3D83CitRCBUyeiNr7H8m7YFRqBmiPmXjhW4,AAmpYbuixWiSqDaJBCqYEs1pb5SrbdPr9mgXrB58Q2e,53.82144940300003,53.889999999999986,65.20212591173218,1.2114524345770923,0.02608085036469287,0.994307113513414,167.457062883,2970.783786876,3156.7377185178643
BUSDgu5JdqP1rndBvXvanbEufS94FNh1w5FJcAj6vawb,Bgzr8cWubt89JQFXndVjtdKmDbGzuPxNhvjH1EhWCwbo,Dxaf8xPBBQsasRKW5Aa4Sw2YrbfGofY9xZueyyF23FBW,10903.619329499998,10841.207039930005,10952.73698805028,1.0045047114234256,4.381094795220112,0.9986880335172488,4860.35488325,10124.37497758,14993.34151636509
iLiUBQ7Z7im6Ew3b4ewwPcehzWgEQRJ1iQz7g6D62NW,GpugBvKWM3TVhYcZjemSdtehBWgfvuGr6uAm9iPjXT6v,92fMXJ3xy8tEyMUWLHKRLyhPw2nECBo77GtDiBBbYrjX,0.001352010000118753,0.001352010000118753,0.0013222728700242649,0.9780052439760978,5.28909148009706e-07,0.956237879583276,1865.637227489,1097.91461127,2874.4705316855916
SQDY9uoDoCbNq7F3HAHYYQZbrUzpKxDtdWLvYcqBLak,GiehZ4X2uQjhEKuxSm3ACmEFrabxh3RTvjbLfLjw1xGX,rxDQYV77NKRKYxCjq4cECX3QQsiSyLv1T1FT2X3zNA2,0.0013680970000109482,0.0013680970000109482,0.0013711394831113007,1.002223879666667,5.484557932445203e-07,0.9946612225303701,168.73007208,237.826936969,405.6625393326928
FrnkTEL6yZ5Aycq2TrEgu29dCrwKG4LPUZydfiwqspkc,DjvZuMZ46fxKBoBpGMPcRcos4xdTtHFxwMh69DpA2ZFY,9rvDPJLAng4uVVqnnSoEXgNDFhBZQTny9AoQioYDZbQX,698.2922055749996,588.5535082850005,141016.62867239522,201.94501320013578,56.40665146895809,170.53534626434651,179.542597966,1464.044275954,285929.02986238047
heyk4SZTeCUV6a65WiVA5bzic3KcxgVf1qxobfeV4tQ,9ZDpBKPqMABtGfq66FbVribaArMvtk63xxy91onZAtDt,DaTP4s6N7xxSPinbNZ3FB52EpRDRt87QShTuN3VPCW52,67.63326933499866,58.71316261000004,13235.861979314199,195.70046087458536,5.294344791725679,170.37664654120925,632.599152868,4464.542947173,884453.8014436829
C2ypsDADXcCRz8HbV2zX1AXPSja7a1P3xZtRC91xGhJh,J9bYNuDpY1d1T86gLaw7DGk5D3CsUAf2tzUwxMvb6FTv,A2NGvvPrMGzsJ4jb52KEnSBVmsA7C34dV1GC7PerdgvG,0.5109482390000002,0.5115746380000004,87.0208813366263,170.31251836181838,0.03480835253465052,169.7714180650031,2.667044017,2.353161653,853.7305738830871
parEAJhzYzHW87y9VoZAQ22dzQ2MD2ekEtTReaxbMcz,3oyc6hpjYSJEquK6dSvG72NXyz3pqLZz5D8AC71pwgQb,Di2vordgFJVZ1aj1aBpvzXtLfZgJsuLLXawGtVFwX6Rz,6.676324129999898,7.823472762999188,1101.6051254161587,165.0017440684348,0.4406420501664635,194.79955320774476,1103.464151542,143.017439839,209933.24290297835
Sid7E679i9ABqptiAVhkmQ27YHN8vaYT4fppPwmxFsJ,GP7KB8o1bv527HG8kTzzzf4wJ5aEGHvcMQvVhLziUfmT,9gYxhAZ1M9wu5pxr8SBoa5NDm21gi3s9vMHaYTME77sa,613.0800290000043,786.0344080000214,11.950177053945927,0.019492034463164422,0.00478007082157837,0.024793408305459553,107349.743847,24763.17521,2706.428420598761
KwnjUuZhTMTSGAaavkLEmSyfobY16JNH4poL9oeeEvE,J63v6qEZmQpDqCD8bd4PXu2Pq5ZbyXrFcSa3Xt1HdAPQ,BnKQtTdLw9qPCDgZkWX3sURkBAoKCUYL1yahh6Mw7mRK,149.20969400000035,6019.7970460000215,3.701544920005567,0.024807670472171587,0.0003701544920005567,1.0,274671.35126,639.762565,7453.718935204172
NorjjEePhxfwLF4vZjUHCrVVKLzQjEEGQFd3wgjEJmh,34M8pFVqgbV7aqHxvRT5tCv3vu2P1JJYT8J3VaxBK2oG,3AZWBSze3ucsY3xSeuLne3b2pauVqiaJ1SZSV5T9WGWw,3.6936699999996563,6.211336000001211,2.1919758445704325,0.5934411695063816,0.000876790337828173,1.0,38116.453942,2262.944331,24882.817335776606
wrmcMSHFi3sWpAEy4rGDvQb3ezh3PhXoV2xNjgLBkKU,8p4mGnARWPBu6P2Gcw4adodLkNDorrXniZMhaY7eJXUn,AyY89zccbsgp9LKFgH4CFZMJmpSgqmPSdTfukhP227rc,0.010382320000001125,0.055417030000002365,3.1997583766861624,308.19300278606477,0.0012799033506744651,3502.504290567756,27.16439067,0.08796741,8679.981360396194
DFWzVTzNBrQZLjoQ4yQwkj9HuoXmfkuZP9V5vbymZe23,DhgiEgiNdqZdRdo195UUHnoEJUtefK8buko8nU97XJUZ,2K2kkXsouBHtWVjtcgkyiXd8eP3oVBvq1bTJzcVdLLr2,2274.674748554995,2789.4654022390105,1865.597839953589,0.8201602629732997,0.7462391359814357,0.9918554976040836,61709.595877112,7269.46314716,57822.01536968916
moFiBS1R4Lf3E3zzmBPnw3NF4RhWPkhREFviuzUaCAU,44ALBrpqi9PfZkBRTvbtRNtFJGsatfY4QydjtMbFWq8S,2ho8qEEie1UjVwWNBo9y4oAJZMyMLx8zPj9bxyUz6uWs,1597.0911721569973,1598.817480359001,1595.783697104665,0.9991813397537183,0.638313478841866,0.9906741766915323,37552.072659601,29558.475761355,66804.14890968608
MATgk4zXLXtYkwBH678J1xZbRDZ45LicNzkRBHkxTuY,y8dALFo1bJrSzPYjMX14HJX448pXqYmrfXHD1K8MXih,GN7Yuet3UyiWS5YVkEHv6oQKi4HGBJc3XDPt9zQhAqZz,14390.346165,14385.176402000005,14401.882072540107,1.0008016421153345,5.760752829016043,1.0,6941.924643,7826.629894,14774.119476155307
BSCNHw8CmxbZ8hCWWzMf5FaG2ajPT6JxfznKUNuRVrn4,7n9kgNL633yGzCYksgnzHyjG73ZLBAwvEae5sbAekbzW,SscdxE99omdG9AiMVwmaEMQySQnCgeAh1sPj2Leutm2,795.954383921,794.2521185260011,797.7768189038895,1.0022896223950823,0.31911072756155584,0.9924337102042455,5043.033839521,6645.872889463,11650.1687719747
TETFuZgEmET6d9vYmz9iMFCxK1jKdKYxf3oPz8hSzJK,Eu1Ze6Z84LWNkq7SNoAHBJbXx5t1P95EwyqYohrfCRFV,ASMbv7WNu3qe4pkhREmvyEdwFNDZQ6B6iSrjkj4u8bdC,21.04956833300001,21.08023164799998,21.058662305730117,1.0004320265663524,0.008423464922292049,0.9931295299120684,292.940955396,59.408554764,352.0679037366304
BkwbeSfcX1h4thMDd7obGkHrPevf3QwgzJ4pCEqG18Lu,35yX27bmurdebhfAb8EPmjLETDiUaEUCn9zHaDPbakH2,2CxECn1ZJFoESyUnQysQU8rRgT3iJ5GRs2Mdd6gZjx5g,0.016581209999998237,0.01036529999999991,33.13657347268778,1998.441215851636,0.013254629389075113,1254.7051442910918,0.84736611,22.72197826,30202.79437043222
BkMBnJpvHKtWhUvrgRrLesXfi9RUV3ELgdBaJcdH7hcY,5uerVwBnZQsuVhZ15igs7ZgmcqhHnYWbwoRtLyRqLvR,9YWiQh5d4jCtgMdzcGLv9bWgnLaFtzvDDh2nnhJdzhBX,15.543830480000224,15.537117800000033,15.601447812481751,1.0037067653662115,0.006240579124992701,0.9957636817424521,1114.150430735,1759.272135741,2870.099624036763
BSC8REUo9LpiiWUuqMuLXs2D2yJsJfGd4HdiF3wCLxk5,AZjEH1zWVx1UJ6udMyRijGTzPteuLnaY18yNNmprJEsh,Caf8ypkSVR8xYnXNhjvfvdGCC7mrM3C11rz8Xi6NA6aK,2437.436778478,2430.345823157,2443.5543928363822,1.0025098556042147,0.9774217571345528,0.9958340100772307,2632.233793169,3713.870872695,6337.239243971275
BUSDTd9WiT6uBHJRgNvFXBsA7JrifsAtWzKfioN7ERcy,DyBxrn7gSc1EwnpWhDyhzvMHPtxpmBqRqotapLcKcfTM,Cds99GeBgoCpqBsoRWu1C6fF9LiUMd4pXQQD24s9LPff,11146.743033359997,11101.90793685,11156.953430861784,1.0009159982849904,1.1156953430861785,0.9931295299120684,270.03577856,375.43363674,643.1373620388215
SoN9GaFpSXfpyR5dth3x7PHPVhvJMpQqqDJfCSmPv1t,9kZ9iS68ViMPtoeqtnhAKuF2iqVyfHPdZHoUNdwCELr,BBhm5fJLjw3HRzjtKB8uMEYjGhY6EDm9co3cqpjrSzB9,8.306808981000007,8.139568860999997,1683.4657008521908,202.66093811748257,0.6733862803408763,197.42104934815518,3.701534985,5.932242705,1921.3061323438205
SoNcU2iwHMw6dGzsYNQkYFkUjwN1UdAjrWVRnStrZu2,8ivTTid27jZnYNc4w3CTA1Z6QS2twsFb8WMwUabeDJgc,CyXm53PMvHCbeXJBykU46Rcbo28xk5srhMZFg7gv6EYB,36.18659781399997,35.806643555000036,7253.772569742683,200.45467128540955,2.9015090278970734,197.44408630281012,15.585417217,20.024998398,7077.987196988044
Lid8SLUxQ9RmF7XMqUA8c24RitTwzja8VSKngJxRcUa,4PgzyzLtds9bKZ2to9PMnKqJzKEUpjvNUaeN23phegax,AtymwxoVN9peZo7EXTcDz9jKVc4vRmisJKKrNfe3ewBa,113.49400395100474,96.51138899499927,22759.313252276104,200.5331776126365,2.27593132522761,170.61920267940397,989.868345897,7673.109046724,1507681.19244506
WiiQFxXqp8P9Fs1rt9SVcDyA3KUdJmUsog6wnVQAwba,3S2jpqSYxho6wiz3cafhjXruVY8cg4HYa2v3BqBHYFSj,Dfe67M6TfrG74gKRtdqys4e6E9QirPD53BkF4FujFjuv,5507.958006334001,5521.677042953001,5488.462510002234,0.9964604856628632,0.5488462510002233,1.0,21956.263320607,4828.215401179,26706.764212972757
7dwD9TF6uikvHXxPFK9AsSim54yJoujQjY9vU6gNFumk,CquVr6atkvwueDYficKjn6SSEWq4F4rH4VSiBbW4GBWU,8BCa6ge3b7ho3TfZuM64Vk1hgbrJ3J7EPiAb9uP86CGd,5.4293000000000396e-05,5.4458999999999324e-05,0.010885753423339257,200.50012751808111,4.354301369335703e-06,199.82966519338916,0.003888335,0.003619567,1.502908525088058
B2izdXFYb2sNwbWWHmh75T4aQFtfXsUxem9u2p61HGzf,4DYwgJtxwuJdAjkj5RJSNH4e7U329V5cNp7d3a1nLrZv,EXNW64GEf1ACC6xY9BtKRiunrs6GoJSXBdxWN2eTPmrF,6244.097123999985,6155.848546000005,6271.1634655171565,1.0043347086023275,0.6271163465517157,1.0,9164.342523,30638.787708,39842.85498536912
ZUCKWFa4LTL833dPhhpeeRWZcaAEoMeYJPi2iKn4F8N,7eEYpq6ShaJ9opZWMxitRFrdCHh6vfyHhGfoSvFht3N2,H8VggnHmuwd1wvwpT8eg9cUJFEfZ7HAaeYjgXrSm7A2u,0.004088781999826097,0.001327289999835557,0.004095468203879195,1.001635255695555,1.6381872815516782e-06,0.9819479388111985,1805.111925129,2042.025132394,3813.226114440634
JSoLLrxK5bYdHwTEWYaGgmeycBCNXKDiBCTw5hXGBg7,xG4wXczA7Dk4hccJ61CHKpDHW4NrNfQwgmWgkb9BuF2,BVR6WgfhsRr9Lob4QDnkEAiNGgAbv7ZieKcY9kSg3QYR,14.718462070999948,12.626594663000024,2905.4640613590636,197.40269379664008,1.1621856245436255,170.7541802330863,17.432139188,163.426563613,31346.92013239732
vEnkoSUkpnbRrPgBz9DfcVxNz67zjwMYBZraAvDDNSf,DtfyjjsZ5yCjWKLKHvwsfXs5QVsmm1QkK6Sh9JZHoq1g,e5wrKCRv4GhHvEf1VD5Pq2KGaZDXP77nTL612Jyrxwy,2863.4637349999985,2862.3210500000023,2814.9508716775085,0.9830579787934733,0.28149508716775085,0.9986588012299481,657.972741,1283.800582,1928.9041031070915
daob129AwBGn9Y5r91uLoWZeYiGzbPmksauMhFZKTze,6VW5GQNyj4LStgmxEHLr5zUfW92vQnmbw8jTnCH7a38F,4VPCCUifPeBA1c7HWK358CHn2nyjm8pdTRk6Ps3KmnMQ,12.88330165799988,11.546738703000017,2420.6685755235194,187.89194259224743,0.9682674302094079,170.5911443748679,48.59618643,223.395129207,47240.06261010132
GokA1R67GqSavkd15zR62QD68Tuc5AEfvjssntVDEbM8,3YB7hfpBdbQEuZqLGWVDpRPmeZWCUsrrWyqGXegnQ6Cg,4DPCj6Z1DsG6HUtwSogBGqXEUxdEV5a8YVrrFtcnz7UW,90800.64729699996,90793.7291119998,90835.25552935664,1.0003811452163274,9.083525552935665,1.0,33150.945115,57596.576195,90760.15663414731
Cob4usZcpHEY7Qt4ZCwj6WVg9S44zvzYV2v9qYF65dTf,NhFM9UXE48PyNAyeyPYA3iXztqKVJwA4bTdLj4ysM8w,6TuFuynuBoeskxyR2cz4wxyidk8dpDK7kAWw3UkjQGx,101.26331499999606,700.0970000000107,1.9832220325737973,0.01958480257706233,0.000793288813029519,1.0,62004.648276,307.481826,1521.830621345648
Lee1XZJfJ9Hm2K1qTyeCz1LXNc1YBZaKZszvNY4KCDw,9DgFSWkPDGijNKcLGbr3p5xoJbHsPgXUTr6QvGBJ5vGN,2hNHZg7XBhuhHVZ3JDEi4buq2fPQwuWBdQ9xkH7t1GQX,3016.4839639916972,2557.1513526969984,605522.9373251215,200.73799315804624,60.552293732512155,169.3410701881481,7204.674392279,56384.977215294,10994544.263035486
ercAoEmXjQzEvAFbdjAo81KtMxRGn9AW1ju882upmPH,CMRhskR2Eg6V42RTSdRTXGdozyPbWB8U9dVpijPWb9T4,7TKLLgrWswt6ZJ1pXhVR3FyufHGjJFqiEXxvWJfDcgRm,0.5948478490000753,0.5952540849998513,101.47577528985146,170.5911443748679,0.04059031011594058,169.52965522923546,930.78899639,923.07008355,315272.113082358
RajgMbScQbqqrdJfR2rxfHJiTiY5b6bJ2tTXiF4aPxy,725ZA3fhyBAKb5iopNRrcbSuQa3LXA1656Q3mBvYPxeg,GLA6i1dSZpUfk2f9Nj8uiG7xyDdAR2reff8oEiZH3617,6647.858633159965,6653.222546879988,6630.464934497299,0.9973835636973527,2.6521859737989195,0.998367469513851,109188.42484365,72660.46634389,181444.586202506
BUSD5rCfUDpCxKGMvYU2yThChxgHoioK74PTPociGnv2,CcFHbafgYDZ8yA8Me1PdtDiVb2eeaS61LbqyKKK5CsNZ,26R9s4nmF3CFDTkiePDwRmtscn8i7r2eygbSijditJ58,889.6272751399997,889.3667742400003,888.6177431805046,0.9988652191904343,0.08886177431805047,0.998367469513851,67.91546738,79.03732375,146.74669112037896
ACUSESXyNnwRLAg1dpSGMLSzUDdLjUMybY8rkXiAKhCP,AhFPQdu8GKBsxuhiH46UmCu1YpaLgNpoP325HnYtsgas,A8wxWpT3aFEr2XqZp1kDmbxbFfcBE95UUmdsNTDBJYbT,0.0,0.0027924860000894114,0.0,0.9994714005651405,0.0,0.9878767049617103,1044.479259547,1841.390280505,2862.99371125448
C98Sspw7XqnMsgxea3SLQVdbMDL8pKUc3RE82UvX9eq2,CSqgQJurPCzGxb4Cgwx5R61hWQUiaoUHcShNc8r1cKEL,6S2CR5EnukPhC914XkAns8m5GixjMAoUuZMsS5ubHuWc,52.7850440000002,52.078033000000005,0.0,0.0,0.0,1.0,841.761632,2227.606947,2227.606947
ALLwa5WNZbvQsRKAqe1jdRGemdYQnW8E5k4msbRFcYtu,CGoM82Hbz7QVqTgvQatYtjvDWBvoUJp5qm21P8iMs9yb,3dxNNww8TivyN5FMy5dCNdi3Zcxv6e4kUfSPxfFwpdNq,7.385474030999999,7.384835506000001,26014.35023247622,3522.367030644593,10.405740092990488,3527.623052311122,5.198474008,3.419839736,30374.83894336524
MARpDPs5A7XiyCWPNH8GsMWPLxmwNn9SBmKvPa9LzgA,6YjT74rmcfCpw8LSjPNx5JTmZoYLGrTKnf9arfSgZ4SR,F8GSmi3vA8M8TsybLya1LQ4n1aFHCRbZ6k437PeTdXtg,171577.36273099988,181697.59349399948,159204.32128905697,0.9278865157675756,63.68172851562279,1.0,321129.128971,14051.057873,312022.44646537764
KZMu9QBEdL97EFgamLbN5DE1AoKBG4HdrKKJo4Vuon3,DD4ACBWyVqdaKWh7v5btsgqQCCMwbKnuL2xd9pv7Gyuw,GcYqiJ1MAuYbNTNYXm1F1gQYTfTgkErACAhNU5dpVj9T,264.1718396099991,264.02307386000075,263.77976264639676,0.998515826046481,0.1055119050585587,0.998367469513851,2461.05759476,2428.70010758,4882.140137792409
STK75uPSyBnEhGTTzb1nwmP3n427XoXmfRhXxxhyady,6TYyD5fUmDe6N65avW1Ny2RxzRNobw2RRgKwH9CTzSAU,54zDfk4cx2vGrEajPtodWpArNe5eUurytyxd4X3aZAxK,1600.0554290759928,1795.2217561900388,272862.3770905851,170.5330778747827,27.286237709058515,191.23025691020095,4984.536499149,903.148966083,1022737.7597913076
MATSnbbiTCv7Dc3trJrkrqjx7ckKdr6fwPoVwv9q3sD,631WX9JizSHJm4w6VanZeJAst9T8DeUUnPLesdGkCVtK,211maUSfpnXbPuW1iBu8b4dtJv5EbN1j7JJiEX5TZKEP,28418.382924000005,28402.317690000003,28280.262123787423,0.9951397375219427,11.31210484951497,0.9968887103350444,24792.086107,20696.41978,45303.61728417828
SAMyS8Jr2HJrkFwYVKbpUwsNStnQmvz3f8Tup8bWUWF,6jPzm5TFfquvgm25sTyN3MMGBfufRaFHMxobDWv6hMFW,Cj9ECoDmxsHTDzCY5ZA6RWrPbg9uFzEC1Qc2kso2vJG6,1161.2316767299926,28.85676325999998,1159.5082069213888,0.998515826046481,0.46380328276855554,0.02511912683101793,527.12185157,106933.78294775,3212.422767432644
YAkoNb6HKmSxQN9L8hiBE5tPJRsniSSMzND1boHmZxe,CfWX7o2TswwbxusJ4hCaPobu2jLCb1hfXuXJQjVq3jQF,EnTrdMMpdhugeH6Ban6gYZWXughWxKtVGfCwFn78ZmY3,8699143.687336972,8697728.757171007,8699143.687336972,1.0,869.9143687336972,0.9970517180696679,469192.874017,911915.99959,1378420.288143428
ALBpShJ9NLpE739pcHDF2LNVk5J4VYPvvKuV6jMPitZi,D6d156U1bPiJpDYRLextvDRccgFk7QzkQbJg42ceKEu5,GNcM8U5g8RwTZffwwm3kSQqUNPSwv5d2fbN9sLxPJqt2,11998.901958999988,11960.990892000009,11979.98556179791,0.9984234893103789,4.791994224719164,0.9104731729079603,38070.116539,62261.863192,94697.85472490272
4Fss9Dy3vAUBuQ4SyEZz4vcLxeQqoFLZjdXhEUr3wqz3,,,0.0010261390000000001,0.0006288590000000001,0.0,0.0,0.0,0.9104731729079603,38070.116539,62261.863192,56687.75613158158
SEQV6QiTpvTzrceiaYg9Avnwf7oc8ZALpnQMz6TyT4A,3dFMPj4r9mMmPHF32mz1gNDX7f8ftidWof7S8YiYTs1j,Fc1ED3YPeQfXQosHbd8DTaBd2AV5gHQtwiSAL5C5pUhi,3156.573527971999,3145.185567589,3148.7704183037317,0.9975279810214716,1.2595081673214927,0.9961359885006061,1736.527430906,3884.873150056,5602.096657670562
AUSejoEUCh2DBs9mof6BNC8Pubs22w4cJa1ccV9h44R,4xkyD7AfGQDwsQMy9MosRRNGoVJ1zosNinesxg1TzHG7,Cbm5gsQe3nSiCsFrvepVzMCD9xLK3ri9g3ypS2hdmVJ7,482.8224089999985,483.30348700000104,482.35307945369016,0.9990279458087282,0.04823530794536902,1.0,14745.180581,14127.724554,28858.57202041518
HDSBGqAuMRr6X2AfmmbXQPpRgU6VEhtfNVVZ3wUTZXg,DCZ1d8kNLgDcdSd99y4udLgwq46mfDXNS9KXj96kQf5L,Fq8GGYQM5Pz3q7LmVMbrXHJgsxA5ev86kTq8yGgGuYsa,1.686919127998408,1.6905044529994484,1.6778152621185862,0.994603258847018,0.0006711261048474346,1.0,72990.475420718,71618.586318861,144215.1510371003
