0,1,2,3,4,5,6,7,8,9,10,11
heyk4SZTeCUV6a65WiVA5bzic3KcxgVf1qxobfeV4tQ,9ZDpBKPqMABtGfq66FbVribaArMvtk63xxy91onZAtDt,DaTP4s6N7xxSPinbNZ3FB52EpRDRt87QShTuN3VPCW52,25.733294672001648,22.40922369600014,4996.871708686404,194.17924414175783,1.9987486834745618,167.82972667250715,631.565346591,4465.743400967,872121.3760010117
ercAoEmXjQzEvAFbdjAo81KtMxRGn9AW1ju882upmPH,CMRhskR2Eg6V42RTSdRTXGdozyPbWB8U9dVpijPWb9T4,7TKLLgrWswt6ZJ1pXhVR3FyufHGjJFqiEXxvWJfDcgRm,18.324424796000017,18.333775575999994,3090.6335088486,168.66196583279628,1.23625340353944,167.00895151279215,930.773814117,883.577922381,304551.56363136496
HEDSDjj84KS7LKhZY7ejkCACTdPen62rKhCby1wXtgxc,EnnjMSFttpCTywBrYNt1J5QQeoSVkvzPipJDa8Y7kJow,6bjVT6JN2rSvpyn9PdfLYC8wJn4LWh49jpY47fnLDXZk,2027.716616841999,2086.6594875670053,1923.6714894519148,0.9486885265298433,0.769468595780766,0.993722511796937,39104.970310255,9117.398506813,46158.600808872936
BkwbeSfcX1h4thMDd7obGkHrPevf3QwgzJ4pCEqG18Lu,35yX27bmurdebhfAb8EPmjLETDiUaEUCn9zHaDPbakH2,2CxECn1ZJFoESyUnQysQU8rRgT3iJ5GRs2Mdd6gZjx5g,0.004045510000000974,0.0025431399999999993,7.981828584959699,1973.0092336832136,0.0031927314339838795,1245.3300124533,0.84990925,22.71793275,29968.202272513503
GokA1R67GqSavkd15zR62QD68Tuc5AEfvjssntVDEbM8,3YB7hfpBdbQEuZqLGWVDpRPmeZWCUsrrWyqGXegnQ6Cg,4DPCj6Z1DsG6HUtwSogBGqXEUxdEV5a8YVrrFtcnz7UW,42636.222338999956,42621.535493,42650.21160840752,1.0003281076192991,4.265021160840752,1.0,31861.9578,60897.995537,92770.40748811996
SoN9GaFpSXfpyR5dth3x7PHPVhvJMpQqqDJfCSmPv1t,9kZ9iS68ViMPtoeqtnhAKuF2iqVyfHPdZHoUNdwCELr,BBhm5fJLjw3HRzjtKB8uMEYjGhY6EDm9co3cqpjrSzB9,3.4528514549999976,3.382701126000001,693.9130087457295,200.96810354841344,0.27756520349829183,193.53867270404106,3.893095271,5.738665975,1893.0417694395085
KZMu9QBEdL97EFgamLbN5DE1AoKBG4HdrKKJo4Vuon3,DD4ACBWyVqdaKWh7v5btsgqQCCMwbKnuL2xd9pv7Gyuw,GcYqiJ1MAuYbNTNYXm1F1gQYTfTgkErACAhNU5dpVj9T,160.79686854999954,161.33586083999944,160.4535829229434,0.997865097559724,0.06418143316917736,1.0,2336.35644641,2053.5820815,4384.950634831204
7dwD9TF6uikvHXxPFK9AsSim54yJoujQjY9vU6gNFumk,CquVr6atkvwueDYficKjn6SSEWq4F4rH4VSiBbW4GBWU,8BCa6ge3b7ho3TfZuM64Vk1hgbrJ3J7EPiAb9uP86CGd,3.0564000000000285e-05,3.0669000000000095e-05,0.006018530552253992,196.91567047028974,2.407412220901597e-06,199.12159499583538,0.003919004,0.003589003,1.4863613020405855
SERgf3DMJpQxUifu7VoFKmfne73d2fDJxSrxUMrcNJB,AJfM2GZ2tTB8UtN2krcyR9xufRJEx2mhSCbJyMgPo3GU,F4yRYkufQvERZcEKnKjJwRLU1btiMBUuEwq46hfm11QD,6.537899999869978e-05,6.537899999869978e-05,0.010944766419694147,167.40492237433747,4.377906567877659e-06,168.61970439279622,29.284890014,27.959076601,9616.885971090847
KwnjUuZhTMTSGAaavkLEmSyfobY16JNH4poL9oeeEvE,J63v6qEZmQpDqCD8bd4PXu2Pq5ZbyXrFcSa3Xt1HdAPQ,BnKQtTdLw9qPCDgZkWX3sURkBAoKCUYL1yahh6Mw7mRK,197.2221599999998,7790.525672000134,4.816610339172398,0.02442225731212153,0.0004816610339172397,1.0,274800.878632,636.531367,7347.789134547784
AUSejoEUCh2DBs9mof6BNC8Pubs22w4cJa1ccV9h44R,4xkyD7AfGQDwsQMy9MosRRNGoVJ1zosNinesxg1TzHG7,Cbm5gsQe3nSiCsFrvepVzMCD9xLK3ri9g3ypS2hdmVJ7,2513.319142999999,2514.6309589999964,2510.6453057493754,0.9989361330183354,0.25106453057493755,1.0,14818.511612,14054.713715,28857.460401778582
RajgMbScQbqqrdJfR2rxfHJiTiY5b6bJ2tTXiF4aPxy,725ZA3fhyBAKb5iopNRrcbSuQa3LXA1656Q3mBvYPxeg,GLA6i1dSZpUfk2f9Nj8uiG7xyDdAR2reff8oEiZH3617,1495.0292898499902,1496.0783805700048,1489.4308321324788,0.9962552855950582,0.5957723328529917,1.0,109954.47793196,71895.62094491,181438.35075947034
MARpDPs5A7XiyCWPNH8GsMWPLxmwNn9SBmKvPa9LzgA,6YjT74rmcfCpw8LSjPNx5JTmZoYLGrTKnf9arfSgZ4SR,F8GSmi3vA8M8TsybLya1LQ4n1aFHCRbZ6k437PeTdXtg,44475.38212199999,47264.87931299937,40851.18733518443,0.9185123406725532,16.34047493407377,1.0,320052.393814,15061.048601,309033.12198095093
ALLwa5WNZbvQsRKAqe1jdRGemdYQnW8E5k4msbRFcYtu,CGoM82Hbz7QVqTgvQatYtjvDWBvoUJp5qm21P8iMs9yb,3dxNNww8TivyN5FMy5dCNdi3Zcxv6e4kUfSPxfFwpdNq,2.852569047000001,2.852604511000004,9905.785488071677,3472.583949716984,3.962314195228671,3484.8062447727907,3.819090176,4.800605075,29991.28979174736
SRMuKizofcAMicegrfSv7xs9q76tH1w8aAF7oX9FEWu,72Hj2KWntXPfbie4UgKeTPnm1XVkomDfCnRPKbvfTtPi,6aqJQ5wedqpUt4fFEDUqUmXhrdxCu4bEJsQdVPCADLko,4.70000013592653e-05,4.799999987881165e-05,2.547014160274671e-06,0.054191789076886224,1.0188056641098684e-09,0.053935451454021566,17971.450574,3892.771299,1183.8634363307167
NorBXypYWTkV5PMs6Q9JsvNkmRwe7H9Zr1Kz2TcJH2Y,C82XDu1d1UjtuUwnkSTwVuWyH3AqpJ3ftb9W7en8rEUu,F7cZoYpWQSFuYJzW2UUFw6sVbTtaihyD5upeeHRUPABk,0.00315199090000004,0.003153629299999988,0.0,0.0,0.0,1991.9128338943888,0.2508685653,0.6545753239,1303.8569884269864
BUSDgu5JdqP1rndBvXvanbEufS94FNh1w5FJcAj6vawb,Bgzr8cWubt89JQFXndVjtdKmDbGzuPxNhvjH1EhWCwbo,Dxaf8xPBBQsasRKW5Aa4Sw2YrbfGofY9xZueyyF23FBW,13959.247907300005,13878.989661930002,14038.526414050697,1.0056792820986604,5.615410565620279,1.0,4871.48132931,10118.82132887,15017.969174887508
SEQV6QiTpvTzrceiaYg9Avnwf7oc8ZALpnQMz6TyT4A,3dFMPj4r9mMmPHF32mz1gNDX7f8ftidWof7S8YiYTs1j,Fc1ED3YPeQfXQosHbd8DTaBd2AV5gHQtwiSAL5C5pUhi,1104.380021791001,1101.5535175259995,1088.4674226530321,0.9855913735996754,0.4353869690612128,0.9841744744508305,1305.517083819,4317.00836968,5535.395819328662
ALBpShJ9NLpE739pcHDF2LNVk5J4VYPvvKuV6jMPitZi,D6d156U1bPiJpDYRLextvDRccgFk7QzkQbJg42ceKEu5,GNcM8U5g8RwTZffwwm3kSQqUNPSwv5d2fbN9sLxPJqt2,16357.926105000013,16323.301623,16306.901809238907,0.9968807601016421,6.522760723695563,0.9860202055260516,43844.855051,56479.379856,99397.90216338425
B2izdXFYb2sNwbWWHmh75T4aQFtfXsUxem9u2p61HGzf,4DYwgJtxwuJdAjkj5RJSNH4e7U329V5cNp7d3a1nLrZv,EXNW64GEf1ACC6xY9BtKRiunrs6GoJSXBdxWN2eTPmrF,4483.938645999999,4420.213430999995,4265.579372350028,0.9513019042210217,0.4265579372350029,1.0,9580.856644,30217.143282,39331.43045150583
JSoLLrxK5bYdHwTEWYaGgmeycBCNXKDiBCTw5hXGBg7,xG4wXczA7Dk4hccJ61CHKpDHW4NrNfQwgmWgkb9BuF2,BVR6WgfhsRr9Lob4QDnkEAiNGgAbv7ZieKcY9kSg3QYR,4.905689563000038,4.202115194000008,926.60848578513,188.88445220297825,0.370643394314052,166.83928971842866,17.212986421,163.685003203,30560.355182855128
BUSDTd9WiT6uBHJRgNvFXBsA7JrifsAtWzKfioN7ERcy,DyBxrn7gSc1EwnpWhDyhzvMHPtxpmBqRqotapLcKcfTM,Cds99GeBgoCpqBsoRWu1C6fF9LiUMd4pXQQD24s9LPff,5383.962943249997,5363.05646515,5402.302355147109,1.0034063035147938,0.5402302355147108,0.9903510101085127,241.17927435,404.94335092,643.0368607802617
NorjjEePhxfwLF4vZjUHCrVVKLzQjEEGQFd3wgjEJmh,34M8pFVqgbV7aqHxvRT5tCv3vu2P1JJYT8J3VaxBK2oG,3AZWBSze3ucsY3xSeuLne3b2pauVqiaJ1SZSV5T9WGWw,2.2737859999992907,3.8263799999967887,1.3482948453995283,0.5929735012001784,0.0005393179381598113,1.0,38120.278942,2260.681702,24864.99697296517
wrmcMSHFi3sWpAEy4rGDvQb3ezh3PhXoV2xNjgLBkKU,8p4mGnARWPBu6P2Gcw4adodLkNDorrXniZMhaY7eJXUn,AyY89zccbsgp9LKFgH4CFZMJmpSgqmPSdTfukhP227rc,0.006973150000000802,0.015774769999999855,2.1054196859905807,301.9323671497585,0.0008421678743962322,3440.5642525374165,27.1627454,0.08811228,8504.46797768578
DFWzVTzNBrQZLjoQ4yQwkj9HuoXmfkuZP9V5vbymZe23,DhgiEgiNdqZdRdo195UUHnoEJUtefK8buko8nU97XJUZ,2K2kkXsouBHtWVjtcgkyiXd8eP3oVBvq1bTJzcVdLLr2,4183.055341399999,5045.955474371007,3403.4196416551626,0.8136205151223496,1.361367856662065,0.9884002786363643,61671.94170354,7302.389802477,57395.24109290934
MNkYtBe2HtgL15osfaMmyqNW3vo4J399FXXCS4a39Wf,2mUxDu8NrhSKhQJMgKfYLxJqZzeEbmwhQdHeHMyohyuk,AZCBmDBcFsA2jHHhfFJBTsWCHx9XnnKmGfFsue3ZVW1t,0.03517912999996042,0.03517912999996042,0.03516451281527337,0.999584492718067,1.406580512610935e-05,1.0,2195.17588665,1941.31379602,4135.577571103973
WiiQFxXqp8P9Fs1rt9SVcDyA3KUdJmUsog6wnVQAwba,3S2jpqSYxho6wiz3cafhjXruVY8cg4HYa2v3BqBHYFSj,Dfe67M6TfrG74gKRtdqys4e6E9QirPD53BkF4FujFjuv,12879.059113855,12904.55119468,12807.378063098282,0.9944342944524879,1.280737806309828,0.9901842765317651,22735.104470237,4054.067022356,26622.8409947066
ZUCKWFa4LTL833dPhhpeeRWZcaAEoMeYJPi2iKn4F8N,7eEYpq6ShaJ9opZWMxitRFrdCHh6vfyHhGfoSvFht3N2,H8VggnHmuwd1wvwpT8eg9cUJFEfZ7HAaeYjgXrSm7A2u,0.0013916610000705987,0.0013916610000705987,0.0013934708692985318,1.0013005101298673,5.573883477194127e-07,0.9884002786363643,1805.111925129,2042.026524055,3825.799076831983
KEN5P7p3asnb23Sw6yAmJRGvijfAzso3RqfyLAQhznt,9zj4aX38Uxf3h6AUjS4EipWS8mwbEofasHAf3a1uKGds,CwQDG1MWunn9cLNwcZLd8YBacweSR7ARo32w4mLua1Yr,630102.5517719991,631253.5785650015,624396.8136885134,0.9909447469028021,62.439681368851346,1.0,1354939.085121,861768.448151,2204438.2169249435
AURHmCnNwiW4uA2Qj1XvEh4iKgRUZYXtiY7FKAapUV5Y,BKWm4TRnTeKwfWXRyuzjRHU7iZDkPuXBX5b5V5jSVfGJ,A5Ww74HVrkj9nPeC7pHKLfgeDMEhBCpW1efQdz3TGLEg,0.004808381999964695,0.003992276000133188,0.8821506915773767,183.46102526460123,0.0003528602766309507,167.52596317377265,289.896424166,1809.490654775,356321.3599931585
moFiBS1R4Lf3E3zzmBPnw3NF4RhWPkhREFviuzUaCAU,44ALBrpqi9PfZkBRTvbtRNtFJGsatfY4QydjtMbFWq8S,2ho8qEEie1UjVwWNBo9y4oAJZMyMLx8zPj9bxyUz6uWs,1868.466602037999,1869.4487388460075,1867.39967070574,0.99942898024985,0.746959868282296,0.9868373561083817,35686.263385711,31423.308236689,66675.58024498161
BSCuChvaSj9b5HUSqgDVRzcnr2sSn7cXaamt1jbKH6hn,GnKpRj5kBVPMJfiwZtEuD9GYApLzPdW5JFuZTcyX4BTc,3dmwD9okkomV9nDwyuh4UMhKdUR13QpuKxRo89ycZB5t,1458.7875798149994,1455.742141205,1455.8101728633712,0.9979589852608933,0.5823240691453485,0.996101259669653,1737.96584377,1370.034627042,3099.1118476543807
FrnkTEL6yZ5Aycq2TrEgu29dCrwKG4LPUZydfiwqspkc,DjvZuMZ46fxKBoBpGMPcRcos4xdTtHFxwMh69DpA2ZFY,9rvDPJLAng4uVVqnnSoEXgNDFhBZQTny9AoQioYDZbQX,260.7558721369985,218.8117479179999,51907.3758644396,199.06503136070504,20.762950345775838,167.2679111733794,176.380172641,1440.553794518,276069.54874009866
MATgk4zXLXtYkwBH678J1xZbRDZ45LicNzkRBHkxTuY,y8dALFo1bJrSzPYjMX14HJX448pXqYmrfXHD1K8MXih,GN7Yuet3UyiWS5YVkEHv6oQKi4HGBJc3XDPt9zQhAqZz,27177.20210899999,27148.03089099999,27314.51216163654,1.005052398406791,10.925804864654616,1.0,4083.196354,10702.34176,14806.168048753563
vEnkoSUkpnbRrPgBz9DfcVxNz67zjwMYBZraAvDDNSf,DtfyjjsZ5yCjWKLKHvwsfXs5QVsmm1QkK6Sh9JZHoq1g,e5wrKCRv4GhHvEf1VD5Pq2KGaZDXP77nTL612Jyrxwy,2738.975867999999,2737.5844759999995,2667.757416021879,0.9739981455075309,0.2667757416021879,0.990196068723568,726.225948,1215.827178,1911.2500184743183
daob129AwBGn9Y5r91uLoWZeYiGzbPmksauMhFZKTze,6VW5GQNyj4LStgmxEHLr5zUfW92vQnmbw8jTnCH7a38F,4VPCCUifPeBA1c7HWK358CHn2nyjm8pdTRk6Ps3KmnMQ,30.482728240000455,27.28850717999999,5556.773961625316,182.2925401517549,2.2227095846501266,167.80452115721354,48.469032672,223.549729941,46348.19847205119
KEVpg4SYCVrqFxKijQH6hm4QxsRdoE51ud64bEEFUC9,2bPenuBYfqzD8p5dFjCcggwkHDsc2RQDnx9AoyYGUBjA,AE6n6iLuX8oYu61vt5hoDYkjswpnxFxrhSehxrnQTnbx,483.1101407589997,484.0007502970002,481.60055178940195,0.996875269545727,0.19264022071576078,0.9887205220441193,6027.910870386,1601.068792227,7592.084845792889
Lee1XZJfJ9Hm2K1qTyeCz1LXNc1YBZaKZszvNY4KCDw,9DgFSWkPDGijNKcLGbr3p5xoJbHsPgXUTr6QvGBJ5vGN,2hNHZg7XBhuhHVZ3JDEi4buq2fPQwuWBdQ9xkH7t1GQX,2366.926452072824,2005.5884570689695,466945.5509325439,197.279281966543,46.69455509325439,167.02231284481755,7160.742629651,56439.106462735,10839256.260625653
C2ypsDADXcCRz8HbV2zX1AXPSja7a1P3xZtRC91xGhJh,J9bYNuDpY1d1T86gLaw7DGk5D3CsUAf2tzUwxMvb6FTv,A2NGvvPrMGzsJ4jb52KEnSBVmsA7C34dV1GC7PerdgvG,3.5357505300000005,3.5690546469999997,590.5492311628896,167.02231284481755,0.23621969246515584,167.05515342595874,2.694317436,2.327357919,838.8082639345037
C98Sspw7XqnMsgxea3SLQVdbMDL8pKUc3RE82UvX9eq2,CSqgQJurPCzGxb4Cgwx5R61hWQUiaoUHcShNc8r1cKEL,6S2CR5EnukPhC914XkAns8m5GixjMAoUuZMsS5ubHuWc,66.6065410000001,64.47587299999964,0.0,0.0,0.0,1.0,870.017257,4107.46868,4107.46868
BerKDkt6v49dT1bHRedgnpsJS263C1DSJtEGvY9Mg35V,78XKqNb8wbfsMMrvo8WPUpdx7GEkfQutpNVH943aCGFa,DKYQwn4nDvFHCszi5tXbqfVMAP7DaXXp1KGTXEnYnKVH,0.0013870610000594752,0.0013870610000594752,0.0014118327592885574,1.017859170741604,5.647331037154231e-07,0.982536614305535,1339.269355658,5107.72949222,6381.718837824062
Cob4usZcpHEY7Qt4ZCwj6WVg9S44zvzYV2v9qYF65dTf,NhFM9UXE48PyNAyeyPYA3iXztqKVJwA4bTdLj4ysM8w,6TuFuynuBoeskxyR2cz4wxyidk8dpDK7kAWw3UkjQGx,117.27852799999636,1126.7185399999876,2.26420888546715,0.019306252594398356,0.00090568355418686,1.0,62152.467473,304.602414,1504.5336503988656
STK75uPSyBnEhGTTzb1nwmP3n427XoXmfRhXxxhyady,6TYyD5fUmDe6N65avW1Ny2RxzRNobw2RRgKwH9CTzSAU,54zDfk4cx2vGrEajPtodWpArNe5eUurytyxd4X3aZAxK,1385.827571999004,1554.977746837004,233639.06971740216,168.59173135109918,23.363906971740214,187.88251706208106,4856.7581794,878.116625587,983792.0321080049
BUSD5rCfUDpCxKGMvYU2yThChxgHoioK74PTPociGnv2,CcFHbafgYDZ8yA8Me1PdtDiVb2eeaS61LbqyKKK5CsNZ,26R9s4nmF3CFDTkiePDwRmtscn8i7r2eygbSijditJ58,1523.7152633399996,1527.0545707300007,1523.242860031818,0.9996899661507977,0.15232428600318182,1.0,76.3270014,70.78105336,147.0843908059579
Lid8SLUxQ9RmF7XMqUA8c24RitTwzja8VSKngJxRcUa,4PgzyzLtds9bKZ2to9PMnKqJzKEUpjvNUaeN23phegax,AtymwxoVN9peZo7EXTcDz9jKVc4vRmisJKKrNfe3ewBa,187.70468740000433,159.569083083,37035.71843060166,197.30843669171367,3.7035718430601663,168.10779878975833,987.527111953,7675.88408267,1485223.4075531266
BSC8REUo9LpiiWUuqMuLXs2D2yJsJfGd4HdiF3wCLxk5,AZjEH1zWVx1UJ6udMyRijGTzPteuLnaY18yNNmprJEsh,Caf8ypkSVR8xYnXNhjvfvdGCC7mrM3C11rz8Xi6NA6aK,1746.864057578999,1741.5385810849994,1749.6492139347613,1.001594374985093,0.6998596855739045,0.9931180997403384,2690.299138527,3656.373474973,6325.799161582048
SoNcU2iwHMw6dGzsYNQkYFkUjwN1UdAjrWVRnStrZu2,8ivTTid27jZnYNc4w3CTA1Z6QS2twsFb8WMwUabeDJgc,CyXm53PMvHCbeXJBykU46Rcbo28xk5srhMZFg7gv6EYB,11.590895581999995,11.474851087000005,2296.403243007853,198.12129500795754,0.9185612972031412,195.8326422073002,16.100193265,19.510465261,7010.57710229557
parEAJhzYzHW87y9VoZAQ22dzQ2MD2ekEtTReaxbMcz,3oyc6hpjYSJEquK6dSvG72NXyz3pqLZz5D8AC71pwgQb,Di2vordgFJVZ1aj1aBpvzXtLfZgJsuLLXawGtVFwX6Rz,5.847796742000099,6.804130362999842,939.0132025220798,160.57555417032378,0.37560528100883195,192.3105399829959,1103.740789101,142.784430801,204692.73985878858
YAkoNb6HKmSxQN9L8hiBE5tPJRsniSSMzND1boHmZxe,CfWX7o2TswwbxusJ4hCaPobu2jLCb1hfXuXJQjVq3jQF,EnTrdMMpdhugeH6Ban6gYZWXughWxKtVGfCwFn78ZmY3,7935677.262935997,7934921.44235599,7935677.262935997,1.0,793.5677262935998,0.9919404835709859,482970.96005,902773.847201,1378468.8865977991
SAMyS8Jr2HJrkFwYVKbpUwsNStnQmvz3f8Tup8bWUWF,6jPzm5TFfquvgm25sTyN3MMGBfufRaFHMxobDWv6hMFW,Cj9ECoDmxsHTDzCY5ZA6RWrPbg9uFzEC1Qc2kso2vJG6,1382.2376176600083,35.150256200000285,1379.2866751970246,0.997865097559724,0.5517146700788098,0.024872974341860477,525.63357942,106993.50679309,3185.758152218807
Sid7E679i9ABqptiAVhkmQ27YHN8vaYT4fppPwmxFsJ,GP7KB8o1bv527HG8kTzzzf4wJ5aEGHvcMQvVhLziUfmT,9gYxhAZ1M9wu5pxr8SBoa5NDm21gi3s9vMHaYTME77sa,1087.6596459999964,1399.9305320000276,21.033784485460284,0.019338572100945955,0.008413513794184115,0.024450134805818254,107381.92465,24738.606844,2681.4753644263087
MATSnbbiTCv7Dc3trJrkrqjx7ckKdr6fwPoVwv9q3sD,631WX9JizSHJm4w6VanZeJAst9T8DeUUnPLesdGkCVtK,211maUSfpnXbPuW1iBu8b4dtJv5EbN1j7JJiEX5TZKEP,28765.54174899999,28761.872783000003,28666.013350646546,0.996540013074605,11.46640534025862,0.9981872918779496,22778.129615,22721.342889,45379.47331054837
BSCNHw8CmxbZ8hCWWzMf5FaG2ajPT6JxfznKUNuRVrn4,7n9kgNL633yGzCYksgnzHyjG73ZLBAwvEae5sbAekbzW,SscdxE99omdG9AiMVwmaEMQySQnCgeAh1sPj2Leutm2,840.5494218499998,839.042206606,841.184904238941,1.0007560321528062,0.3364739616955764,0.9927731219575338,5202.058716843,6486.915777429,11646.027268727488
