0,1,2,3,4,5,6,7,8,9,10,11
FrnkTEL6yZ5Aycq2TrEgu29dCrwKG4LPUZydfiwqspkc,DjvZuMZ46fxKBoBpGMPcRcos4xdTtHFxwMh69DpA2ZFY,9rvDPJLAng4uVVqnnSoEXgNDFhBZQTny9AoQioYDZbQX,2701.1829076800004,2265.638841957001,569159.203273213,210.70739106743943,227.66368130928518,179.76371138720418,179.130949927,1459.113640412,300039.8984547059
heyk4SZTeCUV6a65WiVA5bzic3KcxgVf1qxobfeV4tQ,9ZDpBKPqMABtGfq66FbVribaArMvtk63xxy91onZAtDt,DaTP4s6N7xxSPinbNZ3FB52EpRDRt87QShTuN3VPCW52,29.52252677700153,25.706908116999898,6093.568053984048,206.4040148057728,2.437427221593619,180.36815304454228,634.283925721,4462.554903367,935821.5345757527
wrmcMSHFi3sWpAEy4rGDvQb3ezh3PhXoV2xNjgLBkKU,8p4mGnARWPBu6P2Gcw4adodLkNDorrXniZMhaY7eJXUn,AyY89zccbsgp9LKFgH4CFZMJmpSgqmPSdTfukhP227rc,0.0044239900000000165,0.046296580000007026,1.4865557795698983,336.0215053763441,0.0005946223118279592,3652.300949598247,27.13014847,0.0910503,9448.856427124325
NorjjEePhxfwLF4vZjUHCrVVKLzQjEEGQFd3wgjEJmh,34M8pFVqgbV7aqHxvRT5tCv3vu2P1JJYT8J3VaxBK2oG,3AZWBSze3ucsY3xSeuLne3b2pauVqiaJ1SZSV5T9WGWw,0.2326929999994718,0.37734700000146404,0.13826560867782242,0.5941975421612866,5.530624347112896e-05,1.0,38110.243979,2266.611259,24911.624562488774
SAMyS8Jr2HJrkFwYVKbpUwsNStnQmvz3f8Tup8bWUWF,6jPzm5TFfquvgm25sTyN3MMGBfufRaFHMxobDWv6hMFW,Cj9ECoDmxsHTDzCY5ZA6RWrPbg9uFzEC1Qc2kso2vJG6,1194.0343886999885,59.8313595999889,1192.1355194804942,0.9984097030726546,0.4768542077921977,0.02564754077401149,533.40588922,106685.73199744,3268.78427688295
7oAd7xG4m3oC2qeWB1szghTebAZyyGPAFDJ4wwwbRSNi,D9yh4KAysxt9GLacVe4Wwh2XqghhcjTCSTV9HuM7TBJd,HDYfJLpZKaMFb84jM4mRytn7XLR8UFZUnQpSfhJJaNEy,0.10920716700002231,4.7948027739766985,0.10841013073201453,0.9927016120836866,4.3364052292805814e-05,0.022793582791582702,956.224014444,300037.368481731,7788.171719708635
SERgf3DMJpQxUifu7VoFKmfne73d2fDJxSrxUMrcNJB,AJfM2GZ2tTB8UtN2krcyR9xufRJEx2mhSCbJyMgPo3GU,F4yRYkufQvERZcEKnKjJwRLU1btiMBUuEwq46hfm11QD,0.000433359000002298,6.267099999845982e-05,0.07779079798979505,179.50659381571063,3.111631919591802e-05,179.92970506282606,29.276090844,27.967606618,10287.454557735635
RajgMbScQbqqrdJfR2rxfHJiTiY5b6bJ2tTXiF4aPxy,725ZA3fhyBAKb5iopNRrcbSuQa3LXA1656Q3mBvYPxeg,GLA6i1dSZpUfk2f9Nj8uiG7xyDdAR2reff8oEiZH3617,973.715510379996,975.0316356999974,971.8011301796213,0.9980339429946765,0.3887204520718485,1.0,118407.75043576,63439.59794975,181614.55199828118
iLiUBQ7Z7im6Ew3b4ewwPcehzWgEQRJ1iQz7g6D62NW,GpugBvKWM3TVhYcZjemSdtehBWgfvuGr6uAm9iPjXT6v,92fMXJ3xy8tEyMUWLHKRLyhPw2nECBo77GtDiBBbYrjX,0.49522315000012895,0.5067754330000298,0.48392465334246293,0.9771850393955471,0.00019356986133698518,0.9991613808723222,1865.637227489,1097.91325926,2920.0653158418913
Cob4usZcpHEY7Qt4ZCwj6WVg9S44zvzYV2v9qYF65dTf,NhFM9UXE48PyNAyeyPYA3iXztqKVJwA4bTdLj4ysM8w,6TuFuynuBoeskxyR2cz4wxyidk8dpDK7kAWw3UkjQGx,50.254368000000056,2379.3435730000056,1.006633549131467,0.02003076725850907,0.0004026534196525868,1.0,61832.601994,310.884518,1549.4389775298378
MATSnbbiTCv7Dc3trJrkrqjx7ckKdr6fwPoVwv9q3sD,631WX9JizSHJm4w6VanZeJAst9T8DeUUnPLesdGkCVtK,211maUSfpnXbPuW1iBu8b4dtJv5EbN1j7JJiEX5TZKEP,20842.660326000016,20861.505989999998,20793.25555081129,0.9976296319943814,8.317302220324516,0.9953081175339449,25177.16992,26398.119154,51391.75304355413
MATgk4zXLXtYkwBH678J1xZbRDZ45LicNzkRBHkxTuY,y8dALFo1bJrSzPYjMX14HJX448pXqYmrfXHD1K8MXih,GN7Yuet3UyiWS5YVkEHv6oQKi4HGBJc3XDPt9zQhAqZz,32279.182880999997,32202.63399999999,32387.74660762877,1.0033632736934204,12.955098643051508,1.0,4822.681596,9918.097923,14756.99951714357
KysFMBBoavfov2tLpvefWW6tPFt6rAeZWDJVy1mMQae,B8ka2V21TH3x64dFV8ETcjuQcwmrciJ2qzy1mJUttRew,7fSf7EYxBANyxzk2s5pymFgshA91tFYQNKKs5UnLWcYS,32.03423200002226,26.072374000012132,0.0,0.0,0.0,0.025638921934610495,134578.432187,2555.000008,65.50744574804119
CZgvH45CRmoaNJ7395Ao5CQZXkGznvqU7cErD6n7FaRg,4ZjU6MKvtqVQKCiowhvZ5yUsPxXX5SCzd5eFsPeXyey5,BsyWeshjDbCvjDojry3vKDCesmFRM37WtwcR4Kfgzqr,98.65098918999999,100.0,100.2596889854692,1.0163069808896785,0.04010387559418769,1.0,339.74020149,664.86302668,1010.143365143153
MARpDPs5A7XiyCWPNH8GsMWPLxmwNn9SBmKvPa9LzgA,6YjT74rmcfCpw8LSjPNx5JTmZoYLGrTKnf9arfSgZ4SR,F8GSmi3vA8M8TsybLya1LQ4n1aFHCRbZ6k437PeTdXtg,50566.96099499997,51724.23804499995,48995.05271862822,0.968914321813265,19.59802108745129,1.0,310568.071781,24074.433533,324988.286179541
TETFuZgEmET6d9vYmz9iMFCxK1jKdKYxf3oPz8hSzJK,Eu1Ze6Z84LWNkq7SNoAHBJbXx5t1P95EwyqYohrfCRFV,ASMbv7WNu3qe4pkhREmvyEdwFNDZQ6B6iSrjkj4u8bdC,10.645338589000005,10.499717000000004,10.538967024277511,0.9900076861028724,0.004215586809711004,0.994499423687584,314.071081377,38.408880764,349.1303943301538
Lee1XZJfJ9Hm2K1qTyeCz1LXNc1YBZaKZszvNY4KCDw,9DgFSWkPDGijNKcLGbr3p5xoJbHsPgXUTr6QvGBJ5vGN,2hNHZg7XBhuhHVZ3JDEi4buq2fPQwuWBdQ9xkH7t1GQX,939.285816567186,797.3340678880049,200023.72649151977,212.95299360800294,20.00237264915198,180.64716122921723,7222.193347453,56365.972393576,11720340.59657985
JSoLLrxK5bYdHwTEWYaGgmeycBCNXKDiBCTw5hXGBg7,xG4wXczA7Dk4hccJ61CHKpDHW4NrNfQwgmWgkb9BuF2,BVR6WgfhsRr9Lob4QDnkEAiNGgAbv7ZieKcY9kSg3QYR,2.1933917510000214,1.88842325500001,456.3042897840673,208.0359286370193,0.18252171591362693,180.87081338328264,17.390817168,163.46518102,33183.99505023443
HDSBGqAuMRr6X2AfmmbXQPpRgU6VEhtfNVVZ3wUTZXg,DCZ1d8kNLgDcdSd99y4udLgwq46mfDXNS9KXj96kQf5L,Fq8GGYQM5Pz3q7LmVMbrXHJgsxA5ev86kTq8yGgGuYsa,8166.020862644007,8229.339544811995,8122.130089957391,0.9946251946419342,3.248852035982957,0.999444758464435,28111.476397366,26932.324772988,54877.75351102701
B2izdXFYb2sNwbWWHmh75T4aQFtfXsUxem9u2p61HGzf,4DYwgJtxwuJdAjkj5RJSNH4e7U329V5cNp7d3a1nLrZv,EXNW64GEf1ACC6xY9BtKRiunrs6GoJSXBdxWN2eTPmrF,2864.5122649999976,2818.770390000007,2899.163061916018,1.012096578303888,0.28991630619160175,1.0,8452.192855,31360.35622,39914.79168771007
DFWzVTzNBrQZLjoQ4yQwkj9HuoXmfkuZP9V5vbymZe23,DhgiEgiNdqZdRdo195UUHnoEJUtefK8buko8nU97XJUZ,2K2kkXsouBHtWVjtcgkyiXd8eP3oVBvq1bTJzcVdLLr2,1853.9111879730008,2213.220893004989,1549.751641508241,0.8359362905634563,0.6199006566032963,0.9990044181709657,61391.311521712,7533.722640969,58845.44742988817
Lid8SLUxQ9RmF7XMqUA8c24RitTwzja8VSKngJxRcUa,4PgzyzLtds9bKZ2to9PMnKqJzKEUpjvNUaeN23phegax,AtymwxoVN9peZo7EXTcDz9jKVc4vRmisJKKrNfe3ewBa,53.12842577799529,45.200773767000214,11302.04231552061,212.73060795642255,1.130204231552061,180.9400959814833,990.90269964,7671.868218649,1598943.9055597188
HEDSDjj84KS7LKhZY7ejkCACTdPen62rKhCby1wXtgxc,EnnjMSFttpCTywBrYNt1J5QQeoSVkvzPipJDa8Y7kJow,6bjVT6JN2rSvpyn9PdfLYC8wJn4LWh49jpY47fnLDXZk,7.206412757999715,7.439877211996645,6.925105745309495,0.960964349096165,0.0027700422981237986,0.9990044181709657,39097.513231585,9123.798602143,46686.03146791172
SoN9GaFpSXfpyR5dth3x7PHPVhvJMpQqqDJfCSmPv1t,9kZ9iS68ViMPtoeqtnhAKuF2iqVyfHPdZHoUNdwCELr,BBhm5fJLjw3HRzjtKB8uMEYjGhY6EDm9co3cqpjrSzB9,1.8017522659999976,1.7613681569999997,386.66651200740944,214.60581418656028,0.1546666048029638,210.14120438228466,3.674277651,5.954328096,2039.771024221053
vEnkoSUkpnbRrPgBz9DfcVxNz67zjwMYBZraAvDDNSf,DtfyjjsZ5yCjWKLKHvwsfXs5QVsmm1QkK6Sh9JZHoq1g,e5wrKCRv4GhHvEf1VD5Pq2KGaZDXP77nTL612Jyrxwy,3899.074272,3899.3728589999996,3867.0051978938654,0.9917752081984105,0.3867005197893866,0.9964168848819646,1203.301915,737.453918,1928.2165429922309
KEVpg4SYCVrqFxKijQH6hm4QxsRdoE51ud64bEEFUC9,2bPenuBYfqzD8p5dFjCcggwkHDsc2RQDnx9AoyYGUBjA,AE6n6iLuX8oYu61vt5hoDYkjswpnxFxrhSehxrnQTnbx,2271.1478673410015,2273.6570754489985,2267.5530542601505,0.9984171822836618,0.9070212217040602,0.9990044181709657,5490.570640974,2136.791268208,7616.5439861395935
AUSejoEUCh2DBs9mof6BNC8Pubs22w4cJa1ccV9h44R,4xkyD7AfGQDwsQMy9MosRRNGoVJ1zosNinesxg1TzHG7,Cbm5gsQe3nSiCsFrvepVzMCD9xLK3ri9g3ypS2hdmVJ7,4375.733574999998,4377.276189,4369.799387431866,0.9986438416630217,0.43697993874318664,1.0,14971.868929,13900.997533,28852.562237131788
C98Sspw7XqnMsgxea3SLQVdbMDL8pKUc3RE82UvX9eq2,CSqgQJurPCzGxb4Cgwx5R61hWQUiaoUHcShNc8r1cKEL,6S2CR5EnukPhC914XkAns8m5GixjMAoUuZMsS5ubHuWc,200.00463899999977,198.55309099999954,0.0,0.0,0.0,1.0,796.257055,1609.224164,1609.224164
NorBXypYWTkV5PMs6Q9JsvNkmRwe7H9Zr1Kz2TcJH2Y,C82XDu1d1UjtuUwnkSTwVuWyH3AqpJ3ftb9W7en8rEUu,F7cZoYpWQSFuYJzW2UUFw6sVbTtaihyD5upeeHRUPABk,1.5229700000007895e-05,1.4795000000011882e-05,0.0,0.0,0.0,2118.329908699981,0.2508818405,0.6545604103,1386.574894189421
ercAoEmXjQzEvAFbdjAo81KtMxRGn9AW1ju882upmPH,CMRhskR2Eg6V42RTSdRTXGdozyPbWB8U9dVpijPWb9T4,7TKLLgrWswt6ZJ1pXhVR3FyufHGjJFqiEXxvWJfDcgRm,0.0,0.00012338400006228767,0.0,180.36815304454228,0.0,167.22128392501796,422.126311732,923.07008355,230495.10772261015
KwnjUuZhTMTSGAaavkLEmSyfobY16JNH4poL9oeeEvE,J63v6qEZmQpDqCD8bd4PXu2Pq5ZbyXrFcSa3Xt1HdAPQ,BnKQtTdLw9qPCDgZkWX3sURkBAoKCUYL1yahh6Mw7mRK,189.2281989999891,6237.908309000428,4.840395723702301,0.02557967443162411,0.0004840395723702301,1.0,274390.464224,646.882375,7665.701116992123
ZUCKWFa4LTL833dPhhpeeRWZcaAEoMeYJPi2iKn4F8N,7eEYpq6ShaJ9opZWMxitRFrdCHh6vfyHhGfoSvFht3N2,H8VggnHmuwd1wvwpT8eg9cUJFEfZ7HAaeYjgXrSm7A2u,0.0014671409999209573,0.0014671409999209573,0.0014685859328087323,1.0009848630007974,5.87434373123493e-07,0.9927006266281743,1815.583619326,2031.488216222,3834.0313456888593
BSCNHw8CmxbZ8hCWWzMf5FaG2ajPT6JxfznKUNuRVrn4,7n9kgNL633yGzCYksgnzHyjG73ZLBAwvEae5sbAekbzW,SscdxE99omdG9AiMVwmaEMQySQnCgeAh1sPj2Leutm2,2352.0837133309997,2351.416715167,2353.9624884738128,1.0007987705251156,0.9415849953895252,0.9927006266281743,5434.617799166,6252.90443545,11646.220962996547
parEAJhzYzHW87y9VoZAQ22dzQ2MD2ekEtTReaxbMcz,3oyc6hpjYSJEquK6dSvG72NXyz3pqLZz5D8AC71pwgQb,Di2vordgFJVZ1aj1aBpvzXtLfZgJsuLLXawGtVFwX6Rz,2.952658267999965,3.468455339999764,517.8565916672729,175.38656514356882,0.20714263666690916,204.58767400181674,1103.363361177,143.09477225,222790.53663854417
ionytDfEj1mXodptgrsKEZro7DGsfpzANUfarJdm6Qb,3gkSjY95an9xNFSjCfsay6JZez7uv7yfW3Ad4ubc4fMK,9wXqANaSuEqkKL9yHzCPEDGHwbkStVAqV5rB3QDs3Jr6,9.448999999994712e-06,3.94090000002123e-05,0.008356526253319493,884.3820778203165,3.3426105013277974e-06,3618.350828059587,3.17685693,0.077948766,3091.6013146935948
ALBpShJ9NLpE739pcHDF2LNVk5J4VYPvvKuV6jMPitZi,D6d156U1bPiJpDYRLextvDRccgFk7QzkQbJg42ceKEu5,GNcM8U5g8RwTZffwwm3kSQqUNPSwv5d2fbN9sLxPJqt2,5202.266236999974,5201.678158000002,5174.257978562019,0.9946161428189213,2.0697031914248076,0.9935311188849402,50341.702994,49959.063071,99706.55428620195
RoBgmK8CvjdHvPrqdDyVw54VwjZv2TqJ493xnqJAQHx,ExiHJxM7qPAcy27NDHAF6G7vnW7muNHi2sVJpnaNynGQ,6rkPHSqZb7StM4HwS9EuVrmfkV7tRdc7dnsFhyB6cefE,0.6429580000000001,33.40089199999966,0.0,0.0,0.0,0.9688382853887559,6201.369959,20.117751,19.490847384717927
oKQqupM9E7SSLAFDLxr7mdsXP7znck9qRbVWc6Yyj7Q,CMR2J7CwfW98RpvnJmFBgRFTLAd3x8CJ1SWs8Bt3uunG,FmRb5jHfSNj1YWP3b45d9vvYuhwjp4om8bALmtqZpr1v,1509.0031008399997,1500.0,1516.8426289359822,1.0051951703025783,0.606737051574393,1.0,2596.40202103,3294.26733805,5904.158109753209
BUSDTd9WiT6uBHJRgNvFXBsA7JrifsAtWzKfioN7ERcy,DyBxrn7gSc1EwnpWhDyhzvMHPtxpmBqRqotapLcKcfTM,Cds99GeBgoCpqBsoRWu1C6fF9LiUMd4pXQQD24s9LPff,23118.579114810003,23104.297624029998,23035.40930879242,0.9964024689577785,2.303540930879242,0.9959534411685323,3342.02253667,2424.56257493,5744.750946680497
YAkoNb6HKmSxQN9L8hiBE5tPJRsniSSMzND1boHmZxe,CfWX7o2TswwbxusJ4hCaPobu2jLCb1hfXuXJQjVq3jQF,EnTrdMMpdhugeH6Ban6gYZWXughWxKtVGfCwFn78ZmY3,9485207.394920032,9484182.866971983,9485207.394920032,1.0,948.5207394920033,0.996175681558497,368982.843176,1002571.588098,1367720.27826071
SoNcU2iwHMw6dGzsYNQkYFkUjwN1UdAjrWVRnStrZu2,8ivTTid27jZnYNc4w3CTA1Z6QS2twsFb8WMwUabeDJgc,CyXm53PMvHCbeXJBykU46Rcbo28xk5srhMZFg7gv6EYB,5.253247905000006,5.182719007000003,1115.0452269274228,212.2582537683269,0.4460180907709692,210.0651012755363,15.987314148,19.597922943,7510.279051311598
BUSD5rCfUDpCxKGMvYU2yThChxgHoioK74PTPociGnv2,CcFHbafgYDZ8yA8Me1PdtDiVb2eeaS61LbqyKKK5CsNZ,26R9s4nmF3CFDTkiePDwRmtscn8i7r2eygbSijditJ58,612.8395139700003,614.1755947900001,612.9158955489037,1.00012463553208,0.06129158955489037,1.0,73.75159823,73.02450353,146.78529382968716
SUiuyGR7SFq3xeRVJonq84fjjeFwRSsFekcevJ53tzy,49GjCCPsv7fBqo6t3iKDrP1xxGDS8uWZbVCdfnp2gjMf,CEwj5xEbbJEjYqM8D6Ai8ByGz1mrh8mkAVsE5fzDSSSx,0.10297299999999998,4.581306999999924,0.002066697906741072,0.020070289364601132,8.266791626964289e-07,0.970117471524627,558.416705,2.825312,13.948469389085293
AURHmCnNwiW4uA2Qj1XvEh4iKgRUZYXtiY7FKAapUV5Y,BKWm4TRnTeKwfWXRyuzjRHU7iZDkPuXBX5b5V5jSVfGJ,A5Ww74HVrkj9nPeC7pHKLfgeDMEhBCpW1efQdz3TGLEg,0.08064030199989247,0.07175165499995728,16.164359084739186,200.45013081375538,0.006465743633895674,179.64725901398086,289.899736247,1809.486509319,383179.73167551885
KEN5P7p3asnb23Sw6yAmJRGvijfAzso3RqfyLAQhznt,9zj4aX38Uxf3h6AUjS4EipWS8mwbEofasHAf3a1uKGds,CwQDG1MWunn9cLNwcZLd8YBacweSR7ARo32w4mLua1Yr,147947.56860800087,148003.74624299887,146592.90358596298,0.9908436141615332,14.6592903585963,1.0,1431979.251561,1148465.948193,2567333.4452140285
daob129AwBGn9Y5r91uLoWZeYiGzbPmksauMhFZKTze,6VW5GQNyj4LStgmxEHLr5zUfW92vQnmbw8jTnCH7a38F,4VPCCUifPeBA1c7HWK358CHn2nyjm8pdTRk6Ps3KmnMQ,8.335541141999983,7.4766846499999815,1676.0668054752618,201.07474450940276,0.6704267221901048,180.8754916421957,48.572314023,223.410601782,50176.16806780326
STK75uPSyBnEhGTTzb1nwmP3n427XoXmfRhXxxhyady,6TYyD5fUmDe6N65avW1Ny2RxzRNobw2RRgKwH9CTzSAU,54zDfk4cx2vGrEajPtodWpArNe5eUurytyxd4X3aZAxK,823.5235298569969,919.2170293879977,148705.37564179781,180.57210298243717,14.870537564179783,202.1669057627272,2681.058296534,485.745610578,582326.0219020359
WiiQFxXqp8P9Fs1rt9SVcDyA3KUdJmUsog6wnVQAwba,3S2jpqSYxho6wiz3cafhjXruVY8cg4HYa2v3BqBHYFSj,Dfe67M6TfrG74gKRtdqys4e6E9QirPD53BkF4FujFjuv,30973.940675528007,30918.073568748005,30999.561534139917,1.0008271746524056,3.099956153413992,0.9994289572761101,7616.388054479,19155.066481925,26766.81625820542
BUSDgu5JdqP1rndBvXvanbEufS94FNh1w5FJcAj6vawb,Bgzr8cWubt89JQFXndVjtdKmDbGzuPxNhvjH1EhWCwbo,Dxaf8xPBBQsasRKW5Aa4Sw2YrbfGofY9xZueyyF23FBW,6046.231657310007,6013.634061289999,6080.319264778594,1.0056378268979116,2.4321277059114377,1.0,5035.44356501,9940.00704616,15003.83957034373
BSCuChvaSj9b5HUSqgDVRzcnr2sSn7cXaamt1jbKH6hn,GnKpRj5kBVPMJfiwZtEuD9GYApLzPdW5JFuZTcyX4BTc,3dmwD9okkomV9nDwyuh4UMhKdUR13QpuKxRo89ycZB5t,440.8046021749997,440.9778419679999,440.3428432575602,0.9989524634834549,0.1761371373030241,0.9941069340946868,1681.873712953,1424.24523308,3095.963950878596
ALLwa5WNZbvQsRKAqe1jdRGemdYQnW8E5k4msbRFcYtu,CGoM82Hbz7QVqTgvQatYtjvDWBvoUJp5qm21P8iMs9yb,3dxNNww8TivyN5FMy5dCNdi3Zcxv6e4kUfSPxfFwpdNq,4.636999520000002,4.639427198000002,16778.291052903915,3618.350828059587,6.711316421161566,3572.8321840723142,5.325122347,3.305289968,31077.407229147808
moFiBS1R4Lf3E3zzmBPnw3NF4RhWPkhREFviuzUaCAU,44ALBrpqi9PfZkBRTvbtRNtFJGsatfY4QydjtMbFWq8S,2ho8qEEie1UjVwWNBo9y4oAJZMyMLx8zPj9bxyUz6uWs,6313.589497948,6319.912026464004,6297.665039496843,0.997477748837435,2.519066015798737,0.9994289572761101,40784.751320056,26330.219815977,66997.06606915673
GokA1R67GqSavkd15zR62QD68Tuc5AEfvjssntVDEbM8,3YB7hfpBdbQEuZqLGWVDpRPmeZWCUsrrWyqGXegnQ6Cg,4DPCj6Z1DsG6HUtwSogBGqXEUxdEV5a8YVrrFtcnz7UW,45019.14814799998,45025.71521000002,45026.44243167391,1.0001620262482522,4.502644243167391,1.0,33950.533041,40580.280453,74536.31437149481
BkwbeSfcX1h4thMDd7obGkHrPevf3QwgzJ4pCEqG18Lu,35yX27bmurdebhfAb8EPmjLETDiUaEUCn9zHaDPbakH2,2CxECn1ZJFoESyUnQysQU8rRgT3iJ5GRs2Mdd6gZjx5g,0.01876868000000087,0.01170340000000003,38.58533777394201,2055.8365198799393,0.015434135109576804,1280.4097311139565,0.84057366,22.73282247,30835.40913415115
KZMu9QBEdL97EFgamLbN5DE1AoKBG4HdrKKJo4Vuon3,DD4ACBWyVqdaKWh7v5btsgqQCCMwbKnuL2xd9pv7Gyuw,GcYqiJ1MAuYbNTNYXm1F1gQYTfTgkErACAhNU5dpVj9T,31.187344980000034,31.2506884000004,31.13774784110628,0.9984097030726546,0.012455099136442513,1.0,2306.07844643,2083.25523478,4385.6663317424245
Sid7E679i9ABqptiAVhkmQ27YHN8vaYT4fppPwmxFsJ,GP7KB8o1bv527HG8kTzzzf4wJ5aEGHvcMQvVhLziUfmT,9gYxhAZ1M9wu5pxr8SBoa5NDm21gi3s9vMHaYTME77sa,11261.706676999991,13628.46226500006,225.94833362776382,0.020063418459408344,0.09037933345110553,0.025538763194474314,107377.073337,24741.210097,2786.211061118829
SEQV6QiTpvTzrceiaYg9Avnwf7oc8ZALpnQMz6TyT4A,3dFMPj4r9mMmPHF32mz1gNDX7f8ftidWof7S8YiYTs1j,Fc1ED3YPeQfXQosHbd8DTaBd2AV5gHQtwiSAL5C5pUhi,1715.500611163999,1714.8515224239995,1706.607168897761,0.9948158326447907,0.6826428675591044,0.9951595439780906,2704.75732301,2913.786553975,5590.417906695541
BkMBnJpvHKtWhUvrgRrLesXfi9RUV3ELgdBaJcdH7hcY,5uerVwBnZQsuVhZ15igs7ZgmcqhHnYWbwoRtLyRqLvR,9YWiQh5d4jCtgMdzcGLv9bWgnLaFtzvDDh2nnhJdzhBX,53.74816464599985,53.562460081000154,53.91654423439792,1.003132750476357,0.021566617693759168,0.9989006928062549,1114.216648772,1759.198079488,2874.971391893202
BSC8REUo9LpiiWUuqMuLXs2D2yJsJfGd4HdiF3wCLxk5,AZjEH1zWVx1UJ6udMyRijGTzPteuLnaY18yNNmprJEsh,Caf8ypkSVR8xYnXNhjvfvdGCC7mrM3C11rz8Xi6NA6aK,15981.900869505,16047.009204839997,15941.8736464903,0.9974954654429702,6.37674945859612,0.9988878632252814,3452.218151667,2889.792436862,6330.150544429407
