0,1,2,3,4,5,6,7,8,9,10,11
C98Sspw7XqnMsgxea3SLQVdbMDL8pKUc3RE82UvX9eq2,CSqgQJurPCzGxb4Cgwx5R61hWQUiaoUHcShNc8r1cKEL,6S2CR5EnukPhC914XkAns8m5GixjMAoUuZMsS5ubHuWc,30.427173999999923,30.30246199999999,0.0,0.0,0.0,1.0,820.033053,1280.984205,1280.984205
BUSDTd9WiT6uBHJRgNvFXBsA7JrifsAtWzKfioN7ERcy,DyBxrn7gSc1EwnpWhDyhzvMHPtxpmBqRqotapLcKcfTM,Cds99GeBgoCpqBsoRWu1C6fF9LiUMd4pXQQD24s9LPff,39265.483142290024,39228.93797439999,39208.162377221015,0.9985401742069163,3.920816237722102,0.999997000009,3170.78795907,2592.65383483,5758.80521791478
KEnkcdADoLR5jS2CLLLesy8TtFsyWL37BhXNfDMzWzP,3qsjFRuw1qeLMPo4DLwaQevenGAGBj9dA3Q6rb8ax2YR,77iEv8zPQAEyCcEbvBRSB6AFcUdfkhiqnAKtPxk76rNN,0.09034999999999993,4.010205999999997,0.0020216429237552625,0.022375682609355442,8.086571695021052e-07,0.9997430660320298,100.705925,0.554434,2.8076553617539552
MARpDPs5A7XiyCWPNH8GsMWPLxmwNn9SBmKvPa9LzgA,6YjT74rmcfCpw8LSjPNx5JTmZoYLGrTKnf9arfSgZ4SR,F8GSmi3vA8M8TsybLya1LQ4n1aFHCRbZ6k437PeTdXtg,16074.558182000026,16450.072254000115,15647.186575075004,0.9734131661918034,6.258874630030002,1.0,309294.088763,25303.917072,326374.85529920046
BkMBnJpvHKtWhUvrgRrLesXfi9RUV3ELgdBaJcdH7hcY,5uerVwBnZQsuVhZ15igs7ZgmcqhHnYWbwoRtLyRqLvR,9YWiQh5d4jCtgMdzcGLv9bWgnLaFtzvDDh2nnhJdzhBX,20.95482793400015,20.95916437100027,21.023996272039266,1.0033008306370719,0.008409598508815707,0.9992318505072411,1115.66558928,1757.720875964,2875.7188960025387
daob129AwBGn9Y5r91uLoWZeYiGzbPmksauMhFZKTze,6VW5GQNyj4LStgmxEHLr5zUfW92vQnmbw8jTnCH7a38F,4VPCCUifPeBA1c7HWK358CHn2nyjm8pdTRk6Ps3KmnMQ,7.742451717000037,6.9618743150000455,1557.039110934683,201.10414218223735,0.6228156443738733,180.8070103940526,48.587306634,223.389823763,50161.554808618224
SRMuKizofcAMicegrfSv7xs9q76tH1w8aAF7oX9FEWu,72Hj2KWntXPfbie4UgKeTPnm1XVkomDfCnRPKbvfTtPi,6aqJQ5wedqpUt4fFEDUqUmXhrdxCu4bEJsQdVPCADLko,1001.6409109999986,1001.9592790000002,57.059221475356914,0.05696574575652191,0.022823688590142766,0.05714380736273958,17971.450621,3892.771251,1246.2048574261287
vEnkoSUkpnbRrPgBz9DfcVxNz67zjwMYBZraAvDDNSf,DtfyjjsZ5yCjWKLKHvwsfXs5QVsmm1QkK6Sh9JZHoq1g,e5wrKCRv4GhHvEf1VD5Pq2KGaZDXP77nTL612Jyrxwy,4086.9584539999987,4086.114839,4088.581620903497,1.0003971576715955,0.4088581620903497,0.9999380038437616,867.365869,1072.765718,1940.4095606578935
parEAJhzYzHW87y9VoZAQ22dzQ2MD2ekEtTReaxbMcz,3oyc6hpjYSJEquK6dSvG72NXyz3pqLZz5D8AC71pwgQb,Di2vordgFJVZ1aj1aBpvzXtLfZgJsuLLXawGtVFwX6Rz,2.510302370999966,2.951497422999637,443.13941658101504,176.52830260622855,0.177255766632406,207.37388349901124,1103.400425955,143.061900769,224448.70623204342
Lee1XZJfJ9Hm2K1qTyeCz1LXNc1YBZaKZszvNY4KCDw,9DgFSWkPDGijNKcLGbr3p5xoJbHsPgXUTr6QvGBJ5vGN,2hNHZg7XBhuhHVZ3JDEi4buq2fPQwuWBdQ9xkH7t1GQX,1293.6237441139965,1099.8582175689862,275813.13792109373,213.2097058175121,27.581313792109377,181.07445962854385,7219.941813395,56368.513804156,11746259.847205164
SQDY9uoDoCbNq7F3HAHYYQZbrUzpKxDtdWLvYcqBLak,GiehZ4X2uQjhEKuxSm3ACmEFrabxh3RTvjbLfLjw1xGX,rxDQYV77NKRKYxCjq4cECX3QQsiSyLv1T1FT2X3zNA2,0.0014206749999914337,0.0014206749999914337,0.0014232839748774101,1.0018364333052896,5.693135899509642e-07,0.9992308520439477,168.73007208,237.825568872,406.68257942577674
SoN9GaFpSXfpyR5dth3x7PHPVhvJMpQqqDJfCSmPv1t,9kZ9iS68ViMPtoeqtnhAKuF2iqVyfHPdZHoUNdwCELr,BBhm5fJLjw3HRzjtKB8uMEYjGhY6EDm9co3cqpjrSzB9,5.6648750910000025,5.537855005000001,1209.9849973503633,213.59429429833526,0.48399399894014533,208.52408943264555,3.62994839,5.998249639,2026.1158088635982
BSC8REUo9LpiiWUuqMuLXs2D2yJsJfGd4HdiF3wCLxk5,AZjEH1zWVx1UJ6udMyRijGTzPteuLnaY18yNNmprJEsh,Caf8ypkSVR8xYnXNhjvfvdGCC7mrM3C11rz8Xi6NA6aK,6650.002328133,6658.926153978998,6641.128744114779,0.9986656269305829,2.6564514976459117,0.9992291157210327,3389.332465532,2946.177904876,6328.716574212784
ercAoEmXjQzEvAFbdjAo81KtMxRGn9AW1ju882upmPH,CMRhskR2Eg6V42RTSdRTXGdozyPbWB8U9dVpijPWb9T4,7TKLLgrWswt6ZJ1pXhVR3FyufHGjJFqiEXxvWJfDcgRm,12.388034551999908,12.245073023000145,2241.6945614629217,180.95643437651097,0.8966778245851688,178.17248129589836,422.121022362,923.07008355,240851.20227811072
HEDSDjj84KS7LKhZY7ejkCACTdPen62rKhCby1wXtgxc,EnnjMSFttpCTywBrYNt1J5QQeoSVkvzPipJDa8Y7kJow,6bjVT6JN2rSvpyn9PdfLYC8wJn4LWh49jpY47fnLDXZk,75.50387461300306,77.94915042899811,73.1362429905214,0.9686422500220416,0.029254497196208557,0.9980908119712291,39097.983067672,9123.332479543,46977.872612384046
KEVpg4SYCVrqFxKijQH6hm4QxsRdoE51ud64bEEFUC9,2bPenuBYfqzD8p5dFjCcggwkHDsc2RQDnx9AoyYGUBjA,AE6n6iLuX8oYu61vt5hoDYkjswpnxFxrhSehxrnQTnbx,227.95290716500017,228.32327612099812,227.53984566419166,0.9981879524769144,0.09101593826567667,0.9992318505072411,5744.790549895,1882.062780607,7614.997791445154
SoNcU2iwHMw6dGzsYNQkYFkUjwN1UdAjrWVRnStrZu2,8ivTTid27jZnYNc4w3CTA1Z6QS2twsFb8WMwUabeDJgc,CyXm53PMvHCbeXJBykU46Rcbo28xk5srhMZFg7gv6EYB,11.296043700999988,11.166204582000006,2411.2187197024555,213.45692204510516,0.9644874878809823,210.25625822496198,15.37338358,20.211844924,7531.222025948991
AURHmCnNwiW4uA2Qj1XvEh4iKgRUZYXtiY7FKAapUV5Y,BKWm4TRnTeKwfWXRyuzjRHU7iZDkPuXBX5b5V5jSVfGJ,A5Ww74HVrkj9nPeC7pHKLfgeDMEhBCpW1efQdz3TGLEg,0.07492509500013966,0.08308809299995801,15.174005164752861,202.52233466937315,0.006069602065901145,181.2077751907348,289.829776923,1809.564711131,386604.19844686275
BSCNHw8CmxbZ8hCWWzMf5FaG2ajPT6JxfznKUNuRVrn4,7n9kgNL633yGzCYksgnzHyjG73ZLBAwvEae5sbAekbzW,SscdxE99omdG9AiMVwmaEMQySQnCgeAh1sPj2Leutm2,1016.2573183479981,1015.4479927650009,1016.9353335413181,1.0006671688174626,0.40677413341652724,0.999232849970996,5221.707214893,6465.105957659,11685.337226556765
MATSnbbiTCv7Dc3trJrkrqjx7ckKdr6fwPoVwv9q3sD,631WX9JizSHJm4w6VanZeJAst9T8DeUUnPLesdGkCVtK,211maUSfpnXbPuW1iBu8b4dtJv5EbN1j7JJiEX5TZKEP,11861.147002000016,11843.326013000016,11860.98094826674,0.9999860001959973,4.744392379306697,0.999170688328687,18126.34371,33442.664396,51541.01994883738
Lid8SLUxQ9RmF7XMqUA8c24RitTwzja8VSKngJxRcUa,4PgzyzLtds9bKZ2to9PMnKqJzKEUpjvNUaeN23phegax,AtymwxoVN9peZo7EXTcDz9jKVc4vRmisJKKrNfe3ewBa,65.23323400299705,55.53486701500003,13892.778116093195,212.97086260440364,1.3892778116093196,181.30393792153166,993.736227816,7668.531868948,1601971.8875562549
Cob4usZcpHEY7Qt4ZCwj6WVg9S44zvzYV2v9qYF65dTf,NhFM9UXE48PyNAyeyPYA3iXztqKVJwA4bTdLj4ysM8w,6TuFuynuBoeskxyR2cz4wxyidk8dpDK7kAWw3UkjQGx,171.05763600000012,7362.414289000015,3.827531371042656,0.022375682609355442,0.0015310125484170624,1.0,60817.416877,332.339421,1693.170638160609
ALBpShJ9NLpE739pcHDF2LNVk5J4VYPvvKuV6jMPitZi,D6d156U1bPiJpDYRLextvDRccgFk7QzkQbJg42ceKEu5,GNcM8U5g8RwTZffwwm3kSQqUNPSwv5d2fbN9sLxPJqt2,6339.63354499999,6342.637580999988,6335.116606859299,0.9992875080067912,2.5340466427437196,1.0002850812481556,50801.159555,49495.650736,100274.72515346143
BUSDgu5JdqP1rndBvXvanbEufS94FNh1w5FJcAj6vawb,Bgzr8cWubt89JQFXndVjtdKmDbGzuPxNhvjH1EhWCwbo,Dxaf8xPBBQsasRKW5Aa4Sw2YrbfGofY9xZueyyF23FBW,6448.958712020003,6409.377323449999,6483.730178921939,1.0053917955525327,2.5934920715687757,0.9998049580487839,5022.89227384,9949.47646097,14997.510577730414
moFiBS1R4Lf3E3zzmBPnw3NF4RhWPkhREFviuzUaCAU,44ALBrpqi9PfZkBRTvbtRNtFJGsatfY4QydjtMbFWq8S,2ho8qEEie1UjVwWNBo9y4oAJZMyMLx8zPj9bxyUz6uWs,352.14002653900025,354.0988592400099,350.14481489794247,0.9943340390450138,0.140057925959177,0.9996144357171562,47098.166937543,20038.498615258,66862.0830485336
KZMu9QBEdL97EFgamLbN5DE1AoKBG4HdrKKJo4Vuon3,DD4ACBWyVqdaKWh7v5btsgqQCCMwbKnuL2xd9pv7Gyuw,GcYqiJ1MAuYbNTNYXm1F1gQYTfTgkErACAhNU5dpVj9T,74.71813706000057,74.51602316000162,74.92949292858904,1.0028287090244066,0.02997179717143562,0.9998049580487839,2049.77835295,2339.51426742,4394.634543467408
HDSBGqAuMRr6X2AfmmbXQPpRgU6VEhtfNVVZ3wUTZXg,DCZ1d8kNLgDcdSd99y4udLgwq46mfDXNS9KXj96kQf5L,Fq8GGYQM5Pz3q7LmVMbrXHJgsxA5ev86kTq8yGgGuYsa,1851.201645822006,1852.7089173130007,1840.924242575088,0.9944482529657895,0.7363696970300353,0.9992318505072411,17307.79470409,16540.662671623,33739.66317615473
BkwbeSfcX1h4thMDd7obGkHrPevf3QwgzJ4pCEqG18Lu,35yX27bmurdebhfAb8EPmjLETDiUaEUCn9zHaDPbakH2,2CxECn1ZJFoESyUnQysQU8rRgT3iJ5GRs2Mdd6gZjx5g,0.018112270000000374,0.012148109999999823,37.14727839534102,2050.9454858689855,0.014858911358136408,1290.3225806451612,0.83431856,22.74286681,31056.776477957097
RajgMbScQbqqrdJfR2rxfHJiTiY5b6bJ2tTXiF4aPxy,725ZA3fhyBAKb5iopNRrcbSuQa3LXA1656Q3mBvYPxeg,GLA6i1dSZpUfk2f9Nj8uiG7xyDdAR2reff8oEiZH3617,1681.8924887199973,1683.3686341100038,1680.3026367741609,0.9990547243914226,0.6721210547096643,0.9998049580487839,120493.38639248,61354.49129513,181722.01152876022
B2izdXFYb2sNwbWWHmh75T4aQFtfXsUxem9u2p61HGzf,4DYwgJtxwuJdAjkj5RJSNH4e7U329V5cNp7d3a1nLrZv,EXNW64GEf1ACC6xY9BtKRiunrs6GoJSXBdxWN2eTPmrF,5351.382729000008,5262.932885999995,5409.786787154124,1.0109138256618453,0.5409786787154124,1.0,8385.9425,31427.381247,39904.84646145526
iLiUBQ7Z7im6Ew3b4ewwPcehzWgEQRJ1iQz7g6D62NW,GpugBvKWM3TVhYcZjemSdtehBWgfvuGr6uAm9iPjXT6v,92fMXJ3xy8tEyMUWLHKRLyhPw2nECBo77GtDiBBbYrjX,0.36339522100001886,0.3553975229999651,0.3552786465463188,0.9776646087106917,0.00014211145861852754,0.9992318505072411,1865.130452056,1098.40848241,2921.0367740951197
YAkoNb6HKmSxQN9L8hiBE5tPJRsniSSMzND1boHmZxe,CfWX7o2TswwbxusJ4hCaPobu2jLCb1hfXuXJQjVq3jQF,EnTrdMMpdhugeH6Ban6gYZWXughWxKtVGfCwFn78ZmY3,4662722.136470006,4664220.548363987,4662722.136470006,1.0,466.2722136470006,0.9993444300538846,1069345.45666,301168.580609,1370316.6001988384
STK75uPSyBnEhGTTzb1nwmP3n427XoXmfRhXxxhyady,6TYyD5fUmDe6N65avW1Ny2RxzRNobw2RRgKwH9CTzSAU,54zDfk4cx2vGrEajPtodWpArNe5eUurytyxd4X3aZAxK,2065.6208403230057,2277.563465963006,374103.59216654353,181.10951674366538,37.410359216654356,202.85407570351825,3158.415002788,574.246284547,688507.2141088384
KysFMBBoavfov2tLpvefWW6tPFt6rAeZWDJVy1mMQae,B8ka2V21TH3x64dFV8ETcjuQcwmrciJ2qzy1mJUttRew,7fSf7EYxBANyxzk2s5pymFgshA91tFYQNKKs5UnLWcYS,13.787278999981936,10.164322999999968,0.0,0.0,0.0,0.025737249296993468,134601.310441,2538.083612,65.32329065865764
SAMyS8Jr2HJrkFwYVKbpUwsNStnQmvz3f8Tup8bWUWF,6jPzm5TFfquvgm25sTyN3MMGBfufRaFHMxobDWv6hMFW,Cj9ECoDmxsHTDzCY5ZA6RWrPbg9uFzEC1Qc2kso2vJG6,2074.266255439984,87.32209781999666,2080.133751115769,1.0028287090244066,0.8320535004463077,0.025655398584709676,531.03924539,106777.52841887,3271.9614523720234
MiMUFdSLMyCLpqpH6zkqdDrGYs7XBomwENbivdYjv9V,,,0.01403800200000005,0.007682560000000005,0.0,0.0,0.0,0.025655398584709676,531.03924539,106777.52841887,2739.4200514762747
WiiQFxXqp8P9Fs1rt9SVcDyA3KUdJmUsog6wnVQAwba,3S2jpqSYxho6wiz3cafhjXruVY8cg4HYa2v3BqBHYFSj,Dfe67M6TfrG74gKRtdqys4e6E9QirPD53BkF4FujFjuv,14154.231881094007,14158.742725023987,14158.278529471909,1.0002858967135693,1.415827852947191,0.9992318505072411,10022.464865875,16743.690785884,26756.159383941926
RoBgmK8CvjdHvPrqdDyVw54VwjZv2TqJ493xnqJAQHx,ExiHJxM7qPAcy27NDHAF6G7vnW7muNHi2sVJpnaNynGQ,6rkPHSqZb7StM4HwS9EuVrmfkV7tRdc7dnsFhyB6cefE,0.2753310000000013,13.787279000000126,0.0,0.0,0.0,0.9607310779210547,6178.491705,20.561245,19.753827072248896
Sid7E679i9ABqptiAVhkmQ27YHN8vaYT4fppPwmxFsJ,GP7KB8o1bv527HG8kTzzzf4wJ5aEGHvcMQvVhLziUfmT,9gYxhAZ1M9wu5pxr8SBoa5NDm21gi3s9vMHaYTME77sa,17879.366706000008,19980.576296999963,400.0630346697331,0.022375682609355442,0.16002521386789323,0.0254005385523786,97152.038641,33198.032085,3017.091075320996
MATgk4zXLXtYkwBH678J1xZbRDZ45LicNzkRBHkxTuY,y8dALFo1bJrSzPYjMX14HJX448pXqYmrfXHD1K8MXih,GN7Yuet3UyiWS5YVkEHv6oQKi4HGBJc3XDPt9zQhAqZz,22128.31708800001,22073.329087999995,22117.634270647286,0.9995172331763758,8.847053708258915,1.0,8308.360439,6415.047896,14719.39733422134
KwnjUuZhTMTSGAaavkLEmSyfobY16JNH4poL9oeeEvE,J63v6qEZmQpDqCD8bd4PXu2Pq5ZbyXrFcSa3Xt1HdAPQ,BnKQtTdLw9qPCDgZkWX3sURkBAoKCUYL1yahh6Mw7mRK,530.496926999966,17346.30155200007,13.621816411566169,0.025677465256206924,0.0013621816411566168,1.0,274401.938315,646.569478,7692.515715319248
AUSejoEUCh2DBs9mof6BNC8Pubs22w4cJa1ccV9h44R,4xkyD7AfGQDwsQMy9MosRRNGoVJ1zosNinesxg1TzHG7,Cbm5gsQe3nSiCsFrvepVzMCD9xLK3ri9g3ypS2hdmVJ7,125.4323880000029,125.4192370000037,125.4513311510067,1.0001510228044435,0.012545133115100672,1.0,14375.703438,14496.327932,28874.202429049055
SEQV6QiTpvTzrceiaYg9Avnwf7oc8ZALpnQMz6TyT4A,3dFMPj4r9mMmPHF32mz1gNDX7f8ftidWof7S8YiYTs1j,Fc1ED3YPeQfXQosHbd8DTaBd2AV5gHQtwiSAL5C5pUhi,2564.02023983,2565.5601217250005,2562.01957667671,0.9992197163180653,1.024807830670684,0.9994303247149126,2609.054897745,3008.266283086,5613.571642916581
BUSD5rCfUDpCxKGMvYU2yThChxgHoioK74PTPociGnv2,CcFHbafgYDZ8yA8Me1PdtDiVb2eeaS61LbqyKKK5CsNZ,26R9s4nmF3CFDTkiePDwRmtscn8i7r2eygbSijditJ58,341.9419471999999,342.77748725999993,341.40091551314964,0.9984177674272474,0.03414009155131496,0.9998049580487839,79.85341144,66.84189649,146.55592428745982
FrnkTEL6yZ5Aycq2TrEgu29dCrwKG4LPUZydfiwqspkc,DjvZuMZ46fxKBoBpGMPcRcos4xdTtHFxwMh69DpA2ZFY,9rvDPJLAng4uVVqnnSoEXgNDFhBZQTny9AoQioYDZbQX,937.1781885429984,787.0561326540006,201396.0060564185,214.89617291405656,80.5584024225674,180.87902503311443,179.540404807,1457.526478878,302218.5143358657
heyk4SZTeCUV6a65WiVA5bzic3KcxgVf1qxobfeV4tQ,9ZDpBKPqMABtGfq66FbVribaArMvtk63xxy91onZAtDt,DaTP4s6N7xxSPinbNZ3FB52EpRDRt87QShTuN3VPCW52,19.19497414700038,16.935943835999865,3968.7113666776618,206.7578386031771,1.5874845466710648,180.77595911137047,633.441224309,4463.509126912,937864.0818401517
ALLwa5WNZbvQsRKAqe1jdRGemdYQnW8E5k4msbRFcYtu,CGoM82Hbz7QVqTgvQatYtjvDWBvoUJp5qm21P8iMs9yb,3dxNNww8TivyN5FMy5dCNdi3Zcxv6e4kUfSPxfFwpdNq,1.1969796079999981,1.1975164370000018,4026.8718645709914,3364.194208203251,1.6107487458283967,3324.335465340478,6.10170009,2.527416642,28929.284881663592
7dwD9TF6uikvHXxPFK9AsSim54yJoujQjY9vU6gNFumk,CquVr6atkvwueDYficKjn6SSEWq4F4rH4VSiBbW4GBWU,8BCa6ge3b7ho3TfZuM64Vk1hgbrJ3J7EPiAb9uP86CGd,0.00020651300000000018,0.00020661699999999965,0.04387023724550495,212.43329594507324,1.754809489820198e-05,211.7808610247398,0.003867697,0.003640116,1.5925345221368037
DFWzVTzNBrQZLjoQ4yQwkj9HuoXmfkuZP9V5vbymZe23,DhgiEgiNdqZdRdo195UUHnoEJUtefK8buko8nU97XJUZ,2K2kkXsouBHtWVjtcgkyiXd8eP3oVBvq1bTJzcVdLLr2,3501.4980865659973,4149.841672037997,2926.697682144772,0.8358415768877527,1.1706790728579088,0.999613435489908,61371.928868205,7548.780936592,58843.07264763092
KEN5P7p3asnb23Sw6yAmJRGvijfAzso3RqfyLAQhznt,9zj4aX38Uxf3h6AUjS4EipWS8mwbEofasHAf3a1uKGds,CwQDG1MWunn9cLNwcZLd8YBacweSR7ARo32w4mLua1Yr,165395.54230899946,165416.6481719995,165087.4890544239,0.9981374754707716,16.508748905442392,1.0,1562350.891746,1410730.963097,2970171.937983861
wrmcMSHFi3sWpAEy4rGDvQb3ezh3PhXoV2xNjgLBkKU,8p4mGnARWPBu6P2Gcw4adodLkNDorrXniZMhaY7eJXUn,AyY89zccbsgp9LKFgH4CFZMJmpSgqmPSdTfukhP227rc,0.004270839999999998,0.04378948000000449,1.4418771100607692,337.60972316002704,0.0005767508440243077,3384.3238121023423,27.08932427,0.09498619,9467.083292024778
GokA1R67GqSavkd15zR62QD68Tuc5AEfvjssntVDEbM8,3YB7hfpBdbQEuZqLGWVDpRPmeZWCUsrrWyqGXegnQ6Cg,4DPCj6Z1DsG6HUtwSogBGqXEUxdEV5a8YVrrFtcnz7UW,21774.677538999986,21779.790273999984,21770.43230470057,0.9998050380175866,2.1770432304700567,1.0,40881.902035,24145.372745,65019.30436333443
4vezWG46exH6pf9nry3n1VJ7hZHvjBJNgNeF4qEFCML5,,,0.08598000000000106,0.08464000000000027,0.0,0.0,0.0,1.0,40881.902035,24145.372745,24145.372745
BSCuChvaSj9b5HUSqgDVRzcnr2sSn7cXaamt1jbKH6hn,GnKpRj5kBVPMJfiwZtEuD9GYApLzPdW5JFuZTcyX4BTc,3dmwD9okkomV9nDwyuh4UMhKdUR13QpuKxRo89ycZB5t,1536.3388569710003,1536.220754936,1534.2399185710403,0.9986338050421388,0.6136959674284161,0.9996601155607093,1629.204887926,1476.6595096,3103.1366924333493
NorjjEePhxfwLF4vZjUHCrVVKLzQjEEGQFd3wgjEJmh,34M8pFVqgbV7aqHxvRT5tCv3vu2P1JJYT8J3VaxBK2oG,3AZWBSze3ucsY3xSeuLne3b2pauVqiaJ1SZSV5T9WGWw,0.004312999999910971,0.001423000000158936,0.0025629521785752955,0.5942388543074889,1.0251808714301182e-06,1.0,38109.866632,2266.811722,24913.17520721088
JSoLLrxK5bYdHwTEWYaGgmeycBCNXKDiBCTw5hXGBg7,xG4wXczA7Dk4hccJ61CHKpDHW4NrNfQwgmWgkb9BuF2,BVR6WgfhsRr9Lob4QDnkEAiNGgAbv7ZieKcY9kSg3QYR,8.99471944800025,7.73922421699999,1886.3869808184952,209.72160296093347,0.7545547923273981,180.93066754912584,17.548786013,163.278172671,33222.388310230235
MiMuMS9C4vBqcrYeeQPph1E7oAW9aNKvW9k6Zw9XffM,Afy2q2hh6Y474pshJa5fnQ6PfEchGyTbKrQpCZw2hr3m,5pXz9ksgjeL8Wgb37bksUaBFMLdFfsNNY3FQnikkCPtS,0.007682559999999228,0.5060779999994338,0.0,0.0,0.0,0.025737249296993468,26.031088727,7672.093312051,197.45857820205288
