0,1,2,3,4,5,6,7,8,9,10,11
YAkoNb6HKmSxQN9L8hiBE5tPJRsniSSMzND1boHmZxe,CfWX7o2TswwbxusJ4hCaPobu2jLCb1hfXuXJQjVq3jQF,EnTrdMMpdhugeH6Ban6gYZWXughWxKtVGfCwFn78ZmY3,6050515.572144992,6051574.410497995,6050515.572144992,1.0,605.0515572144992,0.9994303247149126,996314.220635,366809.675283,1362914.9335116604
KEN5P7p3asnb23Sw6yAmJRGvijfAzso3RqfyLAQhznt,9zj4aX38Uxf3h6AUjS4EipWS8mwbEofasHAf3a1uKGds,CwQDG1MWunn9cLNwcZLd8YBacweSR7ARo32w4mLua1Yr,166979.19408299937,166999.1221419999,166809.71541214065,0.9989850312082925,16.680971541214067,1.0,1902358.022339,1792718.858339,3693146.0466546714
ACUSESXyNnwRLAg1dpSGMLSzUDdLjUMybY8rkXiAKhCP,AhFPQdu8GKBsxuhiH46UmCu1YpaLgNpoP325HnYtsgas,A8wxWpT3aFEr2XqZp1kDmbxbFfcBE95UUmdsNTDBJYbT,3.7939446089999365,3.747481000000107,3.7623753713184134,0.9916790462341925,0.0015049501485273652,0.9833380583710375,1043.876449717,1841.997664153,2846.4968086338868
wrmcMSHFi3sWpAEy4rGDvQb3ezh3PhXoV2xNjgLBkKU,8p4mGnARWPBu6P2Gcw4adodLkNDorrXniZMhaY7eJXUn,AyY89zccbsgp9LKFgH4CFZMJmpSgqmPSdTfukhP227rc,0.0036550300000000174,0.03469740000000243,1.1917280730355453,326.0515161395501,0.0004766912292142182,3257.8595862518323,27.06990921,0.09695895,9142.063584410882
SAMGk1Nd4haC8zQA63DG37pzuEZy8j4q13tSFtCbcRE,9U9TnkHD3jXMAVZtynCVLgDruuqN4pTvLJTmVHCLWS8g,C6zoEbvqSknmi96QWq96UBiPCyNW3YSTvKhavR2BfifE,0.34762166000000516,0.23136576999999625,0.32139160550806956,0.9245442459139767,0.00012855664220322785,0.0,54.96116353,0.6298888,50.81402749039861
BUSD5rCfUDpCxKGMvYU2yThChxgHoioK74PTPociGnv2,CcFHbafgYDZ8yA8Me1PdtDiVb2eeaS61LbqyKKK5CsNZ,26R9s4nmF3CFDTkiePDwRmtscn8i7r2eygbSijditJ58,712.8358177299999,711.75343981,710.5332778006248,0.9967698874381656,0.07105332778006249,0.9964024391732429,70.14469347,76.3179685,145.96152818062325
BSCuChvaSj9b5HUSqgDVRzcnr2sSn7cXaamt1jbKH6hn,GnKpRj5kBVPMJfiwZtEuD9GYApLzPdW5JFuZTcyX4BTc,3dmwD9okkomV9nDwyuh4UMhKdUR13QpuKxRo89ycZB5t,160.02519743699986,159.62947200000008,159.60800716472838,0.9973929713635522,0.06384320286589136,0.9956321617065933,1766.104911033,1339.041732982,3094.6936401791772
STK75uPSyBnEhGTTzb1nwmP3n427XoXmfRhXxxhyady,6TYyD5fUmDe6N65avW1Ny2RxzRNobw2RRgKwH9CTzSAU,54zDfk4cx2vGrEajPtodWpArNe5eUurytyxd4X3aZAxK,433.5212156419992,484.4347201089997,77002.12889223591,177.62020891688974,7.700212889223591,199.1616489548893,979.18813189,178.167116759,209407.65731850153
KZMu9QBEdL97EFgamLbN5DE1AoKBG4HdrKKJo4Vuon3,DD4ACBWyVqdaKWh7v5btsgqQCCMwbKnuL2xd9pv7Gyuw,GcYqiJ1MAuYbNTNYXm1F1gQYTfTgkErACAhNU5dpVj9T,27.564885230000073,27.90252829000019,27.218837988852044,0.9874460844563426,0.010887535195540818,0.9964024391732429,2068.48801876,2020.72700243,4055.9777089939075
WiiQFxXqp8P9Fs1rt9SVcDyA3KUdJmUsog6wnVQAwba,3S2jpqSYxho6wiz3cafhjXruVY8cg4HYa2v3BqBHYFSj,Dfe67M6TfrG74gKRtdqys4e6E9QirPD53BkF4FujFjuv,9269.755993606997,9273.365817232998,9227.974410815379,0.9954926987484424,0.9227974410815379,0.9899572705634269,13633.541673116,13128.245303729,26568.49308183629
SoNcU2iwHMw6dGzsYNQkYFkUjwN1UdAjrWVRnStrZu2,8ivTTid27jZnYNc4w3CTA1Z6QS2twsFb8WMwUabeDJgc,CyXm53PMvHCbeXJBykU46Rcbo28xk5srhMZFg7gv6EYB,22.246303822000012,21.968499203999993,4655.625070133737,209.27634124683914,1.8622500280534946,201.94203617347307,13.572697461,21.990651833,7281.281473426281
B2izdXFYb2sNwbWWHmh75T4aQFtfXsUxem9u2p61HGzf,4DYwgJtxwuJdAjkj5RJSNH4e7U329V5cNp7d3a1nLrZv,EXNW64GEf1ACC6xY9BtKRiunrs6GoJSXBdxWN2eTPmrF,1471.3037929999919,1442.7806339999997,1440.2195347808176,0.9788729843781662,0.14402195347808178,1.0,8114.313428,31702.068463,39644.95066444619
AURHmCnNwiW4uA2Qj1XvEh4iKgRUZYXtiY7FKAapUV5Y,BKWm4TRnTeKwfWXRyuzjRHU7iZDkPuXBX5b5V5jSVfGJ,A5Ww74HVrkj9nPeC7pHKLfgeDMEhBCpW1efQdz3TGLEg,0.013952353999911793,0.012452254999971046,2.765730784964692,198.22682143688277,0.0011062923139858768,177.92223481713953,289.911886332,1809.472375753,379413.6806582158
SBFjafzbDXgDRsA5SUypY8FXjJ9sBdb4JbuQq2PHQDG,46xwHtnXoQR3wCHUbm2eCAbPYWbioDQ59Te1Db8M5DDL,FC38fiikZwFvDt5zTjNtGfKd7LjaPz2uUAzLwKP5pRJY,0.04706061499999237,0.13615000000027067,0.1269673178388673,2.6979527963858505,5.078692713554693e-05,0.9240538612514647,190.104846908,9570.459103249,9356.513591628413
daob129AwBGn9Y5r91uLoWZeYiGzbPmksauMhFZKTze,6VW5GQNyj4LStgmxEHLr5zUfW92vQnmbw8jTnCH7a38F,4VPCCUifPeBA1c7HWK358CHn2nyjm8pdTRk6Ps3KmnMQ,6.618546050000006,5.950948020000006,1309.1177831885814,197.79537277504932,0.5236471132754326,178.03972564790436,48.739068849,223.210364247,49380.67430400143
parEAJhzYzHW87y9VoZAQ22dzQ2MD2ekEtTReaxbMcz,3oyc6hpjYSJEquK6dSvG72NXyz3pqLZz5D8AC71pwgQb,Di2vordgFJVZ1aj1aBpvzXtLfZgJsuLLXawGtVFwX6Rz,0.798143223000011,0.9390603470001224,138.74258551345986,173.83169024722517,0.055497034205383954,204.86564091806028,1104.693556958,141.957525116,221112.96757725943
DA1mL7dfBow33EH5yjUuZE6SH2KeUK5zEXzsyhE5r5j5,B4UtLRZND3D83CitRCBUyeiNr7H8m7YFRqBmiPmXjhW4,AAmpYbuixWiSqDaJBCqYEs1pb5SrbdPr9mgXrB58Q2e,0.9312488100003975,0.793667634000002,1.0886115618350054,1.1689803521301045,0.0004354446247340022,0.990232028455672,184.545377141,2950.368851291,3137.2796522605868
KwnjUuZhTMTSGAaavkLEmSyfobY16JNH4poL9oeeEvE,J63v6qEZmQpDqCD8bd4PXu2Pq5ZbyXrFcSa3Xt1HdAPQ,BnKQtTdLw9qPCDgZkWX3sURkBAoKCUYL1yahh6Mw7mRK,153.63599300000044,6174.534214000043,3.68569360858056,0.023989779586223323,0.000368569360858056,1.0,275090.253867,629.195723,7228.550279587547
DFWzVTzNBrQZLjoQ4yQwkj9HuoXmfkuZP9V5vbymZe23,DhgiEgiNdqZdRdo195UUHnoEJUtefK8buko8nU97XJUZ,2K2kkXsouBHtWVjtcgkyiXd8eP3oVBvq1bTJzcVdLLr2,10.049028154000553,11.849214605994348,8.477937768448427,0.8436574799597244,0.0033911751073793708,0.9922454746085136,61069.64014395,7801.572300342,59262.93351573755
Sid7E679i9ABqptiAVhkmQ27YHN8vaYT4fppPwmxFsJ,GP7KB8o1bv527HG8kTzzzf4wJ5aEGHvcMQvVhLziUfmT,9gYxhAZ1M9wu5pxr8SBoa5NDm21gi3s9vMHaYTME77sa,240.84837000000516,397.5354319999951,1.980407588647666,0.008222632308649726,0.0007921630354590664,0.023452032198326894,135119.560788,8937.406491,1320.6388108624374
MATgk4zXLXtYkwBH678J1xZbRDZ45LicNzkRBHkxTuY,y8dALFo1bJrSzPYjMX14HJX448pXqYmrfXHD1K8MXih,GN7Yuet3UyiWS5YVkEHv6oQKi4HGBJc3XDPt9zQhAqZz,21381.659901999992,21323.362996999997,21432.99191764275,1.002400749795761,8.5731967670571,1.0,5429.734727,9268.532367,14711.302528536882
BUSDTd9WiT6uBHJRgNvFXBsA7JrifsAtWzKfioN7ERcy,DyBxrn7gSc1EwnpWhDyhzvMHPtxpmBqRqotapLcKcfTM,Cds99GeBgoCpqBsoRWu1C6fF9LiUMd4pXQQD24s9LPff,39927.489863740004,39721.56377590001,39943.33178856067,1.0003967673619034,3.9943331788560665,0.9966135073021871,2780.64782749,2768.99588339,5541.369796843521
SUiuyGR7SFq3xeRVJonq84fjjeFwRSsFekcevJ53tzy,49GjCCPsv7fBqo6t3iKDrP1xxGDS8uWZbVCdfnp2gjMf,CEwj5xEbbJEjYqM8D6Ai8ByGz1mrh8mkAVsE5fzDSSSx,0.8450550000000021,0.0072870000000000434,0.006950169851095781,0.008224517754579008,2.7800679404383125e-06,0.9594047085664287,646.293883,1.654825,6.903102412262749
7oAd7xG4m3oC2qeWB1szghTebAZyyGPAFDJ4wwwbRSNi,D9yh4KAysxt9GLacVe4Wwh2XqghhcjTCSTV9HuM7TBJd,HDYfJLpZKaMFb84jM4mRytn7XLR8UFZUnQpSfhJJaNEy,1087.8616075669997,24.936297627000158,1081.0780578882843,0.9937643266096255,0.4324312231553137,0.022699782909947418,956.009790611,300046.765483758,7761.04486511196
SoN9GaFpSXfpyR5dth3x7PHPVhvJMpQqqDJfCSmPv1t,9kZ9iS68ViMPtoeqtnhAKuF2iqVyfHPdZHoUNdwCELr,BBhm5fJLjw3HRzjtKB8uMEYjGhY6EDm9co3cqpjrSzB9,5.445425740999998,5.339033263000005,1147.0066921396688,210.6367337825513,0.45880267685586745,204.4252339237952,3.290463699,6.337188416,1988.5737505473771
KEVpg4SYCVrqFxKijQH6hm4QxsRdoE51ud64bEEFUC9,2bPenuBYfqzD8p5dFjCcggwkHDsc2RQDnx9AoyYGUBjA,AE6n6iLuX8oYu61vt5hoDYkjswpnxFxrhSehxrnQTnbx,398.9649662539998,399.66527510000014,396.6272681399645,0.9941405930049831,0.1586509072559858,0.9940550399170058,5683.640983555,1942.433578413,7581.224106144261
BkwbeSfcX1h4thMDd7obGkHrPevf3QwgzJ4pCEqG18Lu,35yX27bmurdebhfAb8EPmjLETDiUaEUCn9zHaDPbakH2,2CxECn1ZJFoESyUnQysQU8rRgT3iJ5GRs2Mdd6gZjx5g,0.01656861000000176,0.010609409999999708,27.442377766002654,1656.2872664634956,0.010976951106401062,993.7591922725285,0.79113321,22.81378651,23981.753916654896
JSoLLrxK5bYdHwTEWYaGgmeycBCNXKDiBCTw5hXGBg7,xG4wXczA7Dk4hccJ61CHKpDHW4NrNfQwgmWgkb9BuF2,BVR6WgfhsRr9Lob4QDnkEAiNGgAbv7ZieKcY9kSg3QYR,7.045868186000007,6.054643782999992,1434.7065355302184,203.62381152417106,0.5738826142120874,178.14648557957645,18.138216638,162.572368046,32655.068825825034
BUSDgu5JdqP1rndBvXvanbEufS94FNh1w5FJcAj6vawb,Bgzr8cWubt89JQFXndVjtdKmDbGzuPxNhvjH1EhWCwbo,Dxaf8xPBBQsasRKW5Aa4Sw2YrbfGofY9xZueyyF23FBW,6808.791540650004,6765.864149210005,6829.438983528908,1.003032468060688,2.731775593411563,0.9964024391732429,4798.41731046,10161.54063897,14937.952236123565
Cob4usZcpHEY7Qt4ZCwj6WVg9S44zvzYV2v9qYF65dTf,NhFM9UXE48PyNAyeyPYA3iXztqKVJwA4bTdLj4ysM8w,6TuFuynuBoeskxyR2cz4wxyidk8dpDK7kAWw3UkjQGx,4.014862000000022,477.76395100001537,0.03303366341446564,0.008227845294424928,1.3213465365786256e-05,1.0,71857.482652,179.661884,770.8941345074792
ALLwa5WNZbvQsRKAqe1jdRGemdYQnW8E5k4msbRFcYtu,CGoM82Hbz7QVqTgvQatYtjvDWBvoUJp5qm21P8iMs9yb,3dxNNww8TivyN5FMy5dCNdi3Zcxv6e4kUfSPxfFwpdNq,1.3268851180000003,1.3287670409999977,4337.076282931295,3268.614761064261,1.734830513172518,3233.169734944745,6.31916115,2.307524608,28115.522137659646
heyk4SZTeCUV6a65WiVA5bzic3KcxgVf1qxobfeV4tQ,9ZDpBKPqMABtGfq66FbVribaArMvtk63xxy91onZAtDt,DaTP4s6N7xxSPinbNZ3FB52EpRDRt87QShTuN3VPCW52,14.589893538001093,12.919454169000232,2993.0884668220374,205.148067669321,1.197235386728815,178.5493330914585,625.361567365,4472.768288312,926901.5120903195
ALBpShJ9NLpE739pcHDF2LNVk5J4VYPvvKuV6jMPitZi,D6d156U1bPiJpDYRLextvDRccgFk7QzkQbJg42ceKEu5,GNcM8U5g8RwTZffwwm3kSQqUNPSwv5d2fbN9sLxPJqt2,3165.214169999992,3164.991884999996,3155.6179358570507,0.9969682196440623,1.26224717434282,0.9971024203664152,55663.579483,44628.968437,99994.47218317131
Lee1XZJfJ9Hm2K1qTyeCz1LXNc1YBZaKZszvNY4KCDw,9DgFSWkPDGijNKcLGbr3p5xoJbHsPgXUTr6QvGBJ5vGN,2hNHZg7XBhuhHVZ3JDEi4buq2fPQwuWBdQ9xkH7t1GQX,692.8123391630797,587.6724379550014,145782.8289409701,210.42181367190483,14.57828289409701,178.67011190287778,7215.053803069,56416.021854363,11598061.644816391
MAR3XM1n9xWPQ3HJjAcC85o8DopWFP5p2WxGTaZ3fPB,6qG7GUhER8Cg9gDEgnebph9LdS6eu2eoWcA4R7z9uizK,4QV4CwRXVMY227KkFF9voNAfwWHVvVajXSXDKbUHkWZR,0.009519999999999987,0.32773300000000205,0.009136942809648291,0.9597629001731411,3.6547771238593165e-06,0.024316121839235465,0.124271,23.783387,0.6975904314091053
BSCNHw8CmxbZ8hCWWzMf5FaG2ajPT6JxfznKUNuRVrn4,7n9kgNL633yGzCYksgnzHyjG73ZLBAwvEae5sbAekbzW,SscdxE99omdG9AiMVwmaEMQySQnCgeAh1sPj2Leutm2,7.508655378000185,7.5,7.488901908923917,0.9973692401526185,0.0029955607635695674,0.995430652775092,5179.161336006,6507.148923393,11642.951706837955
MARpDPs5A7XiyCWPNH8GsMWPLxmwNn9SBmKvPa9LzgA,6YjT74rmcfCpw8LSjPNx5JTmZoYLGrTKnf9arfSgZ4SR,F8GSmi3vA8M8TsybLya1LQ4n1aFHCRbZ6k437PeTdXtg,31125.745374999973,32057.25606799963,29726.234265767634,0.9550368644229668,11.890493706307053,1.0,315440.822501,21673.637313,322931.25134535664
RajgMbScQbqqrdJfR2rxfHJiTiY5b6bJ2tTXiF4aPxy,725ZA3fhyBAKb5iopNRrcbSuQa3LXA1656Q3mBvYPxeg,GLA6i1dSZpUfk2f9Nj8uiG7xyDdAR2reff8oEiZH3617,2883.1407571900054,2886.361411119993,2871.109716456361,0.9958271060115115,1.1484438865825444,0.9964024391732429,118467.34128605,63375.41097145,181120.4037053247
HDSBGqAuMRr6X2AfmmbXQPpRgU6VEhtfNVVZ3wUTZXg,DCZ1d8kNLgDcdSd99y4udLgwq46mfDXNS9KXj96kQf5L,Fq8GGYQM5Pz3q7LmVMbrXHJgsxA5ev86kTq8yGgGuYsa,558.9235450719989,560.9013534559999,553.1061335012926,0.9895917579032085,0.22124245340051704,0.995430652775092,11668.93953643,10889.942566238,22387.669026115567
MATSnbbiTCv7Dc3trJrkrqjx7ckKdr6fwPoVwv9q3sD,631WX9JizSHJm4w6VanZeJAst9T8DeUUnPLesdGkCVtK,211maUSfpnXbPuW1iBu8b4dtJv5EbN1j7JJiEX5TZKEP,104710.001089,104094.80093099996,104278.08127635333,0.9958750853962884,41.711232510541336,0.9992305924438183,24156.965013,27962.449161,51998.25423656271
4vezWG46exH6pf9nry3n1VJ7hZHvjBJNgNeF4qEFCML5,,,0.1317889999999995,0.1287930000000017,0.0,0.0,0.0,0.9992305924438183,24156.965013,27962.449161,27940.93464132618
SAMyS8Jr2HJrkFwYVKbpUwsNStnQmvz3f8Tup8bWUWF,6jPzm5TFfquvgm25sTyN3MMGBfufRaFHMxobDWv6hMFW,Cj9ECoDmxsHTDzCY5ZA6RWrPbg9uFzEC1Qc2kso2vJG6,1064.769160949982,67.9620803699903,1051.402138829925,0.9874460844563426,0.42056085553197003,0.02441282219035698,522.76212879,107103.85158473,3130.906701816145
vEnkoSUkpnbRrPgBz9DfcVxNz67zjwMYBZraAvDDNSf,DtfyjjsZ5yCjWKLKHvwsfXs5QVsmm1QkK6Sh9JZHoq1g,e5wrKCRv4GhHvEf1VD5Pq2KGaZDXP77nTL612Jyrxwy,949.3158169999997,948.976932,937.89784859125,0.9879724237137094,0.093789784859125,0.9986927112409856,812.51314,1126.423204,1927.6912198325545
Lid8SLUxQ9RmF7XMqUA8c24RitTwzja8VSKngJxRcUa,4PgzyzLtds9bKZ2to9PMnKqJzKEUpjvNUaeN23phegax,AtymwxoVN9peZo7EXTcDz9jKVc4vRmisJKKrNfe3ewBa,46.75840297500963,39.819071980999524,9788.758448485241,209.34757873824122,0.9788758448485243,178.21728536579454,993.546211774,7668.733633791,1574697.3842070359
FrnkTEL6yZ5Aycq2TrEgu29dCrwKG4LPUZydfiwqspkc,DjvZuMZ46fxKBoBpGMPcRcos4xdTtHFxwMh69DpA2ZFY,9rvDPJLAng4uVVqnnSoEXgNDFhBZQTny9AoQioYDZbQX,91.84673502999954,77.31988388900024,19280.97462336201,209.92553101712696,7.712389849344803,177.95639854687923,179.376236217,1456.481432104,296845.84184733615
Dg3mAgpwDfVNnbGWcsxL8sUcSkEbjSJQhKAWNigG44Ju,EATxwd8YA2wV93VJcKMmH2Kn2Y9XfJVUB9hHVu3udwEy,GiGvrRi7NMHfHKanG2B8xyCEqe8jaafWins8bhrLVEaa,0.017462700000000025,0.017358083999999996,3.687815744158382,211.18244854222868,0.001475126297663353,209.93994248065457,0.204800415,0.254378114,96.65437972366198
NorjjEePhxfwLF4vZjUHCrVVKLzQjEEGQFd3wgjEJmh,34M8pFVqgbV7aqHxvRT5tCv3vu2P1JJYT8J3VaxBK2oG,3AZWBSze3ucsY3xSeuLne3b2pauVqiaJ1SZSV5T9WGWw,0.0073619999998300045,0.0014740000001438602,0.0043747682477098156,0.5942363824790591,1.7499072990839262e-06,1.0,38109.866632,2266.797755,24913.06703915908
C98Sspw7XqnMsgxea3SLQVdbMDL8pKUc3RE82UvX9eq2,CSqgQJurPCzGxb4Cgwx5R61hWQUiaoUHcShNc8r1cKEL,6S2CR5EnukPhC914XkAns8m5GixjMAoUuZMsS5ubHuWc,210.49180299999966,209.63107200000013,0.0,0.0,0.0,1.0,852.074447,1248.653468,1248.653468
moFiBS1R4Lf3E3zzmBPnw3NF4RhWPkhREFviuzUaCAU,44ALBrpqi9PfZkBRTvbtRNtFJGsatfY4QydjtMbFWq8S,2ho8qEEie1UjVwWNBo9y4oAJZMyMLx8zPj9bxyUz6uWs,3503.1278520020023,3526.738808549002,3461.070074076025,0.9879942212494637,1.38442802963041,0.9953491831649012,49581.223766691,17570.489094202,66474.73453168904
AUSejoEUCh2DBs9mof6BNC8Pubs22w4cJa1ccV9h44R,4xkyD7AfGQDwsQMy9MosRRNGoVJ1zosNinesxg1TzHG7,Cbm5gsQe3nSiCsFrvepVzMCD9xLK3ri9g3ypS2hdmVJ7,380.43749299999945,380.97531199999867,379.80663418062545,0.9983417543460313,0.037980663418062555,1.0,15080.354455,13791.774216,28847.12173876469
BSC8REUo9LpiiWUuqMuLXs2D2yJsJfGd4HdiF3wCLxk5,AZjEH1zWVx1UJ6udMyRijGTzPteuLnaY18yNNmprJEsh,Caf8ypkSVR8xYnXNhjvfvdGCC7mrM3C11rz8Xi6NA6aK,245.29183189900004,245.744598536,243.89184490643547,0.9942925657910165,0.09755673796257419,0.9936675790999338,3526.640209058,2806.11068127,6294.853349430073
GokA1R67GqSavkd15zR62QD68Tuc5AEfvjssntVDEbM8,3YB7hfpBdbQEuZqLGWVDpRPmeZWCUsrrWyqGXegnQ6Cg,4DPCj6Z1DsG6HUtwSogBGqXEUxdEV5a8YVrrFtcnz7UW,23506.276469000022,23493.789139,23528.8170757586,1.000958918644061,2.35288170757586,1.0,9080.70948,26722.494372,35811.91151362167
