0,1,2,3,4,5,6,7,8,9,10,11
KEN5P7p3asnb23Sw6yAmJRGvijfAzso3RqfyLAQhznt,9zj4aX38Uxf3h6AUjS4EipWS8mwbEofasHAf3a1uKGds,CwQDG1MWunn9cLNwcZLd8YBacweSR7ARo32w4mLua1Yr,138656.27269899985,138715.2754909983,138366.25702427694,0.9979083840270792,13.836625702427694,1.0,1403681.930576,1154168.604541,2554914.571570107
KEVpg4SYCVrqFxKijQH6hm4QxsRdoE51ud64bEEFUC9,2bPenuBYfqzD8p5dFjCcggwkHDsc2RQDnx9AoyYGUBjA,AE6n6iLuX8oYu61vt5hoDYkjswpnxFxrhSehxrnQTnbx,1717.0642479280002,1718.9602184710002,1714.4100086390852,0.9984541991995245,0.685764003455634,0.9987918613644936,5587.552170906,2039.986913649,7616.437254930208
vEnkoSUkpnbRrPgBz9DfcVxNz67zjwMYBZraAvDDNSf,DtfyjjsZ5yCjWKLKHvwsfXs5QVsmm1QkK6Sh9JZHoq1g,e5wrKCRv4GhHvEf1VD5Pq2KGaZDXP77nTL612Jyrxwy,3404.991824999999,3405.649293999999,3373.4300137909713,0.9907307233523158,0.3373430013790971,0.9986917138548502,892.158981,1048.593128,1931.1105807301335
BSCNHw8CmxbZ8hCWWzMf5FaG2ajPT6JxfznKUNuRVrn4,7n9kgNL633yGzCYksgnzHyjG73ZLBAwvEae5sbAekbzW,SscdxE99omdG9AiMVwmaEMQySQnCgeAh1sPj2Leutm2,2389.1198773649985,2388.587465056001,2392.9644020084434,1.0016091803010259,0.9571857608033775,0.9993454956564931,5319.899189954,6367.79194245,11692.084061899035
BkwbeSfcX1h4thMDd7obGkHrPevf3QwgzJ4pCEqG18Lu,35yX27bmurdebhfAb8EPmjLETDiUaEUCn9zHaDPbakH2,2CxECn1ZJFoESyUnQysQU8rRgT3iJ5GRs2Mdd6gZjx5g,0.0037463299999987987,0.003206459999999023,7.741470873884237,2066.4145640898478,0.003096588349553695,1280.4097311139565,0.84057366,22.73282247,30844.300759488313
JSoLLrxK5bYdHwTEWYaGgmeycBCNXKDiBCTw5hXGBg7,xG4wXczA7Dk4hccJ61CHKpDHW4NrNfQwgmWgkb9BuF2,BVR6WgfhsRr9Lob4QDnkEAiNGgAbv7ZieKcY9kSg3QYR,0.659487544000001,0.5642827970000042,135.90709425762637,206.07985017170571,0.05436283770305055,177.1456277004744,17.367205957,163.49288848,32541.081555872977
daob129AwBGn9Y5r91uLoWZeYiGzbPmksauMhFZKTze,6VW5GQNyj4LStgmxEHLr5zUfW92vQnmbw8jTnCH7a38F,4VPCCUifPeBA1c7HWK358CHn2nyjm8pdTRk6Ps3KmnMQ,10.57998418799987,9.484476019999974,2070.603007858688,195.70946147606034,0.8282412031434753,176.7618605882741,48.844387317,223.108688285,48996.415592604055
Lid8SLUxQ9RmF7XMqUA8c24RitTwzja8VSKngJxRcUa,4PgzyzLtds9bKZ2to9PMnKqJzKEUpjvNUaeN23phegax,AtymwxoVN9peZo7EXTcDz9jKVc4vRmisJKKrNfe3ewBa,67.43163261299378,57.36622846899968,14043.727692192972,208.26616749431642,1.4043727692192973,177.13075455753003,990.625747725,7672.1968925,1565295.8525823392
RajgMbScQbqqrdJfR2rxfHJiTiY5b6bJ2tTXiF4aPxy,725ZA3fhyBAKb5iopNRrcbSuQa3LXA1656Q3mBvYPxeg,GLA6i1dSZpUfk2f9Nj8uiG7xyDdAR2reff8oEiZH3617,1736.199512219995,1737.9394815999985,1735.1192096488755,0.9993777774020117,0.6940476838595503,1.0,117644.84258986,64202.08195159,181773.72326185383
BSCuChvaSj9b5HUSqgDVRzcnr2sSn7cXaamt1jbKH6hn,GnKpRj5kBVPMJfiwZtEuD9GYApLzPdW5JFuZTcyX4BTc,3dmwD9okkomV9nDwyuh4UMhKdUR13QpuKxRo89ycZB5t,276.13512185900004,276.3757656949997,275.98636548399054,0.9994612913634164,0.11039454619359622,0.9935192737771515,1636.44298653,1469.652632069,3095.6896362777516
NorjjEePhxfwLF4vZjUHCrVVKLzQjEEGQFd3wgjEJmh,34M8pFVqgbV7aqHxvRT5tCv3vu2P1JJYT8J3VaxBK2oG,3AZWBSze3ucsY3xSeuLne3b2pauVqiaJ1SZSV5T9WGWw,0.010117000000263943,0.0014249999999265128,0.006011496534202571,0.5941975421612866,2.4045986136810286e-06,1.0,38110.243979,2266.612688,24911.625991488774
Sid7E679i9ABqptiAVhkmQ27YHN8vaYT4fppPwmxFsJ,GP7KB8o1bv527HG8kTzzzf4wJ5aEGHvcMQvVhLziUfmT,9gYxhAZ1M9wu5pxr8SBoa5NDm21gi3s9vMHaYTME77sa,8052.528858999995,9908.321173000051,160.44660481655683,0.019924995939285827,0.06417864192662273,0.025248890304958874,107288.124082,24810.533712,2764.153880769216
HEDSDjj84KS7LKhZY7ejkCACTdPen62rKhCby1wXtgxc,EnnjMSFttpCTywBrYNt1J5QQeoSVkvzPipJDa8Y7kJow,6bjVT6JN2rSvpyn9PdfLYC8wJn4LWh49jpY47fnLDXZk,5.4952802439947845,5.554355680000299,5.295650208125144,0.9636724558155528,0.0021182600832500577,1.0,39099.358479592,9122.011969895,46800.986776736085
BUSDgu5JdqP1rndBvXvanbEufS94FNh1w5FJcAj6vawb,Bgzr8cWubt89JQFXndVjtdKmDbGzuPxNhvjH1EhWCwbo,Dxaf8xPBBQsasRKW5Aa4Sw2YrbfGofY9xZueyyF23FBW,7365.02005155,7325.8754823599975,7407.97296036881,1.0058320151904774,2.963189184147524,1.0,5006.02297598,9970.47818054,15005.696358559795
SoNcU2iwHMw6dGzsYNQkYFkUjwN1UdAjrWVRnStrZu2,8ivTTid27jZnYNc4w3CTA1Z6QS2twsFb8WMwUabeDJgc,CyXm53PMvHCbeXJBykU46Rcbo28xk5srhMZFg7gv6EYB,0.5539935519999997,0.549835802000004,115.66177930807554,208.7782048915898,0.04626471172323022,205.81471859262248,15.970336265,19.615043978,7371.322893435741
NorBXypYWTkV5PMs6Q9JsvNkmRwe7H9Zr1Kz2TcJH2Y,C82XDu1d1UjtuUwnkSTwVuWyH3AqpJ3ftb9W7en8rEUu,F7cZoYpWQSFuYJzW2UUFw6sVbTtaihyD5upeeHRUPABk,1.2625400000021436e-05,1.2265000000011295e-05,0.0,0.0,0.0,2083.463549805196,0.2508818405,0.6545604103,1363.7527560055837
BUSD5rCfUDpCxKGMvYU2yThChxgHoioK74PTPociGnv2,CcFHbafgYDZ8yA8Me1PdtDiVb2eeaS61LbqyKKK5CsNZ,26R9s4nmF3CFDTkiePDwRmtscn8i7r2eygbSijditJ58,666.5772703400002,668.3091030700002,666.3845052941538,0.9997108136529347,0.06663845052941539,1.0,76.05129036,70.74487283,146.77417019515119
CZgvH45CRmoaNJ7395Ao5CQZXkGznvqU7cErD6n7FaRg,4ZjU6MKvtqVQKCiowhvZ5yUsPxXX5SCzd5eFsPeXyey5,BsyWeshjDbCvjDojry3vKDCesmFRM37WtwcR4Kfgzqr,98.65098918999999,100.0,101.2743680111634,1.02659252423826,0.04050974720446537,1.0,339.74020149,867.36302668,1216.1377777128341
ALBpShJ9NLpE739pcHDF2LNVk5J4VYPvvKuV6jMPitZi,D6d156U1bPiJpDYRLextvDRccgFk7QzkQbJg42ceKEu5,GNcM8U5g8RwTZffwwm3kSQqUNPSwv5d2fbN9sLxPJqt2,17431.03927399998,17416.441546000002,17425.89863390298,0.9997050869993352,6.970359453561192,0.9982500676314422,43461.205192,56850.882433,100199.78515121374
Cob4usZcpHEY7Qt4ZCwj6WVg9S44zvzYV2v9qYF65dTf,NhFM9UXE48PyNAyeyPYA3iXztqKVJwA4bTdLj4ysM8w,6TuFuynuBoeskxyR2cz4wxyidk8dpDK7kAWw3UkjQGx,116.59128399999986,1611.9963520000024,2.322013778577241,0.01991584361123636,0.0009288055114308964,1.0,61922.954543,309.081963,1542.329841624086
Lee1XZJfJ9Hm2K1qTyeCz1LXNc1YBZaKZszvNY4KCDw,9DgFSWkPDGijNKcLGbr3p5xoJbHsPgXUTr6QvGBJ5vGN,2hNHZg7XBhuhHVZ3JDEi4buq2fPQwuWBdQ9xkH7t1GQX,1081.7745459371163,918.3058686370141,224986.6572862028,207.97924866248545,22.498665728620278,177.10459141882208,7214.339120138,56375.265040719,11484751.11096702
ZUCKWFa4LTL833dPhhpeeRWZcaAEoMeYJPi2iKn4F8N,7eEYpq6ShaJ9opZWMxitRFrdCHh6vfyHhGfoSvFht3N2,H8VggnHmuwd1wvwpT8eg9cUJFEfZ7HAaeYjgXrSm7A2u,10.003046799999993,9.987348769999926,10.019350648071159,1.0016298882127759,0.0040077402592284634,1.0,1805.597737697,2041.489795881,3850.030456047687
parEAJhzYzHW87y9VoZAQ22dzQ2MD2ekEtTReaxbMcz,3oyc6hpjYSJEquK6dSvG72NXyz3pqLZz5D8AC71pwgQb,Di2vordgFJVZ1aj1aBpvzXtLfZgJsuLLXawGtVFwX6Rz,2.94946853599987,3.438091792999728,505.9181712582359,171.52858729741615,0.20236726850329437,203.2449272098618,1103.988612547,142.563033719,218340.82051365665
GokA1R67GqSavkd15zR62QD68Tuc5AEfvjssntVDEbM8,3YB7hfpBdbQEuZqLGWVDpRPmeZWCUsrrWyqGXegnQ6Cg,4DPCj6Z1DsG6HUtwSogBGqXEUxdEV5a8YVrrFtcnz7UW,43079.116873000006,43081.2089,43080.064634421964,1.0000220004840106,4.308006463442196,1.0,31954.121983,42577.873915,74532.69890414976
FrnkTEL6yZ5Aycq2TrEgu29dCrwKG4LPUZydfiwqspkc,DjvZuMZ46fxKBoBpGMPcRcos4xdTtHFxwMh69DpA2ZFY,9rvDPJLAng4uVVqnnSoEXgNDFhBZQTny9AoQioYDZbQX,3780.1791345390125,3169.898713777002,746890.0093651246,197.58058620579283,298.7560037460499,174.4720519326531,178.933459029,1462.434356366,290507.7006987649
BkMBnJpvHKtWhUvrgRrLesXfi9RUV3ELgdBaJcdH7hcY,5uerVwBnZQsuVhZ15igs7ZgmcqhHnYWbwoRtLyRqLvR,9YWiQh5d4jCtgMdzcGLv9bWgnLaFtzvDDh2nnhJdzhBX,53.64314855899988,53.664651997999954,53.841944972751065,1.0037059050240598,0.021536777989100427,0.9873302465335191,1114.216648772,1759.198079488,2855.2553033707554
ALLwa5WNZbvQsRKAqe1jdRGemdYQnW8E5k4msbRFcYtu,CGoM82Hbz7QVqTgvQatYtjvDWBvoUJp5qm21P8iMs9yb,3dxNNww8TivyN5FMy5dCNdi3Zcxv6e4kUfSPxfFwpdNq,5.156950553,5.163612989999998,18923.13088899571,3669.4419879568914,7.569252355598284,3628.10475064036,5.807443738,2.824982541,31559.410472392694
heyk4SZTeCUV6a65WiVA5bzic3KcxgVf1qxobfeV4tQ,9ZDpBKPqMABtGfq66FbVribaArMvtk63xxy91onZAtDt,DaTP4s6N7xxSPinbNZ3FB52EpRDRt87QShTuN3VPCW52,21.000748409001062,18.27514346800001,4200.578140770571,200.02040208101226,1.6802312563082287,177.2532656698534,630.352017728,4467.077396203,917887.3205154992
HDSBGqAuMRr6X2AfmmbXQPpRgU6VEhtfNVVZ3wUTZXg,DCZ1d8kNLgDcdSd99y4udLgwq46mfDXNS9KXj96kQf5L,Fq8GGYQM5Pz3q7LmVMbrXHJgsxA5ev86kTq8yGgGuYsa,8731.93632929301,8794.419460432,8670.725154310203,0.9929899654928241,3.468290061724082,0.9979033193064518,41163.046372572,39659.818625497,80451.15664655509
MARpDPs5A7XiyCWPNH8GsMWPLxmwNn9SBmKvPa9LzgA,6YjT74rmcfCpw8LSjPNx5JTmZoYLGrTKnf9arfSgZ4SR,F8GSmi3vA8M8TsybLya1LQ4n1aFHCRbZ6k437PeTdXtg,64813.79525799992,66515.82232100007,61147.51269201225,0.943433607746722,24.4590050768049,1.0,315396.088064,19396.352326,316951.6215574224
KEnkcdADoLR5jS2CLLLesy8TtFsyWL37BhXNfDMzWzP,3qsjFRuw1qeLMPo4DLwaQevenGAGBj9dA3Q6rb8ax2YR,77iEv8zPQAEyCcEbvBRSB6AFcUdfkhiqnAKtPxk76rNN,1.4032939999999883,0.027309999999999945,0.027960627251623932,0.019924995939285827,1.1184250900649573e-05,0.9960466906846727,102.331928,0.519689,2.5565977584945165
RoBgmK8CvjdHvPrqdDyVw54VwjZv2TqJ493xnqJAQHx,ExiHJxM7qPAcy27NDHAF6G7vnW7muNHi2sVJpnaNynGQ,6rkPHSqZb7StM4HwS9EuVrmfkV7tRdc7dnsFhyB6cefE,5.3670320000001865,5.628664999999597,0.0,0.0,0.0,0.9442897383089849,6183.285046,20.467053,19.326828121326123
SUiuyGR7SFq3xeRVJonq84fjjeFwRSsFekcevJ53tzy,49GjCCPsv7fBqo6t3iKDrP1xxGDS8uWZbVCdfnp2gjMf,CEwj5xEbbJEjYqM8D6Ai8ByGz1mrh8mkAVsE5fzDSSSx,0.10297299999999998,4.581306999999924,0.002051736606856079,0.019924995939285827,8.206946427424317e-07,0.9578076166777293,558.416705,2.825312,13.83255593264536
SoN9GaFpSXfpyR5dth3x7PHPVhvJMpQqqDJfCSmPv1t,9kZ9iS68ViMPtoeqtnhAKuF2iqVyfHPdZHoUNdwCELr,BBhm5fJLjw3HRzjtKB8uMEYjGhY6EDm9co3cqpjrSzB9,0.9601714700000015,0.9417019830000011,202.09736869910873,210.48049750854233,0.0808389474796435,205.58728681112325,3.792741718,5.833723321,1997.637513297209
C98Sspw7XqnMsgxea3SLQVdbMDL8pKUc3RE82UvX9eq2,CSqgQJurPCzGxb4Cgwx5R61hWQUiaoUHcShNc8r1cKEL,6S2CR5EnukPhC914XkAns8m5GixjMAoUuZMsS5ubHuWc,246.4957430000003,244.57414299999994,0.0,0.0,0.0,1.0,802.606882,1813.753259,1813.753259
DFWzVTzNBrQZLjoQ4yQwkj9HuoXmfkuZP9V5vbymZe23,DhgiEgiNdqZdRdo195UUHnoEJUtefK8buko8nU97XJUZ,2K2kkXsouBHtWVjtcgkyiXd8eP3oVBvq1bTJzcVdLLr2,1859.506141855998,2217.683626525991,1504.7821571016323,0.8092375299173193,0.601912862840653,0.9991118515089434,61873.774555814,7132.72812931,57196.97369579284
SERgf3DMJpQxUifu7VoFKmfne73d2fDJxSrxUMrcNJB,AJfM2GZ2tTB8UtN2krcyR9xufRJEx2mhSCbJyMgPo3GU,F4yRYkufQvERZcEKnKjJwRLU1btiMBUuEwq46hfm11QD,0.0005585969999977181,6.267099999845982e-05,0.09784151970760854,175.15582738183025,3.9136607883043414e-05,173.9755839186017,29.276090844,27.967669237,9993.569500635833
WiiQFxXqp8P9Fs1rt9SVcDyA3KUdJmUsog6wnVQAwba,3S2jpqSYxho6wiz3cafhjXruVY8cg4HYa2v3BqBHYFSj,Dfe67M6TfrG74gKRtdqys4e6E9QirPD53BkF4FujFjuv,18451.404048459004,18423.249411283,18502.500925063676,1.0027692676649689,1.8502500925063678,0.9987824193100039,4781.873227723,21996.290052262,26764.623308873328
SAMyS8Jr2HJrkFwYVKbpUwsNStnQmvz3f8Tup8bWUWF,6jPzm5TFfquvgm25sTyN3MMGBfufRaFHMxobDWv6hMFW,Cj9ECoDmxsHTDzCY5ZA6RWrPbg9uFzEC1Qc2kso2vJG6,902.7932790299819,23.126461139999947,904.3911663866655,1.001769937142643,0.3617564665546662,0.0255791699610506,531.70421628,106752.10460344,3263.2755266725376
KZMu9QBEdL97EFgamLbN5DE1AoKBG4HdrKKJo4Vuon3,DD4ACBWyVqdaKWh7v5btsgqQCCMwbKnuL2xd9pv7Gyuw,GcYqiJ1MAuYbNTNYXm1F1gQYTfTgkErACAhNU5dpVj9T,212.10585658000036,212.12626817000046,212.48127061373341,1.001769937142643,0.08499250824549337,1.0,2118.77885973,2270.57153469,4393.100499820883
BSC8REUo9LpiiWUuqMuLXs2D2yJsJfGd4HdiF3wCLxk5,AZjEH1zWVx1UJ6udMyRijGTzPteuLnaY18yNNmprJEsh,Caf8ypkSVR8xYnXNhjvfvdGCC7mrM3C11rz8Xi6NA6aK,16854.237194078,16921.985248716996,16834.949089876645,0.9988555931675073,6.733979635950658,0.9980377320660041,3362.122972756,2980.252169069,6332.679452056711
MATSnbbiTCv7Dc3trJrkrqjx7ckKdr6fwPoVwv9q3sD,631WX9JizSHJm4w6VanZeJAst9T8DeUUnPLesdGkCVtK,211maUSfpnXbPuW1iBu8b4dtJv5EbN1j7JJiEX5TZKEP,27225.209409999992,27241.023673000003,27201.544066661998,0.9991307562420695,10.880617626664801,0.9979263091296287,26134.122638,25444.420345,51503.06219785661
MATgk4zXLXtYkwBH678J1xZbRDZ45LicNzkRBHkxTuY,y8dALFo1bJrSzPYjMX14HJX448pXqYmrfXHD1K8MXih,GN7Yuet3UyiWS5YVkEHv6oQKi4HGBJc3XDPt9zQhAqZz,32144.729108,32047.74369799999,32216.894952694038,1.002245028864657,12.886757981077615,1.0,5564.90116,9176.302643,14753.697166733164
YAkoNb6HKmSxQN9L8hiBE5tPJRsniSSMzND1boHmZxe,CfWX7o2TswwbxusJ4hCaPobu2jLCb1hfXuXJQjVq3jQF,EnTrdMMpdhugeH6Ban6gYZWXughWxKtVGfCwFn78ZmY3,11007821.724981997,11006123.47607601,11007821.724981997,1.0,1100.7821724981998,0.9996631135307401,463524.317804,915399.358037,1378615.290183308
AUSejoEUCh2DBs9mof6BNC8Pubs22w4cJa1ccV9h44R,4xkyD7AfGQDwsQMy9MosRRNGoVJ1zosNinesxg1TzHG7,Cbm5gsQe3nSiCsFrvepVzMCD9xLK3ri9g3ypS2hdmVJ7,3402.765293999999,3404.5027539999974,3398.4594458820666,0.9987346032576726,0.33984594458820666,1.0,14938.984296,13933.848038,28853.928591938162
wrmcMSHFi3sWpAEy4rGDvQb3ezh3PhXoV2xNjgLBkKU,8p4mGnARWPBu6P2Gcw4adodLkNDorrXniZMhaY7eJXUn,AyY89zccbsgp9LKFgH4CFZMJmpSgqmPSdTfukhP227rc,0.004013580000000017,0.04303219000000169,1.327242063492069,330.6878306878307,0.0005308968253968276,3683.7839829072423,27.14623447,0.08957706,9306.911927091434
ercAoEmXjQzEvAFbdjAo81KtMxRGn9AW1ju882upmPH,CMRhskR2Eg6V42RTSdRTXGdozyPbWB8U9dVpijPWb9T4,7TKLLgrWswt6ZJ1pXhVR3FyufHGjJFqiEXxvWJfDcgRm,7.140219170000137,7.058117125000081,1265.5031195289737,177.235892820493,0.5062012478115895,169.62875220920245,437.864557118,923.07008355,234184.54218948924
moFiBS1R4Lf3E3zzmBPnw3NF4RhWPkhREFviuzUaCAU,44ALBrpqi9PfZkBRTvbtRNtFJGsatfY4QydjtMbFWq8S,2ho8qEEie1UjVwWNBo9y4oAJZMyMLx8zPj9bxyUz6uWs,6313.589556666,6319.912085344007,6300.632689877861,0.997947781262648,2.5202530759511443,0.9991467077295181,40784.751378936,26330.219757259,67008.80453221795
SEQV6QiTpvTzrceiaYg9Avnwf7oc8ZALpnQMz6TyT4A,3dFMPj4r9mMmPHF32mz1gNDX7f8ftidWof7S8YiYTs1j,Fc1ED3YPeQfXQosHbd8DTaBd2AV5gHQtwiSAL5C5pUhi,4021.4456936039987,4014.6957878859994,4039.0607970835094,1.0043802912737394,1.6156243188334036,0.9979940319956886,802.386638746,4820.007514917,5616.2400599994
MNkYtBe2HtgL15osfaMmyqNW3vo4J399FXXCS4a39Wf,2mUxDu8NrhSKhQJMgKfYLxJqZzeEbmwhQdHeHMyohyuk,AZCBmDBcFsA2jHHhfFJBTsWCHx9XnnKmGfFsue3ZVW1t,0.0008846299999731855,0.0008857100001478102,0.0008842622971821483,0.9995843428427158,3.537049188728593e-07,1.0,2195.17588665,1941.27263801,4135.536084091216
TETFuZgEmET6d9vYmz9iMFCxK1jKdKYxf3oPz8hSzJK,Eu1Ze6Z84LWNkq7SNoAHBJbXx5t1P95EwyqYohrfCRFV,ASMbv7WNu3qe4pkhREmvyEdwFNDZQ6B6iSrjkj4u8bdC,10.645338589000005,10.499717000000004,10.676729658260715,1.0029488089080743,0.004270691863304286,0.9985989656511913,314.071081377,38.408880764,353.35228558228334
KysFMBBoavfov2tLpvefWW6tPFt6rAeZWDJVy1mMQae,B8ka2V21TH3x64dFV8ETcjuQcwmrciJ2qzy1mJUttRew,7fSf7EYxBANyxzk2s5pymFgshA91tFYQNKKs5UnLWcYS,7.9841160000000855,10.790252000006149,0.0,0.0,0.0,0.01704930768899226,134596.5171,2541.636167,43.33313704465392
STK75uPSyBnEhGTTzb1nwmP3n427XoXmfRhXxxhyady,6TYyD5fUmDe6N65avW1Ny2RxzRNobw2RRgKwH9CTzSAU,54zDfk4cx2vGrEajPtodWpArNe5eUurytyxd4X3aZAxK,1489.1613240599975,1659.8579845810013,263673.7987914101,177.06194388163337,26.36737987914101,197.6329501559818,4031.801496134,730.634605164,858276.082754976
BUSDTd9WiT6uBHJRgNvFXBsA7JrifsAtWzKfioN7ERcy,DyBxrn7gSc1EwnpWhDyhzvMHPtxpmBqRqotapLcKcfTM,Cds99GeBgoCpqBsoRWu1C6fF9LiUMd4pXQQD24s9LPff,26362.226293429994,26368.635665409987,26321.221515280202,0.9984445631528468,2.63212215152802,0.9965012839919044,3185.86773747,2580.93110757,5752.813483989135
KwnjUuZhTMTSGAaavkLEmSyfobY16JNH4poL9oeeEvE,J63v6qEZmQpDqCD8bd4PXu2Pq5ZbyXrFcSa3Xt1HdAPQ,BnKQtTdLw9qPCDgZkWX3sURkBAoKCUYL1yahh6Mw7mRK,128.3850090000136,4990.993265000119,3.2531744135934306,0.02533920773875621,0.00032531744135934305,1.0,274452.718268,645.286244,7599.700686659184
B2izdXFYb2sNwbWWHmh75T4aQFtfXsUxem9u2p61HGzf,4DYwgJtxwuJdAjkj5RJSNH4e7U329V5cNp7d3a1nLrZv,EXNW64GEf1ACC6xY9BtKRiunrs6GoJSXBdxWN2eTPmrF,2042.158695999984,2008.304567000001,2023.510027585754,0.99086815904623,0.2023510027585754,1.0,8618.784643,31191.070441,39731.14971342533
AURHmCnNwiW4uA2Qj1XvEh4iKgRUZYXtiY7FKAapUV5Y,BKWm4TRnTeKwfWXRyuzjRHU7iZDkPuXBX5b5V5jSVfGJ,A5Ww74HVrkj9nPeC7pHKLfgeDMEhBCpW1efQdz3TGLEg,0.001898087999393283,0.0016718629999559198,0.37346087330568833,196.75635345940955,0.00014938434932227536,177.5163474804395,289.900346858,1809.485886955,378253.0605840531
