0,1,2,3,4,5,6,7,8,9,10,11
ercAoEmXjQzEvAFbdjAo81KtMxRGn9AW1ju882upmPH,CMRhskR2Eg6V42RTSdRTXGdozyPbWB8U9dVpijPWb9T4,7TKLLgrWswt6ZJ1pXhVR3FyufHGjJFqiEXxvWJfDcgRm,1.084224388999985,1.0746534199998905,190.28223844239272,175.5007915085697,0.07611289537695709,151.8586050602628,394.045243116,920.223694221,208899.13860484766
SAMyS8Jr2HJrkFwYVKbpUwsNStnQmvz3f8Tup8bWUWF,6jPzm5TFfquvgm25sTyN3MMGBfufRaFHMxobDWv6hMFW,Cj9ECoDmxsHTDzCY5ZA6RWrPbg9uFzEC1Qc2kso2vJG6,1917.5679668099874,81.69958759999793,1917.1851241125532,0.9998003498681347,0.7668740496450213,0.025657911632408114,532.04838002,106736.5606746,3270.5793982268237
AUSejoEUCh2DBs9mof6BNC8Pubs22w4cJa1ccV9h44R,4xkyD7AfGQDwsQMy9MosRRNGoVJ1zosNinesxg1TzHG7,Cbm5gsQe3nSiCsFrvepVzMCD9xLK3ri9g3ypS2hdmVJ7,2478.120369000002,2482.658781,2473.3838389484163,0.9980886602156871,0.24733838389484164,1.0,15004.889838,13867.348471,28843.558866093397
DFWzVTzNBrQZLjoQ4yQwkj9HuoXmfkuZP9V5vbymZe23,DhgiEgiNdqZdRdo195UUHnoEJUtefK8buko8nU97XJUZ,2K2kkXsouBHtWVjtcgkyiXd8eP3oVBvq1bTJzcVdLLr2,316.85360900700016,371.4157144280034,271.83828855229405,0.857930226530222,0.10873531542091762,0.9998371085379512,60718.413677052,8101.305770547,60192.14853751448
SEQV6QiTpvTzrceiaYg9Avnwf7oc8ZALpnQMz6TyT4A,3dFMPj4r9mMmPHF32mz1gNDX7f8ftidWof7S8YiYTs1j,Fc1ED3YPeQfXQosHbd8DTaBd2AV5gHQtwiSAL5C5pUhi,1706.001848103,1719.9089966349989,1696.0651889992089,0.9941754699065302,0.6784260755996836,0.9974853394592234,4693.219622537,925.350974565,5588.9078545931625
ZUCKWFa4LTL833dPhhpeeRWZcaAEoMeYJPi2iKn4F8N,7eEYpq6ShaJ9opZWMxitRFrdCHh6vfyHhGfoSvFht3N2,H8VggnHmuwd1wvwpT8eg9cUJFEfZ7HAaeYjgXrSm7A2u,0.004194562999600748,0.0014009909996275383,0.0042080055279639,1.0032047506175092,1.68320221118556e-06,0.9998371085379512,1647.927284107,2199.415182552,3852.265396685614
BSCNHw8CmxbZ8hCWWzMf5FaG2ajPT6JxfznKUNuRVrn4,7n9kgNL633yGzCYksgnzHyjG73ZLBAwvEae5sbAekbzW,SscdxE99omdG9AiMVwmaEMQySQnCgeAh1sPj2Leutm2,254.3893164709998,254.00874841800032,254.80585422585506,1.001637402704774,0.10192234169034203,0.9998371085379512,5205.553043554,6480.8160563,11693.837016884681
BerKDkt6v49dT1bHRedgnpsJS263C1DSJtEGvY9Mg35V,78XKqNb8wbfsMMrvo8WPUpdx7GEkfQutpNVH943aCGFa,DKYQwn4nDvFHCszi5tXbqfVMAP7DaXXp1KGTXEnYnKVH,0.07139461399992797,0.0718339999998534,0.07182278213998472,1.005997205056073,2.872911285599389e-05,0.9998371085379512,1339.269355658,2718.232990349,4065.0914420122085
BSC8REUo9LpiiWUuqMuLXs2D2yJsJfGd4HdiF3wCLxk5,AZjEH1zWVx1UJ6udMyRijGTzPteuLnaY18yNNmprJEsh,Caf8ypkSVR8xYnXNhjvfvdGCC7mrM3C11rz8Xi6NA6aK,474.5000701419999,475.2868150850004,473.5163049782011,0.9979267333648562,0.18940652199128044,0.9998371085379512,3690.565405143,2642.690611128,6325.174018414312
Lid8SLUxQ9RmF7XMqUA8c24RitTwzja8VSKngJxRcUa,4PgzyzLtds9bKZ2to9PMnKqJzKEUpjvNUaeN23phegax,AtymwxoVN9peZo7EXTcDz9jKVc4vRmisJKKrNfe3ewBa,103.18550449000486,87.86904456599927,21297.067194463318,206.39592062590802,2.129706719446332,175.5007915085697,993.314436058,7669.015654844,1550934.3650179293
STK75uPSyBnEhGTTzb1nwmP3n427XoXmfRhXxxhyady,6TYyD5fUmDe6N65avW1Ny2RxzRNobw2RRgKwH9CTzSAU,54zDfk4cx2vGrEajPtodWpArNe5eUurytyxd4X3aZAxK,1069.1577555309996,1182.54293030499,187841.33553421372,175.69094416840468,18.78413355342137,196.55416954290934,2703.160761367,492.458063659,571715.5521407558
HEDSDjj84KS7LKhZY7ejkCACTdPen62rKhCby1wXtgxc,EnnjMSFttpCTywBrYNt1J5QQeoSVkvzPipJDa8Y7kJow,6bjVT6JN2rSvpyn9PdfLYC8wJn4LWh49jpY47fnLDXZk,13.97027295099906,14.427165619999869,13.31833351976322,0.9533338086147258,0.005327333407905288,0.9998371085379512,39102.363221805,9119.055349818,46395.174789639306
moFiBS1R4Lf3E3zzmBPnw3NF4RhWPkhREFviuzUaCAU,44ALBrpqi9PfZkBRTvbtRNtFJGsatfY4QydjtMbFWq8S,2ho8qEEie1UjVwWNBo9y4oAJZMyMLx8zPj9bxyUz6uWs,0.0013974040011817124,0.0013974040011817124,0.00138585121561575,0.9917326803442722,5.543404862463001e-07,0.9998371085379512,49581.223766691,17570.490491606,66738.9483496105
KEN5P7p3asnb23Sw6yAmJRGvijfAzso3RqfyLAQhznt,9zj4aX38Uxf3h6AUjS4EipWS8mwbEofasHAf3a1uKGds,CwQDG1MWunn9cLNwcZLd8YBacweSR7ARo32w4mLua1Yr,157443.73430199828,157479.7480710002,157168.06152208854,0.9982490711292393,15.716806152208855,1.0,1816479.148863,1566751.239177,3380049.862255121
wrmcMSHFi3sWpAEy4rGDvQb3ezh3PhXoV2xNjgLBkKU,8p4mGnARWPBu6P2Gcw4adodLkNDorrXniZMhaY7eJXUn,AyY89zccbsgp9LKFgH4CFZMJmpSgqmPSdTfukhP227rc,0.007795730000000015,0.07814991000000049,2.5115109536082523,322.16494845360825,0.0010046043814433009,3334.0001333600053,27.1056393,0.09337455,9043.797650039029
BkMBnJpvHKtWhUvrgRrLesXfi9RUV3ELgdBaJcdH7hcY,5uerVwBnZQsuVhZ15igs7ZgmcqhHnYWbwoRtLyRqLvR,9YWiQh5d4jCtgMdzcGLv9bWgnLaFtzvDDh2nnhJdzhBX,439.38278875100013,438.7708745470002,440.9258798566251,1.0035119516401891,0.17637035194265005,0.9998371085379512,1116.66192726,1756.712877507,2877.0103139249604
Cob4usZcpHEY7Qt4ZCwj6WVg9S44zvzYV2v9qYF65dTf,NhFM9UXE48PyNAyeyPYA3iXztqKVJwA4bTdLj4ysM8w,6TuFuynuBoeskxyR2cz4wxyidk8dpDK7kAWw3UkjQGx,249.69845600000005,17007.058606,5.007457407571331,0.02005401830586942,0.0020029829630285323,1.0,61855.070954,310.308116,1550.7508412223679
MARpDPs5A7XiyCWPNH8GsMWPLxmwNn9SBmKvPa9LzgA,6YjT74rmcfCpw8LSjPNx5JTmZoYLGrTKnf9arfSgZ4SR,F8GSmi3vA8M8TsybLya1LQ4n1aFHCRbZ6k437PeTdXtg,44720.74326199999,46242.43559400027,41979.83768003296,0.9387106433828879,16.791935072013185,1.0,315387.668852,21739.604251,317797.3657940901
WiiQFxXqp8P9Fs1rt9SVcDyA3KUdJmUsog6wnVQAwba,3S2jpqSYxho6wiz3cafhjXruVY8cg4HYa2v3BqBHYFSj,Dfe67M6TfrG74gKRtdqys4e6E9QirPD53BkF4FujFjuv,12989.202759188996,13008.782573825003,12895.49245349671,0.9927855229124057,1.2895492453496713,0.9998371085379512,23158.509151239,3619.757489433,26610.600479427827
KwnjUuZhTMTSGAaavkLEmSyfobY16JNH4poL9oeeEvE,J63v6qEZmQpDqCD8bd4PXu2Pq5ZbyXrFcSa3Xt1HdAPQ,BnKQtTdLw9qPCDgZkWX3sURkBAoKCUYL1yahh6Mw7mRK,459.6551360000001,17510.025906999537,11.38095243282998,0.02475976344323928,0.0011380952432829981,1.0,274426.169048,645.876376,7440.6034042628735
Sid7E679i9ABqptiAVhkmQ27YHN8vaYT4fppPwmxFsJ,GP7KB8o1bv527HG8kTzzzf4wJ5aEGHvcMQvVhLziUfmT,9gYxhAZ1M9wu5pxr8SBoa5NDm21gi3s9vMHaYTME77sa,27261.802098999986,42849.66912700003,546.7086783443351,0.02005401830586942,0.21868347133773403,0.025604503770762465,107114.701176,24927.397876,2786.333831122575
C98Sspw7XqnMsgxea3SLQVdbMDL8pKUc3RE82UvX9eq2,CSqgQJurPCzGxb4Cgwx5R61hWQUiaoUHcShNc8r1cKEL,6S2CR5EnukPhC914XkAns8m5GixjMAoUuZMsS5ubHuWc,362.89360200000056,361.29867199999967,0.0,0.0,0.0,1.0,809.353479,1291.687224,1291.687224
MATSnbbiTCv7Dc3trJrkrqjx7ckKdr6fwPoVwv9q3sD,631WX9JizSHJm4w6VanZeJAst9T8DeUUnPLesdGkCVtK,211maUSfpnXbPuW1iBu8b4dtJv5EbN1j7JJiEX5TZKEP,76949.69634399998,76426.22568700004,77078.10847271552,1.0016687801877928,30.83124338908621,0.9991237684550649,20524.116417,31610.610431,52141.278872834344
SUiuyGR7SFq3xeRVJonq84fjjeFwRSsFekcevJ53tzy,49GjCCPsv7fBqo6t3iKDrP1xxGDS8uWZbVCdfnp2gjMf,CEwj5xEbbJEjYqM8D6Ai8ByGz1mrh8mkAVsE5fzDSSSx,60.602526000000054,28.41630299999996,1.2153241657859286,0.02005401830586942,0.00048612966631437143,0.9688204514122011,562.988456,2.73485,13.93975941416182
ionytDfEj1mXodptgrsKEZro7DGsfpzANUfarJdm6Qb,3gkSjY95an9xNFSjCfsay6JZez7uv7yfW3Ad4ubc4fMK,9wXqANaSuEqkKL9yHzCPEDGHwbkStVAqV5rB3QDs3Jr6,0.20676999899999968,0.20680661099999967,165.93637567411375,802.5166923472008,0.0663745502696455,3305.664917969925,3.176817521,0.077958215,2807.1528255366106
BSCuChvaSj9b5HUSqgDVRzcnr2sSn7cXaamt1jbKH6hn,GnKpRj5kBVPMJfiwZtEuD9GYApLzPdW5JFuZTcyX4BTc,3dmwD9okkomV9nDwyuh4UMhKdUR13QpuKxRo89ycZB5t,645.9072530650001,646.1508184579998,645.9096022382233,1.0000036370132277,0.25836384089528935,0.9996261398237059,1587.700239117,1517.511995917,3104.6506722184495
JSoLLrxK5bYdHwTEWYaGgmeycBCNXKDiBCTw5hXGBg7,xG4wXczA7Dk4hccJ61CHKpDHW4NrNfQwgmWgkb9BuF2,BVR6WgfhsRr9Lob4QDnkEAiNGgAbv7ZieKcY9kSg3QYR,37.14338864800003,31.74343700200002,7521.115244399776,202.48866670932426,3.0084460977599106,175.79855173637108,17.496648604,163.33146011,32256.307188030383
KEnkcdADoLR5jS2CLLLesy8TtFsyWL37BhXNfDMzWzP,3qsjFRuw1qeLMPo4DLwaQevenGAGBj9dA3Q6rb8ax2YR,77iEv8zPQAEyCcEbvBRSB6AFcUdfkhiqnAKtPxk76rNN,17.925884999999994,0.232302,0.35948602593890994,0.02005401830586942,0.00014379441037556397,0.9972953350513407,102.190731,0.52247,2.5703916838684515
SAMGk1Nd4haC8zQA63DG37pzuEZy8j4q13tSFtCbcRE,9U9TnkHD3jXMAVZtynCVLgDruuqN4pTvLJTmVHCLWS8g,C6zoEbvqSknmi96QWq96UBiPCyNW3YSTvKhavR2BfifE,0.6290763599999991,0.19780478,0.7577197451768971,1.2044956595998906,0.0003030878980707589,0.0,54.33208717,0.82769358,65.4427631732679
MATgk4zXLXtYkwBH678J1xZbRDZ45LicNzkRBHkxTuY,y8dALFo1bJrSzPYjMX14HJX448pXqYmrfXHD1K8MXih,GN7Yuet3UyiWS5YVkEHv6oQKi4HGBJc3XDPt9zQhAqZz,24863.72163,24810.515726999998,24892.99579305263,1.0011773846042946,9.957198317221051,1.0,6514.686174,8188.197491,14710.553956203079
SoNcU2iwHMw6dGzsYNQkYFkUjwN1UdAjrWVRnStrZu2,8ivTTid27jZnYNc4w3CTA1Z6QS2twsFb8WMwUabeDJgc,CyXm53PMvHCbeXJBykU46Rcbo28xk5srhMZFg7gv6EYB,89.54921683500002,89.56516509800007,18537.89232878539,207.01345007787847,7.415156931514157,201.78055194648618,15.698353247,19.868832895,7258.914334288337
ALBpShJ9NLpE739pcHDF2LNVk5J4VYPvvKuV6jMPitZi,D6d156U1bPiJpDYRLextvDRccgFk7QzkQbJg42ceKEu5,GNcM8U5g8RwTZffwwm3kSQqUNPSwv5d2fbN9sLxPJqt2,14282.652960000021,14303.078744999999,14231.462389783967,0.9964158920363452,5.692584955913587,0.9972485911370529,55117.380668,45180.113962,99975.63902102802
ALLwa5WNZbvQsRKAqe1jdRGemdYQnW8E5k4msbRFcYtu,CGoM82Hbz7QVqTgvQatYtjvDWBvoUJp5qm21P8iMs9yb,3dxNNww8TivyN5FMy5dCNdi3Zcxv6e4kUfSPxfFwpdNq,3.5824621279999986,3.5861332059999977,11842.419376485479,3305.664917969925,4.736967750594192,3271.8979953080984,4.763210142,3.863349909,28386.063485758772
heyk4SZTeCUV6a65WiVA5bzic3KcxgVf1qxobfeV4tQ,9ZDpBKPqMABtGfq66FbVribaArMvtk63xxy91onZAtDt,DaTP4s6N7xxSPinbNZ3FB52EpRDRt87QShTuN3VPCW52,59.155986321999535,51.42917826200005,11824.45496018161,199.88602498855153,4.729781984072645,174.63460328781073,620.511916869,4478.386372201,906112.8879998305
HDSBGqAuMRr6X2AfmmbXQPpRgU6VEhtfNVVZ3wUTZXg,DCZ1d8kNLgDcdSd99y4udLgwq46mfDXNS9KXj96kQf5L,Fq8GGYQM5Pz3q7LmVMbrXHJgsxA5ev86kTq8yGgGuYsa,1355.565696409998,1358.541122722001,1347.439886067872,0.9940055945915083,0.538975954427149,0.9998371085379512,13769.760108169,13001.699305444,26686.80002333798
CZgvH45CRmoaNJ7395Ao5CQZXkGznvqU7cErD6n7FaRg,4ZjU6MKvtqVQKCiowhvZ5yUsPxXX5SCzd5eFsPeXyey5,BsyWeshjDbCvjDojry3vKDCesmFRM37WtwcR4Kfgzqr,1.3661557699999776,1.3753040000000283,1.3753529200184917,1.0067321386188006,0.0005501411680073967,0.9999263454253959,339.74020149,463.46302668,805.456270128735
7oAd7xG4m3oC2qeWB1szghTebAZyyGPAFDJ4wwwbRSNi,D9yh4KAysxt9GLacVe4Wwh2XqghhcjTCSTV9HuM7TBJd,HDYfJLpZKaMFb84jM4mRytn7XLR8UFZUnQpSfhJJaNEy,1102.0534123679972,25.259728627000186,1101.8738972764006,0.9998371085379512,0.44074955891056034,0.022813475151030604,956.333221611,300032.573678957,7800.96310721897
BkwbeSfcX1h4thMDd7obGkHrPevf3QwgzJ4pCEqG18Lu,35yX27bmurdebhfAb8EPmjLETDiUaEUCn9zHaDPbakH2,2CxECn1ZJFoESyUnQysQU8rRgT3iJ5GRs2Mdd6gZjx5g,0.14994607000000215,0.09105716000000019,308.4802295918411,2057.2745227123105,0.12339209183673647,1290.3225806451612,0.83810897,22.73674644,31061.957573173142
RajgMbScQbqqrdJfR2rxfHJiTiY5b6bJ2tTXiF4aPxy,725ZA3fhyBAKb5iopNRrcbSuQa3LXA1656Q3mBvYPxeg,GLA6i1dSZpUfk2f9Nj8uiG7xyDdAR2reff8oEiZH3617,3292.933830229995,3295.8137728800066,3286.87185247248,0.9981590951807582,1.314748740988992,0.9999263454253959,119028.11951858,62816.20967521,181620.58305374108
SoN9GaFpSXfpyR5dth3x7PHPVhvJMpQqqDJfCSmPv1t,9kZ9iS68ViMPtoeqtnhAKuF2iqVyfHPdZHoUNdwCELr,BBhm5fJLjw3HRzjtKB8uMEYjGhY6EDm9co3cqpjrSzB9,13.914693142000008,13.655943762999994,2862.0202548704283,205.68331803392252,1.1448081019481713,204.37773010326595,3.675989002,5.947270215,1971.5792018400298
KZMu9QBEdL97EFgamLbN5DE1AoKBG4HdrKKJo4Vuon3,DD4ACBWyVqdaKWh7v5btsgqQCCMwbKnuL2xd9pv7Gyuw,GcYqiJ1MAuYbNTNYXm1F1gQYTfTgkErACAhNU5dpVj9T,57.424126160000014,57.4803657500006,57.41766265371509,0.9998874426705786,0.022967065061486037,0.9999263454253959,2067.999432,2021.23464901,4088.8524393384414
BUSD5rCfUDpCxKGMvYU2yThChxgHoioK74PTPociGnv2,CcFHbafgYDZ8yA8Me1PdtDiVb2eeaS61LbqyKKK5CsNZ,26R9s4nmF3CFDTkiePDwRmtscn8i7r2eygbSijditJ58,664.43823104,665.6702707600001,664.814702309624,1.000566600854732,0.06648147023096239,0.9999263454253959,69.28922923,77.24394506,146.5667442565913
AURHmCnNwiW4uA2Qj1XvEh4iKgRUZYXtiY7FKAapUV5Y,BKWm4TRnTeKwfWXRyuzjRHU7iZDkPuXBX5b5V5jSVfGJ,A5Ww74HVrkj9nPeC7pHKLfgeDMEhBCpW1efQdz3TGLEg,0.014031145999808814,0.01420060300000614,2.7361674436335703,195.0066975050258,0.0010944669774534282,175.88980011531336,289.898700601,1809.487291773,374802.5462763519
7dwD9TF6uikvHXxPFK9AsSim54yJoujQjY9vU6gNFumk,CquVr6atkvwueDYficKjn6SSEWq4F4rH4VSiBbW4GBWU,8BCa6ge3b7ho3TfZuM64Vk1hgbrJ3J7EPiAb9uP86CGd,3.8688000000000264e-05,3.877500000000001e-05,0.007994087086536749,206.62962899443482,3.1976348346146995e-06,207.22253420725983,0.003906608,0.003601222,1.5534753107496275
vEnkoSUkpnbRrPgBz9DfcVxNz67zjwMYBZraAvDDNSf,DtfyjjsZ5yCjWKLKHvwsfXs5QVsmm1QkK6Sh9JZHoq1g,e5wrKCRv4GhHvEf1VD5Pq2KGaZDXP77nTL612Jyrxwy,4840.641684000001,4839.696166000001,4837.004256798888,0.9992485650790605,0.4837004256798888,0.9992036347031417,887.37205,1052.015718,1937.8831768441996
GokA1R67GqSavkd15zR62QD68Tuc5AEfvjssntVDEbM8,3YB7hfpBdbQEuZqLGWVDpRPmeZWCUsrrWyqGXegnQ6Cg,4DPCj6Z1DsG6HUtwSogBGqXEUxdEV5a8YVrrFtcnz7UW,31304.318252000012,31300.987588999993,31300.74996650383,0.9998860129945186,3.130074996650383,1.0,21476.028216,17137.319001,38610.899228854025
parEAJhzYzHW87y9VoZAQ22dzQ2MD2ekEtTReaxbMcz,3oyc6hpjYSJEquK6dSvG72NXyz3pqLZz5D8AC71pwgQb,Di2vordgFJVZ1aj1aBpvzXtLfZgJsuLLXawGtVFwX6Rz,7.472705403999981,8.825560256999779,1272.1681275697995,170.24197513377615,0.5088672510279199,202.55630103026212,1106.377223726,140.531999791,216817.48586418852
FrnkTEL6yZ5Aycq2TrEgu29dCrwKG4LPUZydfiwqspkc,DjvZuMZ46fxKBoBpGMPcRcos4xdTtHFxwMh69DpA2ZFY,9rvDPJLAng4uVVqnnSoEXgNDFhBZQTny9AoQioYDZbQX,903.5385143609944,758.2801935630008,187883.22632195108,207.94158006073144,75.15329052878043,175.6691545517898,179.031726158,1457.268146119,293225.2032022735
daob129AwBGn9Y5r91uLoWZeYiGzbPmksauMhFZKTze,6VW5GQNyj4LStgmxEHLr5zUfW92vQnmbw8jTnCH7a38F,4VPCCUifPeBA1c7HWK358CHn2nyjm8pdTRk6Ps3KmnMQ,12.689041044000078,11.387917817000002,2466.1066511394656,194.3493320407807,0.9864426604557863,175.84322099765004,49.245069256,222.651113973,48722.435355932794
KEVpg4SYCVrqFxKijQH6hm4QxsRdoE51ud64bEEFUC9,2bPenuBYfqzD8p5dFjCcggwkHDsc2RQDnx9AoyYGUBjA,AE6n6iLuX8oYu61vt5hoDYkjswpnxFxrhSehxrnQTnbx,954.5431863790002,958.1827239000013,949.5751091135047,0.9947953352594328,0.3798300436454019,0.9994818196500841,6464.787102775,1164.01539995,7594.552283328659
YAkoNb6HKmSxQN9L8hiBE5tPJRsniSSMzND1boHmZxe,CfWX7o2TswwbxusJ4hCaPobu2jLCb1hfXuXJQjVq3jQF,EnTrdMMpdhugeH6Ban6gYZWXughWxKtVGfCwFn78ZmY3,8013838.859096969,8016219.891057015,8013838.859096969,1.0,801.3838859096969,0.9996940936073563,1017937.729907,356904.063406,1374732.6140784435
B2izdXFYb2sNwbWWHmh75T4aQFtfXsUxem9u2p61HGzf,4DYwgJtxwuJdAjkj5RJSNH4e7U329V5cNp7d3a1nLrZv,EXNW64GEf1ACC6xY9BtKRiunrs6GoJSXBdxWN2eTPmrF,11490.376943999978,11308.580425000007,11211.961515643517,0.9757696871292075,1.1211961515643518,1.0,8535.396972,31274.716894,39603.29852689203
BUSDTd9WiT6uBHJRgNvFXBsA7JrifsAtWzKfioN7ERcy,DyBxrn7gSc1EwnpWhDyhzvMHPtxpmBqRqotapLcKcfTM,Cds99GeBgoCpqBsoRWu1C6fF9LiUMd4pXQQD24s9LPff,78021.78343423006,78042.86588703006,78026.9363331055,1.0000660443615697,7.802693633310551,0.9968002711296738,2756.666708,2799.86264246,5547.752611422764
BUSDgu5JdqP1rndBvXvanbEufS94FNh1w5FJcAj6vawb,Bgzr8cWubt89JQFXndVjtdKmDbGzuPxNhvjH1EhWCwbo,Dxaf8xPBBQsasRKW5Aa4Sw2YrbfGofY9xZueyyF23FBW,14489.974062529996,14409.207243840006,14575.16121578467,1.0058790411140184,5.830064486313868,0.9996755153244808,4809.52315809,10155.3729592,14989.876238775792
Lee1XZJfJ9Hm2K1qTyeCz1LXNc1YBZaKZszvNY4KCDw,9DgFSWkPDGijNKcLGbr3p5xoJbHsPgXUTr6QvGBJ5vGN,2hNHZg7XBhuhHVZ3JDEi4buq2fPQwuWBdQ9xkH7t1GQX,1808.7786807938392,1536.1105514280262,374942.85117753287,207.29061833754997,37.494285117753286,176.06154548233116,7236.664215981,56374.243235301,11425428.98943587
NorjjEePhxfwLF4vZjUHCrVVKLzQjEEGQFd3wgjEJmh,34M8pFVqgbV7aqHxvRT5tCv3vu2P1JJYT8J3VaxBK2oG,3AZWBSze3ucsY3xSeuLne3b2pauVqiaJ1SZSV5T9WGWw,0.018048000000362663,0.0014660000001640583,0.010724810096559338,0.5942381480686962,4.289924038623735e-06,1.0,38109.866632,2266.807451,24913.144021544682
