0,1,2,3,4,5,6,7,8,9,10,11
KEN5P7p3asnb23Sw6yAmJRGvijfAzso3RqfyLAQhznt,9zj4aX38Uxf3h6AUjS4EipWS8mwbEofasHAf3a1uKGds,CwQDG1MWunn9cLNwcZLd8YBacweSR7ARo32w4mLua1Yr,222435.1643260012,222492.86600499973,222156.35809658997,0.9987465730508213,22.215635809659,1.0,1654066.647732,1578756.745543,3230750.141562995
NorjjEePhxfwLF4vZjUHCrVVKLzQjEEGQFd3wgjEJmh,34M8pFVqgbV7aqHxvRT5tCv3vu2P1JJYT8J3VaxBK2oG,3AZWBSze3ucsY3xSeuLne3b2pauVqiaJ1SZSV5T9WGWw,0.0097989999994752,0.001404999999977008,0.005822943072828207,0.5942385011878828,2.3291772291312833e-06,1.0,38109.866632,2266.808854,24913.158881869786
BUSDTd9WiT6uBHJRgNvFXBsA7JrifsAtWzKfioN7ERcy,DyBxrn7gSc1EwnpWhDyhzvMHPtxpmBqRqotapLcKcfTM,Cds99GeBgoCpqBsoRWu1C6fF9LiUMd4pXQQD24s9LPff,55133.669995689976,55163.035263410005,55037.780422748445,0.9982607801557737,5.503778042274845,0.999580176325943,3286.6127441,2474.26228371,5754.120131822646
ALBpShJ9NLpE739pcHDF2LNVk5J4VYPvvKuV6jMPitZi,D6d156U1bPiJpDYRLextvDRccgFk7QzkQbJg42ceKEu5,GNcM8U5g8RwTZffwwm3kSQqUNPSwv5d2fbN9sLxPJqt2,107.98808000000281,108.17716400000063,107.82407957496926,0.9984813099276,0.043129631829987705,0.9985162049194896,55211.535794,45086.123596,100146.91161031666
DFWzVTzNBrQZLjoQ4yQwkj9HuoXmfkuZP9V5vbymZe23,DhgiEgiNdqZdRdo195UUHnoEJUtefK8buko8nU97XJUZ,2K2kkXsouBHtWVjtcgkyiXd8eP3oVBvq1bTJzcVdLLr2,2485.776295419001,2909.527374741001,2118.8336895135435,0.8523830939325914,0.8475334758054175,0.994275395775199,60721.753136629,8099.354190344,59811.18440073866
HDSBGqAuMRr6X2AfmmbXQPpRgU6VEhtfNVVZ3wUTZXg,DCZ1d8kNLgDcdSd99y4udLgwq46mfDXNS9KXj96kQf5L,Fq8GGYQM5Pz3q7LmVMbrXHJgsxA5ev86kTq8yGgGuYsa,2309.9464215419994,2314.7263858829992,2295.787215874349,0.9938703315645744,0.9183148863497397,0.994275395775199,15757.726307319,14876.89607081,30452.86839847007
HEDSDjj84KS7LKhZY7ejkCACTdPen62rKhCby1wXtgxc,EnnjMSFttpCTywBrYNt1J5QQeoSVkvzPipJDa8Y7kJow,6bjVT6JN2rSvpyn9PdfLYC8wJn4LWh49jpY47fnLDXZk,1.0039956420005183,1.0369677300041076,0.9653395326609681,0.9614977319398262,0.00038613581306438726,0.994275395775199,39103.400189535,9118.051354176,46663.68471224521
KZMu9QBEdL97EFgamLbN5DE1AoKBG4HdrKKJo4Vuon3,DD4ACBWyVqdaKWh7v5btsgqQCCMwbKnuL2xd9pv7Gyuw,GcYqiJ1MAuYbNTNYXm1F1gQYTfTgkErACAhNU5dpVj9T,54.03901773000052,54.03498041000057,54.1874398370863,1.0027465730007779,0.02167497593483452,1.0,2064.89783573,2324.32885639,4394.898084764981
BSCNHw8CmxbZ8hCWWzMf5FaG2ajPT6JxfznKUNuRVrn4,7n9kgNL633yGzCYksgnzHyjG73ZLBAwvEae5sbAekbzW,SscdxE99omdG9AiMVwmaEMQySQnCgeAh1sPj2Leutm2,192.31153837200054,192.41907659400113,192.60345857440268,1.001517954694104,0.07704138342976108,0.994275395775199,5357.679879492,6328.552738089,11658.136873162239
AUSejoEUCh2DBs9mof6BNC8Pubs22w4cJa1ccV9h44R,4xkyD7AfGQDwsQMy9MosRRNGoVJ1zosNinesxg1TzHG7,Cbm5gsQe3nSiCsFrvepVzMCD9xLK3ri9g3ypS2hdmVJ7,3771.5414100000016,3775.116195999999,3772.1751354227526,1.0001680282287424,0.37721751354227523,1.0,14398.858401,14473.157006,28874.434821673032
SAMGk1Nd4haC8zQA63DG37pzuEZy8j4q13tSFtCbcRE,9U9TnkHD3jXMAVZtynCVLgDruuqN4pTvLJTmVHCLWS8g,C6zoEbvqSknmi96QWq96UBiPCyNW3YSTvKhavR2BfifE,0.6951512399999992,0.3838237800000017,0.8352041119146273,1.2014710811918112,0.00033408164476585097,0.0,54.51810617,0.7616187,65.50192796459986
ALLwa5WNZbvQsRKAqe1jdRGemdYQnW8E5k4msbRFcYtu,CGoM82Hbz7QVqTgvQatYtjvDWBvoUJp5qm21P8iMs9yb,3dxNNww8TivyN5FMy5dCNdi3Zcxv6e4kUfSPxfFwpdNq,2.1609067339999983,2.1613185659999967,7081.689499901679,3277.184243298158,2.8326757999606715,3257.169845121574,4.307834337,4.319274219,28186.176550893004
GokA1R67GqSavkd15zR62QD68Tuc5AEfvjssntVDEbM8,3YB7hfpBdbQEuZqLGWVDpRPmeZWCUsrrWyqGXegnQ6Cg,4DPCj6Z1DsG6HUtwSogBGqXEUxdEV5a8YVrrFtcnz7UW,51242.63930800001,51262.981730000014,51241.05083542412,0.9999690009609703,5.124105083542412,1.0,29825.872846,24096.529627,53921.477899603546
4vezWG46exH6pf9nry3n1VJ7hZHvjBJNgNeF4qEFCML5,,,0.3024249999999995,0.30197499999999877,0.0,0.0,0.0,1.0,29825.872846,24096.529627,24096.529627
JSoLLrxK5bYdHwTEWYaGgmeycBCNXKDiBCTw5hXGBg7,xG4wXczA7Dk4hccJ61CHKpDHW4NrNfQwgmWgkb9BuF2,BVR6WgfhsRr9Lob4QDnkEAiNGgAbv7ZieKcY9kSg3QYR,14.64563783800028,12.604751874000012,2947.1072796920007,201.2276496449539,1.1788429118768002,175.36119144602137,18.220184216,162.496436398,32161.97353836968
SERgf3DMJpQxUifu7VoFKmfne73d2fDJxSrxUMrcNJB,AJfM2GZ2tTB8UtN2krcyR9xufRJEx2mhSCbJyMgPo3GU,F4yRYkufQvERZcEKnKjJwRLU1btiMBUuEwq46hfm11QD,0.00019053199999774506,6.401400000299873e-05,0.03320750876021113,174.28835450530167,1.3283003504084451e-05,175.21337046221464,29.276090844,27.967296231,10002.72593489719
BSCuChvaSj9b5HUSqgDVRzcnr2sSn7cXaamt1jbKH6hn,GnKpRj5kBVPMJfiwZtEuD9GYApLzPdW5JFuZTcyX4BTc,3dmwD9okkomV9nDwyuh4UMhKdUR13QpuKxRo89ycZB5t,126.47419427699992,126.54199683999991,126.42260791110961,0.999592119434441,0.05056904316444385,0.9991067985221213,1631.747545515,1473.503821194,3103.2696728065357
heyk4SZTeCUV6a65WiVA5bzic3KcxgVf1qxobfeV4tQ,9ZDpBKPqMABtGfq66FbVribaArMvtk63xxy91onZAtDt,DaTP4s6N7xxSPinbNZ3FB52EpRDRt87QShTuN3VPCW52,41.31273449800119,35.88367244199935,8304.207447522971,201.0084190366229,3.3216829790091884,175.0611707495892,626.774499158,4471.173439497,908715.808111033
KwnjUuZhTMTSGAaavkLEmSyfobY16JNH4poL9oeeEvE,J63v6qEZmQpDqCD8bd4PXu2Pq5ZbyXrFcSa3Xt1HdAPQ,BnKQtTdLw9qPCDgZkWX3sURkBAoKCUYL1yahh6Mw7mRK,518.5319129999987,19566.397504000743,12.893082099883998,0.024864587456710753,0.0012893082099884,1.0,274252.2991,650.391239,7469.561515175947
BSC8REUo9LpiiWUuqMuLXs2D2yJsJfGd4HdiF3wCLxk5,AZjEH1zWVx1UJ6udMyRijGTzPteuLnaY18yNNmprJEsh,Caf8ypkSVR8xYnXNhjvfvdGCC7mrM3C11rz8Xi6NA6aK,475.97665839500087,476.92507233399965,475.29853381665447,0.9985752986698275,0.1901194135266618,0.9978537353598356,3588.423404417,2744.705110579,6322.12521987199
daob129AwBGn9Y5r91uLoWZeYiGzbPmksauMhFZKTze,6VW5GQNyj4LStgmxEHLr5zUfW92vQnmbw8jTnCH7a38F,4VPCCUifPeBA1c7HWK358CHn2nyjm8pdTRk6Ps3KmnMQ,9.770096950000067,8.770963793000007,1883.5334254462775,192.7855409302018,0.7534133701785111,175.0611707495892,48.801897076,223.14721855,48472.71345509414
MATSnbbiTCv7Dc3trJrkrqjx7ckKdr6fwPoVwv9q3sD,631WX9JizSHJm4w6VanZeJAst9T8DeUUnPLesdGkCVtK,211maUSfpnXbPuW1iBu8b4dtJv5EbN1j7JJiEX5TZKEP,5657.012979000006,5651.738599000011,5653.82422213872,0.999436317916695,2.261529688855488,0.9985132138246151,23330.980518,28226.714703,51502.57687609911
BkwbeSfcX1h4thMDd7obGkHrPevf3QwgzJ4pCEqG18Lu,35yX27bmurdebhfAb8EPmjLETDiUaEUCn9zHaDPbakH2,2CxECn1ZJFoESyUnQysQU8rRgT3iJ5GRs2Mdd6gZjx5g,0.11205781999999787,0.06947197000000227,221.01698191356752,1972.347685449991,0.08840679276542701,1225.4901960784314,0.84060803,22.73275581,29516.740677341175
FrnkTEL6yZ5Aycq2TrEgu29dCrwKG4LPUZydfiwqspkc,DjvZuMZ46fxKBoBpGMPcRcos4xdTtHFxwMh69DpA2ZFY,9rvDPJLAng4uVVqnnSoEXgNDFhBZQTny9AoQioYDZbQX,1817.5501304430022,1525.3586600589967,370557.58671888965,203.8775055016345,148.22303468755587,175.19022592706725,179.295815784,1457.515516515,291896.8562993915
Sid7E679i9ABqptiAVhkmQ27YHN8vaYT4fppPwmxFsJ,GP7KB8o1bv527HG8kTzzzf4wJ5aEGHvcMQvVhLziUfmT,9gYxhAZ1M9wu5pxr8SBoa5NDm21gi3s9vMHaYTME77sa,29146.541872000023,35747.71317200003,664.7483729693154,0.022807109532534765,0.2658993491877262,0.025909844261367214,96053.817072,34149.805356,3075.526065309126
Lid8SLUxQ9RmF7XMqUA8c24RitTwzja8VSKngJxRcUa,4PgzyzLtds9bKZ2to9PMnKqJzKEUpjvNUaeN23phegax,AtymwxoVN9peZo7EXTcDz9jKVc4vRmisJKKrNfe3ewBa,64.88582408800562,55.261952904999475,13310.649838658885,205.13956670420723,1.3310649838658886,175.1900110860239,993.334800192,7668.997157913,1547303.9676170612
STK75uPSyBnEhGTTzb1nwmP3n427XoXmfRhXxxhyady,6TYyD5fUmDe6N65avW1Ny2RxzRNobw2RRgKwH9CTzSAU,54zDfk4cx2vGrEajPtodWpArNe5eUurytyxd4X3aZAxK,581.6092189060003,650.6582050249905,101891.6435471255,175.18918241836403,10.18916435471255,196.087312974372,2710.938436802,493.629984637,571721.66562091
wrmcMSHFi3sWpAEy4rGDvQb3ezh3PhXoV2xNjgLBkKU,8p4mGnARWPBu6P2Gcw4adodLkNDorrXniZMhaY7eJXUn,AyY89zccbsgp9LKFgH4CFZMJmpSgqmPSdTfukhP227rc,0.003707129999999989,0.038086780000003984,1.1847651006711375,319.59092361776925,0.000473906040268455,3328.119279794988,27.11106652,0.09285098,8973.46992607544
ZUCKWFa4LTL833dPhhpeeRWZcaAEoMeYJPi2iKn4F8N,7eEYpq6ShaJ9opZWMxitRFrdCHh6vfyHhGfoSvFht3N2,H8VggnHmuwd1wvwpT8eg9cUJFEfZ7HAaeYjgXrSm7A2u,167.92843347099983,167.65633521899986,168.1844754982847,1.001524709198988,0.0672737901993139,0.9979141966689478,1815.583619326,2031.486749081,3845.6013236246963
SAMyS8Jr2HJrkFwYVKbpUwsNStnQmvz3f8Tup8bWUWF,6jPzm5TFfquvgm25sTyN3MMGBfufRaFHMxobDWv6hMFW,Cj9ECoDmxsHTDzCY5ZA6RWrPbg9uFzEC1Qc2kso2vJG6,2029.4906310700335,121.55010578000065,2035.064775242662,1.0027465730007779,0.8140259100970649,0.025977010725811094,535.14997629,106616.73159265,3306.203784899437
ercAoEmXjQzEvAFbdjAo81KtMxRGn9AW1ju882upmPH,CMRhskR2Eg6V42RTSdRTXGdozyPbWB8U9dVpijPWb9T4,7TKLLgrWswt6ZJ1pXhVR3FyufHGjJFqiEXxvWJfDcgRm,12.30716411200001,12.150229795999849,2153.798841685735,175.00366632680957,0.8615195366742942,172.566365572872,419.244709761,920.467792258,232211.1428331426
BUSDgu5JdqP1rndBvXvanbEufS94FNh1w5FJcAj6vawb,Bgzr8cWubt89JQFXndVjtdKmDbGzuPxNhvjH1EhWCwbo,Dxaf8xPBBQsasRKW5Aa4Sw2YrbfGofY9xZueyyF23FBW,19434.554265729996,19322.064027469998,19542.239234540833,1.0055409024224817,7.816895693816333,1.0,4890.41003956,10080.73125463,14998.238579025126
RajgMbScQbqqrdJfR2rxfHJiTiY5b6bJ2tTXiF4aPxy,725ZA3fhyBAKb5iopNRrcbSuQa3LXA1656Q3mBvYPxeg,GLA6i1dSZpUfk2f9Nj8uiG7xyDdAR2reff8oEiZH3617,3505.248978579999,3509.75973944999,3502.684873145462,0.9992684954905612,1.4010739492581847,1.0,120776.21932483,61071.34922693,181759.22020269092
SEQV6QiTpvTzrceiaYg9Avnwf7oc8ZALpnQMz6TyT4A,3dFMPj4r9mMmPHF32mz1gNDX7f8ftidWof7S8YiYTs1j,Fc1ED3YPeQfXQosHbd8DTaBd2AV5gHQtwiSAL5C5pUhi,23.15232253399995,23.261714846999894,23.01140821781594,0.9939135991226336,0.009204563287126377,0.9975201648701328,4694.986198824,923.592889418,5587.713162029379
vEnkoSUkpnbRrPgBz9DfcVxNz67zjwMYBZraAvDDNSf,DtfyjjsZ5yCjWKLKHvwsfXs5QVsmm1QkK6Sh9JZHoq1g,e5wrKCRv4GhHvEf1VD5Pq2KGaZDXP77nTL612Jyrxwy,5261.439102999999,5260.258912999999,5245.445738941964,0.9969602681424337,0.5245445738941964,0.9991107913956578,822.730872,1117.009508,1936.2462442925328
7dwD9TF6uikvHXxPFK9AsSim54yJoujQjY9vU6gNFumk,CquVr6atkvwueDYficKjn6SSEWq4F4rH4VSiBbW4GBWU,8BCa6ge3b7ho3TfZuM64Vk1hgbrJ3J7EPiAb9uP86CGd,4.4512000000000024e-05,4.458199999999961e-05,0.009152994340244967,205.62981533620064,3.6611977360979873e-06,206.12228534373676,0.00388712,0.003620659,1.5456062753200208
Cob4usZcpHEY7Qt4ZCwj6WVg9S44zvzYV2v9qYF65dTf,NhFM9UXE48PyNAyeyPYA3iXztqKVJwA4bTdLj4ysM8w,6TuFuynuBoeskxyR2cz4wxyidk8dpDK7kAWw3UkjQGx,275.94022899999857,9440.662917000032,6.293399027235694,0.022807109532534765,0.0025173596108942777,1.0,60637.952204,336.315698,1719.292115745236
C98Sspw7XqnMsgxea3SLQVdbMDL8pKUc3RE82UvX9eq2,CSqgQJurPCzGxb4Cgwx5R61hWQUiaoUHcShNc8r1cKEL,6S2CR5EnukPhC914XkAns8m5GixjMAoUuZMsS5ubHuWc,168.5602700000013,167.74690199999952,0.0,0.0,0.0,1.0,814.611107,1286.421056,1286.421056
WiiQFxXqp8P9Fs1rt9SVcDyA3KUdJmUsog6wnVQAwba,3S2jpqSYxho6wiz3cafhjXruVY8cg4HYa2v3BqBHYFSj,Dfe67M6TfrG74gKRtdqys4e6E9QirPD53BkF4FujFjuv,12337.048335580002,12372.671339200995,12326.770705602645,0.9991669295849545,1.2326770705602645,0.9976076401110726,17681.968227222,9083.65511548,26729.161645949003
BSCrK1Nx9PXU9mF7STWWBqeHLxmtJDr9h7jheEy4tAWX,FfSySSbVJPvEo5a5AvrP3nySoXpRE2QPn1uUMpJJ1x7v,HL7Vcj6838ZmvBHDbQxXfjBNckNi83WvPiZQoMQLFeRM,0.00559253000000004,0.00559858000000002,18.715818923540944,3346.574613554297,0.007486327569416378,3277.08758671993,0.852774904,0.950659408,5969.26898995792
YAkoNb6HKmSxQN9L8hiBE5tPJRsniSSMzND1boHmZxe,CfWX7o2TswwbxusJ4hCaPobu2jLCb1hfXuXJQjVq3jQF,EnTrdMMpdhugeH6Ban6gYZWXughWxKtVGfCwFn78ZmY3,4671710.538339016,4673251.541992002,4671710.538339016,1.0,467.1710538339016,0.9949298375478561,930517.086124,446470.330999,1374723.7400147726
MATgk4zXLXtYkwBH678J1xZbRDZ45LicNzkRBHkxTuY,y8dALFo1bJrSzPYjMX14HJX448pXqYmrfXHD1K8MXih,GN7Yuet3UyiWS5YVkEHv6oQKi4HGBJc3XDPt9zQhAqZz,35055.267983999984,34920.70245899999,35125.58941400682,1.0020060160441202,14.05023576560273,1.0,5748.010709,8968.550333,14728.091643704029
parEAJhzYzHW87y9VoZAQ22dzQ2MD2ekEtTReaxbMcz,3oyc6hpjYSJEquK6dSvG72NXyz3pqLZz5D8AC71pwgQb,Di2vordgFJVZ1aj1aBpvzXtLfZgJsuLLXawGtVFwX6Rz,3.8001687219999383,4.479804505999482,635.7736849897884,167.30143619917905,0.2543094739959154,201.52766027595587,1104.82289552,141.851462864,213425.4505839351
SoNcU2iwHMw6dGzsYNQkYFkUjwN1UdAjrWVRnStrZu2,8ivTTid27jZnYNc4w3CTA1Z6QS2twsFb8WMwUabeDJgc,CyXm53PMvHCbeXJBykU46Rcbo28xk5srhMZFg7gv6EYB,39.360986511,38.878548564999996,8119.164421747842,206.27441386609615,3.247665768699137,201.92107712779384,13.499702976,22.110527231,7249.22479308773
Lee1XZJfJ9Hm2K1qTyeCz1LXNc1YBZaKZszvNY4KCDw,9DgFSWkPDGijNKcLGbr3p5xoJbHsPgXUTr6QvGBJ5vGN,2hNHZg7XBhuhHVZ3JDEi4buq2fPQwuWBdQ9xkH7t1GQX,1076.4141589870706,914.1251789520129,222531.34530813602,206.73394478343067,22.2531345308136,176.22906112381622,7233.32681689,56353.161491126,11426438.927703375
MARpDPs5A7XiyCWPNH8GsMWPLxmwNn9SBmKvPa9LzgA,6YjT74rmcfCpw8LSjPNx5JTmZoYLGrTKnf9arfSgZ4SR,F8GSmi3vA8M8TsybLya1LQ4n1aFHCRbZ6k437PeTdXtg,73954.87493300004,75490.53590599995,71703.59709500808,0.9695587635023178,28.681438838003235,1.0,310997.825245,23633.211466,325163.87836245215
moFiBS1R4Lf3E3zzmBPnw3NF4RhWPkhREFviuzUaCAU,44ALBrpqi9PfZkBRTvbtRNtFJGsatfY4QydjtMbFWq8S,2ho8qEEie1UjVwWNBo9y4oAJZMyMLx8zPj9bxyUz6uWs,3694.1303250920027,3680.352529366999,3671.3271212582017,0.9938271793826784,1.4685308485032806,0.9976076401110726,47342.766540715,19795.169921857,66798.34088667287
B2izdXFYb2sNwbWWHmh75T4aQFtfXsUxem9u2p61HGzf,4DYwgJtxwuJdAjkj5RJSNH4e7U329V5cNp7d3a1nLrZv,EXNW64GEf1ACC6xY9BtKRiunrs6GoJSXBdxWN2eTPmrF,4841.667198999981,4764.990328000007,4759.255923429869,0.9829787401358082,0.4759255923429869,1.0,8772.796553,31033.725189,39657.1976921357
SoN9GaFpSXfpyR5dth3x7PHPVhvJMpQqqDJfCSmPv1t,9kZ9iS68ViMPtoeqtnhAKuF2iqVyfHPdZHoUNdwCELr,BBhm5fJLjw3HRzjtKB8uMEYjGhY6EDm9co3cqpjrSzB9,6.504254033000004,6.356193378999999,1355.5708645761742,208.4129644535016,0.5422283458304697,200.2533204503697,3.230311484,6.406296303,1956.1208989533077
AURHmCnNwiW4uA2Qj1XvEh4iKgRUZYXtiY7FKAapUV5Y,BKWm4TRnTeKwfWXRyuzjRHU7iZDkPuXBX5b5V5jSVfGJ,A5Ww74HVrkj9nPeC7pHKLfgeDMEhBCpW1efQdz3TGLEg,0.00019115899999633257,6.458299981204618e-05,0.037099248966516285,194.07534548322624,1.4839699586606515e-05,176.18969004885918,289.898700601,1809.487355061,375075.206709805
KEVpg4SYCVrqFxKijQH6hm4QxsRdoE51ud64bEEFUC9,2bPenuBYfqzD8p5dFjCcggwkHDsc2RQDnx9AoyYGUBjA,AE6n6iLuX8oYu61vt5hoDYkjswpnxFxrhSehxrnQTnbx,1288.5658494440008,1293.1314686830003,1286.2786094012215,0.9982249723258099,0.5145114437604885,0.9976076401110726,5884.204602063,1742.869688786,7612.460093304661
KysFMBBoavfov2tLpvefWW6tPFt6rAeZWDJVy1mMQae,B8ka2V21TH3x64dFV8ETcjuQcwmrciJ2qzy1mJUttRew,7fSf7EYxBANyxzk2s5pymFgshA91tFYQNKKs5UnLWcYS,20.515875999999935,27.821235999988858,0.0,0.0,0.0,0.026010345875175308,134615.09772,2527.919289,65.75205505141724
RoBgmK8CvjdHvPrqdDyVw54VwjZv2TqJ493xnqJAQHx,ExiHJxM7qPAcy27NDHAF6G7vnW7muNHi2sVJpnaNynGQ,6rkPHSqZb7StM4HwS9EuVrmfkV7tRdc7dnsFhyB6cefE,20.599474000000463,7.7711959999993105,0.0,0.0,0.0,0.9701353532844903,6164.704426,20.836576,20.21429901899913
BUSD5rCfUDpCxKGMvYU2yThChxgHoioK74PTPociGnv2,CcFHbafgYDZ8yA8Me1PdtDiVb2eeaS61LbqyKKK5CsNZ,26R9s4nmF3CFDTkiePDwRmtscn8i7r2eygbSijditJ58,1409.1467781100005,1411.2489843899998,1406.6353713180492,0.9982177819720671,0.14066353713180493,1.0,82.13931649,64.53203829,146.52496460934944
