0,1,2,3,4,5,6,7,8,9,10,11
BSCrK1Nx9PXU9mF7STWWBqeHLxmtJDr9h7jheEy4tAWX,FfSySSbVJPvEo5a5AvrP3nySoXpRE2QPn1uUMpJJ1x7v,HL7Vcj6838ZmvBHDbQxXfjBNckNi83WvPiZQoMQLFeRM,0.00559253000000004,0.00559858000000002,18.67519526619329,3339.3106994854124,0.007470078106477315,3307.2173404019595,0.852774904,0.950659408,5991.717640133707
AURHmCnNwiW4uA2Qj1XvEh4iKgRUZYXtiY7FKAapUV5Y,BKWm4TRnTeKwfWXRyuzjRHU7iZDkPuXBX5b5V5jSVfGJ,A5Ww74HVrkj9nPeC7pHKLfgeDMEhBCpW1efQdz3TGLEg,0.005083460999856015,0.0054088839999622,1.0099676334740064,198.6771676821388,0.00040398705338960265,177.83506437985,289.898700601,1809.487291773,379386.5417771109
BSC8REUo9LpiiWUuqMuLXs2D2yJsJfGd4HdiF3wCLxk5,AZjEH1zWVx1UJ6udMyRijGTzPteuLnaY18yNNmprJEsh,Caf8ypkSVR8xYnXNhjvfvdGCC7mrM3C11rz8Xi6NA6aK,474.5000701419999,475.2868150850004,473.50805561323244,0.9979093479828768,0.18940322224529296,0.9999981180035419,3690.565405143,2642.690611128,6325.535354728043
KEN5P7p3asnb23Sw6yAmJRGvijfAzso3RqfyLAQhznt,9zj4aX38Uxf3h6AUjS4EipWS8mwbEofasHAf3a1uKGds,CwQDG1MWunn9cLNwcZLd8YBacweSR7ARo32w4mLua1Yr,117146.87543099956,117187.40705600008,117057.91141832162,0.9992405771613573,11.705791141832162,1.0,1803824.367516,1442232.628567,3244687.130661408
daob129AwBGn9Y5r91uLoWZeYiGzbPmksauMhFZKTze,6VW5GQNyj4LStgmxEHLr5zUfW92vQnmbw8jTnCH7a38F,4VPCCUifPeBA1c7HWK358CHn2nyjm8pdTRk6Ps3KmnMQ,14.753227842000065,13.262331206999988,2909.0760354833697,197.18234318876975,1.163630414193348,177.16018948345226,48.83762913,223.106752684,49155.55272817268
SEQV6QiTpvTzrceiaYg9Avnwf7oc8ZALpnQMz6TyT4A,3dFMPj4r9mMmPHF32mz1gNDX7f8ftidWof7S8YiYTs1j,Fc1ED3YPeQfXQosHbd8DTaBd2AV5gHQtwiSAL5C5pUhi,1577.2390909629994,1590.5210959829988,1568.4921622831873,0.994454278536508,0.627396864913275,0.9996718027487985,4694.986198824,923.592889418,5592.238881860847
AUSejoEUCh2DBs9mof6BNC8Pubs22w4cJa1ccV9h44R,4xkyD7AfGQDwsQMy9MosRRNGoVJ1zosNinesxg1TzHG7,Cbm5gsQe3nSiCsFrvepVzMCD9xLK3ri9g3ypS2hdmVJ7,4210.171309000001,4214.387767000002,4209.577758536048,0.9998590198781973,0.42095777585360483,1.0,14430.380779,14441.604482,28869.950864160117
BSCuChvaSj9b5HUSqgDVRzcnr2sSn7cXaamt1jbKH6hn,GnKpRj5kBVPMJfiwZtEuD9GYApLzPdW5JFuZTcyX4BTc,3dmwD9okkomV9nDwyuh4UMhKdUR13QpuKxRo89ycZB5t,589.0065102359999,589.0201653849999,588.7327954072936,0.9995352940520188,0.23549311816291746,0.999520230289461,1587.700239117,1517.511995917,3103.7463649982506
Cob4usZcpHEY7Qt4ZCwj6WVg9S44zvzYV2v9qYF65dTf,NhFM9UXE48PyNAyeyPYA3iXztqKVJwA4bTdLj4ysM8w,6TuFuynuBoeskxyR2cz4wxyidk8dpDK7kAWw3UkjQGx,324.4801980000002,19866.309580000016,6.956978655994794,0.021440379717700953,0.0027827914623979174,1.0,61215.23298,323.569835,1636.0476745987305
BSCNHw8CmxbZ8hCWWzMf5FaG2ajPT6JxfznKUNuRVrn4,7n9kgNL633yGzCYksgnzHyjG73ZLBAwvEae5sbAekbzW,SscdxE99omdG9AiMVwmaEMQySQnCgeAh1sPj2Leutm2,239.74389198100016,239.38007839800048,240.08421447611485,1.0014195251954183,0.09603368579044594,0.9999981180035419,5205.553043554,6480.8160563,11693.746316682547
MATgk4zXLXtYkwBH678J1xZbRDZ45LicNzkRBHkxTuY,y8dALFo1bJrSzPYjMX14HJX448pXqYmrfXHD1K8MXih,GN7Yuet3UyiWS5YVkEHv6oQKi4HGBJc3XDPt9zQhAqZz,33398.805078000005,33299.674465,33416.047758643464,1.000516266393459,13.366419103457387,1.0,7225.91782,7484.177275,14713.825593532361
SoNcU2iwHMw6dGzsYNQkYFkUjwN1UdAjrWVRnStrZu2,8ivTTid27jZnYNc4w3CTA1Z6QS2twsFb8WMwUabeDJgc,CyXm53PMvHCbeXJBykU46Rcbo28xk5srhMZFg7gv6EYB,94.82743867300002,95.06329528299999,19845.80808984955,209.2833927349363,7.938323235939821,205.65193204848862,15.58650846,19.989069992,7372.788235107854
ercAoEmXjQzEvAFbdjAo81KtMxRGn9AW1ju882upmPH,CMRhskR2Eg6V42RTSdRTXGdozyPbWB8U9dVpijPWb9T4,7TKLLgrWswt6ZJ1pXhVR3FyufHGjJFqiEXxvWJfDcgRm,1.1855844359999423,1.1746534199998564,210.5194027179204,177.56592978581463,0.08420776108716817,174.6617195481222,394.114605279,920.427286816,230744.73896283016
SUiuyGR7SFq3xeRVJonq84fjjeFwRSsFekcevJ53tzy,49GjCCPsv7fBqo6t3iKDrP1xxGDS8uWZbVCdfnp2gjMf,CEwj5xEbbJEjYqM8D6Ai8ByGz1mrh8mkAVsE5fzDSSSx,60.602526000000054,28.41630299999996,1.2993411692918457,0.021440379717700953,0.0005197364677167384,0.972420217783232,553.419278,2.929002,14.713740226143425
7dwD9TF6uikvHXxPFK9AsSim54yJoujQjY9vU6gNFumk,CquVr6atkvwueDYficKjn6SSEWq4F4rH4VSiBbW4GBWU,8BCa6ge3b7ho3TfZuM64Vk1hgbrJ3J7EPiAb9uP86CGd,5.330100000000039e-05,5.339699999999973e-05,0.011120993935312162,208.6451273955851,4.448397574124865e-06,209.12006042733267,0.00388712,0.003620659,1.5681810764686928
SAMGk1Nd4haC8zQA63DG37pzuEZy8j4q13tSFtCbcRE,9U9TnkHD3jXMAVZtynCVLgDruuqN4pTvLJTmVHCLWS8g,C6zoEbvqSknmi96QWq96UBiPCyNW3YSTvKhavR2BfifE,0.6951512399999992,0.3838237800000017,0.8435564368161995,1.213486200234931,0.0003374225747264798,0.0,54.51810617,0.7616187,66.15696950023785
HDSBGqAuMRr6X2AfmmbXQPpRgU6VEhtfNVVZ3wUTZXg,DCZ1d8kNLgDcdSd99y4udLgwq46mfDXNS9KXj96kQf5L,Fq8GGYQM5Pz3q7LmVMbrXHJgsxA5ev86kTq8yGgGuYsa,2078.0265307049995,2081.9563579919995,2066.8525224477107,0.9946227788278055,0.8267410089790842,0.9999981180035419,15144.573371283,14287.391283711,29350.502045598292
YAkoNb6HKmSxQN9L8hiBE5tPJRsniSSMzND1boHmZxe,CfWX7o2TswwbxusJ4hCaPobu2jLCb1hfXuXJQjVq3jQF,EnTrdMMpdhugeH6Ban6gYZWXughWxKtVGfCwFn78ZmY3,7049039.577586979,7051147.189352027,7049039.577586979,1.0,704.9039577586979,0.9996081536037874,1004558.780689,369823.2343,1374237.101087404
HEDSDjj84KS7LKhZY7ejkCACTdPen62rKhCby1wXtgxc,EnnjMSFttpCTywBrYNt1J5QQeoSVkvzPipJDa8Y7kJow,6bjVT6JN2rSvpyn9PdfLYC8wJn4LWh49jpY47fnLDXZk,10.444970446998923,10.78633393599739,10.120997969966172,0.9689829206624673,0.0040483991879864695,0.9999981180035419,39102.363221805,9119.055349818,47008.56030725738
ALLwa5WNZbvQsRKAqe1jdRGemdYQnW8E5k4msbRFcYtu,CGoM82Hbz7QVqTgvQatYtjvDWBvoUJp5qm21P8iMs9yb,3dxNNww8TivyN5FMy5dCNdi3Zcxv6e4kUfSPxfFwpdNq,2.943914238999999,2.9443296269999966,9736.067622002032,3307.1845276679055,3.8944270488008135,3279.0325542351984,5.105917261,3.521033333,28431.793488585958
wrmcMSHFi3sWpAEy4rGDvQb3ezh3PhXoV2xNjgLBkKU,8p4mGnARWPBu6P2Gcw4adodLkNDorrXniZMhaY7eJXUn,AyY89zccbsgp9LKFgH4CFZMJmpSgqmPSdTfukhP227rc,0.00529890999999999,0.05438969000000071,1.723783344176965,325.30904359141186,0.000689513337670786,3327.122704285334,27.10015652,0.09391049,9128.377722148325
WiiQFxXqp8P9Fs1rt9SVcDyA3KUdJmUsog6wnVQAwba,3S2jpqSYxho6wiz3cafhjXruVY8cg4HYa2v3BqBHYFSj,Dfe67M6TfrG74gKRtdqys4e6E9QirPD53BkF4FujFjuv,18479.923520259,18519.836093834,18428.637212612688,0.9972247554168671,1.842863721261269,0.9999975520059926,21380.59651079,5390.448101772,26711.69503212663
7oAd7xG4m3oC2qeWB1szghTebAZyyGPAFDJ4wwwbRSNi,D9yh4KAysxt9GLacVe4Wwh2XqghhcjTCSTV9HuM7TBJd,HDYfJLpZKaMFb84jM4mRytn7XLR8UFZUnQpSfhJJaNEy,14.191804800997488,0.3234310000000278,14.191778092071118,0.9999981180035419,0.0056767112368284476,0.02281714562438385,956.333221611,300032.573678957,7802.218347486703
RoBgmK8CvjdHvPrqdDyVw54VwjZv2TqJ493xnqJAQHx,ExiHJxM7qPAcy27NDHAF6G7vnW7muNHi2sVJpnaNynGQ,6rkPHSqZb7StM4HwS9EuVrmfkV7tRdc7dnsFhyB6cefE,20.451501000000462,0.4014610000000012,0.0,0.0,0.0,0.9735572125499313,6172.074161,20.688603,20.141538668232148
MARpDPs5A7XiyCWPNH8GsMWPLxmwNn9SBmKvPa9LzgA,6YjT74rmcfCpw8LSjPNx5JTmZoYLGrTKnf9arfSgZ4SR,F8GSmi3vA8M8TsybLya1LQ4n1aFHCRbZ6k437PeTdXtg,87331.00799399996,89494.62152600038,85021.73271181437,0.9735572125499313,34.00869308472575,1.0,307507.618111,27045.40745,326421.6669760139
Lee1XZJfJ9Hm2K1qTyeCz1LXNc1YBZaKZszvNY4KCDw,9DgFSWkPDGijNKcLGbr3p5xoJbHsPgXUTr6QvGBJ5vGN,2hNHZg7XBhuhHVZ3JDEi4buq2fPQwuWBdQ9xkH7t1GQX,1980.0726925737981,1681.7330704940296,414193.75075149315,209.1810832526069,41.41937507514932,177.74857961110033,7228.847153446,56358.411484522,11529765.668737067
4vezWG46exH6pf9nry3n1VJ7hZHvjBJNgNeF4qEFCML5,,,0.3024249999999995,0.30197499999999877,0.0,0.0,0.0,177.74857961110033,7228.847153446,56358.411484522,10017627.59051171
BUSDgu5JdqP1rndBvXvanbEufS94FNh1w5FJcAj6vawb,Bgzr8cWubt89JQFXndVjtdKmDbGzuPxNhvjH1EhWCwbo,Dxaf8xPBBQsasRKW5Aa4Sw2YrbfGofY9xZueyyF23FBW,22819.685582240007,22689.83409723001,22954.92521277885,1.005926445833421,9.18197008511154,0.9998937013006147,4863.91247122,10105.530056,14997.194036317633
FrnkTEL6yZ5Aycq2TrEgu29dCrwKG4LPUZydfiwqspkc,DjvZuMZ46fxKBoBpGMPcRcos4xdTtHFxwMh69DpA2ZFY,9rvDPJLAng4uVVqnnSoEXgNDFhBZQTny9AoQioYDZbQX,1529.680142611993,1283.687952573002,322681.3854093875,210.94696624511025,129.072554163755,177.6432741858209,179.427329212,1457.08444335,296690.9020406523
SAMyS8Jr2HJrkFwYVKbpUwsNStnQmvz3f8Tup8bWUWF,6jPzm5TFfquvgm25sTyN3MMGBfufRaFHMxobDWv6hMFW,Cj9ECoDmxsHTDzCY5ZA6RWrPbg9uFzEC1Qc2kso2vJG6,2277.6291437100044,129.43214785999612,2277.4520490386712,0.9999222460461475,0.9109808196154686,0.025939447511427446,535.5585761,106600.6714232,3300.6794553682084
SERgf3DMJpQxUifu7VoFKmfne73d2fDJxSrxUMrcNJB,AJfM2GZ2tTB8UtN2krcyR9xufRJEx2mhSCbJyMgPo3GU,F4yRYkufQvERZcEKnKjJwRLU1btiMBUuEwq46hfm11QD,6.401400000299873e-05,6.401400000299873e-05,0.011316467941623814,176.78114070505976,4.526587176649526e-06,177.36698008594496,29.276090844,27.967232972,10135.924388390984
C98Sspw7XqnMsgxea3SLQVdbMDL8pKUc3RE82UvX9eq2,CSqgQJurPCzGxb4Cgwx5R61hWQUiaoUHcShNc8r1cKEL,6S2CR5EnukPhC914XkAns8m5GixjMAoUuZMsS5ubHuWc,287.46590000000106,286.13957999999957,0.0,0.0,0.0,1.0,814.58719,1286.440837,1286.440837
STK75uPSyBnEhGTTzb1nwmP3n427XoXmfRhXxxhyady,6TYyD5fUmDe6N65avW1Ny2RxzRNobw2RRgKwH9CTzSAU,54zDfk4cx2vGrEajPtodWpArNe5eUurytyxd4X3aZAxK,738.4905119060003,820.689280615993,131044.03098854078,177.44849646114463,13.104403098854078,198.63663757434472,2650.568940232,482.412322104,566164.2347979482
KwnjUuZhTMTSGAaavkLEmSyfobY16JNH4poL9oeeEvE,J63v6qEZmQpDqCD8bd4PXu2Pq5ZbyXrFcSa3Xt1HdAPQ,BnKQtTdLw9qPCDgZkWX3sURkBAoKCUYL1yahh6Mw7mRK,587.993391,22385.160404000373,15.226379340968482,0.025895494020898753,0.0015226379340968483,1.0,274260.08158,650.181124,7752.281426726094
moFiBS1R4Lf3E3zzmBPnw3NF4RhWPkhREFviuzUaCAU,44ALBrpqi9PfZkBRTvbtRNtFJGsatfY4QydjtMbFWq8S,2ho8qEEie1UjVwWNBo9y4oAJZMyMLx8zPj9bxyUz6uWs,0.0013974040011817124,0.0013974040011817124,0.00138585121561575,0.9917326803442722,5.543404862463001e-07,0.9999981180035419,49581.223766691,17570.490491606,66741.77736489472
JSoLLrxK5bYdHwTEWYaGgmeycBCNXKDiBCTw5hXGBg7,xG4wXczA7Dk4hccJ61CHKpDHW4NrNfQwgmWgkb9BuF2,BVR6WgfhsRr9Lob4QDnkEAiNGgAbv7ZieKcY9kSg3QYR,39.02691699200011,33.26960922800002,8041.9618315608805,206.06192985239784,3.216784732624352,177.25471094276642,17.489383731,163.342671122,32557.15411788846
KysFMBBoavfov2tLpvefWW6tPFt6rAeZWDJVy1mMQae,B8ka2V21TH3x64dFV8ETcjuQcwmrciJ2qzy1mJUttRew,7fSf7EYxBANyxzk2s5pymFgshA91tFYQNKKs5UnLWcYS,15.089724999999817,20.45150100000319,0.0,0.0,0.0,0.025907704941086396,134607.727985,2533.34544,65.63316617336669
DFWzVTzNBrQZLjoQ4yQwkj9HuoXmfkuZP9V5vbymZe23,DhgiEgiNdqZdRdo195UUHnoEJUtefK8buko8nU97XJUZ,2K2kkXsouBHtWVjtcgkyiXd8eP3oVBvq1bTJzcVdLLr2,303.7052445199997,354.9602643690041,260.5996070999762,0.8580675236999902,0.10423984283999048,0.9999971180083059,60718.413677052,8101.305770547,60201.781289510676
CZgvH45CRmoaNJ7395Ao5CQZXkGznvqU7cErD6n7FaRg,4ZjU6MKvtqVQKCiowhvZ5yUsPxXX5SCzd5eFsPeXyey5,BsyWeshjDbCvjDojry3vKDCesmFRM37WtwcR4Kfgzqr,1.3661557699999776,1.3753040000000283,1.3753080185177273,1.0066992715755612,0.0005501232074070909,0.9998937013006147,339.74020149,463.46302668,805.4299745279682
SoN9GaFpSXfpyR5dth3x7PHPVhvJMpQqqDJfCSmPv1t,9kZ9iS68ViMPtoeqtnhAKuF2iqVyfHPdZHoUNdwCELr,BBhm5fJLjw3HRzjtKB8uMEYjGhY6EDm9co3cqpjrSzB9,14.950863753000013,14.705850305000006,3088.4235330887414,206.57157901455855,1.2353694132354966,206.1829737811545,3.701332988,5.922620647,1985.733737365959
parEAJhzYzHW87y9VoZAQ22dzQ2MD2ekEtTReaxbMcz,3oyc6hpjYSJEquK6dSvG72NXyz3pqLZz5D8AC71pwgQb,Di2vordgFJVZ1aj1aBpvzXtLfZgJsuLLXawGtVFwX6Rz,6.70667370399994,7.920866462999356,1162.4082596530664,173.3211292148882,0.4649633038612266,203.7368184825152,1104.39308865,142.216356908,220389.36531454592
KZMu9QBEdL97EFgamLbN5DE1AoKBG4HdrKKJo4Vuon3,DD4ACBWyVqdaKWh7v5btsgqQCCMwbKnuL2xd9pv7Gyuw,GcYqiJ1MAuYbNTNYXm1F1gQYTfTgkErACAhNU5dpVj9T,68.11666754000021,68.14328551000062,68.11137119977572,0.9999222460461475,0.02724454847991029,0.9998937013006147,2064.48923592,2024.7546017,4088.8680866384857
KEnkcdADoLR5jS2CLLLesy8TtFsyWL37BhXNfDMzWzP,3qsjFRuw1qeLMPo4DLwaQevenGAGBj9dA3Q6rb8ax2YR,77iEv8zPQAEyCcEbvBRSB6AFcUdfkhiqnAKtPxk76rNN,17.925884999999994,0.232302,0.3843377811758396,0.021440379717700953,0.00015373511247033586,0.9992315909065929,102.190731,0.52247,2.7130766055704014
BkwbeSfcX1h4thMDd7obGkHrPevf3QwgzJ4pCEqG18Lu,35yX27bmurdebhfAb8EPmjLETDiUaEUCn9zHaDPbakH2,2CxECn1ZJFoESyUnQysQU8rRgT3iJ5GRs2Mdd6gZjx5g,0.11587927000000064,0.07066553000000031,235.91536879822607,2035.8720657993854,0.09436614751929043,1272.264631043257,0.85034943,22.71720481,30633.49884663418
GokA1R67GqSavkd15zR62QD68Tuc5AEfvjssntVDEbM8,3YB7hfpBdbQEuZqLGWVDpRPmeZWCUsrrWyqGXegnQ6Cg,4DPCj6Z1DsG6HUtwSogBGqXEUxdEV5a8YVrrFtcnz7UW,62322.13767400001,62341.065308,62306.93478191323,0.9997560595214768,6.230693478191323,1.0,31290.403147,18232.069354,49514.83950508314
Sid7E679i9ABqptiAVhkmQ27YHN8vaYT4fppPwmxFsJ,GP7KB8o1bv527HG8kTzzzf4wJ5aEGHvcMQvVhLziUfmT,9gYxhAZ1M9wu5pxr8SBoa5NDm21gi3s9vMHaYTME77sa,39357.206880000005,57000.69038000003,843.8334601353125,0.021440379717700953,0.33753338405412503,0.02597056885284751,102620.023189,28548.089055,2941.6223762315367
RajgMbScQbqqrdJfR2rxfHJiTiY5b6bJ2tTXiF4aPxy,725ZA3fhyBAKb5iopNRrcbSuQa3LXA1656Q3mBvYPxeg,GLA6i1dSZpUfk2f9Nj8uiG7xyDdAR2reff8oEiZH3617,5177.155617609998,5183.710159440001,5170.741829444755,0.9987611366860547,2.0682967317779024,0.999834867273321,121657.04929143,60191.15496178,181687.54826841922
ionytDfEj1mXodptgrsKEZro7DGsfpzANUfarJdm6Qb,3gkSjY95an9xNFSjCfsay6JZez7uv7yfW3Ad4ubc4fMK,9wXqANaSuEqkKL9yHzCPEDGHwbkStVAqV5rB3QDs3Jr6,0.20676999899999968,0.20680661099999967,165.67179645372428,801.2371100979913,0.06626871858148972,3307.2173404019595,3.176817521,0.077958215,2803.2088503094883
MATSnbbiTCv7Dc3trJrkrqjx7ckKdr6fwPoVwv9q3sD,631WX9JizSHJm4w6VanZeJAst9T8DeUUnPLesdGkCVtK,211maUSfpnXbPuW1iBu8b4dtJv5EbN1j7JJiEX5TZKEP,27627.76409400002,27599.599242000022,27565.16360744751,0.9977341457549905,11.026065442979004,0.9998420249600563,20698.87458,31435.784281,52082.79215888854
BUSDTd9WiT6uBHJRgNvFXBsA7JrifsAtWzKfioN7ERcy,DyBxrn7gSc1EwnpWhDyhzvMHPtxpmBqRqotapLcKcfTM,Cds99GeBgoCpqBsoRWu1C6fF9LiUMd4pXQQD24s9LPff,86762.47347005013,86873.12040893995,86748.12359544497,0.9998346073592506,8.674812359544497,0.9958473166894052,2840.05614173,2718.51688723,5546.814164867672
Lid8SLUxQ9RmF7XMqUA8c24RitTwzja8VSKngJxRcUa,4PgzyzLtds9bKZ2to9PMnKqJzKEUpjvNUaeN23phegax,AtymwxoVN9peZo7EXTcDz9jKVc4vRmisJKKrNfe3ewBa,116.07359941999857,98.83794120899915,24114.464307565,207.75149929063252,2.4114464307565,177.2532656698534,993.335077696,7668.994291929,1565721.1343372012
NorjjEePhxfwLF4vZjUHCrVVKLzQjEEGQFd3wgjEJmh,34M8pFVqgbV7aqHxvRT5tCv3vu2P1JJYT8J3VaxBK2oG,3AZWBSze3ucsY3xSeuLne3b2pauVqiaJ1SZSV5T9WGWw,0.02079399999956877,0.0014040000000932196,0.01235659539344458,0.5942385011878828,4.942638157377833e-06,1.0,38109.866632,2266.808854,24913.158881869786
KEVpg4SYCVrqFxKijQH6hm4QxsRdoE51ud64bEEFUC9,2bPenuBYfqzD8p5dFjCcggwkHDsc2RQDnx9AoyYGUBjA,AE6n6iLuX8oYu61vt5hoDYkjswpnxFxrhSehxrnQTnbx,1442.5803992100002,1447.7742215630005,1439.1133635675017,0.9975966430402096,0.5756453454270006,0.9999971180083059,5973.027852792,1654.215826697,7612.883593991697
BkMBnJpvHKtWhUvrgRrLesXfi9RUV3ELgdBaJcdH7hcY,5uerVwBnZQsuVhZ15igs7ZgmcqhHnYWbwoRtLyRqLvR,9YWiQh5d4jCtgMdzcGLv9bWgnLaFtzvDDh2nnhJdzhBX,439.38278875100013,438.7708745470002,440.99603648269675,1.0036716224963715,0.17639841459307873,0.999997417006672,1116.66192726,1756.712877507,2877.4702282423277
ALBpShJ9NLpE739pcHDF2LNVk5J4VYPvvKuV6jMPitZi,D6d156U1bPiJpDYRLextvDRccgFk7QzkQbJg42ceKEu5,GNcM8U5g8RwTZffwwm3kSQqUNPSwv5d2fbN9sLxPJqt2,14231.779696000012,14251.696262000012,14206.520502546484,0.998225155673213,5.682608201018594,0.9996681101874177,55153.478152,45144.079353,100184.6858071637
B2izdXFYb2sNwbWWHmh75T4aQFtfXsUxem9u2p61HGzf,4DYwgJtxwuJdAjkj5RJSNH4e7U329V5cNp7d3a1nLrZv,EXNW64GEf1ACC6xY9BtKRiunrs6GoJSXBdxWN2eTPmrF,10299.864400999997,10141.599246000005,10352.132317068876,1.0050746217652928,1.0352132317068878,1.0,8585.185419,31224.219197,39852.97118478633
ZUCKWFa4LTL833dPhhpeeRWZcaAEoMeYJPi2iKn4F8N,7eEYpq6ShaJ9opZWMxitRFrdCHh6vfyHhGfoSvFht3N2,H8VggnHmuwd1wvwpT8eg9cUJFEfZ7HAaeYjgXrSm7A2u,0.001396785999986605,0.001396785999986605,0.0014014866014642688,1.0033652982473398,5.605946405857075e-07,0.9999981210035306,1647.927284107,2199.415182552,3852.884100766586
vEnkoSUkpnbRrPgBz9DfcVxNz67zjwMYBZraAvDDNSf,DtfyjjsZ5yCjWKLKHvwsfXs5QVsmm1QkK6Sh9JZHoq1g,e5wrKCRv4GhHvEf1VD5Pq2KGaZDXP77nTL612Jyrxwy,7710.087820000004,7708.538053999999,7711.4835985313375,1.0001810327669307,0.7711483598531338,0.9998940112348091,886.523693,1053.17397,1939.746528228482
BUSD5rCfUDpCxKGMvYU2yThChxgHoioK74PTPociGnv2,CcFHbafgYDZ8yA8Me1PdtDiVb2eeaS61LbqyKKK5CsNZ,26R9s4nmF3CFDTkiePDwRmtscn8i7r2eygbSijditJ58,1363.0551901699996,1366.4226892599997,1360.587845747008,0.998189842611814,0.13605878457470083,0.9996529904574225,80.21488263,66.41224193,146.45887731587118
heyk4SZTeCUV6a65WiVA5bzic3KcxgVf1qxobfeV4tQ,9ZDpBKPqMABtGfq66FbVribaArMvtk63xxy91onZAtDt,DaTP4s6N7xxSPinbNZ3FB52EpRDRt87QShTuN3VPCW52,69.65652936000083,60.303707237999106,14156.947800208573,203.23935071531108,5.662779120083429,177.3432631373229,630.253038505,4467.165982289,920314.0106072838
