0,1,2,3,4,5,6,7,8,9,10,11
vEnkoSUkpnbRrPgBz9DfcVxNz67zjwMYBZraAvDDNSf,DtfyjjsZ5yCjWKLKHvwsfXs5QVsmm1QkK6Sh9JZHoq1g,e5wrKCRv4GhHvEf1VD5Pq2KGaZDXP77nTL612Jyrxwy,2634.095012999999,2632.7656979999997,2624.327266912551,0.9962918019132788,0.2624327266912551,0.9995941647691038,696.078875,1245.938632,1938.930662855118
BkwbeSfcX1h4thMDd7obGkHrPevf3QwgzJ4pCEqG18Lu,35yX27bmurdebhfAb8EPmjLETDiUaEUCn9zHaDPbakH2,2CxECn1ZJFoESyUnQysQU8rRgT3iJ5GRs2Mdd6gZjx5g,0.004045510000000974,0.0025431399999999993,7.849719618916455,1940.3535324136058,0.0031398878475665825,1234.567901234568,0.84990925,22.71793275,29695.954971024054
Lee1XZJfJ9Hm2K1qTyeCz1LXNc1YBZaKZszvNY4KCDw,9DgFSWkPDGijNKcLGbr3p5xoJbHsPgXUTr6QvGBJ5vGN,2hNHZg7XBhuhHVZ3JDEi4buq2fPQwuWBdQ9xkH7t1GQX,2566.568402948821,2174.937450452965,521290.4673207057,203.10795797290135,52.12904673207057,171.62331976479368,7157.072966623,56443.425293206,11140666.503029987
DFWzVTzNBrQZLjoQ4yQwkj9HuoXmfkuZP9V5vbymZe23,DhgiEgiNdqZdRdo195UUHnoEJUtefK8buko8nU97XJUZ,2K2kkXsouBHtWVjtcgkyiXd8eP3oVBvq1bTJzcVdLLr2,3747.0751345890003,4548.429350753009,3051.0933912068413,0.8142599978960662,1.2204373564827364,1.0,61863.49356479,7143.73553955,57516.703679459206
MATSnbbiTCv7Dc3trJrkrqjx7ckKdr6fwPoVwv9q3sD,631WX9JizSHJm4w6VanZeJAst9T8DeUUnPLesdGkCVtK,211maUSfpnXbPuW1iBu8b4dtJv5EbN1j7JJiEX5TZKEP,26737.917772999983,26733.718263,26684.522044389163,0.9980029960049941,10.673808817755667,0.9990139732084432,23161.81832,22337.286155,45430.82506868386
KEVpg4SYCVrqFxKijQH6hm4QxsRdoE51ud64bEEFUC9,2bPenuBYfqzD8p5dFjCcggwkHDsc2RQDnx9AoyYGUBjA,AE6n6iLuX8oYu61vt5hoDYkjswpnxFxrhSehxrnQTnbx,198.98802688899946,199.17084912300015,198.66423537562218,0.998372809065754,0.07946569415024887,0.9997601635353289,5829.967645838,1798.441006097,7618.490849701922
daob129AwBGn9Y5r91uLoWZeYiGzbPmksauMhFZKTze,6VW5GQNyj4LStgmxEHLr5zUfW92vQnmbw8jTnCH7a38F,4VPCCUifPeBA1c7HWK358CHn2nyjm8pdTRk6Ps3KmnMQ,28.807463765000435,25.784367778999986,5486.3762227593315,190.44981771095698,2.1945504891037326,170.87588071564872,48.690670401,223.301171824,47429.91370235714
ercAoEmXjQzEvAFbdjAo81KtMxRGn9AW1ju882upmPH,CMRhskR2Eg6V42RTSdRTXGdozyPbWB8U9dVpijPWb9T4,7TKLLgrWswt6ZJ1pXhVR3FyufHGjJFqiEXxvWJfDcgRm,18.324424796000017,18.333775575999994,3136.4399862522937,171.16171564287998,1.2545759945009176,169.9991024047393,903.873814117,883.577922381,304916.04645835375
SAMyS8Jr2HJrkFwYVKbpUwsNStnQmvz3f8Tup8bWUWF,6jPzm5TFfquvgm25sTyN3MMGBfufRaFHMxobDWv6hMFW,Cj9ECoDmxsHTDzCY5ZA6RWrPbg9uFzEC1Qc2kso2vJG6,1352.2870858600072,34.40045177000047,1349.4446965179434,0.9978980873427065,0.5397778786071774,0.025168140164795443,527.44363985,106921.5439421,3217.3514039584984
wrmcMSHFi3sWpAEy4rGDvQb3ezh3PhXoV2xNjgLBkKU,8p4mGnARWPBu6P2Gcw4adodLkNDorrXniZMhaY7eJXUn,AyY89zccbsgp9LKFgH4CFZMJmpSgqmPSdTfukhP227rc,0.006973150000000802,0.015774769999999855,2.133114102172163,305.90394616090543,0.0008532456408688652,3501.6457735135514,27.1627454,0.08811228,8617.728999280625
C98Sspw7XqnMsgxea3SLQVdbMDL8pKUc3RE82UvX9eq2,CSqgQJurPCzGxb4Cgwx5R61hWQUiaoUHcShNc8r1cKEL,6S2CR5EnukPhC914XkAns8m5GixjMAoUuZMsS5ubHuWc,56.07934399999999,54.36533699999973,0.0,0.0,0.0,1.0,883.32626,4093.652993,4093.652993
MARpDPs5A7XiyCWPNH8GsMWPLxmwNn9SBmKvPa9LzgA,6YjT74rmcfCpw8LSjPNx5JTmZoYLGrTKnf9arfSgZ4SR,F8GSmi3vA8M8TsybLya1LQ4n1aFHCRbZ6k437PeTdXtg,40689.614654,43309.64799099945,37943.70463684108,0.932515703564448,15.177481854736435,1.0,320504.168987,14632.435147,313507.6057852511
ALBpShJ9NLpE739pcHDF2LNVk5J4VYPvvKuV6jMPitZi,D6d156U1bPiJpDYRLextvDRccgFk7QzkQbJg42ceKEu5,GNcM8U5g8RwTZffwwm3kSQqUNPSwv5d2fbN9sLxPJqt2,17797.958027000022,17757.232170999996,17683.0535450642,0.9935439514037784,7.073221418025679,0.9977988557242723,43844.355051,56479.880518,99916.85391642476
ZUCKWFa4LTL833dPhhpeeRWZcaAEoMeYJPi2iKn4F8N,7eEYpq6ShaJ9opZWMxitRFrdCHh6vfyHhGfoSvFht3N2,H8VggnHmuwd1wvwpT8eg9cUJFEfZ7HAaeYjgXrSm7A2u,0.0013916610000705987,0.0013916610000705987,0.001393936731420759,1.0016352627184673,5.575746925683036e-07,0.9998804093036452,1805.111925129,2042.026524055,3849.8460740438372
heyk4SZTeCUV6a65WiVA5bzic3KcxgVf1qxobfeV4tQ,9ZDpBKPqMABtGfq66FbVribaArMvtk63xxy91onZAtDt,DaTP4s6N7xxSPinbNZ3FB52EpRDRt87QShTuN3VPCW52,28.85023985600219,25.16714628699947,5672.738941938218,196.6270980848717,2.269095576775287,171.52982303268158,634.193822075,4462.721167438,890189.4629528029
SEQV6QiTpvTzrceiaYg9Avnwf7oc8ZALpnQMz6TyT4A,3dFMPj4r9mMmPHF32mz1gNDX7f8ftidWof7S8YiYTs1j,Fc1ED3YPeQfXQosHbd8DTaBd2AV5gHQtwiSAL5C5pUhi,1190.2268637910008,1187.2699661499996,1192.1516653760018,1.0016171720228784,0.4768606661504008,0.9986667798489016,1305.517083819,4317.00836968,5618.8811766514245
WiiQFxXqp8P9Fs1rt9SVcDyA3KUdJmUsog6wnVQAwba,3S2jpqSYxho6wiz3cafhjXruVY8cg4HYa2v3BqBHYFSj,Dfe67M6TfrG74gKRtdqys4e6E9QirPD53BkF4FujFjuv,8279.502716467,8292.692039115998,8270.2082842378,0.9988774166097303,0.8270208284237801,0.9988153380883996,18376.532967801,8401.682631744,26747.633255457422
B2izdXFYb2sNwbWWHmh75T4aQFtfXsUxem9u2p61HGzf,4DYwgJtxwuJdAjkj5RJSNH4e7U329V5cNp7d3a1nLrZv,EXNW64GEf1ACC6xY9BtKRiunrs6GoJSXBdxWN2eTPmrF,4460.370512999994,4396.435573999994,4302.142031233267,0.9645257089505093,0.4302142031233267,1.0,9432.680748,30367.1967,39465.25978576852
NorjjEePhxfwLF4vZjUHCrVVKLzQjEEGQFd3wgjEJmh,34M8pFVqgbV7aqHxvRT5tCv3vu2P1JJYT8J3VaxBK2oG,3AZWBSze3ucsY3xSeuLne3b2pauVqiaJ1SZSV5T9WGWw,5.960561999998845,10.03634399999828,3.534455318260053,0.5929735012001784,0.0014137821273040212,1.0,38120.278942,2260.681702,24864.99697296517
KZMu9QBEdL97EFgamLbN5DE1AoKBG4HdrKKJo4Vuon3,DD4ACBWyVqdaKWh7v5btsgqQCCMwbKnuL2xd9pv7Gyuw,GcYqiJ1MAuYbNTNYXm1F1gQYTfTgkErACAhNU5dpVj9T,249.67991774999973,250.2475401099996,249.155112370609,0.9978980873427065,0.09966204494824361,0.9995172531570703,2334.54638598,2055.38624638,4384.033388540829
moFiBS1R4Lf3E3zzmBPnw3NF4RhWPkhREFviuzUaCAU,44ALBrpqi9PfZkBRTvbtRNtFJGsatfY4QydjtMbFWq8S,2ho8qEEie1UjVwWNBo9y4oAJZMyMLx8zPj9bxyUz6uWs,1868.466602037999,1869.4487388460075,1868.0239793601615,0.9997631091305808,0.7472095917440646,1.0,35686.263385711,31423.308236689,67101.11787244023
parEAJhzYzHW87y9VoZAQ22dzQ2MD2ekEtTReaxbMcz,3oyc6hpjYSJEquK6dSvG72NXyz3pqLZz5D8AC71pwgQb,Di2vordgFJVZ1aj1aBpvzXtLfZgJsuLLXawGtVFwX6Rz,6.251096030000014,7.3344230459999835,1042.307953833022,166.74003228087025,0.4169231815332089,194.84407505471708,1103.214862776,143.232043621,211857.9968895367
BUSDgu5JdqP1rndBvXvanbEufS94FNh1w5FJcAj6vawb,Bgzr8cWubt89JQFXndVjtdKmDbGzuPxNhvjH1EhWCwbo,Dxaf8xPBBQsasRKW5Aa4Sw2YrbfGofY9xZueyyF23FBW,12667.147912860011,12595.33096459,12742.613620933402,1.0059575927108877,5.097045448373361,0.9999986200019043,4593.90776162,10397.9034891,15019.165533028103
MATgk4zXLXtYkwBH678J1xZbRDZ45LicNzkRBHkxTuY,y8dALFo1bJrSzPYjMX14HJX448pXqYmrfXHD1K8MXih,GN7Yuet3UyiWS5YVkEHv6oQKi4HGBJc3XDPt9zQhAqZz,23650.816841999997,23639.719893999987,23675.581500249256,1.0010470952616437,9.470232600099704,1.0,6682.566019,8095.151362,14784.714664214116
FrnkTEL6yZ5Aycq2TrEgu29dCrwKG4LPUZydfiwqspkc,DjvZuMZ46fxKBoBpGMPcRcos4xdTtHFxwMh69DpA2ZFY,9rvDPJLAng4uVVqnnSoEXgNDFhBZQTny9AoQioYDZbQX,260.89741004099915,219.01916097399973,53158.253026219805,203.75155513374457,21.26330121048792,171.75661675190375,176.429275182,1440.491623346,283361.7068748185
BerKDkt6v49dT1bHRedgnpsJS263C1DSJtEGvY9Mg35V,78XKqNb8wbfsMMrvo8WPUpdx7GEkfQutpNVH943aCGFa,DKYQwn4nDvFHCszi5tXbqfVMAP7DaXXp1KGTXEnYnKVH,0.0013870610000594752,0.0013870610000594752,0.0014123047570182665,1.0181994569508543,5.649219028073067e-07,0.9998539863231073,1339.269355658,5107.72949222,6470.627024498164
AUSejoEUCh2DBs9mof6BNC8Pubs22w4cJa1ccV9h44R,4xkyD7AfGQDwsQMy9MosRRNGoVJ1zosNinesxg1TzHG7,Cbm5gsQe3nSiCsFrvepVzMCD9xLK3ri9g3ypS2hdmVJ7,1293.7395419999993,1293.6360539999969,1293.2752561830296,0.9996411288347483,0.12932752561830296,1.0,14398.613647,14474.293316,28867.739715742493
BUSD5rCfUDpCxKGMvYU2yThChxgHoioK74PTPociGnv2,CcFHbafgYDZ8yA8Me1PdtDiVb2eeaS61LbqyKKK5CsNZ,26R9s4nmF3CFDTkiePDwRmtscn8i7r2eygbSijditJ58,1565.3873225599996,1568.7875418100004,1564.4337845239943,0.9993908612761435,0.15644337845239942,0.9999986200019043,77.96145846,69.14286956,147.05674325965538
7dwD9TF6uikvHXxPFK9AsSim54yJoujQjY9vU6gNFumk,CquVr6atkvwueDYficKjn6SSEWq4F4rH4VSiBbW4GBWU,8BCa6ge3b7ho3TfZuM64Vk1hgbrJ3J7EPiAb9uP86CGd,3.0564000000000285e-05,3.0669000000000095e-05,0.006181977565351857,202.26336753539456,2.472791026140743e-06,202.38560002169575,0.003919004,0.003589003,1.5190334720593475
C2ypsDADXcCRz8HbV2zX1AXPSja7a1P3xZtRC91xGhJh,J9bYNuDpY1d1T86gLaw7DGk5D3CsUAf2tzUwxMvb6FTv,A2NGvvPrMGzsJ4jb52KEnSBVmsA7C34dV1GC7PerdgvG,3.2364949020000005,3.269174627,554.93123179839,171.460561070394,0.22197249271935598,168.0797128122795,2.694197456,2.327357919,853.1302580770925
YAkoNb6HKmSxQN9L8hiBE5tPJRsniSSMzND1boHmZxe,CfWX7o2TswwbxusJ4hCaPobu2jLCb1hfXuXJQjVq3jQF,EnTrdMMpdhugeH6Ban6gYZWXughWxKtVGfCwFn78ZmY3,7821682.007578974,7820964.212324999,7821682.007578974,1.0,782.1682007578974,0.9988802552338829,516991.013429,868651.758382,1384670.1035509733
MNkYtBe2HtgL15osfaMmyqNW3vo4J399FXXCS4a39Wf,2mUxDu8NrhSKhQJMgKfYLxJqZzeEbmwhQdHeHMyohyuk,AZCBmDBcFsA2jHHhfFJBTsWCHx9XnnKmGfFsue3ZVW1t,0.07633713999985048,0.005978879999929632,0.07630531610471585,0.9995831138665309,3.0522126441886336e-05,0.9999986200019043,2195.17588665,1941.31379602,4135.571865272988
Sid7E679i9ABqptiAVhkmQ27YHN8vaYT4fppPwmxFsJ,GP7KB8o1bv527HG8kTzzzf4wJ5aEGHvcMQvVhLziUfmT,9gYxhAZ1M9wu5pxr8SBoa5NDm21gi3s9vMHaYTME77sa,1066.652084999998,1328.6407460000264,20.836069358258676,0.019534082060373714,0.008334427743303471,0.02501764744851018,107520.245836,24630.98606,2716.5186308702278
BSCNHw8CmxbZ8hCWWzMf5FaG2ajPT6JxfznKUNuRVrn4,7n9kgNL633yGzCYksgnzHyjG73ZLBAwvEae5sbAekbzW,SscdxE99omdG9AiMVwmaEMQySQnCgeAh1sPj2Leutm2,496.4406054939991,495.45664745500017,497.8165475318158,1.0027716146153023,0.19912661901272632,1.0,4858.473157692,6831.024593785,11702.963566688913
BSCuChvaSj9b5HUSqgDVRzcnr2sSn7cXaamt1jbKH6hn,GnKpRj5kBVPMJfiwZtEuD9GYApLzPdW5JFuZTcyX4BTc,3dmwD9okkomV9nDwyuh4UMhKdUR13QpuKxRo89ycZB5t,702.2029898699998,700.1105750080001,705.4991000082148,1.0046939562858102,0.2821996400032859,0.9990319380520276,1024.422128419,2084.481900987,3111.694714485432
ALLwa5WNZbvQsRKAqe1jdRGemdYQnW8E5k4msbRFcYtu,CGoM82Hbz7QVqTgvQatYtjvDWBvoUJp5qm21P8iMs9yb,3dxNNww8TivyN5FMy5dCNdi3Zcxv6e4kUfSPxfFwpdNq,2.466760989000001,2.4665073090000047,8679.971107357756,3518.772652098948,3.471988442943103,3521.672371775909,4.00895216,4.610264387,30342.431942461306
RajgMbScQbqqrdJfR2rxfHJiTiY5b6bJ2tTXiF4aPxy,725ZA3fhyBAKb5iopNRrcbSuQa3LXA1656Q3mBvYPxeg,GLA6i1dSZpUfk2f9Nj8uiG7xyDdAR2reff8oEiZH3617,1862.0009604899824,1863.3987186299928,1859.3607240426636,0.9985820434557542,0.7437442896170655,1.0,109954.47793196,71895.62094491,181694.18820531724
BUSDTd9WiT6uBHJRgNvFXBsA7JrifsAtWzKfioN7ERcy,DyBxrn7gSc1EwnpWhDyhzvMHPtxpmBqRqotapLcKcfTM,Cds99GeBgoCpqBsoRWu1C6fF9LiUMd4pXQQD24s9LPff,5489.577132359997,5470.237807050003,5596.813763105223,1.019534588577522,0.5596813763105223,0.9988263790046696,124.17792329,523.08508417,649.0748684647551
HEDSDjj84KS7LKhZY7ejkCACTdPen62rKhCby1wXtgxc,EnnjMSFttpCTywBrYNt1J5QQeoSVkvzPipJDa8Y7kJow,6bjVT6JN2rSvpyn9PdfLYC8wJn4LWh49jpY47fnLDXZk,2027.716616841999,2086.6594875670053,1961.1479197899596,0.9671706112682972,0.7844591679159839,1.0,39103.205891762,9119.106816842,46938.57836172754
AURHmCnNwiW4uA2Qj1XvEh4iKgRUZYXtiY7FKAapUV5Y,BKWm4TRnTeKwfWXRyuzjRHU7iZDkPuXBX5b5V5jSVfGJ,A5Ww74HVrkj9nPeC7pHKLfgeDMEhBCpW1efQdz3TGLEg,0.004808381999964695,0.003992276000133188,0.9236121275475964,192.08376696243724,0.0003694448510190386,172.09014494808727,289.896424166,1809.490654775,367079.9062451849
KEN5P7p3asnb23Sw6yAmJRGvijfAzso3RqfyLAQhznt,9zj4aX38Uxf3h6AUjS4EipWS8mwbEofasHAf3a1uKGds,CwQDG1MWunn9cLNwcZLd8YBacweSR7ARo32w4mLua1Yr,622919.5443629994,624105.6818710021,614832.6505108305,0.987017755462403,61.483265051083045,1.0,1346770.92685,869923.408586,2199210.225927507
BSC8REUo9LpiiWUuqMuLXs2D2yJsJfGd4HdiF3wCLxk5,AZjEH1zWVx1UJ6udMyRijGTzPteuLnaY18yNNmprJEsh,Caf8ypkSVR8xYnXNhjvfvdGCC7mrM3C11rz8Xi6NA6aK,1253.8686250819997,1250.0369940309993,1260.3905373441262,1.0052014318977796,0.5041562149376505,1.0,2198.797551473,4149.36890747,6359.603354663991
Lid8SLUxQ9RmF7XMqUA8c24RitTwzja8VSKngJxRcUa,4PgzyzLtds9bKZ2to9PMnKqJzKEUpjvNUaeN23phegax,AtymwxoVN9peZo7EXTcDz9jKVc4vRmisJKKrNfe3ewBa,196.31085853300328,166.89094192799985,39738.46904892729,202.42624043257678,3.973846904892729,172.02750238086062,987.583962037,7675.817,1520364.535789209
JSoLLrxK5bYdHwTEWYaGgmeycBCNXKDiBCTw5hXGBg7,xG4wXczA7Dk4hccJ61CHKpDHW4NrNfQwgmWgkb9BuF2,BVR6WgfhsRr9Lob4QDnkEAiNGgAbv7ZieKcY9kSg3QYR,7.666370383000025,6.565280018000017,1438.4335496821047,187.6290184037799,0.575373419872842,171.9844842477691,17.359889839,163.512979829,31378.91459379576
SRMuKizofcAMicegrfSv7xs9q76tH1w8aAF7oX9FEWu,72Hj2KWntXPfbie4UgKeTPnm1XVkomDfCnRPKbvfTtPi,6aqJQ5wedqpUt4fFEDUqUmXhrdxCu4bEJsQdVPCADLko,4.70000013592653e-05,4.799999987881165e-05,2.5668805547643294e-06,0.054614478309122645,1.0267522219057319e-09,0.05497039871514389,17971.450574,3892.771299,1195.4885879700912
STK75uPSyBnEhGTTzb1nwmP3n427XoXmfRhXxxhyady,6TYyD5fUmDe6N65avW1Ny2RxzRNobw2RRgKwH9CTzSAU,54zDfk4cx2vGrEajPtodWpArNe5eUurytyxd4X3aZAxK,1387.9161044400034,1557.238462023005,238985.52852399324,172.19018336877008,23.898552852399323,193.21726257124647,4857.832622423,877.145174668,1005950.6795567384
Cob4usZcpHEY7Qt4ZCwj6WVg9S44zvzYV2v9qYF65dTf,NhFM9UXE48PyNAyeyPYA3iXztqKVJwA4bTdLj4ysM8w,6TuFuynuBoeskxyR2cz4wxyidk8dpDK7kAWw3UkjQGx,23.04551200000003,1167.883045999988,0.45124614498575893,0.019580651754916894,0.00018049845799430358,1.0,62014.146287,307.304712,1521.5821143242197
SERgf3DMJpQxUifu7VoFKmfne73d2fDJxSrxUMrcNJB,AJfM2GZ2tTB8UtN2krcyR9xufRJEx2mhSCbJyMgPo3GU,F4yRYkufQvERZcEKnKjJwRLU1btiMBUuEwq46hfm11QD,6.537899999869978e-05,6.537899999869978e-05,0.0111733380727662,170.90102438074013,4.46933522910648e-06,172.19033161619396,29.284890014,27.959076601,9819.100373878666
SoNcU2iwHMw6dGzsYNQkYFkUjwN1UdAjrWVRnStrZu2,8ivTTid27jZnYNc4w3CTA1Z6QS2twsFb8WMwUabeDJgc,CyXm53PMvHCbeXJBykU46Rcbo28xk5srhMZFg7gv6EYB,20.216766992,20.056457751000007,4110.947237253822,203.34345441487108,1.644378894901529,198.23405177318378,15.4148433,20.201554224,7139.143431825126
NorBXypYWTkV5PMs6Q9JsvNkmRwe7H9Zr1Kz2TcJH2Y,C82XDu1d1UjtuUwnkSTwVuWyH3AqpJ3ftb9W7en8rEUu,F7cZoYpWQSFuYJzW2UUFw6sVbTtaihyD5upeeHRUPABk,0.00315199090000004,0.003153629299999988,0.0,0.0,0.0,2036.5354458994357,0.2508685653,0.6545753239,1333.0658491334539
GokA1R67GqSavkd15zR62QD68Tuc5AEfvjssntVDEbM8,3YB7hfpBdbQEuZqLGWVDpRPmeZWCUsrrWyqGXegnQ6Cg,4DPCj6Z1DsG6HUtwSogBGqXEUxdEV5a8YVrrFtcnz7UW,43475.587636,43461.60969099999,43489.852307556874,1.0003281076192991,4.348985230755687,1.0,29763.181589,62997.453239,92770.40035465393
SoN9GaFpSXfpyR5dth3x7PHPVhvJMpQqqDJfCSmPv1t,9kZ9iS68ViMPtoeqtnhAKuF2iqVyfHPdZHoUNdwCELr,BBhm5fJLjw3HRzjtKB8uMEYjGhY6EDm9co3cqpjrSzB9,4.404034925999998,4.318954803999998,896.4836148766241,203.55960612030452,0.3585934459506496,200.80502735466484,3.73949342,5.894848173,1944.9249562955315
KwnjUuZhTMTSGAaavkLEmSyfobY16JNH4poL9oeeEvE,J63v6qEZmQpDqCD8bd4PXu2Pq5ZbyXrFcSa3Xt1HdAPQ,BnKQtTdLw9qPCDgZkWX3sURkBAoKCUYL1yahh6Mw7mRK,196.11193900000012,7745.710357999953,4.938519527520488,0.025182146241083697,0.0004938519527520489,1.0,274712.609653,638.743061,7556.596171551588
