0,1,2,3,4,5,6,7,8,9,10,11
WiiQFxXqp8P9Fs1rt9SVcDyA3KUdJmUsog6wnVQAwba,3S2jpqSYxho6wiz3cafhjXruVY8cg4HYa2v3BqBHYFSj,Dfe67M6TfrG74gKRtdqys4e6E9QirPD53BkF4FujFjuv,9269.755993606997,9273.365817232998,9227.974410815379,0.9954926987484424,0.9227974410815379,0.995430652775092,13633.541673116,13128.245303729,26640.348986152094
MATgk4zXLXtYkwBH678J1xZbRDZ45LicNzkRBHkxTuY,y8dALFo1bJrSzPYjMX14HJX448pXqYmrfXHD1K8MXih,GN7Yuet3UyiWS5YVkEHv6oQKi4HGBJc3XDPt9zQhAqZz,19263.48904599998,19210.397972,19319.74815262041,1.0029205045091305,7.727899261048164,1.0,5072.094738,9627.122838,14714.030651553065
YAkoNb6HKmSxQN9L8hiBE5tPJRsniSSMzND1boHmZxe,CfWX7o2TswwbxusJ4hCaPobu2jLCb1hfXuXJQjVq3jQF,EnTrdMMpdhugeH6Ban6gYZWXughWxKtVGfCwFn78ZmY3,6190863.840913995,6191958.119672003,6190863.840913995,1.0,619.0863840913995,0.9997690533486764,961197.095958,401936.78053,1363041.0505344928
STK75uPSyBnEhGTTzb1nwmP3n427XoXmfRhXxxhyady,6TYyD5fUmDe6N65avW1Ny2RxzRNobw2RRgKwH9CTzSAU,54zDfk4cx2vGrEajPtodWpArNe5eUurytyxd4X3aZAxK,436.25388892599915,487.5123721139995,78097.05339553101,179.01743773057447,7.809705339553101,200.58530792853546,980.730934892,178.423345799,211357.04082620866
NorjjEePhxfwLF4vZjUHCrVVKLzQjEEGQFd3wgjEJmh,34M8pFVqgbV7aqHxvRT5tCv3vu2P1JJYT8J3VaxBK2oG,3AZWBSze3ucsY3xSeuLne3b2pauVqiaJ1SZSV5T9WGWw,0.0044100000000071304,0.0014779999996790139,0.0026205824467368877,0.5942363824790591,1.0482329786947552e-06,1.0,38109.866632,2266.797755,24913.06703915908
C98Sspw7XqnMsgxea3SLQVdbMDL8pKUc3RE82UvX9eq2,CSqgQJurPCzGxb4Cgwx5R61hWQUiaoUHcShNc8r1cKEL,6S2CR5EnukPhC914XkAns8m5GixjMAoUuZMsS5ubHuWc,222.0628429999997,221.1479720000001,0.0,0.0,0.0,1.0,850.544639,1250.198995,1250.198995
BUSDTd9WiT6uBHJRgNvFXBsA7JrifsAtWzKfioN7ERcy,DyBxrn7gSc1EwnpWhDyhzvMHPtxpmBqRqotapLcKcfTM,Cds99GeBgoCpqBsoRWu1C6fF9LiUMd4pXQQD24s9LPff,40377.61526132,40172.11326988001,40344.60328967822,0.999182418985665,4.034460328967823,0.9996641128580798,3016.67478426,2533.16422877,5546.521779707149
heyk4SZTeCUV6a65WiVA5bzic3KcxgVf1qxobfeV4tQ,9ZDpBKPqMABtGfq66FbVribaArMvtk63xxy91onZAtDt,DaTP4s6N7xxSPinbNZ3FB52EpRDRt87QShTuN3VPCW52,15.28053423600079,13.518211111000255,3150.858844190898,206.2008301233019,1.260343537676359,179.47753372023905,624.915050905,4473.283434088,931711.8806348722
moFiBS1R4Lf3E3zzmBPnw3NF4RhWPkhREFviuzUaCAU,44ALBrpqi9PfZkBRTvbtRNtFJGsatfY4QydjtMbFWq8S,2ho8qEEie1UjVwWNBo9y4oAJZMyMLx8zPj9bxyUz6uWs,3503.1278520020023,3526.738808549002,3461.070214276237,0.9879942612709012,1.384428085710495,0.995430652775092,49581.223766691,17570.489094202,66476.16797689826
SAMGk1Nd4haC8zQA63DG37pzuEZy8j4q13tSFtCbcRE,9U9TnkHD3jXMAVZtynCVLgDruuqN4pTvLJTmVHCLWS8g,C6zoEbvqSknmi96QWq96UBiPCyNW3YSTvKhavR2BfifE,0.34762166000000516,0.23136576999999625,0.3237261387912666,0.9312599761224942,0.00012949045551650666,0.0,54.96116353,0.6298888,51.183131836612304
SoNcU2iwHMw6dGzsYNQkYFkUjwN1UdAjrWVRnStrZu2,8ivTTid27jZnYNc4w3CTA1Z6QS2twsFb8WMwUabeDJgc,CyXm53PMvHCbeXJBykU46Rcbo28xk5srhMZFg7gv6EYB,24.032126095000006,23.687611139999994,5086.087827040061,211.6370314858761,2.0344351308160245,205.26201490941173,12.490304052,23.100131166,7384.990339726149
BUSDgu5JdqP1rndBvXvanbEufS94FNh1w5FJcAj6vawb,Bgzr8cWubt89JQFXndVjtdKmDbGzuPxNhvjH1EhWCwbo,Dxaf8xPBBQsasRKW5Aa4Sw2YrbfGofY9xZueyyF23FBW,6808.791540650004,6765.864149210005,6844.729243967114,1.0052781324119784,2.7378916975868455,0.999436317916695,4798.41731046,10161.54063897,14979.556752965575
Lee1XZJfJ9Hm2K1qTyeCz1LXNc1YBZaKZszvNY4KCDw,9DgFSWkPDGijNKcLGbr3p5xoJbHsPgXUTr6QvGBJ5vGN,2hNHZg7XBhuhHVZ3JDEi4buq2fPQwuWBdQ9xkH7t1GQX,693.655113965091,588.3960473800016,146534.85365214618,211.2503039363748,14.65348536521462,179.16603585291543,7214.724643933,56416.411895883,11632017.650278717
FrnkTEL6yZ5Aycq2TrEgu29dCrwKG4LPUZydfiwqspkc,DjvZuMZ46fxKBoBpGMPcRcos4xdTtHFxwMh69DpA2ZFY,9rvDPJLAng4uVVqnnSoEXgNDFhBZQTny9AoQioYDZbQX,91.20924366999961,76.83366177700026,19427.439301262337,212.9985790864789,7.770975720504935,179.33362851648585,179.376236217,1456.481432104,299402.9835221996
DA1mL7dfBow33EH5yjUuZE6SH2KeUK5zEXzsyhE5r5j5,B4UtLRZND3D83CitRCBUyeiNr7H8m7YFRqBmiPmXjhW4,AAmpYbuixWiSqDaJBCqYEs1pb5SrbdPr9mgXrB58Q2e,0.9312488100003975,0.793667634000002,1.0886115618350054,1.1689803521301045,0.0004354446247340022,0.995430652775092,184.545377141,2950.368851291,3152.617511522167
AURHmCnNwiW4uA2Qj1XvEh4iKgRUZYXtiY7FKAapUV5Y,BKWm4TRnTeKwfWXRyuzjRHU7iZDkPuXBX5b5V5jSVfGJ,A5Ww74HVrkj9nPeC7pHKLfgeDMEhBCpW1efQdz3TGLEg,0.02332949199990253,0.02081452099997705,4.672598906812875,200.28721186180982,0.0018690395627251502,179.33362851648585,289.903524066,1809.481752891,382564.89702440647
B2izdXFYb2sNwbWWHmh75T4aQFtfXsUxem9u2p61HGzf,4DYwgJtxwuJdAjkj5RJSNH4e7U329V5cNp7d3a1nLrZv,EXNW64GEf1ACC6xY9BtKRiunrs6GoJSXBdxWN2eTPmrF,1381.738185999995,1354.8720389999999,1395.6838591203255,1.0100928477345639,0.13956838591203255,1.0,8116.291739,31700.053701,39898.26193669102
ALLwa5WNZbvQsRKAqe1jdRGemdYQnW8E5k4msbRFcYtu,CGoM82Hbz7QVqTgvQatYtjvDWBvoUJp5qm21P8iMs9yb,3dxNNww8TivyN5FMy5dCNdi3Zcxv6e4kUfSPxfFwpdNq,0.9853486179999997,0.987262739999998,3246.6181812191094,3294.8929159802306,1.2986472724876439,3209.922512470549,6.31916115,2.307524608,28227.934495371468
BSCuChvaSj9b5HUSqgDVRzcnr2sSn7cXaamt1jbKH6hn,GnKpRj5kBVPMJfiwZtEuD9GYApLzPdW5JFuZTcyX4BTc,3dmwD9okkomV9nDwyuh4UMhKdUR13QpuKxRo89ycZB5t,160.02519743699986,159.62947200000008,159.60800875664742,0.9973929813114796,0.06384320350265897,0.9996131497110619,1766.104911033,1339.041732982,3100.024366824745
KwnjUuZhTMTSGAaavkLEmSyfobY16JNH4poL9oeeEvE,J63v6qEZmQpDqCD8bd4PXu2Pq5ZbyXrFcSa3Xt1HdAPQ,BnKQtTdLw9qPCDgZkWX3sURkBAoKCUYL1yahh6Mw7mRK,153.2258820000003,6153.18010199978,3.735087816290469,0.024376350571703426,0.0003735087816290469,1.0,275029.039541,630.698205,7334.902490250299
Cob4usZcpHEY7Qt4ZCwj6WVg9S44zvzYV2v9qYF65dTf,NhFM9UXE48PyNAyeyPYA3iXztqKVJwA4bTdLj4ysM8w,6TuFuynuBoeskxyR2cz4wxyidk8dpDK7kAWw3UkjQGx,122.47410100000354,357.83203499999945,1.022288430253542,0.008346976396695596,0.00040891537210141683,1.0,71977.068728,178.661752,779.4526457759526
Sid7E679i9ABqptiAVhkmQ27YHN8vaYT4fppPwmxFsJ,GP7KB8o1bv527HG8kTzzzf4wJ5aEGHvcMQvVhLziUfmT,9gYxhAZ1M9wu5pxr8SBoa5NDm21gi3s9vMHaYTME77sa,160.1299170000002,476.303568000003,1.3366006376038264,0.008346976396695596,0.0005346402550415306,0.02440865040617703,134999.974712,8977.734497,1345.9759852523148
BUSD5rCfUDpCxKGMvYU2yThChxgHoioK74PTPociGnv2,CcFHbafgYDZ8yA8Me1PdtDiVb2eeaS61LbqyKKK5CsNZ,26R9s4nmF3CFDTkiePDwRmtscn8i7r2eygbSijditJ58,713.83618681,712.75343981,713.6326445071336,0.9997148613272522,0.07136326445071337,0.999436317916695,71.14469347,75.31759942,146.3995516051803
MAR3XM1n9xWPQ3HJjAcC85o8DopWFP5p2WxGTaZ3fPB,6qG7GUhER8Cg9gDEgnebph9LdS6eu2eoWcA4R7z9uizK,4QV4CwRXVMY227KkFF9voNAfwWHVvVajXSXDKbUHkWZR,0.009519999999999987,0.32773300000000205,0.009175602920000681,0.9638238361345267,3.6702411680002726e-06,0.02440865040617703,0.124271,23.783387,0.7002957306980893
KZMu9QBEdL97EFgamLbN5DE1AoKBG4HdrKKJo4Vuon3,DD4ACBWyVqdaKWh7v5btsgqQCCMwbKnuL2xd9pv7Gyuw,GcYqiJ1MAuYbNTNYXm1F1gQYTfTgkErACAhNU5dpVj9T,28.26903828000013,28.518954770000164,28.249255891084722,0.9993002100489069,0.011299702356433888,0.999436317916695,2073.05982316,2016.1593204,4086.63196424174
4vezWG46exH6pf9nry3n1VJ7hZHvjBJNgNeF4qEFCML5,,,0.1317889999999995,0.1287930000000017,0.0,0.0,0.0,0.999436317916695,2073.05982316,2016.1593204,2015.022847514002
ALBpShJ9NLpE739pcHDF2LNVk5J4VYPvvKuV6jMPitZi,D6d156U1bPiJpDYRLextvDRccgFk7QzkQbJg42ceKEu5,GNcM8U5g8RwTZffwwm3kSQqUNPSwv5d2fbN9sLxPJqt2,3165.214169999992,3164.991884999996,3154.5454971287027,0.9966293993713262,1.2618181988514812,0.9980826831656388,55663.579483,44628.968437,100019.36035151593
DFWzVTzNBrQZLjoQ4yQwkj9HuoXmfkuZP9V5vbymZe23,DhgiEgiNdqZdRdo195UUHnoEJUtefK8buko8nU97XJUZ,2K2kkXsouBHtWVjtcgkyiXd8eP3oVBvq1bTJzcVdLLr2,10.049028154000553,11.849214605994348,8.481972847438868,0.8440590191860659,0.003392789138975547,0.995430652775092,61069.64014395,7801.572300342,59312.30476954994
daob129AwBGn9Y5r91uLoWZeYiGzbPmksauMhFZKTze,6VW5GQNyj4LStgmxEHLr5zUfW92vQnmbw8jTnCH7a38F,4VPCCUifPeBA1c7HWK358CHn2nyjm8pdTRk6Ps3KmnMQ,6.409397435000038,5.774648406999987,1272.3692899789887,198.51621043671184,0.5089477159915955,179.76894656835464,48.649490299,223.310364247,49801.981392313806
KEN5P7p3asnb23Sw6yAmJRGvijfAzso3RqfyLAQhznt,9zj4aX38Uxf3h6AUjS4EipWS8mwbEofasHAf3a1uKGds,CwQDG1MWunn9cLNwcZLd8YBacweSR7ARo32w4mLua1Yr,166699.287296999,166719.70803199988,166415.38265419097,0.9982969054792524,16.641538265419097,1.0,1904338.022339,1790739.355139,3691834.1098265033
BSC8REUo9LpiiWUuqMuLXs2D2yJsJfGd4HdiF3wCLxk5,AZjEH1zWVx1UJ6udMyRijGTzPteuLnaY18yNNmprJEsh,Caf8ypkSVR8xYnXNhjvfvdGCC7mrM3C11rz8Xi6NA6aK,237.31234611699983,237.744598536,235.95790151455753,0.9942925657910165,0.09438316060582302,0.995430652775092,3526.640209058,2806.11068127,6299.8007293018
JSoLLrxK5bYdHwTEWYaGgmeycBCNXKDiBCTw5hXGBg7,xG4wXczA7Dk4hccJ61CHKpDHW4NrNfQwgmWgkb9BuF2,BVR6WgfhsRr9Lob4QDnkEAiNGgAbv7ZieKcY9kSg3QYR,8.044884359000008,6.936529163999985,1641.8345788598072,204.08429824389543,0.656733831543923,179.461718931004,18.597844779,162.043819758,32876.19053648758
vEnkoSUkpnbRrPgBz9DfcVxNz67zjwMYBZraAvDDNSf,DtfyjjsZ5yCjWKLKHvwsfXs5QVsmm1QkK6Sh9JZHoq1g,e5wrKCRv4GhHvEf1VD5Pq2KGaZDXP77nTL612Jyrxwy,879.3174389999995,878.9995910000002,874.3832940715536,0.9943886647647325,0.08743832940715537,0.9972237291380797,812.51314,1126.423204,1931.2498044689441
SUiuyGR7SFq3xeRVJonq84fjjeFwRSsFekcevJ53tzy,49GjCCPsv7fBqo6t3iKDrP1xxGDS8uWZbVCdfnp2gjMf,CEwj5xEbbJEjYqM8D6Ai8ByGz1mrh8mkAVsE5fzDSSSx,0.8450550000000021,0.0072870000000000434,0.007053654138909614,0.008346976396695596,2.8214616555638456e-06,0.9638238361345267,646.293883,1.654825,6.989559566361063
SAMyS8Jr2HJrkFwYVKbpUwsNStnQmvz3f8Tup8bWUWF,6jPzm5TFfquvgm25sTyN3MMGBfufRaFHMxobDWv6hMFW,Cj9ECoDmxsHTDzCY5ZA6RWrPbg9uFzEC1Qc2kso2vJG6,1132.324611029966,28.53137013000014,1131.5322216457919,0.9993002100489069,0.4526128886583167,0.024562758043179575,518.19032439,107289.05196073,3153.14272400177
7oAd7xG4m3oC2qeWB1szghTebAZyyGPAFDJ4wwwbRSNi,D9yh4KAysxt9GLacVe4Wwh2XqghhcjTCSTV9HuM7TBJd,HDYfJLpZKaMFb84jM4mRytn7XLR8UFZUnQpSfhJJaNEy,1087.8616075669997,24.936297627000158,1082.8907901493794,0.995430652775092,0.4331563160597518,0.022699782909947418,956.009790611,300046.765483758,7762.637889240497
GokA1R67GqSavkd15zR62QD68Tuc5AEfvjssntVDEbM8,3YB7hfpBdbQEuZqLGWVDpRPmeZWCUsrrWyqGXegnQ6Cg,4DPCj6Z1DsG6HUtwSogBGqXEUxdEV5a8YVrrFtcnz7UW,25784.981439000014,25770.44915399999,25809.732972921043,1.0009599205638207,2.5809732972921045,1.0,9075.93287,26727.294374,35811.93941859777
RajgMbScQbqqrdJfR2rxfHJiTiY5b6bJ2tTXiF4aPxy,725ZA3fhyBAKb5iopNRrcbSuQa3LXA1656Q3mBvYPxeg,GLA6i1dSZpUfk2f9Nj8uiG7xyDdAR2reff8oEiZH3617,2883.1407571900054,2886.361411119993,2879.5689398769823,0.9987611366860547,1.1518275759507928,0.999436317916695,118467.34128605,63375.41097145,181660.26383079338
SoN9GaFpSXfpyR5dth3x7PHPVhvJMpQqqDJfCSmPv1t,9kZ9iS68ViMPtoeqtnhAKuF2iqVyfHPdZHoUNdwCELr,BBhm5fJLjw3HRzjtKB8uMEYjGhY6EDm9co3cqpjrSzB9,5.380118465999997,5.271756068000004,1148.8899716499484,213.54361970102184,0.4595559886599794,204.08429824389543,3.025052703,6.61184841,1995.355146834846
HDSBGqAuMRr6X2AfmmbXQPpRgU6VEhtfNVVZ3wUTZXg,DCZ1d8kNLgDcdSd99y4udLgwq46mfDXNS9KXj96kQf5L,Fq8GGYQM5Pz3q7LmVMbrXHJgsxA5ev86kTq8yGgGuYsa,558.9235450719989,560.9013534559999,553.1061335012926,0.9895917579032085,0.22124245340051704,0.995430652775092,11668.93953643,10889.942566238,22387.669026115567
ACUSESXyNnwRLAg1dpSGMLSzUDdLjUMybY8rkXiAKhCP,AhFPQdu8GKBsxuhiH46UmCu1YpaLgNpoP325HnYtsgas,A8wxWpT3aFEr2XqZp1kDmbxbFfcBE95UUmdsNTDBJYbT,3.7939446089999365,3.747481000000107,3.776608758729348,0.995430652775092,0.0015106435034917393,0.9832745046096871,1043.876449717,1841.997664153,2850.2959564705807
Lid8SLUxQ9RmF7XMqUA8c24RitTwzja8VSKngJxRcUa,4PgzyzLtds9bKZ2to9PMnKqJzKEUpjvNUaeN23phegax,AtymwxoVN9peZo7EXTcDz9jKVc4vRmisJKKrNfe3ewBa,46.985007986008895,40.011879094999586,9934.041860611556,211.43003452441036,0.9934041860611558,180.05184052592423,993.589040791,7668.683403604,1590835.1264270262
BkwbeSfcX1h4thMDd7obGkHrPevf3QwgzJ4pCEqG18Lu,35yX27bmurdebhfAb8EPmjLETDiUaEUCn9zHaDPbakH2,2CxECn1ZJFoESyUnQysQU8rRgT3iJ5GRs2Mdd6gZjx5g,0.01656861000000176,0.010609409999999708,33.10279309518453,1997.9221609526094,0.013241117238073813,1195.21436169577,0.79113321,22.81378651,28847.987853937797
wrmcMSHFi3sWpAEy4rGDvQb3ezh3PhXoV2xNjgLBkKU,8p4mGnARWPBu6P2Gcw4adodLkNDorrXniZMhaY7eJXUn,AyY89zccbsgp9LKFgH4CFZMJmpSgqmPSdTfukhP227rc,0.004187760000000013,0.04017939999999953,1.3816430221049203,329.92411745298585,0.000552657208841968,3311.258278145695,27.08391421,0.09552532,9251.945499529149
MATSnbbiTCv7Dc3trJrkrqjx7ckKdr6fwPoVwv9q3sD,631WX9JizSHJm4w6VanZeJAst9T8DeUUnPLesdGkCVtK,211maUSfpnXbPuW1iBu8b4dtJv5EbN1j7JJiEX5TZKEP,106101.082383,105484.83224099997,105815.27532434893,0.9973062757492014,42.326110129739575,0.9994632882142289,23982.075917,28137.498089,52039.871179671405
BSCNHw8CmxbZ8hCWWzMf5FaG2ajPT6JxfznKUNuRVrn4,7n9kgNL633yGzCYksgnzHyjG73ZLBAwvEae5sbAekbzW,SscdxE99omdG9AiMVwmaEMQySQnCgeAh1sPj2Leutm2,7.508655378000185,7.5,7.488901908923917,0.9973692401526185,0.0029955607635695674,0.995497761822382,5179.161336006,6507.148923393,11643.388395402779
parEAJhzYzHW87y9VoZAQ22dzQ2MD2ekEtTReaxbMcz,3oyc6hpjYSJEquK6dSvG72NXyz3pqLZz5D8AC71pwgQb,Di2vordgFJVZ1aj1aBpvzXtLfZgJsuLLXawGtVFwX6Rz,0.8742634640000233,1.0287027300000773,153.2068076924533,175.24100457256353,0.06128272307698133,206.2282158557739,1104.783199341,141.881404875,222863.2666778895
AUSejoEUCh2DBs9mof6BNC8Pubs22w4cJa1ccV9h44R,4xkyD7AfGQDwsQMy9MosRRNGoVJ1zosNinesxg1TzHG7,Cbm5gsQe3nSiCsFrvepVzMCD9xLK3ri9g3ypS2hdmVJ7,380.43749299999945,380.97531199999867,379.80663418062545,0.9983417543460313,0.037980663418062555,1.0,15080.354455,13791.774216,28847.12173876469
KEVpg4SYCVrqFxKijQH6hm4QxsRdoE51ud64bEEFUC9,2bPenuBYfqzD8p5dFjCcggwkHDsc2RQDnx9AoyYGUBjA,AE6n6iLuX8oYu61vt5hoDYkjswpnxFxrhSehxrnQTnbx,398.9649662539998,399.66527510000014,396.6272681399645,0.9941405930049831,0.1586509072559858,0.995430652775092,5683.640983555,1942.433578413,7583.896142750705
Dg3mAgpwDfVNnbGWcsxL8sUcSkEbjSJQhKAWNigG44Ju,EATxwd8YA2wV93VJcKMmH2Kn2Y9XfJVUB9hHVu3udwEy,GiGvrRi7NMHfHKanG2B8xyCEqe8jaafWins8bhrLVEaa,0.017462700000000025,0.017358083999999996,3.7128793392351813,212.6177131391581,0.0014851517356940728,211.86135453980748,0.204800415,0.254378114,97.43708768457209
MARpDPs5A7XiyCWPNH8GsMWPLxmwNn9SBmKvPa9LzgA,6YjT74rmcfCpw8LSjPNx5JTmZoYLGrTKnf9arfSgZ4SR,F8GSmi3vA8M8TsybLya1LQ4n1aFHCRbZ6k437PeTdXtg,32572.603310999977,33551.754345999565,31556.087077957724,0.9687922938385779,12.62243483118309,1.0,315259.616128,21850.004169,327271.0908323147
