0,1,2,3,4,5,6,7,8,9,10,11
MATSnbbiTCv7Dc3trJrkrqjx7ckKdr6fwPoVwv9q3sD,631WX9JizSHJm4w6VanZeJAst9T8DeUUnPLesdGkCVtK,211maUSfpnXbPuW1iBu8b4dtJv5EbN1j7JJiEX5TZKEP,7764.8213830000095,7757.699557000007,7779.392184561693,1.0018765147120556,3.1117568738246777,1.000100010001,20829.168695,30732.739122,51604.06763976638
FrnkTEL6yZ5Aycq2TrEgu29dCrwKG4LPUZydfiwqspkc,DjvZuMZ46fxKBoBpGMPcRcos4xdTtHFxwMh69DpA2ZFY,9rvDPJLAng4uVVqnnSoEXgNDFhBZQTny9AoQioYDZbQX,1508.3805377070044,1266.4127029699966,320302.804662034,212.34880499648244,128.1211218648136,180.7712533214458,180.322814314,1456.591138048,301601.13973502856
Lee1XZJfJ9Hm2K1qTyeCz1LXNc1YBZaKZszvNY4KCDw,9DgFSWkPDGijNKcLGbr3p5xoJbHsPgXUTr6QvGBJ5vGN,2hNHZg7XBhuhHVZ3JDEi4buq2fPQwuWBdQ9xkH7t1GQX,1298.434500070005,1103.7204197189985,275992.12858162326,212.55760576813321,27.59921285816233,180.8879572757116,7282.171632062,56295.256176303,11731014.860948056
BUSD5rCfUDpCxKGMvYU2yThChxgHoioK74PTPociGnv2,CcFHbafgYDZ8yA8Me1PdtDiVb2eeaS61LbqyKKK5CsNZ,26R9s4nmF3CFDTkiePDwRmtscn8i7r2eygbSijditJ58,671.5997118200003,672.8647839500002,669.7660063548218,0.9972696452471529,0.06697660063548218,0.9994113567050144,85.24584082,61.45710954,146.43402265789675
BSCNHw8CmxbZ8hCWWzMf5FaG2ajPT6JxfznKUNuRVrn4,7n9kgNL633yGzCYksgnzHyjG73ZLBAwvEae5sbAekbzW,SscdxE99omdG9AiMVwmaEMQySQnCgeAh1sPj2Leutm2,691.645187363998,691.3514742470006,692.6418539701406,1.0014410085175913,0.27705674158805627,0.9999706098638055,5390.416104789,6296.058056643,11694.05675494859
KysFMBBoavfov2tLpvefWW6tPFt6rAeZWDJVy1mMQae,B8ka2V21TH3x64dFV8ETcjuQcwmrciJ2qzy1mJUttRew,7fSf7EYxBANyxzk2s5pymFgshA91tFYQNKKs5UnLWcYS,5.426151000000118,7.369734999985667,0.0,0.0,0.0,0.026265613856813322,134615.09772,2527.919289,66.39735190606407
KZMu9QBEdL97EFgamLbN5DE1AoKBG4HdrKKJo4Vuon3,DD4ACBWyVqdaKWh7v5btsgqQCCMwbKnuL2xd9pv7Gyuw,GcYqiJ1MAuYbNTNYXm1F1gQYTfTgkErACAhNU5dpVj9T,73.51131935000035,73.33525772000166,73.70109746493965,1.0025816175878401,0.029480438985975858,0.9994113567050144,2041.75868447,2347.5494046,4393.197259983287
BkwbeSfcX1h4thMDd7obGkHrPevf3QwgzJ4pCEqG18Lu,35yX27bmurdebhfAb8EPmjLETDiUaEUCn9zHaDPbakH2,2CxECn1ZJFoESyUnQysQU8rRgT3iJ5GRs2Mdd6gZjx5g,0.026539860000000526,0.017425869999998622,54.935439133945735,2069.9219639419593,0.021974175653578298,1283.697047496791,0.83431856,22.74286681,30921.925287878184
RoBgmK8CvjdHvPrqdDyVw54VwjZv2TqJ493xnqJAQHx,ExiHJxM7qPAcy27NDHAF6G7vnW7muNHi2sVJpnaNynGQ,6rkPHSqZb7StM4HwS9EuVrmfkV7tRdc7dnsFhyB6cefE,7.369734999999309,0.14797300000000035,0.0,0.0,0.0,0.9757753999215476,6164.704426,20.836576,20.331818279395723
7dwD9TF6uikvHXxPFK9AsSim54yJoujQjY9vU6gNFumk,CquVr6atkvwueDYficKjn6SSEWq4F4rH4VSiBbW4GBWU,8BCa6ge3b7ho3TfZuM64Vk1hgbrJ3J7EPiAb9uP86CGd,0.00011303400000000014,0.0001129709999999999,0.024021094802931166,212.51211850355764,9.608437921172466e-06,212.43559749317498,0.003774051,0.003733595,1.5951800579730009
WiiQFxXqp8P9Fs1rt9SVcDyA3KUdJmUsog6wnVQAwba,3S2jpqSYxho6wiz3cafhjXruVY8cg4HYa2v3BqBHYFSj,Dfe67M6TfrG74gKRtdqys4e6E9QirPD53BkF4FujFjuv,13850.252274622,13868.913250324993,13846.712667156322,0.9997444373289746,1.3846712667156322,0.9998462836323544,15156.009204259,11608.901179427,26759.252595370017
Lid8SLUxQ9RmF7XMqUA8c24RitTwzja8VSKngJxRcUa,4PgzyzLtds9bKZ2to9PMnKqJzKEUpjvNUaeN23phegax,AtymwxoVN9peZo7EXTcDz9jKVc4vRmisJKKrNfe3ewBa,82.88792185499824,70.57228961899966,17600.560636183793,212.3416806971432,1.7600560636183793,180.7962229499471,993.497987417,7668.811017411,1597453.0988822049
Sid7E679i9ABqptiAVhkmQ27YHN8vaYT4fppPwmxFsJ,GP7KB8o1bv527HG8kTzzzf4wJ5aEGHvcMQvVhLziUfmT,9gYxhAZ1M9wu5pxr8SBoa5NDm21gi3s9vMHaYTME77sa,20196.92857600002,22902.832460999954,475.91478076785734,0.023563720541814766,0.19036591230714295,0.025167922898370214,92842.494897,37001.739284,3118.97152556308
BSC8REUo9LpiiWUuqMuLXs2D2yJsJfGd4HdiF3wCLxk5,AZjEH1zWVx1UJ6udMyRijGTzPteuLnaY18yNNmprJEsh,Caf8ypkSVR8xYnXNhjvfvdGCC7mrM3C11rz8Xi6NA6aK,4454.993542192,4465.549054136998,4447.05446933001,0.9982179384129738,1.778821787732004,0.9998462836323544,3665.104763278,2669.878502936,6328.04141977741
KEVpg4SYCVrqFxKijQH6hm4QxsRdoE51ud64bEEFUC9,2bPenuBYfqzD8p5dFjCcggwkHDsc2RQDnx9AoyYGUBjA,AE6n6iLuX8oYu61vt5hoDYkjswpnxFxrhSehxrnQTnbx,290.64376584499973,290.5314970389991,290.16123844143743,0.99833979785474,0.11606449537657498,0.9998462836323544,5841.668356321,1785.334294607,7617.029865488139
SEQV6QiTpvTzrceiaYg9Avnwf7oc8ZALpnQMz6TyT4A,3dFMPj4r9mMmPHF32mz1gNDX7f8ftidWof7S8YiYTs1j,Fc1ED3YPeQfXQosHbd8DTaBd2AV5gHQtwiSAL5C5pUhi,20.800491115,20.903364673000397,20.68121002330114,0.994265467529618,0.008272484009320458,0.9933218968872272,4715.889563497,902.792398303,5585.609599246096
SERgf3DMJpQxUifu7VoFKmfne73d2fDJxSrxUMrcNJB,AJfM2GZ2tTB8UtN2krcyR9xufRJEx2mhSCbJyMgPo3GU,F4yRYkufQvERZcEKnKjJwRLU1btiMBUuEwq46hfm11QD,6.325899999737317e-05,6.325899999737317e-05,0.011403888451653972,180.27298016294154,4.561555380661589e-06,180.85252796567852,29.276090844,27.967296231,10335.644367710229
AURHmCnNwiW4uA2Qj1XvEh4iKgRUZYXtiY7FKAapUV5Y,BKWm4TRnTeKwfWXRyuzjRHU7iZDkPuXBX5b5V5jSVfGJ,A5Ww74HVrkj9nPeC7pHKLfgeDMEhBCpW1efQdz3TGLEg,0.08018844800017177,0.07140261100005318,16.188779478911034,201.88418509953397,0.006475511791564414,180.7829528906742,289.830113147,1809.56433408,385650.4999706167
B2izdXFYb2sNwbWWHmh75T4aQFtfXsUxem9u2p61HGzf,4DYwgJtxwuJdAjkj5RJSNH4e7U329V5cNp7d3a1nLrZv,EXNW64GEf1ACC6xY9BtKRiunrs6GoJSXBdxWN2eTPmrF,5144.665753000008,5059.849123999989,5224.506663836762,1.0155191638621412,0.5224506663836762,1.0,8375.545809,31437.902177,39943.42945384474
parEAJhzYzHW87y9VoZAQ22dzQ2MD2ekEtTReaxbMcz,3oyc6hpjYSJEquK6dSvG72NXyz3pqLZz5D8AC71pwgQb,Di2vordgFJVZ1aj1aBpvzXtLfZgJsuLLXawGtVFwX6Rz,2.268239249999965,2.6671875329996055,397.8470902344043,175.39908553932764,0.1591388360937617,207.16651111914456,1103.116116065,143.30396389,223173.340230131
BkMBnJpvHKtWhUvrgRrLesXfi9RUV3ELgdBaJcdH7hcY,5uerVwBnZQsuVhZ15igs7ZgmcqhHnYWbwoRtLyRqLvR,9YWiQh5d4jCtgMdzcGLv9bWgnLaFtzvDDh2nnhJdzhBX,19.95482793400015,19.962826391000135,20.028171498591423,1.0036754796800982,0.00801126859943657,0.9998452839407631,1116.66192726,1756.720875964,2877.215278516075
HEDSDjj84KS7LKhZY7ejkCACTdPen62rKhCby1wXtgxc,EnnjMSFttpCTywBrYNt1J5QQeoSVkvzPipJDa8Y7kJow,6bjVT6JN2rSvpyn9PdfLYC8wJn4LWh49jpY47fnLDXZk,62.79532761300288,64.83461433400225,60.513259089850564,0.9636586254121274,0.02420530363594023,1.0,39100.097603767,9121.274957671,46800.42126799712
4vezWG46exH6pf9nry3n1VJ7hZHvjBJNgNeF4qEFCML5,,,0.3024249999999995,0.30197499999999877,0.0,0.0,0.0,1.0,39100.097603767,9121.274957671,9121.274957671
SRMuKizofcAMicegrfSv7xs9q76tH1w8aAF7oX9FEWu,72Hj2KWntXPfbie4UgKeTPnm1XVkomDfCnRPKbvfTtPi,6aqJQ5wedqpUt4fFEDUqUmXhrdxCu4bEJsQdVPCADLko,1001.6409109999986,1001.9592790000002,58.34104276160857,0.058245467133888514,0.023336417104643428,0.05829412616143031,17971.450621,3892.771251,1273.681234917139
C98Sspw7XqnMsgxea3SLQVdbMDL8pKUc3RE82UvX9eq2,CSqgQJurPCzGxb4Cgwx5R61hWQUiaoUHcShNc8r1cKEL,6S2CR5EnukPhC914XkAns8m5GixjMAoUuZMsS5ubHuWc,33.40421700000002,33.26410600000008,0.0,0.0,0.0,1.0,820.427494,1280.584809,1280.584809
MATgk4zXLXtYkwBH678J1xZbRDZ45LicNzkRBHkxTuY,y8dALFo1bJrSzPYjMX14HJX448pXqYmrfXHD1K8MXih,GN7Yuet3UyiWS5YVkEHv6oQKi4HGBJc3XDPt9zQhAqZz,29009.154867999983,28912.947342000003,29050.988291139223,1.00144207659029,11.62039531645569,1.0,6258.750064,8462.702178,14730.47783895177
heyk4SZTeCUV6a65WiVA5bzic3KcxgVf1qxobfeV4tQ,9ZDpBKPqMABtGfq66FbVribaArMvtk63xxy91onZAtDt,DaTP4s6N7xxSPinbNZ3FB52EpRDRt87QShTuN3VPCW52,18.50772915900086,16.08980731300005,3839.7236634422707,207.46595276249212,1.5358894653769082,181.0384328299439,633.956940861,4462.914976917,939483.6140204612
SQDY9uoDoCbNq7F3HAHYYQZbrUzpKxDtdWLvYcqBLak,GiehZ4X2uQjhEKuxSm3ACmEFrabxh3RTvjbLfLjw1xGX,rxDQYV77NKRKYxCjq4cECX3QQsiSyLv1T1FT2X3zNA2,0.0014206749999914337,0.0014206749999914337,0.0014238343617188295,1.002223845515276,5.695337446875318e-07,0.9998452839407631,168.73007208,237.825568872,406.89407513128566
SoNcU2iwHMw6dGzsYNQkYFkUjwN1UdAjrWVRnStrZu2,8ivTTid27jZnYNc4w3CTA1Z6QS2twsFb8WMwUabeDJgc,CyXm53PMvHCbeXJBykU46Rcbo28xk5srhMZFg7gv6EYB,17.598489589999986,17.340797020999997,3748.351880747874,212.99281745620974,1.4993407522991498,207.7601317864068,16.059818308,19.518719233,7475.837629405692
ZUCKWFa4LTL833dPhhpeeRWZcaAEoMeYJPi2iKn4F8N,7eEYpq6ShaJ9opZWMxitRFrdCHh6vfyHhGfoSvFht3N2,H8VggnHmuwd1wvwpT8eg9cUJFEfZ7HAaeYjgXrSm7A2u,167.92843347099983,167.65633521899986,168.1844754982847,1.001524709198988,0.0672737901993139,0.9998452839407631,1815.583619326,2031.486749081,3849.5243018287083
MARpDPs5A7XiyCWPNH8GsMWPLxmwNn9SBmKvPa9LzgA,6YjT74rmcfCpw8LSjPNx5JTmZoYLGrTKnf9arfSgZ4SR,F8GSmi3vA8M8TsybLya1LQ4n1aFHCRbZ6k437PeTdXtg,18633.116555000008,19066.220560999936,18181.736758239942,0.9757753999215476,7.2726947032959774,1.0,309494.804664,25105.303571,327102.72036565584
GokA1R67GqSavkd15zR62QD68Tuc5AEfvjssntVDEbM8,3YB7hfpBdbQEuZqLGWVDpRPmeZWCUsrrWyqGXegnQ6Cg,4DPCj6Z1DsG6HUtwSogBGqXEUxdEV5a8YVrrFtcnz7UW,46078.52795499997,46092.78512500001,46070.60381114445,0.9998280295789124,4.607060381114445,1.0,34709.816409,21214.641307,55918.488654256274
RajgMbScQbqqrdJfR2rxfHJiTiY5b6bJ2tTXiF4aPxy,725ZA3fhyBAKb5iopNRrcbSuQa3LXA1656Q3mBvYPxeg,GLA6i1dSZpUfk2f9Nj8uiG7xyDdAR2reff8oEiZH3617,4414.649654060006,4419.869759769994,4409.029772441159,0.9987269926134053,1.7636119089764637,0.9994113567050144,120543.00667985,61304.90492113,181658.37274184267
YAkoNb6HKmSxQN9L8hiBE5tPJRsniSSMzND1boHmZxe,CfWX7o2TswwbxusJ4hCaPobu2jLCb1hfXuXJQjVq3jQF,EnTrdMMpdhugeH6Ban6gYZWXughWxKtVGfCwFn78ZmY3,4839973.165177994,4841287.562238988,4839973.165177994,1.0,483.99731651779945,0.998934137275527,1068157.883321,309804.243495,1377631.9180209753
iLiUBQ7Z7im6Ew3b4ewwPcehzWgEQRJ1iQz7g6D62NW,GpugBvKWM3TVhYcZjemSdtehBWgfvuGr6uAm9iPjXT6v,92fMXJ3xy8tEyMUWLHKRLyhPw2nECBo77GtDiBBbYrjX,0.36339522100001886,0.3553975229999651,0.3554156773583588,0.9780416935046604,0.00014216627094334352,1.0,1865.130452056,1098.40848241,2922.5838283459634
NorjjEePhxfwLF4vZjUHCrVVKLzQjEEGQFd3wgjEJmh,34M8pFVqgbV7aqHxvRT5tCv3vu2P1JJYT8J3VaxBK2oG,3AZWBSze3ucsY3xSeuLne3b2pauVqiaJ1SZSV5T9WGWw,0.004312999999910971,0.001423000000158936,0.0025629521785752955,0.5942388543074889,1.0251808714301182e-06,1.0,38109.866632,2266.811722,24913.17520721088
vEnkoSUkpnbRrPgBz9DfcVxNz67zjwMYBZraAvDDNSf,DtfyjjsZ5yCjWKLKHvwsfXs5QVsmm1QkK6Sh9JZHoq1g,e5wrKCRv4GhHvEf1VD5Pq2KGaZDXP77nTL612Jyrxwy,3406.064463999999,3405.218045,3405.5808715162434,0.999858020161137,0.34055808715162433,0.9902509791106555,889.474854,1050.456059,1929.563707441027
daob129AwBGn9Y5r91uLoWZeYiGzbPmksauMhFZKTze,6VW5GQNyj4LStgmxEHLr5zUfW92vQnmbw8jTnCH7a38F,4VPCCUifPeBA1c7HWK358CHn2nyjm8pdTRk6Ps3KmnMQ,6.113760571000121,5.508988951000013,1211.7292555085144,198.19704115601198,0.48469170220340574,180.6646544237457,48.811936166,223.138000334,49987.53104034509
DFWzVTzNBrQZLjoQ4yQwkj9HuoXmfkuZP9V5vbymZe23,DhgiEgiNdqZdRdo195UUHnoEJUtefK8buko8nU97XJUZ,2K2kkXsouBHtWVjtcgkyiXd8eP3oVBvq1bTJzcVdLLr2,4732.506377575995,5574.4991108879985,3946.1625658889816,0.8338419964074552,1.5784650263555928,0.9998462836323544,61504.07653542,7437.780288423,58721.31894534525
JSoLLrxK5bYdHwTEWYaGgmeycBCNXKDiBCTw5hXGBg7,xG4wXczA7Dk4hccJ61CHKpDHW4NrNfQwgmWgkb9BuF2,BVR6WgfhsRr9Lob4QDnkEAiNGgAbv7ZieKcY9kSg3QYR,11.236592712000231,9.678140239999998,2356.7321911042523,209.7372621317276,0.9426928764417009,180.49801930498515,17.515344508,163.316866935,33151.99140326523
SoN9GaFpSXfpyR5dth3x7PHPVhvJMpQqqDJfCSmPv1t,9kZ9iS68ViMPtoeqtnhAKuF2iqVyfHPdZHoUNdwCELr,BBhm5fJLjw3HRzjtKB8uMEYjGhY6EDm9co3cqpjrSzB9,6.7556230970000035,6.600861682000001,1420.0125523417125,210.19712496576417,0.568005020936685,208.8349723398079,3.664054818,5.963300717,2015.519528749208
SAMyS8Jr2HJrkFwYVKbpUwsNStnQmvz3f8Tup8bWUWF,6jPzm5TFfquvgm25sTyN3MMGBfufRaFHMxobDWv6hMFW,Cj9ECoDmxsHTDzCY5ZA6RWrPbg9uFzEC1Qc2kso2vJG6,2054.592617760005,54.104996290000145,2059.896790197861,1.0025816175878401,0.8239587160791443,0.026297431098626728,539.05891387,106467.01214144,3340.259473909103
BUSDgu5JdqP1rndBvXvanbEufS94FNh1w5FJcAj6vawb,Bgzr8cWubt89JQFXndVjtdKmDbGzuPxNhvjH1EhWCwbo,Dxaf8xPBBQsasRKW5Aa4Sw2YrbfGofY9xZueyyF23FBW,9380.255491269992,9323.469735850002,9429.449968997751,1.005244470982005,3.7717799875991007,0.9994113567050144,4805.0543734,10168.35984149,14992.62864627656
BUSDTd9WiT6uBHJRgNvFXBsA7JrifsAtWzKfioN7ERcy,DyBxrn7gSc1EwnpWhDyhzvMHPtxpmBqRqotapLcKcfTM,Cds99GeBgoCpqBsoRWu1C6fF9LiUMd4pXQQD24s9LPff,43613.69377156,43582.80429663998,43675.74958684548,1.0014228516302819,4.367574958684548,0.9985760305803925,2574.19393734,3189.08903005,5762.404498175209
ercAoEmXjQzEvAFbdjAo81KtMxRGn9AW1ju882upmPH,CMRhskR2Eg6V42RTSdRTXGdozyPbWB8U9dVpijPWb9T4,7TKLLgrWswt6ZJ1pXhVR3FyufHGjJFqiEXxvWJfDcgRm,13.033645584000055,12.867926109000052,2350.9249707344006,180.37355362956683,0.9403699882937605,175.91718381920782,419.554161103,920.265380944,237566.96916019885
HDSBGqAuMRr6X2AfmmbXQPpRgU6VEhtfNVVZ3wUTZXg,DCZ1d8kNLgDcdSd99y4udLgwq46mfDXNS9KXj96kQf5L,Fq8GGYQM5Pz3q7LmVMbrXHJgsxA5ev86kTq8yGgGuYsa,739.5689700460025,742.5782437890011,735.6309631556918,0.994675267554741,0.29425238526227676,0.9998462836323544,16197.664030566,15377.295347399,31486.347408779024
wrmcMSHFi3sWpAEy4rGDvQb3ezh3PhXoV2xNjgLBkKU,8p4mGnARWPBu6P2Gcw4adodLkNDorrXniZMhaY7eJXUn,AyY89zccbsgp9LKFgH4CFZMJmpSgqmPSdTfukhP227rc,0.009735009999999475,0.044371420000004186,3.2469839935692355,333.5367907757065,0.0012987935974276942,3387.533875338753,27.10008691,0.09391906,9357.030014994107
moFiBS1R4Lf3E3zzmBPnw3NF4RhWPkhREFviuzUaCAU,44ALBrpqi9PfZkBRTvbtRNtFJGsatfY4QydjtMbFWq8S,2ho8qEEie1UjVwWNBo9y4oAJZMyMLx8zPj9bxyUz6uWs,3748.535991661003,3735.1021574010047,3725.6644505548607,0.9938985403482793,1.4902657802219443,0.9998462836323544,47397.516168749,19740.764255288,66846.05191296572
Cob4usZcpHEY7Qt4ZCwj6WVg9S44zvzYV2v9qYF65dTf,NhFM9UXE48PyNAyeyPYA3iXztqKVJwA4bTdLj4ysM8w,6TuFuynuBoeskxyR2cz4wxyidk8dpDK7kAWw3UkjQGx,145.3091699999997,6060.770471000008,3.4257196085646764,0.023575384874641312,0.0013702878434258706,1.0,60272.886333,344.827383,1765.7838758059834
BSCuChvaSj9b5HUSqgDVRzcnr2sSn7cXaamt1jbKH6hn,GnKpRj5kBVPMJfiwZtEuD9GYApLzPdW5JFuZTcyX4BTc,3dmwD9okkomV9nDwyuh4UMhKdUR13QpuKxRo89ycZB5t,486.44416859099965,487.60470395900006,485.6082658313943,0.9982816059610159,0.19424330633255774,0.9991038038879126,1800.709219814,1304.962218326,3101.4076080842433
ALBpShJ9NLpE739pcHDF2LNVk5J4VYPvvKuV6jMPitZi,D6d156U1bPiJpDYRLextvDRccgFk7QzkQbJg42ceKEu5,GNcM8U5g8RwTZffwwm3kSQqUNPSwv5d2fbN9sLxPJqt2,62.95667799999501,63.06737599999906,62.828507843993265,0.9979641531276197,0.025131403137597305,0.9990139732084432,55215.1677,45082.498096,100140.80361857705
AUSejoEUCh2DBs9mof6BNC8Pubs22w4cJa1ccV9h44R,4xkyD7AfGQDwsQMy9MosRRNGoVJ1zosNinesxg1TzHG7,Cbm5gsQe3nSiCsFrvepVzMCD9xLK3ri9g3ypS2hdmVJ7,1014.4670220000044,1014.1134849999999,1014.5765962724018,1.0001080116652599,0.1014576596272402,1.0,14422.495236,14449.526401,28873.579434727642
KwnjUuZhTMTSGAaavkLEmSyfobY16JNH4poL9oeeEvE,J63v6qEZmQpDqCD8bd4PXu2Pq5ZbyXrFcSa3Xt1HdAPQ,BnKQtTdLw9qPCDgZkWX3sURkBAoKCUYL1yahh6Mw7mRK,483.15271799998413,17350.848671000138,12.676489721199188,0.02623702454510378,0.0012676489721199188,1.0,274039.518076,655.998886,7845.980448088422
ALLwa5WNZbvQsRKAqe1jdRGemdYQnW8E5k4msbRFcYtu,CGoM82Hbz7QVqTgvQatYtjvDWBvoUJp5qm21P8iMs9yb,3dxNNww8TivyN5FMy5dCNdi3Zcxv6e4kUfSPxfFwpdNq,1.7947988999999978,1.7952830110000013,6072.53654080389,3383.407768304236,2.429014616321556,3371.6237402770803,4.824904765,3.802652648,29145.73420725343
STK75uPSyBnEhGTTzb1nwmP3n427XoXmfRhXxxhyady,6TYyD5fUmDe6N65avW1Ny2RxzRNobw2RRgKwH9CTzSAU,54zDfk4cx2vGrEajPtodWpArNe5eUurytyxd4X3aZAxK,1827.173812271001,2008.8585848379907,329116.43476180075,180.12322229637294,32.911643476180075,201.72971123602215,3113.474278622,568.180349207,675427.8773777802
KEN5P7p3asnb23Sw6yAmJRGvijfAzso3RqfyLAQhznt,9zj4aX38Uxf3h6AUjS4EipWS8mwbEofasHAf3a1uKGds,CwQDG1MWunn9cLNwcZLd8YBacweSR7ARo32w4mLua1Yr,289484.7822830009,289531.8971319997,289281.9956040824,0.9992994910567692,28.928199560408242,1.0,1591029.439137,1383254.537536,2973169.446321941
