0,1,2,3,4,5,6,7,8,9,10,11
B2izdXFYb2sNwbWWHmh75T4aQFtfXsUxem9u2p61HGzf,4DYwgJtxwuJdAjkj5RJSNH4e7U329V5cNp7d3a1nLrZv,EXNW64GEf1ACC6xY9BtKRiunrs6GoJSXBdxWN2eTPmrF,4035.8510419999875,3977.6066129999945,4077.5192108153087,1.0103245061281232,0.4077519210815309,1.0,9043.695451,30761.508764,39898.57590410473
DFWzVTzNBrQZLjoQ4yQwkj9HuoXmfkuZP9V5vbymZe23,DhgiEgiNdqZdRdo195UUHnoEJUtefK8buko8nU97XJUZ,2K2kkXsouBHtWVjtcgkyiXd8eP3oVBvq1bTJzcVdLLr2,3339.8654303540043,4057.9747589369945,2728.8699703931857,0.8170598568409815,1.0915479881572743,1.0,62083.104179205,6963.239968353,57688.85218125798
C2ypsDADXcCRz8HbV2zX1AXPSja7a1P3xZtRC91xGhJh,J9bYNuDpY1d1T86gLaw7DGk5D3CsUAf2tzUwxMvb6FTv,A2NGvvPrMGzsJ4jb52KEnSBVmsA7C34dV1GC7PerdgvG,0.2977127620000002,0.2982391350000002,51.6731187894464,173.5670262917596,0.02066924751577856,173.7400588110099,2.72710754,2.293306783,871.7752014457437
AUSejoEUCh2DBs9mof6BNC8Pubs22w4cJa1ccV9h44R,4xkyD7AfGQDwsQMy9MosRRNGoVJ1zosNinesxg1TzHG7,Cbm5gsQe3nSiCsFrvepVzMCD9xLK3ri9g3ypS2hdmVJ7,613.4480909999984,613.8362929999985,613.4253942604107,0.9999630013689493,0.06134253942604108,1.0,14487.411516,14385.418187,28872.29368860644
vEnkoSUkpnbRrPgBz9DfcVxNz67zjwMYBZraAvDDNSf,DtfyjjsZ5yCjWKLKHvwsfXs5QVsmm1QkK6Sh9JZHoq1g,e5wrKCRv4GhHvEf1VD5Pq2KGaZDXP77nTL612Jyrxwy,2742.7529750000003,2741.0562569999993,2737.404087413195,0.9980498106699509,0.27374040874131955,0.9981793209186444,694.572296,1247.367132,1938.3138252753902
BSCNHw8CmxbZ8hCWWzMf5FaG2ajPT6JxfznKUNuRVrn4,7n9kgNL633yGzCYksgnzHyjG73ZLBAwvEae5sbAekbzW,SscdxE99omdG9AiMVwmaEMQySQnCgeAh1sPj2Leutm2,105.70157381599893,105.59962614100004,105.96848926014867,1.0025251794700274,0.042387395704059465,1.0,4937.511117564,6751.651367463,11701.630586734103
SERgf3DMJpQxUifu7VoFKmfne73d2fDJxSrxUMrcNJB,AJfM2GZ2tTB8UtN2krcyR9xufRJEx2mhSCbJyMgPo3GU,F4yRYkufQvERZcEKnKjJwRLU1btiMBUuEwq46hfm11QD,6.537899999869978e-05,6.537899999869978e-05,0.011234277269692037,171.83311567805347,4.493710907876815e-06,172.8923173051205,29.284890014,27.959076601,9866.023436652998
GokA1R67GqSavkd15zR62QD68Tuc5AEfvjssntVDEbM8,3YB7hfpBdbQEuZqLGWVDpRPmeZWCUsrrWyqGXegnQ6Cg,4DPCj6Z1DsG6HUtwSogBGqXEUxdEV5a8YVrrFtcnz7UW,43643.31172,43631.94771399996,43666.76077053378,1.0005372885239374,4.366676077053378,1.0,26533.552923,55112.650197,81660.45929348482
C98Sspw7XqnMsgxea3SLQVdbMDL8pKUc3RE82UvX9eq2,CSqgQJurPCzGxb4Cgwx5R61hWQUiaoUHcShNc8r1cKEL,6S2CR5EnukPhC914XkAns8m5GixjMAoUuZMsS5ubHuWc,26.965729999999667,26.614073999999846,0.0,0.0,0.0,1.0,848.723257,2129.576435,2129.576435
4Fss9Dy3vAUBuQ4SyEZz4vcLxeQqoFLZjdXhEUr3wqz3,,,0.0010261390000000001,0.0006288590000000001,0.0,0.0,0.0,1.0,848.723257,2129.576435,2129.576435
KEN5P7p3asnb23Sw6yAmJRGvijfAzso3RqfyLAQhznt,9zj4aX38Uxf3h6AUjS4EipWS8mwbEofasHAf3a1uKGds,CwQDG1MWunn9cLNwcZLd8YBacweSR7ARo32w4mLua1Yr,994584.1742429978,997272.6931010026,992670.3058932357,0.9980757100310602,99.26703058932358,1.0,1441638.354652,782355.672632,2221219.897059304
BUSDTd9WiT6uBHJRgNvFXBsA7JrifsAtWzKfioN7ERcy,DyBxrn7gSc1EwnpWhDyhzvMHPtxpmBqRqotapLcKcfTM,Cds99GeBgoCpqBsoRWu1C6fF9LiUMd4pXQQD24s9LPff,4315.695702329999,4296.580249380003,4350.231888778782,1.0080024609775284,0.4350231888778783,0.9994682828735113,166.97289436,479.45565454,647.5098081885101
ercAoEmXjQzEvAFbdjAo81KtMxRGn9AW1ju882upmPH,CMRhskR2Eg6V42RTSdRTXGdozyPbWB8U9dVpijPWb9T4,7TKLLgrWswt6ZJ1pXhVR3FyufHGjJFqiEXxvWJfDcgRm,4.214463881000029,4.216067306000014,731.4919632392032,173.5670262917596,0.2925967852956813,173.2671337371035,923.367624829,923.190516399,320224.7474853858
KwnjUuZhTMTSGAaavkLEmSyfobY16JNH4poL9oeeEvE,J63v6qEZmQpDqCD8bd4PXu2Pq5ZbyXrFcSa3Xt1HdAPQ,BnKQtTdLw9qPCDgZkWX3sURkBAoKCUYL1yahh6Mw7mRK,157.70126600003925,5933.15739000001,4.001277709102425,0.025372514822432867,0.0004001277709102425,1.0,274599.578961,641.590192,7608.872079421797
7dwD9TF6uikvHXxPFK9AsSim54yJoujQjY9vU6gNFumk,CquVr6atkvwueDYficKjn6SSEWq4F4rH4VSiBbW4GBWU,8BCa6ge3b7ho3TfZuM64Vk1hgbrJ3J7EPiAb9uP86CGd,4.869599999999998e-05,4.86620000000001e-05,0.009942599739919426,204.17692910956606,3.97703989596777e-06,204.97998882859062,0.003904506,0.003603449,1.5358449805342713
AURHmCnNwiW4uA2Qj1XvEh4iKgRUZYXtiY7FKAapUV5Y,BKWm4TRnTeKwfWXRyuzjRHU7iZDkPuXBX5b5V5jSVfGJ,A5Ww74HVrkj9nPeC7pHKLfgeDMEhBCpW1efQdz3TGLEg,0.00040958800013868313,6.958400012990751e-05,0.07849710440280526,191.64893594594272,3.139884176112211e-05,173.66109897605944,289.900346858,1809.486255981,369796.4648014311
Lid8SLUxQ9RmF7XMqUA8c24RitTwzja8VSKngJxRcUa,4PgzyzLtds9bKZ2to9PMnKqJzKEUpjvNUaeN23phegax,AtymwxoVN9peZo7EXTcDz9jKVc4vRmisJKKrNfe3ewBa,145.7973432320049,124.0716309899999,29773.700079031394,204.21291238244993,2.9773700079031395,173.60050219153274,988.312311446,7674.951451495,1534201.5617389837
heyk4SZTeCUV6a65WiVA5bzic3KcxgVf1qxobfeV4tQ,9ZDpBKPqMABtGfq66FbVribaArMvtk63xxy91onZAtDt,DaTP4s6N7xxSPinbNZ3FB52EpRDRt87QShTuN3VPCW52,30.996308904002944,26.991893196999968,5807.506009424071,187.36121218207612,2.3230024037696286,173.32260119786716,635.888746397,4460.772871953,892293.643857657
FrnkTEL6yZ5Aycq2TrEgu29dCrwKG4LPUZydfiwqspkc,DjvZuMZ46fxKBoBpGMPcRcos4xdTtHFxwMh69DpA2ZFY,9rvDPJLAng4uVVqnnSoEXgNDFhBZQTny9AoQioYDZbQX,480.5792308989992,405.9752801509992,99287.69074844982,206.60004503880984,39.71507629937993,173.5622364674392,176.585910818,1440.293663116,286463.24646851147
JSoLLrxK5bYdHwTEWYaGgmeycBCNXKDiBCTw5hXGBg7,xG4wXczA7Dk4hccJ61CHKpDHW4NrNfQwgmWgkb9BuF2,BVR6WgfhsRr9Lob4QDnkEAiNGgAbv7ZieKcY9kSg3QYR,8.60970703300002,7.373547071999997,1734.8021891490416,201.49375379437924,0.6939208756596167,173.5670262917596,17.421905727,163.44018218,31878.23158075106
RajgMbScQbqqrdJfR2rxfHJiTiY5b6bJ2tTXiF4aPxy,725ZA3fhyBAKb5iopNRrcbSuQa3LXA1656Q3mBvYPxeg,GLA6i1dSZpUfk2f9Nj8uiG7xyDdAR2reff8oEiZH3617,5312.056253919975,5316.514917339999,5306.866987105303,0.9990231152369966,2.1227467948421213,1.0,109260.7055464,72588.70234113,181742.67276908673
YAkoNb6HKmSxQN9L8hiBE5tPJRsniSSMzND1boHmZxe,CfWX7o2TswwbxusJ4hCaPobu2jLCb1hfXuXJQjVq3jQF,EnTrdMMpdhugeH6Ban6gYZWXughWxKtVGfCwFn78ZmY3,7468940.58763099,7467946.176100004,7468940.58763099,1.0,746.894058763099,0.9997870453593385,650140.165064,735285.556232,1385269.138824589
SoNcU2iwHMw6dGzsYNQkYFkUjwN1UdAjrWVRnStrZu2,8ivTTid27jZnYNc4w3CTA1Z6QS2twsFb8WMwUabeDJgc,CyXm53PMvHCbeXJBykU46Rcbo28xk5srhMZFg7gv6EYB,21.90898006099998,21.73799869800002,4487.323501520555,204.81663176591263,1.7949294006082221,202.24994979144998,15.402194542,20.213461634,7242.797208483664
Cob4usZcpHEY7Qt4ZCwj6WVg9S44zvzYV2v9qYF65dTf,NhFM9UXE48PyNAyeyPYA3iXztqKVJwA4bTdLj4ysM8w,6TuFuynuBoeskxyR2cz4wxyidk8dpDK7kAWw3UkjQGx,110.2045550000052,1117.2064559999924,2.1734860687866338,0.019722288872601784,0.0008693944275146536,1.0,61962.507382,308.321993,1530.3644628585246
NorjjEePhxfwLF4vZjUHCrVVKLzQjEEGQFd3wgjEJmh,34M8pFVqgbV7aqHxvRT5tCv3vu2P1JJYT8J3VaxBK2oG,3AZWBSze3ucsY3xSeuLne3b2pauVqiaJ1SZSV5T9WGWw,5.960561999998845,10.03634399999828,3.534455318260053,0.5929735012001784,0.0014137821273040212,1.0,38120.278942,2260.681702,24864.99697296517
SEQV6QiTpvTzrceiaYg9Avnwf7oc8ZALpnQMz6TyT4A,3dFMPj4r9mMmPHF32mz1gNDX7f8ftidWof7S8YiYTs1j,Fc1ED3YPeQfXQosHbd8DTaBd2AV5gHQtwiSAL5C5pUhi,2394.4784522089985,2387.382818657001,2399.1994144776518,1.0019716035716664,0.9596797657910608,0.9982384585042007,952.106707457,4671.309579056,5617.064757834798
Lee1XZJfJ9Hm2K1qTyeCz1LXNc1YBZaKZszvNY4KCDw,9DgFSWkPDGijNKcLGbr3p5xoJbHsPgXUTr6QvGBJ5vGN,2hNHZg7XBhuhHVZ3JDEi4buq2fPQwuWBdQ9xkH7t1GQX,3535.2737279460125,2996.7207368119807,725068.938348688,205.0955581224404,72.5068938348688,173.69400778253373,7164.18280164,56435.022720542,11271767.345822833
BerKDkt6v49dT1bHRedgnpsJS263C1DSJtEGvY9Mg35V,78XKqNb8wbfsMMrvo8WPUpdx7GEkfQutpNVH943aCGFa,DKYQwn4nDvFHCszi5tXbqfVMAP7DaXXp1KGTXEnYnKVH,0.0013870610000594752,0.0013870610000594752,0.0014123047570182665,1.0181994569508543,5.649219028073067e-07,1.0,1339.269355658,5107.72949222,6471.372822861897
parEAJhzYzHW87y9VoZAQ22dzQ2MD2ekEtTReaxbMcz,3oyc6hpjYSJEquK6dSvG72NXyz3pqLZz5D8AC71pwgQb,Di2vordgFJVZ1aj1aBpvzXtLfZgJsuLLXawGtVFwX6Rz,6.036961569999903,7.001031894000079,1022.3730535498439,169.3522547220489,0.40894922141993756,196.84136534682563,1103.0101587,143.405980908,215025.4864380015
KZMu9QBEdL97EFgamLbN5DE1AoKBG4HdrKKJo4Vuon3,DD4ACBWyVqdaKWh7v5btsgqQCCMwbKnuL2xd9pv7Gyuw,GcYqiJ1MAuYbNTNYXm1F1gQYTfTgkErACAhNU5dpVj9T,362.9112452400004,363.2099752899999,361.8276438123113,0.9970141420473965,0.14473105752492454,1.0,2382.64372412,2007.40879033,4382.9382787381155
ALLwa5WNZbvQsRKAqe1jdRGemdYQnW8E5k4msbRFcYtu,CGoM82Hbz7QVqTgvQatYtjvDWBvoUJp5qm21P8iMs9yb,3dxNNww8TivyN5FMy5dCNdi3Zcxv6e4kUfSPxfFwpdNq,5.436760386000001,5.436733286000003,19198.278138352347,3531.1981355273842,7.679311255340939,3536.493072010072,4.009186085,4.609990299,30460.42918278147
TETFuZgEmET6d9vYmz9iMFCxK1jKdKYxf3oPz8hSzJK,Eu1Ze6Z84LWNkq7SNoAHBJbXx5t1P95EwyqYohrfCRFV,ASMbv7WNu3qe4pkhREmvyEdwFNDZQ6B6iSrjkj4u8bdC,21.04956833300001,21.08023164799998,21.1067873772113,1.0027183001240736,0.008442714950884521,0.997025871824348,292.940955396,59.408554764,352.9691229388008
moFiBS1R4Lf3E3zzmBPnw3NF4RhWPkhREFviuzUaCAU,44ALBrpqi9PfZkBRTvbtRNtFJGsatfY4QydjtMbFWq8S,2ho8qEEie1UjVwWNBo9y4oAJZMyMLx8zPj9bxyUz6uWs,1712.9266020379982,1713.8681816340068,1712.4397725350643,0.9997157907978341,0.6849759090140257,0.9998028868612496,35841.843942923,31267.768236689,67093.26230980197
daob129AwBGn9Y5r91uLoWZeYiGzbPmksauMhFZKTze,6VW5GQNyj4LStgmxEHLr5zUfW92vQnmbw8jTnCH7a38F,4VPCCUifPeBA1c7HWK358CHn2nyjm8pdTRk6Ps3KmnMQ,19.293242889000418,17.370249853999965,3718.9886531120364,192.76120010039003,1.4875954612448146,172.86153428094875,48.577595913,223.422667464,47985.06077715093
SAMyS8Jr2HJrkFwYVKbpUwsNStnQmvz3f8Tup8bWUWF,6jPzm5TFfquvgm25sTyN3MMGBfufRaFHMxobDWv6hMFW,Cj9ECoDmxsHTDzCY5ZA6RWrPbg9uFzEC1Qc2kso2vJG6,1242.701461210003,31.621841150000137,1238.990931169337,0.9970141420473965,0.4955963724677348,0.02530175002443504,528.51842695,106878.94132818,3231.164602363663
MATgk4zXLXtYkwBH678J1xZbRDZ45LicNzkRBHkxTuY,y8dALFo1bJrSzPYjMX14HJX448pXqYmrfXHD1K8MXih,GN7Yuet3UyiWS5YVkEHv6oQKi4HGBJc3XDPt9zQhAqZz,18753.518933,18741.523140999987,18739.40815865653,0.9992475665823635,7.495763263462613,1.0,8602.073431,6173.687847,14769.288790489554
MATSnbbiTCv7Dc3trJrkrqjx7ckKdr6fwPoVwv9q3sD,631WX9JizSHJm4w6VanZeJAst9T8DeUUnPLesdGkCVtK,211maUSfpnXbPuW1iBu8b4dtJv5EbN1j7JJiEX5TZKEP,29534.57365699998,29537.014097000003,29583.32697986279,1.001650720387198,11.833330791945118,0.9985112197713211,17975.411268,27522.150401,45486.25961348062
BUSD5rCfUDpCxKGMvYU2yThChxgHoioK74PTPociGnv2,CcFHbafgYDZ8yA8Me1PdtDiVb2eeaS61LbqyKKK5CsNZ,26R9s4nmF3CFDTkiePDwRmtscn8i7r2eygbSijditJ58,1434.8793179799998,1435.0644988099998,1432.7532268116693,0.9985182787557886,0.14327532268116694,1.0,82.59414676,64.48553506,146.9573003180982
STK75uPSyBnEhGTTzb1nwmP3n427XoXmfRhXxxhyady,6TYyD5fUmDe6N65avW1Ny2RxzRNobw2RRgKwH9CTzSAU,54zDfk4cx2vGrEajPtodWpArNe5eUurytyxd4X3aZAxK,1696.6665310120075,1903.0596086250193,294689.08811007725,173.68709921701856,29.468908811007722,194.73813660140277,4866.398127457,879.005281358,1016406.4249475859
DA1mL7dfBow33EH5yjUuZE6SH2KeUK5zEXzsyhE5r5j5,B4UtLRZND3D83CitRCBUyeiNr7H8m7YFRqBmiPmXjhW4,AAmpYbuixWiSqDaJBCqYEs1pb5SrbdPr9mgXrB58Q2e,53.82144940300003,53.889999999999986,65.20212591173218,1.2114524345770923,0.02608085036469287,1.0,167.457062883,2970.783786876,3173.650053392739
BSC8REUo9LpiiWUuqMuLXs2D2yJsJfGd4HdiF3wCLxk5,AZjEH1zWVx1UJ6udMyRijGTzPteuLnaY18yNNmprJEsh,Caf8ypkSVR8xYnXNhjvfvdGCC7mrM3C11rz8Xi6NA6aK,266.7299490549999,266.1384949219996,267.7857694309971,1.0039583870492903,0.10711430777239885,1.0,2416.358952247,3930.471199874,6356.3950361040115
MARpDPs5A7XiyCWPNH8GsMWPLxmwNn9SBmKvPa9LzgA,6YjT74rmcfCpw8LSjPNx5JTmZoYLGrTKnf9arfSgZ4SR,F8GSmi3vA8M8TsybLya1LQ4n1aFHCRbZ6k437PeTdXtg,83068.45480900005,88758.86913099987,77799.04752133267,0.9365654832537409,31.119619008533068,1.0,320481.478203,14652.096895,314803.98740206595
wrmcMSHFi3sWpAEy4rGDvQb3ezh3PhXoV2xNjgLBkKU,8p4mGnARWPBu6P2Gcw4adodLkNDorrXniZMhaY7eJXUn,AyY89zccbsgp9LKFgH4CFZMJmpSgqmPSdTfukhP227rc,0.0070317600000005115,0.017298990000001346,2.16762022194837,308.26140567200986,0.000867048088779348,3535.192844769682,27.16439509,0.08796742,8684.716408430093
SoN9GaFpSXfpyR5dth3x7PHPVhvJMpQqqDJfCSmPv1t,9kZ9iS68ViMPtoeqtnhAKuF2iqVyfHPdZHoUNdwCELr,BBhm5fJLjw3HRzjtKB8uMEYjGhY6EDm9co3cqpjrSzB9,6.3160566550000015,6.198472603999999,1293.5044286155185,204.7962042252324,0.5174017714462075,199.63438957892515,3.655227826,5.980643406,1942.5188799892821
BUSDgu5JdqP1rndBvXvanbEufS94FNh1w5FJcAj6vawb,Bgzr8cWubt89JQFXndVjtdKmDbGzuPxNhvjH1EhWCwbo,Dxaf8xPBBQsasRKW5Aa4Sw2YrbfGofY9xZueyyF23FBW,12125.65070382001,12054.544293389998,12198.945874295458,1.0060446381201098,4.879578349718184,1.0,4815.4361469,10173.29504748,15017.838763278505
MNkYtBe2HtgL15osfaMmyqNW3vo4J399FXXCS4a39Wf,2mUxDu8NrhSKhQJMgKfYLxJqZzeEbmwhQdHeHMyohyuk,AZCBmDBcFsA2jHHhfFJBTsWCHx9XnnKmGfFsue3ZVW1t,0.07633713999985048,0.005978879999929632,0.0763054213622986,0.999584492718067,3.052216854491944e-05,1.0,2195.17588665,1941.31379602,4135.577571103973
BSCuChvaSj9b5HUSqgDVRzcnr2sSn7cXaamt1jbKH6hn,GnKpRj5kBVPMJfiwZtEuD9GYApLzPdW5JFuZTcyX4BTc,3dmwD9okkomV9nDwyuh4UMhKdUR13QpuKxRo89ycZB5t,79.71959719999995,79.79927876800002,80.13371437274571,1.0051946721670812,0.03205348574909829,0.9992294322325808,1059.876736163,2048.583187657,3112.3870638285975
ALBpShJ9NLpE739pcHDF2LNVk5J4VYPvvKuV6jMPitZi,D6d156U1bPiJpDYRLextvDRccgFk7QzkQbJg42ceKEu5,GNcM8U5g8RwTZffwwm3kSQqUNPSwv5d2fbN9sLxPJqt2,18717.771291000005,18674.917478999996,18728.052992092664,1.00054930156656,7.491221196837066,0.9990109791306606,43771.243373,56551.009987,100290.36684349569
KEVpg4SYCVrqFxKijQH6hm4QxsRdoE51ud64bEEFUC9,2bPenuBYfqzD8p5dFjCcggwkHDsc2RQDnx9AoyYGUBjA,AE6n6iLuX8oYu61vt5hoDYkjswpnxFxrhSehxrnQTnbx,177.86923788899958,178.0170334100003,177.5370731266625,0.9981325339542729,0.07101482925066502,1.0,5851.121461551,1777.322217097,7617.516907989128
Sid7E679i9ABqptiAVhkmQ27YHN8vaYT4fppPwmxFsJ,GP7KB8o1bv527HG8kTzzzf4wJ5aEGHvcMQvVhLziUfmT,9gYxhAZ1M9wu5pxr8SBoa5NDm21gi3s9vMHaYTME77sa,1075.3655009999966,1383.636771000034,21.208669054352075,0.019722288872601784,0.00848346762174083,0.02538333854410968,107571.884741,24590.808582,2745.7606047425297
HEDSDjj84KS7LKhZY7ejkCACTdPen62rKhCby1wXtgxc,EnnjMSFttpCTywBrYNt1J5QQeoSVkvzPipJDa8Y7kJow,6bjVT6JN2rSvpyn9PdfLYC8wJn4LWh49jpY47fnLDXZk,2029.5146073849955,2088.4016480270056,1931.9623294912205,0.9519331974557849,0.7727849317964883,1.0,39103.205891762,9119.106816842,46342.74663215889
WiiQFxXqp8P9Fs1rt9SVcDyA3KUdJmUsog6wnVQAwba,3S2jpqSYxho6wiz3cafhjXruVY8cg4HYa2v3BqBHYFSj,Dfe67M6TfrG74gKRtdqys4e6E9QirPD53BkF4FujFjuv,7705.565026414002,7720.228840291996,7692.874552836662,0.9983530768303377,0.7692874552836663,0.9996689936015147,19946.899737937,6833.207886132,26744.99477719517
SRMuKizofcAMicegrfSv7xs9q76tH1w8aAF7oX9FEWu,72Hj2KWntXPfbie4UgKeTPnm1XVkomDfCnRPKbvfTtPi,6aqJQ5wedqpUt4fFEDUqUmXhrdxCu4bEJsQdVPCADLko,4.70000013592653e-05,4.799999987881165e-05,2.6588725135874205e-06,0.05657175397215742,1.0635490054349683e-09,0.056212447976784714,17971.450574,3892.771299,1235.4986845256733
ZUCKWFa4LTL833dPhhpeeRWZcaAEoMeYJPi2iKn4F8N,7eEYpq6ShaJ9opZWMxitRFrdCHh6vfyHhGfoSvFht3N2,H8VggnHmuwd1wvwpT8eg9cUJFEfZ7HAaeYjgXrSm7A2u,0.0013916610000705987,0.0013916610000705987,0.001393936731420759,1.0016352627184673,5.575746925683036e-07,0.9928111448459843,1805.111925129,2042.026524055,3835.410448515734
