0,1,2,3,4,5,6,7,8,9,10,11
daob129AwBGn9Y5r91uLoWZeYiGzbPmksauMhFZKTze,6VW5GQNyj4LStgmxEHLr5zUfW92vQnmbw8jTnCH7a38F,4VPCCUifPeBA1c7HWK358CHn2nyjm8pdTRk6Ps3KmnMQ,9.361252022999885,8.404526203000003,1826.1667221335915,195.07718814180396,0.7304666888534366,175.8724769774134,48.831107082,223.123691884,48767.151427392164
wrmcMSHFi3sWpAEy4rGDvQb3ezh3PhXoV2xNjgLBkKU,8p4mGnARWPBu6P2Gcw4adodLkNDorrXniZMhaY7eJXUn,AyY89zccbsgp9LKFgH4CFZMJmpSgqmPSdTfukhP227rc,0.003984750000000009,0.043032190000005244,1.2854032258064545,322.5806451612903,0.0005141612903225818,3641.7932189810263,27.15164447,0.08909098,9083.045917158955
BkMBnJpvHKtWhUvrgRrLesXfi9RUV3ELgdBaJcdH7hcY,5uerVwBnZQsuVhZ15igs7ZgmcqhHnYWbwoRtLyRqLvR,9YWiQh5d4jCtgMdzcGLv9bWgnLaFtzvDDh2nnhJdzhBX,53.64314855899988,53.664651997999954,53.841944972751065,1.0037059050240598,0.021536777989100427,0.998094799716793,1114.216648772,1759.198079488,2874.192284657318
RoBgmK8CvjdHvPrqdDyVw54VwjZv2TqJ493xnqJAQHx,ExiHJxM7qPAcy27NDHAF6G7vnW7muNHi2sVJpnaNynGQ,6rkPHSqZb7StM4HwS9EuVrmfkV7tRdc7dnsFhyB6cefE,5.772521999999597,12.661693000000092,0.0,0.0,0.0,0.948466045864024,6183.285046,20.467053,19.41230482939941
ercAoEmXjQzEvAFbdjAo81KtMxRGn9AW1ju882upmPH,CMRhskR2Eg6V42RTSdRTXGdozyPbWB8U9dVpijPWb9T4,7TKLLgrWswt6ZJ1pXhVR3FyufHGjJFqiEXxvWJfDcgRm,12.052283519000184,11.916932672000087,2115.3163446817744,175.511664768508,0.8461265378727097,173.28806124970498,449.555411263,923.07008355,238859.2438124431
C98Sspw7XqnMsgxea3SLQVdbMDL8pKUc3RE82UvX9eq2,CSqgQJurPCzGxb4Cgwx5R61hWQUiaoUHcShNc8r1cKEL,6S2CR5EnukPhC914XkAns8m5GixjMAoUuZMsS5ubHuWc,273.3236020000003,272.52036599999997,0.0,0.0,0.0,1.0,814.084304,1802.168613,1802.168613
JSoLLrxK5bYdHwTEWYaGgmeycBCNXKDiBCTw5hXGBg7,xG4wXczA7Dk4hccJ61CHKpDHW4NrNfQwgmWgkb9BuF2,BVR6WgfhsRr9Lob4QDnkEAiNGgAbv7ZieKcY9kSg3QYR,0.9232581169999889,0.789882850999998,188.48857217052995,204.15587872977477,0.07539542886821199,175.2873573292377,17.384472742,163.472881985,32203.871787041822
GokA1R67GqSavkd15zR62QD68Tuc5AEfvjssntVDEbM8,3YB7hfpBdbQEuZqLGWVDpRPmeZWCUsrrWyqGXegnQ6Cg,4DPCj6Z1DsG6HUtwSogBGqXEUxdEV5a8YVrrFtcnz7UW,51658.33780300001,51660.87888899999,51651.519802386094,0.9998680174217003,5.16515198023861,1.0,43409.71161,31123.563837,74527.54612133847
MARpDPs5A7XiyCWPNH8GsMWPLxmwNn9SBmKvPa9LzgA,6YjT74rmcfCpw8LSjPNx5JTmZoYLGrTKnf9arfSgZ4SR,F8GSmi3vA8M8TsybLya1LQ4n1aFHCRbZ6k437PeTdXtg,66794.9883009999,68595.021856,63610.76083511569,0.952328347576991,25.444304334046272,1.0,315259.29032,19530.186414,319760.54542274046
vEnkoSUkpnbRrPgBz9DfcVxNz67zjwMYBZraAvDDNSf,DtfyjjsZ5yCjWKLKHvwsfXs5QVsmm1QkK6Sh9JZHoq1g,e5wrKCRv4GhHvEf1VD5Pq2KGaZDXP77nTL612Jyrxwy,3190.6594240000013,3191.051432,3178.476324249154,0.9961816357900168,0.3178476324249154,0.9960615725421682,912.837423,1028.083107,1933.3859535169415
AUSejoEUCh2DBs9mof6BNC8Pubs22w4cJa1ccV9h44R,4xkyD7AfGQDwsQMy9MosRRNGoVJ1zosNinesxg1TzHG7,Cbm5gsQe3nSiCsFrvepVzMCD9xLK3ri9g3ypS2hdmVJ7,2497.109970999998,2498.6845459999968,2494.3362690687936,0.9988892351704904,0.24943362690687937,1.0,14716.272657,14156.399965,28856.326303911133
STK75uPSyBnEhGTTzb1nwmP3n427XoXmfRhXxxhyady,6TYyD5fUmDe6N65avW1Ny2RxzRNobw2RRgKwH9CTzSAU,54zDfk4cx2vGrEajPtodWpArNe5eUurytyxd4X3aZAxK,1524.6468061070004,1699.5387236020065,267593.2991238283,175.511664768508,26.759329912382828,196.27486017378962,4028.329171966,733.744164294,851034.292457437
HEDSDjj84KS7LKhZY7ejkCACTdPen62rKhCby1wXtgxc,EnnjMSFttpCTywBrYNt1J5QQeoSVkvzPipJDa8Y7kJow,6bjVT6JN2rSvpyn9PdfLYC8wJn4LWh49jpY47fnLDXZk,7.259551326995279,7.376532624995889,7.0334439206595265,0.9688538042984899,0.0028133775682638107,0.9968114612999044,39101.180656537,9120.247698812,46974.49506771828
MATSnbbiTCv7Dc3trJrkrqjx7ckKdr6fwPoVwv9q3sD,631WX9JizSHJm4w6VanZeJAst9T8DeUUnPLesdGkCVtK,211maUSfpnXbPuW1iBu8b4dtJv5EbN1j7JJiEX5TZKEP,25779.217570999976,25795.347268,25709.134470433575,0.9972814108739576,10.28365378817343,0.9942868278869615,26118.154293,25460.397865,51362.08799267757
MATgk4zXLXtYkwBH678J1xZbRDZ45LicNzkRBHkxTuY,y8dALFo1bJrSzPYjMX14HJX448pXqYmrfXHD1K8MXih,GN7Yuet3UyiWS5YVkEHv6oQKi4HGBJc3XDPt9zQhAqZz,35542.825956,35442.37431599999,35499.37472134108,0.9987774963444744,14.199749888536433,1.0,9004.479853,5742.36116,14735.833003463602
BUSDTd9WiT6uBHJRgNvFXBsA7JrifsAtWzKfioN7ERcy,DyBxrn7gSc1EwnpWhDyhzvMHPtxpmBqRqotapLcKcfTM,Cds99GeBgoCpqBsoRWu1C6fF9LiUMd4pXQQD24s9LPff,24105.522138739998,24094.834738829984,24172.552142379776,1.0027806907999746,2.4172552142379775,0.9956291878652715,2181.85151539,3586.55895328,5758.80134771084
BkwbeSfcX1h4thMDd7obGkHrPevf3QwgzJ4pCEqG18Lu,35yX27bmurdebhfAb8EPmjLETDiUaEUCn9zHaDPbakH2,2CxECn1ZJFoESyUnQysQU8rRgT3iJ5GRs2Mdd6gZjx5g,0.0037463299999987987,0.003206459999999023,7.633264736442875,2037.5313270441534,0.0030533058945771503,1262.6262626262628,0.84057366,22.73282247,30415.75383918059
SEQV6QiTpvTzrceiaYg9Avnwf7oc8ZALpnQMz6TyT4A,3dFMPj4r9mMmPHF32mz1gNDX7f8ftidWof7S8YiYTs1j,Fc1ED3YPeQfXQosHbd8DTaBd2AV5gHQtwiSAL5C5pUhi,4021.4456936039987,4014.6957878859994,4033.820672867145,1.003077246394954,1.613528269146858,0.9919837790812445,802.386638746,4820.007514917,5586.225049984803
ALLwa5WNZbvQsRKAqe1jdRGemdYQnW8E5k4msbRFcYtu,CGoM82Hbz7QVqTgvQatYtjvDWBvoUJp5qm21P8iMs9yb,3dxNNww8TivyN5FMy5dCNdi3Zcxv6e4kUfSPxfFwpdNq,5.914201836999999,5.921495555999998,21493.68308257014,3634.2491641226925,8.597473233028056,3644.4344020029807,5.995714615,2.637249511,31401.2036724359
KwnjUuZhTMTSGAaavkLEmSyfobY16JNH4poL9oeeEvE,J63v6qEZmQpDqCD8bd4PXu2Pq5ZbyXrFcSa3Xt1HdAPQ,BnKQtTdLw9qPCDgZkWX3sURkBAoKCUYL1yahh6Mw7mRK,190.8225670000396,4646.978782000164,4.7722708583667135,0.025008943823534892,0.0004772270858366714,1.0,274553.420697,642.717444,7509.0085187706145
NorjjEePhxfwLF4vZjUHCrVVKLzQjEEGQFd3wgjEJmh,34M8pFVqgbV7aqHxvRT5tCv3vu2P1JJYT8J3VaxBK2oG,3AZWBSze3ucsY3xSeuLne3b2pauVqiaJ1SZSV5T9WGWw,0.007231000000501808,0.0014609999998356216,0.004296642427666437,0.5941975421612866,1.718656971066575e-06,1.0,38110.243979,2266.612688,24911.625991488774
AURHmCnNwiW4uA2Qj1XvEh4iKgRUZYXtiY7FKAapUV5Y,BKWm4TRnTeKwfWXRyuzjRHU7iZDkPuXBX5b5V5jSVfGJ,A5Ww74HVrkj9nPeC7pHKLfgeDMEhBCpW1efQdz3TGLEg,0.0008693009995113243,0.0006721209999795974,0.16916321409957605,194.5968245690167,6.766528563983042e-05,174.95969803355797,289.900346858,1809.485886955,373000.79131765495
BUSDgu5JdqP1rndBvXvanbEufS94FNh1w5FJcAj6vawb,Bgzr8cWubt89JQFXndVjtdKmDbGzuPxNhvjH1EhWCwbo,Dxaf8xPBBQsasRKW5Aa4Sw2YrbfGofY9xZueyyF23FBW,6860.271318819996,6823.293248959999,6896.327387299011,1.0052557787882386,2.7585309549196046,0.9991713172845837,4830.58592273,10147.61474166,14995.18000247833
BUSD5rCfUDpCxKGMvYU2yThChxgHoioK74PTPociGnv2,CcFHbafgYDZ8yA8Me1PdtDiVb2eeaS61LbqyKKK5CsNZ,26R9s4nmF3CFDTkiePDwRmtscn8i7r2eygbSijditJ58,615.17343697,616.4296326499999,614.7526265021068,0.9993159482471058,0.06147526265021067,0.9991713172845837,71.54677835,75.25821487,146.6936863389999
parEAJhzYzHW87y9VoZAQ22dzQ2MD2ekEtTReaxbMcz,3oyc6hpjYSJEquK6dSvG72NXyz3pqLZz5D8AC71pwgQb,Di2vordgFJVZ1aj1aBpvzXtLfZgJsuLLXawGtVFwX6Rz,2.718661178000019,3.110998541999777,463.0090993733899,170.30776145264346,0.18520363974935597,200.4980773236875,1104.520971855,142.110580503,216601.39235232788
BSC8REUo9LpiiWUuqMuLXs2D2yJsJfGd4HdiF3wCLxk5,AZjEH1zWVx1UJ6udMyRijGTzPteuLnaY18yNNmprJEsh,Caf8ypkSVR8xYnXNhjvfvdGCC7mrM3C11rz8Xi6NA6aK,16854.237194078,16921.985248716996,16838.58996802739,0.999071614700183,6.735435987210956,0.9957874992304677,3362.122972756,2980.252169069,6326.699481725313
SoNcU2iwHMw6dGzsYNQkYFkUjwN1UdAjrWVRnStrZu2,8ivTTid27jZnYNc4w3CTA1Z6QS2twsFb8WMwUabeDJgc,CyXm53PMvHCbeXJBykU46Rcbo28xk5srhMZFg7gv6EYB,0.5539935519999997,0.549835802000004,114.24335313505756,206.21783903914036,0.04569734125402303,203.51088844306437,15.994431588,19.590765324,7285.271175103544
HDSBGqAuMRr6X2AfmmbXQPpRgU6VEhtfNVVZ3wUTZXg,DCZ1d8kNLgDcdSd99y4udLgwq46mfDXNS9KXj96kQf5L,Fq8GGYQM5Pz3q7LmVMbrXHJgsxA5ev86kTq8yGgGuYsa,2420.4701629600095,2426.730130072003,2400.127936239482,0.9915957539853948,0.9600511744957928,0.9960151803151719,63572.442472876,62319.770447497,125109.60142604847
BSCuChvaSj9b5HUSqgDVRzcnr2sSn7cXaamt1jbKH6hn,GnKpRj5kBVPMJfiwZtEuD9GYApLzPdW5JFuZTcyX4BTc,3dmwD9okkomV9nDwyuh4UMhKdUR13QpuKxRo89ycZB5t,306.132112859,306.3783231699997,306.1084941398091,0.9999228479528975,0.12244339765592366,0.9991746817129051,1606.440429055,1499.649623069,3104.7284236981964
moFiBS1R4Lf3E3zzmBPnw3NF4RhWPkhREFviuzUaCAU,44ALBrpqi9PfZkBRTvbtRNtFJGsatfY4QydjtMbFWq8S,2ho8qEEie1UjVwWNBo9y4oAJZMyMLx8zPj9bxyUz6uWs,6313.589556666,6319.912085344007,6301.26338440544,0.9980476760248778,2.520505353762176,0.9947502928674179,40784.751378936,26330.219757259,66897.12014579636
Lid8SLUxQ9RmF7XMqUA8c24RitTwzja8VSKngJxRcUa,4PgzyzLtds9bKZ2to9PMnKqJzKEUpjvNUaeN23phegax,AtymwxoVN9peZo7EXTcDz9jKVc4vRmisJKKrNfe3ewBa,85.88662456399447,73.09184905899951,17663.385967862534,205.65933354036372,1.7663385967862537,174.81099435290565,990.77140901,7672.028409997,1544916.302723161
CZgvH45CRmoaNJ7395Ao5CQZXkGznvqU7cErD6n7FaRg,4ZjU6MKvtqVQKCiowhvZ5yUsPxXX5SCzd5eFsPeXyey5,BsyWeshjDbCvjDojry3vKDCesmFRM37WtwcR4Kfgzqr,332.50785824000013,317.34387759000003,350.3040796586769,1.0535212055224021,0.14012163186347076,0.9991713172845837,339.74020149,1319.71302668,1676.5429099436492
TETFuZgEmET6d9vYmz9iMFCxK1jKdKYxf3oPz8hSzJK,Eu1Ze6Z84LWNkq7SNoAHBJbXx5t1P95EwyqYohrfCRFV,ASMbv7WNu3qe4pkhREmvyEdwFNDZQ6B6iSrjkj4u8bdC,10.645338589000005,10.499717000000004,10.623622247840348,0.9979600140495206,0.00424944889913614,0.993167997346255,314.071081377,38.408880764,351.576851972232
WiiQFxXqp8P9Fs1rt9SVcDyA3KUdJmUsog6wnVQAwba,3S2jpqSYxho6wiz3cafhjXruVY8cg4HYa2v3BqBHYFSj,Dfe67M6TfrG74gKRtdqys4e6E9QirPD53BkF4FujFjuv,26730.060292835005,26687.893152126,26743.792240630257,1.0005137267796935,2.6743792240630255,0.9890328863077767,10814.973847931,15954.894300886,26600.44495075915
Cob4usZcpHEY7Qt4ZCwj6WVg9S44zvzYV2v9qYF65dTf,NhFM9UXE48PyNAyeyPYA3iXztqKVJwA4bTdLj4ysM8w,6TuFuynuBoeskxyR2cz4wxyidk8dpDK7kAWw3UkjQGx,117.11012500000015,1617.2612700000018,2.2949283528875317,0.01959632741308686,0.0009179713411550127,1.0,61922.954543,309.081963,1522.5444546103222
BSCNHw8CmxbZ8hCWWzMf5FaG2ajPT6JxfznKUNuRVrn4,7n9kgNL633yGzCYksgnzHyjG73ZLBAwvEae5sbAekbzW,SscdxE99omdG9AiMVwmaEMQySQnCgeAh1sPj2Leutm2,2389.1198773649985,2388.587465056001,2392.9644020084434,1.0016091803010259,0.9571857608033775,0.9882957459127848,5319.899189954,6367.79194245,11621.721554514961
KEVpg4SYCVrqFxKijQH6hm4QxsRdoE51ud64bEEFUC9,2bPenuBYfqzD8p5dFjCcggwkHDsc2RQDnx9AoyYGUBjA,AE6n6iLuX8oYu61vt5hoDYkjswpnxFxrhSehxrnQTnbx,1575.5793580129998,1577.1355445300012,1572.5471223302147,0.9980754789231251,0.6290188489320859,0.9870504410906334,5573.490837691,2054.032802975,7590.198521293198
heyk4SZTeCUV6a65WiVA5bzic3KcxgVf1qxobfeV4tQ,9ZDpBKPqMABtGfq66FbVribaArMvtk63xxy91onZAtDt,DaTP4s6N7xxSPinbNZ3FB52EpRDRt87QShTuN3VPCW52,18.181222247001642,15.818552783000086,3592.7740391905463,197.60904907166233,1.4371096156762184,172.66230774915343,627.828544361,4469.98413909,895862.3786886155
MNkYtBe2HtgL15osfaMmyqNW3vo4J399FXXCS4a39Wf,2mUxDu8NrhSKhQJMgKfYLxJqZzeEbmwhQdHeHMyohyuk,AZCBmDBcFsA2jHHhfFJBTsWCHx9XnnKmGfFsue3ZVW1t,0.0008846299999731855,0.0008857100001478102,0.0008835295197798238,0.9987559994648666,3.534118079119295e-07,0.9991713172845837,2195.17588665,1941.27263801,4132.109025601266
RajgMbScQbqqrdJfR2rxfHJiTiY5b6bJ2tTXiF4aPxy,725ZA3fhyBAKb5iopNRrcbSuQa3LXA1656Q3mBvYPxeg,GLA6i1dSZpUfk2f9Nj8uiG7xyDdAR2reff8oEiZH3617,2503.3995283199984,2505.269302779998,2500.1104829730184,0.9986861684242677,1.0000441931892072,0.9991713172845837,116558.60733373,65287.76201859,181639.12813366856
SoN9GaFpSXfpyR5dth3x7PHPVhvJMpQqqDJfCSmPv1t,9kZ9iS68ViMPtoeqtnhAKuF2iqVyfHPdZHoUNdwCELr,BBhm5fJLjw3HRzjtKB8uMEYjGhY6EDm9co3cqpjrSzB9,1.1679434340000023,1.1454928850000012,239.68512591466515,205.2198068307002,0.09587405036586606,201.7226712680953,3.776608443,5.850303404,1955.1736855313625
YAkoNb6HKmSxQN9L8hiBE5tPJRsniSSMzND1boHmZxe,CfWX7o2TswwbxusJ4hCaPobu2jLCb1hfXuXJQjVq3jQF,EnTrdMMpdhugeH6Ban6gYZWXughWxKtVGfCwFn78ZmY3,11624502.168011954,11622728.987891026,11624502.168011954,1.0,1162.4502168011954,0.9936426741706562,959331.778241,419800.533168,1376463.5026363188
KEnkcdADoLR5jS2CLLLesy8TtFsyWL37BhXNfDMzWzP,3qsjFRuw1qeLMPo4DLwaQevenGAGBj9dA3Q6rb8ax2YR,77iEv8zPQAEyCcEbvBRSB6AFcUdfkhiqnAKtPxk76rNN,1.4032939999999883,0.027309999999999945,0.02754786823287666,0.019630860128295916,1.1019147293150664e-05,0.9987176465418403,102.331928,0.519689,2.527886340240531
KZMu9QBEdL97EFgamLbN5DE1AoKBG4HdrKKJo4Vuon3,DD4ACBWyVqdaKWh7v5btsgqQCCMwbKnuL2xd9pv7Gyuw,GcYqiJ1MAuYbNTNYXm1F1gQYTfTgkErACAhNU5dpVj9T,211.00982664999992,211.01649849000069,211.19520112583612,1.0008785111043368,0.08447808045033446,0.9991713172845837,2121.33037039,2268.01763406,4389.33214972475
KysFMBBoavfov2tLpvefWW6tPFt6rAeZWDJVy1mMQae,B8ka2V21TH3x64dFV8ETcjuQcwmrciJ2qzy1mJUttRew,7fSf7EYxBANyxzk2s5pymFgshA91tFYQNKKs5UnLWcYS,13.363840999999866,18.084912999998778,0.0,0.0,0.0,0.024893770192114934,134596.5171,2541.636167,63.27090665326586
SAMyS8Jr2HJrkFwYVKbpUwsNStnQmvz3f8Tup8bWUWF,6jPzm5TFfquvgm25sTyN3MMGBfufRaFHMxobDWv6hMFW,Cj9ECoDmxsHTDzCY5ZA6RWrPbg9uFzEC1Qc2kso2vJG6,858.6459217699885,22.018181939999863,859.4002517469569,1.0008785111043368,0.34376010069878277,0.02514582503992591,528.30268729,106885.83626544,3216.499345044157
KEN5P7p3asnb23Sw6yAmJRGvijfAzso3RqfyLAQhznt,9zj4aX38Uxf3h6AUjS4EipWS8mwbEofasHAf3a1uKGds,CwQDG1MWunn9cLNwcZLd8YBacweSR7ARo32w4mLua1Yr,166696.05943399947,166785.82932499936,165887.68872683364,0.9951506309752577,16.588768872683364,1.0,1422581.424708,1128085.509105,2543768.311516847
ZUCKWFa4LTL833dPhhpeeRWZcaAEoMeYJPi2iKn4F8N,7eEYpq6ShaJ9opZWMxitRFrdCHh6vfyHhGfoSvFht3N2,H8VggnHmuwd1wvwpT8eg9cUJFEfZ7HAaeYjgXrSm7A2u,10.003046799999993,9.987348769999926,10.019350648071159,1.0016298882127759,0.0040077402592284634,0.9865177025461964,1805.597737697,2041.489795881,3822.5064833707147
B2izdXFYb2sNwbWWHmh75T4aQFtfXsUxem9u2p61HGzf,4DYwgJtxwuJdAjkj5RJSNH4e7U329V5cNp7d3a1nLrZv,EXNW64GEf1ACC6xY9BtKRiunrs6GoJSXBdxWN2eTPmrF,2874.0729859999938,2827.6772249999976,2875.769690117163,1.0005903483055003,0.28757696901171637,1.0,8729.809497,31078.403175,39813.36630024389
ALBpShJ9NLpE739pcHDF2LNVk5J4VYPvvKuV6jMPitZi,D6d156U1bPiJpDYRLextvDRccgFk7QzkQbJg42ceKEu5,GNcM8U5g8RwTZffwwm3kSQqUNPSwv5d2fbN9sLxPJqt2,17432.779735999982,17418.176397000003,17381.313666234262,0.9970477416370128,6.9525254664937055,0.9984773220838222,43464.740337,56847.342225,100097.20322624562
DFWzVTzNBrQZLjoQ4yQwkj9HuoXmfkuZP9V5vbymZe23,DhgiEgiNdqZdRdo195UUHnoEJUtefK8buko8nU97XJUZ,2K2kkXsouBHtWVjtcgkyiXd8eP3oVBvq1bTJzcVdLLr2,885.9508753080072,1052.2176358359893,717.1218957883273,0.8094375385531559,0.28684875831533097,0.98744148321792,61895.132569934,7115.148721442,57126.036762645424
SERgf3DMJpQxUifu7VoFKmfne73d2fDJxSrxUMrcNJB,AJfM2GZ2tTB8UtN2krcyR9xufRJEx2mhSCbJyMgPo3GU,F4yRYkufQvERZcEKnKjJwRLU1btiMBUuEwq46hfm11QD,0.009222055999998702,0.008860749000000112,1.5854986381847203,171.92463786653903,0.0006341994552738881,174.11519879428707,29.284890014,27.958881528,9902.860325932015
Lee1XZJfJ9Hm2K1qTyeCz1LXNc1YBZaKZszvNY4KCDw,9DgFSWkPDGijNKcLGbr3p5xoJbHsPgXUTr6QvGBJ5vGN,2hNHZg7XBhuhHVZ3JDEi4buq2fPQwuWBdQ9xkH7t1GQX,1172.661662514096,995.4100831600017,239953.55518438906,204.62300666498058,23.99535551843891,174.10574068412413,7225.221557625,56362.467031153,11291475.628185282
FrnkTEL6yZ5Aycq2TrEgu29dCrwKG4LPUZydfiwqspkc,DjvZuMZ46fxKBoBpGMPcRcos4xdTtHFxwMh69DpA2ZFY,9rvDPJLAng4uVVqnnSoEXgNDFhBZQTny9AoQioYDZbQX,3700.2306704120056,3102.7656629920066,763063.4863088147,206.22051819916695,305.2253945235259,173.26097954827398,179.389653385,1462.138488789,290325.3740834388
Sid7E679i9ABqptiAVhkmQ27YHN8vaYT4fppPwmxFsJ,GP7KB8o1bv527HG8kTzzzf4wJ5aEGHvcMQvVhLziUfmT,9gYxhAZ1M9wu5pxr8SBoa5NDm21gi3s9vMHaYTME77sa,8046.664020999997,9910.22368900005,158.34711729699723,0.019678604311519233,0.06333884691879889,0.025117356452486864,107288.124082,24810.533712,2734.4555601556012
