0,1,2,3,4,5,6,7,8,9,10,11
C98Sspw7XqnMsgxea3SLQVdbMDL8pKUc3RE82UvX9eq2,CSqgQJurPCzGxb4Cgwx5R61hWQUiaoUHcShNc8r1cKEL,6S2CR5EnukPhC914XkAns8m5GixjMAoUuZMsS5ubHuWc,78.91796499999964,77.84917999999982,0.0,0.0,0.0,1.0,829.573486,2239.964743,2239.964743
SAMyS8Jr2HJrkFwYVKbpUwsNStnQmvz3f8Tup8bWUWF,6jPzm5TFfquvgm25sTyN3MMGBfufRaFHMxobDWv6hMFW,Cj9ECoDmxsHTDzCY5ZA6RWrPbg9uFzEC1Qc2kso2vJG6,1192.489185749997,63.42655553998611,1195.5287578403681,1.0025489305284219,0.4782115031361473,0.025534437546099666,529.67977457,106832.71236596,3258.943113306724
heyk4SZTeCUV6a65WiVA5bzic3KcxgVf1qxobfeV4tQ,9ZDpBKPqMABtGfq66FbVribaArMvtk63xxy91onZAtDt,DaTP4s6N7xxSPinbNZ3FB52EpRDRt87QShTuN3VPCW52,68.42947002099834,59.411211350000485,13662.132822794263,199.6527639130025,5.464853129117706,174.388958528213,637.443790434,4458.977461746,904863.8502539885
JSoLLrxK5bYdHwTEWYaGgmeycBCNXKDiBCTw5hXGBg7,xG4wXczA7Dk4hccJ61CHKpDHW4NrNfQwgmWgkb9BuF2,BVR6WgfhsRr9Lob4QDnkEAiNGgAbv7ZieKcY9kSg3QYR,14.709465777999839,12.635222689000031,2994.736478660524,203.592470580379,1.1978945914642096,174.34873338260428,17.423159133,163.435666327,32042.025426856966
KwnjUuZhTMTSGAaavkLEmSyfobY16JNH4poL9oeeEvE,J63v6qEZmQpDqCD8bd4PXu2Pq5ZbyXrFcSa3Xt1HdAPQ,BnKQtTdLw9qPCDgZkWX3sURkBAoKCUYL1yahh6Mw7mRK,151.1091300000004,6098.52384999994,3.8170172860525087,0.025260004382610758,0.00038170172860525086,1.0,274466.000816,644.977676,7577.990059489808
C2ypsDADXcCRz8HbV2zX1AXPSja7a1P3xZtRC91xGhJh,J9bYNuDpY1d1T86gLaw7DGk5D3CsUAf2tzUwxMvb6FTv,A2NGvvPrMGzsJ4jb52KEnSBVmsA7C34dV1GC7PerdgvG,1.8700142740000003,1.8715477560000005,326.90396928314885,174.8136224564181,0.13076158771325955,173.45918375311902,2.667044017,2.353161653,874.413125431007
Cob4usZcpHEY7Qt4ZCwj6WVg9S44zvzYV2v9qYF65dTf,NhFM9UXE48PyNAyeyPYA3iXztqKVJwA4bTdLj4ysM8w,6TuFuynuBoeskxyR2cz4wxyidk8dpDK7kAWw3UkjQGx,15.303073999999981,785.6837570000062,0.30487318189638574,0.019922349058521582,0.0001219492727585543,1.0,61917.123184,309.213231,1542.7477717711272
ALLwa5WNZbvQsRKAqe1jdRGemdYQnW8E5k4msbRFcYtu,CGoM82Hbz7QVqTgvQatYtjvDWBvoUJp5qm21P8iMs9yb,3dxNNww8TivyN5FMy5dCNdi3Zcxv6e4kUfSPxfFwpdNq,6.066567090999999,6.064810196000002,21678.698867209827,3573.47055460263,8.671479546883932,3578.8675031672983,2.956732282,5.660913459,30825.454964227523
7dwD9TF6uikvHXxPFK9AsSim54yJoujQjY9vU6gNFumk,CquVr6atkvwueDYficKjn6SSEWq4F4rH4VSiBbW4GBWU,8BCa6ge3b7ho3TfZuM64Vk1hgbrJ3J7EPiAb9uP86CGd,5.4293000000000396e-05,5.4458999999999324e-05,0.011146914955319416,205.31035226123691,4.4587659821277665e-06,205.98183610972816,0.003888335,0.003619567,1.543880485141877
NorjjEePhxfwLF4vZjUHCrVVKLzQjEEGQFd3wgjEJmh,34M8pFVqgbV7aqHxvRT5tCv3vu2P1JJYT8J3VaxBK2oG,3AZWBSze3ucsY3xSeuLne3b2pauVqiaJ1SZSV5T9WGWw,0.009641999999985273,0.0013760000001639128,0.005729276531764609,0.5942000136666002,2.291710612705844e-06,1.0,38110.243979,2266.626965,24911.73445815927
YAkoNb6HKmSxQN9L8hiBE5tPJRsniSSMzND1boHmZxe,CfWX7o2TswwbxusJ4hCaPobu2jLCb1hfXuXJQjVq3jQF,EnTrdMMpdhugeH6Ban6gYZWXughWxKtVGfCwFn78ZmY3,8776429.884348983,8774964.68568702,8776429.884348983,1.0,877.6429884348984,0.9986837348374843,478103.512187,902599.274042,1379514.7262488664
ACUSESXyNnwRLAg1dpSGMLSzUDdLjUMybY8rkXiAKhCP,AhFPQdu8GKBsxuhiH46UmCu1YpaLgNpoP325HnYtsgas,A8wxWpT3aFEr2XqZp1kDmbxbFfcBE95UUmdsNTDBJYbT,0.0,0.0027924860000894114,0.0,0.9962721478807874,0.0,0.9878767049617103,1044.479259547,1841.390280505,2859.6521581796233
BSCuChvaSj9b5HUSqgDVRzcnr2sSn7cXaamt1jbKH6hn,GnKpRj5kBVPMJfiwZtEuD9GYApLzPdW5JFuZTcyX4BTc,3dmwD9okkomV9nDwyuh4UMhKdUR13QpuKxRo89ycZB5t,1132.8499977429997,1127.8607071370002,1137.0666239761554,1.003722139949293,0.45482664959046215,0.9971223050276902,1139.435612131,1968.623187657,3106.634841550067
daob129AwBGn9Y5r91uLoWZeYiGzbPmksauMhFZKTze,6VW5GQNyj4LStgmxEHLr5zUfW92vQnmbw8jTnCH7a38F,4VPCCUifPeBA1c7HWK358CHn2nyjm8pdTRk6Ps3KmnMQ,13.529020519999847,12.136131797000012,2607.5400020391257,192.7367911213099,1.0430160008156504,174.32955468212575,48.944230691,223.006474445,48309.973348512176
HEDSDjj84KS7LKhZY7ejkCACTdPen62rKhCby1wXtgxc,EnnjMSFttpCTywBrYNt1J5QQeoSVkvzPipJDa8Y7kJow,6bjVT6JN2rSvpyn9PdfLYC8wJn4LWh49jpY47fnLDXZk,17.069685074000517,17.623879840997688,16.004973407996655,0.9376255823474117,0.006401989363198662,0.9928806900014029,39106.347161865,9115.253799676,45717.47101328394
RajgMbScQbqqrdJfR2rxfHJiTiY5b6bJ2tTXiF4aPxy,725ZA3fhyBAKb5iopNRrcbSuQa3LXA1656Q3mBvYPxeg,GLA6i1dSZpUfk2f9Nj8uiG7xyDdAR2reff8oEiZH3617,6646.128897469971,6651.491113839977,6638.021947645531,0.998780199729872,2.655208779058213,1.0,109186.69341061,72662.19607958,181715.70353207336
STK75uPSyBnEhGTTzb1nwmP3n427XoXmfRhXxxhyady,6TYyD5fUmDe6N65avW1Ny2RxzRNobw2RRgKwH9CTzSAU,54zDfk4cx2vGrEajPtodWpArNe5eUurytyxd4X3aZAxK,1417.9372307559993,1591.361312731029,247492.15133366286,174.54379923553307,24.749215133366285,195.36050068552,4826.549783969,875.512177332,1013484.8338132399
WiiQFxXqp8P9Fs1rt9SVcDyA3KUdJmUsog6wnVQAwba,3S2jpqSYxho6wiz3cafhjXruVY8cg4HYa2v3BqBHYFSj,Dfe67M6TfrG74gKRtdqys4e6E9QirPD53BkF4FujFjuv,6208.052132642001,6220.594079486997,6188.793004893524,0.9968977181027182,0.6188793004893525,0.9945299114443216,21655.633967631,5127.708189864,26688.111258376826
BUSDgu5JdqP1rndBvXvanbEufS94FNh1w5FJcAj6vawb,Bgzr8cWubt89JQFXndVjtdKmDbGzuPxNhvjH1EhWCwbo,Dxaf8xPBBQsasRKW5Aa4Sw2YrbfGofY9xZueyyF23FBW,10644.545910669991,10581.801052870003,10705.091230396305,1.0056879194504318,4.282036492158523,1.0,4979.20770299,10004.54660831,15012.075643641576
KEVpg4SYCVrqFxKijQH6hm4QxsRdoE51ud64bEEFUC9,2bPenuBYfqzD8p5dFjCcggwkHDsc2RQDnx9AoyYGUBjA,AE6n6iLuX8oYu61vt5hoDYkjswpnxFxrhSehxrnQTnbx,242.35387672299998,242.99806082799932,241.70117406239964,0.9973068198065329,0.09668046962495987,0.9967054707994157,6029.23773285,1599.552217097,7607.282354816098
BkMBnJpvHKtWhUvrgRrLesXfi9RUV3ELgdBaJcdH7hcY,5uerVwBnZQsuVhZ15igs7ZgmcqhHnYWbwoRtLyRqLvR,9YWiQh5d4jCtgMdzcGLv9bWgnLaFtzvDDh2nnhJdzhBX,15.543830480000224,15.537117800000033,15.601447812481751,1.0037067653662115,0.006240579124992701,0.9974495892269187,1114.150430735,1759.272135741,2873.065594097623
DFWzVTzNBrQZLjoQ4yQwkj9HuoXmfkuZP9V5vbymZe23,DhgiEgiNdqZdRdo195UUHnoEJUtefK8buko8nU97XJUZ,2K2kkXsouBHtWVjtcgkyiXd8eP3oVBvq1bTJzcVdLLr2,2267.439872824997,2802.4671952579956,1868.4615494646907,0.8240401749382574,0.7473846197858763,0.9959407754615379,61669.191448836,7302.978492817,58091.2253731148
wrmcMSHFi3sWpAEy4rGDvQb3ezh3PhXoV2xNjgLBkKU,8p4mGnARWPBu6P2Gcw4adodLkNDorrXniZMhaY7eJXUn,AyY89zccbsgp9LKFgH4CFZMJmpSgqmPSdTfukhP227rc,0.00989493000000112,0.0498700300000024,3.1243858541209724,315.75623618566465,0.001249754341648389,3568.3699685983443,27.15884367,0.0884548,8891.213708292436
FrnkTEL6yZ5Aycq2TrEgu29dCrwKG4LPUZydfiwqspkc,DjvZuMZ46fxKBoBpGMPcRcos4xdTtHFxwMh69DpA2ZFY,9rvDPJLAng4uVVqnnSoEXgNDFhBZQTny9AoQioYDZbQX,1294.211916531999,1088.3808985919995,265318.8155950756,205.00415133406452,106.12752623803024,174.31293250306922,179.47179964,1464.118650971,292007.27955678815
BkwbeSfcX1h4thMDd7obGkHrPevf3QwgzJ4pCEqG18Lu,35yX27bmurdebhfAb8EPmjLETDiUaEUCn9zHaDPbakH2,2CxECn1ZJFoESyUnQysQU8rRgT3iJ5GRs2Mdd6gZjx5g,0.016581209999998237,0.01036529999999991,33.843348165077835,2041.0662530105726,0.013537339266031137,1272.264631043257,0.84736611,22.72197826,30637.89965859765
iLiUBQ7Z7im6Ew3b4ewwPcehzWgEQRJ1iQz7g6D62NW,GpugBvKWM3TVhYcZjemSdtehBWgfvuGr6uAm9iPjXT6v,92fMXJ3xy8tEyMUWLHKRLyhPw2nECBo77GtDiBBbYrjX,0.001352010000118753,0.001352010000118753,0.0013222728700242649,0.9780052439760978,5.28909148009706e-07,0.9959407754615379,1865.637227489,1097.91461127,2918.0609211800665
moFiBS1R4Lf3E3zzmBPnw3NF4RhWPkhREFviuzUaCAU,44ALBrpqi9PfZkBRTvbtRNtFJGsatfY4QydjtMbFWq8S,2ho8qEEie1UjVwWNBo9y4oAJZMyMLx8zPj9bxyUz6uWs,1597.0911721569973,1598.817480359001,1595.783697104665,0.9991813397537183,0.638313478841866,0.9957925682783771,37552.072659601,29558.475761355,66955.44076334295
Lid8SLUxQ9RmF7XMqUA8c24RitTwzja8VSKngJxRcUa,4PgzyzLtds9bKZ2to9PMnKqJzKEUpjvNUaeN23phegax,AtymwxoVN9peZo7EXTcDz9jKVc4vRmisJKKrNfe3ewBa,113.49780092400636,96.51705333699931,23283.864097556638,205.1481518408149,2.3283864097556637,174.07267569024603,990.153802008,7672.772705547,1538748.297337752
KEN5P7p3asnb23Sw6yAmJRGvijfAzso3RqfyLAQhznt,9zj4aX38Uxf3h6AUjS4EipWS8mwbEofasHAf3a1uKGds,CwQDG1MWunn9cLNwcZLd8YBacweSR7ARo32w4mLua1Yr,1569527.4908000005,1573033.079529002,1563356.9210326846,0.9960685175611861,156.33569210326846,1.0,1505828.101447,723041.739252,2222949.7039622883
BUSDTd9WiT6uBHJRgNvFXBsA7JrifsAtWzKfioN7ERcy,DyBxrn7gSc1EwnpWhDyhzvMHPtxpmBqRqotapLcKcfTM,Cds99GeBgoCpqBsoRWu1C6fF9LiUMd4pXQQD24s9LPff,13283.758978459999,13246.786834760002,13276.196989416796,0.9994307342480796,1.3276196989416795,0.9985112197713211,322.67555313,322.71406507,644.7254797390283
SoNcU2iwHMw6dGzsYNQkYFkUjwN1UdAjrWVRnStrZu2,8ivTTid27jZnYNc4w3CTA1Z6QS2twsFb8WMwUabeDJgc,CyXm53PMvHCbeXJBykU46Rcbo28xk5srhMZFg7gv6EYB,31.52316618199998,31.111011271000024,6475.596761622956,205.42342492616058,2.590238704649183,202.9152015343636,15.56288225,20.042801888,7263.969757934396
BUSD5rCfUDpCxKGMvYU2yThChxgHoioK74PTPociGnv2,CcFHbafgYDZ8yA8Me1PdtDiVb2eeaS61LbqyKKK5CsNZ,26R9s4nmF3CFDTkiePDwRmtscn8i7r2eygbSijditJ58,853.7055033099999,853.6714068900001,853.5292324529137,0.999793522641704,0.08535292324529137,1.0,75.66758145,71.27094339,146.92290119767355
SERgf3DMJpQxUifu7VoFKmfne73d2fDJxSrxUMrcNJB,AJfM2GZ2tTB8UtN2krcyR9xufRJEx2mhSCbJyMgPo3GU,F4yRYkufQvERZcEKnKjJwRLU1btiMBUuEwq46hfm11QD,6.509099999973955e-05,6.509099999973955e-05,0.011214463454959528,172.2890023967123,4.4857853819838115e-06,174.10098170320555,29.284890014,27.959011222,9913.155787010643
parEAJhzYzHW87y9VoZAQ22dzQ2MD2ekEtTReaxbMcz,3oyc6hpjYSJEquK6dSvG72NXyz3pqLZz5D8AC71pwgQb,Di2vordgFJVZ1aj1aBpvzXtLfZgJsuLLXawGtVFwX6Rz,7.610407360000039,8.95543797999926,1290.2013284463212,169.53117847903408,0.5160805313785285,194.33441337922477,1102.465417562,143.868221611,214860.80792235228
Lee1XZJfJ9Hm2K1qTyeCz1LXNc1YBZaKZszvNY4KCDw,9DgFSWkPDGijNKcLGbr3p5xoJbHsPgXUTr6QvGBJ5vGN,2hNHZg7XBhuhHVZ3JDEi4buq2fPQwuWBdQ9xkH7t1GQX,2874.4613819716687,2436.5352029130063,588681.673654348,204.79721082582634,58.86816736543481,173.67804952603262,7203.35777098,56386.47790182,11268321.081708083
SoN9GaFpSXfpyR5dth3x7PHPVhvJMpQqqDJfCSmPv1t,9kZ9iS68ViMPtoeqtnhAKuF2iqVyfHPdZHoUNdwCELr,BBhm5fJLjw3HRzjtKB8uMEYjGhY6EDm9co3cqpjrSzB9,8.047629805000007,7.877959920999999,1638.8001763094524,203.63761952510077,0.6555200705237809,198.71115942000188,3.625207328,6.009542553,1932.3917588493393
BSCNHw8CmxbZ8hCWWzMf5FaG2ajPT6JxfznKUNuRVrn4,7n9kgNL633yGzCYksgnzHyjG73ZLBAwvEae5sbAekbzW,SscdxE99omdG9AiMVwmaEMQySQnCgeAh1sPj2Leutm2,797.6516215410002,795.9527218020012,799.4779425571542,1.0022896223950823,0.3197911770228617,0.9971363898130975,5043.033839521,6645.872889463,11681.422182895
vEnkoSUkpnbRrPgBz9DfcVxNz67zjwMYBZraAvDDNSf,DtfyjjsZ5yCjWKLKHvwsfXs5QVsmm1QkK6Sh9JZHoq1g,e5wrKCRv4GhHvEf1VD5Pq2KGaZDXP77nTL612Jyrxwy,3159.9324959999985,3159.1261000000013,3157.9114326830813,0.9993604093380237,0.31579114326830815,0.9943837207452308,676.565031,1265.146987,1934.173874546631
ZUCKWFa4LTL833dPhhpeeRWZcaAEoMeYJPi2iKn4F8N,7eEYpq6ShaJ9opZWMxitRFrdCHh6vfyHhGfoSvFht3N2,H8VggnHmuwd1wvwpT8eg9cUJFEfZ7HAaeYjgXrSm7A2u,32.67395478499975,32.681783157000154,32.72738505565823,1.001635255695555,0.013090954022263292,0.997157665891467,1805.111925129,2042.025132394,3844.284759395396
ercAoEmXjQzEvAFbdjAo81KtMxRGn9AW1ju882upmPH,CMRhskR2Eg6V42RTSdRTXGdozyPbWB8U9dVpijPWb9T4,7TKLLgrWswt6ZJ1pXhVR3FyufHGjJFqiEXxvWJfDcgRm,0.5948478490000753,0.5952540849998513,103.78698666826172,174.4765268004669,0.041514794667304684,173.9704991265811,930.638916406,923.07008355,322961.6090038774
TETFuZgEmET6d9vYmz9iMFCxK1jKdKYxf3oPz8hSzJK,Eu1Ze6Z84LWNkq7SNoAHBJbXx5t1P95EwyqYohrfCRFV,ASMbv7WNu3qe4pkhREmvyEdwFNDZQ6B6iSrjkj4u8bdC,21.04956833300001,21.08023164799998,21.089518270728806,1.001897898194243,0.008435807308291524,0.9830657100781931,292.940955396,59.408554764,351.89944058005676
HDSBGqAuMRr6X2AfmmbXQPpRgU6VEhtfNVVZ3wUTZXg,DCZ1d8kNLgDcdSd99y4udLgwq46mfDXNS9KXj96kQf5L,Fq8GGYQM5Pz3q7LmVMbrXHJgsxA5ev86kTq8yGgGuYsa,16.123170293998555,16.15714512800332,16.031687042993045,0.9943259762604156,0.006412674817197219,0.9969978321518417,72990.475420718,71618.586318861,143979.90103210125
SQDY9uoDoCbNq7F3HAHYYQZbrUzpKxDtdWLvYcqBLak,GiehZ4X2uQjhEKuxSm3ACmEFrabxh3RTvjbLfLjw1xGX,rxDQYV77NKRKYxCjq4cECX3QQsiSyLv1T1FT2X3zNA2,0.0013680970000109482,0.0013680970000109482,0.0013711394831113007,1.002223879666667,5.484557932445203e-07,1.0,168.73007208,237.826936969,406.932244425454
DA1mL7dfBow33EH5yjUuZE6SH2KeUK5zEXzsyhE5r5j5,B4UtLRZND3D83CitRCBUyeiNr7H8m7YFRqBmiPmXjhW4,AAmpYbuixWiSqDaJBCqYEs1pb5SrbdPr9mgXrB58Q2e,76.29031394700002,67.7294437409999,92.42208656574387,1.2114524345770923,0.03696883462629755,0.9971113335677576,167.457062883,2970.783786876,3165.0684499901404
Sid7E679i9ABqptiAVhkmQ27YHN8vaYT4fppPwmxFsJ,GP7KB8o1bv527HG8kTzzzf4wJ5aEGHvcMQvVhLziUfmT,9gYxhAZ1M9wu5pxr8SBoa5NDm21gi3s9vMHaYTME77sa,632.0996439999981,766.4784760000257,12.569754000966249,0.019885715994749534,0.005027901600386499,0.02545639368129542,107437.268939,24695.020384,2765.113178235199
BSC8REUo9LpiiWUuqMuLXs2D2yJsJfGd4HdiF3wCLxk5,AZjEH1zWVx1UJ6udMyRijGTzPteuLnaY18yNNmprJEsh,Caf8ypkSVR8xYnXNhjvfvdGCC7mrM3C11rz8Xi6NA6aK,2589.1269875220005,2581.950567256,2595.47608524482,1.0024522156516147,1.038190434097928,0.9964668523931409,2632.233793169,3713.870872695,6339.4378167842715
ALBpShJ9NLpE739pcHDF2LNVk5J4VYPvvKuV6jMPitZi,D6d156U1bPiJpDYRLextvDRccgFk7QzkQbJg42ceKEu5,GNcM8U5g8RwTZffwwm3kSQqUNPSwv5d2fbN9sLxPJqt2,6620.804080999995,6600.765845000009,6625.733626818348,1.0007445539481374,2.650293450727339,0.9984374453979522,40541.64136,59780.989475,100259.40521391944
SEQV6QiTpvTzrceiaYg9Avnwf7oc8ZALpnQMz6TyT4A,3dFMPj4r9mMmPHF32mz1gNDX7f8ftidWof7S8YiYTs1j,Fc1ED3YPeQfXQosHbd8DTaBd2AV5gHQtwiSAL5C5pUhi,1859.0596842269997,1851.765323644,1848.8176816843472,0.9944907618461367,0.739527072673739,0.997743700400427,960.300943929,4662.250682447,5606.741665428602
MATgk4zXLXtYkwBH678J1xZbRDZ45LicNzkRBHkxTuY,y8dALFo1bJrSzPYjMX14HJX448pXqYmrfXHD1K8MXih,GN7Yuet3UyiWS5YVkEHv6oQKi4HGBJc3XDPt9zQhAqZz,27486.524389000002,27492.04840800001,27507.512621129925,1.0007635826135342,11.00300504845197,1.0,6982.382213,7785.536918,14773.250756658897
AUSejoEUCh2DBs9mof6BNC8Pubs22w4cJa1ccV9h44R,4xkyD7AfGQDwsQMy9MosRRNGoVJ1zosNinesxg1TzHG7,Cbm5gsQe3nSiCsFrvepVzMCD9xLK3ri9g3ypS2hdmVJ7,511.3735269999961,511.8914210000039,511.01785857043103,0.9993044840790809,0.05110178585704311,1.0,14729.711964,14143.170225,28862.637439818485
GokA1R67GqSavkd15zR62QD68Tuc5AEfvjssntVDEbM8,3YB7hfpBdbQEuZqLGWVDpRPmeZWCUsrrWyqGXegnQ6Cg,4DPCj6Z1DsG6HUtwSogBGqXEUxdEV5a8YVrrFtcnz7UW,98484.44020299998,98479.54702599996,98507.49095588364,1.0002340547688158,9.850749095588364,1.0,39351.201212,51193.840743,90554.2522913023
KZMu9QBEdL97EFgamLbN5DE1AoKBG4HdrKKJo4Vuon3,DD4ACBWyVqdaKWh7v5btsgqQCCMwbKnuL2xd9pv7Gyuw,GcYqiJ1MAuYbNTNYXm1F1gQYTfTgkErACAhNU5dpVj9T,30.516035479999573,30.453031770000962,30.57057399541888,1.0017872084155575,0.012228229598167552,0.9992402177080636,2312.39315848,2577.40075548,4891.968379019676
MARpDPs5A7XiyCWPNH8GsMWPLxmwNn9SBmKvPa9LzgA,6YjT74rmcfCpw8LSjPNx5JTmZoYLGrTKnf9arfSgZ4SR,F8GSmi3vA8M8TsybLya1LQ4n1aFHCRbZ6k437PeTdXtg,188164.67576400033,199215.71138899913,176157.26791135842,0.9361867055870686,70.46290716454337,1.0,320487.992457,14646.732201,314683.3300395321
MATSnbbiTCv7Dc3trJrkrqjx7ckKdr6fwPoVwv9q3sD,631WX9JizSHJm4w6VanZeJAst9T8DeUUnPLesdGkCVtK,211maUSfpnXbPuW1iBu8b4dtJv5EbN1j7JJiEX5TZKEP,41450.54815400002,41385.162855999995,41361.41430617023,0.9978496340386468,16.54456572246809,0.9992565531244754,24285.292872,21200.886726,45418.195597851765
B2izdXFYb2sNwbWWHmh75T4aQFtfXsUxem9u2p61HGzf,4DYwgJtxwuJdAjkj5RJSNH4e7U329V5cNp7d3a1nLrZv,EXNW64GEf1ACC6xY9BtKRiunrs6GoJSXBdxWN2eTPmrF,7579.22053599999,7472.620471999999,7668.303214442164,1.0117535408844547,0.7668303214442164,1.0,8906.385831,30900.482695,39911.55009599739
