0,1,2,3,4,5,6,7,8,9,10,11
MATSnbbiTCv7Dc3trJrkrqjx7ckKdr6fwPoVwv9q3sD,631WX9JizSHJm4w6VanZeJAst9T8DeUUnPLesdGkCVtK,211maUSfpnXbPuW1iBu8b4dtJv5EbN1j7JJiEX5TZKEP,23659.384648999996,23676.362987000004,23626.09548046802,0.9985929824876749,9.450438192187207,0.9981623830527998,26694.263952,24882.724748,51493.70448645146
MARpDPs5A7XiyCWPNH8GsMWPLxmwNn9SBmKvPa9LzgA,6YjT74rmcfCpw8LSjPNx5JTmZoYLGrTKnf9arfSgZ4SR,F8GSmi3vA8M8TsybLya1LQ4n1aFHCRbZ6k437PeTdXtg,49859.52975799991,51019.923103000154,48279.01949673529,0.9683007387166336,19.311607798694116,1.0,312015.349022,22667.287085,324791.98003393086
NorjjEePhxfwLF4vZjUHCrVVKLzQjEEGQFd3wgjEJmh,34M8pFVqgbV7aqHxvRT5tCv3vu2P1JJYT8J3VaxBK2oG,3AZWBSze3ucsY3xSeuLne3b2pauVqiaJ1SZSV5T9WGWw,0.00725899999952162,0.0014249999999265128,0.004313279958264527,0.5941975421612866,1.725311983305811e-06,1.0,38110.243979,2266.611259,24911.624562488774
RajgMbScQbqqrdJfR2rxfHJiTiY5b6bJ2tTXiF4aPxy,725ZA3fhyBAKb5iopNRrcbSuQa3LXA1656Q3mBvYPxeg,GLA6i1dSZpUfk2f9Nj8uiG7xyDdAR2reff8oEiZH3617,1644.2944852199944,1645.9848721299932,1642.4359539675634,0.998869709003383,0.6569743815870254,1.0,117736.79719933,64110.17692459,181713.89728207508
HEDSDjj84KS7LKhZY7ejkCACTdPen62rKhCby1wXtgxc,EnnjMSFttpCTywBrYNt1J5QQeoSVkvzPipJDa8Y7kJow,6bjVT6JN2rSvpyn9PdfLYC8wJn4LWh49jpY47fnLDXZk,5.415948504998596,5.59067009199498,5.202873789125136,0.9606579132580738,0.0020811495156500544,0.9918510460316534,39097.513231258,9123.79860246,46608.78466195233
JSoLLrxK5bYdHwTEWYaGgmeycBCNXKDiBCTw5hXGBg7,xG4wXczA7Dk4hccJ61CHKpDHW4NrNfQwgmWgkb9BuF2,BVR6WgfhsRr9Lob4QDnkEAiNGgAbv7ZieKcY9kSg3QYR,1.101535833000014,0.9425776530000078,225.9650142046678,205.13632642276914,0.09038600568186711,179.47959532376683,17.401185028,163.453072386,32906.10645831245
BUSDgu5JdqP1rndBvXvanbEufS94FNh1w5FJcAj6vawb,Bgzr8cWubt89JQFXndVjtdKmDbGzuPxNhvjH1EhWCwbo,Dxaf8xPBBQsasRKW5Aa4Sw2YrbfGofY9xZueyyF23FBW,6945.859067700002,6909.302449639998,6984.258099676537,1.0055283344511121,2.793703239870615,1.0,5134.63210806,9841.00649708,15004.024568716774
NorBXypYWTkV5PMs6Q9JsvNkmRwe7H9Zr1Kz2TcJH2Y,C82XDu1d1UjtuUwnkSTwVuWyH3AqpJ3ftb9W7en8rEUu,F7cZoYpWQSFuYJzW2UUFw6sVbTtaihyD5upeeHRUPABk,1.2625400000021436e-05,1.2265000000011295e-05,0.0,0.0,0.0,2109.5266222259725,0.2508818405,0.6545604103,1380.8126113830056
ALBpShJ9NLpE739pcHDF2LNVk5J4VYPvvKuV6jMPitZi,D6d156U1bPiJpDYRLextvDRccgFk7QzkQbJg42ceKEu5,GNcM8U5g8RwTZffwwm3kSQqUNPSwv5d2fbN9sLxPJqt2,12154.969134999985,12148.360882,12115.967834540597,0.9967913287128731,4.846387133816239,0.9985471139492039,45847.8019,54459.771758,100081.33928974887
ercAoEmXjQzEvAFbdjAo81KtMxRGn9AW1ju882upmPH,CMRhskR2Eg6V42RTSdRTXGdozyPbWB8U9dVpijPWb9T4,7TKLLgrWswt6ZJ1pXhVR3FyufHGjJFqiEXxvWJfDcgRm,7.140219170000137,7.058117125000081,1282.1732870448513,179.57057850996284,0.5128693148179405,175.55393850872196,437.864309167,923.07008355,240676.13599276094
KZMu9QBEdL97EFgamLbN5DE1AoKBG4HdrKKJo4Vuon3,DD4ACBWyVqdaKWh7v5btsgqQCCMwbKnuL2xd9pv7Gyuw,GcYqiJ1MAuYbNTNYXm1F1gQYTfTgkErACAhNU5dpVj9T,213.60434736000025,213.63123679000046,213.98896899297853,1.0018006264279353,0.08559558759719142,1.0,2117.07718679,2272.27486678,4393.1641187025125
oKQqupM9E7SSLAFDLxr7mdsXP7znck9qRbVWc6Yyj7Q,CMR2J7CwfW98RpvnJmFBgRFTLAd3x8CJ1SWs8Bt3uunG,FmRb5jHfSNj1YWP3b45d9vvYuhwjp4om8bALmtqZpr1v,1509.0031008399997,1500.0,1516.8426289359822,1.0051951703025783,0.606737051574393,1.0,2596.40202103,3294.26733805,5904.158109753209
BSC8REUo9LpiiWUuqMuLXs2D2yJsJfGd4HdiF3wCLxk5,AZjEH1zWVx1UJ6udMyRijGTzPteuLnaY18yNNmprJEsh,Caf8ypkSVR8xYnXNhjvfvdGCC7mrM3C11rz8Xi6NA6aK,16854.237194078,16921.985248716996,16835.391438042167,0.9988818386843128,6.734156575216867,0.9995174419746715,3362.122972756,2980.252169069,6337.177601376594
Cob4usZcpHEY7Qt4ZCwj6WVg9S44zvzYV2v9qYF65dTf,NhFM9UXE48PyNAyeyPYA3iXztqKVJwA4bTdLj4ysM8w,6TuFuynuBoeskxyR2cz4wxyidk8dpDK7kAWw3UkjQGx,36.97341300000005,1774.556838000004,0.7420843745707376,0.020070756642637688,0.0002968337498282951,1.0,61832.601994,310.884518,1551.9116252026479
B2izdXFYb2sNwbWWHmh75T4aQFtfXsUxem9u2p61HGzf,4DYwgJtxwuJdAjkj5RJSNH4e7U329V5cNp7d3a1nLrZv,EXNW64GEf1ACC6xY9BtKRiunrs6GoJSXBdxWN2eTPmrF,2120.48114299999,2085.2322870000044,2061.8142794913433,0.9723332302660109,0.20618142794913433,1.0,8411.450001,31401.832332,39580.56468269337
BUSDTd9WiT6uBHJRgNvFXBsA7JrifsAtWzKfioN7ERcy,DyBxrn7gSc1EwnpWhDyhzvMHPtxpmBqRqotapLcKcfTM,Cds99GeBgoCpqBsoRWu1C6fF9LiUMd4pXQQD24s9LPff,25360.554907989997,25360.53205669999,25310.8780070519,0.9980411745279892,2.53108780070519,0.9985112197713211,3287.23027124,2479.58391065,5756.683516000804
KEN5P7p3asnb23Sw6yAmJRGvijfAzso3RqfyLAQhznt,9zj4aX38Uxf3h6AUjS4EipWS8mwbEofasHAf3a1uKGds,CwQDG1MWunn9cLNwcZLd8YBacweSR7ARo32w4mLua1Yr,132931.27767800004,132987.09861499886,132557.5978097743,0.9971889244220543,13.255759780977431,1.0,1423182.450823,1143489.282868,2562671.0602605306
moFiBS1R4Lf3E3zzmBPnw3NF4RhWPkhREFviuzUaCAU,44ALBrpqi9PfZkBRTvbtRNtFJGsatfY4QydjtMbFWq8S,2ho8qEEie1UjVwWNBo9y4oAJZMyMLx8zPj9bxyUz6uWs,6313.589556666,6319.912085344007,6300.050873340209,0.9978556282120847,2.5200203493360838,0.9984734897959663,40784.751378936,26330.219757259,66987.32011682697
SoNcU2iwHMw6dGzsYNQkYFkUjwN1UdAjrWVRnStrZu2,8ivTTid27jZnYNc4w3CTA1Z6QS2twsFb8WMwUabeDJgc,CyXm53PMvHCbeXJBykU46Rcbo28xk5srhMZFg7gv6EYB,1.401352694000007,1.3890311190000038,297.0975498271092,212.00769163905267,0.11883901993084368,196.13550295811567,15.978822108,19.606486418,7233.1612650640345
SUiuyGR7SFq3xeRVJonq84fjjeFwRSsFekcevJ53tzy,49GjCCPsv7fBqo6t3iKDrP1xxGDS8uWZbVCdfnp2gjMf,CEwj5xEbbJEjYqM8D6Ai8ByGz1mrh8mkAVsE5fzDSSSx,0.10297299999999998,4.581306999999924,0.00206674602376233,0.020070756642637688,8.266984095049321e-07,0.9571493794321998,558.416705,2.825312,13.912091418740948
TETFuZgEmET6d9vYmz9iMFCxK1jKdKYxf3oPz8hSzJK,Eu1Ze6Z84LWNkq7SNoAHBJbXx5t1P95EwyqYohrfCRFV,ASMbv7WNu3qe4pkhREmvyEdwFNDZQ6B6iSrjkj4u8bdC,10.645338589000005,10.499717000000004,10.624706121567232,0.9980618307947394,0.004249882448626893,0.9986378579617403,314.071081377,38.408880764,351.81892089168105
DFWzVTzNBrQZLjoQ4yQwkj9HuoXmfkuZP9V5vbymZe23,DhgiEgiNdqZdRdo195UUHnoEJUtefK8buko8nU97XJUZ,2K2kkXsouBHtWVjtcgkyiXd8eP3oVBvq1bTJzcVdLLr2,1855.4188290309994,2214.161197818976,1547.1622643496758,0.833861465746625,0.6188649057398703,0.9992039112622073,61353.682859295,7565.330983176,58719.78022638793
KEVpg4SYCVrqFxKijQH6hm4QxsRdoE51ud64bEEFUC9,2bPenuBYfqzD8p5dFjCcggwkHDsc2RQDnx9AoyYGUBjA,AE6n6iLuX8oYu61vt5hoDYkjswpnxFxrhSehxrnQTnbx,2238.7081232050004,2240.664342569,2234.8971988504923,0.9982977127232414,0.893958879540197,0.9985624375608892,5587.552170906,2039.986913649,7615.094857022903
vEnkoSUkpnbRrPgBz9DfcVxNz67zjwMYBZraAvDDNSf,DtfyjjsZ5yCjWKLKHvwsfXs5QVsmm1QkK6Sh9JZHoq1g,e5wrKCRv4GhHvEf1VD5Pq2KGaZDXP77nTL612Jyrxwy,3089.5236589999995,3090.1573869999993,3056.1504955881765,0.989197958295414,0.3056150495588177,0.9990988128707906,1207.650888,733.124962,1927.0700719633871
BSCNHw8CmxbZ8hCWWzMf5FaG2ajPT6JxfznKUNuRVrn4,7n9kgNL633yGzCYksgnzHyjG73ZLBAwvEae5sbAekbzW,SscdxE99omdG9AiMVwmaEMQySQnCgeAh1sPj2Leutm2,2389.1198773649985,2388.587465056001,2392.501105870382,1.0014152611333647,0.9570004423481528,0.9989664074189671,5319.899189954,6367.79194245,11688.63847645168
BSCuChvaSj9b5HUSqgDVRzcnr2sSn7cXaamt1jbKH6hn,GnKpRj5kBVPMJfiwZtEuD9GYApLzPdW5JFuZTcyX4BTc,3dmwD9okkomV9nDwyuh4UMhKdUR13QpuKxRo89ycZB5t,259.578870176,259.81244702399977,259.4471312250721,0.9994924896974912,0.10377885249002884,0.9971342362051464,1654.792294959,1451.31057008,3101.1039276139722
wrmcMSHFi3sWpAEy4rGDvQb3ezh3PhXoV2xNjgLBkKU,8p4mGnARWPBu6P2Gcw4adodLkNDorrXniZMhaY7eJXUn,AyY89zccbsgp9LKFgH4CFZMJmpSgqmPSdTfukhP227rc,0.004043640000000015,0.04304319000000234,1.361036687983849,336.58700774150117,0.0005444146751935395,3689.900741670049,27.14086447,0.09006418,9467.590244054829
CZgvH45CRmoaNJ7395Ao5CQZXkGznvqU7cErD6n7FaRg,4ZjU6MKvtqVQKCiowhvZ5yUsPxXX5SCzd5eFsPeXyey5,BsyWeshjDbCvjDojry3vKDCesmFRM37WtwcR4Kfgzqr,98.65098918999999,100.0,100.2596889854692,1.0163069808896785,0.04010387559418769,1.0,339.74020149,664.86302668,1010.143365143153
daob129AwBGn9Y5r91uLoWZeYiGzbPmksauMhFZKTze,6VW5GQNyj4LStgmxEHLr5zUfW92vQnmbw8jTnCH7a38F,4VPCCUifPeBA1c7HWK358CHn2nyjm8pdTRk6Ps3KmnMQ,10.639225800999867,9.533087493999993,2122.415596620698,199.48966553762165,0.8489662386482794,179.93941799674886,48.847452122,223.104854121,49889.91948896506
ALLwa5WNZbvQsRKAqe1jdRGemdYQnW8E5k4msbRFcYtu,CGoM82Hbz7QVqTgvQatYtjvDWBvoUJp5qm21P8iMs9yb,3dxNNww8TivyN5FMy5dCNdi3Zcxv6e4kUfSPxfFwpdNq,6.612446916000001,6.620340225,24405.57657045841,3690.854063630324,9.762230628183364,3700.0858419915344,6.028625751,2.60398748,31885.755058655977
STK75uPSyBnEhGTTzb1nwmP3n427XoXmfRhXxxhyady,6TYyD5fUmDe6N65avW1Ny2RxzRNobw2RRgKwH9CTzSAU,54zDfk4cx2vGrEajPtodWpArNe5eUurytyxd4X3aZAxK,1281.5752345269962,1428.753661660001,230604.2835226126,179.9381552560385,23.06042835226126,201.68149933253508,3068.306631473,556.366046208,664314.1734040652
Sid7E679i9ABqptiAVhkmQ27YHN8vaYT4fppPwmxFsJ,GP7KB8o1bv527HG8kTzzzf4wJ5aEGHvcMQvVhLziUfmT,9gYxhAZ1M9wu5pxr8SBoa5NDm21gi3s9vMHaYTME77sa,8134.441758000001,9979.19914700005,163.2644009485279,0.020070756642637688,0.06530576037941117,0.025732808631072225,107377.073337,24741.210097,2791.79993267284
SERgf3DMJpQxUifu7VoFKmfne73d2fDJxSrxUMrcNJB,AJfM2GZ2tTB8UtN2krcyR9xufRJEx2mhSCbJyMgPo3GU,F4yRYkufQvERZcEKnKjJwRLU1btiMBUuEwq46hfm11QD,0.000433359000002298,6.267099999845982e-05,0.0775667371531671,178.98956097082507,3.1026694861266844e-05,178.89337275189172,29.276090844,27.967606618,10243.3341228017
RoBgmK8CvjdHvPrqdDyVw54VwjZv2TqJ493xnqJAQHx,ExiHJxM7qPAcy27NDHAF6G7vnW7muNHi2sVJpnaNynGQ,6rkPHSqZb7StM4HwS9EuVrmfkV7tRdc7dnsFhyB6cefE,5.261319000000185,0.09973199999999949,0.0,0.0,0.0,0.9686853099841426,6201.369959,20.117751,19.487769863618794
Lee1XZJfJ9Hm2K1qTyeCz1LXNc1YBZaKZszvNY4KCDw,9DgFSWkPDGijNKcLGbr3p5xoJbHsPgXUTr6QvGBJ5vGN,2hNHZg7XBhuhHVZ3JDEi4buq2fPQwuWBdQ9xkH7t1GQX,950.1702345721451,806.5920907840064,200938.2844197202,211.47608829295868,20.093828441972022,178.94507227323052,7214.049795154,56375.58866811,11613732.820090648
KysFMBBoavfov2tLpvefWW6tPFt6rAeZWDJVy1mMQae,B8ka2V21TH3x64dFV8ETcjuQcwmrciJ2qzy1mJUttRew,7fSf7EYxBANyxzk2s5pymFgshA91tFYQNKKs5UnLWcYS,3.894659000000047,5.2613190000120085,0.0,0.0,0.0,0.02574315401364475,134578.432187,2555.000008,65.77375871080757
HDSBGqAuMRr6X2AfmmbXQPpRgU6VEhtfNVVZ3wUTZXg,DCZ1d8kNLgDcdSd99y4udLgwq46mfDXNS9KXj96kQf5L,Fq8GGYQM5Pz3q7LmVMbrXHJgsxA5ev86kTq8yGgGuYsa,7920.833674802005,7981.6708557039965,7890.912085809265,0.9962224192274195,3.1563648343237056,0.9990757370522896,39246.874503511,38032.324772988,77095.78916938769
Lid8SLUxQ9RmF7XMqUA8c24RitTwzja8VSKngJxRcUa,4PgzyzLtds9bKZ2to9PMnKqJzKEUpjvNUaeN23phegax,AtymwxoVN9peZo7EXTcDz9jKVc4vRmisJKKrNfe3ewBa,47.83604659899538,40.69585801299979,10049.777527141869,210.08796172869617,1.0049777527141868,179.85624450089531,991.044024588,7671.703186648,1588010.143185157
YAkoNb6HKmSxQN9L8hiBE5tPJRsniSSMzND1boHmZxe,CfWX7o2TswwbxusJ4hCaPobu2jLCb1hfXuXJQjVq3jQF,EnTrdMMpdhugeH6Ban6gYZWXughWxKtVGfCwFn78ZmY3,10948888.020131044,10947332.393401047,10948888.020131044,1.0,1094.8888020131044,0.9986797453766121,571452.825854,807353.005298,1377739.9196140491
WiiQFxXqp8P9Fs1rt9SVcDyA3KUdJmUsog6wnVQAwba,3S2jpqSYxho6wiz3cafhjXruVY8cg4HYa2v3BqBHYFSj,Dfe67M6TfrG74gKRtdqys4e6E9QirPD53BkF4FujFjuv,28545.17634080401,28490.036489108003,28576.140045926913,1.001084726356328,2.8576140045926914,0.9937403431232569,7911.440760879,18859.678241303,26661.64563589552
ZUCKWFa4LTL833dPhhpeeRWZcaAEoMeYJPi2iKn4F8N,7eEYpq6ShaJ9opZWMxitRFrdCHh6vfyHhGfoSvFht3N2,H8VggnHmuwd1wvwpT8eg9cUJFEfZ7HAaeYjgXrSm7A2u,0.0014671409999209573,0.0014671409999209573,0.0014690937619530643,1.0013309982014083,5.876375047812258e-07,0.9937403431232569,1815.583619326,2031.488216222,3836.7719548971327
FrnkTEL6yZ5Aycq2TrEgu29dCrwKG4LPUZydfiwqspkc,DjvZuMZ46fxKBoBpGMPcRcos4xdTtHFxwMh69DpA2ZFY,9rvDPJLAng4uVVqnnSoEXgNDFhBZQTny9AoQioYDZbQX,3653.353511837001,3063.6971394209972,774845.9072957846,212.09168638765865,309.9383629183138,179.20915715782877,179.74545475,1461.28278578,299997.7730273219
heyk4SZTeCUV6a65WiVA5bzic3KcxgVf1qxobfeV4tQ,9ZDpBKPqMABtGfq66FbVribaArMvtk63xxy91onZAtDt,DaTP4s6N7xxSPinbNZ3FB52EpRDRt87QShTuN3VPCW52,22.008095391001916,19.148491862000014,4503.7137655516735,204.6389605977913,1.8014855062206696,179.034712861442,633.269836177,4463.720999732,928752.6885338023
BUSD5rCfUDpCxKGMvYU2yThChxgHoioK74PTPociGnv2,CcFHbafgYDZ8yA8Me1PdtDiVb2eeaS61LbqyKKK5CsNZ,26R9s4nmF3CFDTkiePDwRmtscn8i7r2eygbSijditJ58,651.5136269000003,653.2113248300001,649.0186757966895,0.9961705312056447,0.06490186757966895,1.0,92.93643641,53.89436583,146.47490505690934
SAMyS8Jr2HJrkFwYVKbpUwsNStnQmvz3f8Tup8bWUWF,6jPzm5TFfquvgm25sTyN3MMGBfufRaFHMxobDWv6hMFW,Cj9ECoDmxsHTDzCY5ZA6RWrPbg9uFzEC1Qc2kso2vJG6,962.8100561099855,24.631247939999867,964.543717342099,1.0018006264279353,0.3858174869368396,0.025708462894345648,533.40588922,106685.73199744,3277.0925363732367
BkMBnJpvHKtWhUvrgRrLesXfi9RUV3ELgdBaJcdH7hcY,5uerVwBnZQsuVhZ15igs7ZgmcqhHnYWbwoRtLyRqLvR,9YWiQh5d4jCtgMdzcGLv9bWgnLaFtzvDDh2nnhJdzhBX,53.74816464599985,53.562460081000154,53.93691564173906,1.0035117663455557,0.021574766256695625,0.9902117754140559,1114.216648772,1759.198079488,2860.1081708956253
parEAJhzYzHW87y9VoZAQ22dzQ2MD2ekEtTReaxbMcz,3oyc6hpjYSJEquK6dSvG72NXyz3pqLZz5D8AC71pwgQb,Di2vordgFJVZ1aj1aBpvzXtLfZgJsuLLXawGtVFwX6Rz,2.630915673000004,3.089964383999586,454.415009233678,172.72123690513942,0.1817660036934712,202.8010886362438,1103.291553058,143.156114965,219594.0976710073
AUSejoEUCh2DBs9mof6BNC8Pubs22w4cJa1ccV9h44R,4xkyD7AfGQDwsQMy9MosRRNGoVJ1zosNinesxg1TzHG7,Cbm5gsQe3nSiCsFrvepVzMCD9xLK3ri9g3ypS2hdmVJ7,4386.014821000001,4387.581912999996,4379.900479930018,0.9986059460992455,0.4379900479930019,1.0,14985.797175,13887.096382,28852.002547992277
GokA1R67GqSavkd15zR62QD68Tuc5AEfvjssntVDEbM8,3YB7hfpBdbQEuZqLGWVDpRPmeZWCUsrrWyqGXegnQ6Cg,4DPCj6Z1DsG6HUtwSogBGqXEUxdEV5a8YVrrFtcnz7UW,43412.825750999975,43416.005764,43422.94329678812,1.0002330543016522,4.342294329678812,1.0,30365.968369,44165.99995,74539.04523855222
MATgk4zXLXtYkwBH678J1xZbRDZ45LicNzkRBHkxTuY,y8dALFo1bJrSzPYjMX14HJX448pXqYmrfXHD1K8MXih,GN7Yuet3UyiWS5YVkEHv6oQKi4HGBJc3XDPt9zQhAqZz,33554.936197999996,33454.09767799999,33630.26799831623,1.002245028864657,13.452107199326493,1.0,5564.90116,9176.298321,14753.692844733163
SoN9GaFpSXfpyR5dth3x7PHPVhvJMpQqqDJfCSmPv1t,9kZ9iS68ViMPtoeqtnhAKuF2iqVyfHPdZHoUNdwCELr,BBhm5fJLjw3HRzjtKB8uMEYjGhY6EDm9co3cqpjrSzB9,1.1965193129999991,1.1737271340000004,246.68832973770003,206.1716238571907,0.09867533189508003,207.14930244543893,3.711536028,5.916353008,1990.7818085254016
AURHmCnNwiW4uA2Qj1XvEh4iKgRUZYXtiY7FKAapUV5Y,BKWm4TRnTeKwfWXRyuzjRHU7iZDkPuXBX5b5V5jSVfGJ,A5Ww74HVrkj9nPeC7pHKLfgeDMEhBCpW1efQdz3TGLEg,0.0013819699995565315,0.0010193490001029204,0.2689712016591196,194.6288282274082,0.00010758848066364784,179.034712861442,289.899736247,1809.486571128,380383.754657725
KwnjUuZhTMTSGAaavkLEmSyfobY16JNH4poL9oeeEvE,J63v6qEZmQpDqCD8bd4PXu2Pq5ZbyXrFcSa3Xt1HdAPQ,BnKQtTdLw9qPCDgZkWX3sURkBAoKCUYL1yahh6Mw7mRK,128.27821200000005,4992.6149530000985,3.2675095216447647,0.02547205383284235,0.0003267509521644765,1.0,274390.16227,646.890865,7636.171849543787
BkwbeSfcX1h4thMDd7obGkHrPevf3QwgzJ4pCEqG18Lu,35yX27bmurdebhfAb8EPmjLETDiUaEUCn9zHaDPbakH2,2CxECn1ZJFoESyUnQysQU8rRgT3iJ5GRs2Mdd6gZjx5g,0.004330009999997886,0.0027527900000005046,8.860080620404506,2046.2032698328255,0.003544032248161803,1291.9896640826873,0.84057366,22.73282247,31090.556238294008
C98Sspw7XqnMsgxea3SLQVdbMDL8pKUc3RE82UvX9eq2,CSqgQJurPCzGxb4Cgwx5R61hWQUiaoUHcShNc8r1cKEL,6S2CR5EnukPhC914XkAns8m5GixjMAoUuZMsS5ubHuWc,246.2677020000001,244.41385999999977,0.0,0.0,0.0,1.0,796.060991,1820.363556,1820.363556
SEQV6QiTpvTzrceiaYg9Avnwf7oc8ZALpnQMz6TyT4A,3dFMPj4r9mMmPHF32mz1gNDX7f8ftidWof7S8YiYTs1j,Fc1ED3YPeQfXQosHbd8DTaBd2AV5gHQtwiSAL5C5pUhi,1781.1538111479995,1780.501086147,1788.0740511020558,1.003885256798567,0.7152296204408224,0.9977003008066407,785.939656083,4836.547867906,5614.4184961505935
