0,1,2,3,4,5,6,7,8,9,10,11
BSC8REUo9LpiiWUuqMuLXs2D2yJsJfGd4HdiF3wCLxk5,AZjEH1zWVx1UJ6udMyRijGTzPteuLnaY18yNNmprJEsh,Caf8ypkSVR8xYnXNhjvfvdGCC7mrM3C11rz8Xi6NA6aK,228.93277585099986,228.43391259300006,229.46154382011733,1.002309708459839,0.09178461752804692,0.9989646740108199,2632.233793169,3713.870872695,6348.339291489396
KwnjUuZhTMTSGAaavkLEmSyfobY16JNH4poL9oeeEvE,J63v6qEZmQpDqCD8bd4PXu2Pq5ZbyXrFcSa3Xt1HdAPQ,BnKQtTdLw9qPCDgZkWX3sURkBAoKCUYL1yahh6Mw7mRK,97.35971699999982,3868.8147689996986,2.4563089833757608,0.02522921244086777,0.0002456308983375761,1.0,274588.95123,641.849692,7569.512676496749
MNkYtBe2HtgL15osfaMmyqNW3vo4J399FXXCS4a39Wf,2mUxDu8NrhSKhQJMgKfYLxJqZzeEbmwhQdHeHMyohyuk,AZCBmDBcFsA2jHHhfFJBTsWCHx9XnnKmGfFsue3ZVW1t,0.005978879999929632,0.005978879999929632,0.005971577417621396,0.9987786036334028,2.388630967048559e-06,0.9991939003209162,2195.17588665,1941.27861689,4132.208459617917
AURHmCnNwiW4uA2Qj1XvEh4iKgRUZYXtiY7FKAapUV5Y,BKWm4TRnTeKwfWXRyuzjRHU7iZDkPuXBX5b5V5jSVfGJ,A5Ww74HVrkj9nPeC7pHKLfgeDMEhBCpW1efQdz3TGLEg,0.00027940399991166487,6.958400012990751e-05,0.05391422472139536,192.9615350476036,2.1565689888558144e-05,174.5486433904887,289.900346858,1809.486190889,371782.9757940502
7dwD9TF6uikvHXxPFK9AsSim54yJoujQjY9vU6gNFumk,CquVr6atkvwueDYficKjn6SSEWq4F4rH4VSiBbW4GBWU,8BCa6ge3b7ho3TfZuM64Vk1hgbrJ3J7EPiAb9uP86CGd,3.257799999999969e-05,3.249100000000038e-05,0.006690611682262216,205.3720818424176,2.6762446729048867e-06,205.7758397351912,0.003888335,0.003619567,1.5433748927535236
SERgf3DMJpQxUifu7VoFKmfne73d2fDJxSrxUMrcNJB,AJfM2GZ2tTB8UtN2krcyR9xufRJEx2mhSCbJyMgPo3GU,F4yRYkufQvERZcEKnKjJwRLU1btiMBUuEwq46hfm11QD,6.537899999869978e-05,6.537899999869978e-05,0.011341729024063775,173.47663660027428,4.53669160962551e-06,174.62081962123347,29.284890014,27.959076601,9962.48109475715
moFiBS1R4Lf3E3zzmBPnw3NF4RhWPkhREFviuzUaCAU,44ALBrpqi9PfZkBRTvbtRNtFJGsatfY4QydjtMbFWq8S,2ho8qEEie1UjVwWNBo9y4oAJZMyMLx8zPj9bxyUz6uWs,1597.1720457310075,1595.440713,1595.864504470695,0.9991813397537183,0.638345801788278,1.0,37552.072659601,29558.477157041,67079.8074275901
B2izdXFYb2sNwbWWHmh75T4aQFtfXsUxem9u2p61HGzf,4DYwgJtxwuJdAjkj5RJSNH4e7U329V5cNp7d3a1nLrZv,EXNW64GEf1ACC6xY9BtKRiunrs6GoJSXBdxWN2eTPmrF,6683.937542999985,6587.277891000003,6442.355648535551,0.9638563507049164,0.6442355648535552,1.0,8969.681214,30836.480878,39481.96507991248
MATgk4zXLXtYkwBH678J1xZbRDZ45LicNzkRBHkxTuY,y8dALFo1bJrSzPYjMX14HJX448pXqYmrfXHD1K8MXih,GN7Yuet3UyiWS5YVkEHv6oQKi4HGBJc3XDPt9zQhAqZz,12992.290939999999,12981.125889999996,13012.786078072962,1.0015774845381475,5.205114431229186,1.0,6150.135355,8621.556206,14781.393304430027
vEnkoSUkpnbRrPgBz9DfcVxNz67zjwMYBZraAvDDNSf,DtfyjjsZ5yCjWKLKHvwsfXs5QVsmm1QkK6Sh9JZHoq1g,e5wrKCRv4GhHvEf1VD5Pq2KGaZDXP77nTL612Jyrxwy,2221.483285,2219.7954660000005,2213.3095328950185,0.996320588068264,0.22133095328950186,0.9975181747811445,707.789176,1233.982441,1936.1048403189734
BkwbeSfcX1h4thMDd7obGkHrPevf3QwgzJ4pCEqG18Lu,35yX27bmurdebhfAb8EPmjLETDiUaEUCn9zHaDPbakH2,2CxECn1ZJFoESyUnQysQU8rRgT3iJ5GRs2Mdd6gZjx5g,0.016581209999998237,0.01036529999999991,33.88276764002337,2043.4436111735495,0.013553107056009348,1290.3225806451612,0.84736611,22.72197826,31050.226489610934
RajgMbScQbqqrdJfR2rxfHJiTiY5b6bJ2tTXiF4aPxy,725ZA3fhyBAKb5iopNRrcbSuQa3LXA1656Q3mBvYPxeg,GLA6i1dSZpUfk2f9Nj8uiG7xyDdAR2reff8oEiZH3617,4707.523149599976,4711.816551759985,4702.54207595686,0.9989418907810279,1.8810168303827441,0.9991939003209162,109711.34957644,72138.06896849,181675.1814802721
TETFuZgEmET6d9vYmz9iMFCxK1jKdKYxf3oPz8hSzJK,Eu1Ze6Z84LWNkq7SNoAHBJbXx5t1P95EwyqYohrfCRFV,ASMbv7WNu3qe4pkhREmvyEdwFNDZQ6B6iSrjkj4u8bdC,21.04956833300001,21.08023164799998,21.15220320143946,1.0048758657097279,0.008460881280575785,0.9982141948054929,292.940955396,59.408554764,353.67175881369457
daob129AwBGn9Y5r91uLoWZeYiGzbPmksauMhFZKTze,6VW5GQNyj4LStgmxEHLr5zUfW92vQnmbw8jTnCH7a38F,4VPCCUifPeBA1c7HWK358CHn2nyjm8pdTRk6Ps3KmnMQ,21.634295451000177,19.427134545000023,3974.044967594943,183.69190605702016,1.5896179870379774,174.41003625112603,49.064162578,222.878343554,47884.9095218884
BUSDTd9WiT6uBHJRgNvFXBsA7JrifsAtWzKfioN7ERcy,DyBxrn7gSc1EwnpWhDyhzvMHPtxpmBqRqotapLcKcfTM,Cds99GeBgoCpqBsoRWu1C6fF9LiUMd4pXQQD24s9LPff,5522.643865680001,5528.470331109998,5538.052722051729,1.0027901231269836,0.553805272205173,0.9967287362875044,246.36728528,399.27104555,645.019605007634
heyk4SZTeCUV6a65WiVA5bzic3KcxgVf1qxobfeV4tQ,9ZDpBKPqMABtGfq66FbVribaArMvtk63xxy91onZAtDt,DaTP4s6N7xxSPinbNZ3FB52EpRDRt87QShTuN3VPCW52,44.18654607100029,38.70413701599989,8815.72831129401,199.51159561393706,3.526291324517604,174.62081962123347,636.614050691,4459.9380032,905809.9146222846
FrnkTEL6yZ5Aycq2TrEgu29dCrwKG4LPUZydfiwqspkc,DjvZuMZ46fxKBoBpGMPcRcos4xdTtHFxwMh69DpA2ZFY,9rvDPJLAng4uVVqnnSoEXgNDFhBZQTny9AoQioYDZbQX,425.0303081739994,359.41075722200026,87688.36090657098,206.31084235685378,35.07534436262839,174.9407213365751,179.67410695,1463.935985499,293170.733648335
BUSD5rCfUDpCxKGMvYU2yThChxgHoioK74PTPociGnv2,CcFHbafgYDZ8yA8Me1PdtDiVb2eeaS61LbqyKKK5CsNZ,26R9s4nmF3CFDTkiePDwRmtscn8i7r2eygbSijditJ58,1364.78925362,1365.3751909100001,1360.4868635675227,0.9968475791840642,0.1360486863567523,0.9991939003209162,86.81690593,60.21539813,146.7100810254626
DA1mL7dfBow33EH5yjUuZE6SH2KeUK5zEXzsyhE5r5j5,B4UtLRZND3D83CitRCBUyeiNr7H8m7YFRqBmiPmXjhW4,AAmpYbuixWiSqDaJBCqYEs1pb5SrbdPr9mgXrB58Q2e,53.82144940300003,53.889999999999986,65.20212591173218,1.2114524345770923,0.02608085036469287,1.0,167.457062883,2970.783786876,3173.650053392739
KEVpg4SYCVrqFxKijQH6hm4QxsRdoE51ud64bEEFUC9,2bPenuBYfqzD8p5dFjCcggwkHDsc2RQDnx9AoyYGUBjA,AE6n6iLuX8oYu61vt5hoDYkjswpnxFxrhSehxrnQTnbx,198.0907757099999,198.62964773099975,197.48480267728553,0.9969409326075764,0.07899392107091421,1.0,6029.23773285,1599.552217097,7610.346105397269
DFWzVTzNBrQZLjoQ4yQwkj9HuoXmfkuZP9V5vbymZe23,DhgiEgiNdqZdRdo195UUHnoEJUtefK8buko8nU97XJUZ,2K2kkXsouBHtWVjtcgkyiXd8eP3oVBvq1bTJzcVdLLr2,3932.591798414999,4835.154246166996,3146.993216733441,0.8002338859583169,1.2587972866933763,0.9990038243554714,61787.336483355,7205.864716419,56643.006786579994
BSCuChvaSj9b5HUSqgDVRzcnr2sSn7cXaamt1jbKH6hn,GnKpRj5kBVPMJfiwZtEuD9GYApLzPdW5JFuZTcyX4BTc,3dmwD9okkomV9nDwyuh4UMhKdUR13QpuKxRo89ycZB5t,127.64285637400008,127.87829864800005,127.21923679776064,0.9966812120296165,0.05088769471910426,0.9949615148886042,1139.435612131,1968.623187657,3094.3583759644744
ALBpShJ9NLpE739pcHDF2LNVk5J4VYPvvKuV6jMPitZi,D6d156U1bPiJpDYRLextvDRccgFk7QzkQbJg42ceKEu5,GNcM8U5g8RwTZffwwm3kSQqUNPSwv5d2fbN9sLxPJqt2,16333.323696999993,16295.665042999986,16304.383416435818,0.9982281450425494,6.521753366574328,0.9982530571499876,44700.05824,55619.199396,100142.89205350087
SoNcU2iwHMw6dGzsYNQkYFkUjwN1UdAjrWVRnStrZu2,8ivTTid27jZnYNc4w3CTA1Z6QS2twsFb8WMwUabeDJgc,CyXm53PMvHCbeXJBykU46Rcbo28xk5srhMZFg7gv6EYB,30.429763719999986,30.121875176000025,6268.885079505034,206.01162523601207,2.5075540318020133,202.7471015781226,15.041540519,20.575210665,7270.296535060545
GokA1R67GqSavkd15zR62QD68Tuc5AEfvjssntVDEbM8,3YB7hfpBdbQEuZqLGWVDpRPmeZWCUsrrWyqGXegnQ6Cg,4DPCj6Z1DsG6HUtwSogBGqXEUxdEV5a8YVrrFtcnz7UW,71659.02255899998,71649.18947899994,71674.28918259588,1.0002130453786657,7.167428918259588,1.0,33933.400619,47709.37702,81650.00699318429
WiiQFxXqp8P9Fs1rt9SVcDyA3KUdJmUsog6wnVQAwba,3S2jpqSYxho6wiz3cafhjXruVY8cg4HYa2v3BqBHYFSj,Dfe67M6TfrG74gKRtdqys4e6E9QirPD53BkF4FujFjuv,4467.606428468,4479.609685240998,4450.870208448877,0.9962538732345629,0.4450870208448877,1.0,22081.43840769,4703.525804564,26702.2443448156
ZUCKWFa4LTL833dPhhpeeRWZcaAEoMeYJPi2iKn4F8N,7eEYpq6ShaJ9opZWMxitRFrdCHh6vfyHhGfoSvFht3N2,H8VggnHmuwd1wvwpT8eg9cUJFEfZ7HAaeYjgXrSm7A2u,0.004164068000136467,0.0013807459999952698,0.004170877345294253,1.0016352627184673,1.6683509381177013e-06,0.994905442420795,1805.111925129,2042.026524055,3839.6870597127618
NorjjEePhxfwLF4vZjUHCrVVKLzQjEEGQFd3wgjEJmh,34M8pFVqgbV7aqHxvRT5tCv3vu2P1JJYT8J3VaxBK2oG,3AZWBSze3ucsY3xSeuLne3b2pauVqiaJ1SZSV5T9WGWw,5.96323799999891,10.0363359999983,3.536040018571273,0.5929731495828138,0.0014144160074285094,1.0,38120.278942,2260.678903,24864.98077021315
MATSnbbiTCv7Dc3trJrkrqjx7ckKdr6fwPoVwv9q3sD,631WX9JizSHJm4w6VanZeJAst9T8DeUUnPLesdGkCVtK,211maUSfpnXbPuW1iBu8b4dtJv5EbN1j7JJiEX5TZKEP,31629.661583999998,31635.644642000003,31608.862952177464,0.999342432679297,12.643545180870985,0.9994043550044174,19508.411208,25985.902129,45466.006870751946
4Fss9Dy3vAUBuQ4SyEZz4vcLxeQqoFLZjdXhEUr3wqz3,,,0.0010261390000000001,0.0006288590000000001,0.0,0.0,0.0,0.9994043550044174,19508.411208,25985.902129,25970.42375644116
Cob4usZcpHEY7Qt4ZCwj6WVg9S44zvzYV2v9qYF65dTf,NhFM9UXE48PyNAyeyPYA3iXztqKVJwA4bTdLj4ysM8w,6TuFuynuBoeskxyR2cz4wxyidk8dpDK7kAWw3UkjQGx,14.906856000000005,759.3972600000052,0.2959269657819007,0.019851735723609366,0.00011837078631276029,1.0,61959.618263,308.373566,1538.3795332927964
ACUSESXyNnwRLAg1dpSGMLSzUDdLjUMybY8rkXiAKhCP,AhFPQdu8GKBsxuhiH46UmCu1YpaLgNpoP325HnYtsgas,A8wxWpT3aFEr2XqZp1kDmbxbFfcBE95UUmdsNTDBJYbT,0.0,0.0027924860000894114,0.0,1.0,0.0,0.9878767049617103,1044.479259547,1841.390280505,2863.545822400799
SEQV6QiTpvTzrceiaYg9Avnwf7oc8ZALpnQMz6TyT4A,3dFMPj4r9mMmPHF32mz1gNDX7f8ftidWof7S8YiYTs1j,Fc1ED3YPeQfXQosHbd8DTaBd2AV5gHQtwiSAL5C5pUhi,2147.768594103998,2141.594465077,2145.7181994355724,0.9990453372518555,0.8582872797742289,0.9968231247015761,1269.819358987,4352.494432056,5607.274209756376
ercAoEmXjQzEvAFbdjAo81KtMxRGn9AW1ju882upmPH,CMRhskR2Eg6V42RTSdRTXGdozyPbWB8U9dVpijPWb9T4,7TKLLgrWswt6ZJ1pXhVR3FyufHGjJFqiEXxvWJfDcgRm,0.0,0.00020274000007702853,0.0,174.84372904607184,0.0,170.01679085826515,923.337919085,923.07008355,318377.25828490325
Lid8SLUxQ9RmF7XMqUA8c24RitTwzja8VSKngJxRcUa,4PgzyzLtds9bKZ2to9PMnKqJzKEUpjvNUaeN23phegax,AtymwxoVN9peZo7EXTcDz9jKVc4vRmisJKKrNfe3ewBa,144.1449755429967,122.58643117600025,29421.527009657635,204.11066635396912,2.9421527009657638,174.75533379492043,990.194679739,7672.733868006,1542960.4641246619
parEAJhzYzHW87y9VoZAQ22dzQ2MD2ekEtTReaxbMcz,3oyc6hpjYSJEquK6dSvG72NXyz3pqLZz5D8AC71pwgQb,Di2vordgFJVZ1aj1aBpvzXtLfZgJsuLLXawGtVFwX6Rz,7.470000395000056,8.765927671999634,1224.4238274831266,163.91215029957402,0.4897695309932506,185.9995878249134,1102.526099415,143.818420261,207467.59060669073
KEN5P7p3asnb23Sw6yAmJRGvijfAzso3RqfyLAQhznt,9zj4aX38Uxf3h6AUjS4EipWS8mwbEofasHAf3a1uKGds,CwQDG1MWunn9cLNwcZLd8YBacweSR7ARo32w4mLua1Yr,1655729.0329690007,1659848.550853001,1647273.5776946938,0.9948932131369679,164.7273577694694,1.0,1507883.691748,719750.208652,2219933.459772001
wrmcMSHFi3sWpAEy4rGDvQb3ezh3PhXoV2xNjgLBkKU,8p4mGnARWPBu6P2Gcw4adodLkNDorrXniZMhaY7eJXUn,AyY89zccbsgp9LKFgH4CFZMJmpSgqmPSdTfukhP227rc,0.010877400000001133,0.061046610000003165,3.3728372093026766,310.07751937984494,0.0013491348837210706,3499.4400895856666,27.15876109,0.08846249,8730.890452147625
BUSDgu5JdqP1rndBvXvanbEufS94FNh1w5FJcAj6vawb,Bgzr8cWubt89JQFXndVjtdKmDbGzuPxNhvjH1EhWCwbo,Dxaf8xPBBQsasRKW5Aa4Sw2YrbfGofY9xZueyyF23FBW,10188.070835440007,10130.605857270006,10247.972179946508,1.0058795571285322,4.099188871978603,0.99994276327623,4736.38432238,10249.95123619,15013.596727148555
YAkoNb6HKmSxQN9L8hiBE5tPJRsniSSMzND1boHmZxe,CfWX7o2TswwbxusJ4hCaPobu2jLCb1hfXuXJQjVq3jQF,EnTrdMMpdhugeH6Ban6gYZWXughWxKtVGfCwFn78ZmY3,7672193.833197977,7671124.066877986,7672193.833197977,1.0,767.2193833197978,0.9951991592557503,523041.600021,862212.29328,1381114.5493932283
HEDSDjj84KS7LKhZY7ejkCACTdPen62rKhCby1wXtgxc,EnnjMSFttpCTywBrYNt1J5QQeoSVkvzPipJDa8Y7kJow,6bjVT6JN2rSvpyn9PdfLYC8wJn4LWh49jpY47fnLDXZk,11.417301796000174,11.786904792985297,11.053775378710927,0.9681600413316042,0.004421510151484371,1.0,39105.621863658,9115.957415152,46976.457894969215
KZMu9QBEdL97EFgamLbN5DE1AoKBG4HdrKKJo4Vuon3,DD4ACBWyVqdaKWh7v5btsgqQCCMwbKnuL2xd9pv7Gyuw,GcYqiJ1MAuYbNTNYXm1F1gQYTfTgkErACAhNU5dpVj9T,284.95308445000046,284.889592049999,278.92510295523647,0.978845705403053,0.11157004118209458,0.99994276327623,2446.9460335,1943.32971836,4338.401104778226
Sid7E679i9ABqptiAVhkmQ27YHN8vaYT4fppPwmxFsJ,GP7KB8o1bv527HG8kTzzzf4wJ5aEGHvcMQvVhLziUfmT,9gYxhAZ1M9wu5pxr8SBoa5NDm21gi3s9vMHaYTME77sa,750.5531810000066,920.2405130000079,14.850140077055123,0.019785593416937357,0.005940056030822049,0.02532507840454336,107662.541509,24520.278728,2751.1452538190724
SAMyS8Jr2HJrkFwYVKbpUwsNStnQmvz3f8Tup8bWUWF,6jPzm5TFfquvgm25sTyN3MMGBfufRaFHMxobDWv6hMFW,Cj9ECoDmxsHTDzCY5ZA6RWrPbg9uFzEC1Qc2kso2vJG6,889.9781391499665,62.88988748999202,886.1754186405132,0.9957271753741216,0.35447016745620524,0.02564780653964581,533.2875965,106691.82262439,3267.42017815756
BkMBnJpvHKtWhUvrgRrLesXfi9RUV3ELgdBaJcdH7hcY,5uerVwBnZQsuVhZ15igs7ZgmcqhHnYWbwoRtLyRqLvR,9YWiQh5d4jCtgMdzcGLv9bWgnLaFtzvDDh2nnhJdzhBX,15.543830480000224,15.537117800000033,15.601447812481751,1.0037067653662115,0.006240579124992701,1.0,1114.150430735,1759.272135741,2877.5524607053985
SRMuKizofcAMicegrfSv7xs9q76tH1w8aAF7oX9FEWu,72Hj2KWntXPfbie4UgKeTPnm1XVkomDfCnRPKbvfTtPi,6aqJQ5wedqpUt4fFEDUqUmXhrdxCu4bEJsQdVPCADLko,4.70000013592653e-05,4.799999987881165e-05,2.6667513233052492e-06,0.05673938821662485,1.0667005293220998e-09,0.056410888790784076,17971.450574,3892.771299,1239.2837997699164
AUSejoEUCh2DBs9mof6BNC8Pubs22w4cJa1ccV9h44R,4xkyD7AfGQDwsQMy9MosRRNGoVJ1zosNinesxg1TzHG7,Cbm5gsQe3nSiCsFrvepVzMCD9xLK3ri9g3ypS2hdmVJ7,437.6804350000002,438.0890969999982,437.19514838529255,0.9988912307338854,0.04371951483852926,1.0,14800.391271,14072.579263,28856.560315032242
JSoLLrxK5bYdHwTEWYaGgmeycBCNXKDiBCTw5hXGBg7,xG4wXczA7Dk4hccJ61CHKpDHW4NrNfQwgmWgkb9BuF2,BVR6WgfhsRr9Lob4QDnkEAiNGgAbv7ZieKcY9kSg3QYR,13.507685739000006,11.583383136000002,2706.2346298705306,200.34776364814044,1.0824938519482123,174.68390074740253,17.525720302,163.317440004,32040.166348807117
BSCNHw8CmxbZ8hCWWzMf5FaG2ajPT6JxfznKUNuRVrn4,7n9kgNL633yGzCYksgnzHyjG73ZLBAwvEae5sbAekbzW,SscdxE99omdG9AiMVwmaEMQySQnCgeAh1sPj2Leutm2,186.7277014729998,186.37884867500088,187.108167032736,1.002037542136142,0.07484326681309439,0.9992834178581875,5010.033346705,6678.950286463,11694.405770714056
C2ypsDADXcCRz8HbV2zX1AXPSja7a1P3xZtRC91xGhJh,J9bYNuDpY1d1T86gLaw7DGk5D3CsUAf2tzUwxMvb6FTv,A2NGvvPrMGzsJ4jb52KEnSBVmsA7C34dV1GC7PerdgvG,0.8086610010000004,0.8098137730000006,140.82331733532095,174.14382189963047,0.05632932693412839,174.12004950581246,2.72710754,2.293306783,874.2196203348749
MARpDPs5A7XiyCWPNH8GsMWPLxmwNn9SBmKvPa9LzgA,6YjT74rmcfCpw8LSjPNx5JTmZoYLGrTKnf9arfSgZ4SR,F8GSmi3vA8M8TsybLya1LQ4n1aFHCRbZ6k437PeTdXtg,150183.24098600008,158784.17435499962,139335.67965360743,0.9277711596768388,55.73427186144298,1.0,320549.887356,14584.057265,311980.9979915562
C98Sspw7XqnMsgxea3SLQVdbMDL8pKUc3RE82UvX9eq2,CSqgQJurPCzGxb4Cgwx5R61hWQUiaoUHcShNc8r1cKEL,6S2CR5EnukPhC914XkAns8m5GixjMAoUuZMsS5ubHuWc,35.31429800000012,34.87063099999989,0.0,0.0,0.0,1.0,840.049962,2229.343457,2229.343457
ALLwa5WNZbvQsRKAqe1jdRGemdYQnW8E5k4msbRFcYtu,CGoM82Hbz7QVqTgvQatYtjvDWBvoUJp5qm21P8iMs9yb,3dxNNww8TivyN5FMy5dCNdi3Zcxv6e4kUfSPxfFwpdNq,6.209113211999998,6.208078024000001,21755.065386636765,3503.7314740198312,8.702026154654707,3514.320857494289,4.410234824,4.208166529,30241.125965341154
Lee1XZJfJ9Hm2K1qTyeCz1LXNc1YBZaKZszvNY4KCDw,9DgFSWkPDGijNKcLGbr3p5xoJbHsPgXUTr6QvGBJ5vGN,2hNHZg7XBhuhHVZ3JDEi4buq2fPQwuWBdQ9xkH7t1GQX,3970.5282399168864,3366.0116010380034,815357.6181576081,205.35242891879687,81.53576181576082,174.92872529088024,7171.294502685,56424.464233373,11342902.348183183
STK75uPSyBnEhGTTzb1nwmP3n427XoXmfRhXxxhyady,6TYyD5fUmDe6N65avW1Ny2RxzRNobw2RRgKwH9CTzSAU,54zDfk4cx2vGrEajPtodWpArNe5eUurytyxd4X3aZAxK,2142.2914477229947,2404.1931353320297,374577.8176104898,174.84914016186835,37.45778176104898,194.64185995089963,4686.707036263,847.460383151,984417.9606923766
SoN9GaFpSXfpyR5dth3x7PHPVhvJMpQqqDJfCSmPv1t,9kZ9iS68ViMPtoeqtnhAKuF2iqVyfHPdZHoUNdwCELr,BBhm5fJLjw3HRzjtKB8uMEYjGhY6EDm9co3cqpjrSzB9,7.196707455000005,7.057328456999995,1479.5615975556339,205.5886816029585,0.5918246390222536,198.73398502181703,3.60231445,6.033727882,1939.7018650218943
