0,1,2,3,4,5,6,7,8,9,10,11
SoN9GaFpSXfpyR5dth3x7PHPVhvJMpQqqDJfCSmPv1t,9kZ9iS68ViMPtoeqtnhAKuF2iqVyfHPdZHoUNdwCELr,BBhm5fJLjw3HRzjtKB8uMEYjGhY6EDm9co3cqpjrSzB9,7.741239160000007,7.5836367509999985,1584.8074378216209,204.72270718756857,0.6339229751286483,199.99760002879967,3.667052687,5.96696698,1944.1080289331821
ACUSESXyNnwRLAg1dpSGMLSzUDdLjUMybY8rkXiAKhCP,AhFPQdu8GKBsxuhiH46UmCu1YpaLgNpoP325HnYtsgas,A8wxWpT3aFEr2XqZp1kDmbxbFfcBE95UUmdsNTDBJYbT,0.0,0.0027924860000894114,0.0,0.9977464628997401,0.0,0.9878767049617103,1044.479259547,1841.390280505,2861.1920496389575
C98Sspw7XqnMsgxea3SLQVdbMDL8pKUc3RE82UvX9eq2,CSqgQJurPCzGxb4Cgwx5R61hWQUiaoUHcShNc8r1cKEL,6S2CR5EnukPhC914XkAns8m5GixjMAoUuZMsS5ubHuWc,54.48456100000021,53.75512600000002,0.0,0.0,0.0,1.0,838.372665,2231.042463,2231.042463
SEQV6QiTpvTzrceiaYg9Avnwf7oc8ZALpnQMz6TyT4A,3dFMPj4r9mMmPHF32mz1gNDX7f8ftidWof7S8YiYTs1j,Fc1ED3YPeQfXQosHbd8DTaBd2AV5gHQtwiSAL5C5pUhi,3156.573527971999,3145.185567589,3153.8430851671724,0.9991349978764534,1.261537234066869,0.9992216063686388,1736.527430906,3884.873150056,5616.87452052802
BkwbeSfcX1h4thMDd7obGkHrPevf3QwgzJ4pCEqG18Lu,35yX27bmurdebhfAb8EPmjLETDiUaEUCn9zHaDPbakH2,2CxECn1ZJFoESyUnQysQU8rRgT3iJ5GRs2Mdd6gZjx5g,0.016581209999998237,0.01036529999999991,33.33107524071449,2010.1714676261886,0.013332430096285796,1254.7051442910918,0.84736611,22.72197826,30212.734188247745
4Fss9Dy3vAUBuQ4SyEZz4vcLxeQqoFLZjdXhEUr3wqz3,,,0.0010261390000000001,0.0006288590000000001,0.0,0.0,0.0,1254.7051442910918,0.84736611,22.72197826,28509.38301129235
KEVpg4SYCVrqFxKijQH6hm4QxsRdoE51ud64bEEFUC9,2bPenuBYfqzD8p5dFjCcggwkHDsc2RQDnx9AoyYGUBjA,AE6n6iLuX8oYu61vt5hoDYkjswpnxFxrhSehxrnQTnbx,242.35387672299998,242.99806082799932,241.66043645049317,0.9971387283674468,0.09666417458019727,0.9975965972610548,6029.23773285,1599.552217097,7607.694294876419
KwnjUuZhTMTSGAaavkLEmSyfobY16JNH4poL9oeeEvE,J63v6qEZmQpDqCD8bd4PXu2Pq5ZbyXrFcSa3Xt1HdAPQ,BnKQtTdLw9qPCDgZkWX3sURkBAoKCUYL1yahh6Mw7mRK,147.48207700000034,5951.608703000005,3.7244568311783746,0.025253623402512602,0.0003724456831178374,1.0,274637.082605,640.627486,7576.208942471415
7dwD9TF6uikvHXxPFK9AsSim54yJoujQjY9vU6gNFumk,CquVr6atkvwueDYficKjn6SSEWq4F4rH4VSiBbW4GBWU,8BCa6ge3b7ho3TfZuM64Vk1hgbrJ3J7EPiAb9uP86CGd,5.4293000000000396e-05,5.4458999999999324e-05,0.010987649948646937,202.37691688885965,4.3950599794587745e-06,203.08857098757912,0.003888335,0.003619567,1.522001938754843
BUSDTd9WiT6uBHJRgNvFXBsA7JrifsAtWzKfioN7ERcy,DyBxrn7gSc1EwnpWhDyhzvMHPtxpmBqRqotapLcKcfTM,Cds99GeBgoCpqBsoRWu1C6fF9LiUMd4pXQQD24s9LPff,12249.372950129997,12205.920639570002,12278.764998269304,1.002399473692161,1.2278764998269305,0.9976276414685877,242.55934784,402.98455622,645.1698949839539
BUSDgu5JdqP1rndBvXvanbEufS94FNh1w5FJcAj6vawb,Bgzr8cWubt89JQFXndVjtdKmDbGzuPxNhvjH1EhWCwbo,Dxaf8xPBBQsasRKW5Aa4Sw2YrbfGofY9xZueyyF23FBW,11036.774659889996,10972.157687130004,11102.8787573781,1.0059894398069338,4.441151502951239,0.9998971305832056,4913.45738558,10070.91523052,15012.765484178517
ercAoEmXjQzEvAFbdjAo81KtMxRGn9AW1ju882upmPH,CMRhskR2Eg6V42RTSdRTXGdozyPbWB8U9dVpijPWb9T4,7TKLLgrWswt6ZJ1pXhVR3FyufHGjJFqiEXxvWJfDcgRm,0.5948478490000753,0.5952540849998513,102.494925031213,172.30443919988022,0.0409979700124852,171.13444510255147,930.78899639,923.07008355,318348.16257549333
C2ypsDADXcCRz8HbV2zX1AXPSja7a1P3xZtRC91xGhJh,J9bYNuDpY1d1T86gLaw7DGk5D3CsUAf2tzUwxMvb6FTv,A2NGvvPrMGzsJ4jb52KEnSBVmsA7C34dV1GC7PerdgvG,0.5109482390000002,0.5115746380000004,87.35709453354198,170.9705364764785,0.03494283781341679,168.57942501604032,2.667044017,2.353161653,852.6805848254071
SQDY9uoDoCbNq7F3HAHYYQZbrUzpKxDtdWLvYcqBLak,GiehZ4X2uQjhEKuxSm3ACmEFrabxh3RTvjbLfLjw1xGX,rxDQYV77NKRKYxCjq4cECX3QQsiSyLv1T1FT2X3zNA2,0.0013680970000109482,0.0013680970000109482,0.0013711394831113007,1.002223879666667,5.484557932445203e-07,0.9981801219943006,168.73007208,237.826936969,406.49942841370125
ALBpShJ9NLpE739pcHDF2LNVk5J4VYPvvKuV6jMPitZi,D6d156U1bPiJpDYRLextvDRccgFk7QzkQbJg42ceKEu5,GNcM8U5g8RwTZffwwm3kSQqUNPSwv5d2fbN9sLxPJqt2,11995.454574999982,11957.554507000008,12015.929719241569,1.001706908572207,4.806371887696628,0.9968320676888848,38068.400261,62263.584963,100199.71768012556
KEN5P7p3asnb23Sw6yAmJRGvijfAzso3RqfyLAQhznt,9zj4aX38Uxf3h6AUjS4EipWS8mwbEofasHAf3a1uKGds,CwQDG1MWunn9cLNwcZLd8YBacweSR7ARo32w4mLua1Yr,1723528.6245239999,1727585.1072150036,1719432.9352721814,0.9976236604408298,171.94329352721815,1.0,1486829.137737,740739.933775,2224035.8606142686
MATSnbbiTCv7Dc3trJrkrqjx7ckKdr6fwPoVwv9q3sD,631WX9JizSHJm4w6VanZeJAst9T8DeUUnPLesdGkCVtK,211maUSfpnXbPuW1iBu8b4dtJv5EbN1j7JJiEX5TZKEP,29689.475800000007,29664.440987000005,29639.178114739294,0.9983058749302434,11.855671245895719,0.9993014882597064,25953.511537,19535.446789,45431.34409252295
ZUCKWFa4LTL833dPhhpeeRWZcaAEoMeYJPi2iKn4F8N,7eEYpq6ShaJ9opZWMxitRFrdCHh6vfyHhGfoSvFht3N2,H8VggnHmuwd1wvwpT8eg9cUJFEfZ7HAaeYjgXrSm7A2u,0.004088781999826097,0.001327289999835557,0.004095468203879195,1.001635255695555,1.6381872815516782e-06,0.9977383665801708,1805.111925129,2042.025132394,3845.4705647961277
ALLwa5WNZbvQsRKAqe1jdRGemdYQnW8E5k4msbRFcYtu,CGoM82Hbz7QVqTgvQatYtjvDWBvoUJp5qm21P8iMs9yb,3dxNNww8TivyN5FMy5dCNdi3Zcxv6e4kUfSPxfFwpdNq,8.402797274,8.401678058000002,29824.65135940938,3549.371761198268,11.929860543763752,3555.821056861135,5.198449282,3.419839736,30611.567227911437
HDSBGqAuMRr6X2AfmmbXQPpRgU6VEhtfNVVZ3wUTZXg,DCZ1d8kNLgDcdSd99y4udLgwq46mfDXNS9KXj96kQf5L,Fq8GGYQM5Pz3q7LmVMbrXHJgsxA5ev86kTq8yGgGuYsa,1.686919127998408,1.6905044529994484,1.6825743693187836,0.997424441630003,0.0006730297477275135,0.997334126876194,72990.475420718,71618.586318861,144230.14444524667
STK75uPSyBnEhGTTzb1nwmP3n427XoXmfRhXxxhyady,6TYyD5fUmDe6N65avW1Ny2RxzRNobw2RRgKwH9CTzSAU,54zDfk4cx2vGrEajPtodWpArNe5eUurytyxd4X3aZAxK,1572.3109062269937,1764.244624016035,270727.6927088945,172.1845798033342,27.072769270889452,192.8077689191177,4985.03763804,902.694193215,1032393.0644197501
GokA1R67GqSavkd15zR62QD68Tuc5AEfvjssntVDEbM8,3YB7hfpBdbQEuZqLGWVDpRPmeZWCUsrrWyqGXegnQ6Cg,4DPCj6Z1DsG6HUtwSogBGqXEUxdEV5a8YVrrFtcnz7UW,90238.04335199995,90233.92974599983,90264.7617214695,1.000296087641942,9.026476172146952,1.0,36694.093205,54051.968583,90756.92645553027
SoNcU2iwHMw6dGzsYNQkYFkUjwN1UdAjrWVRnStrZu2,8ivTTid27jZnYNc4w3CTA1Z6QS2twsFb8WMwUabeDJgc,CyXm53PMvHCbeXJBykU46Rcbo28xk5srhMZFg7gv6EYB,29.72601216299997,29.37678367100003,6026.482811576286,202.73431829774535,2.410593124630515,198.69335277349094,15.45134721,20.156460401,7137.473040521913
RajgMbScQbqqrdJfR2rxfHJiTiY5b6bJ2tTXiF4aPxy,725ZA3fhyBAKb5iopNRrcbSuQa3LXA1656Q3mBvYPxeg,GLA6i1dSZpUfk2f9Nj8uiG7xyDdAR2reff8oEiZH3617,6647.858633159965,6653.222546879988,6640.664734646275,0.9989178622906019,2.65626589385851,0.9998970605976114,109188.42484365,72660.46634389,181723.25465060418
DA1mL7dfBow33EH5yjUuZE6SH2KeUK5zEXzsyhE5r5j5,B4UtLRZND3D83CitRCBUyeiNr7H8m7YFRqBmiPmXjhW4,AAmpYbuixWiSqDaJBCqYEs1pb5SrbdPr9mgXrB58Q2e,53.82144940300003,53.889999999999986,65.20212591173218,1.2114524345770923,0.02608085036469287,0.9961521015160437,167.457062883,2970.783786876,3162.218778963057
NorjjEePhxfwLF4vZjUHCrVVKLzQjEEGQFd3wgjEJmh,34M8pFVqgbV7aqHxvRT5tCv3vu2P1JJYT8J3VaxBK2oG,3AZWBSze3ucsY3xSeuLne3b2pauVqiaJ1SZSV5T9WGWw,0.009654999999838765,0.0013730000000578002,0.005737007949715624,0.594200719814752,2.2948031798862495e-06,1.0,38110.243979,2266.628346,24911.76275063762
heyk4SZTeCUV6a65WiVA5bzic3KcxgVf1qxobfeV4tQ,9ZDpBKPqMABtGfq66FbVribaArMvtk63xxy91onZAtDt,DaTP4s6N7xxSPinbNZ3FB52EpRDRt87QShTuN3VPCW52,67.7359354999993,58.82329441200022,13008.504911610085,192.04732045976127,5.203401964644034,171.92369201314736,634.989111024,4461.796000083,889036.3986370475
HEDSDjj84KS7LKhZY7ejkCACTdPen62rKhCby1wXtgxc,EnnjMSFttpCTywBrYNt1J5QQeoSVkvzPipJDa8Y7kJow,6bjVT6JN2rSvpyn9PdfLYC8wJn4LWh49jpY47fnLDXZk,15.423186076001002,15.81326739299584,14.850651035424718,0.9628782900138145,0.005940260414169888,0.9967359995862509,39106.347161865,9115.253799676,46740.15429140559
DFWzVTzNBrQZLjoQ4yQwkj9HuoXmfkuZP9V5vbymZe23,DhgiEgiNdqZdRdo195UUHnoEJUtefK8buko8nU97XJUZ,2K2kkXsouBHtWVjtcgkyiXd8eP3oVBvq1bTJzcVdLLr2,2269.495260705995,2783.219952750006,1857.981766923306,0.8186762048338998,0.7431927067693225,0.9961521015160437,61693.835311152,7282.530271015,57761.782788007346
WiiQFxXqp8P9Fs1rt9SVcDyA3KUdJmUsog6wnVQAwba,3S2jpqSYxho6wiz3cafhjXruVY8cg4HYa2v3BqBHYFSj,Dfe67M6TfrG74gKRtdqys4e6E9QirPD53BkF4FujFjuv,7307.544921327001,7323.513708953,7281.679761308693,0.9964604856628632,0.7281679761308694,0.9927659557227755,21956.263320607,4828.215401179,26671.83668898065
Lid8SLUxQ9RmF7XMqUA8c24RitTwzja8VSKngJxRcUa,4PgzyzLtds9bKZ2to9PMnKqJzKEUpjvNUaeN23phegax,AtymwxoVN9peZo7EXTcDz9jKVc4vRmisJKKrNfe3ewBa,113.54891258500538,96.56473218499877,22964.676648998975,202.2447958874734,2.2964676648998976,171.78405644686669,990.026764129,7672.922289001,1518313.4764405747
moFiBS1R4Lf3E3zzmBPnw3NF4RhWPkhREFviuzUaCAU,44ALBrpqi9PfZkBRTvbtRNtFJGsatfY4QydjtMbFWq8S,2ho8qEEie1UjVwWNBo9y4oAJZMyMLx8zPj9bxyUz6uWs,1597.0911721569973,1598.817480359001,1595.783697104665,0.9991813397537183,0.638313478841866,0.9957315904212203,37552.072659601,29558.475761355,66953.63835083021
BSCuChvaSj9b5HUSqgDVRzcnr2sSn7cXaamt1jbKH6hn,GnKpRj5kBVPMJfiwZtEuD9GYApLzPdW5JFuZTcyX4BTc,3dmwD9okkomV9nDwyuh4UMhKdUR13QpuKxRo89ycZB5t,1061.3367667069997,1056.221533137,1065.2958663541863,1.0037302953891538,0.4261183465416745,0.997331141864371,1139.435612131,1968.623187657,3107.0552551878036
KZMu9QBEdL97EFgamLbN5DE1AoKBG4HdrKKJo4Vuon3,DD4ACBWyVqdaKWh7v5btsgqQCCMwbKnuL2xd9pv7Gyuw,GcYqiJ1MAuYbNTNYXm1F1gQYTfTgkErACAhNU5dpVj9T,228.28303865999897,228.11073496000108,228.22862895485613,0.9997616568210139,0.09129145158194246,0.9998971305832056,2478.7571095,2410.99925217,4888.917548733625
FrnkTEL6yZ5Aycq2TrEgu29dCrwKG4LPUZydfiwqspkc,DjvZuMZ46fxKBoBpGMPcRcos4xdTtHFxwMh69DpA2ZFY,9rvDPJLAng4uVVqnnSoEXgNDFhBZQTny9AoQioYDZbQX,826.0919489770013,695.7056583840003,167222.68748303442,202.42624043257678,66.88907499321377,171.953077444227,179.558836876,1464.024428288,288090.92618290166
JSoLLrxK5bYdHwTEWYaGgmeycBCNXKDiBCTw5hXGBg7,xG4wXczA7Dk4hccJ61CHKpDHW4NrNfQwgmWgkb9BuF2,BVR6WgfhsRr9Lob4QDnkEAiNGgAbv7ZieKcY9kSg3QYR,13.148468600999934,11.286023006000022,2628.523501537102,199.91099962296784,1.051409400614841,171.87641260926614,17.455410026,163.398219709,31573.82829745004
MARpDPs5A7XiyCWPNH8GsMWPLxmwNn9SBmKvPa9LzgA,6YjT74rmcfCpw8LSjPNx5JTmZoYLGrTKnf9arfSgZ4SR,F8GSmi3vA8M8TsybLya1LQ4n1aFHCRbZ6k437PeTdXtg,173586.13691799995,183825.14367799932,161038.3507075677,0.9277143530398417,64.41534028302708,1.0,320568.081155,14575.740104,311971.35011793434
Lee1XZJfJ9Hm2K1qTyeCz1LXNc1YBZaKZszvNY4KCDw,9DgFSWkPDGijNKcLGbr3p5xoJbHsPgXUTr6QvGBJ5vGN,2hNHZg7XBhuhHVZ3JDEi4buq2fPQwuWBdQ9xkH7t1GQX,2982.9796875466855,2528.7212282269984,605068.9601864115,202.84045604214052,60.50689601864116,172.22959651944652,7201.685312263,56388.472859105,11172557.061882827
BSC8REUo9LpiiWUuqMuLXs2D2yJsJfGd4HdiF3wCLxk5,AZjEH1zWVx1UJ6udMyRijGTzPteuLnaY18yNNmprJEsh,Caf8ypkSVR8xYnXNhjvfvdGCC7mrM3C11rz8Xi6NA6aK,2437.436778478,2430.345823157,2443.6505884968024,1.0025493215141696,0.977460235398721,0.9968525864891957,2632.233793169,3713.870872695,6341.125988741147
TETFuZgEmET6d9vYmz9iMFCxK1jKdKYxf3oPz8hSzJK,Eu1Ze6Z84LWNkq7SNoAHBJbXx5t1P95EwyqYohrfCRFV,ASMbv7WNu3qe4pkhREmvyEdwFNDZQ6B6iSrjkj4u8bdC,21.04956833300001,21.08023164799998,21.167273018737117,1.0055917862007924,0.008466909207494848,0.9945023907837475,292.940955396,59.408554764,353.6609683338355
SAMyS8Jr2HJrkFwYVKbpUwsNStnQmvz3f8Tup8bWUWF,6jPzm5TFfquvgm25sTyN3MMGBfufRaFHMxobDWv6hMFW,Cj9ECoDmxsHTDzCY5ZA6RWrPbg9uFzEC1Qc2kso2vJG6,1161.2316767299926,28.85676325999998,1160.9549050806215,0.9997616568210139,0.46438196203224863,0.025252092906086102,528.82970994,106866.21118975,3227.299160470776
B2izdXFYb2sNwbWWHmh75T4aQFtfXsUxem9u2p61HGzf,4DYwgJtxwuJdAjkj5RJSNH4e7U329V5cNp7d3a1nLrZv,EXNW64GEf1ACC6xY9BtKRiunrs6GoJSXBdxWN2eTPmrF,6338.337710999982,6248.791101000004,6381.373695200414,1.006789790346094,0.6381373695200414,1.0,9064.753984,30739.788076,39866.08983909028
parEAJhzYzHW87y9VoZAQ22dzQ2MD2ekEtTReaxbMcz,3oyc6hpjYSJEquK6dSvG72NXyz3pqLZz5D8AC71pwgQb,Di2vordgFJVZ1aj1aBpvzXtLfZgJsuLLXawGtVFwX6Rz,7.2711587740000425,8.553808487999277,1220.776141138862,167.89292863526387,0.4883104564555448,196.64221617350765,1103.042233511,143.376672837,213386.89768679603
AUSejoEUCh2DBs9mof6BNC8Pubs22w4cJa1ccV9h44R,4xkyD7AfGQDwsQMy9MosRRNGoVJ1zosNinesxg1TzHG7,Cbm5gsQe3nSiCsFrvepVzMCD9xLK3ri9g3ypS2hdmVJ7,582.817369999997,583.3914370000039,582.2508399327426,0.9990279458087282,0.05822508399327426,1.0,14745.180581,14127.724554,28858.57202041518
daob129AwBGn9Y5r91uLoWZeYiGzbPmksauMhFZKTze,6VW5GQNyj4LStgmxEHLr5zUfW92vQnmbw8jTnCH7a38F,4VPCCUifPeBA1c7HWK358CHn2nyjm8pdTRk6Ps3KmnMQ,13.01851318099986,11.676394193000029,2495.809299350893,191.71231496646283,0.9983237197403574,171.84176741319885,48.681094055,223.300140238,47705.05599849725
Sid7E679i9ABqptiAVhkmQ27YHN8vaYT4fppPwmxFsJ,GP7KB8o1bv527HG8kTzzzf4wJ5aEGHvcMQvVhLziUfmT,9gYxhAZ1M9wu5pxr8SBoa5NDm21gi3s9vMHaYTME77sa,613.0800290000043,786.0344080000214,12.072570920492616,0.019691672129957004,0.004829028368197047,0.02496626620526011,107349.743847,24763.17521,2732.1399834503513
wrmcMSHFi3sWpAEy4rGDvQb3ezh3PhXoV2xNjgLBkKU,8p4mGnARWPBu6P2Gcw4adodLkNDorrXniZMhaY7eJXUn,AyY89zccbsgp9LKFgH4CFZMJmpSgqmPSdTfukhP227rc,0.010382320000001125,0.055417030000002365,3.224322981366808,310.5590062111801,0.0012897291925467234,3555.6819798037263,27.16439067,0.08796741,8748.930305354457
BUSD5rCfUDpCxKGMvYU2yThChxgHoioK74PTPociGnv2,CcFHbafgYDZ8yA8Me1PdtDiVb2eeaS61LbqyKKK5CsNZ,26R9s4nmF3CFDTkiePDwRmtscn8i7r2eygbSijditJ58,897.1963676099998,896.9169143800002,897.090466080479,0.9998819639341576,0.08970904660804792,0.9998971305832056,73.93770119,73.00848767,146.92995120408642
MATgk4zXLXtYkwBH678J1xZbRDZ45LicNzkRBHkxTuY,y8dALFo1bJrSzPYjMX14HJX448pXqYmrfXHD1K8MXih,GN7Yuet3UyiWS5YVkEHv6oQKi4HGBJc3XDPt9zQhAqZz,14444.300402,14439.344412000006,14451.352662099107,1.0004882382602711,5.7805410648396425,1.0,7285.746477,7482.229743,14771.533400184708
Cob4usZcpHEY7Qt4ZCwj6WVg9S44zvzYV2v9qYF65dTf,NhFM9UXE48PyNAyeyPYA3iXztqKVJwA4bTdLj4ysM8w,6TuFuynuBoeskxyR2cz4wxyidk8dpDK7kAWw3UkjQGx,101.26331499999606,700.0970000000107,1.9927307459825743,0.019678703447370372,0.0007970922983930298,1.0,62004.648276,307.481826,1527.6529117819086
BSCNHw8CmxbZ8hCWWzMf5FaG2ajPT6JxfznKUNuRVrn4,7n9kgNL633yGzCYksgnzHyjG73ZLBAwvEae5sbAekbzW,SscdxE99omdG9AiMVwmaEMQySQnCgeAh1sPj2Leutm2,795.954383921,794.2521185260011,797.7768189038895,1.0022896223950823,0.31911072756155584,0.9962408961813296,5043.033839521,6645.872889463,11675.470846044947
BkMBnJpvHKtWhUvrgRrLesXfi9RUV3ELgdBaJcdH7hcY,5uerVwBnZQsuVhZ15igs7ZgmcqhHnYWbwoRtLyRqLvR,9YWiQh5d4jCtgMdzcGLv9bWgnLaFtzvDDh2nnhJdzhBX,15.543830480000224,15.537117800000033,15.601447812481751,1.0037067653662115,0.006240579124992701,0.9961402156607705,1114.150430735,1759.272135741,2870.7620496674226
YAkoNb6HKmSxQN9L8hiBE5tPJRsniSSMzND1boHmZxe,CfWX7o2TswwbxusJ4hCaPobu2jLCb1hfXuXJQjVq3jQF,EnTrdMMpdhugeH6Ban6gYZWXughWxKtVGfCwFn78ZmY3,8841871.192610959,8840450.68566701,8841871.192610959,1.0,884.1871192610959,0.9955994504291032,504966.247453,876113.340991,1377224.2082572451
iLiUBQ7Z7im6Ew3b4ewwPcehzWgEQRJ1iQz7g6D62NW,GpugBvKWM3TVhYcZjemSdtehBWgfvuGr6uAm9iPjXT6v,92fMXJ3xy8tEyMUWLHKRLyhPw2nECBo77GtDiBBbYrjX,0.001352010000118753,0.001352010000118753,0.0013222728700242649,0.9780052439760978,5.28909148009706e-07,0.9960567974017078,1865.637227489,1097.91461127,2918.1883033634076
vEnkoSUkpnbRrPgBz9DfcVxNz67zjwMYBZraAvDDNSf,DtfyjjsZ5yCjWKLKHvwsfXs5QVsmm1QkK6Sh9JZHoq1g,e5wrKCRv4GhHvEf1VD5Pq2KGaZDXP77nTL612Jyrxwy,3324.159959999998,3323.035541000001,3229.983335875865,0.97166904563638,0.32299833358758656,0.9985112197713211,658.438085,1283.334568,1921.2078705309768
