0,1,2,3,4,5,6,7,8,9,10,11
FrnkTEL6yZ5Aycq2TrEgu29dCrwKG4LPUZydfiwqspkc,DjvZuMZ46fxKBoBpGMPcRcos4xdTtHFxwMh69DpA2ZFY,9rvDPJLAng4uVVqnnSoEXgNDFhBZQTny9AoQioYDZbQX,97.37828828799908,82.04951111400041,21039.95745437515,216.06415376853693,8.415982981750062,182.3154721296161,179.296446842,1456.573573585,304295.43382029363
B2izdXFYb2sNwbWWHmh75T4aQFtfXsUxem9u2p61HGzf,4DYwgJtxwuJdAjkj5RJSNH4e7U329V5cNp7d3a1nLrZv,EXNW64GEf1ACC6xY9BtKRiunrs6GoJSXBdxWN2eTPmrF,1743.229532999998,1709.9714049999984,1759.8495521706982,1.0095340394687429,0.17598495521706983,1.0,7821.870648,32000.117645,39896.56231647743
C98Sspw7XqnMsgxea3SLQVdbMDL8pKUc3RE82UvX9eq2,CSqgQJurPCzGxb4Cgwx5R61hWQUiaoUHcShNc8r1cKEL,6S2CR5EnukPhC914XkAns8m5GixjMAoUuZMsS5ubHuWc,178.42757299999948,177.72312500000032,0.0,0.0,0.0,1.0,837.379415,1263.383223,1263.383223
KwnjUuZhTMTSGAaavkLEmSyfobY16JNH4poL9oeeEvE,J63v6qEZmQpDqCD8bd4PXu2Pq5ZbyXrFcSa3Xt1HdAPQ,BnKQtTdLw9qPCDgZkWX3sURkBAoKCUYL1yahh6Mw7mRK,136.66665300000034,5496.321077000233,3.3959316999215052,0.024848283215961227,0.0003395931699921506,1.0,274757.09997,637.442277,7464.684512650731
AURHmCnNwiW4uA2Qj1XvEh4iKgRUZYXtiY7FKAapUV5Y,BKWm4TRnTeKwfWXRyuzjRHU7iZDkPuXBX5b5V5jSVfGJ,A5Ww74HVrkj9nPeC7pHKLfgeDMEhBCpW1efQdz3TGLEg,0.013952353999911793,0.012452254999971046,2.841935987161056,203.68863828849402,0.0011367743948644223,182.0722885248576,289.911886332,1809.472375753,388506.5338264735
SoNcU2iwHMw6dGzsYNQkYFkUjwN1UdAjrWVRnStrZu2,8ivTTid27jZnYNc4w3CTA1Z6QS2twsFb8WMwUabeDJgc,CyXm53PMvHCbeXJBykU46Rcbo28xk5srhMZFg7gv6EYB,19.393759554000013,19.188886070999988,4152.421395277137,214.1112136465923,1.660968558110855,210.13466900532543,13.602008338,21.958579653,7526.601380490477
Cob4usZcpHEY7Qt4ZCwj6WVg9S44zvzYV2v9qYF65dTf,NhFM9UXE48PyNAyeyPYA3iXztqKVJwA4bTdLj4ysM8w,6TuFuynuBoeskxyR2cz4wxyidk8dpDK7kAWw3UkjQGx,3.012426000000005,358.94842100000824,0.025303653824812037,0.00839975947120759,1.0121461529924814e-05,1.0,71857.482652,179.661884,783.2474544832721
AUSejoEUCh2DBs9mof6BNC8Pubs22w4cJa1ccV9h44R,4xkyD7AfGQDwsQMy9MosRRNGoVJ1zosNinesxg1TzHG7,Cbm5gsQe3nSiCsFrvepVzMCD9xLK3ri9g3ypS2hdmVJ7,272.63431500000115,272.95981199999915,272.2069500883624,0.9984324610361731,0.02722069500883624,1.0,14975.641779,13896.304452,28848.471329003103
SBFjafzbDXgDRsA5SUypY8FXjJ9sBdb4JbuQq2PHQDG,46xwHtnXoQR3wCHUbm2eCAbPYWbioDQ59Te1Db8M5DDL,FC38fiikZwFvDt5zTjNtGfKd7LjaPz2uUAzLwKP5pRJY,0.04706061499999237,0.13615000000027067,0.12704826405446135,2.69967283798739,5.081930562178454e-05,0.931854418247946,190.104846908,9570.459103249,9431.495491591135
ACUSESXyNnwRLAg1dpSGMLSzUDdLjUMybY8rkXiAKhCP,AhFPQdu8GKBsxuhiH46UmCu1YpaLgNpoP325HnYtsgas,A8wxWpT3aFEr2XqZp1kDmbxbFfcBE95UUmdsNTDBJYbT,3.7939446089999365,3.747481000000107,3.769668093494885,0.9936012467215617,0.001507867237397954,0.9818405555366186,1043.876449717,1841.997664153,2845.7449517312243
STK75uPSyBnEhGTTzb1nwmP3n427XoXmfRhXxxhyady,6TYyD5fUmDe6N65avW1Ny2RxzRNobw2RRgKwH9CTzSAU,54zDfk4cx2vGrEajPtodWpArNe5eUurytyxd4X3aZAxK,404.5479067809989,452.00648823000074,73781.51926718894,182.380178046825,7.378151926718894,204.43041597501042,931.087002105,169.305401888,204422.9869557746
SUiuyGR7SFq3xeRVJonq84fjjeFwRSsFekcevJ53tzy,49GjCCPsv7fBqo6t3iKDrP1xxGDS8uWZbVCdfnp2gjMf,CEwj5xEbbJEjYqM8D6Ai8ByGz1mrh8mkAVsE5fzDSSSx,0.8450550000000021,0.0072870000000000434,0.007111977599385098,0.008415993751158304,2.8447910397540394e-06,0.958831606158,646.293883,1.654825,7.025903793400248
Sid7E679i9ABqptiAVhkmQ27YHN8vaYT4fppPwmxFsJ,GP7KB8o1bv527HG8kTzzzf4wJ5aEGHvcMQvVhLziUfmT,9gYxhAZ1M9wu5pxr8SBoa5NDm21gi3s9vMHaYTME77sa,200.9947590000047,278.71990200000255,1.691570635759609,0.008415993751158304,0.0006766282543038436,0.024620966984046526,135119.560788,8937.406491,1357.2129693889767
KZMu9QBEdL97EFgamLbN5DE1AoKBG4HdrKKJo4Vuon3,DD4ACBWyVqdaKWh7v5btsgqQCCMwbKnuL2xd9pv7Gyuw,GcYqiJ1MAuYbNTNYXm1F1gQYTfTgkErACAhNU5dpVj9T,51.57413477000023,52.42395338000006,50.74965885718592,0.9840137713120901,0.02029986354287437,1.0,2060.08897725,1029.10730917,3056.263232912239
KEN5P7p3asnb23Sw6yAmJRGvijfAzso3RqfyLAQhznt,9zj4aX38Uxf3h6AUjS4EipWS8mwbEofasHAf3a1uKGds,CwQDG1MWunn9cLNwcZLd8YBacweSR7ARo32w4mLua1Yr,128808.65403899923,128824.96895899973,128592.74681709334,0.9983238143157639,12.859274681709334,1.0,1946367.634339,1834449.996388,3777555.1571620605
BSCNHw8CmxbZ8hCWWzMf5FaG2ajPT6JxfznKUNuRVrn4,7n9kgNL633yGzCYksgnzHyjG73ZLBAwvEae5sbAekbzW,SscdxE99omdG9AiMVwmaEMQySQnCgeAh1sPj2Leutm2,85.1591021690001,85.0512298929998,84.807278917987,0.9958686359760476,0.033922911567194805,0.9936012467215617,5171.661336006,6514.657578771,11623.267212649294
YAkoNb6HKmSxQN9L8hiBE5tPJRsniSSMzND1boHmZxe,CfWX7o2TswwbxusJ4hCaPobu2jLCb1hfXuXJQjVq3jQF,EnTrdMMpdhugeH6Ban6gYZWXughWxKtVGfCwFn78ZmY3,5824516.778953976,5825487.201489027,5824516.778953976,1.0,582.4516778953977,0.9925272622425757,1080313.439425,282727.832187,1360928.5206653415
MATSnbbiTCv7Dc3trJrkrqjx7ckKdr6fwPoVwv9q3sD,631WX9JizSHJm4w6VanZeJAst9T8DeUUnPLesdGkCVtK,211maUSfpnXbPuW1iBu8b4dtJv5EbN1j7JJiEX5TZKEP,70564.03501699997,70421.10465099997,70380.20192955996,0.9973948047699408,28.152080771823982,0.9955350254110314,26110.347289,25988.726206,51915.01194067806
moFiBS1R4Lf3E3zzmBPnw3NF4RhWPkhREFviuzUaCAU,44ALBrpqi9PfZkBRTvbtRNtFJGsatfY4QydjtMbFWq8S,2ho8qEEie1UjVwWNBo9y4oAJZMyMLx8zPj9bxyUz6uWs,3503.1278520020023,3526.738808549002,3455.7993221559436,0.986489636734494,1.3823197288623774,0.9936012467215617,49581.223766691,17570.489094202,66369.42329196137
heyk4SZTeCUV6a65WiVA5bzic3KcxgVf1qxobfeV4tQ,9ZDpBKPqMABtGfq66FbVribaArMvtk63xxy91onZAtDt,DaTP4s6N7xxSPinbNZ3FB52EpRDRt87QShTuN3VPCW52,7.001796225000476,6.333984507000082,1305.078589378207,186.39196963749373,0.5220314357512827,182.30766131538988,629.615313269,4467.865666021,931881.3789977519
RajgMbScQbqqrdJfR2rxfHJiTiY5b6bJ2tTXiF4aPxy,725ZA3fhyBAKb5iopNRrcbSuQa3LXA1656Q3mBvYPxeg,GLA6i1dSZpUfk2f9Nj8uiG7xyDdAR2reff8oEiZH3617,27370.489643310008,27394.1424595,27313.637672177254,0.9979228734350886,10.925455068870903,1.0,118145.61425941,63696.69760119,181596.908466694
WiiQFxXqp8P9Fs1rt9SVcDyA3KUdJmUsog6wnVQAwba,3S2jpqSYxho6wiz3cafhjXruVY8cg4HYa2v3BqBHYFSj,Dfe67M6TfrG74gKRtdqys4e6E9QirPD53BkF4FujFjuv,13957.510753480998,13959.642436043998,13873.846216481743,0.9940057694758796,1.3873846216481742,0.9936012467215617,13437.541673116,13324.22117632,26595.956723035255
GokA1R67GqSavkd15zR62QD68Tuc5AEfvjssntVDEbM8,3YB7hfpBdbQEuZqLGWVDpRPmeZWCUsrrWyqGXegnQ6Cg,4DPCj6Z1DsG6HUtwSogBGqXEUxdEV5a8YVrrFtcnz7UW,28258.30008800001,28243.575475999976,28276.000864541213,1.000626392121468,2.827600086454121,1.0,10424.729247,25377.057765,35808.31698026876
MARpDPs5A7XiyCWPNH8GsMWPLxmwNn9SBmKvPa9LzgA,6YjT74rmcfCpw8LSjPNx5JTmZoYLGrTKnf9arfSgZ4SR,F8GSmi3vA8M8TsybLya1LQ4n1aFHCRbZ6k437PeTdXtg,29490.32622599999,30335.986970999977,28326.612337933024,0.9605391314036742,11.33064493517321,1.0,316634.567623,20512.4669,324652.3594569744
SAMyS8Jr2HJrkFwYVKbpUwsNStnQmvz3f8Tup8bWUWF,6jPzm5TFfquvgm25sTyN3MMGBfufRaFHMxobDWv6hMFW,Cj9ECoDmxsHTDzCY5ZA6RWrPbg9uFzEC1Qc2kso2vJG6,894.4981955699695,62.671913599997765,880.1985428546652,0.9840137713120901,0.35207941714186614,0.024956676457503598,531.1611703,106770.48790573,3187.306428234551
daob129AwBGn9Y5r91uLoWZeYiGzbPmksauMhFZKTze,6VW5GQNyj4LStgmxEHLr5zUfW92vQnmbw8jTnCH7a38F,4VPCCUifPeBA1c7HWK358CHn2nyjm8pdTRk6Ps3KmnMQ,8.479584438000046,7.612591834000014,1674.3856279332892,197.4608119272649,0.6697542511733158,182.68563966645988,48.671020717,223.285805111,50401.729403251076
SoN9GaFpSXfpyR5dth3x7PHPVhvJMpQqqDJfCSmPv1t,9kZ9iS68ViMPtoeqtnhAKuF2iqVyfHPdZHoUNdwCELr,BBhm5fJLjw3HRzjtKB8uMEYjGhY6EDm9co3cqpjrSzB9,4.854638934999998,4.772070179000002,1048.3829482461974,215.9548757967925,0.419353179298479,207.73315761877976,3.294065865,6.333072281,2026.9586871026268
4vezWG46exH6pf9nry3n1VJ7hZHvjBJNgNeF4qEFCML5,,,0.29417200000000143,0.29586199999999785,0.0,0.0,0.0,207.73315761877976,3.294065865,6.333072281,1315.589102360098
SAMGk1Nd4haC8zQA63DG37pzuEZy8j4q13tSFtCbcRE,9U9TnkHD3jXMAVZtynCVLgDruuqN4pTvLJTmVHCLWS8g,C6zoEbvqSknmi96QWq96UBiPCyNW3YSTvKhavR2BfifE,0.34762166000000516,0.23136576999999625,0.3245248984522594,0.9335577606189861,0.00012980995938090376,0.0,54.96116353,0.6298888,51.30942074608069
NorjjEePhxfwLF4vZjUHCrVVKLzQjEEGQFd3wgjEJmh,34M8pFVqgbV7aqHxvRT5tCv3vu2P1JJYT8J3VaxBK2oG,3AZWBSze3ucsY3xSeuLne3b2pauVqiaJ1SZSV5T9WGWw,0.007398999999622902,0.0014949999999771535,0.004396752381028244,0.5942360293623907,1.7587009524112974e-06,1.0,38109.866632,2266.796289,24913.052115929946
BSC8REUo9LpiiWUuqMuLXs2D2yJsJfGd4HdiF3wCLxk5,AZjEH1zWVx1UJ6udMyRijGTzPteuLnaY18yNNmprJEsh,Caf8ypkSVR8xYnXNhjvfvdGCC7mrM3C11rz8Xi6NA6aK,265.958580817,266.46305277700003,264.03792118741893,0.9927783505849634,0.10561516847496759,0.9880965246792546,3526.640209058,2806.11068127,6273.880261883434
wrmcMSHFi3sWpAEy4rGDvQb3ezh3PhXoV2xNjgLBkKU,8p4mGnARWPBu6P2Gcw4adodLkNDorrXniZMhaY7eJXUn,AyY89zccbsgp9LKFgH4CFZMJmpSgqmPSdTfukhP227rc,0.004801920000000001,0.04470640000000259,1.676648044692738,349.1620111731844,0.0006706592178770953,3316.309610665252,27.06006721,0.097989,9773.309351964617
Dg3mAgpwDfVNnbGWcsxL8sUcSkEbjSJQhKAWNigG44Ju,EATxwd8YA2wV93VJcKMmH2Kn2Y9XfJVUB9hHVu3udwEy,GiGvrRi7NMHfHKanG2B8xyCEqe8jaafWins8bhrLVEaa,0.017462700000000025,0.017358083999999996,3.7871992504847185,216.8736364070111,0.0015148797001938875,215.1421336505963,0.204800415,0.254378114,99.14326093868961
ALLwa5WNZbvQsRKAqe1jdRGemdYQnW8E5k4msbRFcYtu,CGoM82Hbz7QVqTgvQatYtjvDWBvoUJp5qm21P8iMs9yb,3dxNNww8TivyN5FMy5dCNdi3Zcxv6e4kUfSPxfFwpdNq,1.0380818859999996,1.0393444709999988,3432.5834468619782,3306.659612459493,1.3730333787447913,3277.49573106181,6.35591363,2.270708673,28459.080882844337
MAR3XM1n9xWPQ3HJjAcC85o8DopWFP5p2WxGTaZ3fPB,6qG7GUhER8Cg9gDEgnebph9LdS6eu2eoWcA4R7z9uizK,4QV4CwRXVMY227KkFF9voNAfwWHVvVajXSXDKbUHkWZR,0.009519999999999987,0.32773300000000205,0.008554996405463684,0.8986340762041697,3.421998562185473e-06,0.024812850317125594,0.124271,23.783387,0.7018077769492391
Lee1XZJfJ9Hm2K1qTyeCz1LXNc1YBZaKZszvNY4KCDw,9DgFSWkPDGijNKcLGbr3p5xoJbHsPgXUTr6QvGBJ5vGN,2hNHZg7XBhuhHVZ3JDEi4buq2fPQwuWBdQ9xkH7t1GQX,742.8125727530487,630.0432394000054,159801.96181190343,215.13093298843543,15.980196181190346,182.47718989507013,7214.080003943,56417.162122377,11846816.967847418
KEVpg4SYCVrqFxKijQH6hm4QxsRdoE51ud64bEEFUC9,2bPenuBYfqzD8p5dFjCcggwkHDsc2RQDnx9AoyYGUBjA,AE6n6iLuX8oYu61vt5hoDYkjswpnxFxrhSehxrnQTnbx,625.3271498089998,626.3280794029997,620.7191228432207,0.9926310140744943,0.24828764913728832,0.9939147025682176,5681.473231235,1944.596792329,7572.369877420679
vEnkoSUkpnbRrPgBz9DfcVxNz67zjwMYBZraAvDDNSf,DtfyjjsZ5yCjWKLKHvwsfXs5QVsmm1QkK6Sh9JZHoq1g,e5wrKCRv4GhHvEf1VD5Pq2KGaZDXP77nTL612Jyrxwy,845.3198579999996,845.0105739999999,842.0157880477004,0.9960913375912918,0.08420157880477004,0.9966145005416599,877.759399,1061.137771,1931.8738234842936
JSoLLrxK5bYdHwTEWYaGgmeycBCNXKDiBCTw5hXGBg7,xG4wXczA7Dk4hccJ61CHKpDHW4NrNfQwgmWgkb9BuF2,BVR6WgfhsRr9Lob4QDnkEAiNGgAbv7ZieKcY9kSg3QYR,6.030660945999983,5.1718951379999965,1265.203529845667,209.79516858510362,0.5060814119382668,182.15951563056157,18.135547571,162.574860589,33419.30811863943
MATgk4zXLXtYkwBH678J1xZbRDZ45LicNzkRBHkxTuY,y8dALFo1bJrSzPYjMX14HJX448pXqYmrfXHD1K8MXih,GN7Yuet3UyiWS5YVkEHv6oQKi4HGBJc3XDPt9zQhAqZz,16281.759030999996,16244.015732999998,16315.7120277297,1.0020853395916902,6.52628481109188,1.0,5673.525131,9020.173031,14705.529388580126
BkwbeSfcX1h4thMDd7obGkHrPevf3QwgzJ4pCEqG18Lu,35yX27bmurdebhfAb8EPmjLETDiUaEUCn9zHaDPbakH2,2CxECn1ZJFoESyUnQysQU8rRgT3iJ5GRs2Mdd6gZjx5g,0.01656861000000176,0.010609409999999708,41.04493769663775,2477.271038224292,0.0164179750786551,1464.1288433382138,0.79113321,22.81378651,35362.17424356166
Lid8SLUxQ9RmF7XMqUA8c24RitTwzja8VSKngJxRcUa,4PgzyzLtds9bKZ2to9PMnKqJzKEUpjvNUaeN23phegax,AtymwxoVN9peZo7EXTcDz9jKVc4vRmisJKKrNfe3ewBa,63.299982524007646,53.90228368099986,13542.991419562128,213.9493705930441,1.354299141956213,181.77673672220917,994.324692885,7667.818785235,1606566.21876514
BUSD5rCfUDpCxKGMvYU2yThChxgHoioK74PTPociGnv2,CcFHbafgYDZ8yA8Me1PdtDiVb2eeaS61LbqyKKK5CsNZ,26R9s4nmF3CFDTkiePDwRmtscn8i7r2eygbSijditJ58,802.1370071599998,800.71857309,801.936450873001,0.9997499725293701,0.0801936450873001,1.0,75.66108507,70.79579378,146.43796150027484
DA1mL7dfBow33EH5yjUuZE6SH2KeUK5zEXzsyhE5r5j5,B4UtLRZND3D83CitRCBUyeiNr7H8m7YFRqBmiPmXjhW4,AAmpYbuixWiSqDaJBCqYEs1pb5SrbdPr9mgXrB58Q2e,0.9312488100003975,0.793667634000002,1.0869548422383877,1.1672013221020103,0.0004347819368953551,0.9939147025682176,184.545377141,2950.368851291,3147.816587484217
BSCuChvaSj9b5HUSqgDVRzcnr2sSn7cXaamt1jbKH6hn,GnKpRj5kBVPMJfiwZtEuD9GYApLzPdW5JFuZTcyX4BTc,3dmwD9okkomV9nDwyuh4UMhKdUR13QpuKxRo89ycZB5t,1032.564886068,1032.9912561299996,1030.582742575801,0.9980803690703186,0.4122330970303204,0.9987465730508213,1806.030292994,1339.041732982,3139.9267233714327
ALBpShJ9NLpE739pcHDF2LNVk5J4VYPvvKuV6jMPitZi,D6d156U1bPiJpDYRLextvDRccgFk7QzkQbJg42ceKEu5,GNcM8U5g8RwTZffwwm3kSQqUNPSwv5d2fbN9sLxPJqt2,3165.214169999992,3164.991884999996,3146.639556696811,0.9941316409236278,1.2586558226787243,0.9995432087535997,55663.579483,44628.968437,99945.50792599967
BUSDgu5JdqP1rndBvXvanbEufS94FNh1w5FJcAj6vawb,Bgzr8cWubt89JQFXndVjtdKmDbGzuPxNhvjH1EhWCwbo,Dxaf8xPBBQsasRKW5Aa4Sw2YrbfGofY9xZueyyF23FBW,6414.687701270004,6373.646980420004,6458.324663524037,1.0068026635568545,2.5833298654096146,1.0,4748.55888564,10211.22400845,14992.085742568921
BUSDTd9WiT6uBHJRgNvFXBsA7JrifsAtWzKfioN7ERcy,DyBxrn7gSc1EwnpWhDyhzvMHPtxpmBqRqotapLcKcfTM,Cds99GeBgoCpqBsoRWu1C6fF9LiUMd4pXQQD24s9LPff,33324.2874045,33201.03734621,33634.9566818923,1.0093226082712978,3.36349566818923,0.9989131824574863,1561.85105275,3991.24230985,5563.316135984134
