0,1,2,3,4,5,6,7,8,9,10,11
SoN9GaFpSXfpyR5dth3x7PHPVhvJMpQqqDJfCSmPv1t,9kZ9iS68ViMPtoeqtnhAKuF2iqVyfHPdZHoUNdwCELr,BBhm5fJLjw3HRzjtKB8uMEYjGhY6EDm9co3cqpjrSzB9,3.157895661000005,3.1056202160000015,633.1353789614883,200.49281133024974,0.2532541515845953,197.2131027596621,3.76591017,5.844385244,1907.6272648925037
Lid8SLUxQ9RmF7XMqUA8c24RitTwzja8VSKngJxRcUa,4PgzyzLtds9bKZ2to9PMnKqJzKEUpjvNUaeN23phegax,AtymwxoVN9peZo7EXTcDz9jKVc4vRmisJKKrNfe3ewBa,348.71668330302964,296.9884665180019,72517.59893240353,207.95563391323842,7.2517598932403535,177.96520281982305,994.301413591,7667.776840505,1571368.0413617599
BerKDkt6v49dT1bHRedgnpsJS263C1DSJtEGvY9Mg35V,78XKqNb8wbfsMMrvo8WPUpdx7GEkfQutpNVH943aCGFa,DKYQwn4nDvFHCszi5tXbqfVMAP7DaXXp1KGTXEnYnKVH,0.007494219000363955,0.0015118729997993796,0.007520200752509421,1.003466905910303,3.008080301003769e-06,0.9974144225407361,1339.340750272,2718.161156349,4055.1172587675246
BSCNHw8CmxbZ8hCWWzMf5FaG2ajPT6JxfznKUNuRVrn4,7n9kgNL633yGzCYksgnzHyjG73ZLBAwvEae5sbAekbzW,SscdxE99omdG9AiMVwmaEMQySQnCgeAh1sPj2Leutm2,186.2986608500005,186.12217529099962,186.0891763563035,0.9988755448228066,0.07443567054252141,0.9973231865619142,5341.214544732,6344.622083173,11662.847301905862
ALLwa5WNZbvQsRKAqe1jdRGemdYQnW8E5k4msbRFcYtu,CGoM82Hbz7QVqTgvQatYtjvDWBvoUJp5qm21P8iMs9yb,3dxNNww8TivyN5FMy5dCNdi3Zcxv6e4kUfSPxfFwpdNq,1.8114250599999995,1.79470521,5960.007435922744,3290.2313032606194,2.3840029743690976,3241.102363735954,0.856872833,7.77143009,28007.310252357925
WiiQFxXqp8P9Fs1rt9SVcDyA3KUdJmUsog6wnVQAwba,3S2jpqSYxho6wiz3cafhjXruVY8cg4HYa2v3BqBHYFSj,Dfe67M6TfrG74gKRtdqys4e6E9QirPD53BkF4FujFjuv,41556.864457804,41589.923895087,41393.68154134544,0.9960732620570002,4.1393681541345435,0.9973231865619142,19269.213204236,7490.750501552,26664.24721356327
NorjjEePhxfwLF4vZjUHCrVVKLzQjEEGQFd3wgjEJmh,34M8pFVqgbV7aqHxvRT5tCv3vu2P1JJYT8J3VaxBK2oG,3AZWBSze3ucsY3xSeuLne3b2pauVqiaJ1SZSV5T9WGWw,0.019420000000081927,0.0015079999998306448,0.01156669791625635,0.595607513707907,4.62667916650254e-06,1.0,38104.416915,2273.815321,24969.092341032665
RajgMbScQbqqrdJfR2rxfHJiTiY5b6bJ2tTXiF4aPxy,725ZA3fhyBAKb5iopNRrcbSuQa3LXA1656Q3mBvYPxeg,GLA6i1dSZpUfk2f9Nj8uiG7xyDdAR2reff8oEiZH3617,4539.901611119989,4536.024496460013,4543.377340219029,1.0007655956883574,1.817350936087612,0.999538583003928,66574.6441806,115235.81958513,181808.2612605557
BkMBnJpvHKtWhUvrgRrLesXfi9RUV3ELgdBaJcdH7hcY,5uerVwBnZQsuVhZ15igs7ZgmcqhHnYWbwoRtLyRqLvR,9YWiQh5d4jCtgMdzcGLv9bWgnLaFtzvDDh2nnhJdzhBX,0.48660536900001716,0.41547679900008916,0.4853407573571951,0.9974011555905746,0.00019413630294287803,0.993699054658018,1472.204326323,1400.463598767,2860.0176505177374
MARpDPs5A7XiyCWPNH8GsMWPLxmwNn9SBmKvPa9LzgA,6YjT74rmcfCpw8LSjPNx5JTmZoYLGrTKnf9arfSgZ4SR,F8GSmi3vA8M8TsybLya1LQ4n1aFHCRbZ6k437PeTdXtg,45064.42759300009,47010.31747899932,42691.62696621771,0.9473464825025105,17.076650786487086,1.0,343357.294956,19303.797422,344582.1230401436
BSCuChvaSj9b5HUSqgDVRzcnr2sSn7cXaamt1jbKH6hn,GnKpRj5kBVPMJfiwZtEuD9GYApLzPdW5JFuZTcyX4BTc,3dmwD9okkomV9nDwyuh4UMhKdUR13QpuKxRo89ycZB5t,44.595699933000105,44.67071368699999,44.532636153627045,0.9985858775741203,0.01781305446145082,0.9981603904004919,1743.345804483,1400.296728716,3138.601229496511
JSoLLrxK5bYdHwTEWYaGgmeycBCNXKDiBCTw5hXGBg7,xG4wXczA7Dk4hccJ61CHKpDHW4NrNfQwgmWgkb9BuF2,BVR6WgfhsRr9Lob4QDnkEAiNGgAbv7ZieKcY9kSg3QYR,7.712087920000187,6.601073739000018,1584.1862383606542,205.4159982087725,0.6336744953442618,178.06635607145734,17.311971111,163.525669173,32674.57586051025
KwnjUuZhTMTSGAaavkLEmSyfobY16JNH4poL9oeeEvE,J63v6qEZmQpDqCD8bd4PXu2Pq5ZbyXrFcSa3Xt1HdAPQ,BnKQtTdLw9qPCDgZkWX3sURkBAoKCUYL1yahh6Mw7mRK,254.81620599999985,9470.594401999668,6.491383440331596,0.025474766861302376,0.0006491383440331597,1.0,274359.310989,647.484986,7636.724469672331
HEDSDjj84KS7LKhZY7ejkCACTdPen62rKhCby1wXtgxc,EnnjMSFttpCTywBrYNt1J5QQeoSVkvzPipJDa8Y7kJow,6bjVT6JN2rSvpyn9PdfLYC8wJn4LWh49jpY47fnLDXZk,11.265826368002308,11.634716740009026,10.769791494437941,0.955969952193367,0.004307916597775177,0.9971971510432397,39095.496591906,9125.694956974,46474.23702032445
SEQV6QiTpvTzrceiaYg9Avnwf7oc8ZALpnQMz6TyT4A,3dFMPj4r9mMmPHF32mz1gNDX7f8ftidWof7S8YiYTs1j,Fc1ED3YPeQfXQosHbd8DTaBd2AV5gHQtwiSAL5C5pUhi,8224.892079578998,8252.702240837,8203.893312218112,0.9974469248766166,3.2815573248872445,0.997690346847049,4097.542154424,1518.476132263,5602.049800558963
TETFuZgEmET6d9vYmz9iMFCxK1jKdKYxf3oPz8hSzJK,Eu1Ze6Z84LWNkq7SNoAHBJbXx5t1P95EwyqYohrfCRFV,ASMbv7WNu3qe4pkhREmvyEdwFNDZQ6B6iSrjkj4u8bdC,15.385988496000003,15.586802820999992,15.187078934133838,0.9870720323287726,0.006074831573653535,0.9977222002169047,324.716419966,27.909163764,348.36408886319487
wrmcMSHFi3sWpAEy4rGDvQb3ezh3PhXoV2xNjgLBkKU,8p4mGnARWPBu6P2Gcw4adodLkNDorrXniZMhaY7eJXUn,AyY89zccbsgp9LKFgH4CFZMJmpSgqmPSdTfukhP227rc,0.008072300000000004,0.0793887399999953,2.678268082282682,331.78500331785,0.0010713072329130728,3285.043198318058,27.08561624,0.09534364,9299.809250139297
HDSBGqAuMRr6X2AfmmbXQPpRgU6VEhtfNVVZ3wUTZXg,DCZ1d8kNLgDcdSd99y4udLgwq46mfDXNS9KXj96kQf5L,Fq8GGYQM5Pz3q7LmVMbrXHJgsxA5ev86kTq8yGgGuYsa,135.47239875599735,136.11608114500086,134.32656628031302,0.9915419488677681,0.053730626512125214,0.9971971510432397,11098.70439361,10455.130157828,21430.65699151966
KEVpg4SYCVrqFxKijQH6hm4QxsRdoE51ud64bEEFUC9,2bPenuBYfqzD8p5dFjCcggwkHDsc2RQDnx9AoyYGUBjA,AE6n6iLuX8oYu61vt5hoDYkjswpnxFxrhSehxrnQTnbx,3308.4680217660007,3316.554139571,3297.814212000581,0.9967798359556962,1.3191256848002324,0.9973231865619142,5181.694028506,2442.883290357,7601.352271244519
GokA1R67GqSavkd15zR62QD68Tuc5AEfvjssntVDEbM8,3YB7hfpBdbQEuZqLGWVDpRPmeZWCUsrrWyqGXegnQ6Cg,4DPCj6Z1DsG6HUtwSogBGqXEUxdEV5a8YVrrFtcnz7UW,32958.25166699999,32963.27561100002,32962.50382999406,1.000129016643147,3.2962503829994056,1.0,15772.162775,16825.446247,32599.643893496395
KEN5P7p3asnb23Sw6yAmJRGvijfAzso3RqfyLAQhznt,9zj4aX38Uxf3h6AUjS4EipWS8mwbEofasHAf3a1uKGds,CwQDG1MWunn9cLNwcZLd8YBacweSR7ARo32w4mLua1Yr,280005.72236500075,280045.3571060011,279462.72628782346,0.998060767927916,27.94627262878235,1.0,2194120.01419,2004453.760508,4194318.866796481
moFiBS1R4Lf3E3zzmBPnw3NF4RhWPkhREFviuzUaCAU,44ALBrpqi9PfZkBRTvbtRNtFJGsatfY4QydjtMbFWq8S,2ho8qEEie1UjVwWNBo9y4oAJZMyMLx8zPj9bxyUz6uWs,22.45217186299851,22.47631845199794,22.27033963974775,0.9919013526014192,0.008908135855899101,0.9973254434359,47319.084459044,19815.334132204,66698.20077901742
SAMyS8Jr2HJrkFwYVKbpUwsNStnQmvz3f8Tup8bWUWF,6jPzm5TFfquvgm25sTyN3MMGBfufRaFHMxobDWv6hMFW,Cj9ECoDmxsHTDzCY5ZA6RWrPbg9uFzEC1Qc2kso2vJG6,2017.77501442004,54.5907513300001,1992.6156120651099,0.9875311161179376,0.797046244826044,0.025803166786535277,538.03192865,106502.46069151,3279.4240274062713
BUSD5rCfUDpCxKGMvYU2yThChxgHoioK74PTPociGnv2,CcFHbafgYDZ8yA8Me1PdtDiVb2eeaS61LbqyKKK5CsNZ,26R9s4nmF3CFDTkiePDwRmtscn8i7r2eygbSijditJ58,207.33969893999995,207.70760503999998,206.8739718421506,0.9977537967874444,0.020687397184215063,0.999538583003928,83.65263603,62.58508171,146.0209390998091
7oAd7xG4m3oC2qeWB1szghTebAZyyGPAFDJ4wwwbRSNi,D9yh4KAysxt9GLacVe4Wwh2XqghhcjTCSTV9HuM7TBJd,HDYfJLpZKaMFb84jM4mRytn7XLR8UFZUnQpSfhJJaNEy,505.00942372706254,507.8550334600361,503.65853548245974,0.9973250236903839,0.20146341419298391,0.024047863643278364,991.924097814,300059.904035883,8205.070381421516
Sid7E679i9ABqptiAVhkmQ27YHN8vaYT4fppPwmxFsJ,GP7KB8o1bv527HG8kTzzzf4wJ5aEGHvcMQvVhLziUfmT,9gYxhAZ1M9wu5pxr8SBoa5NDm21gi3s9vMHaYTME77sa,1104.0406110000004,2729.956987000027,11.772471857096493,0.010663078640226297,0.004708988742838598,0.025803166786535277,130336.49137,10724.301313,1666.5091926178843
DFWzVTzNBrQZLjoQ4yQwkj9HuoXmfkuZP9V5vbymZe23,DhgiEgiNdqZdRdo195UUHnoEJUtefK8buko8nU97XJUZ,2K2kkXsouBHtWVjtcgkyiXd8eP3oVBvq1bTJzcVdLLr2,136.80278110100062,160.9200225349996,115.59582891594975,0.8449815711758527,0.04623833156637991,0.9972715975462361,61069.698680945,7801.414241578,59382.89878647926
BUSDTd9WiT6uBHJRgNvFXBsA7JrifsAtWzKfioN7ERcy,DyBxrn7gSc1EwnpWhDyhzvMHPtxpmBqRqotapLcKcfTM,Cds99GeBgoCpqBsoRWu1C6fF9LiUMd4pXQQD24s9LPff,17643.88419523,17658.67261248,17621.95631389081,0.998757196482557,1.7621956313890812,0.994691332359199,2914.04044447,2625.21626362,5521.698727746858
MATSnbbiTCv7Dc3trJrkrqjx7ckKdr6fwPoVwv9q3sD,631WX9JizSHJm4w6VanZeJAst9T8DeUUnPLesdGkCVtK,211maUSfpnXbPuW1iBu8b4dtJv5EbN1j7JJiEX5TZKEP,120801.30468700001,120964.60949599998,120106.84689823443,0.9942512393341699,48.042738759293776,0.9962133928936114,28339.917542,23696.175594,51783.44562586321
BkwbeSfcX1h4thMDd7obGkHrPevf3QwgzJ4pCEqG18Lu,35yX27bmurdebhfAb8EPmjLETDiUaEUCn9zHaDPbakH2,2CxECn1ZJFoESyUnQysQU8rRgT3iJ5GRs2Mdd6gZjx5g,0.14936494000000167,0.10556569999999998,363.9053234255127,2436.3503471799245,0.14556212937020507,1718.213058419244,1.00408369,22.48635096,41082.6415023993
SERgf3DMJpQxUifu7VoFKmfne73d2fDJxSrxUMrcNJB,AJfM2GZ2tTB8UtN2krcyR9xufRJEx2mhSCbJyMgPo3GU,F4yRYkufQvERZcEKnKjJwRLU1btiMBUuEwq46hfm11QD,6.278699999739956e-05,6.278699999739956e-05,0.010522574085946935,167.59160473318914,4.209029634378774e-06,177.33665875035823,29.276090844,27.966929017,9865.988792243807
SoNcU2iwHMw6dGzsYNQkYFkUjwN1UdAjrWVRnStrZu2,8ivTTid27jZnYNc4w3CTA1Z6QS2twsFb8WMwUabeDJgc,CyXm53PMvHCbeXJBykU46Rcbo28xk5srhMZFg7gv6EYB,28.354034117,28.12816321400001,5959.198667389095,210.1711044995952,2.383679466955638,208.49161321636677,16.145163102,19.356267514,7428.866201314864
SQDY9uoDoCbNq7F3HAHYYQZbrUzpKxDtdWLvYcqBLak,GiehZ4X2uQjhEKuxSm3ACmEFrabxh3RTvjbLfLjw1xGX,rxDQYV77NKRKYxCjq4cECX3QQsiSyLv1T1FT2X3zNA2,0.0014361579999899732,0.0014361579999899732,0.0014354933306905302,0.9995371892929277,5.741973322762122e-07,0.9973231865619142,168.73007208,237.824148197,405.8395193172413
STK75uPSyBnEhGTTzb1nwmP3n427XoXmfRhXxxhyady,6TYyD5fUmDe6N65avW1Ny2RxzRNobw2RRgKwH9CTzSAU,54zDfk4cx2vGrEajPtodWpArNe5eUurytyxd4X3aZAxK,818.3589671980008,916.8919143629978,145877.58702344546,178.256233353096,14.587758702344548,199.92326944918543,662.260740041,120.375507396,142117.97001755546
heyk4SZTeCUV6a65WiVA5bzic3KcxgVf1qxobfeV4tQ,9ZDpBKPqMABtGfq66FbVribaArMvtk63xxy91onZAtDt,DaTP4s6N7xxSPinbNZ3FB52EpRDRt87QShTuN3VPCW52,90.40325604000009,78.42244177700059,17914.732124951566,198.16467801806786,7.165892849980628,177.92400758881476,627.653433195,4470.082570286,919713.745654217
oKQqupM9E7SSLAFDLxr7mdsXP7znck9qRbVWc6Yyj7Q,CMR2J7CwfW98RpvnJmFBgRFTLAd3x8CJ1SWs8Bt3uunG,FmRb5jHfSNj1YWP3b45d9vvYuhwjp4om8bALmtqZpr1v,0.0014498699999876408,0.0014498699999876408,0.001419438793634784,0.9790110793704841,5.677755174539136e-07,0.999538583003928,4105.51129071,1794.16335105,5812.676533671803
FrnkTEL6yZ5Aycq2TrEgu29dCrwKG4LPUZydfiwqspkc,DjvZuMZ46fxKBoBpGMPcRcos4xdTtHFxwMh69DpA2ZFY,9rvDPJLAng4uVVqnnSoEXgNDFhBZQTny9AoQioYDZbQX,772.1001397679972,649.2010149929993,162645.22466839472,210.65301803632207,65.0580898673579,177.6411598830837,179.940610211,1455.418380955,296447.24191625055
ALBpShJ9NLpE739pcHDF2LNVk5J4VYPvvKuV6jMPitZi,D6d156U1bPiJpDYRLextvDRccgFk7QzkQbJg42ceKEu5,GNcM8U5g8RwTZffwwm3kSQqUNPSwv5d2fbN9sLxPJqt2,31162.184675999953,31201.951365999972,31004.92768279283,0.9949535953643123,12.401971073117133,0.9962967649247746,53280.958581,47005.635106,99843.64349396517
KZMu9QBEdL97EFgamLbN5DE1AoKBG4HdrKKJo4Vuon3,DD4ACBWyVqdaKWh7v5btsgqQCCMwbKnuL2xd9pv7Gyuw,GcYqiJ1MAuYbNTNYXm1F1gQYTfTgkErACAhNU5dpVj9T,133.73835814999984,135.3307027599999,132.07079009164983,0.9875311161179376,0.05282831603665993,0.999538583003928,1967.32082086,1120.46813695,3062.741659893987
daob129AwBGn9Y5r91uLoWZeYiGzbPmksauMhFZKTze,6VW5GQNyj4LStgmxEHLr5zUfW92vQnmbw8jTnCH7a38F,4VPCCUifPeBA1c7HWK358CHn2nyjm8pdTRk6Ps3KmnMQ,37.32224002500006,33.49973747899996,7404.579021777335,198.3958898720287,2.9618316087109338,177.6411598830837,48.58600931,223.365217802,49318.12092027302
MATgk4zXLXtYkwBH678J1xZbRDZ45LicNzkRBHkxTuY,y8dALFo1bJrSzPYjMX14HJX448pXqYmrfXHD1K8MXih,GN7Yuet3UyiWS5YVkEHv6oQKi4HGBJc3XDPt9zQhAqZz,19895.486877,19896.456339,19910.678724867073,1.0007635826135342,7.964271489946829,1.0,6225.001176,6939.973947,13169.728425667225
parEAJhzYzHW87y9VoZAQ22dzQ2MD2ekEtTReaxbMcz,3oyc6hpjYSJEquK6dSvG72NXyz3pqLZz5D8AC71pwgQb,Di2vordgFJVZ1aj1aBpvzXtLfZgJsuLLXawGtVFwX6Rz,8.192200493999962,9.648673498000107,1417.4916987405468,173.02941984619758,0.5669966794962188,205.26138292393605,1104.453082074,142.158246925,220282.47439647693
Cob4usZcpHEY7Qt4ZCwj6WVg9S44zvzYV2v9qYF65dTf,NhFM9UXE48PyNAyeyPYA3iXztqKVJwA4bTdLj4ysM8w,6TuFuynuBoeskxyR2cz4wxyidk8dpDK7kAWw3UkjQGx,311.44405500000966,1425.5533379999983,3.320952450496067,0.010663078640226297,0.0013283809801984269,1.0,68812.783561,208.397646,942.1537685638144
ZUCKWFa4LTL833dPhhpeeRWZcaAEoMeYJPi2iKn4F8N,7eEYpq6ShaJ9opZWMxitRFrdCHh6vfyHhGfoSvFht3N2,H8VggnHmuwd1wvwpT8eg9cUJFEfZ7HAaeYjgXrSm7A2u,0.03763862000005247,0.001531721999981528,0.0376506232446466,1.0003189076696786,1.5060249297858642e-05,0.9969525085930651,1679.577333789,2167.645706853,3841.1527890706498
vEnkoSUkpnbRrPgBz9DfcVxNz67zjwMYBZraAvDDNSf,DtfyjjsZ5yCjWKLKHvwsfXs5QVsmm1QkK6Sh9JZHoq1g,e5wrKCRv4GhHvEf1VD5Pq2KGaZDXP77nTL612Jyrxwy,3840.538880000001,3841.5454839999998,3813.353483019555,0.9929214628910498,0.3813353483019555,0.9978795060496446,1026.418136,934.504536,1951.6755219198567
DA1mL7dfBow33EH5yjUuZE6SH2KeUK5zEXzsyhE5r5j5,B4UtLRZND3D83CitRCBUyeiNr7H8m7YFRqBmiPmXjhW4,AAmpYbuixWiSqDaJBCqYEs1pb5SrbdPr9mgXrB58Q2e,516.7287797869999,516.5133645650001,516.1025007565868,0.9987879927441409,0.20644100030263474,0.9971971510432397,1391.260724007,1716.447428761,3101.210991790675
AURHmCnNwiW4uA2Qj1XvEh4iKgRUZYXtiY7FKAapUV5Y,BKWm4TRnTeKwfWXRyuzjRHU7iZDkPuXBX5b5V5jSVfGJ,A5Ww74HVrkj9nPeC7pHKLfgeDMEhBCpW1efQdz3TGLEg,0.01464157699996349,0.016418648000126268,2.896467007366499,197.82479765490572,0.0011585868029465997,177.25948679478864,289.890521082,1809.495883232,378097.84529410896
AyiATPCAx5HZstcZ1jdH9rENwFb3yd9zEhkgspvDrCs4,DvHVapj4g2Y1tJVSw2ubSPkPBsJPb8fW387ZWXwaKmZq,DKjqWWgrtDRPKrnMWtZ4UiJk4sGQVCQgFjSo7BvfngvK,8.313999999998156e-05,8.246000000000642e-05,0.20026978850503824,2408.825938237703,8.01079154020153e-05,2447.860569861941,0.80209269,0.31867204,2712.1663979763207
B2izdXFYb2sNwbWWHmh75T4aQFtfXsUxem9u2p61HGzf,4DYwgJtxwuJdAjkj5RJSNH4e7U329V5cNp7d3a1nLrZv,EXNW64GEf1ACC6xY9BtKRiunrs6GoJSXBdxWN2eTPmrF,8411.567935999989,8255.887035000002,8502.93193969198,1.0108617090638916,0.850293193969198,1.0,8564.856932,31242.412165,39900.29808116924
BUSDgu5JdqP1rndBvXvanbEufS94FNh1w5FJcAj6vawb,Bgzr8cWubt89JQFXndVjtdKmDbGzuPxNhvjH1EhWCwbo,Dxaf8xPBBQsasRKW5Aa4Sw2YrbfGofY9xZueyyF23FBW,2032.441275690001,2021.480815779997,2043.7295090739449,1.0055540268341143,0.817491803629578,0.999538583003928,4749.02733417,10201.12273659,14971.819324600243
BSC8REUo9LpiiWUuqMuLXs2D2yJsJfGd4HdiF3wCLxk5,AZjEH1zWVx1UJ6udMyRijGTzPteuLnaY18yNNmprJEsh,Caf8ypkSVR8xYnXNhjvfvdGCC7mrM3C11rz8Xi6NA6aK,96.19245104099991,96.30709888899992,95.87788404482475,0.9967298161885793,0.0383511536179299,0.9935348402812765,3402.019259905,2930.372392669,6302.321098710174
AUSejoEUCh2DBs9mof6BNC8Pubs22w4cJa1ccV9h44R,4xkyD7AfGQDwsQMy9MosRRNGoVJ1zosNinesxg1TzHG7,Cbm5gsQe3nSiCsFrvepVzMCD9xLK3ri9g3ypS2hdmVJ7,10055.252002,10068.691371,10056.277742329718,1.0001020104050613,1.0056277742329716,1.0,14421.355758,14449.079284,28871.90617034241
ercAoEmXjQzEvAFbdjAo81KtMxRGn9AW1ju882upmPH,CMRhskR2Eg6V42RTSdRTXGdozyPbWB8U9dVpijPWb9T4,7TKLLgrWswt6ZJ1pXhVR3FyufHGjJFqiEXxvWJfDcgRm,0.0,0.00035498200008987624,0.0,176.2408013316755,0.0,173.6985031705188,347.459088454,919.794676705,221003.42674697624
C98Sspw7XqnMsgxea3SLQVdbMDL8pKUc3RE82UvX9eq2,CSqgQJurPCzGxb4Cgwx5R61hWQUiaoUHcShNc8r1cKEL,6S2CR5EnukPhC914XkAns8m5GixjMAoUuZMsS5ubHuWc,166.65859299999966,166.38652999999954,0.0,0.0,0.0,1.0,891.767213,1193.680889,1193.680889
YAkoNb6HKmSxQN9L8hiBE5tPJRsniSSMzND1boHmZxe,CfWX7o2TswwbxusJ4hCaPobu2jLCb1hfXuXJQjVq3jQF,EnTrdMMpdhugeH6Ban6gYZWXughWxKtVGfCwFn78ZmY3,9952750.876504991,9956288.93773895,9952750.876504991,1.0,995.2750876504991,0.9953606241309257,687426.609335,670295.420938,1354612.2778719491
Lee1XZJfJ9Hm2K1qTyeCz1LXNc1YBZaKZszvNY4KCDw,9DgFSWkPDGijNKcLGbr3p5xoJbHsPgXUTr6QvGBJ5vGN,2hNHZg7XBhuhHVZ3JDEi4buq2fPQwuWBdQ9xkH7t1GQX,3027.202263510163,2567.9329842340067,631870.456531942,208.73083511746015,63.1870456531942,177.01937955061504,7205.129248029,56427.259996638,11492651.19941643
