0,1,2,3,4,5,6,7,8,9,10,11
GokA1R67GqSavkd15zR62QD68Tuc5AEfvjssntVDEbM8,3YB7hfpBdbQEuZqLGWVDpRPmeZWCUsrrWyqGXegnQ6Cg,4DPCj6Z1DsG6HUtwSogBGqXEUxdEV5a8YVrrFtcnz7UW,33836.12345499999,33825.67983000003,33862.77345771121,1.0007876198568273,3.3862773457711213,1.0,8985.551432,23621.322616,32613.951246732388
KEN5P7p3asnb23Sw6yAmJRGvijfAzso3RqfyLAQhznt,9zj4aX38Uxf3h6AUjS4EipWS8mwbEofasHAf3a1uKGds,CwQDG1MWunn9cLNwcZLd8YBacweSR7ARo32w4mLua1Yr,291422.95975000015,291499.2605809986,290663.7460453297,0.9973948047699408,29.066374604532975,1.0,1961034.714055,1851066.36307,3806992.1988419634
KZMu9QBEdL97EFgamLbN5DE1AoKBG4HdrKKJo4Vuon3,DD4ACBWyVqdaKWh7v5btsgqQCCMwbKnuL2xd9pv7Gyuw,GcYqiJ1MAuYbNTNYXm1F1gQYTfTgkErACAhNU5dpVj9T,110.66793819999975,112.19797898999968,108.21412449152714,0.9778272393216718,0.04328564979661086,1.0,2030.98695413,1057.73315194,3043.687518395269
DA1mL7dfBow33EH5yjUuZE6SH2KeUK5zEXzsyhE5r5j5,B4UtLRZND3D83CitRCBUyeiNr7H8m7YFRqBmiPmXjhW4,AAmpYbuixWiSqDaJBCqYEs1pb5SrbdPr9mgXrB58Q2e,1444.6813586599997,1380.1013366920001,1696.8218224762077,1.174530156636117,0.6787287289904831,0.9988835478585585,183.751709507,2951.300100101,3163.8270389336167
FrnkTEL6yZ5Aycq2TrEgu29dCrwKG4LPUZydfiwqspkc,DjvZuMZ46fxKBoBpGMPcRcos4xdTtHFxwMh69DpA2ZFY,9rvDPJLAng4uVVqnnSoEXgNDFhBZQTny9AoQioYDZbQX,523.2240526889966,440.04283621300027,113428.58396581096,216.78778600270638,45.371433586324386,184.0735852564421,179.849997536,1455.876743049,306977.73456292297
BkwbeSfcX1h4thMDd7obGkHrPevf3QwgzJ4pCEqG18Lu,35yX27bmurdebhfAb8EPmjLETDiUaEUCn9zHaDPbakH2,2CxECn1ZJFoESyUnQysQU8rRgT3iJ5GRs2Mdd6gZjx5g,0.2768198799999967,0.17999883000000116,700.5792523979367,2530.8126439399693,0.28023170095917466,1508.2956259426849,0.80130923,22.79678451,36412.25389298075
vEnkoSUkpnbRrPgBz9DfcVxNz67zjwMYBZraAvDDNSf,DtfyjjsZ5yCjWKLKHvwsfXs5QVsmm1QkK6Sh9JZHoq1g,e5wrKCRv4GhHvEf1VD5Pq2KGaZDXP77nTL612Jyrxwy,5316.274211999998,5315.869737000002,5266.495298439152,0.9906365037664,0.5266495298439151,0.9939419239733823,873.836399,1087.867189,1946.9310420313561
JSoLLrxK5bYdHwTEWYaGgmeycBCNXKDiBCTw5hXGBg7,xG4wXczA7Dk4hccJ61CHKpDHW4NrNfQwgmWgkb9BuF2,BVR6WgfhsRr9Lob4QDnkEAiNGgAbv7ZieKcY9kSg3QYR,6.283365425000163,5.375689321000024,1340.303750029898,213.30985218480484,0.5361215000119594,183.78579251282412,17.287523149,163.558223194,33747.27667925324
Cob4usZcpHEY7Qt4ZCwj6WVg9S44zvzYV2v9qYF65dTf,NhFM9UXE48PyNAyeyPYA3iXztqKVJwA4bTdLj4ysM8w,6TuFuynuBoeskxyR2cz4wxyidk8dpDK7kAWw3UkjQGx,61.85826099999994,7219.940254999994,0.5187645803383079,0.008386342777051367,0.00020750583213532313,1.0,71855.522625,179.676746,782.2817891574198
wrmcMSHFi3sWpAEy4rGDvQb3ezh3PhXoV2xNjgLBkKU,8p4mGnARWPBu6P2Gcw4adodLkNDorrXniZMhaY7eJXUn,AyY89zccbsgp9LKFgH4CFZMJmpSgqmPSdTfukhP227rc,0.011324829999999994,0.10267902000000717,4.072215030564543,359.5828838547285,0.0016288860122258171,3306.3316250619937,27.03022961,0.10123004,10054.307997077563
BSCuChvaSj9b5HUSqgDVRzcnr2sSn7cXaamt1jbKH6hn,GnKpRj5kBVPMJfiwZtEuD9GYApLzPdW5JFuZTcyX4BTc,3dmwD9okkomV9nDwyuh4UMhKdUR13QpuKxRo89ycZB5t,951.3046433519996,949.7278462570002,950.6014245409783,0.9992607848432827,0.3802405698163913,0.9959693121935528,1624.417547243,1519.531917865,3136.6239122633947
TSMFNX73aQNb3yqszDKgyR8AVoigfbaD4cfLjjCYXZf,C5uYkVHiFduEFq8S3fr4pgUS24oYj1sjZ8WW2cb4j8SU,3F5DPU5ScgHiFzePYUHZovvgh3uqmM5keNvbavx2ERqV,69.58104699999967,43.627848000000085,0.0,0.0,0.0,0.05689599679197612,3077.838728,82088.253008,4670.492979802092
NorjjEePhxfwLF4vZjUHCrVVKLzQjEEGQFd3wgjEJmh,34M8pFVqgbV7aqHxvRT5tCv3vu2P1JJYT8J3VaxBK2oG,3AZWBSze3ucsY3xSeuLne3b2pauVqiaJ1SZSV5T9WGWw,3.2475700000009056,5.451173999995717,1.929820808338848,0.5942353231303128,0.0007719283233355393,1.0,38109.866632,2266.791842,24913.020754519643
BSCrK1Nx9PXU9mF7STWWBqeHLxmtJDr9h7jheEy4tAWX,FfSySSbVJPvEo5a5AvrP3nySoXpRE2QPn1uUMpJJ1x7v,HL7Vcj6838ZmvBHDbQxXfjBNckNi83WvPiZQoMQLFeRM,0.0005602900000000188,0.0005601540000000904,1.8619419972949978,3323.1754935746403,0.0007447767989179991,3241.2074145860815,0.858367434,0.945060828,5915.64378409981
KEVpg4SYCVrqFxKijQH6hm4QxsRdoE51ud64bEEFUC9,2bPenuBYfqzD8p5dFjCcggwkHDsc2RQDnx9AoyYGUBjA,AE6n6iLuX8oYu61vt5hoDYkjswpnxFxrhSehxrnQTnbx,1265.6543094490007,1266.4419106340001,1263.5459263911223,0.998334155667833,0.505418370556449,0.9989239920402659,5055.145151832,2569.923942138,7613.882750452887
heyk4SZTeCUV6a65WiVA5bzic3KcxgVf1qxobfeV4tQ,9ZDpBKPqMABtGfq66FbVribaArMvtk63xxy91onZAtDt,DaTP4s6N7xxSPinbNZ3FB52EpRDRt87QShTuN3VPCW52,63.45876775399756,55.320400669999685,13298.241113988752,209.55719098644227,5.3192964455955005,184.18539954970353,632.240021035,4464.843254667,954849.3816249439
AURHmCnNwiW4uA2Qj1XvEh4iKgRUZYXtiY7FKAapUV5Y,BKWm4TRnTeKwfWXRyuzjRHU7iZDkPuXBX5b5V5jSVfGJ,A5Ww74HVrkj9nPeC7pHKLfgeDMEhBCpW1efQdz3TGLEg,0.010386661999973512,0.009063478000143732,2.1222277025976144,204.32239949687653,0.0008488910810390458,183.44924573925368,289.899434077,1809.486328107,391181.8500501201
STK75uPSyBnEhGTTzb1nwmP3n427XoXmfRhXxxhyady,6TYyD5fUmDe6N65avW1Ny2RxzRNobw2RRgKwH9CTzSAU,54zDfk4cx2vGrEajPtodWpArNe5eUurytyxd4X3aZAxK,1819.0423088679947,2040.1946683909982,335391.91244317364,184.37829115249707,33.539191244317365,206.62988516957392,672.994881396,122.134071704,149322.19539766194
Sid7E679i9ABqptiAVhkmQ27YHN8vaYT4fppPwmxFsJ,GP7KB8o1bv527HG8kTzzzf4wJ5aEGHvcMQvVhLziUfmT,9gYxhAZ1M9wu5pxr8SBoa5NDm21gi3s9vMHaYTME77sa,3354.8339959999757,9326.397059000104,28.14504329098008,0.008389399691471436,0.011258017316392033,0.024664678759331142,135121.520815,8936.68324,1354.0088663250108
Lee1XZJfJ9Hm2K1qTyeCz1LXNc1YBZaKZszvNY4KCDw,9DgFSWkPDGijNKcLGbr3p5xoJbHsPgXUTr6QvGBJ5vGN,2hNHZg7XBhuhHVZ3JDEi4buq2fPQwuWBdQ9xkH7t1GQX,2579.941989745952,2187.7115381419953,559582.0803356597,216.89715604448995,55.95820803356596,181.27596891552193,7202.156351695,56431.139866652,11791736.786405083
BkMBnJpvHKtWhUvrgRrLesXfi9RUV3ELgdBaJcdH7hcY,5uerVwBnZQsuVhZ15igs7ZgmcqhHnYWbwoRtLyRqLvR,9YWiQh5d4jCtgMdzcGLv9bWgnLaFtzvDDh2nnhJdzhBX,93.98874798899988,94.0306723440001,93.97394060915204,0.9998424558240783,0.03758957624366081,0.9988835478585585,1376.403183363,1496.314605776,2870.8303811878523
HEDSDjj84KS7LKhZY7ejkCACTdPen62rKhCby1wXtgxc,EnnjMSFttpCTywBrYNt1J5QQeoSVkvzPipJDa8Y7kJow,6bjVT6JN2rSvpyn9PdfLYC8wJn4LWh49jpY47fnLDXZk,11.340520918003676,11.586801834011567,10.949351164982529,0.9655068972713463,0.0043797404659930116,0.9988835478585585,39091.588085969,9129.486894769,46862.49218186853
ACUSESXyNnwRLAg1dpSGMLSzUDdLjUMybY8rkXiAKhCP,AhFPQdu8GKBsxuhiH46UmCu1YpaLgNpoP325HnYtsgas,A8wxWpT3aFEr2XqZp1kDmbxbFfcBE95UUmdsNTDBJYbT,0.0,0.002932945999873482,0.0,0.9988821449982396,0.0,0.9865933156373088,1040.128968717,1845.791608762,2860.0119186108673
BUSD5rCfUDpCxKGMvYU2yThChxgHoioK74PTPociGnv2,CcFHbafgYDZ8yA8Me1PdtDiVb2eeaS61LbqyKKK5CsNZ,26R9s4nmF3CFDTkiePDwRmtscn8i7r2eygbSijditJ58,1393.9579259299994,1394.82157658,1388.4306390929958,0.9960348252022627,0.13884306390929957,1.0,93.17979249,53.23391393,146.04423225516024
Lid8SLUxQ9RmF7XMqUA8c24RitTwzja8VSKngJxRcUa,4PgzyzLtds9bKZ2to9PMnKqJzKEUpjvNUaeN23phegax,AtymwxoVN9peZo7EXTcDz9jKVc4vRmisJKKrNfe3ewBa,509.3475625839819,433.7623070350011,110128.79792311724,216.21542147845076,11.012879792311724,184.4179382590873,993.902082007,7668.308966903,1629070.687179376
BUSDgu5JdqP1rndBvXvanbEufS94FNh1w5FJcAj6vawb,Bgzr8cWubt89JQFXndVjtdKmDbGzuPxNhvjH1EhWCwbo,Dxaf8xPBBQsasRKW5Aa4Sw2YrbfGofY9xZueyyF23FBW,16601.001621730014,16498.13900504,15962.94959637378,0.9615654500918155,6.385179838549512,0.9576093810402708,5027.51102705,9927.90051604,14341.331571761348
parEAJhzYzHW87y9VoZAQ22dzQ2MD2ekEtTReaxbMcz,3oyc6hpjYSJEquK6dSvG72NXyz3pqLZz5D8AC71pwgQb,Di2vordgFJVZ1aj1aBpvzXtLfZgJsuLLXawGtVFwX6Rz,5.383140846000003,6.316959809999389,903.9732549809595,167.92673289473112,0.36158930199238376,209.8577311483226,1103.754496611,142.755668339,215308.26719993874
RoBgmK8CvjdHvPrqdDyVw54VwjZv2TqJ493xnqJAQHx,ExiHJxM7qPAcy27NDHAF6G7vnW7muNHi2sVJpnaNynGQ,6rkPHSqZb7StM4HwS9EuVrmfkV7tRdc7dnsFhyB6cefE,1.0431080000000001,51.79130499999974,0.0,0.0,0.0,0.9680663938655568,6192.525662,20.287142,19.63930039777848
AUSejoEUCh2DBs9mof6BNC8Pubs22w4cJa1ccV9h44R,4xkyD7AfGQDwsQMy9MosRRNGoVJ1zosNinesxg1TzHG7,Cbm5gsQe3nSiCsFrvepVzMCD9xLK3ri9g3ypS2hdmVJ7,6050.113033999998,6047.838515000005,6045.240570100496,0.999194649112815,0.6045240570100497,1.0,14721.455091,14150.178597,28859.77775108181
KwnjUuZhTMTSGAaavkLEmSyfobY16JNH4poL9oeeEvE,J63v6qEZmQpDqCD8bd4PXu2Pq5ZbyXrFcSa3Xt1HdAPQ,BnKQtTdLw9qPCDgZkWX3sURkBAoKCUYL1yahh6Mw7mRK,314.2384889999515,12166.634424999933,7.752805335407195,0.024671724205650666,0.0007752805335407195,1.0,274840.066504,635.355005,7416.133326449376
moFiBS1R4Lf3E3zzmBPnw3NF4RhWPkhREFviuzUaCAU,44ALBrpqi9PfZkBRTvbtRNtFJGsatfY4QydjtMbFWq8S,2ho8qEEie1UjVwWNBo9y4oAJZMyMLx8zPj9bxyUz6uWs,951.851689355004,947.2028140000002,946.4499568364539,0.9943250271245403,0.3785799827345816,0.9988869253158168,46054.484958142,21073.616946204,66843.28744188829
BUSDTd9WiT6uBHJRgNvFXBsA7JrifsAtWzKfioN7ERcy,DyBxrn7gSc1EwnpWhDyhzvMHPtxpmBqRqotapLcKcfTM,Cds99GeBgoCpqBsoRWu1C6fF9LiUMd4pXQQD24s9LPff,55581.71883752998,55460.77705223003,55867.719099854716,1.0051455814664663,5.586771909985472,0.9952169871597103,1880.6823801,3666.87500008,5539.695874370233
iLiUBQ7Z7im6Ew3b4ewwPcehzWgEQRJ1iQz7g6D62NW,GpugBvKWM3TVhYcZjemSdtehBWgfvuGr6uAm9iPjXT6v,92fMXJ3xy8tEyMUWLHKRLyhPw2nECBo77GtDiBBbYrjX,164.62730523799996,167.9047115819999,160.82830553038949,0.9769236354678934,0.0643313222121558,0.997410746636999,1865.493847277,1098.053084887,2917.654978469037
SEQV6QiTpvTzrceiaYg9Avnwf7oc8ZALpnQMz6TyT4A,3dFMPj4r9mMmPHF32mz1gNDX7f8ftidWof7S8YiYTs1j,Fc1ED3YPeQfXQosHbd8DTaBd2AV5gHQtwiSAL5C5pUhi,358.6997132900001,360.6263129789995,350.90548247425926,0.9782708752559293,0.1403621929897037,0.9896531760444551,4905.289449298,713.816565892,5505.132634496594
SAMyS8Jr2HJrkFwYVKbpUwsNStnQmvz3f8Tup8bWUWF,6jPzm5TFfquvgm25sTyN3MMGBfufRaFHMxobDWv6hMFW,Cj9ECoDmxsHTDzCY5ZA6RWrPbg9uFzEC1Qc2kso2vJG6,2101.3236244899763,93.63637762001053,1974.0170908803054,0.9394160270574362,0.7896068363521223,0.02493526804415737,531.44545918,106758.97439576,3161.3120245381997
RajgMbScQbqqrdJfR2rxfHJiTiY5b6bJ2tTXiF4aPxy,725ZA3fhyBAKb5iopNRrcbSuQa3LXA1656Q3mBvYPxeg,GLA6i1dSZpUfk2f9Nj8uiG7xyDdAR2reff8oEiZH3617,39515.549058249984,39506.779977169994,37684.81508852707,0.9536705420181757,15.073926035410832,0.9533190637358143,91983.56128702,89835.72119327,173364.11836735427
ercAoEmXjQzEvAFbdjAo81KtMxRGn9AW1ju882upmPH,CMRhskR2Eg6V42RTSdRTXGdozyPbWB8U9dVpijPWb9T4,7TKLLgrWswt6ZJ1pXhVR3FyufHGjJFqiEXxvWJfDcgRm,1.6641081880001138,1.6338498019999292,307.0798124942198,184.53115891657328,0.12283192499768791,179.24163223883016,338.314470465,920.356296259,227395.72609590075
ALLwa5WNZbvQsRKAqe1jdRGemdYQnW8E5k4msbRFcYtu,CGoM82Hbz7QVqTgvQatYtjvDWBvoUJp5qm21P8iMs9yb,3dxNNww8TivyN5FMy5dCNdi3Zcxv6e4kUfSPxfFwpdNq,6.393224180999996,6.373660827,20823.95266975664,3257.1910635705976,8.329581067902657,3241.8273532424755,5.202944468,3.421343045,28038.38769353058
ZUCKWFa4LTL833dPhhpeeRWZcaAEoMeYJPi2iKn4F8N,7eEYpq6ShaJ9opZWMxitRFrdCHh6vfyHhGfoSvFht3N2,H8VggnHmuwd1wvwpT8eg9cUJFEfZ7HAaeYjgXrSm7A2u,71.73168932699969,71.52849857099977,71.89294001516201,1.0022479700349345,0.028757176006064807,0.9988835478585585,1647.927284107,2199.412384775,3848.588621369529
KysFMBBoavfov2tLpvefWW6tPFt6rAeZWDJVy1mMQae,B8ka2V21TH3x64dFV8ETcjuQcwmrciJ2qzy1mJUttRew,7fSf7EYxBANyxzk2s5pymFgshA91tFYQNKKs5UnLWcYS,51.79130499999155,38.152559999999994,0.0,0.0,0.0,0.024671724205650666,134587.276484,2548.435165,62.874289546861846
4vezWG46exH6pf9nry3n1VJ7hZHvjBJNgNeF4qEFCML5,,,0.1934819999999995,0.1934950000000022,0.0,0.0,0.0,0.024671724205650666,134587.276484,2548.435165,62.874289546861846
YAkoNb6HKmSxQN9L8hiBE5tPJRsniSSMzND1boHmZxe,CfWX7o2TswwbxusJ4hCaPobu2jLCb1hfXuXJQjVq3jQF,EnTrdMMpdhugeH6Ban6gYZWXughWxKtVGfCwFn78ZmY3,11664437.782365995,11667166.902833968,11664437.782365995,1.0,1166.4437782365994,0.9959772478957492,1016370.972656,345618.532675,1360599.1676514137
MATgk4zXLXtYkwBH678J1xZbRDZ45LicNzkRBHkxTuY,y8dALFo1bJrSzPYjMX14HJX448pXqYmrfXHD1K8MXih,GN7Yuet3UyiWS5YVkEHv6oQKi4HGBJc3XDPt9zQhAqZz,50280.16714100001,49708.407121000004,50567.74591200157,1.0057195269497634,20.22709836480063,1.0,3447.436297,9746.589524,13213.743525808284
B2izdXFYb2sNwbWWHmh75T4aQFtfXsUxem9u2p61HGzf,4DYwgJtxwuJdAjkj5RJSNH4e7U329V5cNp7d3a1nLrZv,EXNW64GEf1ACC6xY9BtKRiunrs6GoJSXBdxWN2eTPmrF,7547.632137000026,7403.586701000002,7629.288410861476,1.0108187935473372,0.7629288410861477,1.0,7947.856458,31871.473283,39905.315959162974
DFWzVTzNBrQZLjoQ4yQwkj9HuoXmfkuZP9V5vbymZe23,DhgiEgiNdqZdRdo195UUHnoEJUtefK8buko8nU97XJUZ,2K2kkXsouBHtWVjtcgkyiXd8eP3oVBvq1bTJzcVdLLr2,280.64555433799524,284.0007592159973,237.8484901067866,0.8475049272305022,0.09513939604271465,0.9988835478585585,61057.790929344,7811.621328496,59549.67868556458
HDSBGqAuMRr6X2AfmmbXQPpRgU6VEhtfNVVZ3wUTZXg,DCZ1d8kNLgDcdSd99y4udLgwq46mfDXNS9KXj96kQf5L,Fq8GGYQM5Pz3q7LmVMbrXHJgsxA5ev86kTq8yGgGuYsa,27.860608949999005,28.0303409499993,27.55433553923353,0.9890069376690532,0.011021734215693413,0.9988835478585585,11126.733211817,10427.272594364,21420.047383626308
daob129AwBGn9Y5r91uLoWZeYiGzbPmksauMhFZKTze,6VW5GQNyj4LStgmxEHLr5zUfW92vQnmbw8jTnCH7a38F,4VPCCUifPeBA1c7HWK358CHn2nyjm8pdTRk6Ps3KmnMQ,23.8734697470002,21.421065379999973,4859.081619892718,203.5347886749173,1.9436326479570871,184.85214324044696,48.875918221,223.053848203,51179.93158475765
SERgf3DMJpQxUifu7VoFKmfne73d2fDJxSrxUMrcNJB,AJfM2GZ2tTB8UtN2krcyR9xufRJEx2mhSCbJyMgPo3GU,F4yRYkufQvERZcEKnKjJwRLU1btiMBUuEwq46hfm11QD,0.0002948389999950507,5.995300000094517e-05,0.053772367612644076,182.37874776927993,2.150894704505763e-05,184.84804289361864,29.276090844,27.967168958,10509.013234869864
ionytDfEj1mXodptgrsKEZro7DGsfpzANUfarJdm6Qb,3gkSjY95an9xNFSjCfsay6JZez7uv7yfW3Ad4ubc4fMK,9wXqANaSuEqkKL9yHzCPEDGHwbkStVAqV5rB3QDs3Jr6,0.005037082999999998,0.020545703999999887,4.027855476177909,799.640481639455,0.0016111421904711635,3257.1910635705976,3.176817521,0.077921603,2794.117441523795
C98Sspw7XqnMsgxea3SLQVdbMDL8pKUc3RE82UvX9eq2,CSqgQJurPCzGxb4Cgwx5R61hWQUiaoUHcShNc8r1cKEL,6S2CR5EnukPhC914XkAns8m5GixjMAoUuZMsS5ubHuWc,95.94665300000031,95.66114199999981,0.0,0.0,0.0,1.0,896.445012,1204.029586,1204.029586
SoNcU2iwHMw6dGzsYNQkYFkUjwN1UdAjrWVRnStrZu2,8ivTTid27jZnYNc4w3CTA1Z6QS2twsFb8WMwUabeDJgc,CyXm53PMvHCbeXJBykU46Rcbo28xk5srhMZFg7gv6EYB,32.34613359200001,32.07231168200001,7030.97642308975,217.36682695296489,2.8123905692359,207.5866269373541,16.231397568,19.286703499,7531.829110466506
SoN9GaFpSXfpyR5dth3x7PHPVhvJMpQqqDJfCSmPv1t,9kZ9iS68ViMPtoeqtnhAKuF2iqVyfHPdZHoUNdwCELr,BBhm5fJLjw3HRzjtKB8uMEYjGhY6EDm9co3cqpjrSzB9,5.672217806999995,5.572880811000001,1230.9145172242195,217.00762543095001,0.49236580688968784,213.91843161851327,3.894063806,5.717613884,2068.144534482184
7oAd7xG4m3oC2qeWB1szghTebAZyyGPAFDJ4wwwbRSNi,D9yh4KAysxt9GLacVe4Wwh2XqghhcjTCSTV9HuM7TBJd,HDYfJLpZKaMFb84jM4mRytn7XLR8UFZUnQpSfhJJaNEy,4.794325694000008,200.0,4.788973058812174,0.9988835478585585,0.0019155892235248697,0.023884934370136116,987.12977212,300259.904035883,8157.7157908524705
SAMGk1Nd4haC8zQA63DG37pzuEZy8j4q13tSFtCbcRE,9U9TnkHD3jXMAVZtynCVLgDruuqN4pTvLJTmVHCLWS8g,C6zoEbvqSknmi96QWq96UBiPCyNW3YSTvKhavR2BfifE,0.28524704999999995,1.048566000000001,0.19894465828939994,0.6974468562931676,7.957786331575999e-05,0.0,55.43302965,0.52276749,38.66159226419845
ALBpShJ9NLpE739pcHDF2LNVk5J4VYPvvKuV6jMPitZi,D6d156U1bPiJpDYRLextvDRccgFk7QzkQbJg42ceKEu5,GNcM8U5g8RwTZffwwm3kSQqUNPSwv5d2fbN9sLxPJqt2,2478.9508070000084,2483.4285559999917,2464.2833922493405,0.9940832166942359,0.9857133568997362,0.997793877736325,56580.429072,43712.341133,99861.56129786297
WiiQFxXqp8P9Fs1rt9SVcDyA3KUdJmUsog6wnVQAwba,3S2jpqSYxho6wiz3cafhjXruVY8cg4HYa2v3BqBHYFSj,Dfe67M6TfrG74gKRtdqys4e6E9QirPD53BkF4FujFjuv,26869.957109185994,26842.151396484005,26867.04794523448,0.9998917317232889,2.6867047945234486,0.9988835478585585,8614.048945841,18148.260255284,26741.114908864678
BSC8REUo9LpiiWUuqMuLXs2D2yJsJfGd4HdiF3wCLxk5,AZjEH1zWVx1UJ6udMyRijGTzPteuLnaY18yNNmprJEsh,Caf8ypkSVR8xYnXNhjvfvdGCC7mrM3C11rz8Xi6NA6aK,210.25537131500005,210.6690123960002,209.67505826907998,0.9972399608994975,0.08387002330763199,0.9988835478585585,3635.315266173,2697.524156467,6319.794153741632
MARpDPs5A7XiyCWPNH8GsMWPLxmwNn9SBmKvPa9LzgA,6YjT74rmcfCpw8LSjPNx5JTmZoYLGrTKnf9arfSgZ4SR,F8GSmi3vA8M8TsybLya1LQ4n1aFHCRbZ6k437PeTdXtg,144532.14416200016,147454.35566899896,139499.69274618165,0.9651810921024057,55.799877098472656,1.0,313157.88025,23880.097084,326134.1619441694
MATSnbbiTCv7Dc3trJrkrqjx7ckKdr6fwPoVwv9q3sD,631WX9JizSHJm4w6VanZeJAst9T8DeUUnPLesdGkCVtK,211maUSfpnXbPuW1iBu8b4dtJv5EbN1j7JJiEX5TZKEP,50809.102623999985,50689.290492999986,50773.51039321434,0.9992994910567692,20.309404157285737,0.9977411141176377,17675.264394,34406.01903,51991.18247256288
