0,1,2,3,4,5,6,7,8,9,10,11
wrmcMSHFi3sWpAEy4rGDvQb3ezh3PhXoV2xNjgLBkKU,8p4mGnARWPBu6P2Gcw4adodLkNDorrXniZMhaY7eJXUn,AyY89zccbsgp9LKFgH4CFZMJmpSgqmPSdTfukhP227rc,0.0034300300000000006,0.03859364999999926,1.068212394892557,311.4294612270321,0.00042728495795702284,3506.803198204517,27.15332176,0.08894357,8768.251961976775
SAMyS8Jr2HJrkFwYVKbpUwsNStnQmvz3f8Tup8bWUWF,6jPzm5TFfquvgm25sTyN3MMGBfufRaFHMxobDWv6hMFW,Cj9ECoDmxsHTDzCY5ZA6RWrPbg9uFzEC1Qc2kso2vJG6,1333.390397749995,66.94014914999559,1336.754326645455,1.002522838698356,0.534701730658182,0.025172710596721874,528.08698958,106895.47543739,3220.268135157821
ALLwa5WNZbvQsRKAqe1jdRGemdYQnW8E5k4msbRFcYtu,CGoM82Hbz7QVqTgvQatYtjvDWBvoUJp5qm21P8iMs9yb,3dxNNww8TivyN5FMy5dCNdi3Zcxv6e4kUfSPxfFwpdNq,8.108325660999999,8.108841067,28337.90815713137,3494.9148988222137,11.335163262852548,3519.0203047471587,3.757175921,4.859415071,30231.39040784233
MARpDPs5A7XiyCWPNH8GsMWPLxmwNn9SBmKvPa9LzgA,6YjT74rmcfCpw8LSjPNx5JTmZoYLGrTKnf9arfSgZ4SR,F8GSmi3vA8M8TsybLya1LQ4n1aFHCRbZ6k437PeTdXtg,156782.24737100038,165221.0437849989,148649.6263152908,0.9481279214191578,59.45985052611633,1.0,318841.83337,16180.876723,318483.7214575716
MATgk4zXLXtYkwBH678J1xZbRDZ45LicNzkRBHkxTuY,y8dALFo1bJrSzPYjMX14HJX448pXqYmrfXHD1K8MXih,GN7Yuet3UyiWS5YVkEHv6oQKi4HGBJc3XDPt9zQhAqZz,40130.08229899998,40143.262378000014,40125.54811206331,0.9998870127675572,16.050219244825325,1.0,7947.485427,6819.568935,14766.156397616724
RajgMbScQbqqrdJfR2rxfHJiTiY5b6bJ2tTXiF4aPxy,725ZA3fhyBAKb5iopNRrcbSuQa3LXA1656Q3mBvYPxeg,GLA6i1dSZpUfk2f9Nj8uiG7xyDdAR2reff8oEiZH3617,3784.682400509977,3786.264201299986,3777.7329208061915,0.9981637878774586,1.5110931683224766,1.0,105007.14167625,76837.96382789,181652.29011764063
Lid8SLUxQ9RmF7XMqUA8c24RitTwzja8VSKngJxRcUa,4PgzyzLtds9bKZ2to9PMnKqJzKEUpjvNUaeN23phegax,AtymwxoVN9peZo7EXTcDz9jKVc4vRmisJKKrNfe3ewBa,105.66264451400639,89.84563953099916,21197.171797916202,200.6117857016758,2.1197171797916203,171.4109210011632,989.86125285,7673.113517677,1513833.2885426264
WiiQFxXqp8P9Fs1rt9SVcDyA3KUdJmUsog6wnVQAwba,3S2jpqSYxho6wiz3cafhjXruVY8cg4HYa2v3BqBHYFSj,Dfe67M6TfrG74gKRtdqys4e6E9QirPD53BkF4FujFjuv,12999.338639089001,13009.537793886995,12976.145116236676,0.9982157920878696,1.2976145116236677,1.0,20260.118693607,6519.600449778,26743.570879311166
FrnkTEL6yZ5Aycq2TrEgu29dCrwKG4LPUZydfiwqspkc,DjvZuMZ46fxKBoBpGMPcRcos4xdTtHFxwMh69DpA2ZFY,9rvDPJLAng4uVVqnnSoEXgNDFhBZQTny9AoQioYDZbQX,2344.9116418050094,1965.808185426001,477179.70304364816,203.49581388761254,190.87188121745928,171.5930752584921,179.767013534,1463.791236137,287758.2744744242
daob129AwBGn9Y5r91uLoWZeYiGzbPmksauMhFZKTze,6VW5GQNyj4LStgmxEHLr5zUfW92vQnmbw8jTnCH7a38F,4VPCCUifPeBA1c7HWK358CHn2nyjm8pdTRk6Ps3KmnMQ,11.045054400999838,9.906781647999999,2100.3117651678253,190.15857133104726,0.8401247060671301,171.17592554395003,48.50379998,223.496186584,47480.57990238322
BUSD5rCfUDpCxKGMvYU2yThChxgHoioK74PTPociGnv2,CcFHbafgYDZ8yA8Me1PdtDiVb2eeaS61LbqyKKK5CsNZ,26R9s4nmF3CFDTkiePDwRmtscn8i7r2eygbSijditJ58,772.3556685500001,773.6557081999999,771.9958104229297,0.999534077185261,0.07719958104229298,1.0,77.08785874,69.83197625,146.88391799787365
HEDSDjj84KS7LKhZY7ejkCACTdPen62rKhCby1wXtgxc,EnnjMSFttpCTywBrYNt1J5QQeoSVkvzPipJDa8Y7kJow,6bjVT6JN2rSvpyn9PdfLYC8wJn4LWh49jpY47fnLDXZk,17.04632492699966,17.601170395995723,16.4898371330138,0.9673543830491909,0.0065959348532055205,1.0,39108.145152408,9113.511639216,46944.94726532184
parEAJhzYzHW87y9VoZAQ22dzQ2MD2ekEtTReaxbMcz,3oyc6hpjYSJEquK6dSvG72NXyz3pqLZz5D8AC71pwgQb,Di2vordgFJVZ1aj1aBpvzXtLfZgJsuLLXawGtVFwX6Rz,10.448943071000059,12.306172268999262,1745.7390587894167,167.07326730820571,0.6982956235157668,191.83824199435037,1102.874251226,143.519318954,211793.29842278053
Lee1XZJfJ9Hm2K1qTyeCz1LXNc1YBZaKZszvNY4KCDw,9DgFSWkPDGijNKcLGbr3p5xoJbHsPgXUTr6QvGBJ5vGN,2hNHZg7XBhuhHVZ3JDEi4buq2fPQwuWBdQ9xkH7t1GQX,1855.4233286677936,1572.3530694450155,375364.49665147957,202.3066600768644,37.53644966514796,171.63813668952255,7188.767519694,56403.561382802,11135337.725375583
BSC8REUo9LpiiWUuqMuLXs2D2yJsJfGd4HdiF3wCLxk5,AZjEH1zWVx1UJ6udMyRijGTzPteuLnaY18yNNmprJEsh,Caf8ypkSVR8xYnXNhjvfvdGCC7mrM3C11rz8Xi6NA6aK,5714.3534655250005,5704.175267058999,5728.624735767865,1.0024974426816549,2.291449894307146,1.0,2682.363415045,3663.607218695,6352.6696826204425
KwnjUuZhTMTSGAaavkLEmSyfobY16JNH4poL9oeeEvE,J63v6qEZmQpDqCD8bd4PXu2Pq5ZbyXrFcSa3Xt1HdAPQ,BnKQtTdLw9qPCDgZkWX3sURkBAoKCUYL1yahh6Mw7mRK,213.8527479999958,7258.158240000159,5.351961674590542,0.025026387197000836,0.0005351961674590542,1.0,274654.576946,640.18383,7513.795618079055
NorjjEePhxfwLF4vZjUHCrVVKLzQjEEGQFd3wgjEJmh,34M8pFVqgbV7aqHxvRT5tCv3vu2P1JJYT8J3VaxBK2oG,3AZWBSze3ucsY3xSeuLne3b2pauVqiaJ1SZSV5T9WGWw,0.012388999999984662,0.001370999999835476,0.007361543969306397,0.5942000136666002,2.944617587722559e-06,1.0,38110.243979,2266.626965,24911.73445815927
BkMBnJpvHKtWhUvrgRrLesXfi9RUV3ELgdBaJcdH7hcY,5uerVwBnZQsuVhZ15igs7ZgmcqhHnYWbwoRtLyRqLvR,9YWiQh5d4jCtgMdzcGLv9bWgnLaFtzvDDh2nnhJdzhBX,15.543830480000224,15.537117800000033,15.601447812481751,1.0037067653662115,0.006240579124992701,0.9964462759941869,1114.150430735,1759.272135741,2871.3004930838574
C98Sspw7XqnMsgxea3SLQVdbMDL8pKUc3RE82UvX9eq2,CSqgQJurPCzGxb4Cgwx5R61hWQUiaoUHcShNc8r1cKEL,6S2CR5EnukPhC914XkAns8m5GixjMAoUuZMsS5ubHuWc,165.34102299999995,163.14880899999946,0.0,0.0,0.0,1.0,832.328126,2237.165706,2237.165706
ZUCKWFa4LTL833dPhhpeeRWZcaAEoMeYJPi2iKn4F8N,7eEYpq6ShaJ9opZWMxitRFrdCHh6vfyHhGfoSvFht3N2,H8VggnHmuwd1wvwpT8eg9cUJFEfZ7HAaeYjgXrSm7A2u,32.67395478499975,32.681783157000154,32.72738505565823,1.001635255695555,0.013090954022263292,0.9990284717849578,1805.111925129,2042.025132394,3848.1049920477353
BUSDTd9WiT6uBHJRgNvFXBsA7JrifsAtWzKfioN7ERcy,DyBxrn7gSc1EwnpWhDyhzvMHPtxpmBqRqotapLcKcfTM,Cds99GeBgoCpqBsoRWu1C6fF9LiUMd4pXQQD24s9LPff,15085.74496618,15051.398972989997,15040.730766327919,0.9970161102449367,1.5040730766327919,0.9975957941361319,360.57879255,284.774419,643.5926278569775
BSCNHw8CmxbZ8hCWWzMf5FaG2ajPT6JxfznKUNuRVrn4,7n9kgNL633yGzCYksgnzHyjG73ZLBAwvEae5sbAekbzW,SscdxE99omdG9AiMVwmaEMQySQnCgeAh1sPj2Leutm2,1596.0650515360003,1592.8635550610006,1599.7194378220054,1.0022896223950823,0.6398877751288021,0.9988585264508596,5043.033839521,6645.872889463,11692.867284087853
HDSBGqAuMRr6X2AfmmbXQPpRgU6VEhtfNVVZ3wUTZXg,DCZ1d8kNLgDcdSd99y4udLgwq46mfDXNS9KXj96kQf5L,Fq8GGYQM5Pz3q7LmVMbrXHJgsxA5ev86kTq8yGgGuYsa,16.123170293998555,16.15714512800332,16.058546735473964,0.9959918826542045,0.006423418694189586,1.0,72990.475420718,71618.586318861,144316.50734896737
KEVpg4SYCVrqFxKijQH6hm4QxsRdoE51ud64bEEFUC9,2bPenuBYfqzD8p5dFjCcggwkHDsc2RQDnx9AoyYGUBjA,AE6n6iLuX8oYu61vt5hoDYkjswpnxFxrhSehxrnQTnbx,86.73038476300007,86.94147527199948,86.52683781834048,0.997653106864269,0.034610735127336194,1.0,5873.181147294,1755.175709057,7614.573127831511
heyk4SZTeCUV6a65WiVA5bzic3KcxgVf1qxobfeV4tQ,9ZDpBKPqMABtGfq66FbVribaArMvtk63xxy91onZAtDt,DaTP4s6N7xxSPinbNZ3FB52EpRDRt87QShTuN3VPCW52,80.28939853399936,69.68259519100081,15732.386078272071,195.9459949324447,6.2929544313088295,171.79630387124075,633.58585441,4463.404809132,890945.0595074889
moFiBS1R4Lf3E3zzmBPnw3NF4RhWPkhREFviuzUaCAU,44ALBrpqi9PfZkBRTvbtRNtFJGsatfY4QydjtMbFWq8S,2ho8qEEie1UjVwWNBo9y4oAJZMyMLx8zPj9bxyUz6uWs,1597.0911721569973,1598.817480359001,1595.783697104665,0.9991813397537183,0.638313478841866,1.0,37552.072659601,29558.475761355,67079.8060319041
KEN5P7p3asnb23Sw6yAmJRGvijfAzso3RqfyLAQhznt,9zj4aX38Uxf3h6AUjS4EipWS8mwbEofasHAf3a1uKGds,CwQDG1MWunn9cLNwcZLd8YBacweSR7ARo32w4mLua1Yr,1163139.0970049992,1165244.0248500016,1158900.996062399,0.9963563249197683,115.89009960623989,1.0,1575381.228035,676634.953524,2246276.004236544
ALBpShJ9NLpE739pcHDF2LNVk5J4VYPvvKuV6jMPitZi,D6d156U1bPiJpDYRLextvDRccgFk7QzkQbJg42ceKEu5,GNcM8U5g8RwTZffwwm3kSQqUNPSwv5d2fbN9sLxPJqt2,6561.657971999994,6543.335838000006,6564.493833335994,1.0004321867046564,2.625797533334398,0.9985112197713211,40571.834677,59749.505469,100249.92087111532
iLiUBQ7Z7im6Ew3b4ewwPcehzWgEQRJ1iQz7g6D62NW,GpugBvKWM3TVhYcZjemSdtehBWgfvuGr6uAm9iPjXT6v,92fMXJ3xy8tEyMUWLHKRLyhPw2nECBo77GtDiBBbYrjX,0.001352010000118753,0.001352010000118753,0.0013222728700242649,0.9780052439760978,5.28909148009706e-07,1.0,1865.637227489,1097.91461127,2922.51760311127
SEQV6QiTpvTzrceiaYg9Avnwf7oc8ZALpnQMz6TyT4A,3dFMPj4r9mMmPHF32mz1gNDX7f8ftidWof7S8YiYTs1j,Fc1ED3YPeQfXQosHbd8DTaBd2AV5gHQtwiSAL5C5pUhi,1962.1400777960012,1954.6663555960006,1958.8456226682008,0.9983209888197683,0.7835382490672804,0.9955875559520206,1235.500540928,4386.061883265,5600.134752320718
7dwD9TF6uikvHXxPFK9AsSim54yJoujQjY9vU6gNFumk,CquVr6atkvwueDYficKjn6SSEWq4F4rH4VSiBbW4GBWU,8BCa6ge3b7ho3TfZuM64Vk1hgbrJ3J7EPiAb9uP86CGd,4.0894000000000087e-05,4.103399999999969e-05,0.00826682515424239,202.15252003331474,3.306730061696956e-06,201.87183641598358,0.003920913,0.003587076,1.5167520632650848
Cob4usZcpHEY7Qt4ZCwj6WVg9S44zvzYV2v9qYF65dTf,NhFM9UXE48PyNAyeyPYA3iXztqKVJwA4bTdLj4ysM8w,6TuFuynuBoeskxyR2cz4wxyidk8dpDK7kAWw3UkjQGx,16.996542999999917,872.9146390000024,0.33496842339601873,0.01970803259204065,0.00013398736935840748,1.0,62005.299115,307.467615,1529.4700708376492
BSCuChvaSj9b5HUSqgDVRzcnr2sSn7cXaamt1jbKH6hn,GnKpRj5kBVPMJfiwZtEuD9GYApLzPdW5JFuZTcyX4BTc,3dmwD9okkomV9nDwyuh4UMhKdUR13QpuKxRo89ycZB5t,2931.036568189,2923.5245731080004,2942.120636981628,1.0037816207798038,1.1768482547926513,0.9977351412294092,1139.435612131,1968.623187657,3107.9090596835294
AUSejoEUCh2DBs9mof6BNC8Pubs22w4cJa1ccV9h44R,4xkyD7AfGQDwsQMy9MosRRNGoVJ1zosNinesxg1TzHG7,Cbm5gsQe3nSiCsFrvepVzMCD9xLK3ri9g3ypS2hdmVJ7,659.157986999995,659.6297310000027,658.4067449040595,0.9988603003972467,0.06584067449040595,1.0,14892.768847,13980.263186,28856.058750261178
ercAoEmXjQzEvAFbdjAo81KtMxRGn9AW1ju882upmPH,CMRhskR2Eg6V42RTSdRTXGdozyPbWB8U9dVpijPWb9T4,7TKLLgrWswt6ZJ1pXhVR3FyufHGjJFqiEXxvWJfDcgRm,2.03787152100017,2.0373496949998753,350.24139839345764,171.8662804716767,0.14009655935738305,170.74423827836534,930.468916406,923.07008355,317525.1300505025
SoN9GaFpSXfpyR5dth3x7PHPVhvJMpQqqDJfCSmPv1t,9kZ9iS68ViMPtoeqtnhAKuF2iqVyfHPdZHoUNdwCELr,BBhm5fJLjw3HRzjtKB8uMEYjGhY6EDm9co3cqpjrSzB9,6.533540833000004,6.375502638999999,1295.529817125912,198.28908248072335,0.5182119268503648,199.20921908392444,3.64798536,5.985035677,1915.6299533421084
SQDY9uoDoCbNq7F3HAHYYQZbrUzpKxDtdWLvYcqBLak,GiehZ4X2uQjhEKuxSm3ACmEFrabxh3RTvjbLfLjw1xGX,rxDQYV77NKRKYxCjq4cECX3QQsiSyLv1T1FT2X3zNA2,0.0013680970000109482,0.0013680970000109482,0.0013711394831113007,1.002223879666667,5.484557932445203e-07,1.0,168.73007208,237.826936969,406.932244425454
JSoLLrxK5bYdHwTEWYaGgmeycBCNXKDiBCTw5hXGBg7,xG4wXczA7Dk4hccJ61CHKpDHW4NrNfQwgmWgkb9BuF2,BVR6WgfhsRr9Lob4QDnkEAiNGgAbv7ZieKcY9kSg3QYR,13.245410328999906,11.412311098000036,2646.0972680815853,199.77465419007362,1.0584389072326343,171.76623439976117,17.446824913,163.406736956,31553.19329619375
BSCc2UgHMGZcr4gdTBZcDvf7HcjVdfBDrW7gMnaqSDkx,3aQn9HbPXwxCLEd71x81K1whfHvMe18bEwPtqPArA68d,5KMjfTVueu78hnEaUNKPTQmKkEnUrwTGD9r8YFKXXxy7,2.018999999999979e-05,0.00042739000000002747,0.0,0.0,0.0,2035.54053778981,0.003602914,0.70614043,1437.3774706373279
GokA1R67GqSavkd15zR62QD68Tuc5AEfvjssntVDEbM8,3YB7hfpBdbQEuZqLGWVDpRPmeZWCUsrrWyqGXegnQ6Cg,4DPCj6Z1DsG6HUtwSogBGqXEUxdEV5a8YVrrFtcnz7UW,133727.1844690001,133660.9375510001,133746.71148887748,1.0001460213191127,13.374671148887748,1.0,42617.306978,47925.621956,90549.15196938196
vEnkoSUkpnbRrPgBz9DfcVxNz67zjwMYBZraAvDDNSf,DtfyjjsZ5yCjWKLKHvwsfXs5QVsmm1QkK6Sh9JZHoq1g,e5wrKCRv4GhHvEf1VD5Pq2KGaZDXP77nTL612Jyrxwy,2938.337543999999,2938.211918,2931.521755917491,0.9976803930860749,0.2931521755917491,0.9989002108678345,1054.206818,887.290852,1938.0764917401607
Sid7E679i9ABqptiAVhkmQ27YHN8vaYT4fppPwmxFsJ,GP7KB8o1bv527HG8kTzzzf4wJ5aEGHvcMQvVhLziUfmT,9gYxhAZ1M9wu5pxr8SBoa5NDm21gi3s9vMHaYTME77sa,700.2748280000123,853.6363540000166,13.794091622377675,0.01969811147114006,0.005517636648951069,0.025100377035273486,107349.093008,24763.627369,2736.150784120284
DA1mL7dfBow33EH5yjUuZE6SH2KeUK5zEXzsyhE5r5j5,B4UtLRZND3D83CitRCBUyeiNr7H8m7YFRqBmiPmXjhW4,AAmpYbuixWiSqDaJBCqYEs1pb5SrbdPr9mgXrB58Q2e,16.57020328499999,19.738104999999905,20.065202881130638,1.210920743458498,0.008026081152452255,1.0,167.668401624,2970.503897538,3173.537043087032
YAkoNb6HKmSxQN9L8hiBE5tPJRsniSSMzND1boHmZxe,CfWX7o2TswwbxusJ4hCaPobu2jLCb1hfXuXJQjVq3jQF,EnTrdMMpdhugeH6Ban6gYZWXughWxKtVGfCwFn78ZmY3,8135644.199737007,8134009.83211002,8135644.199737007,1.0,813.5644199737008,0.9988293719760442,535694.48656,844813.300304,1379518.8247396536
KZMu9QBEdL97EFgamLbN5DE1AoKBG4HdrKKJo4Vuon3,DD4ACBWyVqdaKWh7v5btsgqQCCMwbKnuL2xd9pv7Gyuw,GcYqiJ1MAuYbNTNYXm1F1gQYTfTgkErACAhNU5dpVj9T,34.015181520000624,33.94580473000133,34.10052251065145,1.0025089088706067,0.01364020900426058,1.0,2314.83699819,2574.95075548,4895.595468748768
ACUSESXyNnwRLAg1dpSGMLSzUDdLjUMybY8rkXiAKhCP,AhFPQdu8GKBsxuhiH46UmCu1YpaLgNpoP325HnYtsgas,A8wxWpT3aFEr2XqZp1kDmbxbFfcBE95UUmdsNTDBJYbT,0.0,0.0027924860000894114,0.0,0.9990280955172761,0.0,0.9878767049617103,1044.479259547,1841.390280505,2862.530688326333
B2izdXFYb2sNwbWWHmh75T4aQFtfXsUxem9u2p61HGzf,4DYwgJtxwuJdAjkj5RJSNH4e7U329V5cNp7d3a1nLrZv,EXNW64GEf1ACC6xY9BtKRiunrs6GoJSXBdxWN2eTPmrF,8649.607871000007,8526.831106999996,8712.0207879247,1.007215693226273,0.87120207879247,1.0,9108.242009,30695.583238,39869.5475271676
STK75uPSyBnEhGTTzb1nwmP3n427XoXmfRhXxxhyady,6TYyD5fUmDe6N65avW1Ny2RxzRNobw2RRgKwH9CTzSAU,54zDfk4cx2vGrEajPtodWpArNe5eUurytyxd4X3aZAxK,1360.7406932390022,1525.1016390610116,233597.01578118966,171.66901595715004,23.35970157811897,191.7958923457328,4826.751336598,875.026687461,996430.1765715505
BkwbeSfcX1h4thMDd7obGkHrPevf3QwgzJ4pCEqG18Lu,35yX27bmurdebhfAb8EPmjLETDiUaEUCn9zHaDPbakH2,2CxECn1ZJFoESyUnQysQU8rRgT3iJ5GRs2Mdd6gZjx5g,0.016581209999998237,0.01036529999999991,33.221554366769325,2003.5663480996175,0.01328862174670773,1248.4394506866417,0.84736611,22.72197826,30064.768279944296
DFWzVTzNBrQZLjoQ4yQwkj9HuoXmfkuZP9V5vbymZe23,DhgiEgiNdqZdRdo195UUHnoEJUtefK8buko8nU97XJUZ,2K2kkXsouBHtWVjtcgkyiXd8eP3oVBvq1bTJzcVdLLr2,1288.5535447929979,1597.6486934529967,1019.6693545176072,0.7913286635530647,0.4078677418070429,0.9990280955172761,62739.522717177,6433.435196612,56074.765175845925
SERgf3DMJpQxUifu7VoFKmfne73d2fDJxSrxUMrcNJB,AJfM2GZ2tTB8UtN2krcyR9xufRJEx2mhSCbJyMgPo3GU,F4yRYkufQvERZcEKnKjJwRLU1btiMBUuEwq46hfm11QD,6.509099999973955e-05,6.509099999973955e-05,0.011048387425254293,169.73755857643147,4.419354970101717e-06,171.67971432495537,29.284890014,27.959011222,9770.740793556859
SoNcU2iwHMw6dGzsYNQkYFkUjwN1UdAjrWVRnStrZu2,8ivTTid27jZnYNc4w3CTA1Z6QS2twsFb8WMwUabeDJgc,CyXm53PMvHCbeXJBykU46Rcbo28xk5srhMZFg7gv6EYB,29.48885363499998,29.042831786000015,5974.635609037384,202.60657409707366,2.3898542436149537,197.72435090061467,15.423815003,20.180730332,7115.188122859921
C2ypsDADXcCRz8HbV2zX1AXPSja7a1P3xZtRC91xGhJh,J9bYNuDpY1d1T86gLaw7DGk5D3CsUAf2tzUwxMvb6FTv,A2NGvvPrMGzsJ4jb52KEnSBVmsA7C34dV1GC7PerdgvG,1.8700142740000003,1.8715477560000005,321.2160690633326,171.77198780212763,0.12848642762533305,171.77331556510157,2.667044017,2.353161653,862.3338315523265
MATSnbbiTCv7Dc3trJrkrqjx7ckKdr6fwPoVwv9q3sD,631WX9JizSHJm4w6VanZeJAst9T8DeUUnPLesdGkCVtK,211maUSfpnXbPuW1iBu8b4dtJv5EbN1j7JJiEX5TZKEP,32632.959281000007,32569.346735999996,32587.987857756303,0.9986219017755498,13.035195143102522,0.9986518200429421,20758.966355,24723.320404,45420.347379284154
BUSDgu5JdqP1rndBvXvanbEufS94FNh1w5FJcAj6vawb,Bgzr8cWubt89JQFXndVjtdKmDbGzuPxNhvjH1EhWCwbo,Dxaf8xPBBQsasRKW5Aa4Sw2YrbfGofY9xZueyyF23FBW,8394.815717239995,8347.57363409,8438.648928917428,1.0052214620491806,3.3754595715669713,1.0,5028.4703739,9953.81840787,15008.544748992746
