0,1,2,3,4,5,6,7,8,9,10,11
Lee1XZJfJ9Hm2K1qTyeCz1LXNc1YBZaKZszvNY4KCDw,9DgFSWkPDGijNKcLGbr3p5xoJbHsPgXUTr6QvGBJ5vGN,2hNHZg7XBhuhHVZ3JDEi4buq2fPQwuWBdQ9xkH7t1GQX,842.3478698940798,715.9599998030126,179606.69794784512,213.22152565118918,17.96066979478451,180.90353355254015,7228.777122211,56358.007082714,11736693.51183229
vEnkoSUkpnbRrPgBz9DfcVxNz67zjwMYBZraAvDDNSf,DtfyjjsZ5yCjWKLKHvwsfXs5QVsmm1QkK6Sh9JZHoq1g,e5wrKCRv4GhHvEf1VD5Pq2KGaZDXP77nTL612Jyrxwy,3498.655306999998,3497.7998319999997,3487.3249881136167,0.9967615218156209,0.34873249881136165,0.9948872742973858,962.57791,977.317432,1931.7812984835004
KEVpg4SYCVrqFxKijQH6hm4QxsRdoE51ud64bEEFUC9,2bPenuBYfqzD8p5dFjCcggwkHDsc2RQDnx9AoyYGUBjA,AE6n6iLuX8oYu61vt5hoDYkjswpnxFxrhSehxrnQTnbx,290.64376584499973,290.5314970389991,290.1265163963811,0.9982203318653169,0.11605060655855244,1.0,5841.668356321,1785.334294607,7616.606419900869
RajgMbScQbqqrdJfR2rxfHJiTiY5b6bJ2tTXiF4aPxy,725ZA3fhyBAKb5iopNRrcbSuQa3LXA1656Q3mBvYPxeg,GLA6i1dSZpUfk2f9Nj8uiG7xyDdAR2reff8oEiZH3617,4641.488196090009,4647.032937129989,4637.917741495896,0.9992307521977281,1.8551670965983584,0.9999832102818993,120543.00667985,61304.90492113,181754.15486594048
B2izdXFYb2sNwbWWHmh75T4aQFtfXsUxem9u2p61HGzf,4DYwgJtxwuJdAjkj5RJSNH4e7U329V5cNp7d3a1nLrZv,EXNW64GEf1ACC6xY9BtKRiunrs6GoJSXBdxWN2eTPmrF,4609.262553000002,4534.397011999999,4677.379226678116,1.0147782151471885,0.46773792266781156,1.0,8395.471773,31417.5375,39937.07936112354
KysFMBBoavfov2tLpvefWW6tPFt6rAeZWDJVy1mMQae,B8ka2V21TH3x64dFV8ETcjuQcwmrciJ2qzy1mJUttRew,7fSf7EYxBANyxzk2s5pymFgshA91tFYQNKKs5UnLWcYS,20.515875999999935,27.821235999988858,0.0,0.0,0.0,0.02660901097126775,134615.09772,2527.919289,67.26543209548036
ALBpShJ9NLpE739pcHDF2LNVk5J4VYPvvKuV6jMPitZi,D6d156U1bPiJpDYRLextvDRccgFk7QzkQbJg42ceKEu5,GNcM8U5g8RwTZffwwm3kSQqUNPSwv5d2fbN9sLxPJqt2,61.099442999999155,61.20682800000213,60.72736642590762,0.9939103115213089,0.024290946570363046,0.997077565655065,55211.535794,45086.123596,99829.67710050751
HDSBGqAuMRr6X2AfmmbXQPpRgU6VEhtfNVVZ3wUTZXg,DCZ1d8kNLgDcdSd99y4udLgwq46mfDXNS9KXj96kQf5L,Fq8GGYQM5Pz3q7LmVMbrXHJgsxA5ev86kTq8yGgGuYsa,513.4015037460013,515.4695109330005,509.1698637827142,0.9917576401073795,0.2036679455130857,0.9984547654451731,15970.55529771,15084.988864699,30900.599251907362
AUSejoEUCh2DBs9mof6BNC8Pubs22w4cJa1ccV9h44R,4xkyD7AfGQDwsQMy9MosRRNGoVJ1zosNinesxg1TzHG7,Cbm5gsQe3nSiCsFrvepVzMCD9xLK3ri9g3ypS2hdmVJ7,990.5786760000028,990.2244029999983,990.5648080926895,0.9999860001959973,0.09905648080926895,1.0,14398.606154,14473.414747,28871.81932333593
SAMyS8Jr2HJrkFwYVKbpUwsNStnQmvz3f8Tup8bWUWF,6jPzm5TFfquvgm25sTyN3MMGBfufRaFHMxobDWv6hMFW,Cj9ECoDmxsHTDzCY5ZA6RWrPbg9uFzEC1Qc2kso2vJG6,2535.4221035800147,66.24644896000018,2543.753838590318,1.0032861333024348,1.0175015354361272,0.02682253563997484,546.13828959,106199.24754502,3396.466075025966
HEDSDjj84KS7LKhZY7ejkCACTdPen62rKhCby1wXtgxc,EnnjMSFttpCTywBrYNt1J5QQeoSVkvzPipJDa8Y7kJow,6bjVT6JN2rSvpyn9PdfLYC8wJn4LWh49jpY47fnLDXZk,62.79532761300288,64.83461433400225,54.45054051819032,0.8671113375466389,0.02178021620727613,1.0,39100.097603767,9121.274957671,43025.41288907753
SoN9GaFpSXfpyR5dth3x7PHPVhvJMpQqqDJfCSmPv1t,9kZ9iS68ViMPtoeqtnhAKuF2iqVyfHPdZHoUNdwCELr,BBhm5fJLjw3HRzjtKB8uMEYjGhY6EDm9co3cqpjrSzB9,7.217529236000002,7.071105685000001,1547.5819729462116,214.41991051828296,0.6190327891784846,210.17057443821406,3.630121445,5.997311347,2038.8286862912091
MATSnbbiTCv7Dc3trJrkrqjx7ckKdr6fwPoVwv9q3sD,631WX9JizSHJm4w6VanZeJAst9T8DeUUnPLesdGkCVtK,211maUSfpnXbPuW1iBu8b4dtJv5EbN1j7JJiEX5TZKEP,7430.630510000014,7424.081714000007,7426.464263548163,0.9994393145445405,2.970585705419265,0.9994263292869892,20997.660018,30563.817957,51532.1713251895
ALLwa5WNZbvQsRKAqe1jdRGemdYQnW8E5k4msbRFcYtu,CGoM82Hbz7QVqTgvQatYtjvDWBvoUJp5qm21P8iMs9yb,3dxNNww8TivyN5FMy5dCNdi3Zcxv6e4kUfSPxfFwpdNq,1.9122163019999974,1.912554677000002,6445.600505612288,3370.748643273671,2.5782402022449147,3382.6867327643654,4.871814752,3.755738864,29126.150992564966
4vezWG46exH6pf9nry3n1VJ7hZHvjBJNgNeF4qEFCML5,,,0.3024249999999995,0.30197499999999877,0.0,0.0,0.0,3382.6867327643654,4.871814752,3.755738864,12704.488026980309
WiiQFxXqp8P9Fs1rt9SVcDyA3KUdJmUsog6wnVQAwba,3S2jpqSYxho6wiz3cafhjXruVY8cg4HYa2v3BqBHYFSj,Dfe67M6TfrG74gKRtdqys4e6E9QirPD53BkF4FujFjuv,11148.57264149,11166.371896695995,11138.968700649082,0.9991385497363873,1.1138968700649083,1.0,17957.258158299,8808.901179427,26750.69005295177
BUSDgu5JdqP1rndBvXvanbEufS94FNh1w5FJcAj6vawb,Bgzr8cWubt89JQFXndVjtdKmDbGzuPxNhvjH1EhWCwbo,Dxaf8xPBBQsasRKW5Aa4Sw2YrbfGofY9xZueyyF23FBW,10954.948250839998,10888.616868660005,11018.27900472054,1.0057810180778979,4.407311601888216,0.9999832102818993,4875.12524698,10097.82662201,15000.965516512395
BSCuChvaSj9b5HUSqgDVRzcnr2sSn7cXaamt1jbKH6hn,GnKpRj5kBVPMJfiwZtEuD9GYApLzPdW5JFuZTcyX4BTc,3dmwD9okkomV9nDwyuh4UMhKdUR13QpuKxRo89ycZB5t,486.44416859099965,487.60470395900006,485.55100334695504,0.9981638895032257,0.19422040133878202,0.9992495635777532,1802.519976322,1303.154779326,3101.3871949885984
DFWzVTzNBrQZLjoQ4yQwkj9HuoXmfkuZP9V5vbymZe23,DhgiEgiNdqZdRdo195UUHnoEJUtefK8buko8nU97XJUZ,2K2kkXsouBHtWVjtcgkyiXd8eP3oVBvq1bTJzcVdLLr2,4409.461155885998,5189.901555477001,3657.172615355479,0.8293921833223723,1.4628690461421918,0.9995360493501174,61174.800854987,7714.406410075,58448.728951636585
KEN5P7p3asnb23Sw6yAmJRGvijfAzso3RqfyLAQhznt,9zj4aX38Uxf3h6AUjS4EipWS8mwbEofasHAf3a1uKGds,CwQDG1MWunn9cLNwcZLd8YBacweSR7ARo32w4mLua1Yr,255778.48602000088,255822.78063899977,255310.24702695347,0.9981693573985312,25.531024702695348,1.0,1625239.517795,1589935.332259,3212199.617355134
daob129AwBGn9Y5r91uLoWZeYiGzbPmksauMhFZKTze,6VW5GQNyj4LStgmxEHLr5zUfW92vQnmbw8jTnCH7a38F,4VPCCUifPeBA1c7HWK358CHn2nyjm8pdTRk6Ps3KmnMQ,7.43290058800013,6.686895062000048,1470.9943441262706,197.9031371011584,0.5883977376505083,180.84291243170242,48.841984814,223.104217731,50012.79852720845
BkMBnJpvHKtWhUvrgRrLesXfi9RUV3ELgdBaJcdH7hcY,5uerVwBnZQsuVhZ15igs7ZgmcqhHnYWbwoRtLyRqLvR,9YWiQh5d4jCtgMdzcGLv9bWgnLaFtzvDDh2nnhJdzhBX,19.95482793400015,19.962826391000135,20.023658037059402,1.003449295743712,0.00800946321482376,0.999630819344692,1116.66192726,1756.720875964,2876.585953092682
parEAJhzYzHW87y9VoZAQ22dzQ2MD2ekEtTReaxbMcz,3oyc6hpjYSJEquK6dSvG72NXyz3pqLZz5D8AC71pwgQb,Di2vordgFJVZ1aj1aBpvzXtLfZgJsuLLXawGtVFwX6Rz,2.7338204489999782,3.1882989299997178,472.3007722123748,172.76217696928148,0.18892030888494996,204.44119882683464,1103.095679811,143.321368114,219874.0033642861
KZMu9QBEdL97EFgamLbN5DE1AoKBG4HdrKKJo4Vuon3,DD4ACBWyVqdaKWh7v5btsgqQCCMwbKnuL2xd9pv7Gyuw,GcYqiJ1MAuYbNTNYXm1F1gQYTfTgkErACAhNU5dpVj9T,85.62656223000045,85.47646945000156,85.90677380386163,1.0032724842217595,0.03436270952154466,1.0,2034.67930875,2354.64527416,4395.983038844225
SRMuKizofcAMicegrfSv7xs9q76tH1w8aAF7oX9FEWu,72Hj2KWntXPfbie4UgKeTPnm1XVkomDfCnRPKbvfTtPi,6aqJQ5wedqpUt4fFEDUqUmXhrdxCu4bEJsQdVPCADLko,504.726451999999,501.5716299999999,29.54834510424153,0.05854328614471268,0.011819338041696614,0.058394266290350653,17471.062972,4389.68571,1279.1459151027773
BUSD5rCfUDpCxKGMvYU2yThChxgHoioK74PTPociGnv2,CcFHbafgYDZ8yA8Me1PdtDiVb2eeaS61LbqyKKK5CsNZ,26R9s4nmF3CFDTkiePDwRmtscn8i7r2eygbSijditJ58,842.9674981800001,844.1043419799998,841.3951326119801,0.9981347257499076,0.08413951326119802,1.0,83.43216381,63.26684438,146.54338432321572
SQDY9uoDoCbNq7F3HAHYYQZbrUzpKxDtdWLvYcqBLak,GiehZ4X2uQjhEKuxSm3ACmEFrabxh3RTvjbLfLjw1xGX,rxDQYV77NKRKYxCjq4cECX3QQsiSyLv1T1FT2X3zNA2,0.0014206749999914337,0.0014206749999914337,0.0014235183454993623,1.0020014046195969,5.694073381997449e-07,0.9996211885524922,168.73007208,237.825568872,406.803247049727
NorjjEePhxfwLF4vZjUHCrVVKLzQjEEGQFd3wgjEJmh,34M8pFVqgbV7aqHxvRT5tCv3vu2P1JJYT8J3VaxBK2oG,3AZWBSze3ucsY3xSeuLne3b2pauVqiaJ1SZSV5T9WGWw,0.001423000000158936,0.001423000000158936,0.0008456018897740027,0.5942388543074889,3.3824075590960113e-07,1.0,38109.866632,2266.810277,24913.17376221088
YAkoNb6HKmSxQN9L8hiBE5tPJRsniSSMzND1boHmZxe,CfWX7o2TswwbxusJ4hCaPobu2jLCb1hfXuXJQjVq3jQF,EnTrdMMpdhugeH6Ban6gYZWXughWxKtVGfCwFn78ZmY3,4556720.420345009,4557859.366723986,4556720.420345009,1.0,455.672042034501,0.9994792712996529,1026705.51342,345683.532188,1372209.0382715524
Lid8SLUxQ9RmF7XMqUA8c24RitTwzja8VSKngJxRcUa,4PgzyzLtds9bKZ2to9PMnKqJzKEUpjvNUaeN23phegax,AtymwxoVN9peZo7EXTcDz9jKVc4vRmisJKKrNfe3ewBa,82.66461279500072,70.37392409399945,17587.369797750303,212.755727065039,1.7587369797750307,181.36828953198454,992.360962306,7670.145661634,1602251.6771581054
Cob4usZcpHEY7Qt4ZCwj6WVg9S44zvzYV2v9qYF65dTf,NhFM9UXE48PyNAyeyPYA3iXztqKVJwA4bTdLj4ysM8w,6TuFuynuBoeskxyR2cz4wxyidk8dpDK7kAWw3UkjQGx,215.62103000000025,9346.328560000016,5.2816804824908,0.024495201059427246,0.00211267219299632,1.0,59973.420125,352.032332,1821.0933161833752
RoBgmK8CvjdHvPrqdDyVw54VwjZv2TqJ493xnqJAQHx,ExiHJxM7qPAcy27NDHAF6G7vnW7muNHi2sVJpnaNynGQ,6rkPHSqZb7StM4HwS9EuVrmfkV7tRdc7dnsFhyB6cefE,20.599474000000463,7.7711959999993105,0.0,0.0,0.0,0.9757753999215476,6164.704426,20.836576,20.331818279395723
JSoLLrxK5bYdHwTEWYaGgmeycBCNXKDiBCTw5hXGBg7,xG4wXczA7Dk4hccJ61CHKpDHW4NrNfQwgmWgkb9BuF2,BVR6WgfhsRr9Lob4QDnkEAiNGgAbv7ZieKcY9kSg3QYR,13.159074870000264,11.292849409000006,2674.1439993660174,203.21671742004185,1.069657599746407,181.34816035892428,17.563399974,163.25955511,33175.99646966645
BUSDTd9WiT6uBHJRgNvFXBsA7JrifsAtWzKfioN7ERcy,DyBxrn7gSc1EwnpWhDyhzvMHPtxpmBqRqotapLcKcfTM,Cds99GeBgoCpqBsoRWu1C6fF9LiUMd4pXQQD24s9LPff,42506.694979059976,42481.497412419994,42520.21130382924,1.0003179810798257,4.252021130382924,0.9990628790194797,2834.50503282,2928.27318495,5760.9353905027965
ercAoEmXjQzEvAFbdjAo81KtMxRGn9AW1ju882upmPH,CMRhskR2Eg6V42RTSdRTXGdozyPbWB8U9dVpijPWb9T4,7TKLLgrWswt6ZJ1pXhVR3FyufHGjJFqiEXxvWJfDcgRm,13.135005631000013,12.967802139000014,2381.6989912733957,181.3245504556414,0.9526795965093583,172.98431326352033,419.354099118,920.467792258,235265.68242924067
iLiUBQ7Z7im6Ew3b4ewwPcehzWgEQRJ1iQz7g6D62NW,GpugBvKWM3TVhYcZjemSdtehBWgfvuGr6uAm9iPjXT6v,92fMXJ3xy8tEyMUWLHKRLyhPw2nECBo77GtDiBBbYrjX,0.36339522100001886,0.3553975229999651,0.35533715018953466,0.9778256004899861,0.00014213486007581388,0.9996101800188777,1865.130452056,1098.40848241,2921.75260510994
Sid7E679i9ABqptiAVhkmQ27YHN8vaYT4fppPwmxFsJ,GP7KB8o1bv527HG8kTzzzf4wJ5aEGHvcMQvVhLziUfmT,9gYxhAZ1M9wu5pxr8SBoa5NDm21gi3s9vMHaYTME77sa,28616.33246900002,33208.60169699998,700.9628174115716,0.024495201059427246,0.28038512696462864,0.026735291525896442,89345.074331,40167.050429,3262.4033623620157
AURHmCnNwiW4uA2Qj1XvEh4iKgRUZYXtiY7FKAapUV5Y,BKWm4TRnTeKwfWXRyuzjRHU7iZDkPuXBX5b5V5jSVfGJ,A5Ww74HVrkj9nPeC7pHKLfgeDMEhBCpW1efQdz3TGLEg,0.08018844800017177,0.07140261100005318,16.224147234542052,202.32524308872144,0.0064896588938168215,181.3487523296514,289.827361278,1809.567417641,386802.1847699186
KwnjUuZhTMTSGAaavkLEmSyfobY16JNH4poL9oeeEvE,J63v6qEZmQpDqCD8bd4PXu2Pq5ZbyXrFcSa3Xt1HdAPQ,BnKQtTdLw9qPCDgZkWX3sURkBAoKCUYL1yahh6Mw7mRK,572.2277380000176,19244.515801000605,15.043638053627879,0.026289599497931745,0.001504363805362788,1.0,273850.504087,661.00872,7860.42879475395
heyk4SZTeCUV6a65WiVA5bzic3KcxgVf1qxobfeV4tQ,9ZDpBKPqMABtGfq66FbVribaArMvtk63xxy91onZAtDt,DaTP4s6N7xxSPinbNZ3FB52EpRDRt87QShTuN3VPCW52,22.932670216001497,19.92950381099979,4696.5016909946,204.7952395756151,1.87860067639784,181.1901110061215,634.626216749,4462.145891315,938465.1374729514
MATgk4zXLXtYkwBH678J1xZbRDZ45LicNzkRBHkxTuY,y8dALFo1bJrSzPYjMX14HJX448pXqYmrfXHD1K8MXih,GN7Yuet3UyiWS5YVkEHv6oQKi4HGBJc3XDPt9zQhAqZz,27397.88873999998,27307.072425000006,27453.316986996724,1.002023084607823,10.98132679479869,1.0,5735.791673,8986.070134,14733.465798847326
MARpDPs5A7XiyCWPNH8GsMWPLxmwNn9SBmKvPa9LzgA,6YjT74rmcfCpw8LSjPNx5JTmZoYLGrTKnf9arfSgZ4SR,F8GSmi3vA8M8TsybLya1LQ4n1aFHCRbZ6k437PeTdXtg,67562.43896900004,68833.57502899977,65552.2783532962,0.970247364565596,26.220911341318487,1.0,309145.738782,25446.551305,325394.3896249196
STK75uPSyBnEhGTTzb1nwmP3n427XoXmfRhXxxhyady,6TYyD5fUmDe6N65avW1Ny2RxzRNobw2RRgKwH9CTzSAU,54zDfk4cx2vGrEajPtodWpArNe5eUurytyxd4X3aZAxK,755.7158285910023,845.1736667709924,136837.8619538238,181.0705251588441,13.68378619538238,202.3462451821359,2736.427558063,498.034977081,596261.8825793123
SoNcU2iwHMw6dGzsYNQkYFkUjwN1UdAjrWVRnStrZu2,8ivTTid27jZnYNc4w3CTA1Z6QS2twsFb8WMwUabeDJgc,CyXm53PMvHCbeXJBykU46Rcbo28xk5srhMZFg7gv6EYB,27.573772272999992,27.339191296999985,5873.990065005543,213.02816338834077,2.3495960260022173,207.80727786804695,14.23471415,21.36501303,7472.20021111218
C98Sspw7XqnMsgxea3SLQVdbMDL8pKUc3RE82UvX9eq2,CSqgQJurPCzGxb4Cgwx5R61hWQUiaoUHcShNc8r1cKEL,6S2CR5EnukPhC914XkAns8m5GixjMAoUuZMsS5ubHuWc,35.75970500000017,35.59139599999992,0.0,0.0,0.0,1.0,825.517139,1275.467088,1275.467088
BkwbeSfcX1h4thMDd7obGkHrPevf3QwgzJ4pCEqG18Lu,35yX27bmurdebhfAb8EPmjLETDiUaEUCn9zHaDPbakH2,2CxECn1ZJFoESyUnQysQU8rRgT3iJ5GRs2Mdd6gZjx5g,0.030715359999996528,0.020053310000000657,64.32132012647692,2094.109270621741,0.02572852805059077,1290.3225806451612,0.83431856,22.74286681,31092.788824696167
wrmcMSHFi3sWpAEy4rGDvQb3ezh3PhXoV2xNjgLBkKU,8p4mGnARWPBu6P2Gcw4adodLkNDorrXniZMhaY7eJXUn,AyY89zccbsgp9LKFgH4CFZMJmpSgqmPSdTfukhP227rc,0.009216110000001193,0.03896391000000249,3.0823110367896964,334.44816053511704,0.0012329244147158787,3377.8078027360243,27.09464991,0.09445508,9380.806928974529
BSC8REUo9LpiiWUuqMuLXs2D2yJsJfGd4HdiF3wCLxk5,AZjEH1zWVx1UJ6udMyRijGTzPteuLnaY18yNNmprJEsh,Caf8ypkSVR8xYnXNhjvfvdGCC7mrM3C11rz8Xi6NA6aK,4296.474482857,4306.653506153999,4287.8184707582495,0.9979853221208951,1.7151273883032998,0.9996254093707211,3662.337928713,2672.575880271,6326.534255892429
BSCNHw8CmxbZ8hCWWzMf5FaG2ajPT6JxfznKUNuRVrn4,7n9kgNL633yGzCYksgnzHyjG73ZLBAwvEae5sbAekbzW,SscdxE99omdG9AiMVwmaEMQySQnCgeAh1sPj2Leutm2,644.6472043639978,644.4184815690005,645.362562950526,1.0011096900470295,0.2581450251802104,0.9996213874017933,5437.349097467,6249.060073643,11690.076970414852
GokA1R67GqSavkd15zR62QD68Tuc5AEfvjssntVDEbM8,3YB7hfpBdbQEuZqLGWVDpRPmeZWCUsrrWyqGXegnQ6Cg,4DPCj6Z1DsG6HUtwSogBGqXEUxdEV5a8YVrrFtcnz7UW,51368.025494999965,51390.93538200002,51358.78091443536,0.999820032394169,5.135878091443536,1.0,34870.655627,21053.800723,55918.18076159305
FrnkTEL6yZ5Aycq2TrEgu29dCrwKG4LPUZydfiwqspkc,DjvZuMZ46fxKBoBpGMPcRcos4xdTtHFxwMh69DpA2ZFY,9rvDPJLAng4uVVqnnSoEXgNDFhBZQTny9AoQioYDZbQX,1729.5601292400047,1452.015343110998,370915.1171639275,214.45632961423163,148.366046865571,180.93489057962492,179.693214867,1457.333002502,302218.7346627339
moFiBS1R4Lf3E3zzmBPnw3NF4RhWPkhREFviuzUaCAU,44ALBrpqi9PfZkBRTvbtRNtFJGsatfY4QydjtMbFWq8S,2ho8qEEie1UjVwWNBo9y4oAJZMyMLx8zPj9bxyUz6uWs,3748.535991661003,3735.1021574010047,3725.6644505548607,0.9938985403482793,1.4902657802219443,0.9996213874017933,47397.516168749,19740.764255288,66841.61228949632
SEQV6QiTpvTzrceiaYg9Avnwf7oc8ZALpnQMz6TyT4A,3dFMPj4r9mMmPHF32mz1gNDX7f8ftidWof7S8YiYTs1j,Fc1ED3YPeQfXQosHbd8DTaBd2AV5gHQtwiSAL5C5pUhi,17.18070672400006,17.26535165400037,17.093794199177847,0.9949412718453075,0.006837517679671138,0.9999330044886993,4712.251550478,906.412182694,5594.7650080339745
ZUCKWFa4LTL833dPhhpeeRWZcaAEoMeYJPi2iKn4F8N,7eEYpq6ShaJ9opZWMxitRFrdCHh6vfyHhGfoSvFht3N2,H8VggnHmuwd1wvwpT8eg9cUJFEfZ7HAaeYjgXrSm7A2u,167.92843347099983,167.65633521899986,168.14731503466336,1.0013034216966081,0.06725892601386535,0.9995224161952729,1815.583619326,2031.486749081,3848.466634317557
SERgf3DMJpQxUifu7VoFKmfne73d2fDJxSrxUMrcNJB,AJfM2GZ2tTB8UtN2krcyR9xufRJEx2mhSCbJyMgPo3GU,F4yRYkufQvERZcEKnKjJwRLU1btiMBUuEwq46hfm11QD,0.00019053199999774506,6.401400000299873e-05,0.03403345936359457,178.6233250267533,1.361338374543783e-05,181.059935727344,29.276090844,27.967296231,10293.149548393018
