0,1,2,3,4,5,6,7,8,9,10,11
moFiBS1R4Lf3E3zzmBPnw3NF4RhWPkhREFviuzUaCAU,44ALBrpqi9PfZkBRTvbtRNtFJGsatfY4QydjtMbFWq8S,2ho8qEEie1UjVwWNBo9y4oAJZMyMLx8zPj9bxyUz6uWs,1915.439520942,1915.9877740090124,1912.489473416933,0.9984598586941466,0.7649957893667733,0.9422790781189271,35729.713523116,31379.906080711,65243.31368866361
BSC8REUo9LpiiWUuqMuLXs2D2yJsJfGd4HdiF3wCLxk5,AZjEH1zWVx1UJ6udMyRijGTzPteuLnaY18yNNmprJEsh,Caf8ypkSVR8xYnXNhjvfvdGCC7mrM3C11rz8Xi6NA6aK,1764.0721466969994,1758.7179449779992,1766.1059589972615,1.0011529076654093,0.7064423835989045,0.9422790781189271,2707.47850242,3639.165385855,6139.709380045129
oKQqupM9E7SSLAFDLxr7mdsXP7znck9qRbVWc6Yyj7Q,CMR2J7CwfW98RpvnJmFBgRFTLAd3x8CJ1SWs8Bt3uunG,FmRb5jHfSNj1YWP3b45d9vvYuhwjp4om8bALmtqZpr1v,0.00396816000011313,0.001352940000288072,0.004016791048327771,1.0122553143555841,1.6067164193311087e-06,1.0,2176.27630641,3719.60569329,5922.552949959664
SEQV6QiTpvTzrceiaYg9Avnwf7oc8ZALpnQMz6TyT4A,3dFMPj4r9mMmPHF32mz1gNDX7f8ftidWof7S8YiYTs1j,Fc1ED3YPeQfXQosHbd8DTaBd2AV5gHQtwiSAL5C5pUhi,722.4672838030008,720.700192219,702.2505419687809,0.9720170832818882,0.28090021678751237,0.990288243198948,1305.517083819,4317.00836968,5544.067542273983
BerKDkt6v49dT1bHRedgnpsJS263C1DSJtEGvY9Mg35V,78XKqNb8wbfsMMrvo8WPUpdx7GEkfQutpNVH943aCGFa,DKYQwn4nDvFHCszi5tXbqfVMAP7DaXXp1KGTXEnYnKVH,0.004067125000801752,0.0013870610000594752,0.004135846764159255,1.0168968899023156,1.654338705663702e-06,0.9422790781189271,1339.269355658,5107.730832252,6174.806742404133
RajgMbScQbqqrdJfR2rxfHJiTiY5b6bJ2tTXiF4aPxy,725ZA3fhyBAKb5iopNRrcbSuQa3LXA1656Q3mBvYPxeg,GLA6i1dSZpUfk2f9Nj8uiG7xyDdAR2reff8oEiZH3617,1314.4826568399876,1315.3541468799958,1299.8347282983625,0.9888565068048606,0.519933891319345,1.0,101717.18257757,80133.04332862,180716.7411743081
Cob4usZcpHEY7Qt4ZCwj6WVg9S44zvzYV2v9qYF65dTf,NhFM9UXE48PyNAyeyPYA3iXztqKVJwA4bTdLj4ysM8w,6TuFuynuBoeskxyR2cz4wxyidk8dpDK7kAWw3UkjQGx,127.0030910000018,2054.7750270000024,2.0048658172020435,0.015785960809426403,0.0008019463268808175,1.0,63260.783233,284.257371,1282.889615889757
Lid8SLUxQ9RmF7XMqUA8c24RitTwzja8VSKngJxRcUa,4PgzyzLtds9bKZ2to9PMnKqJzKEUpjvNUaeN23phegax,AtymwxoVN9peZo7EXTcDz9jKVc4vRmisJKKrNfe3ewBa,282.7037001900045,240.48397078000005,48764.40686301392,172.49299117853596,4.876440686301392,150.40425656078406,987.929626365,7675.437484901,1324829.4050209015
SAMyS8Jr2HJrkFwYVKbpUwsNStnQmvz3f8Tup8bWUWF,6jPzm5TFfquvgm25sTyN3MMGBfufRaFHMxobDWv6hMFW,Cj9ECoDmxsHTDzCY5ZA6RWrPbg9uFzEC1Qc2kso2vJG6,2583.75853213003,91.3021188700011,2441.0064028366974,0.9447502049753663,0.9764025611346789,0.020165777614668007,479.2594606,108987.73753409,2650.6029514764978
heyk4SZTeCUV6a65WiVA5bzic3KcxgVf1qxobfeV4tQ,9ZDpBKPqMABtGfq66FbVribaArMvtk63xxy91onZAtDt,DaTP4s6N7xxSPinbNZ3FB52EpRDRt87QShTuN3VPCW52,97.15543747200081,83.74603840300017,16569.597534295495,170.54729992925698,6.627839013718198,150.65457151504714,605.16790667,4496.307642375,780599.0537482464
HEDSDjj84KS7LKhZY7ejkCACTdPen62rKhCby1wXtgxc,EnnjMSFttpCTywBrYNt1J5QQeoSVkvzPipJDa8Y7kJow,6bjVT6JN2rSvpyn9PdfLYC8wJn4LWh49jpY47fnLDXZk,2036.7938311230064,2095.384497153005,1833.5804214873178,0.9002287779300446,0.7334321685949272,0.9422790781189271,39115.125261522,9107.566899798,43794.43115500868
BUSD5rCfUDpCxKGMvYU2yThChxgHoioK74PTPociGnv2,CcFHbafgYDZ8yA8Me1PdtDiVb2eeaS61LbqyKKK5CsNZ,26R9s4nmF3CFDTkiePDwRmtscn8i7r2eygbSijditJ58,871.6958744800002,875.2455383500003,868.2200596575683,0.9960125831448895,0.08682200596575683,1.0,91.05364301,56.10378584,146.79436001914272
NorjjEePhxfwLF4vZjUHCrVVKLzQjEEGQFd3wgjEJmh,34M8pFVqgbV7aqHxvRT5tCv3vu2P1JJYT8J3VaxBK2oG,3AZWBSze3ucsY3xSeuLne3b2pauVqiaJ1SZSV5T9WGWw,0.0068980000005467446,0.0013939999998910935,0.004090336062524827,0.5929742044361586,1.6361344250099308e-06,1.0,38120.278942,2260.683049,24865.025127516896
ercAoEmXjQzEvAFbdjAo81KtMxRGn9AW1ju882upmPH,CMRhskR2Eg6V42RTSdRTXGdozyPbWB8U9dVpijPWb9T4,7TKLLgrWswt6ZJ1pXhVR3FyufHGjJFqiEXxvWJfDcgRm,14.831420267999988,14.839885271999947,2240.520020973971,151.065776607253,0.8962080083895884,149.0714858894149,954.639661145,922.71211332,281763.44757172884
BSCuChvaSj9b5HUSqgDVRzcnr2sSn7cXaamt1jbKH6hn,GnKpRj5kBVPMJfiwZtEuD9GYApLzPdW5JFuZTcyX4BTc,3dmwD9okkomV9nDwyuh4UMhKdUR13QpuKxRo89ycZB5t,1458.7875798149994,1455.742141205,1443.4899953872637,0.9895134941924336,0.5773959981549055,0.894718476831265,1737.96584377,1370.034627042,2945.5359495690623
GokA1R67GqSavkd15zR62QD68Tuc5AEfvjssntVDEbM8,3YB7hfpBdbQEuZqLGWVDpRPmeZWCUsrrWyqGXegnQ6Cg,4DPCj6Z1DsG6HUtwSogBGqXEUxdEV5a8YVrrFtcnz7UW,37124.92726700003,37108.924173,37146.7323989182,1.000587344771381,3.7146732398918196,1.0,20674.300397,52087.38409,72773.82742924013
7dwD9TF6uikvHXxPFK9AsSim54yJoujQjY9vU6gNFumk,CquVr6atkvwueDYficKjn6SSEWq4F4rH4VSiBbW4GBWU,8BCa6ge3b7ho3TfZuM64Vk1hgbrJ3J7EPiAb9uP86CGd,1.444599999999999e-05,1.4498000000000375e-05,0.0025563309448762583,176.95770073904612,1.0225323779505035e-06,174.93493732343597,0.003919004,0.003589003,1.3213399518857485
daob129AwBGn9Y5r91uLoWZeYiGzbPmksauMhFZKTze,6VW5GQNyj4LStgmxEHLr5zUfW92vQnmbw8jTnCH7a38F,4VPCCUifPeBA1c7HWK358CHn2nyjm8pdTRk6Ps3KmnMQ,33.28107416400013,29.782104660999977,5483.869846659294,164.7744246365447,2.193547938663718,148.61329675861026,48.6596819,223.343218366,41209.64307811924
MARpDPs5A7XiyCWPNH8GsMWPLxmwNn9SBmKvPa9LzgA,6YjT74rmcfCpw8LSjPNx5JTmZoYLGrTKnf9arfSgZ4SR,F8GSmi3vA8M8TsybLya1LQ4n1aFHCRbZ6k437PeTdXtg,41606.98912200001,44373.93195599975,37745.16777176719,0.9071833499196689,15.098067108706879,1.0,322108.327883,13149.256384,305360.56830992305
SoN9GaFpSXfpyR5dth3x7PHPVhvJMpQqqDJfCSmPv1t,9kZ9iS68ViMPtoeqtnhAKuF2iqVyfHPdZHoUNdwCELr,BBhm5fJLjw3HRzjtKB8uMEYjGhY6EDm9co3cqpjrSzB9,4.350075344999998,4.263957301,754.2640487048466,173.39103093278652,0.3017056194819387,173.65588176812946,3.758328554,5.876282099,1672.1114119823085
MATSnbbiTCv7Dc3trJrkrqjx7ckKdr6fwPoVwv9q3sD,631WX9JizSHJm4w6VanZeJAst9T8DeUUnPLesdGkCVtK,211maUSfpnXbPuW1iBu8b4dtJv5EbN1j7JJiEX5TZKEP,18994.643688999986,18987.14976800001,18151.298077713273,0.9556008722724763,7.2605192310853095,0.9817772327823272,20305.843077,25195.966844,44141.10796198681
Sid7E679i9ABqptiAVhkmQ27YHN8vaYT4fppPwmxFsJ,GP7KB8o1bv527HG8kTzzzf4wJ5aEGHvcMQvVhLziUfmT,9gYxhAZ1M9wu5pxr8SBoa5NDm21gi3s9vMHaYTME77sa,1801.5540079999919,2311.8549170000188,28.738270431348457,0.0159519338880395,0.011495308172539383,0.019776518615627084,105721.074259,26047.354269,2201.5815737407947
SoNcU2iwHMw6dGzsYNQkYFkUjwN1UdAjrWVRnStrZu2,8ivTTid27jZnYNc4w3CTA1Z6QS2twsFb8WMwUabeDJgc,CyXm53PMvHCbeXJBykU46Rcbo28xk5srhMZFg7gv6EYB,14.443834270000007,14.301468845000002,2495.5418319913,172.77557920853235,0.9982167327965201,154.20057794376612,15.779109352,19.835725943,5784.925162031324
wrmcMSHFi3sWpAEy4rGDvQb3ezh3PhXoV2xNjgLBkKU,8p4mGnARWPBu6P2Gcw4adodLkNDorrXniZMhaY7eJXUn,AyY89zccbsgp9LKFgH4CFZMJmpSgqmPSdTfukhP227rc,0.0033214900000000103,0.03829169000000121,0.8410964801215524,253.2286654849329,0.00033643859204862095,3109.7428242684327,27.1916764,0.08563827,7152.024922685407
BkwbeSfcX1h4thMDd7obGkHrPevf3QwgzJ4pCEqG18Lu,35yX27bmurdebhfAb8EPmjLETDiUaEUCn9zHaDPbakH2,2CxECn1ZJFoESyUnQysQU8rRgT3iJ5GRs2Mdd6gZjx5g,0.005233510000000052,0.0032899399999999357,8.99599491199129,1718.921892189219,0.0035983979647965163,1117.31843575419,0.84916245,22.71912075,26844.136383430592
AURHmCnNwiW4uA2Qj1XvEh4iKgRUZYXtiY7FKAapUV5Y,BKWm4TRnTeKwfWXRyuzjRHU7iZDkPuXBX5b5V5jSVfGJ,A5Ww74HVrkj9nPeC7pHKLfgeDMEhBCpW1efQdz3TGLEg,0.025045386000101644,0.022237826000150562,4.072371486928717,162.59966953243165,0.0016289485947714871,147.84863965945135,289.914674208,1809.470272634,314667.74853197683
ALLwa5WNZbvQsRKAqe1jdRGemdYQnW8E5k4msbRFcYtu,CGoM82Hbz7QVqTgvQatYtjvDWBvoUJp5qm21P8iMs9yb,3dxNNww8TivyN5FMy5dCNdi3Zcxv6e4kUfSPxfFwpdNq,2.995487825000003,2.995062754000005,9491.70704078077,3168.6682087518616,3.7966828163123085,3209.0572431631035,4.513889275,4.106183501,27479.995349159373
Lee1XZJfJ9Hm2K1qTyeCz1LXNc1YBZaKZszvNY4KCDw,9DgFSWkPDGijNKcLGbr3p5xoJbHsPgXUTr6QvGBJ5vGN,2hNHZg7XBhuhHVZ3JDEi4buq2fPQwuWBdQ9xkH7t1GQX,2092.492654834844,1772.3473816779551,351892.82086260774,168.16920243401376,35.189282086260775,148.0226906943019,7178.714174826,56418.090022368,9558396.126226496
B2izdXFYb2sNwbWWHmh75T4aQFtfXsUxem9u2p61HGzf,4DYwgJtxwuJdAjkj5RJSNH4e7U329V5cNp7d3a1nLrZv,EXNW64GEf1ACC6xY9BtKRiunrs6GoJSXBdxWN2eTPmrF,7651.857885999983,7561.091411000007,7322.197892484545,0.9569176534082537,0.7322197892484547,1.0,10342.609387,29447.210363,39344.23586772622
C98Sspw7XqnMsgxea3SLQVdbMDL8pKUc3RE82UvX9eq2,CSqgQJurPCzGxb4Cgwx5R61hWQUiaoUHcShNc8r1cKEL,6S2CR5EnukPhC914XkAns8m5GixjMAoUuZMsS5ubHuWc,103.50330499999995,99.99920499999996,0.0,0.0,0.0,1.0,907.277099,4068.860246,4068.860246
KZMu9QBEdL97EFgamLbN5DE1AoKBG4HdrKKJo4Vuon3,DD4ACBWyVqdaKWh7v5btsgqQCCMwbKnuL2xd9pv7Gyuw,GcYqiJ1MAuYbNTNYXm1F1gQYTfTgkErACAhNU5dpVj9T,176.966617679999,177.37059788999932,174.0417503425301,0.983472208624353,0.06961670013701203,1.0,2374.98443688,2315.00219477,4650.733384356839
KEVpg4SYCVrqFxKijQH6hm4QxsRdoE51ud64bEEFUC9,2bPenuBYfqzD8p5dFjCcggwkHDsc2RQDnx9AoyYGUBjA,AE6n6iLuX8oYu61vt5hoDYkjswpnxFxrhSehxrnQTnbx,545.3838727589998,546.4067647540005,543.5889339452784,0.9967088524186807,0.21743557357811139,0.9352880230737277,5965.504855929,1663.342524227,7501.575840229796
C2ypsDADXcCRz8HbV2zX1AXPSja7a1P3xZtRC91xGhJh,J9bYNuDpY1d1T86gLaw7DGk5D3CsUAf2tzUwxMvb6FTv,A2NGvvPrMGzsJ4jb52KEnSBVmsA7C34dV1GC7PerdgvG,3.2382099710000003,3.2707774369999996,482.7327597464551,149.073952606409,0.19309310389858206,145.0333895869507,2.6943845,2.327357919,739.2071550310449
ACUSESXyNnwRLAg1dpSGMLSzUDdLjUMybY8rkXiAKhCP,AhFPQdu8GKBsxuhiH46UmCu1YpaLgNpoP325HnYtsgas,A8wxWpT3aFEr2XqZp1kDmbxbFfcBE95UUmdsNTDBJYbT,15.053538871,15.061297620000005,14.61249482040887,0.9707016367134254,0.005844997928163548,0.9866156344597046,1044.547352481,1841.328673742,2830.6274823707918
FrnkTEL6yZ5Aycq2TrEgu29dCrwKG4LPUZydfiwqspkc,DjvZuMZ46fxKBoBpGMPcRcos4xdTtHFxwMh69DpA2ZFY,9rvDPJLAng4uVVqnnSoEXgNDFhBZQTny9AoQioYDZbQX,352.5927256109971,295.0226480880001,61165.35866971744,173.47311565695483,24.466143467886976,149.44616000333565,176.715153085,1440.257003616,245896.2067977722
YAkoNb6HKmSxQN9L8hiBE5tPJRsniSSMzND1boHmZxe,CfWX7o2TswwbxusJ4hCaPobu2jLCb1hfXuXJQjVq3jQF,EnTrdMMpdhugeH6Ban6gYZWXughWxKtVGfCwFn78ZmY3,11051241.465027,11048343.953360006,11051241.465027,1.0,1105.1241465027001,0.9884401919550853,432420.501511,961077.682968,1382388.3109476385
MATgk4zXLXtYkwBH678J1xZbRDZ45LicNzkRBHkxTuY,y8dALFo1bJrSzPYjMX14HJX448pXqYmrfXHD1K8MXih,GN7Yuet3UyiWS5YVkEHv6oQKi4HGBJc3XDPt9zQhAqZz,24487.156569000013,24457.274099999984,24553.180070208804,1.002696250216833,9.821272028083522,1.0,5250.649717,9533.06392,14797.870702437976
NorBXypYWTkV5PMs6Q9JsvNkmRwe7H9Zr1Kz2TcJH2Y,C82XDu1d1UjtuUwnkSTwVuWyH3AqpJ3ftb9W7en8rEUu,F7cZoYpWQSFuYJzW2UUFw6sVbTtaihyD5upeeHRUPABk,0.00315199090000004,0.003153629299999988,0.0,0.0,0.0,1793.7863241730647,0.2508685653,0.6545753239,1174.1682641529742
DFWzVTzNBrQZLjoQ4yQwkj9HuoXmfkuZP9V5vbymZe23,DhgiEgiNdqZdRdo195UUHnoEJUtefK8buko8nU97XJUZ,2K2kkXsouBHtWVjtcgkyiXd8eP3oVBvq1bTJzcVdLLr2,2488.150979138999,3003.3415191320164,1934.733931479804,0.7775789924730774,0.7738935725919216,0.9801274753598429,61956.725682382,7067.310708926,55103.11373576065
WiiQFxXqp8P9Fs1rt9SVcDyA3KUdJmUsog6wnVQAwba,3S2jpqSYxho6wiz3cafhjXruVY8cg4HYa2v3BqBHYFSj,Dfe67M6TfrG74gKRtdqys4e6E9QirPD53BkF4FujFjuv,24984.692160721,25031.126890797004,24890.194595503992,0.9962177814875954,2.489019459550399,0.9750320272670124,21143.729111564,5640.958150678,26563.873769280923
BSCNHw8CmxbZ8hCWWzMf5FaG2ajPT6JxfznKUNuRVrn4,7n9kgNL633yGzCYksgnzHyjG73ZLBAwvEae5sbAekbzW,SscdxE99omdG9AiMVwmaEMQySQnCgeAh1sPj2Leutm2,885.779168770001,884.328784297998,886.1543691883785,1.0004235823460361,0.35446174767535144,0.9738056998090185,5280.316813246,6408.579659404,11523.264862237324
parEAJhzYzHW87y9VoZAQ22dzQ2MD2ekEtTReaxbMcz,3oyc6hpjYSJEquK6dSvG72NXyz3pqLZz5D8AC71pwgQb,Di2vordgFJVZ1aj1aBpvzXtLfZgJsuLLXawGtVFwX6Rz,8.35044499,9.862063781999723,1178.6364805955254,141.14654752016102,0.47145459223821023,172.8384392688934,1109.746204262,137.7045007,180437.47633647494
vEnkoSUkpnbRrPgBz9DfcVxNz67zjwMYBZraAvDDNSf,DtfyjjsZ5yCjWKLKHvwsfXs5QVsmm1QkK6Sh9JZHoq1g,e5wrKCRv4GhHvEf1VD5Pq2KGaZDXP77nTL612Jyrxwy,4522.939132999997,4520.754108000001,4298.570924998762,0.9503932727362584,0.42985709249987625,0.9791969605726344,887.42942,1054.76841,1876.23297197627
STK75uPSyBnEhGTTzb1nwmP3n427XoXmfRhXxxhyady,6TYyD5fUmDe6N65avW1Ny2RxzRNobw2RRgKwH9CTzSAU,54zDfk4cx2vGrEajPtodWpArNe5eUurytyxd4X3aZAxK,1308.1310193010058,1467.1287982559916,186341.22031887452,142.44843793891926,18.634122031887454,167.50337393670952,4788.431997136,867.83389848,827469.7641808105
KwnjUuZhTMTSGAaavkLEmSyfobY16JNH4poL9oeeEvE,J63v6qEZmQpDqCD8bd4PXu2Pq5ZbyXrFcSa3Xt1HdAPQ,BnKQtTdLw9qPCDgZkWX3sURkBAoKCUYL1yahh6Mw7mRK,400.45598199995777,15527.694817999844,7.686749215495084,0.019194991612076592,0.0007686749215495085,1.0,277706.868386,570.691611,5901.272620285328
BUSDTd9WiT6uBHJRgNvFXBsA7JrifsAtWzKfioN7ERcy,DyBxrn7gSc1EwnpWhDyhzvMHPtxpmBqRqotapLcKcfTM,Cds99GeBgoCpqBsoRWu1C6fF9LiUMd4pXQQD24s9LPff,5097.476301919998,5078.573806069996,5084.622477988094,0.9974783945680997,0.5084622477988094,0.6853586824664688,315.97197347,330.12850877,541.4316566405971
JSoLLrxK5bYdHwTEWYaGgmeycBCNXKDiBCTw5hXGBg7,xG4wXczA7Dk4hccJ61CHKpDHW4NrNfQwgmWgkb9BuF2,BVR6WgfhsRr9Lob4QDnkEAiNGgAbv7ZieKcY9kSg3QYR,6.521019152000065,5.5807382960000105,1122.2697614671874,172.10036273593454,0.44890790458687496,150.73650610565755,17.272729626,163.615783903,27635.51464335083
KEN5P7p3asnb23Sw6yAmJRGvijfAzso3RqfyLAQhznt,9zj4aX38Uxf3h6AUjS4EipWS8mwbEofasHAf3a1uKGds,CwQDG1MWunn9cLNwcZLd8YBacweSR7ARo32w4mLua1Yr,614714.5484390005,615713.5426900012,604577.5958887341,0.9835094962759413,60.457759588873415,1.0,1438406.602489,778445.232755,2193131.7858089446
ALBpShJ9NLpE739pcHDF2LNVk5J4VYPvvKuV6jMPitZi,D6d156U1bPiJpDYRLextvDRccgFk7QzkQbJg42ceKEu5,GNcM8U5g8RwTZffwwm3kSQqUNPSwv5d2fbN9sLxPJqt2,8309.399519000013,8293.452185000002,8216.836851863767,0.9888604866182454,3.286734740745507,0.9925784906255924,43865.268717,56458.939256,99416.5596781752
BUSDgu5JdqP1rndBvXvanbEufS94FNh1w5FJcAj6vawb,Bgzr8cWubt89JQFXndVjtdKmDbGzuPxNhvjH1EhWCwbo,Dxaf8xPBBQsasRKW5Aa4Sw2YrbfGofY9xZueyyF23FBW,12564.391196669996,12492.296365669998,12613.15377529683,1.0038810140390853,5.045261510118733,1.0,5059.68477322,9930.6914099,15010.012890758215
AUSejoEUCh2DBs9mof6BNC8Pubs22w4cJa1ccV9h44R,4xkyD7AfGQDwsQMy9MosRRNGoVJ1zosNinesxg1TzHG7,Cbm5gsQe3nSiCsFrvepVzMCD9xLK3ri9g3ypS2hdmVJ7,3789.788536,3791.493040000001,3788.0005997169333,0.9995282226788955,0.37880005997169336,1.0,14647.649998,14225.619098,28866.35866692347
