0,1,2,3,4,5,6,7,8,9,10,11
FrnkTEL6yZ5Aycq2TrEgu29dCrwKG4LPUZydfiwqspkc,DjvZuMZ46fxKBoBpGMPcRcos4xdTtHFxwMh69DpA2ZFY,9rvDPJLAng4uVVqnnSoEXgNDFhBZQTny9AoQioYDZbQX,469.1574937789997,396.48296843999947,96778.20143303294,206.28083898542835,38.71128057321318,173.93131382844388,179.934397672,1463.647094831,291691.0806992587
MARpDPs5A7XiyCWPNH8GsMWPLxmwNn9SBmKvPa9LzgA,6YjT74rmcfCpw8LSjPNx5JTmZoYLGrTKnf9arfSgZ4SR,F8GSmi3vA8M8TsybLya1LQ4n1aFHCRbZ6k437PeTdXtg,112373.40961600008,119576.17686499938,104769.25694680124,0.9323313878685039,41.9077027787205,1.0,320335.390151,14787.991564,313446.7304468805
DA1mL7dfBow33EH5yjUuZE6SH2KeUK5zEXzsyhE5r5j5,B4UtLRZND3D83CitRCBUyeiNr7H8m7YFRqBmiPmXjhW4,AAmpYbuixWiSqDaJBCqYEs1pb5SrbdPr9mgXrB58Q2e,53.82144940300003,53.889999999999986,65.20212591173218,1.2114524345770923,0.02608085036469287,0.9971328263228006,167.457062883,2970.783786876,3165.132300318358
JSoLLrxK5bYdHwTEWYaGgmeycBCNXKDiBCTw5hXGBg7,xG4wXczA7Dk4hccJ61CHKpDHW4NrNfQwgmWgkb9BuF2,BVR6WgfhsRr9Lob4QDnkEAiNGgAbv7ZieKcY9kSg3QYR,11.759327370999983,10.06861406700001,2365.702467934948,201.17668241544794,0.9462809871739792,173.75886648055933,17.576417,163.258865765,31903.640719038674
Lid8SLUxQ9RmF7XMqUA8c24RitTwzja8VSKngJxRcUa,4PgzyzLtds9bKZ2to9PMnKqJzKEUpjvNUaeN23phegax,AtymwxoVN9peZo7EXTcDz9jKVc4vRmisJKKrNfe3ewBa,147.3391689859984,125.32810365399973,30214.78559787909,205.06960780232438,3.021478559787909,174.51300401100687,989.433675131,7673.63015885,1542051.0263959
ALLwa5WNZbvQsRKAqe1jdRGemdYQnW8E5k4msbRFcYtu,CGoM82Hbz7QVqTgvQatYtjvDWBvoUJp5qm21P8iMs9yb,3dxNNww8TivyN5FMy5dCNdi3Zcxv6e4kUfSPxfFwpdNq,6.168415438000002,6.167968095000001,21632.936234832017,3507.049168829347,8.65317449393281,3510.644273437061,3.884056352,4.734617569,30243.134656492293
moFiBS1R4Lf3E3zzmBPnw3NF4RhWPkhREFviuzUaCAU,44ALBrpqi9PfZkBRTvbtRNtFJGsatfY4QydjtMbFWq8S,2ho8qEEie1UjVwWNBo9y4oAJZMyMLx8zPj9bxyUz6uWs,311.0813956860002,311.3207662780005,310.96523182496486,0.9996265804942172,0.12438609272998595,0.9964711816573291,35840.024908288,31269.585300041,66985.882157766
SoN9GaFpSXfpyR5dth3x7PHPVhvJMpQqqDJfCSmPv1t,9kZ9iS68ViMPtoeqtnhAKuF2iqVyfHPdZHoUNdwCELr,BBhm5fJLjw3HRzjtKB8uMEYjGhY6EDm9co3cqpjrSzB9,7.145786203000004,7.010219031999997,1472.0728755556497,206.00572613516366,0.5888291502222599,201.5593030804913,3.581909414,6.054931064,1958.3215352417062
SRMuKizofcAMicegrfSv7xs9q76tH1w8aAF7oX9FEWu,72Hj2KWntXPfbie4UgKeTPnm1XVkomDfCnRPKbvfTtPi,6aqJQ5wedqpUt4fFEDUqUmXhrdxCu4bEJsQdVPCADLko,4.70000013592653e-05,4.799999987881165e-05,2.653202774644036e-06,0.056451121232169915,1.0612811098576146e-09,0.05678217353188697,17971.450574,3892.771299,1235.5485504905905
GokA1R67GqSavkd15zR62QD68Tuc5AEfvjssntVDEbM8,3YB7hfpBdbQEuZqLGWVDpRPmeZWCUsrrWyqGXegnQ6Cg,4DPCj6Z1DsG6HUtwSogBGqXEUxdEV5a8YVrrFtcnz7UW,76813.22889999999,76799.50849099994,76846.81095638793,1.0004371910524898,7.684681095638792,1.0,25311.485463,56335.009823,81657.56124096965
SAMyS8Jr2HJrkFwYVKbpUwsNStnQmvz3f8Tup8bWUWF,6jPzm5TFfquvgm25sTyN3MMGBfufRaFHMxobDWv6hMFW,Cj9ECoDmxsHTDzCY5ZA6RWrPbg9uFzEC1Qc2kso2vJG6,1137.1502212999767,28.88096178000012,1133.209315922459,0.9965344021364103,0.4532837263689836,0.025416624866909023,533.1834022,106695.95174829,3243.186583344547
MATgk4zXLXtYkwBH678J1xZbRDZ45LicNzkRBHkxTuY,y8dALFo1bJrSzPYjMX14HJX448pXqYmrfXHD1K8MXih,GN7Yuet3UyiWS5YVkEHv6oQKi4HGBJc3XDPt9zQhAqZz,14580.347270000002,14562.108676999993,14601.168536332814,1.0014280363798778,5.8404674145331255,1.0,6294.384166,8478.517834,14781.890609577975
BUSDTd9WiT6uBHJRgNvFXBsA7JrifsAtWzKfioN7ERcy,DyBxrn7gSc1EwnpWhDyhzvMHPtxpmBqRqotapLcKcfTM,Cds99GeBgoCpqBsoRWu1C6fF9LiUMd4pXQQD24s9LPff,2635.5477783700026,2630.940535920002,2637.2330230163707,1.000639428607669,0.2637233023016371,0.9986388552403075,288.15687836,357.4701627,645.3247281728145
C2ypsDADXcCRz8HbV2zX1AXPSja7a1P3xZtRC91xGhJh,J9bYNuDpY1d1T86gLaw7DGk5D3CsUAf2tzUwxMvb6FTv,A2NGvvPrMGzsJ4jb52KEnSBVmsA7C34dV1GC7PerdgvG,0.4975533310000002,0.4985459560000005,86.12179328069307,173.09057726053697,0.03444871731227723,171.59286914945534,2.72710754,2.293306783,865.5517090850403
NorjjEePhxfwLF4vZjUHCrVVKLzQjEEGQFd3wgjEJmh,34M8pFVqgbV7aqHxvRT5tCv3vu2P1JJYT8J3VaxBK2oG,3AZWBSze3ucsY3xSeuLne3b2pauVqiaJ1SZSV5T9WGWw,5.960483999998814,10.03634399999828,3.534406970517265,0.5929731495828138,0.0014137627882069063,1.0,38120.278942,2260.678903,24864.98077021315
KZMu9QBEdL97EFgamLbN5DE1AoKBG4HdrKKJo4Vuon3,DD4ACBWyVqdaKWh7v5btsgqQCCMwbKnuL2xd9pv7Gyuw,GcYqiJ1MAuYbNTNYXm1F1gQYTfTgkErACAhNU5dpVj9T,329.9340143100003,330.0833738499996,328.790595694882,0.9965344021364103,0.1315162382779528,0.9999680110233272,2408.36466308,1981.76572962,4381.7205746111895
TETFuZgEmET6d9vYmz9iMFCxK1jKdKYxf3oPz8hSzJK,Eu1Ze6Z84LWNkq7SNoAHBJbXx5t1P95EwyqYohrfCRFV,ASMbv7WNu3qe4pkhREmvyEdwFNDZQ6B6iSrjkj4u8bdC,21.04956833300001,21.08023164799998,21.137974189765245,1.0041998892978075,0.008455189675906099,0.9939972506036049,292.940955396,59.408554764,353.2232150772069
KEN5P7p3asnb23Sw6yAmJRGvijfAzso3RqfyLAQhznt,9zj4aX38Uxf3h6AUjS4EipWS8mwbEofasHAf3a1uKGds,CwQDG1MWunn9cLNwcZLd8YBacweSR7ARo32w4mLua1Yr,1692786.375564001,1697011.0208480023,1688615.4952906333,0.9975360858679063,168.86154952906332,1.0,1511465.354986,713661.879103,2221403.11324068
AUSejoEUCh2DBs9mof6BNC8Pubs22w4cJa1ccV9h44R,4xkyD7AfGQDwsQMy9MosRRNGoVJ1zosNinesxg1TzHG7,Cbm5gsQe3nSiCsFrvepVzMCD9xLK3ri9g3ypS2hdmVJ7,748.0013689999996,748.5362109999987,747.9101239648759,0.9998780148821844,0.0747910123964876,1.0,14513.970567,14358.861117,28871.061195590413
B2izdXFYb2sNwbWWHmh75T4aQFtfXsUxem9u2p61HGzf,4DYwgJtxwuJdAjkj5RJSNH4e7U329V5cNp7d3a1nLrZv,EXNW64GEf1ACC6xY9BtKRiunrs6GoJSXBdxWN2eTPmrF,5546.802448999995,5465.262453999996,5550.971228392517,1.000751564424883,0.5550971228392518,1.0,8948.417926,30858.13183,39813.27506857217
4Fss9Dy3vAUBuQ4SyEZz4vcLxeQqoFLZjdXhEUr3wqz3,,,0.0010261390000000001,0.0006288590000000001,0.0,0.0,0.0,1.0,8948.417926,30858.13183,30858.13183
BSCNHw8CmxbZ8hCWWzMf5FaG2ajPT6JxfznKUNuRVrn4,7n9kgNL633yGzCYksgnzHyjG73ZLBAwvEae5sbAekbzW,SscdxE99omdG9AiMVwmaEMQySQnCgeAh1sPj2Leutm2,146.6247987529996,146.59569552700032,146.98935218999333,1.002486301363031,0.05879574087599733,0.996666294763961,4966.438143994,6722.651367463,11679.026235320045
Sid7E679i9ABqptiAVhkmQ27YHN8vaYT4fppPwmxFsJ,GP7KB8o1bv527HG8kTzzzf4wJ5aEGHvcMQvVhLziUfmT,9gYxhAZ1M9wu5pxr8SBoa5NDm21gi3s9vMHaYTME77sa,801.4192659999972,1030.682552000013,15.795848629896753,0.019709843898233423,0.0063183394519587014,0.025311961060889086,107661.637101,24521.034766,2742.6695382586654
KwnjUuZhTMTSGAaavkLEmSyfobY16JNH4poL9oeeEvE,J63v6qEZmQpDqCD8bd4PXu2Pq5ZbyXrFcSa3Xt1HdAPQ,BnKQtTdLw9qPCDgZkWX3sURkBAoKCUYL1yahh6Mw7mRK,166.95967699998914,5237.177367000092,4.215686859709168,0.025249730566437558,0.0004215686859709168,1.0,274485.135847,644.498774,7575.174498628761
heyk4SZTeCUV6a65WiVA5bzic3KcxgVf1qxobfeV4tQ,9ZDpBKPqMABtGfq66FbVribaArMvtk63xxy91onZAtDt,DaTP4s6N7xxSPinbNZ3FB52EpRDRt87QShTuN3VPCW52,34.63358450400119,30.15872189699985,6902.11775312809,199.28973139730002,2.760847101251236,174.21047377757816,637.473690206,4458.95233308,903838.1589915038
AURHmCnNwiW4uA2Qj1XvEh4iKgRUZYXtiY7FKAapUV5Y,BKWm4TRnTeKwfWXRyuzjRHU7iZDkPuXBX5b5V5jSVfGJ,A5Ww74HVrkj9nPeC7pHKLfgeDMEhBCpW1efQdz3TGLEg,0.00027940399991166487,6.958400012990751e-05,0.05305758467855328,189.89558021834952,2.1223033871421313e-05,172.13520118387706,289.900346858,1809.486190889,366527.06408022606
wrmcMSHFi3sWpAEy4rGDvQb3ezh3PhXoV2xNjgLBkKU,8p4mGnARWPBu6P2Gcw4adodLkNDorrXniZMhaY7eJXUn,AyY89zccbsgp9LKFgH4CFZMJmpSgqmPSdTfukhP227rc,0.009960399999998787,0.049980280000003846,3.069460708782369,308.1664098613251,0.0012277842835129477,3475.480485177076,27.15876109,0.08846249,8676.867559051921
ZUCKWFa4LTL833dPhhpeeRWZcaAEoMeYJPi2iKn4F8N,7eEYpq6ShaJ9opZWMxitRFrdCHh6vfyHhGfoSvFht3N2,H8VggnHmuwd1wvwpT8eg9cUJFEfZ7HAaeYjgXrSm7A2u,0.004164068000136467,0.0013807459999952698,0.004170877345294253,1.0016352627184673,1.6683509381177013e-06,0.9931726738085178,1805.111925129,2042.026524055,3836.148700246442
C98Sspw7XqnMsgxea3SLQVdbMDL8pKUc3RE82UvX9eq2,CSqgQJurPCzGxb4Cgwx5R61hWQUiaoUHcShNc8r1cKEL,6S2CR5EnukPhC914XkAns8m5GixjMAoUuZMsS5ubHuWc,26.782625000000053,26.452683000000093,0.0,0.0,0.0,1.0,843.542424,2024.42967,2024.42967
BUSD5rCfUDpCxKGMvYU2yThChxgHoioK74PTPociGnv2,CcFHbafgYDZ8yA8Me1PdtDiVb2eeaS61LbqyKKK5CsNZ,26R9s4nmF3CFDTkiePDwRmtscn8i7r2eygbSijditJ58,1374.6857176000003,1374.84591562,1370.8527584532546,0.9972117560416374,0.13708527584532548,0.99996974091564,88.82423021,58.23347817,146.8082826650322
ALBpShJ9NLpE739pcHDF2LNVk5J4VYPvvKuV6jMPitZi,D6d156U1bPiJpDYRLextvDRccgFk7QzkQbJg42ceKEu5,GNcM8U5g8RwTZffwwm3kSQqUNPSwv5d2fbN9sLxPJqt2,16376.811919,16339.10676899999,16339.18278105523,0.9977022916223937,6.535673112422092,0.9963950427353835,44743.499966,55575.711174,100016.05556155175
SERgf3DMJpQxUifu7VoFKmfne73d2fDJxSrxUMrcNJB,AJfM2GZ2tTB8UtN2krcyR9xufRJEx2mhSCbJyMgPo3GU,F4yRYkufQvERZcEKnKjJwRLU1btiMBUuEwq46hfm11QD,6.537899999869978e-05,6.537899999869978e-05,0.011219022591403876,171.59978879497993,4.487609036561551e-06,174.03904774883102,29.284890014,27.959076601,9891.25200886128
STK75uPSyBnEhGTTzb1nwmP3n427XoXmfRhXxxhyady,6TYyD5fUmDe6N65avW1Ny2RxzRNobw2RRgKwH9CTzSAU,54zDfk4cx2vGrEajPtodWpArNe5eUurytyxd4X3aZAxK,2101.4862583169993,2358.520627859025,365740.6672547445,174.03904774883102,36.57406672547445,195.08072733118055,4685.486424928,848.564933774,980996.2601029107
daob129AwBGn9Y5r91uLoWZeYiGzbPmksauMhFZKTze,6VW5GQNyj4LStgmxEHLr5zUfW92vQnmbw8jTnCH7a38F,4VPCCUifPeBA1c7HWK358CHn2nyjm8pdTRk6Ps3KmnMQ,20.894419814000265,18.76321801799999,3978.9610641327054,190.4317563996972,1.5915844256530822,173.75886648055933,48.785750751,223.189364198,48071.487136351985
HEDSDjj84KS7LKhZY7ejkCACTdPen62rKhCby1wXtgxc,EnnjMSFttpCTywBrYNt1J5QQeoSVkvzPipJDa8Y7kJow,6bjVT6JN2rSvpyn9PdfLYC8wJn4LWh49jpY47fnLDXZk,8.052106700997683,8.19883497898445,7.550205711731338,0.9376683633360002,0.003020082284692535,0.9914479848270942,39105.621863658,9115.957415152,45706.10205915476
MNkYtBe2HtgL15osfaMmyqNW3vo4J399FXXCS4a39Wf,2mUxDu8NrhSKhQJMgKfYLxJqZzeEbmwhQdHeHMyohyuk,AZCBmDBcFsA2jHHhfFJBTsWCHx9XnnKmGfFsue3ZVW1t,0.07633713999985048,0.005978879999929632,0.0763054213622986,0.999584492718067,3.052216854491944e-05,0.9999687409771569,2195.17588665,1941.31379602,4135.516887531678
BkMBnJpvHKtWhUvrgRrLesXfi9RUV3ELgdBaJcdH7hcY,5uerVwBnZQsuVhZ15igs7ZgmcqhHnYWbwoRtLyRqLvR,9YWiQh5d4jCtgMdzcGLv9bWgnLaFtzvDDh2nnhJdzhBX,15.543830480000224,15.537117800000033,15.601447812481751,1.0037067653662115,0.006240579124992701,0.9938897496885186,1114.150430735,1759.272135741,2866.8028675900064
RajgMbScQbqqrdJfR2rxfHJiTiY5b6bJ2tTXiF4aPxy,725ZA3fhyBAKb5iopNRrcbSuQa3LXA1656Q3mBvYPxeg,GLA6i1dSZpUfk2f9Nj8uiG7xyDdAR2reff8oEiZH3617,4725.015787649987,4729.327739150001,4720.145164257892,0.9989691836787455,1.888058065703157,0.99996974091564,109729.86186944,72119.57519183,181734.14345641626
BUSDgu5JdqP1rndBvXvanbEufS94FNh1w5FJcAj6vawb,Bgzr8cWubt89JQFXndVjtdKmDbGzuPxNhvjH1EhWCwbo,Dxaf8xPBBQsasRKW5Aa4Sw2YrbfGofY9xZueyyF23FBW,9398.183880830007,9344.880968570003,9444.815295145967,1.0049617473872878,3.7779261180583865,0.99996974091564,4975.9074226,10009.76471026,15010.05844219868
parEAJhzYzHW87y9VoZAQ22dzQ2MD2ekEtTReaxbMcz,3oyc6hpjYSJEquK6dSvG72NXyz3pqLZz5D8AC71pwgQb,Di2vordgFJVZ1aj1aBpvzXtLfZgJsuLLXawGtVFwX6Rz,7.265189937999963,8.497424946999985,1194.5625948410984,164.4227618321497,0.4778250379364394,197.34659607710492,1102.44470286,143.887872841,209662.78473341145
Lee1XZJfJ9Hm2K1qTyeCz1LXNc1YBZaKZszvNY4KCDw,9DgFSWkPDGijNKcLGbr3p5xoJbHsPgXUTr6QvGBJ5vGN,2hNHZg7XBhuhHVZ3JDEi4buq2fPQwuWBdQ9xkH7t1GQX,4290.488509235853,3637.0615898569968,876582.7277774503,204.30837325178433,87.65827277774504,173.75886648055933,7170.34266753,56427.817643312,11269794.677734515
BSC8REUo9LpiiWUuqMuLXs2D2yJsJfGd4HdiF3wCLxk5,AZjEH1zWVx1UJ6udMyRijGTzPteuLnaY18yNNmprJEsh,Caf8ypkSVR8xYnXNhjvfvdGCC7mrM3C11rz8Xi6NA6aK,327.0005536939998,326.61008969800014,328.15808111695344,1.0035398332200893,0.13126323244678137,0.9955519406312398,2482.709437008,3863.870872695,6338.181960008979
7dwD9TF6uikvHXxPFK9AsSim54yJoujQjY9vU6gNFumk,CquVr6atkvwueDYficKjn6SSEWq4F4rH4VSiBbW4GBWU,8BCa6ge3b7ho3TfZuM64Vk1hgbrJ3J7EPiAb9uP86CGd,4.869599999999998e-05,4.86620000000001e-05,0.009927205386491528,203.86079732404164,3.970882154596611e-06,204.37392908061165,0.003904506,0.003603449,1.5324267366881055
ercAoEmXjQzEvAFbdjAo81KtMxRGn9AW1ju882upmPH,CMRhskR2Eg6V42RTSdRTXGdozyPbWB8U9dVpijPWb9T4,7TKLLgrWswt6ZJ1pXhVR3FyufHGjJFqiEXxvWJfDcgRm,4.214463881000029,4.215885994000018,728.9392992194823,172.96133501244196,0.29157571968779294,167.9208394295595,923.217534173,923.190516399,314703.86368458543
vEnkoSUkpnbRrPgBz9DfcVxNz67zjwMYBZraAvDDNSf,DtfyjjsZ5yCjWKLKHvwsfXs5QVsmm1QkK6Sh9JZHoq1g,e5wrKCRv4GhHvEf1VD5Pq2KGaZDXP77nTL612Jyrxwy,2063.410958,2061.6421450000007,2058.156484495084,0.9974535012114073,0.20581564844950842,0.9939873703964718,670.218777,1271.583925,1932.4504275454517
WiiQFxXqp8P9Fs1rt9SVcDyA3KUdJmUsog6wnVQAwba,3S2jpqSYxho6wiz3cafhjXruVY8cg4HYa2v3BqBHYFSj,Dfe67M6TfrG74gKRtdqys4e6E9QirPD53BkF4FujFjuv,6035.310659564004,6051.349321224996,6025.117588557034,0.9983110942282951,0.6025117588557034,0.9950570679457783,19931.614930182,6848.045481388,26712.148368556296
BSCuChvaSj9b5HUSqgDVRzcnr2sSn7cXaamt1jbKH6hn,GnKpRj5kBVPMJfiwZtEuD9GYApLzPdW5JFuZTcyX4BTc,3dmwD9okkomV9nDwyuh4UMhKdUR13QpuKxRo89ycZB5t,127.64285637400008,127.87829864800005,128.2157591322738,1.0044883260571598,0.05128630365290952,0.9935844253654156,1089.676014931,2018.623187657,3100.2393961201606
ACUSESXyNnwRLAg1dpSGMLSzUDdLjUMybY8rkXiAKhCP,AhFPQdu8GKBsxuhiH46UmCu1YpaLgNpoP325HnYtsgas,A8wxWpT3aFEr2XqZp1kDmbxbFfcBE95UUmdsNTDBJYbT,0.0,0.0027924860000894114,0.0,0.9914479848270942,0.0,0.9878767049617103,1044.479259547,1841.390280505,2854.6134199253675
KEVpg4SYCVrqFxKijQH6hm4QxsRdoE51ud64bEEFUC9,2bPenuBYfqzD8p5dFjCcggwkHDsc2RQDnx9AoyYGUBjA,AE6n6iLuX8oYu61vt5hoDYkjswpnxFxrhSehxrnQTnbx,255.6234919599999,256.2633217529992,255.1373591041222,0.9980982465572695,0.10205494364164888,0.989448417197474,5929.030996653,1699.552217097,7599.374692694144
SEQV6QiTpvTzrceiaYg9Avnwf7oc8ZALpnQMz6TyT4A,3dFMPj4r9mMmPHF32mz1gNDX7f8ftidWof7S8YiYTs1j,Fc1ED3YPeQfXQosHbd8DTaBd2AV5gHQtwiSAL5C5pUhi,2146.071505470998,2139.901714815,2147.2411528190028,1.000545017882686,0.8588964611276011,0.9986388552403075,1269.819358987,4352.494432056,5617.081490313644
MATSnbbiTCv7Dc3trJrkrqjx7ckKdr6fwPoVwv9q3sD,631WX9JizSHJm4w6VanZeJAst9T8DeUUnPLesdGkCVtK,211maUSfpnXbPuW1iBu8b4dtJv5EbN1j7JJiEX5TZKEP,32640.902476999992,32642.025400000006,32631.178385841016,0.9997020887775444,13.052471354336408,0.9922111425311307,18188.603281,27307.97054,45278.457341661655
Cob4usZcpHEY7Qt4ZCwj6WVg9S44zvzYV2v9qYF65dTf,NhFM9UXE48PyNAyeyPYA3iXztqKVJwA4bTdLj4ysM8w,6TuFuynuBoeskxyR2cz4wxyidk8dpDK7kAWw3UkjQGx,103.88584499999956,763.5959589999916,2.0446403442234202,0.019681606711900248,0.0008178561376893682,1.0,61872.755022,310.102615,1527.857845524755
DFWzVTzNBrQZLjoQ4yQwkj9HuoXmfkuZP9V5vbymZe23,DhgiEgiNdqZdRdo195UUHnoEJUtefK8buko8nU97XJUZ,2K2kkXsouBHtWVjtcgkyiXd8eP3oVBvq1bTJzcVdLLr2,3671.871236916997,4513.560096397004,2936.7792524314204,0.7998045309718486,1.174711700972568,0.9947637288620492,61728.284280709,7254.76151454,56587.335073038084
SoNcU2iwHMw6dGzsYNQkYFkUjwN1UdAjrWVRnStrZu2,8ivTTid27jZnYNc4w3CTA1Z6QS2twsFb8WMwUabeDJgc,CyXm53PMvHCbeXJBykU46Rcbo28xk5srhMZFg7gv6EYB,26.130566774999973,25.89235189100001,5364.220578001215,205.2852746819618,2.1456882312004857,195.63614025546167,14.873069808,20.746033088,7111.89605984769
YAkoNb6HKmSxQN9L8hiBE5tPJRsniSSMzND1boHmZxe,CfWX7o2TswwbxusJ4hCaPobu2jLCb1hfXuXJQjVq3jQF,EnTrdMMpdhugeH6Ban6gYZWXughWxKtVGfCwFn78ZmY3,7887358.737462983,7886285.144068982,7887358.737462983,1.0,788.7358737462982,0.9985421284924011,462703.544237,922666.444211,1384024.8593279673
