0,1,2,3,4,5,6,7,8,9,10,11
STK75uPSyBnEhGTTzb1nwmP3n427XoXmfRhXxxhyady,6TYyD5fUmDe6N65avW1Ny2RxzRNobw2RRgKwH9CTzSAU,54zDfk4cx2vGrEajPtodWpArNe5eUurytyxd4X3aZAxK,905.1763891889998,1016.4598847909967,128857.77517077088,142.35653593022025,12.885777517077088,160.00256004096065,1754.401721537,314.209750874,300024.9162376947
RoBgmK8CvjdHvPrqdDyVw54VwjZv2TqJ493xnqJAQHx,ExiHJxM7qPAcy27NDHAF6G7vnW7muNHi2sVJpnaNynGQ,6rkPHSqZb7StM4HwS9EuVrmfkV7tRdc7dnsFhyB6cefE,45.56423900000027,0.6341580000000029,0.0,0.0,0.0,0.954990349822515,6388.476661,17.022912,16.25671668587789
MARpDPs5A7XiyCWPNH8GsMWPLxmwNn9SBmKvPa9LzgA,6YjT74rmcfCpw8LSjPNx5JTmZoYLGrTKnf9arfSgZ4SR,F8GSmi3vA8M8TsybLya1LQ4n1aFHCRbZ6k437PeTdXtg,44266.41518899999,46550.56816800003,42269.35714149302,0.9548854805843137,16.90774285659721,1.0,295195.371824,16639.244532,298517.01902242535
HDSBGqAuMRr6X2AfmmbXQPpRgU6VEhtfNVVZ3wUTZXg,DCZ1d8kNLgDcdSd99y4udLgwq46mfDXNS9KXj96kQf5L,Fq8GGYQM5Pz3q7LmVMbrXHJgsxA5ev86kTq8yGgGuYsa,1831.9437221590015,1862.5885535829984,1821.834357841834,0.9944816185154131,0.7287337431367336,0.9999712938240681,14003.253548794,13208.567441367,27134.166527592577
AURHmCnNwiW4uA2Qj1XvEh4iKgRUZYXtiY7FKAapUV5Y,BKWm4TRnTeKwfWXRyuzjRHU7iZDkPuXBX5b5V5jSVfGJ,A5Ww74HVrkj9nPeC7pHKLfgeDMEhBCpW1efQdz3TGLEg,0.006498935000081474,0.005800111999974433,1.0197951131383647,156.91726615600558,0.00040791804525534597,142.4588279741272,289.889359136,1809.499207976,303267.78211170994
YAkoNb6HKmSxQN9L8hiBE5tPJRsniSSMzND1boHmZxe,CfWX7o2TswwbxusJ4hCaPobu2jLCb1hfXuXJQjVq3jQF,EnTrdMMpdhugeH6Ban6gYZWXughWxKtVGfCwFn78ZmY3,7873168.784418982,7876077.157011974,7873168.784418982,1.0,787.3168784418983,0.9999950000249999,1238286.22709,357507.046225,1595791.4857887065
KwnjUuZhTMTSGAaavkLEmSyfobY16JNH4poL9oeeEvE,J63v6qEZmQpDqCD8bd4PXu2Pq5ZbyXrFcSa3Xt1HdAPQ,BnKQtTdLw9qPCDgZkWX3sURkBAoKCUYL1yahh6Mw7mRK,417.56183299998344,20524.145766999944,7.38024329067731,0.01767461177582675,0.0007380243290677311,1.0,280095.451487,525.376045,5475.95441020764
heyk4SZTeCUV6a65WiVA5bzic3KcxgVf1qxobfeV4tQ,9ZDpBKPqMABtGfq66FbVribaArMvtk63xxy91onZAtDt,DaTP4s6N7xxSPinbNZ3FB52EpRDRt87QShTuN3VPCW52,160.66727427200112,139.65425699099922,26273.162829654906,163.5252913121302,10.509265131861962,142.08664756359053,626.410868354,4472.339745156,737893.7808832913
BSC8REUo9LpiiWUuqMuLXs2D2yJsJfGd4HdiF3wCLxk5,AZjEH1zWVx1UJ6udMyRijGTzPteuLnaY18yNNmprJEsh,Caf8ypkSVR8xYnXNhjvfvdGCC7mrM3C11rz8Xi6NA6aK,2174.138346790999,2168.1945347660003,2186.2228444128673,1.0055582928472353,0.874489137765147,0.9999722937676565,2072.244316053,4280.105373248,6363.749244466717
DEDaBEWzMCXohXYXoLzB4jK1xqMsd3SS9izXp2xvg9pe,GC5zHpW5GuVdw3C7covC6viyGdLS8ZAaVGDKMeru7p78,F8juxtAFueW19vxkdDArUkjVWAv9QV6yy1wCXUWQiXvh,0.08126519999999715,7889.383904419839,0.08126519999999715,1.0,3.2506079999998864e-05,0.0,41.92786763,8572786.90058816,41.92786763
ZUCKWFa4LTL833dPhhpeeRWZcaAEoMeYJPi2iKn4F8N,7eEYpq6ShaJ9opZWMxitRFrdCHh6vfyHhGfoSvFht3N2,H8VggnHmuwd1wvwpT8eg9cUJFEfZ7HAaeYjgXrSm7A2u,0.0010904000000664382,0.0010904000000664382,0.0010920164574275452,1.0014824443883057,4.3680658297101813e-07,0.9999722947676012,1817.011925129,2030.155866086,3849.8051644068164
KEVpg4SYCVrqFxKijQH6hm4QxsRdoE51ud64bEEFUC9,2bPenuBYfqzD8p5dFjCcggwkHDsc2RQDnx9AoyYGUBjA,AE6n6iLuX8oYu61vt5hoDYkjswpnxFxrhSehxrnQTnbx,4300.340457604001,4304.151636539001,4300.860483246752,1.0001209266214797,1.7203441932987005,0.9999722947676012,4283.172787786,3349.917446339,7633.515373498074
CZgvH45CRmoaNJ7395Ao5CQZXkGznvqU7cErD6n7FaRg,4ZjU6MKvtqVQKCiowhvZ5yUsPxXX5SCzd5eFsPeXyey5,BsyWeshjDbCvjDojry3vKDCesmFRM37WtwcR4Kfgzqr,1266.3697801399999,470.10606336,1336.3546180321594,1.055264140845514,0.5345418472128638,1.0,241.37528389,945.78866795,1200.503349525523
GokA1R67GqSavkd15zR62QD68Tuc5AEfvjssntVDEbM8,3YB7hfpBdbQEuZqLGWVDpRPmeZWCUsrrWyqGXegnQ6Cg,4DPCj6Z1DsG6HUtwSogBGqXEUxdEV5a8YVrrFtcnz7UW,16290.666669,16287.159566999995,16293.420257023436,1.0001690285658276,1.6293420257023437,1.0,14199.406817,18382.956688,32584.763610369875
Lee1XZJfJ9Hm2K1qTyeCz1LXNc1YBZaKZszvNY4KCDw,9DgFSWkPDGijNKcLGbr3p5xoJbHsPgXUTr6QvGBJ5vGN,2hNHZg7XBhuhHVZ3JDEi4buq2fPQwuWBdQ9xkH7t1GQX,2768.1575391989163,2342.0441101120177,465582.5007453296,168.19219793396067,46.55825007453297,142.22570137893507,7146.884119812,56497.536528354,9237451.907417653
ercAoEmXjQzEvAFbdjAo81KtMxRGn9AW1ju882upmPH,CMRhskR2Eg6V42RTSdRTXGdozyPbWB8U9dVpijPWb9T4,7TKLLgrWswt6ZJ1pXhVR3FyufHGjJFqiEXxvWJfDcgRm,110.73805594300012,110.77980254599998,15749.79767583294,142.22570137893507,6.299919070333177,138.9100533789662,316.729260507,918.420105826,172624.82714744497
daob129AwBGn9Y5r91uLoWZeYiGzbPmksauMhFZKTze,6VW5GQNyj4LStgmxEHLr5zUfW92vQnmbw8jTnCH7a38F,4VPCCUifPeBA1c7HWK358CHn2nyjm8pdTRk6Ps3KmnMQ,59.17944230899968,53.04213420499996,9385.25706363015,158.58981932654834,3.7541028254520605,142.27594561928805,48.190775995,224.039919215,39518.057821036244
KZMu9QBEdL97EFgamLbN5DE1AoKBG4HdrKKJo4Vuon3,DD4ACBWyVqdaKWh7v5btsgqQCCMwbKnuL2xd9pv7Gyuw,GcYqiJ1MAuYbNTNYXm1F1gQYTfTgkErACAhNU5dpVj9T,92.16791393999893,91.68376169999965,92.67519665117221,1.0055038970666466,0.037070078660468894,1.0,2051.00778016,2640.28964551,4702.585961374892
RajgMbScQbqqrdJfR2rxfHJiTiY5b6bJ2tTXiF4aPxy,725ZA3fhyBAKb5iopNRrcbSuQa3LXA1656Q3mBvYPxeg,GLA6i1dSZpUfk2f9Nj8uiG7xyDdAR2reff8oEiZH3617,1283.3199519399932,1282.3664423400041,1284.3030473936817,1.0007660563931873,0.5137212189574727,1.0,77382.77170601,104003.88802899,181445.93930198794
MATSnbbiTCv7Dc3trJrkrqjx7ckKdr6fwPoVwv9q3sD,631WX9JizSHJm4w6VanZeJAst9T8DeUUnPLesdGkCVtK,211maUSfpnXbPuW1iBu8b4dtJv5EbN1j7JJiEX5TZKEP,1465.4019649999937,1465.1159120000011,1466.7220148133256,1.0009008107296566,0.5866888059253302,0.9996651121874173,21910.944378,23635.41311,45558.17988999671
ionytDfEj1mXodptgrsKEZro7DGsfpzANUfarJdm6Qb,3gkSjY95an9xNFSjCfsay6JZez7uv7yfW3Ad4ubc4fMK,9wXqANaSuEqkKL9yHzCPEDGHwbkStVAqV5rB3QDs3Jr6,0.01766792500000003,0.004637630000000004,14.750448534758648,834.871584227272,0.00590017941390346,3051.199121254653,3.147444481,0.085477546,2888.5209733620577
Cob4usZcpHEY7Qt4ZCwj6WVg9S44zvzYV2v9qYF65dTf,NhFM9UXE48PyNAyeyPYA3iXztqKVJwA4bTdLj4ysM8w,6TuFuynuBoeskxyR2cz4wxyidk8dpDK7kAWw3UkjQGx,122.91673799999401,1766.4686480000023,1.763246464458502,0.0143450476570456,0.0007052985857834008,1.0,65347.815769,251.469708,1188.887239490141
KysFMBBoavfov2tLpvefWW6tPFt6rAeZWDJVy1mMQae,B8ka2V21TH3x64dFV8ETcjuQcwmrciJ2qzy1mJUttRew,7fSf7EYxBANyxzk2s5pymFgshA91tFYQNKKs5UnLWcYS,34.72859699999981,45.56423899999936,0.0,0.0,0.0,0.01767461177582675,134391.325485,2695.489727,47.64173447045423
B2izdXFYb2sNwbWWHmh75T4aQFtfXsUxem9u2p61HGzf,4DYwgJtxwuJdAjkj5RJSNH4e7U329V5cNp7d3a1nLrZv,EXNW64GEf1ACC6xY9BtKRiunrs6GoJSXBdxWN2eTPmrF,75170.63375399995,74507.49205599999,75777.383261777,1.0080716295377083,7.5777383261777,1.0,10857.471809,29003.212002,39948.32130115836
vEnkoSUkpnbRrPgBz9DfcVxNz67zjwMYBZraAvDDNSf,DtfyjjsZ5yCjWKLKHvwsfXs5QVsmm1QkK6Sh9JZHoq1g,e5wrKCRv4GhHvEf1VD5Pq2KGaZDXP77nTL612Jyrxwy,1534.003925,1533.9892409999993,1533.5315972680414,0.9996920948347909,0.15335315972680416,0.9972903620862117,946.171952,998.58252,1941.7573437125652
BUSDTd9WiT6uBHJRgNvFXBsA7JrifsAtWzKfioN7ERcy,DyBxrn7gSc1EwnpWhDyhzvMHPtxpmBqRqotapLcKcfTM,Cds99GeBgoCpqBsoRWu1C6fF9LiUMd4pXQQD24s9LPff,2734.0662536099985,2736.6639396800006,2728.64933894233,0.9980187332108298,0.272864933894233,0.9994463067460627,384.52207345,264.92590843,648.5394533778797
wrmcMSHFi3sWpAEy4rGDvQb3ezh3PhXoV2xNjgLBkKU,8p4mGnARWPBu6P2Gcw4adodLkNDorrXniZMhaY7eJXUn,AyY89zccbsgp9LKFgH4CFZMJmpSgqmPSdTfukhP227rc,0.01704906000000042,0.12784817000000384,4.723895918938581,277.07661999772796,0.0018895583675754325,3047.479734259767,27.14528939,0.08971747,7794.737204675445
parEAJhzYzHW87y9VoZAQ22dzQ2MD2ekEtTReaxbMcz,3oyc6hpjYSJEquK6dSvG72NXyz3pqLZz5D8AC71pwgQb,Di2vordgFJVZ1aj1aBpvzXtLfZgJsuLLXawGtVFwX6Rz,19.880799277999984,23.286075767000824,2762.4544835835077,138.95087641875793,1.1049817934334032,160.41698148499282,1104.941416609,141.846081125,176287.0983987524
AyiATPCAx5HZstcZ1jdH9rENwFb3yd9zEhkgspvDrCs4,DvHVapj4g2Y1tJVSw2ubSPkPBsJPb8fW387ZWXwaKmZq,DKjqWWgrtDRPKrnMWtZ4UiJk4sGQVCQgFjSo7BvfngvK,0.0001292800000000094,0.00013044999999989315,0.2715795222990345,2100.7079385753,0.00010863180891961381,2276.5042001502493,0.80222314,0.31854276,2410.400449774257
Lid8SLUxQ9RmF7XMqUA8c24RitTwzja8VSKngJxRcUa,4PgzyzLtds9bKZ2to9PMnKqJzKEUpjvNUaeN23phegax,AtymwxoVN9peZo7EXTcDz9jKVc4vRmisJKKrNfe3ewBa,313.0759942830157,265.8785855610016,52396.02487404001,167.3588069057599,5.239602487404002,141.99964755687475,985.117562059,7679.241688133,1255317.713067051
SUiuyGR7SFq3xeRVJonq84fjjeFwRSsFekcevJ53tzy,49GjCCPsv7fBqo6t3iKDrP1xxGDS8uWZbVCdfnp2gjMf,CEwj5xEbbJEjYqM8D6Ai8ByGz1mrh8mkAVsE5fzDSSSx,3.587194999999973,2.947931000000091,0.0514584832301153,0.0143450476570456,2.0583393292046123e-05,0.9548690683533474,585.573907,2.351166,10.645141290601455
KEnkcdADoLR5jS2CLLLesy8TtFsyWL37BhXNfDMzWzP,3qsjFRuw1qeLMPo4DLwaQevenGAGBj9dA3Q6rb8ax2YR,77iEv8zPQAEyCcEbvBRSB6AFcUdfkhiqnAKtPxk76rNN,0.053769999999999984,3.5441390000000013,0.0007713332125193417,0.0143450476570456,3.0853328500773667e-07,0.9995681865434133,109.086813,0.406854,1.9715338462081553
moFiBS1R4Lf3E3zzmBPnw3NF4RhWPkhREFviuzUaCAU,44ALBrpqi9PfZkBRTvbtRNtFJGsatfY4QydjtMbFWq8S,2ho8qEEie1UjVwWNBo9y4oAJZMyMLx8zPj9bxyUz6uWs,311.1265799909961,311.0720445810002,311.15753612079214,1.0000994968986479,0.12446301444831685,0.9999722957675459,31784.71937816,35329.253401533,67116.15649084686
BSCNHw8CmxbZ8hCWWzMf5FaG2ajPT6JxfznKUNuRVrn4,7n9kgNL633yGzCYksgnzHyjG73ZLBAwvEae5sbAekbzW,SscdxE99omdG9AiMVwmaEMQySQnCgeAh1sPj2Leutm2,5275.987997863999,5043.154676123999,5315.27643234828,1.007446649708109,2.1261105729393117,0.9999712958239533,3492.129016031,8210.068659524,11727.966673816747
C2ypsDADXcCRz8HbV2zX1AXPSja7a1P3xZtRC91xGhJh,J9bYNuDpY1d1T86gLaw7DGk5D3CsUAf2tzUwxMvb6FTv,A2NGvvPrMGzsJ4jb52KEnSBVmsA7C34dV1GC7PerdgvG,0.6881234059999994,0.6899007839999998,97.71269837054948,141.99880067812947,0.039085079348219795,142.08434609871196,4.050259059,2.975004191,997.8334539328919
7oAd7xG4m3oC2qeWB1szghTebAZyyGPAFDJ4wwwbRSNi,D9yh4KAysxt9GLacVe4Wwh2XqghhcjTCSTV9HuM7TBJd,HDYfJLpZKaMFb84jM4mRytn7XLR8UFZUnQpSfhJJaNEy,57.574681993003765,151.59261298999775,57.57308693063036,0.9999722957675459,0.023029234772252143,0.022772490882388814,955.432038947,300133.235258402,7790.186932859515
JSoLLrxK5bYdHwTEWYaGgmeycBCNXKDiBCTw5hXGBg7,xG4wXczA7Dk4hccJ61CHKpDHW4NrNfQwgmWgkb9BuF2,BVR6WgfhsRr9Lob4QDnkEAiNGgAbv7ZieKcY9kSg3QYR,4.469964969000074,3.808287718000006,740.877966995049,165.74581056745564,0.2963511867980196,142.07588784643073,17.22429536,163.691874551,26111.52320597635
SAMyS8Jr2HJrkFwYVKbpUwsNStnQmvz3f8Tup8bWUWF,6jPzm5TFfquvgm25sTyN3MMGBfufRaFHMxobDWv6hMFW,Cj9ECoDmxsHTDzCY5ZA6RWrPbg9uFzEC1Qc2kso2vJG6,5088.636293449996,141.02947822999909,5116.643623818746,1.0055038970666466,2.046657449527499,0.01767461177582675,422.9392811,111895.78388061,2402.9816348102104
BSCuChvaSj9b5HUSqgDVRzcnr2sSn7cXaamt1jbKH6hn,GnKpRj5kBVPMJfiwZtEuD9GYApLzPdW5JFuZTcyX4BTc,3dmwD9okkomV9nDwyuh4UMhKdUR13QpuKxRo89ycZB5t,2712.0647999930006,2707.0625908799993,2715.460426231334,1.0012520446555488,1.0861841704925337,0.9999310047606714,1507.372451205,1602.327632879,3111.47682872694
DFWzVTzNBrQZLjoQ4yQwkj9HuoXmfkuZP9V5vbymZe23,DhgiEgiNdqZdRdo195UUHnoEJUtefK8buko8nU97XJUZ,2K2kkXsouBHtWVjtcgkyiXd8eP3oVBvq1bTJzcVdLLr2,308.4937698170006,360.43095355400146,262.8952604326199,0.852189853262094,0.10515810417304798,0.9999722967674903,60952.221983386,7914.460101165,59857.10595305692
ALBpShJ9NLpE739pcHDF2LNVk5J4VYPvvKuV6jMPitZi,D6d156U1bPiJpDYRLextvDRccgFk7QzkQbJg42ceKEu5,GNcM8U5g8RwTZffwwm3kSQqUNPSwv5d2fbN9sLxPJqt2,5029.085288999995,5017.068382999998,5045.346440577978,1.0032334213169043,2.0181385762311908,1.000224050187242,41174.426866,59126.176142,100446.98450837535
BUSDgu5JdqP1rndBvXvanbEufS94FNh1w5FJcAj6vawb,Bgzr8cWubt89JQFXndVjtdKmDbGzuPxNhvjH1EhWCwbo,Dxaf8xPBBQsasRKW5Aa4Sw2YrbfGofY9xZueyyF23FBW,13288.149738899996,13230.056645920004,13350.758789782622,1.0047116454971412,5.34030351591305,1.0,5326.82710071,9694.5051738,15046.430395433112
SoN9GaFpSXfpyR5dth3x7PHPVhvJMpQqqDJfCSmPv1t,9kZ9iS68ViMPtoeqtnhAKuF2iqVyfHPdZHoUNdwCELr,BBhm5fJLjw3HRzjtKB8uMEYjGhY6EDm9co3cqpjrSzB9,3.7858584560000006,3.719743245000001,641.791124608931,169.52327512186602,0.25671644984357245,166.42396505096733,3.726716259,5.925007798,1617.8284363766493
C98Sspw7XqnMsgxea3SLQVdbMDL8pKUc3RE82UvX9eq2,CSqgQJurPCzGxb4Cgwx5R61hWQUiaoUHcShNc8r1cKEL,6S2CR5EnukPhC914XkAns8m5GixjMAoUuZMsS5ubHuWc,62.13153800000009,61.588648000000376,0.0,0.0,0.0,1.0,917.286718,1202.15132,1202.15132
FrnkTEL6yZ5Aycq2TrEgu29dCrwKG4LPUZydfiwqspkc,DjvZuMZ46fxKBoBpGMPcRcos4xdTtHFxwMh69DpA2ZFY,9rvDPJLAng4uVVqnnSoEXgNDFhBZQTny9AoQioYDZbQX,29.233494671998415,24.51007918099998,4960.760657232972,169.69441091094336,1.984304262893189,142.16118263319188,175.210404322,1440.721164645,234546.85095749277
SEQV6QiTpvTzrceiaYg9Avnwf7oc8ZALpnQMz6TyT4A,3dFMPj4r9mMmPHF32mz1gNDX7f8ftidWof7S8YiYTs1j,Fc1ED3YPeQfXQosHbd8DTaBd2AV5gHQtwiSAL5C5pUhi,1186.957838882001,1184.7712620809998,1188.6646995800334,1.0014380129117646,0.4754658798320134,0.9938530190770086,1463.772682245,4160.437480586,5600.740957023496
WiiQFxXqp8P9Fs1rt9SVcDyA3KUdJmUsog6wnVQAwba,3S2jpqSYxho6wiz3cafhjXruVY8cg4HYa2v3BqBHYFSj,Dfe67M6TfrG74gKRtdqys4e6E9QirPD53BkF4FujFjuv,28451.772942389,28509.005033960002,28400.89753420815,0.9982118721288875,2.8400897534208154,0.9999722957675459,20212.687360789,6583.007571756,26759.369685753074
NorjjEePhxfwLF4vZjUHCrVVKLzQjEEGQFd3wgjEJmh,34M8pFVqgbV7aqHxvRT5tCv3vu2P1JJYT8J3VaxBK2oG,3AZWBSze3ucsY3xSeuLne3b2pauVqiaJ1SZSV5T9WGWw,2.321633999997175,1.375402000000122,1.3775586311228845,0.5933573643065878,0.0005510234524491539,1.0,38120.259228,2262.723845,24881.660387209962
BerKDkt6v49dT1bHRedgnpsJS263C1DSJtEGvY9Mg35V,78XKqNb8wbfsMMrvo8WPUpdx7GEkfQutpNVH943aCGFa,DKYQwn4nDvFHCszi5tXbqfVMAP7DaXXp1KGTXEnYnKVH,0.0011052549998566974,0.0011052549998566974,0.0011076624721176333,1.0021782052659776,4.430649888470533e-07,0.999971296823896,1338.317413093,1742.591761445,3083.7742866565422
SoNcU2iwHMw6dGzsYNQkYFkUjwN1UdAjrWVRnStrZu2,8ivTTid27jZnYNc4w3CTA1Z6QS2twsFb8WMwUabeDJgc,CyXm53PMvHCbeXJBykU46Rcbo28xk5srhMZFg7gv6EYB,8.973982415999998,8.91352166,1510.6666702578875,168.33849234699545,0.604266668103155,166.4400585269822,22.070963803,27.678281274,8322.167526412964
KEN5P7p3asnb23Sw6yAmJRGvijfAzso3RqfyLAQhznt,9zj4aX38Uxf3h6AUjS4EipWS8mwbEofasHAf3a1uKGds,CwQDG1MWunn9cLNwcZLd8YBacweSR7ARo32w4mLua1Yr,62096.95922299905,62102.21320099977,62074.73646734373,0.9996421281181336,6.207473646734374,1.0,1050790.058124,1006691.927268,2057105.9371764525
BkwbeSfcX1h4thMDd7obGkHrPevf3QwgzJ4pCEqG18Lu,35yX27bmurdebhfAb8EPmjLETDiUaEUCn9zHaDPbakH2,2CxECn1ZJFoESyUnQysQU8rRgT3iJ5GRs2Mdd6gZjx5g,0.017750839999999712,0.012414120000001305,37.28933050437937,2100.7079385753,0.01491573220175175,1383.1258644536654,0.91365479,22.61924688,33204.58726466122
MATgk4zXLXtYkwBH678J1xZbRDZ45LicNzkRBHkxTuY,y8dALFo1bJrSzPYjMX14HJX448pXqYmrfXHD1K8MXih,GN7Yuet3UyiWS5YVkEHv6oQKi4HGBJc3XDPt9zQhAqZz,1114.2228350000014,1112.5792989999995,1116.9795405059701,1.0024741060938396,0.44679181620238806,1.0,3681.212886,6383.863045,10074.183642233973
Sid7E679i9ABqptiAVhkmQ27YHN8vaYT4fppPwmxFsJ,GP7KB8o1bv527HG8kTzzzf4wJ5aEGHvcMQvVhLziUfmT,9gYxhAZ1M9wu5pxr8SBoa5NDm21gi3s9vMHaYTME77sa,1509.347396000001,1859.6885910000128,21.65166032665769,0.0143450476570456,0.008660664130663078,0.01767461177582675,104131.951636,27331.818458,1976.8570892121134
HEDSDjj84KS7LKhZY7ejkCACTdPen62rKhCby1wXtgxc,EnnjMSFttpCTywBrYNt1J5QQeoSVkvzPipJDa8Y7kJow,6bjVT6JN2rSvpyn9PdfLYC8wJn4LWh49jpY47fnLDXZk,16.507986485996298,16.95571698700769,15.988272375660518,0.968517413630266,0.006395308950264207,0.9999722967674903,39141.670110759,9081.934864622,46991.0723665102
ALLwa5WNZbvQsRKAqe1jdRGemdYQnW8E5k4msbRFcYtu,CGoM82Hbz7QVqTgvQatYtjvDWBvoUJp5qm21P8iMs9yb,3dxNNww8TivyN5FMy5dCNdi3Zcxv6e4kUfSPxfFwpdNq,0.7596097760000005,0.7578699350000009,2319.6316487006457,3053.714844107857,0.9278526594802583,3047.7212188446697,2.097716288,6.532842066,26316.108751301683
AUSejoEUCh2DBs9mof6BNC8Pubs22w4cJa1ccV9h44R,4xkyD7AfGQDwsQMy9MosRRNGoVJ1zosNinesxg1TzHG7,Cbm5gsQe3nSiCsFrvepVzMCD9xLK3ri9g3ypS2hdmVJ7,4541.6246869999995,4551.646295000004,4540.652987260726,0.9997860457862018,0.4540652987260726,1.0,14431.578121,14443.284555,28871.774979049253
BUSD5rCfUDpCxKGMvYU2yThChxgHoioK74PTPociGnv2,CcFHbafgYDZ8yA8Me1PdtDiVb2eeaS61LbqyKKK5CsNZ,26R9s4nmF3CFDTkiePDwRmtscn8i7r2eygbSijditJ58,709.63050511,712.0782173400003,707.9577919961171,0.9976428393342199,0.0707957791996117,1.0,86.08161137,61.56123098,147.43993416163167
