0,1,2,3,4,5,6,7,8,9,10,11
BSC8REUo9LpiiWUuqMuLXs2D2yJsJfGd4HdiF3wCLxk5,AZjEH1zWVx1UJ6udMyRijGTzPteuLnaY18yNNmprJEsh,Caf8ypkSVR8xYnXNhjvfvdGCC7mrM3C11rz8Xi6NA6aK,87.12894379499994,86.94587250299946,87.35196935818176,1.0025597184295791,0.03494078774327271,0.9975081279381223,2677.658508109,3669.076748383,6344.446438481145
BSCNHw8CmxbZ8hCWWzMf5FaG2ajPT6JxfznKUNuRVrn4,7n9kgNL633yGzCYksgnzHyjG73ZLBAwvEae5sbAekbzW,SscdxE99omdG9AiMVwmaEMQySQnCgeAh1sPj2Leutm2,1.5013593499998024,1.5039201839999805,1.5039246890892373,1.0017086775990274,0.000601569875635695,0.9964126950868942,5278.815453896,6410.083579588,11674.923902880997
ALBpShJ9NLpE739pcHDF2LNVk5J4VYPvvKuV6jMPitZi,D6d156U1bPiJpDYRLextvDRccgFk7QzkQbJg42ceKEu5,GNcM8U5g8RwTZffwwm3kSQqUNPSwv5d2fbN9sLxPJqt2,456.5458570000046,455.956769000004,455.1435596925918,0.9969284634042516,0.18205742387703672,0.9990059890409042,44260.676112,56063.050015,100132.05055445418
AURHmCnNwiW4uA2Qj1XvEh4iKgRUZYXtiY7FKAapUV5Y,BKWm4TRnTeKwfWXRyuzjRHU7iZDkPuXBX5b5V5jSVfGJ,A5Ww74HVrkj9nPeC7pHKLfgeDMEhBCpW1efQdz3TGLEg,0.02688111000003346,0.03014364000000569,4.45945522240423,165.89550142827733,0.0017837820889616924,149.17969813488082,289.887793098,1809.500416274,318031.8066686259
vEnkoSUkpnbRrPgBz9DfcVxNz67zjwMYBZraAvDDNSf,DtfyjjsZ5yCjWKLKHvwsfXs5QVsmm1QkK6Sh9JZHoq1g,e5wrKCRv4GhHvEf1VD5Pq2KGaZDXP77nTL612Jyrxwy,5076.243678999998,5076.248105000001,5032.855432317985,0.9914526863906264,0.5032855432317985,0.9922603691208572,935.835912,1006.744865,1926.7900603286494
SQDY9uoDoCbNq7F3HAHYYQZbrUzpKxDtdWLvYcqBLak,GiehZ4X2uQjhEKuxSm3ACmEFrabxh3RTvjbLfLjw1xGX,rxDQYV77NKRKYxCjq4cECX3QQsiSyLv1T1FT2X3zNA2,0.0037102200000163066,0.0012357379999912155,0.0037184713027109077,1.00222393892938,1.4873885210843631e-06,0.9981111564814736,168.73007208,237.829409948,406.4855048643606
KZMu9QBEdL97EFgamLbN5DE1AoKBG4HdrKKJo4Vuon3,DD4ACBWyVqdaKWh7v5btsgqQCCMwbKnuL2xd9pv7Gyuw,GcYqiJ1MAuYbNTNYXm1F1gQYTfTgkErACAhNU5dpVj9T,328.3752974599979,328.1988821099985,329.2216572041217,1.0025774159952665,0.13168866288164868,1.0,2216.36754304,2473.85877553,4695.938819726821
Lid8SLUxQ9RmF7XMqUA8c24RitTwzja8VSKngJxRcUa,4PgzyzLtds9bKZ2to9PMnKqJzKEUpjvNUaeN23phegax,AtymwxoVN9peZo7EXTcDz9jKVc4vRmisJKKrNfe3ewBa,512.0919004810266,435.21688175999884,89437.08766877378,174.650463295284,8.943708766877378,148.3747328512935,987.717880675,7675.713728202,1311387.3593299026
wrmcMSHFi3sWpAEy4rGDvQb3ezh3PhXoV2xNjgLBkKU,8p4mGnARWPBu6P2Gcw4adodLkNDorrXniZMhaY7eJXUn,AyY89zccbsgp9LKFgH4CFZMJmpSgqmPSdTfukhP227rc,0.008612499999999981,0.10366649999999211,2.35442864953526,273.3734281027884,0.0009417714598141041,3245.5941060011037,27.1891669,0.08585079,7711.432580731403
heyk4SZTeCUV6a65WiVA5bzic3KcxgVf1qxobfeV4tQ,9ZDpBKPqMABtGfq66FbVribaArMvtk63xxy91onZAtDt,DaTP4s6N7xxSPinbNZ3FB52EpRDRt87QShTuN3VPCW52,194.30885608500012,167.50478344900023,33397.72907254112,171.8796031506219,13.35909162901645,148.88090688720098,621.635277075,4477.267472499,773426.0664102952
KEN5P7p3asnb23Sw6yAmJRGvijfAzso3RqfyLAQhznt,9zj4aX38Uxf3h6AUjS4EipWS8mwbEofasHAf3a1uKGds,CwQDG1MWunn9cLNwcZLd8YBacweSR7ARo32w4mLua1Yr,1389088.7632680014,1393351.5144809973,1382194.377711974,0.9950367566577909,138.2194377711974,1.0,1609165.127076,607236.671002,2208415.1199745247
MATgk4zXLXtYkwBH678J1xZbRDZ45LicNzkRBHkxTuY,y8dALFo1bJrSzPYjMX14HJX448pXqYmrfXHD1K8MXih,GN7Yuet3UyiWS5YVkEHv6oQKi4HGBJc3XDPt9zQhAqZz,15599.553412000001,15536.570802000002,15646.006405016495,1.002977841210554,6.258402562006598,1.0,5067.205812,9721.832751,14804.127897289334
GokA1R67GqSavkd15zR62QD68Tuc5AEfvjssntVDEbM8,3YB7hfpBdbQEuZqLGWVDpRPmeZWCUsrrWyqGXegnQ6Cg,4DPCj6Z1DsG6HUtwSogBGqXEUxdEV5a8YVrrFtcnz7UW,74355.52341399994,74327.67179099994,74373.81937356583,1.0002460605308905,7.437381937356583,1.0,30372.824941,40326.366286,70706.66478042962
C98Sspw7XqnMsgxea3SLQVdbMDL8pKUc3RE82UvX9eq2,CSqgQJurPCzGxb4Cgwx5R61hWQUiaoUHcShNc8r1cKEL,6S2CR5EnukPhC914XkAns8m5GixjMAoUuZMsS5ubHuWc,246.9334830000007,238.67476699999986,0.0,0.0,0.0,1.0,925.410669,3925.256818,3925.256818
RoBgmK8CvjdHvPrqdDyVw54VwjZv2TqJ493xnqJAQHx,ExiHJxM7qPAcy27NDHAF6G7vnW7muNHi2sVJpnaNynGQ,6rkPHSqZb7StM4HwS9EuVrmfkV7tRdc7dnsFhyB6cefE,1.7950230000000005,98.97958300000028,0.0,0.0,0.0,0.9176425029983968,6282.264629,18.67203,17.134248345261152
FrnkTEL6yZ5Aycq2TrEgu29dCrwKG4LPUZydfiwqspkc,DjvZuMZ46fxKBoBpGMPcRcos4xdTtHFxwMh69DpA2ZFY,9rvDPJLAng4uVVqnnSoEXgNDFhBZQTny9AoQioYDZbQX,419.6595071669976,351.1444273989995,74239.24097902609,176.90351275536244,29.695696391610433,148.4834788372437,176.9484098,1440.054785364,245127.13951716243
AUSejoEUCh2DBs9mof6BNC8Pubs22w4cJa1ccV9h44R,4xkyD7AfGQDwsQMy9MosRRNGoVJ1zosNinesxg1TzHG7,Cbm5gsQe3nSiCsFrvepVzMCD9xLK3ri9g3ypS2hdmVJ7,2566.0074879999975,2568.900011000007,2561.847048393406,0.9983786330998458,0.25618470483934064,1.0,14916.053314,13957.713834,28849.582752875744
YAkoNb6HKmSxQN9L8hiBE5tPJRsniSSMzND1boHmZxe,CfWX7o2TswwbxusJ4hCaPobu2jLCb1hfXuXJQjVq3jQF,EnTrdMMpdhugeH6Ban6gYZWXughWxKtVGfCwFn78ZmY3,14318565.558175076,14317060.248823017,14318565.558175076,1.0,1431.8565558175076,0.996427806314363,964945.99247,438332.749702,1401712.9326913068
BUSDTd9WiT6uBHJRgNvFXBsA7JrifsAtWzKfioN7ERcy,DyBxrn7gSc1EwnpWhDyhzvMHPtxpmBqRqotapLcKcfTM,Cds99GeBgoCpqBsoRWu1C6fF9LiUMd4pXQQD24s9LPff,4365.585250450002,4388.5098174099985,4365.536356442809,0.9999888001254384,0.4365536356442809,0.9963056984700729,328.88115794,317.57773596,645.2819825564576
JSoLLrxK5bYdHwTEWYaGgmeycBCNXKDiBCTw5hXGBg7,xG4wXczA7Dk4hccJ61CHKpDHW4NrNfQwgmWgkb9BuF2,BVR6WgfhsRr9Lob4QDnkEAiNGgAbv7ZieKcY9kSg3QYR,2.702449167999987,2.3088011139999907,468.6401719148394,173.4131311197494,0.1874560687659358,148.27199370377807,17.218416422,163.680489035,27255.131944291566
DFWzVTzNBrQZLjoQ4yQwkj9HuoXmfkuZP9V5vbymZe23,DhgiEgiNdqZdRdo195UUHnoEJUtefK8buko8nU97XJUZ,2K2kkXsouBHtWVjtcgkyiXd8eP3oVBvq1bTJzcVdLLr2,3661.8892043589995,4469.943021640982,3049.317295830903,0.8327169735777614,1.2197269183323611,0.9922338028927332,60913.677516678,7942.296445182,58604.4681966842
BkwbeSfcX1h4thMDd7obGkHrPevf3QwgzJ4pCEqG18Lu,35yX27bmurdebhfAb8EPmjLETDiUaEUCn9zHaDPbakH2,2CxECn1ZJFoESyUnQysQU8rRgT3iJ5GRs2Mdd6gZjx5g,0.01541886999999953,0.010451969999999089,26.512947933144524,1719.513033908797,0.01060517917325781,1114.8272017837235,0.85842642,22.70444868,26787.61240780822
daob129AwBGn9Y5r91uLoWZeYiGzbPmksauMhFZKTze,6VW5GQNyj4LStgmxEHLr5zUfW92vQnmbw8jTnCH7a38F,4VPCCUifPeBA1c7HWK358CHn2nyjm8pdTRk6Ps3KmnMQ,33.845194420999576,30.340075644999928,5600.038655018848,165.46037778244377,2.2400154620075394,148.31852768350487,48.42625389,223.612178382,41178.45533294744
SEQV6QiTpvTzrceiaYg9Avnwf7oc8ZALpnQMz6TyT4A,3dFMPj4r9mMmPHF32mz1gNDX7f8ftidWof7S8YiYTs1j,Fc1ED3YPeQfXQosHbd8DTaBd2AV5gHQtwiSAL5C5pUhi,18.326630199999954,18.373145999999906,18.325400785512056,0.9999329165004979,0.007330160314204823,0.9979522020813292,1287.190453619,4335.38151568,5613.607634814392
Sid7E679i9ABqptiAVhkmQ27YHN8vaYT4fppPwmxFsJ,GP7KB8o1bv527HG8kTzzzf4wJ5aEGHvcMQvVhLziUfmT,9gYxhAZ1M9wu5pxr8SBoa5NDm21gi3s9vMHaYTME77sa,2966.3056590000015,3700.5444780000034,45.797353343222056,0.015439188879362225,0.018318941337288824,0.01912664048956396,105130.025312,26520.405357,2130.368576584945
HEDSDjj84KS7LKhZY7ejkCACTdPen62rKhCby1wXtgxc,EnnjMSFttpCTywBrYNt1J5QQeoSVkvzPipJDa8Y7kJow,6bjVT6JN2rSvpyn9PdfLYC8wJn4LWh49jpY47fnLDXZk,27.827079923999918,28.737602890993003,26.364170714559126,0.9474285762848196,0.01054566828582365,0.9916881990768364,39125.989146766,9097.05460641,46090.521892590186
C2ypsDADXcCRz8HbV2zX1AXPSja7a1P3xZtRC91xGhJh,J9bYNuDpY1d1T86gLaw7DGk5D3CsUAf2tzUwxMvb6FTv,A2NGvvPrMGzsJ4jb52KEnSBVmsA7C34dV1GC7PerdgvG,1.629835398,1.6270400169999997,241.52429342563752,148.18937772612884,0.09660971737025502,147.92140107600986,2.782006689,2.240566992,743.6916487341391
BUSD5rCfUDpCxKGMvYU2yThChxgHoioK74PTPociGnv2,CcFHbafgYDZ8yA8Me1PdtDiVb2eeaS61LbqyKKK5CsNZ,26R9s4nmF3CFDTkiePDwRmtscn8i7r2eygbSijditJ58,721.86319763,726.21026097,719.8398358274643,0.9971970287317893,0.07198398358274644,1.0,88.66101973,58.54654433,146.95904976908656
ercAoEmXjQzEvAFbdjAo81KtMxRGn9AW1ju882upmPH,CMRhskR2Eg6V42RTSdRTXGdozyPbWB8U9dVpijPWb9T4,7TKLLgrWswt6ZJ1pXhVR3FyufHGjJFqiEXxvWJfDcgRm,40.33971662499994,40.32885262699995,5995.375565953152,148.62215373713377,2.398150226381261,147.60644343455397,917.641449522,923.090696029,272635.9831947926
oKQqupM9E7SSLAFDLxr7mdsXP7znck9qRbVWc6Yyj7Q,CMR2J7CwfW98RpvnJmFBgRFTLAd3x8CJ1SWs8Bt3uunG,FmRb5jHfSNj1YWP3b45d9vvYuhwjp4om8bALmtqZpr1v,0.001307609999912529,0.001307609999912529,0.0013236351715159623,1.0122553143555841,5.294540686063851e-07,1.0,2176.27630641,3719.60569329,5922.552949959664
KEVpg4SYCVrqFxKijQH6hm4QxsRdoE51ud64bEEFUC9,2bPenuBYfqzD8p5dFjCcggwkHDsc2RQDnx9AoyYGUBjA,AE6n6iLuX8oYu61vt5hoDYkjswpnxFxrhSehxrnQTnbx,1019.4678445269997,1022.078656961,1015.9907685203541,0.9965893225320326,0.4063963074081417,0.9992018495529993,6007.46252538,1622.035245501,7607.713625649781
Dg3mAgpwDfVNnbGWcsxL8sUcSkEbjSJQhKAWNigG44Ju,EATxwd8YA2wV93VJcKMmH2Kn2Y9XfJVUB9hHVu3udwEy,GiGvrRi7NMHfHKanG2B8xyCEqe8jaafWins8bhrLVEaa,0.351167787,0.364443599,61.983164343702754,176.50583748931035,0.024793265737481102,175.53455538150328,0.230961906,0.228269047,80.83523031916185
SoN9GaFpSXfpyR5dth3x7PHPVhvJMpQqqDJfCSmPv1t,9kZ9iS68ViMPtoeqtnhAKuF2iqVyfHPdZHoUNdwCELr,BBhm5fJLjw3HRzjtKB8uMEYjGhY6EDm9co3cqpjrSzB9,1.7199579379999976,1.6894767730000004,304.4404500801915,177.0045902600392,0.12177618003207662,173.57296122067615,3.773351373,5.861549695,1685.3070515883226
RajgMbScQbqqrdJfR2rxfHJiTiY5b6bJ2tTXiF4aPxy,725ZA3fhyBAKb5iopNRrcbSuQa3LXA1656Q3mBvYPxeg,GLA6i1dSZpUfk2f9Nj8uiG7xyDdAR2reff8oEiZH3617,19396.487655190052,19403.853817669966,19391.877430249784,0.9997623165068736,7.756750972099915,1.0,107615.45849619,74241.07647976,181830.95655786022
STK75uPSyBnEhGTTzb1nwmP3n427XoXmfRhXxxhyady,6TYyD5fUmDe6N65avW1Ny2RxzRNobw2RRgKwH9CTzSAU,54zDfk4cx2vGrEajPtodWpArNe5eUurytyxd4X3aZAxK,2205.373494586982,2473.0111703830135,328313.61496436456,148.86984711215572,32.831361496436465,167.1597042142466,3928.159640629,709.725106509,703421.964010049
HDSBGqAuMRr6X2AfmmbXQPpRgU6VEhtfNVVZ3wUTZXg,DCZ1d8kNLgDcdSd99y4udLgwq46mfDXNS9KXj96kQf5L,Fq8GGYQM5Pz3q7LmVMbrXHJgsxA5ev86kTq8yGgGuYsa,15.252449314008118,15.285193413990783,15.160623826033026,0.9939796234634422,0.00606424953041321,1.0,72752.929159293,71355.254496613,143670.18362822954
MATSnbbiTCv7Dc3trJrkrqjx7ckKdr6fwPoVwv9q3sD,631WX9JizSHJm4w6VanZeJAst9T8DeUUnPLesdGkCVtK,211maUSfpnXbPuW1iBu8b4dtJv5EbN1j7JJiEX5TZKEP,50687.36894,50772.540438,50502.5296813662,0.9963533467508917,20.20101187254648,0.9984175082494248,25100.940814,20420.840226,45397.930801427494
moFiBS1R4Lf3E3zzmBPnw3NF4RhWPkhREFviuzUaCAU,44ALBrpqi9PfZkBRTvbtRNtFJGsatfY4QydjtMbFWq8S,2ho8qEEie1UjVwWNBo9y4oAJZMyMLx8zPj9bxyUz6uWs,2318.668762469002,2318.4423532250003,2318.8963575086987,1.0000981576339754,0.9275585430034795,1.0,33421.941254905,33687.904940381,67113.12681396244
KwnjUuZhTMTSGAaavkLEmSyfobY16JNH4poL9oeeEvE,J63v6qEZmQpDqCD8bd4PXu2Pq5ZbyXrFcSa3Xt1HdAPQ,BnKQtTdLw9qPCDgZkWX3sURkBAoKCUYL1yahh6Mw7mRK,750.8459130000166,34643.20602399951,14.365686357812262,0.01913266904578855,0.0014365686357812263,1.0,278754.425777,549.90739,5883.223563440171
B2izdXFYb2sNwbWWHmh75T4aQFtfXsUxem9u2p61HGzf,4DYwgJtxwuJdAjkj5RJSNH4e7U329V5cNp7d3a1nLrZv,EXNW64GEf1ACC6xY9BtKRiunrs6GoJSXBdxWN2eTPmrF,17137.761312999985,16944.268113,16912.05305295524,0.9868297698910342,1.6912053052955245,1.0,9947.667465,29847.624127,39664.27852243848
Cob4usZcpHEY7Qt4ZCwj6WVg9S44zvzYV2v9qYF65dTf,NhFM9UXE48PyNAyeyPYA3iXztqKVJwA4bTdLj4ysM8w,6TuFuynuBoeskxyR2cz4wxyidk8dpDK7kAWw3UkjQGx,65.25651999999997,3862.7118439999904,1.0099129339293833,0.015476046438415408,0.0004039651735717534,1.0,64432.871709,265.011263,1262.1773777289463
ALLwa5WNZbvQsRKAqe1jdRGemdYQnW8E5k4msbRFcYtu,CGoM82Hbz7QVqTgvQatYtjvDWBvoUJp5qm21P8iMs9yb,3dxNNww8TivyN5FMy5dCNdi3Zcxv6e4kUfSPxfFwpdNq,3.3562016400000028,3.355102223000002,10932.252899022811,3257.328990228013,4.372901159609124,3266.692800209068,3.213695735,5.407661644,28133.233641809155
Lee1XZJfJ9Hm2K1qTyeCz1LXNc1YBZaKZszvNY4KCDw,9DgFSWkPDGijNKcLGbr3p5xoJbHsPgXUTr6QvGBJ5vGN,2hNHZg7XBhuhHVZ3JDEi4buq2fPQwuWBdQ9xkH7t1GQX,4102.94503225521,3475.8564640790128,723443.5585251658,176.32299551610623,72.34435585251657,149.31401409076352,7174.017369886,56424.51355231,9689914.844156971
ZUCKWFa4LTL833dPhhpeeRWZcaAEoMeYJPi2iKn4F8N,7eEYpq6ShaJ9opZWMxitRFrdCHh6vfyHhGfoSvFht3N2,H8VggnHmuwd1wvwpT8eg9cUJFEfZ7HAaeYjgXrSm7A2u,0.029580035999970278,0.029580035999970278,0.029628411492550626,1.0016354101996494,1.185136459702025e-05,1.0,1805.111925129,2042.056104091,3850.1201276738648
SAMyS8Jr2HJrkFwYVKbpUwsNStnQmvz3f8Tup8bWUWF,6jPzm5TFfquvgm25sTyN3MMGBfufRaFHMxobDWv6hMFW,Cj9ECoDmxsHTDzCY5ZA6RWrPbg9uFzEC1Qc2kso2vJG6,4773.643591080032,135.38429169000256,4786.013425659723,1.0025912773636485,1.9144053702638895,0.019271332049310173,446.94213257,110576.81648995,2579.062831134452
WiiQFxXqp8P9Fs1rt9SVcDyA3KUdJmUsog6wnVQAwba,3S2jpqSYxho6wiz3cafhjXruVY8cg4HYa2v3BqBHYFSj,Dfe67M6TfrG74gKRtdqys4e6E9QirPD53BkF4FujFjuv,8517.845558073997,8547.585290916002,8473.06372169211,0.9947425864819256,0.8473063721692109,1.0,22779.71099352,4012.105791797,26672.054424801838
ACUSESXyNnwRLAg1dpSGMLSzUDdLjUMybY8rkXiAKhCP,AhFPQdu8GKBsxuhiH46UmCu1YpaLgNpoP325HnYtsgas,A8wxWpT3aFEr2XqZp1kDmbxbFfcBE95UUmdsNTDBJYbT,15.053538871,15.061297620000005,15.053538871,1.0,0.0060214155484,0.9878794121167949,1044.547352481,1841.328673742,2863.5580402110445
MARpDPs5A7XiyCWPNH8GsMWPLxmwNn9SBmKvPa9LzgA,6YjT74rmcfCpw8LSjPNx5JTmZoYLGrTKnf9arfSgZ4SR,F8GSmi3vA8M8TsybLya1LQ4n1aFHCRbZ6k437PeTdXtg,64931.34568099994,69906.5902359992,60319.497835027265,0.9289734750203678,24.127799134010907,1.0,321503.726663,13729.330446,312397.76463612553
KysFMBBoavfov2tLpvefWW6tPFt6rAeZWDJVy1mMQae,B8ka2V21TH3x64dFV8ETcjuQcwmrciJ2qzy1mJUttRew,7fSf7EYxBANyxzk2s5pymFgshA91tFYQNKKs5UnLWcYS,98.97958300000755,73.63941900000009,0.0,0.0,0.0,0.019271332049310173,134497.537517,2615.275586,50.39984421826025
BUSDgu5JdqP1rndBvXvanbEufS94FNh1w5FJcAj6vawb,Bgzr8cWubt89JQFXndVjtdKmDbGzuPxNhvjH1EhWCwbo,Dxaf8xPBBQsasRKW5Aa4Sw2YrbfGofY9xZueyyF23FBW,9805.731831399993,9759.787483659997,9835.670037286287,1.003053133249109,3.934268014914515,1.0,5212.71931313,9779.97661186,15008.61105164319
BkMBnJpvHKtWhUvrgRrLesXfi9RUV3ELgdBaJcdH7hcY,5uerVwBnZQsuVhZ15igs7ZgmcqhHnYWbwoRtLyRqLvR,9YWiQh5d4jCtgMdzcGLv9bWgnLaFtzvDDh2nnhJdzhBX,0.0012210659999709605,0.0012210659999709605,0.0012255922112801875,1.003706770403348,4.90236884512075e-07,1.0,1114.150430735,1759.273356807,2877.5536873835263
BerKDkt6v49dT1bHRedgnpsJS263C1DSJtEGvY9Mg35V,78XKqNb8wbfsMMrvo8WPUpdx7GEkfQutpNVH943aCGFa,DKYQwn4nDvFHCszi5tXbqfVMAP7DaXXp1KGTXEnYnKVH,0.0035975009986941586,0.0012141170000177226,0.0036629736453025795,1.0181994797589178,1.4651894581210317e-06,1.0,1339.269355658,5107.733238061,6471.376599249036
NorjjEePhxfwLF4vZjUHCrVVKLzQjEEGQFd3wgjEJmh,34M8pFVqgbV7aqHxvRT5tCv3vu2P1JJYT8J3VaxBK2oG,3AZWBSze3ucsY3xSeuLne3b2pauVqiaJ1SZSV5T9WGWw,0.003756999999495747,0.0013470000003508176,0.0022278040857676385,0.5929742044361586,8.911216343070555e-07,1.0,38120.278942,2260.684254,24865.026332516896
parEAJhzYzHW87y9VoZAQ22dzQ2MD2ekEtTReaxbMcz,3oyc6hpjYSJEquK6dSvG72NXyz3pqLZz5D8AC71pwgQb,Di2vordgFJVZ1aj1aBpvzXtLfZgJsuLLXawGtVFwX6Rz,18.96535789799998,22.442671047999966,2713.673292492829,143.08579395588436,1.0854693169971317,171.18993266244,1106.12769412,140.765337855,182368.76803835484
SoNcU2iwHMw6dGzsYNQkYFkUjwN1UdAjrWVRnStrZu2,8ivTTid27jZnYNc4w3CTA1Z6QS2twsFb8WMwUabeDJgc,CyXm53PMvHCbeXJBykU46Rcbo28xk5srhMZFg7gv6EYB,7.479141105,7.4166559580000015,1321.6858068042472,176.71625501498642,0.5286743227216989,173.29076387955044,15.970000326,19.645199062,6226.49020221864
