0,1,2,3,4,5,6,7,8,9,10,11
AUSejoEUCh2DBs9mof6BNC8Pubs22w4cJa1ccV9h44R,4xkyD7AfGQDwsQMy9MosRRNGoVJ1zosNinesxg1TzHG7,Cbm5gsQe3nSiCsFrvepVzMCD9xLK3ri9g3ypS2hdmVJ7,424.4825159999982,424.62241599999834,424.4146096624522,0.9998400255959047,0.04244146096624522,1.0,14528.238553,14346.103535,28872.01794169493
MATSnbbiTCv7Dc3trJrkrqjx7ckKdr6fwPoVwv9q3sD,631WX9JizSHJm4w6VanZeJAst9T8DeUUnPLesdGkCVtK,211maUSfpnXbPuW1iBu8b4dtJv5EbN1j7JJiEX5TZKEP,8083.3852830000105,8077.802247999993,8090.278200026433,1.0008527265229976,3.2361112800105736,0.9978526211592653,21143.170311,24402.82119,45511.618741226805
SoN9GaFpSXfpyR5dth3x7PHPVhvJMpQqqDJfCSmPv1t,9kZ9iS68ViMPtoeqtnhAKuF2iqVyfHPdZHoUNdwCELr,BBhm5fJLjw3HRzjtKB8uMEYjGhY6EDm9co3cqpjrSzB9,3.5761558030000025,3.5110079239999985,554.335502681032,155.00876729587827,0.22173420107241285,151.88231550665282,3.815894961,5.83191883,1477.262509782413
ALBpShJ9NLpE739pcHDF2LNVk5J4VYPvvKuV6jMPitZi,D6d156U1bPiJpDYRLextvDRccgFk7QzkQbJg42ceKEu5,GNcM8U5g8RwTZffwwm3kSQqUNPSwv5d2fbN9sLxPJqt2,9661.601623000024,9633.063205999992,9675.37936321324,1.0014260306676708,3.870151745285296,0.9973231845726073,41678.11405,58618.522585,100199.15993821947
iLiUBQ7Z7im6Ew3b4ewwPcehzWgEQRJ1iQz7g6D62NW,GpugBvKWM3TVhYcZjemSdtehBWgfvuGr6uAm9iPjXT6v,92fMXJ3xy8tEyMUWLHKRLyhPw2nECBo77GtDiBBbYrjX,0.0010766840000542288,0.0010766840000542288,0.001053002760873268,0.9780053951022137,4.212011043493072e-07,1.0,1865.637227489,1097.917861015,2922.521134802778
SRMuKizofcAMicegrfSv7xs9q76tH1w8aAF7oX9FEWu,72Hj2KWntXPfbie4UgKeTPnm1XVkomDfCnRPKbvfTtPi,6aqJQ5wedqpUt4fFEDUqUmXhrdxCu4bEJsQdVPCADLko,0.025744999999915308,0.025744999999915308,0.0010288620893159918,0.03996356921030788,4.115448357263967e-07,0.04020584427327655,17971.450574,3892.87454,874.7196163543193
MATgk4zXLXtYkwBH678J1xZbRDZ45LicNzkRBHkxTuY,y8dALFo1bJrSzPYjMX14HJX448pXqYmrfXHD1K8MXih,GN7Yuet3UyiWS5YVkEHv6oQKi4HGBJc3XDPt9zQhAqZz,14374.617660000014,14357.208063999999,14417.755584709465,1.0030009789289553,5.767102233883786,1.0,4213.257188,8118.953763,12344.854847043458
HDSBGqAuMRr6X2AfmmbXQPpRgU6VEhtfNVVZ3wUTZXg,DCZ1d8kNLgDcdSd99y4udLgwq46mfDXNS9KXj96kQf5L,Fq8GGYQM5Pz3q7LmVMbrXHJgsxA5ev86kTq8yGgGuYsa,50.53004811700521,50.655375718997675,50.36160526743858,0.9966664815126122,0.02014464210697543,1.0,59243.364528041,57855.385292784,116901.26096991572
SEQV6QiTpvTzrceiaYg9Avnwf7oc8ZALpnQMz6TyT4A,3dFMPj4r9mMmPHF32mz1gNDX7f8ftidWof7S8YiYTs1j,Fc1ED3YPeQfXQosHbd8DTaBd2AV5gHQtwiSAL5C5pUhi,466.0146500210003,464.49844871100004,467.2195152396809,1.0025854663981622,0.18688780609587236,0.9978327073596148,921.984823004,4703.190303947,5617.365697998416
7dwD9TF6uikvHXxPFK9AsSim54yJoujQjY9vU6gNFumk,CquVr6atkvwueDYficKjn6SSEWq4F4rH4VSiBbW4GBWU,8BCa6ge3b7ho3TfZuM64Vk1hgbrJ3J7EPiAb9uP86CGd,6.50699999999978e-06,6.531000000000592e-06,0.000996778660143786,153.18559399782077,3.9871146405751446e-07,153.87515339429353,0.003912348,0.003595706,1.152605164616968
KwnjUuZhTMTSGAaavkLEmSyfobY16JNH4poL9oeeEvE,J63v6qEZmQpDqCD8bd4PXu2Pq5ZbyXrFcSa3Xt1HdAPQ,BnKQtTdLw9qPCDgZkWX3sURkBAoKCUYL1yahh6Mw7mRK,306.4744800000093,15390.126042000275,5.064263501905599,0.016524258404502213,0.00050642635019056,1.0,281282.128355,505.003547,5152.982120506379
BUSDgu5JdqP1rndBvXvanbEufS94FNh1w5FJcAj6vawb,Bgzr8cWubt89JQFXndVjtdKmDbGzuPxNhvjH1EhWCwbo,Dxaf8xPBBQsasRKW5Aa4Sw2YrbfGofY9xZueyyF23FBW,22332.13309964999,22239.635667130024,22438.858594003475,1.0047790103111627,8.97554343760139,1.0,5189.91868203,9822.00343057,15036.724787495517
BkMBnJpvHKtWhUvrgRrLesXfi9RUV3ELgdBaJcdH7hcY,5uerVwBnZQsuVhZ15igs7ZgmcqhHnYWbwoRtLyRqLvR,9YWiQh5d4jCtgMdzcGLv9bWgnLaFtzvDDh2nnhJdzhBX,0.001032548000011957,0.001032548000011957,0.0010363759405676465,1.0037072761320978,4.145503762270586e-07,1.0,1114.122438073,1759.334052029,2877.5868496249027
B2izdXFYb2sNwbWWHmh75T4aQFtfXsUxem9u2p61HGzf,4DYwgJtxwuJdAjkj5RJSNH4e7U329V5cNp7d3a1nLrZv,EXNW64GEf1ACC6xY9BtKRiunrs6GoJSXBdxWN2eTPmrF,184944.63379900044,183665.3107060001,185048.07567330182,1.0005593126557746,18.504807567330182,1.0,12419.910119,27407.851089,39834.70782091314
vEnkoSUkpnbRrPgBz9DfcVxNz67zjwMYBZraAvDDNSf,DtfyjjsZ5yCjWKLKHvwsfXs5QVsmm1QkK6Sh9JZHoq1g,e5wrKCRv4GhHvEf1VD5Pq2KGaZDXP77nTL612Jyrxwy,4261.528733000001,4260.449953,4255.022803134009,0.9984733342718983,0.425502280313401,0.995821532848169,860.423809,1084.044865,1938.6254485996437
C98Sspw7XqnMsgxea3SLQVdbMDL8pKUc3RE82UvX9eq2,CSqgQJurPCzGxb4Cgwx5R61hWQUiaoUHcShNc8r1cKEL,6S2CR5EnukPhC914XkAns8m5GixjMAoUuZMsS5ubHuWc,44.474631000000045,43.21638999999982,0.0,0.0,0.0,1.0,973.458262,3875.932476,3875.932476
BUSDTd9WiT6uBHJRgNvFXBsA7JrifsAtWzKfioN7ERcy,DyBxrn7gSc1EwnpWhDyhzvMHPtxpmBqRqotapLcKcfTM,Cds99GeBgoCpqBsoRWu1C6fF9LiUMd4pXQQD24s9LPff,9831.380635460002,9868.649084969999,9830.74900983612,0.9999357541277972,0.9830749009836119,0.9945805306882796,431.87490831,438.39028007,867.8615995304374
FrnkTEL6yZ5Aycq2TrEgu29dCrwKG4LPUZydfiwqspkc,DjvZuMZ46fxKBoBpGMPcRcos4xdTtHFxwMh69DpA2ZFY,9rvDPJLAng4uVVqnnSoEXgNDFhBZQTny9AoQioYDZbQX,68.9683253059988,57.75013563800039,10095.551482853805,146.37953637502204,4.038220593141522,130.1670629169007,175.51475001,1440.335351127,213175.99000502616
ercAoEmXjQzEvAFbdjAo81KtMxRGn9AW1ju882upmPH,CMRhskR2Eg6V42RTSdRTXGdozyPbWB8U9dVpijPWb9T4,7TKLLgrWswt6ZJ1pXhVR3FyufHGjJFqiEXxvWJfDcgRm,273.22261383800003,273.02788627799976,35693.94865696304,130.64053577251406,14.277579462785214,127.97822936744585,650.842080464,918.995829525,202637.81715379126
WiiQFxXqp8P9Fs1rt9SVcDyA3KUdJmUsog6wnVQAwba,3S2jpqSYxho6wiz3cafhjXruVY8cg4HYa2v3BqBHYFSj,Dfe67M6TfrG74gKRtdqys4e6E9QirPD53BkF4FujFjuv,5351.474643131998,5351.938935507998,5349.911345537718,0.9997078753617405,0.5349911345537719,1.0,15849.585095594,10937.63178132,26782.586822601388
Lee1XZJfJ9Hm2K1qTyeCz1LXNc1YBZaKZszvNY4KCDw,9DgFSWkPDGijNKcLGbr3p5xoJbHsPgXUTr6QvGBJ5vGN,2hNHZg7XBhuhHVZ3JDEi4buq2fPQwuWBdQ9xkH7t1GQX,2368.5559734300914,2003.9968917509905,365036.983441736,154.1179467729012,36.50369834417361,130.24242021674942,7139.113880189,56469.962011778,8455050.094954515
ALLwa5WNZbvQsRKAqe1jdRGemdYQnW8E5k4msbRFcYtu,CGoM82Hbz7QVqTgvQatYtjvDWBvoUJp5qm21P8iMs9yb,3dxNNww8TivyN5FMy5dCNdi3Zcxv6e4kUfSPxfFwpdNq,2.9754517859999994,2.9729415620000035,8900.543781034998,2991.325157044571,3.560217512413999,2998.7525189521157,2.392813857,6.236408249,25859.129232471452
DFWzVTzNBrQZLjoQ4yQwkj9HuoXmfkuZP9V5vbymZe23,DhgiEgiNdqZdRdo195UUHnoEJUtefK8buko8nU97XJUZ,2K2kkXsouBHtWVjtcgkyiXd8eP3oVBvq1bTJzcVdLLr2,816.496498540002,962.7418847179952,703.1341228674407,0.8611599977767603,0.2812536491469763,0.999963839307643,60610.580565055,8206.911021378,60402.021678444275
KEVpg4SYCVrqFxKijQH6hm4QxsRdoE51ud64bEEFUC9,2bPenuBYfqzD8p5dFjCcggwkHDsc2RQDnx9AoyYGUBjA,AE6n6iLuX8oYu61vt5hoDYkjswpnxFxrhSehxrnQTnbx,473.7308541229995,473.5237801059998,473.91501892109727,1.0003887540709981,0.18956600756843892,0.9996829485535004,2799.420592391,4831.680539194,7630.657526432752
BSCrK1Nx9PXU9mF7STWWBqeHLxmtJDr9h7jheEy4tAWX,FfSySSbVJPvEo5a5AvrP3nySoXpRE2QPn1uUMpJJ1x7v,HL7Vcj6838ZmvBHDbQxXfjBNckNi83WvPiZQoMQLFeRM,0.2516411980000002,0.251177498,755.7927556690199,3003.453972067878,0.302317102267608,2989.179171399534,0.846128798,0.95795745,5404.815355861129
BSC8REUo9LpiiWUuqMuLXs2D2yJsJfGd4HdiF3wCLxk5,AZjEH1zWVx1UJ6udMyRijGTzPteuLnaY18yNNmprJEsh,Caf8ypkSVR8xYnXNhjvfvdGCC7mrM3C11rz8Xi6NA6aK,149.67851266700018,149.69549422299997,149.68608334003724,1.0000505795581622,0.05987443333601491,1.0,3179.510587563,3168.831303905,6348.502709708691
KEN5P7p3asnb23Sw6yAmJRGvijfAzso3RqfyLAQhznt,9zj4aX38Uxf3h6AUjS4EipWS8mwbEofasHAf3a1uKGds,CwQDG1MWunn9cLNwcZLd8YBacweSR7ARo32w4mLua1Yr,201100.22752799955,201121.7165790014,200487.33773653893,0.9969523167676413,20.048733773653897,1.0,1054927.494428,1011902.557945,2063614.9675368776
BkwbeSfcX1h4thMDd7obGkHrPevf3QwgzJ4pCEqG18Lu,35yX27bmurdebhfAb8EPmjLETDiUaEUCn9zHaDPbakH2,2CxECn1ZJFoESyUnQysQU8rRgT3iJ5GRs2Mdd6gZjx5g,0.0003189200000000003,0.0004859999999986542,0.5310200139864802,1665.0571114589231,0.00021240800559459212,1092.896174863388,0.90384531,22.63412067,26241.697962713642
C2ypsDADXcCRz8HbV2zX1AXPSja7a1P3xZtRC91xGhJh,J9bYNuDpY1d1T86gLaw7DGk5D3CsUAf2tzUwxMvb6FTv,A2NGvvPrMGzsJ4jb52KEnSBVmsA7C34dV1GC7PerdgvG,0.5759002540000009,0.5778057799999994,75.18203522209576,130.54697354256706,0.030072814088838308,131.01842983845165,4.050813005,2.974108984,918.4844674417343
Sid7E679i9ABqptiAVhkmQ27YHN8vaYT4fppPwmxFsJ,GP7KB8o1bv527HG8kTzzzf4wJ5aEGHvcMQvVhLziUfmT,9gYxhAZ1M9wu5pxr8SBoa5NDm21gi3s9vMHaYTME77sa,2138.6055430000088,2576.7483549999997,28.90738339508037,0.013516930922440919,0.01156295335803215,0.016524258404502213,103453.620777,27883.730353,1859.1334113535413
parEAJhzYzHW87y9VoZAQ22dzQ2MD2ekEtTReaxbMcz,3oyc6hpjYSJEquK6dSvG72NXyz3pqLZz5D8AC71pwgQb,Di2vordgFJVZ1aj1aBpvzXtLfZgJsuLLXawGtVFwX6Rz,27.536677601000036,32.4222688750001,3522.2425758246563,127.9109494203012,1.4088970303298627,150.82885736130044,1105.799654259,141.103490145,162726.36183317134
HuonfMR5ivyhX5BZBw2Lr3XuNPSTVrSmZMWgBZrMQJU2,E7L8CZxreEeNwM1V8DLxa8AZQKu6oday6RvXxRo27CHi,48UJw19Ra8y5Kv989DsXPrfUHeUWUbHvXZmdPBbGuHdz,348.58780182,580.0,23.39467695053371,0.0671127240494032,0.009357870780213483,1.0,3802.31369241,36.85660128,292.0402308679797
KEnkcdADoLR5jS2CLLLesy8TtFsyWL37BhXNfDMzWzP,3qsjFRuw1qeLMPo4DLwaQevenGAGBj9dA3Q6rb8ax2YR,77iEv8zPQAEyCcEbvBRSB6AFcUdfkhiqnAKtPxk76rNN,0.07002900000000001,5.9381329999999934,0.0009465771555676152,0.013516930922440919,3.786308622270461e-07,0.9970318362235624,115.085978,0.335877,1.8904892768228168
GokA1R67GqSavkd15zR62QD68Tuc5AEfvjssntVDEbM8,3YB7hfpBdbQEuZqLGWVDpRPmeZWCUsrrWyqGXegnQ6Cg,4DPCj6Z1DsG6HUtwSogBGqXEUxdEV5a8YVrrFtcnz7UW,34375.974379000036,34369.230586999984,34389.42064247124,1.0003911529407998,3.438942064247124,1.0,22309.700588,38459.643934,60778.07102699336
KZMu9QBEdL97EFgamLbN5DE1AoKBG4HdrKKJo4Vuon3,DD4ACBWyVqdaKWh7v5btsgqQCCMwbKnuL2xd9pv7Gyuw,GcYqiJ1MAuYbNTNYXm1F1gQYTfTgkErACAhNU5dpVj9T,88.25854975999891,87.84239098999979,88.71738364779158,1.0051987471926558,0.03548695345911663,1.0,2067.53288289,2623.4632156,4701.744679260648
7oAd7xG4m3oC2qeWB1szghTebAZyyGPAFDJ4wwwbRSNi,D9yh4KAysxt9GLacVe4Wwh2XqghhcjTCSTV9HuM7TBJd,HDYfJLpZKaMFb84jM4mRytn7XLR8UFZUnQpSfhJJaNEy,0.0,0.002167972000052032,0.0,1.0,0.0,0.022813629450743386,956.248777997,300037.026752135,7801.182327822989
moFiBS1R4Lf3E3zzmBPnw3NF4RhWPkhREFviuzUaCAU,44ALBrpqi9PfZkBRTvbtRNtFJGsatfY4QydjtMbFWq8S,2ho8qEEie1UjVwWNBo9y4oAJZMyMLx8zPj9bxyUz6uWs,1.29994008000358,1.3005170569958864,1.2996749632068605,0.99979605460221,0.0005198699852827442,1.0,33704.074877458,33408.234392114,67105.43547861397
NorjjEePhxfwLF4vZjUHCrVVKLzQjEEGQFd3wgjEJmh,34M8pFVqgbV7aqHxvRT5tCv3vu2P1JJYT8J3VaxBK2oG,3AZWBSze3ucsY3xSeuLne3b2pauVqiaJ1SZSV5T9WGWw,0.007375000000138243,0.0010529999999562278,0.004373213283027985,0.5929780722638657,1.7492853132111938e-06,1.0,38120.278942,2260.705219,24865.19474018799
SERgf3DMJpQxUifu7VoFKmfne73d2fDJxSrxUMrcNJB,AJfM2GZ2tTB8UtN2krcyR9xufRJEx2mhSCbJyMgPo3GU,F4yRYkufQvERZcEKnKjJwRLU1btiMBUuEwq46hfm11QD,8.580799999791111e-05,8.580799999791111e-05,0.011139106287921014,129.81430971695158,4.455642515168406e-06,130.24242021674942,29.284890014,27.959805474,7443.150516027537
BUSD5rCfUDpCxKGMvYU2yThChxgHoioK74PTPociGnv2,CcFHbafgYDZ8yA8Me1PdtDiVb2eeaS61LbqyKKK5CsNZ,26R9s4nmF3CFDTkiePDwRmtscn8i7r2eygbSijditJ58,1195.4167805799996,1201.6830995200003,1195.5518779422073,1.0001130127704432,0.11955518779422072,1.0,73.12957975,74.35867553,147.4965198564089
SAMyS8Jr2HJrkFwYVKbpUwsNStnQmvz3f8Tup8bWUWF,6jPzm5TFfquvgm25sTyN3MMGBfufRaFHMxobDWv6hMFW,Cj9ECoDmxsHTDzCY5ZA6RWrPbg9uFzEC1Qc2kso2vJG6,4424.341506789983,122.98515183000893,4447.342539777758,1.0051987471926558,1.7789370159111033,0.016524258404502213,406.34428631,112869.42767771,2273.54035644246
Lid8SLUxQ9RmF7XMqUA8c24RitTwzja8VSKngJxRcUa,4PgzyzLtds9bKZ2to9PMnKqJzKEUpjvNUaeN23phegax,AtymwxoVN9peZo7EXTcDz9jKVc4vRmisJKKrNfe3ewBa,455.39017883098745,386.748437690999,70075.98327480526,153.88119140973637,7.007598327480526,130.780138838811,985.070583914,7679.21511284,1155872.653705682
wrmcMSHFi3sWpAEy4rGDvQb3ezh3PhXoV2xNjgLBkKU,8p4mGnARWPBu6P2Gcw4adodLkNDorrXniZMhaY7eJXUn,AyY89zccbsgp9LKFgH4CFZMJmpSgqmPSdTfukhP227rc,0.012566069999999999,0.14741240999999405,3.2154733879222106,255.88536335721597,0.0012861893551688842,2969.9147634462893,27.17628345,0.08697949,7212.334836769974
JSoLLrxK5bYdHwTEWYaGgmeycBCNXKDiBCTw5hXGBg7,xG4wXczA7Dk4hccJ61CHKpDHW4NrNfQwgmWgkb9BuF2,BVR6WgfhsRr9Lob4QDnkEAiNGgAbv7ZieKcY9kSg3QYR,2.3961691540000594,2.050781831999984,367.5449933199363,153.38858390125458,0.14701799732797452,130.87406995978108,17.156823432,163.76842319,24064.70092424944
RajgMbScQbqqrdJfR2rxfHJiTiY5b6bJ2tTXiF4aPxy,725ZA3fhyBAKb5iopNRrcbSuQa3LXA1656Q3mBvYPxeg,GLA6i1dSZpUfk2f9Nj8uiG7xyDdAR2reff8oEiZH3617,5235.173054819985,5232.720359520012,5236.610347261998,1.0002745453544635,2.0946441389047994,1.0,77888.7593021,104015.52854428,181925.6718434113
ACUSESXyNnwRLAg1dpSGMLSzUDdLjUMybY8rkXiAKhCP,AhFPQdu8GKBsxuhiH46UmCu1YpaLgNpoP325HnYtsgas,A8wxWpT3aFEr2XqZp1kDmbxbFfcBE95UUmdsNTDBJYbT,0.0,0.00208552599997347,0.0,1.0,0.0,0.987879634623352,1044.555794732,1841.328673742,2863.566892169749
ZUCKWFa4LTL833dPhhpeeRWZcaAEoMeYJPi2iKn4F8N,7eEYpq6ShaJ9opZWMxitRFrdCHh6vfyHhGfoSvFht3N2,H8VggnHmuwd1wvwpT8eg9cUJFEfZ7HAaeYjgXrSm7A2u,0.0010603959999571089,0.0010603959999571089,0.0010619973964511914,1.0015101872264205,4.247989585804766e-07,1.0,1817.011925129,2030.154775686,3849.9107290145835
daob129AwBGn9Y5r91uLoWZeYiGzbPmksauMhFZKTze,6VW5GQNyj4LStgmxEHLr5zUfW92vQnmbw8jTnCH7a38F,4VPCCUifPeBA1c7HWK358CHn2nyjm8pdTRk6Ps3KmnMQ,34.348289783999995,30.741345535999955,5017.801267353728,146.08591283316537,2.007120506941491,130.64575846787017,48.319665274,223.864600439,36305.78292780515
Cob4usZcpHEY7Qt4ZCwj6WVg9S44zvzYV2v9qYF65dTf,NhFM9UXE48PyNAyeyPYA3iXztqKVJwA4bTdLj4ysM8w,6TuFuynuBoeskxyR2cz4wxyidk8dpDK7kAWw3UkjQGx,36.86071200000001,2691.0391589999854,0.49824369785598915,0.013516930922440919,0.00019929747914239565,1.0,66013.706386,242.209815,1134.512524153859
heyk4SZTeCUV6a65WiVA5bzic3KcxgVf1qxobfeV4tQ,9ZDpBKPqMABtGfq66FbVribaArMvtk63xxy91onZAtDt,DaTP4s6N7xxSPinbNZ3FB52EpRDRt87QShTuN3VPCW52,204.20333223699345,177.37125398300077,30809.71842715385,150.87764773298036,12.323887370861542,130.84490743769558,623.562517446,4475.49552134,679677.4430742614
HEDSDjj84KS7LKhZY7ejkCACTdPen62rKhCby1wXtgxc,EnnjMSFttpCTywBrYNt1J5QQeoSVkvzPipJDa8Y7kJow,6bjVT6JN2rSvpyn9PdfLYC8wJn4LWh49jpY47fnLDXZk,31.004293485002563,32.0236470529926,30.031578670302952,0.968626447973403,0.012012631468121182,1.0,39154.87613618,9069.135541435,46995.5841340616
STK75uPSyBnEhGTTzb1nwmP3n427XoXmfRhXxxhyady,6TYyD5fUmDe6N65avW1Ny2RxzRNobw2RRgKwH9CTzSAU,54zDfk4cx2vGrEajPtodWpArNe5eUurytyxd4X3aZAxK,1267.5267789420013,1423.4414207090276,165749.14138423454,130.76579062304668,16.574914138423452,147.01690209218285,4420.178447867,792.763220651,694557.7222230112
BSCuChvaSj9b5HUSqgDVRzcnr2sSn7cXaamt1jbKH6hn,GnKpRj5kBVPMJfiwZtEuD9GYApLzPdW5JFuZTcyX4BTc,3dmwD9okkomV9nDwyuh4UMhKdUR13QpuKxRo89ycZB5t,115.8891178670001,116.05758676699998,115.78324636122687,0.9990864413525459,0.04631329854449075,0.9974156959318405,1690.060905166,1418.464191418,3103.3153840489413
ionytDfEj1mXodptgrsKEZro7DGsfpzANUfarJdm6Qb,3gkSjY95an9xNFSjCfsay6JZez7uv7yfW3Ad4ubc4fMK,9wXqANaSuEqkKL9yHzCPEDGHwbkStVAqV5rB3QDs3Jr6,0.011744524000000034,0.002891149999999995,8.93734775644077,760.9799900311622,0.0035749391025763086,3000.120004800192,3.165112406,0.080839916,2651.116656343355
AURHmCnNwiW4uA2Qj1XvEh4iKgRUZYXtiY7FKAapUV5Y,BKWm4TRnTeKwfWXRyuzjRHU7iZDkPuXBX5b5V5jSVfGJ,A5Ww74HVrkj9nPeC7pHKLfgeDMEhBCpW1efQdz3TGLEg,8.527199997843127e-05,8.527199997843127e-05,0.012468850535288383,146.22444106438525,4.987540214115353e-06,131.04337653702416,289.875145248,1809.515086477,279511.7979189776
YAkoNb6HKmSxQN9L8hiBE5tPJRsniSSMzND1boHmZxe,CfWX7o2TswwbxusJ4hCaPobu2jLCb1hfXuXJQjVq3jQF,EnTrdMMpdhugeH6Ban6gYZWXughWxKtVGfCwFn78ZmY3,10457702.331542997,10459725.73752599,10457702.331542997,1.0,1045.7702331542998,0.9967833800326346,1014641.36719,497065.693568,1510108.1893229769
SQDY9uoDoCbNq7F3HAHYYQZbrUzpKxDtdWLvYcqBLak,GiehZ4X2uQjhEKuxSm3ACmEFrabxh3RTvjbLfLjw1xGX,rxDQYV77NKRKYxCjq4cECX3QQsiSyLv1T1FT2X3zNA2,0.007384437000041544,0.0010906050000016876,0.007400873793071294,1.0022258694914261,2.960349517228518e-06,0.9900087720717258,168.702204443,237.869801509,404.57090363787626
SoNcU2iwHMw6dGzsYNQkYFkUjwN1UdAjrWVRnStrZu2,8ivTTid27jZnYNc4w3CTA1Z6QS2twsFb8WMwUabeDJgc,CyXm53PMvHCbeXJBykU46Rcbo28xk5srhMZFg7gv6EYB,8.844866469,8.773617714000007,1366.8350990935637,154.53428312164198,0.5467340396374255,153.4713531906848,22.469164574,27.27190176,7657.711906975903
BSCNHw8CmxbZ8hCWWzMf5FaG2ajPT6JxfznKUNuRVrn4,7n9kgNL633yGzCYksgnzHyjG73ZLBAwvEae5sbAekbzW,SscdxE99omdG9AiMVwmaEMQySQnCgeAh1sPj2Leutm2,960.1102581519999,960.3221528909999,961.1718811452718,1.0011057302890558,0.3844687524581087,0.9857591729341745,5371.861934265,6318.103664384,11605.93040742989
MARpDPs5A7XiyCWPNH8GsMWPLxmwNn9SBmKvPa9LzgA,6YjT74rmcfCpw8LSjPNx5JTmZoYLGrTKnf9arfSgZ4SR,F8GSmi3vA8M8TsybLya1LQ4n1aFHCRbZ6k437PeTdXtg,56308.10135799997,59142.60213199927,53157.45877632707,0.9440463715577709,21.262983510530827,1.0,319946.751879,15330.085272,317374.65547506436
