0,1,2,3,4,5,6,7,8,9,10,11
HEDSDjj84KS7LKhZY7ejkCACTdPen62rKhCby1wXtgxc,EnnjMSFttpCTywBrYNt1J5QQeoSVkvzPipJDa8Y7kJow,6bjVT6JN2rSvpyn9PdfLYC8wJn4LWh49jpY47fnLDXZk,18.879185821004285,19.375469792006697,18.270300027671585,0.9677483023311696,0.007308120011068634,0.999855966748566,39148.668068637,9075.125219704,46959.87516186136
Lid8SLUxQ9RmF7XMqUA8c24RitTwzja8VSKngJxRcUa,4PgzyzLtds9bKZ2to9PMnKqJzKEUpjvNUaeN23phegax,AtymwxoVN9peZo7EXTcDz9jKVc4vRmisJKKrNfe3ewBa,673.6499737620234,572.2487155680004,108006.00430389047,160.32956061844243,10.800600430389048,136.0705651064997,986.550499815,7677.368843823,1202837.1252732738
vEnkoSUkpnbRrPgBz9DfcVxNz67zjwMYBZraAvDDNSf,DtfyjjsZ5yCjWKLKHvwsfXs5QVsmm1QkK6Sh9JZHoq1g,e5wrKCRv4GhHvEf1VD5Pq2KGaZDXP77nTL612Jyrxwy,1172.9231170000003,1173.5175220000003,1172.6827170430063,0.9997950420163866,0.11726827170430064,0.9990608827701961,1156.495609,787.376371,1942.8955082755751
GokA1R67GqSavkd15zR62QD68Tuc5AEfvjssntVDEbM8,3YB7hfpBdbQEuZqLGWVDpRPmeZWCUsrrWyqGXegnQ6Cg,4DPCj6Z1DsG6HUtwSogBGqXEUxdEV5a8YVrrFtcnz7UW,43896.126984,43904.91696799999,43880.944177314654,0.9996541196745926,4.388094417731465,1.0,36531.929074,28363.134673,64882.42807148412
BSC8REUo9LpiiWUuqMuLXs2D2yJsJfGd4HdiF3wCLxk5,AZjEH1zWVx1UJ6udMyRijGTzPteuLnaY18yNNmprJEsh,Caf8ypkSVR8xYnXNhjvfvdGCC7mrM3C11rz8Xi6NA6aK,1110.1686257619995,1108.8264676810004,1110.929200109341,1.0006850980379847,0.4443716800437365,0.9998565095924518,2895.100987291,3453.289751847,6349.878653190286
moFiBS1R4Lf3E3zzmBPnw3NF4RhWPkhREFviuzUaCAU,44ALBrpqi9PfZkBRTvbtRNtFJGsatfY4QydjtMbFWq8S,2ho8qEEie1UjVwWNBo9y4oAJZMyMLx8zPj9bxyUz6uWs,14.456788834009785,14.429856041999301,14.45712870664855,1.0000235095526862,0.0057828514826594206,0.999855966748566,32761.500457133,34350.521042047,67107.84409016694
MATgk4zXLXtYkwBH678J1xZbRDZ45LicNzkRBHkxTuY,y8dALFo1bJrSzPYjMX14HJX448pXqYmrfXHD1K8MXih,GN7Yuet3UyiWS5YVkEHv6oQKi4HGBJc3XDPt9zQhAqZz,11225.9783,11210.246913999996,11242.223312686832,1.0014470910465623,4.496889325074734,1.0,6287.129396,8512.588177,14808.81562165753
ZUCKWFa4LTL833dPhhpeeRWZcaAEoMeYJPi2iKn4F8N,7eEYpq6ShaJ9opZWMxitRFrdCHh6vfyHhGfoSvFht3N2,H8VggnHmuwd1wvwpT8eg9cUJFEfZ7HAaeYjgXrSm7A2u,0.003326963000063188,0.0011722510000709008,0.003331523028872002,1.0013706280498844,1.332609211548801e-06,0.9998553129373754,1817.011925129,2030.151571872,3849.3602078449394
BerKDkt6v49dT1bHRedgnpsJS263C1DSJtEGvY9Mg35V,78XKqNb8wbfsMMrvo8WPUpdx7GEkfQutpNVH943aCGFa,DKYQwn4nDvFHCszi5tXbqfVMAP7DaXXp1KGTXEnYnKVH,1007.0943193209989,1002.726919662,1025.4696672181549,1.0182459056164124,0.410187866887262,0.999855966748566,1338.317413093,5136.205717579,6498.202159466558
NorjjEePhxfwLF4vZjUHCrVVKLzQjEEGQFd3wgjEJmh,34M8pFVqgbV7aqHxvRT5tCv3vu2P1JJYT8J3VaxBK2oG,3AZWBSze3ucsY3xSeuLne3b2pauVqiaJ1SZSV5T9WGWw,0.00364499999977852,0.001209000000017113,0.002161397383302935,0.5929759625334068,8.645589533211742e-07,1.0,38120.278942,2260.693413,24865.102510674405
7dwD9TF6uikvHXxPFK9AsSim54yJoujQjY9vU6gNFumk,CquVr6atkvwueDYficKjn6SSEWq4F4rH4VSiBbW4GBWU,8BCa6ge3b7ho3TfZuM64Vk1hgbrJ3J7EPiAb9uP86CGd,3.0111999999999674e-05,3.016000000000043e-05,0.004816562885241402,159.95493109861366,1.9266251540965608e-06,160.40095104931896,0.003919585,0.003588474,1.2025515910259132
Lee1XZJfJ9Hm2K1qTyeCz1LXNc1YBZaKZszvNY4KCDw,9DgFSWkPDGijNKcLGbr3p5xoJbHsPgXUTr6QvGBJ5vGN,2hNHZg7XBhuhHVZ3JDEi4buq2fPQwuWBdQ9xkH7t1GQX,3100.433453566083,2625.0779425470164,497585.9946823651,160.48917099318723,49.758599468236504,135.91220397812302,7170.956896866,56431.651003071,8820610.989557538
MARpDPs5A7XiyCWPNH8GsMWPLxmwNn9SBmKvPa9LzgA,6YjT74rmcfCpw8LSjPNx5JTmZoYLGrTKnf9arfSgZ4SR,F8GSmi3vA8M8TsybLya1LQ4n1aFHCRbZ6k437PeTdXtg,83376.0338739999,87569.8652240007,75980.88984616273,0.911303720215177,30.392355938465094,1.0,318769.432715,16400.758777,306896.5287010611
JSoLLrxK5bYdHwTEWYaGgmeycBCNXKDiBCTw5hXGBg7,xG4wXczA7Dk4hccJ61CHKpDHW4NrNfQwgmWgkb9BuF2,BVR6WgfhsRr9Lob4QDnkEAiNGgAbv7ZieKcY9kSg3QYR,5.534236086999869,4.734719455000011,867.0468548801687,156.66965435697526,0.34681874195206747,135.7854925964997,17.243684907,163.663795661,24924.731268262032
ACUSESXyNnwRLAg1dpSGMLSzUDdLjUMybY8rkXiAKhCP,AhFPQdu8GKBsxuhiH46UmCu1YpaLgNpoP325HnYtsgas,A8wxWpT3aFEr2XqZp1kDmbxbFfcBE95UUmdsNTDBJYbT,0.0,0.004762011999901006,0.0,0.9998524107857915,0.0,0.9877372957982165,1044.553701197,1841.328673742,2863.1485412146812
WiiQFxXqp8P9Fs1rt9SVcDyA3KUdJmUsog6wnVQAwba,3S2jpqSYxho6wiz3cafhjXruVY8cg4HYa2v3BqBHYFSj,Dfe67M6TfrG74gKRtdqys4e6E9QirPD53BkF4FujFjuv,9105.222687243,9112.420004394007,9085.624286977296,0.9978475649702492,0.9085624286977297,0.999855966748566,20581.893993591,6207.148913918,26743.84768205837
daob129AwBGn9Y5r91uLoWZeYiGzbPmksauMhFZKTze,6VW5GQNyj4LStgmxEHLr5zUfW92vQnmbw8jTnCH7a38F,4VPCCUifPeBA1c7HWK358CHn2nyjm8pdTRk6Ps3KmnMQ,35.7050390269999,32.00251878800004,5394.361138977189,151.0812279157015,2.1577444555908754,136.01208222528822,48.943226866,223.13035758,37742.827355200956
SERgf3DMJpQxUifu7VoFKmfne73d2fDJxSrxUMrcNJB,AJfM2GZ2tTB8UtN2krcyR9xufRJEx2mhSCbJyMgPo3GU,F4yRYkufQvERZcEKnKjJwRLU1btiMBUuEwq46hfm11QD,8.228300000112654e-05,8.228300000112654e-05,0.011130403588372768,135.2697834087282,4.4521614353491075e-06,135.79482271374818,29.284890014,27.959551328,7758.123045083909
KEN5P7p3asnb23Sw6yAmJRGvijfAzso3RqfyLAQhznt,9zj4aX38Uxf3h6AUjS4EipWS8mwbEofasHAf3a1uKGds,CwQDG1MWunn9cLNwcZLd8YBacweSR7ARo32w4mLua1Yr,1639486.5224730032,1647298.151618002,1636218.9931436954,0.9980069800608186,163.62189931436956,1.0,1286201.228522,816689.915193,2100327.719020756
parEAJhzYzHW87y9VoZAQ22dzQ2MD2ekEtTReaxbMcz,3oyc6hpjYSJEquK6dSvG72NXyz3pqLZz5D8AC71pwgQb,Di2vordgFJVZ1aj1aBpvzXtLfZgJsuLLXawGtVFwX6Rz,22.52635390800009,26.61555809700053,2986.928436435299,132.59706602472008,1.1947713745741195,155.94306019854358,1105.932881131,140.970454142,168626.81927471803
RajgMbScQbqqrdJfR2rxfHJiTiY5b6bJ2tTXiF4aPxy,725ZA3fhyBAKb5iopNRrcbSuQa3LXA1656Q3mBvYPxeg,GLA6i1dSZpUfk2f9Nj8uiG7xyDdAR2reff8oEiZH3617,13848.216251320016,13851.634241720021,13844.013347307908,0.9996965021389157,5.537605338923163,0.9995832737331806,92867.96078386,89026.24823943,181828.9242197511
SoN9GaFpSXfpyR5dth3x7PHPVhvJMpQqqDJfCSmPv1t,9kZ9iS68ViMPtoeqtnhAKuF2iqVyfHPdZHoUNdwCELr,BBhm5fJLjw3HRzjtKB8uMEYjGhY6EDm9co3cqpjrSzB9,4.894782516999994,4.807946753999996,791.850984494884,161.77449799755524,0.31674039379795355,157.9993740064802,3.748776291,5.896965194,1538.173211771664
BSCNHw8CmxbZ8hCWWzMf5FaG2ajPT6JxfznKUNuRVrn4,7n9kgNL633yGzCYksgnzHyjG73ZLBAwvEae5sbAekbzW,SscdxE99omdG9AiMVwmaEMQySQnCgeAh1sPj2Leutm2,519.5125938280007,518.403472088,520.8179218688523,1.0025126013427959,0.20832716874754095,0.999855966748566,4836.76548089,6853.42507239,11701.356295625437
wrmcMSHFi3sWpAEy4rGDvQb3ezh3PhXoV2xNjgLBkKU,8p4mGnARWPBu6P2Gcw4adodLkNDorrXniZMhaY7eJXUn,AyY89zccbsgp9LKFgH4CFZMJmpSgqmPSdTfukhP227rc,0.012998579999999801,0.08701709999999081,3.2278569654829403,248.32381425378694,0.0012911427861931762,3067.578760084665,27.21120228,0.08404803,7015.013492255902
oKQqupM9E7SSLAFDLxr7mdsXP7znck9qRbVWc6Yyj7Q,CMR2J7CwfW98RpvnJmFBgRFTLAd3x8CJ1SWs8Bt3uunG,FmRb5jHfSNj1YWP3b45d9vvYuhwjp4om8bALmtqZpr1v,0.0011398100000405975,0.0011398100000405975,0.0011532981447671296,1.011833678179742,4.6131925790685185e-07,0.9995832737331806,2176.27630641,3719.63194633,5920.111537845317
B2izdXFYb2sNwbWWHmh75T4aQFtfXsUxem9u2p61HGzf,4DYwgJtxwuJdAjkj5RJSNH4e7U329V5cNp7d3a1nLrZv,EXNW64GEf1ACC6xY9BtKRiunrs6GoJSXBdxWN2eTPmrF,47461.87588000001,47021.157116000024,46874.1675670444,0.9876172548585831,4.68741675670444,1.0,11373.850829,28422.5685,39655.579832908
AURHmCnNwiW4uA2Qj1XvEh4iKgRUZYXtiY7FKAapUV5Y,BKWm4TRnTeKwfWXRyuzjRHU7iZDkPuXBX5b5V5jSVfGJ,A5Ww74HVrkj9nPeC7pHKLfgeDMEhBCpW1efQdz3TGLEg,0.011306126000135919,0.009525662000100965,1.6761432590076382,148.25089150673608,0.0006704573036030552,135.2275284302356,289.897246205,1809.490217598,287670.41503970575
STK75uPSyBnEhGTTzb1nwmP3n427XoXmfRhXxxhyady,6TYyD5fUmDe6N65avW1Ny2RxzRNobw2RRgKwH9CTzSAU,54zDfk4cx2vGrEajPtodWpArNe5eUurytyxd4X3aZAxK,985.9521611140007,1106.4158143359932,133327.87389789574,135.2275284302356,13.332787389789575,152.0945163995152,4745.696177509,855.857490507,771919.9958909235
BUSD5rCfUDpCxKGMvYU2yThChxgHoioK74PTPociGnv2,CcFHbafgYDZ8yA8Me1PdtDiVb2eeaS61LbqyKKK5CsNZ,26R9s4nmF3CFDTkiePDwRmtscn8i7r2eygbSijditJ58,685.15207774,684.21795755,683.6594781842541,0.9978215061965962,0.06836594781842541,0.9995832737331806,82.1513435,65.18393502,147.12914846934646
ercAoEmXjQzEvAFbdjAo81KtMxRGn9AW1ju882upmPH,CMRhskR2Eg6V42RTSdRTXGdozyPbWB8U9dVpijPWb9T4,7TKLLgrWswt6ZJ1pXhVR3FyufHGjJFqiEXxvWJfDcgRm,32.684460747,32.72886973299978,4420.411500238167,135.2450491521082,1.7681646000952669,135.44405740552574,1001.098631162,898.348730615,257069.63061721215
HDSBGqAuMRr6X2AfmmbXQPpRgU6VEhtfNVVZ3wUTZXg,DCZ1d8kNLgDcdSd99y4udLgwq46mfDXNS9KXj96kQf5L,Fq8GGYQM5Pz3q7LmVMbrXHJgsxA5ev86kTq8yGgGuYsa,1276.149299988996,1282.1534844540001,1271.9264570901778,0.9966909491711866,0.5087705828360712,0.999855966748566,53609.759219175,51884.609441975,105309.498133976
FrnkTEL6yZ5Aycq2TrEgu29dCrwKG4LPUZydfiwqspkc,DjvZuMZ46fxKBoBpGMPcRcos4xdTtHFxwMh69DpA2ZFY,9rvDPJLAng4uVVqnnSoEXgNDFhBZQTny9AoQioYDZbQX,181.4423777769989,152.03536038800016,27958.24404943584,154.08883190341464,11.183297619774336,135.59086703308742,176.196271255,1441.74542404,222637.38970999004
BUSDTd9WiT6uBHJRgNvFXBsA7JrifsAtWzKfioN7ERcy,DyBxrn7gSc1EwnpWhDyhzvMHPtxpmBqRqotapLcKcfTM,Cds99GeBgoCpqBsoRWu1C6fF9LiUMd4pXQQD24s9LPff,3218.633455630002,3210.0395790600005,3223.570353626581,1.001533849089881,0.3223570353626581,0.9991746817129051,405.99897613,462.5750777,868.8150233192496
SRMuKizofcAMicegrfSv7xs9q76tH1w8aAF7oX9FEWu,72Hj2KWntXPfbie4UgKeTPnm1XVkomDfCnRPKbvfTtPi,6aqJQ5wedqpUt4fFEDUqUmXhrdxCu4bEJsQdVPCADLko,0.02486899999985326,0.02486899999985326,0.0010942693533234327,0.04400134116087859,4.3770774132937313e-07,0.04422296600337377,17971.450574,3892.823125,962.9201125764636
iLiUBQ7Z7im6Ew3b4ewwPcehzWgEQRJ1iQz7g6D62NW,GpugBvKWM3TVhYcZjemSdtehBWgfvuGr6uAm9iPjXT6v,92fMXJ3xy8tEyMUWLHKRLyhPw2nECBo77GtDiBBbYrjX,0.001120954000043639,0.001120954000043639,0.0010961163242031622,0.9778423772612347,4.384465296812649e-07,0.999855966748566,1865.637227489,1097.915732224,2922.0567374861903
KZMu9QBEdL97EFgamLbN5DE1AoKBG4HdrKKJo4Vuon3,DD4ACBWyVqdaKWh7v5btsgqQCCMwbKnuL2xd9pv7Gyuw,GcYqiJ1MAuYbNTNYXm1F1gQYTfTgkErACAhNU5dpVj9T,128.8934744100011,128.35780670999839,129.41392675196607,1.0040378486525194,0.05176557070078643,0.9995832737331806,2108.61954033,2582.11130227,4698.169095566091
KwnjUuZhTMTSGAaavkLEmSyfobY16JNH4poL9oeeEvE,J63v6qEZmQpDqCD8bd4PXu2Pq5ZbyXrFcSa3Xt1HdAPQ,BnKQtTdLw9qPCDgZkWX3sURkBAoKCUYL1yahh6Mw7mRK,414.21379799999295,18293.47711799964,7.179027490478321,0.017331695672963658,0.0007179027490478321,1.0,280467.968166,518.719256,5379.7047262675715
C2ypsDADXcCRz8HbV2zX1AXPSja7a1P3xZtRC91xGhJh,J9bYNuDpY1d1T86gLaw7DGk5D3CsUAf2tzUwxMvb6FTv,A2NGvvPrMGzsJ4jb52KEnSBVmsA7C34dV1GC7PerdgvG,0.16194614499999993,0.16266160100000038,22.0057140123955,135.8829134981602,0.008802285604958202,132.12928321845794,2.777974751,2.24688566,674.3586945198379
CZgvH45CRmoaNJ7395Ao5CQZXkGznvqU7cErD6n7FaRg,4ZjU6MKvtqVQKCiowhvZ5yUsPxXX5SCzd5eFsPeXyey5,BsyWeshjDbCvjDojry3vKDCesmFRM37WtwcR4Kfgzqr,119.98388564000015,109.98753228999999,135.90178132944897,1.1326669461031533,0.054360712531779584,0.9995832737331806,241.37528389,1586.58020904,1859.316845060945
AUSejoEUCh2DBs9mof6BNC8Pubs22w4cJa1ccV9h44R,4xkyD7AfGQDwsQMy9MosRRNGoVJ1zosNinesxg1TzHG7,Cbm5gsQe3nSiCsFrvepVzMCD9xLK3ri9g3ypS2hdmVJ7,339.53729699999894,339.6924479999998,339.0649794835783,0.9986089377497147,0.03390649794835783,1.0,14985.688653,13888.869904,28853.71253122028
KEVpg4SYCVrqFxKijQH6hm4QxsRdoE51ud64bEEFUC9,2bPenuBYfqzD8p5dFjCcggwkHDsc2RQDnx9AoyYGUBjA,AE6n6iLuX8oYu61vt5hoDYkjswpnxFxrhSehxrnQTnbx,348.8934557149996,348.8762454970001,348.7872057148843,0.9996954657693491,0.1395148822859537,0.9998559617500064,3828.207109765,3801.746927556,7628.240620239692
YAkoNb6HKmSxQN9L8hiBE5tPJRsniSSMzND1boHmZxe,CfWX7o2TswwbxusJ4hCaPobu2jLCb1hfXuXJQjVq3jQF,EnTrdMMpdhugeH6Ban6gYZWXughWxKtVGfCwFn78ZmY3,11868264.761081984,11874365.967447024,11868264.761081984,1.0,1186.8264761081984,0.9975350907906564,1145741.697037,328097.031651,1473029.9992931252
C98Sspw7XqnMsgxea3SLQVdbMDL8pKUc3RE82UvX9eq2,CSqgQJurPCzGxb4Cgwx5R61hWQUiaoUHcShNc8r1cKEL,6S2CR5EnukPhC914XkAns8m5GixjMAoUuZMsS5ubHuWc,117.42814099999987,114.841633,0.0,0.0,0.0,1.0,965.927142,3885.005248,3885.005248
SEQV6QiTpvTzrceiaYg9Avnwf7oc8ZALpnQMz6TyT4A,3dFMPj4r9mMmPHF32mz1gNDX7f8ftidWof7S8YiYTs1j,Fc1ED3YPeQfXQosHbd8DTaBd2AV5gHQtwiSAL5C5pUhi,18.837054413000033,18.03284567599985,18.818401876517655,0.9990097954768604,0.007527360750607062,0.9975171797396281,1861.763773824,3760.984171943,5611.566571156104
Cob4usZcpHEY7Qt4ZCwj6WVg9S44zvzYV2v9qYF65dTf,NhFM9UXE48PyNAyeyPYA3iXztqKVJwA4bTdLj4ysM8w,6TuFuynuBoeskxyR2cz4wxyidk8dpDK7kAWw3UkjQGx,136.01343200000002,2152.632279000009,1.921797136929388,0.014129465808416538,0.0007687188547717553,1.0,65513.307278,249.069695,1174.7377301807874
ALBpShJ9NLpE739pcHDF2LNVk5J4VYPvvKuV6jMPitZi,D6d156U1bPiJpDYRLextvDRccgFk7QzkQbJg42ceKEu5,GNcM8U5g8RwTZffwwm3kSQqUNPSwv5d2fbN9sLxPJqt2,1523.1894690000045,1519.633839000002,1525.5907488386765,1.0015764813816947,0.6102362995354705,0.999611151262159,41516.864007,58764.495578,100323.95964819801
BSCrK1Nx9PXU9mF7STWWBqeHLxmtJDr9h7jheEy4tAWX,FfSySSbVJPvEo5a5AvrP3nySoXpRE2QPn1uUMpJJ1x7v,HL7Vcj6838ZmvBHDbQxXfjBNckNi83WvPiZQoMQLFeRM,0.014556336000000059,0.014545013999999856,44.91102232232405,3085.3246532866424,0.017964408928929622,3073.7075059937292,0.852745515,0.9506974,5553.162494717837
BSCuChvaSj9b5HUSqgDVRzcnr2sSn7cXaamt1jbKH6hn,GnKpRj5kBVPMJfiwZtEuD9GYApLzPdW5JFuZTcyX4BTc,3dmwD9okkomV9nDwyuh4UMhKdUR13QpuKxRo89ycZB5t,168.51921619000018,168.53629163200026,168.46638075287018,0.9996864723304288,0.06738655230114808,0.9991976442916337,1596.66038627,1511.700427689,3106.6472952815
SAMyS8Jr2HJrkFwYVKbpUwsNStnQmvz3f8Tup8bWUWF,6jPzm5TFfquvgm25sTyN3MMGBfufRaFHMxobDWv6hMFW,Cj9ECoDmxsHTDzCY5ZA6RWrPbg9uFzEC1Qc2kso2vJG6,3686.013156269997,66.24983263999991,3702.43958485414,1.0044564215828153,1.480975833941656,0.017361820865965157,418.41013543,112149.03215269,2367.3861539143695
MATSnbbiTCv7Dc3trJrkrqjx7ckKdr6fwPoVwv9q3sD,631WX9JizSHJm4w6VanZeJAst9T8DeUUnPLesdGkCVtK,211maUSfpnXbPuW1iBu8b4dtJv5EbN1j7JJiEX5TZKEP,15735.92402999998,15731.574309000003,15749.831130888555,1.000883780378074,6.2999324523554225,1.000299089427739,20949.365296,24587.838994,45563.072890675765
SoNcU2iwHMw6dGzsYNQkYFkUjwN1UdAjrWVRnStrZu2,8ivTTid27jZnYNc4w3CTA1Z6QS2twsFb8WMwUabeDJgc,CyXm53PMvHCbeXJBykU46Rcbo28xk5srhMZFg7gv6EYB,9.207057575000004,9.129280014999992,1480.6063927318075,160.81211404087554,0.5922425570927231,158.6243336390024,22.938989995,27.92512422,8118.47169624231
Sid7E679i9ABqptiAVhkmQ27YHN8vaYT4fppPwmxFsJ,GP7KB8o1bv527HG8kTzzzf4wJ5aEGHvcMQvVhLziUfmT,9gYxhAZ1M9wu5pxr8SBoa5NDm21gi3s9vMHaYTME77sa,1863.3557720000026,2300.382268999936,26.328221669389638,0.014129465808416538,0.010531288667755856,0.017367094014696764,103962.134987,27466.775226,1945.947499299287
BkwbeSfcX1h4thMDd7obGkHrPevf3QwgzJ4pCEqG18Lu,35yX27bmurdebhfAb8EPmjLETDiUaEUCn9zHaDPbakH2,2CxECn1ZJFoESyUnQysQU8rRgT3iJ5GRs2Mdd6gZjx5g,0.026637080000000424,0.01716020000000007,44.42549075201458,1667.8063343284578,0.017770196300805834,1088.139281828074,0.88688089,22.66008043,26136.469211403455
BUSDgu5JdqP1rndBvXvanbEufS94FNh1w5FJcAj6vawb,Bgzr8cWubt89JQFXndVjtdKmDbGzuPxNhvjH1EhWCwbo,Dxaf8xPBBQsasRKW5Aa4Sw2YrbfGofY9xZueyyF23FBW,7050.155354630002,7014.186725340001,7083.787833343026,1.004770459234056,2.833515133337211,1.0,5248.24719364,9750.26812111,15023.551864037508
heyk4SZTeCUV6a65WiVA5bzic3KcxgVf1qxobfeV4tQ,9ZDpBKPqMABtGfq66FbVribaArMvtk63xxy91onZAtDt,DaTP4s6N7xxSPinbNZ3FB52EpRDRt87QShTuN3VPCW52,203.2122764290034,175.7486689400007,31838.63369577413,156.6767237455639,12.735453478309653,136.27390619067828,623.592877852,4475.293543604,707568.2215897586
ALLwa5WNZbvQsRKAqe1jdRGemdYQnW8E5k4msbRFcYtu,CGoM82Hbz7QVqTgvQatYtjvDWBvoUJp5qm21P8iMs9yb,3dxNNww8TivyN5FMy5dCNdi3Zcxv6e4kUfSPxfFwpdNq,6.056449759999999,6.0364481020000005,18611.75059156141,3073.046310807904,7.4447002366245645,3077.245004092736,5.250154465,3.376359445,26523.853043987467
