0,1,2,3,4,5,6,7,8,9,10,11
BkMBnJpvHKtWhUvrgRrLesXfi9RUV3ELgdBaJcdH7hcY,5uerVwBnZQsuVhZ15igs7ZgmcqhHnYWbwoRtLyRqLvR,9YWiQh5d4jCtgMdzcGLv9bWgnLaFtzvDDh2nnhJdzhBX,0.0032229800001459807,0.0011041919999570382,0.0032344425767726736,1.0035565149725327,1.2937770307090694e-06,0.9963065580841035,1114.150430735,1759.275520393,2870.890661867933
WiiQFxXqp8P9Fs1rt9SVcDyA3KUdJmUsog6wnVQAwba,3S2jpqSYxho6wiz3cafhjXruVY8cg4HYa2v3BqBHYFSj,Dfe67M6TfrG74gKRtdqys4e6E9QirPD53BkF4FujFjuv,14532.967210429,14563.590393746013,14497.040890144739,0.9975279432091142,1.4497040890144741,0.9992949035118515,20953.936164155,5831.751376233,26729.776272782474
STK75uPSyBnEhGTTzb1nwmP3n427XoXmfRhXxxhyady,6TYyD5fUmDe6N65avW1Ny2RxzRNobw2RRgKwH9CTzSAU,54zDfk4cx2vGrEajPtodWpArNe5eUurytyxd4X3aZAxK,3390.0869114519924,3780.9062886329916,485157.48272575834,143.11063267636487,48.51574827257584,160.8045889770384,2273.59141274,416.698538252,392382.14269571716
SRMuKizofcAMicegrfSv7xs9q76tH1w8aAF7oX9FEWu,72Hj2KWntXPfbie4UgKeTPnm1XVkomDfCnRPKbvfTtPi,6aqJQ5wedqpUt4fFEDUqUmXhrdxCu4bEJsQdVPCADLko,0.026957000000038533,0.026957000000038533,0.001132717687104462,0.04201942675753396,4.5308707484178485e-07,0.04182376369372759,17971.450574,3892.798256,917.9615254871334
CZgvH45CRmoaNJ7395Ao5CQZXkGznvqU7cErD6n7FaRg,4ZjU6MKvtqVQKCiowhvZ5yUsPxXX5SCzd5eFsPeXyey5,BsyWeshjDbCvjDojry3vKDCesmFRM37WtwcR4Kfgzqr,33.90774670000002,34.10344185000008,36.127340792525025,1.0654597933670718,0.014450936317010013,0.9995613624872997,339.74020149,1478.99153468,1840.3223183899458
AUSejoEUCh2DBs9mof6BNC8Pubs22w4cJa1ccV9h44R,4xkyD7AfGQDwsQMy9MosRRNGoVJ1zosNinesxg1TzHG7,Cbm5gsQe3nSiCsFrvepVzMCD9xLK3ri9g3ypS2hdmVJ7,3905.1184829999984,3909.1169600000103,3905.0716221405332,0.9999880001439984,0.3905071622140533,1.0,14399.541975,14474.065505,28873.43468756981
HDSBGqAuMRr6X2AfmmbXQPpRgU6VEhtfNVVZ3wUTZXg,DCZ1d8kNLgDcdSd99y4udLgwq46mfDXNS9KXj96kQf5L,Fq8GGYQM5Pz3q7LmVMbrXHJgsxA5ev86kTq8yGgGuYsa,99.19132481500128,99.42397154399805,98.64355704409188,0.994477664534363,0.039457422817636756,0.9996837060735007,51083.614739713,49905.511343708,100691.24041589408
BUSDTd9WiT6uBHJRgNvFXBsA7JrifsAtWzKfioN7ERcy,DyBxrn7gSc1EwnpWhDyhzvMHPtxpmBqRqotapLcKcfTM,Cds99GeBgoCpqBsoRWu1C6fF9LiUMd4pXQQD24s9LPff,2980.571104230001,2983.6034494899995,2972.775416887771,0.9973844987857642,0.2972775416887771,0.9991207737191272,353.36653931,293.2969464,645.4813807139899
BSCNHw8CmxbZ8hCWWzMf5FaG2ajPT6JxfznKUNuRVrn4,7n9kgNL633yGzCYksgnzHyjG73ZLBAwvEae5sbAekbzW,SscdxE99omdG9AiMVwmaEMQySQnCgeAh1sPj2Leutm2,413.79630402899966,413.17735796299894,414.1047060241829,1.000745299057001,0.1656418824096732,0.9994268027435298,5283.031705885,6406.026780323,11689.324007781146
BUSD5rCfUDpCxKGMvYU2yThChxgHoioK74PTPociGnv2,CcFHbafgYDZ8yA8Me1PdtDiVb2eeaS61LbqyKKK5CsNZ,26R9s4nmF3CFDTkiePDwRmtscn8i7r2eygbSijditJ58,552.8171986,554.6564019900002,550.6891594672874,0.9961505554854266,0.05506891594672874,0.9995613624872997,89.74452081,57.49037696,146.864213780701
FrnkTEL6yZ5Aycq2TrEgu29dCrwKG4LPUZydfiwqspkc,DjvZuMZ46fxKBoBpGMPcRcos4xdTtHFxwMh69DpA2ZFY,9rvDPJLAng4uVVqnnSoEXgNDFhBZQTny9AoQioYDZbQX,1632.3627120700012,1427.1613506349981,276711.3237033651,169.51583227018654,110.68452948134605,144.05732559591834,178.11337046,1439.326801487,237538.60591271945
BSCuChvaSj9b5HUSqgDVRzcnr2sSn7cXaamt1jbKH6hn,GnKpRj5kBVPMJfiwZtEuD9GYApLzPdW5JFuZTcyX4BTc,3dmwD9okkomV9nDwyuh4UMhKdUR13QpuKxRo89ycZB5t,594.63953833,594.8063616320001,593.5467570214608,0.9981622794346837,0.23741870280858435,0.9988493255769353,1732.895165212,1375.335088712,3103.4631139316284
ALBpShJ9NLpE739pcHDF2LNVk5J4VYPvvKuV6jMPitZi,D6d156U1bPiJpDYRLextvDRccgFk7QzkQbJg42ceKEu5,GNcM8U5g8RwTZffwwm3kSQqUNPSwv5d2fbN9sLxPJqt2,1699.9498029999959,1697.0470929999938,1700.33067707166,1.000224050187242,0.680132270828664,0.998771511041419,43834.020669,56491.09578,100265.53878211459
KZMu9QBEdL97EFgamLbN5DE1AoKBG4HdrKKJo4Vuon3,DD4ACBWyVqdaKWh7v5btsgqQCCMwbKnuL2xd9pv7Gyuw,GcYqiJ1MAuYbNTNYXm1F1gQYTfTgkErACAhNU5dpVj9T,270.80485750999924,270.3007803700002,271.5481499680177,1.0027447530478326,0.10861925998720708,0.9995613624872997,2181.03578571,2509.33606523,4695.257566630078
C2ypsDADXcCRz8HbV2zX1AXPSja7a1P3xZtRC91xGhJh,J9bYNuDpY1d1T86gLaw7DGk5D3CsUAf2tzUwxMvb6FTv,A2NGvvPrMGzsJ4jb52KEnSBVmsA7C34dV1GC7PerdgvG,2.719238167,2.709244900999999,389.3002024785041,143.16517295283467,0.15572008099140164,142.01196876872783,2.297714809,2.725874267,716.0595092994573
MATSnbbiTCv7Dc3trJrkrqjx7ckKdr6fwPoVwv9q3sD,631WX9JizSHJm4w6VanZeJAst9T8DeUUnPLesdGkCVtK,211maUSfpnXbPuW1iBu8b4dtJv5EbN1j7JJiEX5TZKEP,58712.53895100005,58819.77893699995,58665.899560849175,0.9992056315229392,23.466359824339673,0.9966433053475893,25138.815859,20388.82133,45439.228658603606
SERgf3DMJpQxUifu7VoFKmfne73d2fDJxSrxUMrcNJB,AJfM2GZ2tTB8UtN2krcyR9xufRJEx2mhSCbJyMgPo3GU,F4yRYkufQvERZcEKnKjJwRLU1btiMBUuEwq46hfm11QD,0.0005557729999985384,7.81449999998074e-05,0.07952998045261002,143.0979562749885,3.181199218104401e-05,143.99633903707632,29.284890014,27.95939356,8216.658225078027
Dg3mAgpwDfVNnbGWcsxL8sUcSkEbjSJQhKAWNigG44Ju,EATxwd8YA2wV93VJcKMmH2Kn2Y9XfJVUB9hHVu3udwEy,GiGvrRi7NMHfHKanG2B8xyCEqe8jaafWins8bhrLVEaa,0.73643777,0.7535880990000001,124.88180926214643,169.57550841281054,0.04995272370485857,169.35403291226277,0.203515336,0.255987932,77.86380523307403
B2izdXFYb2sNwbWWHmh75T4aQFtfXsUxem9u2p61HGzf,4DYwgJtxwuJdAjkj5RJSNH4e7U329V5cNp7d3a1nLrZv,EXNW64GEf1ACC6xY9BtKRiunrs6GoJSXBdxWN2eTPmrF,69360.2796919999,68776.02760699994,69462.1111469413,1.0014681523112883,6.9462111146941306,1.0,10275.607419,29522.82047,39813.514045782096
KwnjUuZhTMTSGAaavkLEmSyfobY16JNH4poL9oeeEvE,J63v6qEZmQpDqCD8bd4PXu2Pq5ZbyXrFcSa3Xt1HdAPQ,BnKQtTdLw9qPCDgZkWX3sURkBAoKCUYL1yahh6Mw7mRK,448.0245239999995,25042.252973999595,7.832433762871598,0.017482154085992862,0.0007832433762871598,1.0,280217.15485,523.034209,5421.833687626222
SAMyS8Jr2HJrkFwYVKbpUwsNStnQmvz3f8Tup8bWUWF,6jPzm5TFfquvgm25sTyN3MMGBfufRaFHMxobDWv6hMFW,Cj9ECoDmxsHTDzCY5ZA6RWrPbg9uFzEC1Qc2kso2vJG6,5098.664251709994,134.01627679000063,5112.65882595475,1.0027447530478326,2.0450635303819,0.017599102258530366,422.21074631,111927.10984242,2393.186262161272
JSoLLrxK5bYdHwTEWYaGgmeycBCNXKDiBCTw5hXGBg7,xG4wXczA7Dk4hccJ61CHKpDHW4NrNfQwgmWgkb9BuF2,BVR6WgfhsRr9Lob4QDnkEAiNGgAbv7ZieKcY9kSg3QYR,24.40869117199992,21.092461526999983,4059.406415436736,166.30987654485244,1.6237625661746946,143.01096136115544,17.54095703,163.312763898,26272.749765738237
Lee1XZJfJ9Hm2K1qTyeCz1LXNc1YBZaKZszvNY4KCDw,9DgFSWkPDGijNKcLGbr3p5xoJbHsPgXUTr6QvGBJ5vGN,2hNHZg7XBhuhHVZ3JDEi4buq2fPQwuWBdQ9xkH7t1GQX,23935.58074705558,20455.893179956107,4023897.1405311488,168.11362059916368,402.3897140531149,142.97836808780016,7225.414682548,56366.309191725,9273853.525978712
ALLwa5WNZbvQsRKAqe1jdRGemdYQnW8E5k4msbRFcYtu,CGoM82Hbz7QVqTgvQatYtjvDWBvoUJp5qm21P8iMs9yb,3dxNNww8TivyN5FMy5dCNdi3Zcxv6e4kUfSPxfFwpdNq,4.849939045999998,4.804543746,14944.501420515815,3081.3792253412626,5.977800568206327,3038.3777493520656,0.861649113,7.770531215,26264.876820633595
KysFMBBoavfov2tLpvefWW6tPFt6rAeZWDJVy1mMQae,B8ka2V21TH3x64dFV8ETcjuQcwmrciJ2qzy1mJUttRew,7fSf7EYxBANyxzk2s5pymFgshA91tFYQNKKs5UnLWcYS,111.14325900000404,83.93774099999973,0.0,0.0,0.0,0.01753509087315354,134386.394258,2699.213327,47.3309509749721
Cob4usZcpHEY7Qt4ZCwj6WVg9S44zvzYV2v9qYF65dTf,NhFM9UXE48PyNAyeyPYA3iXztqKVJwA4bTdLj4ysM8w,6TuFuynuBoeskxyR2cz4wxyidk8dpDK7kAWw3UkjQGx,45.44450400000005,3099.8259360000156,0.6496336380809983,0.014295097996470541,0.0002598534552323993,1.0,65339.109764,251.51648,1185.545457078525
daob129AwBGn9Y5r91uLoWZeYiGzbPmksauMhFZKTze,6VW5GQNyj4LStgmxEHLr5zUfW92vQnmbw8jTnCH7a38F,4VPCCUifPeBA1c7HWK358CHn2nyjm8pdTRk6Ps3KmnMQ,71.94035992899961,64.64907391899997,11360.224526592507,157.91169988312956,4.5440898106370025,142.80471312675203,49.715334004,222.203528878,39582.344100003946
ZUCKWFa4LTL833dPhhpeeRWZcaAEoMeYJPi2iKn4F8N,7eEYpq6ShaJ9opZWMxitRFrdCHh6vfyHhGfoSvFht3N2,H8VggnHmuwd1wvwpT8eg9cUJFEfZ7HAaeYjgXrSm7A2u,11.909119790999966,11.900000000000091,11.926678354213145,1.001474379594909,0.004770671341685258,0.9999632863479417,1817.011925129,2030.1469843,3849.763340625108
SEQV6QiTpvTzrceiaYg9Avnwf7oc8ZALpnQMz6TyT4A,3dFMPj4r9mMmPHF32mz1gNDX7f8ftidWof7S8YiYTs1j,Fc1ED3YPeQfXQosHbd8DTaBd2AV5gHQtwiSAL5C5pUhi,18.326630199999954,18.373145999999906,18.350303228884016,1.0012917284097358,0.0073401212915536074,0.9989301458138333,1287.190453619,4335.38151568,5619.596443713501
KEN5P7p3asnb23Sw6yAmJRGvijfAzso3RqfyLAQhznt,9zj4aX38Uxf3h6AUjS4EipWS8mwbEofasHAf3a1uKGds,CwQDG1MWunn9cLNwcZLd8YBacweSR7ARo32w4mLua1Yr,1573349.5140020014,1579043.184588997,1568188.6053019527,0.9967197951541478,156.81886053019528,1.0,1586183.693765,626612.065632,2207592.7519583004
parEAJhzYzHW87y9VoZAQ22dzQ2MD2ekEtTReaxbMcz,3oyc6hpjYSJEquK6dSvG72NXyz3pqLZz5D8AC71pwgQb,Di2vordgFJVZ1aj1aBpvzXtLfZgJsuLLXawGtVFwX6Rz,44.218301597999925,52.483138925001185,6170.516191180028,139.54665756450336,2.468206476472011,162.6448657488617,1103.198615949,143.272588582,177250.23042088043
Sid7E679i9ABqptiAVhkmQ27YHN8vaYT4fppPwmxFsJ,GP7KB8o1bv527HG8kTzzzf4wJ5aEGHvcMQvVhLziUfmT,9gYxhAZ1M9wu5pxr8SBoa5NDm21gi3s9vMHaYTME77sa,2447.1609660000067,2981.732475000019,34.99178227649121,0.014298929560684693,0.013996712910596483,0.017471406645312413,104091.455933,27359.971845,1966.4135901633754
GokA1R67GqSavkd15zR62QD68Tuc5AEfvjssntVDEbM8,3YB7hfpBdbQEuZqLGWVDpRPmeZWCUsrrWyqGXegnQ6Cg,4DPCj6Z1DsG6HUtwSogBGqXEUxdEV5a8YVrrFtcnz7UW,82485.43228299999,82463.831015,82491.20666746671,1.000070004900343,8.249120666746672,1.0,33569.863787,31578.184226,65150.39806796894
SoN9GaFpSXfpyR5dth3x7PHPVhvJMpQqqDJfCSmPv1t,9kZ9iS68ViMPtoeqtnhAKuF2iqVyfHPdZHoUNdwCELr,BBhm5fJLjw3HRzjtKB8uMEYjGhY6EDm9co3cqpjrSzB9,17.505290959000007,17.483962518999988,2960.681176892222,169.13064649005705,1.1842724707568888,166.30987654485244,3.677112966,5.966536944,1614.206515713492
SQDY9uoDoCbNq7F3HAHYYQZbrUzpKxDtdWLvYcqBLak,GiehZ4X2uQjhEKuxSm3ACmEFrabxh3RTvjbLfLjw1xGX,rxDQYV77NKRKYxCjq4cECX3QQsiSyLv1T1FT2X3zNA2,0.0033795909999696505,0.0011955070000055912,0.0033869884537116334,1.0021888606467615,1.3547953814846534e-06,0.9999642852755871,168.73007208,237.831697497,406.9226020981684
DFWzVTzNBrQZLjoQ4yQwkj9HuoXmfkuZP9V5vbymZe23,DhgiEgiNdqZdRdo195UUHnoEJUtefK8buko8nU97XJUZ,2K2kkXsouBHtWVjtcgkyiXd8eP3oVBvq1bTJzcVdLLr2,10873.448333312997,12482.348596960983,9024.296840884286,0.8299388164871798,3.6097187363537153,0.9999642852755871,61703.635503263,7281.621090755,58491.60325219889
BerKDkt6v49dT1bHRedgnpsJS263C1DSJtEGvY9Mg35V,78XKqNb8wbfsMMrvo8WPUpdx7GEkfQutpNVH943aCGFa,DKYQwn4nDvFHCszi5tXbqfVMAP7DaXXp1KGTXEnYnKVH,0.016226991000621638,0.014180155000758532,0.016521704740213236,1.018161946326359,6.608681896085295e-06,0.9999642852755871,1339.269355658,5107.748441634,6471.159113618035
heyk4SZTeCUV6a65WiVA5bzic3KcxgVf1qxobfeV4tQ,9ZDpBKPqMABtGfq66FbVribaArMvtk63xxy91onZAtDt,DaTP4s6N7xxSPinbNZ3FB52EpRDRt87QShTuN3VPCW52,336.83231647900084,289.6146674810001,54399.52138166064,161.50327246005824,21.759808552664257,141.81683533179253,635.499755075,4461.430563526,735341.2536639711
KEVpg4SYCVrqFxKijQH6hm4QxsRdoE51ud64bEEFUC9,2bPenuBYfqzD8p5dFjCcggwkHDsc2RQDnx9AoyYGUBjA,AE6n6iLuX8oYu61vt5hoDYkjswpnxFxrhSehxrnQTnbx,1978.070768572,1980.516542417,1974.9267582451635,0.9984105673180206,0.7899707032980654,0.9998819349410042,5800.848647591,1828.447962557,7619.860675907733
SoNcU2iwHMw6dGzsYNQkYFkUjwN1UdAjrWVRnStrZu2,8ivTTid27jZnYNc4w3CTA1Z6QS2twsFb8WMwUabeDJgc,CyXm53PMvHCbeXJBykU46Rcbo28xk5srhMZFg7gv6EYB,18.025134307000002,17.875815956000007,3030.7260888002015,168.13889079446298,1.2122904355200808,165.82917406126592,22.30191372,28.556323932,8485.290647344138
7oAd7xG4m3oC2qeWB1szghTebAZyyGPAFDJ4wwwbRSNi,D9yh4KAysxt9GLacVe4Wwh2XqghhcjTCSTV9HuM7TBJd,HDYfJLpZKaMFb84jM4mRytn7XLR8UFZUnQpSfhJJaNEy,881.9977704309704,882.0136609979704,881.9662692417319,0.9999642842756585,0.3527865076966928,0.022812433187002712,956.239905011,300037.368481731,7800.78817430375
MARpDPs5A7XiyCWPNH8GsMWPLxmwNn9SBmKvPa9LzgA,6YjT74rmcfCpw8LSjPNx5JTmZoYLGrTKnf9arfSgZ4SR,F8GSmi3vA8M8TsybLya1LQ4n1aFHCRbZ6k437PeTdXtg,97429.25568400006,103880.48627399915,92806.56088625568,0.9525533191720408,37.12262435450227,1.0,316918.841672,18108.57324,319990.6677828221
7dwD9TF6uikvHXxPFK9AsSim54yJoujQjY9vU6gNFumk,CquVr6atkvwueDYficKjn6SSEWq4F4rH4VSiBbW4GBWU,8BCa6ge3b7ho3TfZuM64Vk1hgbrJ3J7EPiAb9uP86CGd,9.699600000000067e-05,9.72929999999996e-05,0.016261779169009047,167.6541214999478,6.504711667603619e-06,168.36340500170635,0.003952817,0.003555355,1.2612977353749009
RoBgmK8CvjdHvPrqdDyVw54VwjZv2TqJ493xnqJAQHx,ExiHJxM7qPAcy27NDHAF6G7vnW7muNHi2sVJpnaNynGQ,6rkPHSqZb7StM4HwS9EuVrmfkV7tRdc7dnsFhyB6cefE,1.7198379999999993,111.14325899999949,0.0,0.0,0.0,0.9555113896957652,6393.407888,16.952192,16.198012536309434
BkwbeSfcX1h4thMDd7obGkHrPevf3QwgzJ4pCEqG18Lu,35yX27bmurdebhfAb8EPmjLETDiUaEUCn9zHaDPbakH2,2CxECn1ZJFoESyUnQysQU8rRgT3iJ5GRs2Mdd6gZjx5g,0.019057240000000863,0.013405620000001561,32.3998027848159,1700.130910080076,0.012959921113926359,1089.3246187363834,0.86558565,22.69319133,26191.860912350807
BUSDgu5JdqP1rndBvXvanbEufS94FNh1w5FJcAj6vawb,Bgzr8cWubt89JQFXndVjtdKmDbGzuPxNhvjH1EhWCwbo,Dxaf8xPBBQsasRKW5Aa4Sw2YrbfGofY9xZueyyF23FBW,7387.049212849992,7350.401274889997,7423.983008639161,1.0049998036732883,2.9695932034556645,0.9995613624872997,5169.25985494,9825.19197493,15015.987416511223
moFiBS1R4Lf3E3zzmBPnw3NF4RhWPkhREFviuzUaCAU,44ALBrpqi9PfZkBRTvbtRNtFJGsatfY4QydjtMbFWq8S,2ho8qEEie1UjVwWNBo9y4oAJZMyMLx8zPj9bxyUz6uWs,1090.0558810020011,1090.6214277000108,1089.686972925752,0.9996615695739286,0.4358747891703008,0.9999632863479417,34503.620950397,32606.789924669,67097.53668558673
wrmcMSHFi3sWpAEy4rGDvQb3ezh3PhXoV2xNjgLBkKU,8p4mGnARWPBu6P2Gcw4adodLkNDorrXniZMhaY7eJXUn,AyY89zccbsgp9LKFgH4CFZMJmpSgqmPSdTfukhP227rc,0.00794235,0.09885098999999897,1.9366861741038774,243.842965130456,0.000774674469641551,3060.9121518212423,27.22495599,0.0829448,6892.500740398152
BSC8REUo9LpiiWUuqMuLXs2D2yJsJfGd4HdiF3wCLxk5,AZjEH1zWVx1UJ6udMyRijGTzPteuLnaY18yNNmprJEsh,Caf8ypkSVR8xYnXNhjvfvdGCC7mrM3C11rz8Xi6NA6aK,1948.6679413710003,1943.7491849590006,1947.7732044806974,0.9995408469183963,0.779109281792279,0.999963285348015,3369.88284214,2977.167329785,6345.393574170974
MATgk4zXLXtYkwBH678J1xZbRDZ45LicNzkRBHkxTuY,y8dALFo1bJrSzPYjMX14HJX448pXqYmrfXHD1K8MXih,GN7Yuet3UyiWS5YVkEHv6oQKi4HGBJc3XDPt9zQhAqZz,26959.663896999995,26900.707301,26977.604003662433,1.0006654425192754,10.791041601464974,1.0,7102.827003,7690.52179,14798.075316094853
NorjjEePhxfwLF4vZjUHCrVVKLzQjEEGQFd3wgjEJmh,34M8pFVqgbV7aqHxvRT5tCv3vu2P1JJYT8J3VaxBK2oG,3AZWBSze3ucsY3xSeuLne3b2pauVqiaJ1SZSV5T9WGWw,0.007849000000078377,0.0011269999999967695,0.0046542600503781855,0.5929749076738069,1.8617040201512744e-06,1.0,38120.278942,2260.688742,24865.057628132214
YAkoNb6HKmSxQN9L8hiBE5tPJRsniSSMzND1boHmZxe,CfWX7o2TswwbxusJ4hCaPobu2jLCb1hfXuXJQjVq3jQF,EnTrdMMpdhugeH6Ban6gYZWXughWxKtVGfCwFn78ZmY3,19322411.14480403,19325331.397947073,19322411.14480403,1.0,1932.2411144804032,0.9948724275086205,1105446.745556,306498.9112,1410374.0613702931
Lid8SLUxQ9RmF7XMqUA8c24RitTwzja8VSKngJxRcUa,4PgzyzLtds9bKZ2to9PMnKqJzKEUpjvNUaeN23phegax,AtymwxoVN9peZo7EXTcDz9jKVc4vRmisJKKrNfe3ewBa,1708.8078975100054,1460.8571585979926,285282.4450953208,166.9482248478726,28.528244509532083,142.33803603970605,998.73045537,7662.945314284,1257464.8629403815
C98Sspw7XqnMsgxea3SLQVdbMDL8pKUc3RE82UvX9eq2,CSqgQJurPCzGxb4Cgwx5R61hWQUiaoUHcShNc8r1cKEL,6S2CR5EnukPhC914XkAns8m5GixjMAoUuZMsS5ubHuWc,267.27129200000127,258.735285,0.0,0.0,0.0,1.0,971.122902,3878.205766,3878.205766
ercAoEmXjQzEvAFbdjAo81KtMxRGn9AW1ju882upmPH,CMRhskR2Eg6V42RTSdRTXGdozyPbWB8U9dVpijPWb9T4,7TKLLgrWswt6ZJ1pXhVR3FyufHGjJFqiEXxvWJfDcgRm,63.69748781899989,63.639902149000136,9100.608381662263,142.87232814459136,3.640243352664905,142.83016835963267,750.469338146,815.616077399,223715.88319377197
oKQqupM9E7SSLAFDLxr7mdsXP7znck9qRbVWc6Yyj7Q,CMR2J7CwfW98RpvnJmFBgRFTLAd3x8CJ1SWs8Bt3uunG,FmRb5jHfSNj1YWP3b45d9vvYuhwjp4om8bALmtqZpr1v,0.001117089999752352,0.001117089999752352,0.001130284282906114,1.011811298245161,4.521137131624456e-07,0.9995613624872997,2176.27630641,3719.60681038,5919.956206229357
vEnkoSUkpnbRrPgBz9DfcVxNz67zjwMYBZraAvDDNSf,DtfyjjsZ5yCjWKLKHvwsfXs5QVsmm1QkK6Sh9JZHoq1g,e5wrKCRv4GhHvEf1VD5Pq2KGaZDXP77nTL612Jyrxwy,7380.501036000002,7381.217449999997,7369.6161130011005,0.9985251783116338,0.7369616113001101,0.999473277582714,1148.414461,794.893862,1941.1959280292056
HEDSDjj84KS7LKhZY7ejkCACTdPen62rKhCby1wXtgxc,EnnjMSFttpCTywBrYNt1J5QQeoSVkvzPipJDa8Y7kJow,6bjVT6JN2rSvpyn9PdfLYC8wJn4LWh49jpY47fnLDXZk,36.803957992000505,38.01689255199017,35.650172528473135,0.9686505059108547,0.014260069011389254,0.9999642842756585,39146.463346668,9077.241622001,46996.15894711213
SUiuyGR7SFq3xeRVJonq84fjjeFwRSsFekcevJ53tzy,49GjCCPsv7fBqo6t3iKDrP1xxGDS8uWZbVCdfnp2gjMf,CEwj5xEbbJEjYqM8D6Ai8ByGz1mrh8mkAVsE5fzDSSSx,0.46856399999999976,26.782362000000035,0.006708905857612589,0.014318013884149427,2.683562343045036e-06,0.9548590389343774,585.199067,2.356748,10.629250496587808
RajgMbScQbqqrdJfR2rxfHJiTiY5b6bJ2tTXiF4aPxy,725ZA3fhyBAKb5iopNRrcbSuQa3LXA1656Q3mBvYPxeg,GLA6i1dSZpUfk2f9Nj8uiG7xyDdAR2reff8oEiZH3617,70936.11489735002,70886.53047960997,70985.00226841227,1.0006891746345707,28.394000907364912,0.9995613624872997,62458.88628065,119432.98259313,181882.52616748912
