0,1,2,3,4,5,6,7,8,9,10,11
C2ypsDADXcCRz8HbV2zX1AXPSja7a1P3xZtRC91xGhJh,J9bYNuDpY1d1T86gLaw7DGk5D3CsUAf2tzUwxMvb6FTv,A2NGvvPrMGzsJ4jb52KEnSBVmsA7C34dV1GC7PerdgvG,0.1308034680000001,0.13015798699999992,19.479420046919152,148.92128125317853,0.007791768018767661,149.57829391596275,1.309424137,0.910011665,331.1191124802022
BSCNHw8CmxbZ8hCWWzMf5FaG2ajPT6JxfznKUNuRVrn4,7n9kgNL633yGzCYksgnzHyjG73ZLBAwvEae5sbAekbzW,SscdxE99omdG9AiMVwmaEMQySQnCgeAh1sPj2Leutm2,22.24316504500075,22.159877862999565,22.329383147563206,1.0038761616158502,0.008931753259025281,0.99946791426595,4314.757928026,7383.58457738,11711.138504448525
BSC8REUo9LpiiWUuqMuLXs2D2yJsJfGd4HdiF3wCLxk5,AZjEH1zWVx1UJ6udMyRijGTzPteuLnaY18yNNmprJEsh,Caf8ypkSVR8xYnXNhjvfvdGCC7mrM3C11rz8Xi6NA6aK,47.38255809899965,47.345995302999654,47.40095023650282,1.0003881626117515,0.018960380094601128,0.9994679152648862,3051.029383038,3299.170565827,6349.628806102237
YAkoNb6HKmSxQN9L8hiBE5tPJRsniSSMzND1boHmZxe,CfWX7o2TswwbxusJ4hCaPobu2jLCb1hfXuXJQjVq3jQF,EnTrdMMpdhugeH6Ban6gYZWXughWxKtVGfCwFn78ZmY3,9423106.145729981,9422709.796595974,9423106.145729981,1.0,942.3106145729981,0.9978645698205839,283490.46892,1115315.065314,1396423.8567839712
7oAd7xG4m3oC2qeWB1szghTebAZyyGPAFDJ4wwwbRSNi,D9yh4KAysxt9GLacVe4Wwh2XqghhcjTCSTV9HuM7TBJd,HDYfJLpZKaMFb84jM4mRytn7XLR8UFZUnQpSfhJJaNEy,9201.653948489053,246.44847391400003,9196.748697030016,0.9994669163297711,3.678699478812007,0.030778882240656138,1137.590467845,293194.468445372,10161.18205483506
AUSejoEUCh2DBs9mof6BNC8Pubs22w4cJa1ccV9h44R,4xkyD7AfGQDwsQMy9MosRRNGoVJ1zosNinesxg1TzHG7,Cbm5gsQe3nSiCsFrvepVzMCD9xLK3ri9g3ypS2hdmVJ7,50.425413999997545,50.42077599999902,50.43116315259694,1.0001140129974817,0.0050431163152596945,1.0,14412.886146,14462.473256,28877.00265835187
HDSBGqAuMRr6X2AfmmbXQPpRgU6VEhtfNVVZ3wUTZXg,DCZ1d8kNLgDcdSd99y4udLgwq46mfDXNS9KXj96kQf5L,Fq8GGYQM5Pz3q7LmVMbrXHJgsxA5ev86kTq8yGgGuYsa,49.90339886400034,50.12995326999953,49.51546976755998,0.9922263992980205,0.019806187907023994,0.9994669183276392,13657.936475477,13002.936049336,26547.769553344857
ercAoEmXjQzEvAFbdjAo81KtMxRGn9AW1ju882upmPH,CMRhskR2Eg6V42RTSdRTXGdozyPbWB8U9dVpijPWb9T4,7TKLLgrWswt6ZJ1pXhVR3FyufHGjJFqiEXxvWJfDcgRm,26.43934679499995,25.953571982000028,3951.5529426270778,149.4572832402339,1.5806211770508312,146.17122028996863,326.083870213,860.653222668,174538.34115437165
DFWzVTzNBrQZLjoQ4yQwkj9HuoXmfkuZP9V5vbymZe23,DhgiEgiNdqZdRdo195UUHnoEJUtefK8buko8nU97XJUZ,2K2kkXsouBHtWVjtcgkyiXd8eP3oVBvq1bTJzcVdLLr2,3405.0923284410037,3652.4182656680023,3228.8327171463648,0.9482364663588027,1.291533086858546,0.9994679202595668,54381.188539528,13902.144785728,65460.97379325279
MATgk4zXLXtYkwBH678J1xZbRDZ45LicNzkRBHkxTuY,y8dALFo1bJrSzPYjMX14HJX448pXqYmrfXHD1K8MXih,GN7Yuet3UyiWS5YVkEHv6oQKi4HGBJc3XDPt9zQhAqZz,1260.2145439999995,1256.5357789999998,1263.9545856188458,1.0029677816659497,0.5055818342475383,1.0,3455.098182,6616.525318,10081.877477038595
DEDaBEWzMCXohXYXoLzB4jK1xqMsd3SS9izXp2xvg9pe,GC5zHpW5GuVdw3C7covC6viyGdLS8ZAaVGDKMeru7p78,F8juxtAFueW19vxkdDArUkjVWAv9QV6yy1wCXUWQiXvh,0.022004559999999174,1909.177004730329,0.022004559999999174,1.0,8.80182399999967e-06,0.0,46.89429215,8576762.77359505,46.89429215
CZgvH45CRmoaNJ7395Ao5CQZXkGznvqU7cErD6n7FaRg,4ZjU6MKvtqVQKCiowhvZ5yUsPxXX5SCzd5eFsPeXyey5,BsyWeshjDbCvjDojry3vKDCesmFRM37WtwcR4Kfgzqr,27.903508819999985,28.63855799999999,28.76094032696601,1.030728447540313,0.011504376130786406,1.0,213.47177507,591.6030396,811.6344709115759
GokA1R67GqSavkd15zR62QD68Tuc5AEfvjssntVDEbM8,3YB7hfpBdbQEuZqLGWVDpRPmeZWCUsrrWyqGXegnQ6Cg,4DPCj6Z1DsG6HUtwSogBGqXEUxdEV5a8YVrrFtcnz7UW,18195.250822000005,18195.783553999998,18195.487363335727,1.0000130001690022,1.819548736333573,1.0,16131.288359,16455.377829,32586.875897474893
4vezWG46exH6pf9nry3n1VJ7hZHvjBJNgNeF4qEFCML5,,,0.6631910000000012,0.6740919999999981,0.0,0.0,0.0,1.0,16131.288359,16455.377829,16455.377829
oKQqupM9E7SSLAFDLxr7mdsXP7znck9qRbVWc6Yyj7Q,CMR2J7CwfW98RpvnJmFBgRFTLAd3x8CJ1SWs8Bt3uunG,FmRb5jHfSNj1YWP3b45d9vvYuhwjp4om8bALmtqZpr1v,4.469651780000277,4.417295940000258,4.524430416380521,1.0122556832336145,0.0018097721665522087,0.9995979517078435,2176.27630641,3719.65773069,5921.11030810215
BUSDTd9WiT6uBHJRgNvFXBsA7JrifsAtWzKfioN7ERcy,DyBxrn7gSc1EwnpWhDyhzvMHPtxpmBqRqotapLcKcfTM,Cds99GeBgoCpqBsoRWu1C6fF9LiUMd4pXQQD24s9LPff,2115.51425878,2120.1607267299996,2111.3285499297644,0.9980214225298346,0.21113285499297646,0.9977888997980475,135.25897801,127.94563902,262.6540960351957
STK75uPSyBnEhGTTzb1nwmP3n427XoXmfRhXxxhyady,6TYyD5fUmDe6N65avW1Ny2RxzRNobw2RRgKwH9CTzSAU,54zDfk4cx2vGrEajPtodWpArNe5eUurytyxd4X3aZAxK,484.5499666859998,544.9391789180072,72619.75879327845,149.87052685185267,7.261975879327846,168.72164000133625,1694.630940442,301.728197937,304883.30825407157
KZMu9QBEdL97EFgamLbN5DE1AoKBG4HdrKKJo4Vuon3,DD4ACBWyVqdaKWh7v5btsgqQCCMwbKnuL2xd9pv7Gyuw,GcYqiJ1MAuYbNTNYXm1F1gQYTfTgkErACAhNU5dpVj9T,20.246680930000025,20.809711249999964,19.69556878127959,0.9727801237829634,0.007878227512511837,0.999775750299208,2469.75071178,925.81008304,3328.1268735242984
BUSD5rCfUDpCxKGMvYU2yThChxgHoioK74PTPociGnv2,CcFHbafgYDZ8yA8Me1PdtDiVb2eeaS61LbqyKKK5CsNZ,26R9s4nmF3CFDTkiePDwRmtscn8i7r2eygbSijditJ58,188.95115792999997,188.76168891999998,188.5433894852585,0.9978419373069282,0.01885433894852585,0.999775750299208,88.00659074,59.79372888,147.596987153969
BkMBnJpvHKtWhUvrgRrLesXfi9RUV3ELgdBaJcdH7hcY,5uerVwBnZQsuVhZ15igs7ZgmcqhHnYWbwoRtLyRqLvR,9YWiQh5d4jCtgMdzcGLv9bWgnLaFtzvDDh2nnhJdzhBX,0.0012735170000723883,0.0012735170000723883,0.0012774994205560553,1.003127104297344,5.109997682224221e-07,0.9994679322468005,1117.771749621,1755.681639877,2876.0146367542266
RajgMbScQbqqrdJfR2rxfHJiTiY5b6bJ2tTXiF4aPxy,725ZA3fhyBAKb5iopNRrcbSuQa3LXA1656Q3mBvYPxeg,GLA6i1dSZpUfk2f9Nj8uiG7xyDdAR2reff8oEiZH3617,30846.00340545003,30826.577849089997,30861.387189736368,1.0004987286062357,12.344554875894548,0.999775750299208,78607.57462478,102796.22927123,181419.95571848555
KwnjUuZhTMTSGAaavkLEmSyfobY16JNH4poL9oeeEvE,J63v6qEZmQpDqCD8bd4PXu2Pq5ZbyXrFcSa3Xt1HdAPQ,BnKQtTdLw9qPCDgZkWX3sURkBAoKCUYL1yahh6Mw7mRK,115.90804000001617,5782.386074000094,2.2487813527302625,0.01940142679256718,0.00022487813527302626,1.0,278505.441764,555.101462,5958.504401715828
SAMyS8Jr2HJrkFwYVKbpUwsNStnQmvz3f8Tup8bWUWF,6jPzm5TFfquvgm25sTyN3MMGBfufRaFHMxobDWv6hMFW,Cj9ECoDmxsHTDzCY5ZA6RWrPbg9uFzEC1Qc2kso2vJG6,926.1793904200076,96.66708057001051,900.9689020580046,0.9727801237829634,0.36038756082320184,0.019594981145317242,460.15837242,109920.87233293,2601.5303393230815
Lee1XZJfJ9Hm2K1qTyeCz1LXNc1YBZaKZszvNY4KCDw,9DgFSWkPDGijNKcLGbr3p5xoJbHsPgXUTr6QvGBJ5vGN,2hNHZg7XBhuhHVZ3JDEi4buq2fPQwuWBdQ9xkH7t1GQX,2022.6179028769766,1709.9030283290022,359062.33879785956,177.52356403408098,35.90623387978596,150.11681339834593,6945.267304463,54953.888943658,9482451.29712618
Sid7E679i9ABqptiAVhkmQ27YHN8vaYT4fppPwmxFsJ,GP7KB8o1bv527HG8kTzzzf4wJ5aEGHvcMQvVhLziUfmT,9gYxhAZ1M9wu5pxr8SBoa5NDm21gi3s9vMHaYTME77sa,473.62672000000566,850.3738390000217,4.26178387848761,0.008998191399521462,0.0017047135513950443,0.019594981145317242,127887.164173,11839.523327,1382.7484171327865
Cob4usZcpHEY7Qt4ZCwj6WVg9S44zvzYV2v9qYF65dTf,NhFM9UXE48PyNAyeyPYA3iXztqKVJwA4bTdLj4ysM8w,6TuFuynuBoeskxyR2cz4wxyidk8dpDK7kAWw3UkjQGx,8.128230999999971,893.0698029999912,0.07313937827752347,0.008998191399521462,2.925575131100939e-05,1.0,71002.336049,187.492506,826.3851155820446
NorjjEePhxfwLF4vZjUHCrVVKLzQjEEGQFd3wgjEJmh,34M8pFVqgbV7aqHxvRT5tCv3vu2P1JJYT8J3VaxBK2oG,3AZWBSze3ucsY3xSeuLne3b2pauVqiaJ1SZSV5T9WGWw,0.001213000000007014,0.001213000000007014,0.0007186810869011716,0.5924823469884715,2.874724347604686e-07,1.0,38124.371737,2258.309846,24846.32709019871
JSoLLrxK5bYdHwTEWYaGgmeycBCNXKDiBCTw5hXGBg7,xG4wXczA7Dk4hccJ61CHKpDHW4NrNfQwgmWgkb9BuF2,BVR6WgfhsRr9Lob4QDnkEAiNGgAbv7ZieKcY9kSg3QYR,3.5937512250000054,3.072740574000008,631.988689011025,175.85766221506444,0.25279547560441,150.10793511074138,17.164262912,163.766216885,27601.075806854235
B2izdXFYb2sNwbWWHmh75T4aQFtfXsUxem9u2p61HGzf,4DYwgJtxwuJdAjkj5RJSNH4e7U329V5cNp7d3a1nLrZv,EXNW64GEf1ACC6xY9BtKRiunrs6GoJSXBdxWN2eTPmrF,5711.001530000016,5634.568257999996,5755.433476438118,1.0077800620792519,0.5755433476438119,1.0,9798.26475,30077.152675,39951.648533023945
MATSnbbiTCv7Dc3trJrkrqjx7ckKdr6fwPoVwv9q3sD,631WX9JizSHJm4w6VanZeJAst9T8DeUUnPLesdGkCVtK,211maUSfpnXbPuW1iBu8b4dtJv5EbN1j7JJiEX5TZKEP,470.23978699999134,470.0834450000002,468.46804086942325,0.9962322496318923,0.1873872163477693,0.9986578039115429,22020.323509,23527.473018,45433.250962737075
parEAJhzYzHW87y9VoZAQ22dzQ2MD2ekEtTReaxbMcz,3oyc6hpjYSJEquK6dSvG72NXyz3pqLZz5D8AC71pwgQb,Di2vordgFJVZ1aj1aBpvzXtLfZgJsuLLXawGtVFwX6Rz,3.2102648209998677,3.777830464000317,469.5129608525575,146.25365414754887,0.18780518434102303,172.719685622537,1103.396087348,139.797284173,185521.45271999805
HEDSDjj84KS7LKhZY7ejkCACTdPen62rKhCby1wXtgxc,EnnjMSFttpCTywBrYNt1J5QQeoSVkvzPipJDa8Y7kJow,6bjVT6JN2rSvpyn9PdfLYC8wJn4LWh49jpY47fnLDXZk,7.707811505997597,7.96044996198907,7.457794992075591,0.9675632293644618,0.002983117996830237,0.999466944299927,39121.158807264,9101.83390984,46949.176877429556
vEnkoSUkpnbRrPgBz9DfcVxNz67zjwMYBZraAvDDNSf,DtfyjjsZ5yCjWKLKHvwsfXs5QVsmm1QkK6Sh9JZHoq1g,e5wrKCRv4GhHvEf1VD5Pq2KGaZDXP77nTL612Jyrxwy,1297.9516800000001,1297.962101,1296.093082519667,0.9985680534114081,0.1296093082519667,0.9976017653560839,1013.131282,932.13882,1941.5838645058814
BSCrK1Nx9PXU9mF7STWWBqeHLxmtJDr9h7jheEy4tAWX,FfSySSbVJPvEo5a5AvrP3nySoXpRE2QPn1uUMpJJ1x7v,HL7Vcj6838ZmvBHDbQxXfjBNckNi83WvPiZQoMQLFeRM,0.00989820099999994,0.009889727999999431,31.08038408520694,3140.003328403528,0.012432153634082775,3135.680913110282,0.844793556,0.959434272,5661.13431174811
DA1mL7dfBow33EH5yjUuZE6SH2KeUK5zEXzsyhE5r5j5,B4UtLRZND3D83CitRCBUyeiNr7H8m7YFRqBmiPmXjhW4,AAmpYbuixWiSqDaJBCqYEs1pb5SrbdPr9mgXrB58Q2e,56.658251654000026,69.5722639999999,74.98607500822526,1.323480213723314,0.029994430003290107,0.9994669403041905,134.965989112,3011.768300527,3188.7876643482005
AURHmCnNwiW4uA2Qj1XvEh4iKgRUZYXtiY7FKAapUV5Y,BKWm4TRnTeKwfWXRyuzjRHU7iZDkPuXBX5b5V5jSVfGJ,A5Ww74HVrkj9nPeC7pHKLfgeDMEhBCpW1efQdz3TGLEg,0.17519534600018005,0.16779904399993484,29.41483013578697,167.89732608397452,0.011765932054314789,149.53389537143246,289.906747936,1809.479809347,319253.13227976905
SoN9GaFpSXfpyR5dth3x7PHPVhvJMpQqqDJfCSmPv1t,9kZ9iS68ViMPtoeqtnhAKuF2iqVyfHPdZHoUNdwCELr,BBhm5fJLjw3HRzjtKB8uMEYjGhY6EDm9co3cqpjrSzB9,1.8955451240000025,1.855327221,337.21000700910514,177.89605889071132,0.13488400280364204,175.30164592468375,3.755412264,5.898043742,1702.0098169838243
MARpDPs5A7XiyCWPNH8GsMWPLxmwNn9SBmKvPa9LzgA,6YjT74rmcfCpw8LSjPNx5JTmZoYLGrTKnf9arfSgZ4SR,F8GSmi3vA8M8TsybLya1LQ4n1aFHCRbZ6k437PeTdXtg,38676.16079599993,40722.69033700018,36612.77465478047,0.9466496648386862,14.645109861912188,1.0,296998.575099,14988.343478,296141.94505303574
SoNcU2iwHMw6dGzsYNQkYFkUjwN1UdAjrWVRnStrZu2,8ivTTid27jZnYNc4w3CTA1Z6QS2twsFb8WMwUabeDJgc,CyXm53PMvHCbeXJBykU46Rcbo28xk5srhMZFg7gv6EYB,13.694731744000002,13.546940851000024,2418.7194972214647,176.61678537669533,0.967487798888586,175.2811509661497,21.847514455,27.049840288,8599.96491064415
BUSDgu5JdqP1rndBvXvanbEufS94FNh1w5FJcAj6vawb,Bgzr8cWubt89JQFXndVjtdKmDbGzuPxNhvjH1EhWCwbo,Dxaf8xPBBQsasRKW5Aa4Sw2YrbfGofY9xZueyyF23FBW,7700.461839680007,7656.820702679997,7739.445659651039,1.0050625301160705,3.0957782638604154,0.9997840066632006,4983.13456696,10052.81385062,15059.004345589847
KEN5P7p3asnb23Sw6yAmJRGvijfAzso3RqfyLAQhznt,9zj4aX38Uxf3h6AUjS4EipWS8mwbEofasHAf3a1uKGds,CwQDG1MWunn9cLNwcZLd8YBacweSR7ARo32w4mLua1Yr,107022.91594999959,107031.17302599992,106889.51783174557,0.9987535555626579,10.688951783174558,1.0,1128595.322827,1100774.103345,2227962.694809852
moFiBS1R4Lf3E3zzmBPnw3NF4RhWPkhREFviuzUaCAU,44ALBrpqi9PfZkBRTvbtRNtFJGsatfY4QydjtMbFWq8S,2ho8qEEie1UjVwWNBo9y4oAJZMyMLx8zPj9bxyUz6uWs,155.5507625330065,155.55201535599917,155.54714715066527,0.9999767575402245,0.06221885886026612,0.9994679462319066,32316.691115047,34797.255917364,67094.68190188754
heyk4SZTeCUV6a65WiVA5bzic3KcxgVf1qxobfeV4tQ,9ZDpBKPqMABtGfq66FbVribaArMvtk63xxy91onZAtDt,DaTP4s6N7xxSPinbNZ3FB52EpRDRt87QShTuN3VPCW52,69.60226565600203,60.6200579249994,11911.237074504079,171.13289290572015,4.764494829801632,148.4349023892082,620.214970821,4479.611049905,771069.8111143017
SRMuKizofcAMicegrfSv7xs9q76tH1w8aAF7oX9FEWu,72Hj2KWntXPfbie4UgKeTPnm1XVkomDfCnRPKbvfTtPi,6aqJQ5wedqpUt4fFEDUqUmXhrdxCu4bEJsQdVPCADLko,215.7878470000005,215.87389500000018,9.68412565730556,0.04487799378852664,0.0038736502629222237,0.04509403910915824,17864.056964,3999.896594,982.0745309107028
FrnkTEL6yZ5Aycq2TrEgu29dCrwKG4LPUZydfiwqspkc,DjvZuMZ46fxKBoBpGMPcRcos4xdTtHFxwMh69DpA2ZFY,9rvDPJLAng4uVVqnnSoEXgNDFhBZQTny9AoQioYDZbQX,57.85823251599808,48.395589216000275,10323.301294198645,178.42406940696299,4.129320517679458,149.28140410505947,174.84737696,1441.242751643,246347.722143843
ALBpShJ9NLpE739pcHDF2LNVk5J4VYPvvKuV6jMPitZi,D6d156U1bPiJpDYRLextvDRccgFk7QzkQbJg42ceKEu5,GNcM8U5g8RwTZffwwm3kSQqUNPSwv5d2fbN9sLxPJqt2,28.429706000002625,28.36940499999764,28.40536260425078,0.999143733820116,0.011362145041700312,0.9987435805756358,41205.004835,59099.358601,100194.82740180407
WiiQFxXqp8P9Fs1rt9SVcDyA3KUdJmUsog6wnVQAwba,3S2jpqSYxho6wiz3cafhjXruVY8cg4HYa2v3BqBHYFSj,Dfe67M6TfrG74gKRtdqys4e6E9QirPD53BkF4FujFjuv,2535.297345264995,2535.8814943120015,2533.36092524129,0.999236215812192,0.25333609252412903,0.9994669512924664,15510.421555198,11288.370611208,26780.92830031144
SERgf3DMJpQxUifu7VoFKmfne73d2fDJxSrxUMrcNJB,AJfM2GZ2tTB8UtN2krcyR9xufRJEx2mhSCbJyMgPo3GU,F4yRYkufQvERZcEKnKjJwRLU1btiMBUuEwq46hfm11QD,3.152699999731112e-05,3.150999999945725e-05,0.004693134613681814,148.86080547093232,1.8772538454727259e-06,149.58388754163667,29.284858487,27.959836984,8541.708733574238
daob129AwBGn9Y5r91uLoWZeYiGzbPmksauMhFZKTze,6VW5GQNyj4LStgmxEHLr5zUfW92vQnmbw8jTnCH7a38F,4VPCCUifPeBA1c7HWK358CHn2nyjm8pdTRk6Ps3KmnMQ,47.164315457999834,41.589258290000046,7901.987372050506,167.54165294919383,3.1607949488202025,149.5011445807629,47.893552948,224.427284303,41576.30090496844
AyiATPCAx5HZstcZ1jdH9rENwFb3yd9zEhkgspvDrCs4,DvHVapj4g2Y1tJVSw2ubSPkPBsJPb8fW387ZWXwaKmZq,DKjqWWgrtDRPKrnMWtZ4UiJk4sGQVCQgFjSo7BvfngvK,0.0012121600000000177,0.0012231400000000114,2.3869405115885582,1969.1629088474488,0.0009547762046354233,0.0,0.80222744,0.31854276,1579.716519307642
ALLwa5WNZbvQsRKAqe1jdRGemdYQnW8E5k4msbRFcYtu,CGoM82Hbz7QVqTgvQatYtjvDWBvoUJp5qm21P8iMs9yb,3dxNNww8TivyN5FMy5dCNdi3Zcxv6e4kUfSPxfFwpdNq,3.7252937990000055,3.717089931,11664.142397770696,3131.0664412298825,4.665656959108279,3127.345509131849,2.084465249,6.551847064,27016.488681172883
BSCuChvaSj9b5HUSqgDVRzcnr2sSn7cXaamt1jbKH6hn,GnKpRj5kBVPMJfiwZtEuD9GYApLzPdW5JFuZTcyX4BTc,3dmwD9okkomV9nDwyuh4UMhKdUR13QpuKxRo89ycZB5t,1.5726557210000465,1.5728699999999662,1.5720020416790632,0.9995843468393911,0.0006288008166716253,0.9986538146578413,1585.143790567,1524.815353493,3107.2475899550604
MNkYtBe2HtgL15osfaMmyqNW3vo4J399FXXCS4a39Wf,2mUxDu8NrhSKhQJMgKfYLxJqZzeEbmwhQdHeHMyohyuk,AZCBmDBcFsA2jHHhfFJBTsWCHx9XnnKmGfFsue3ZVW1t,0.001442550000092524,0.0014420399998016364,0.001441639186870651,0.999368608906579,5.766556747482604e-07,0.9997840066632006,2195.17444406,1941.31751126,4134.68663008047
C98Sspw7XqnMsgxea3SLQVdbMDL8pKUc3RE82UvX9eq2,CSqgQJurPCzGxb4Cgwx5R61hWQUiaoUHcShNc8r1cKEL,6S2CR5EnukPhC914XkAns8m5GixjMAoUuZMsS5ubHuWc,43.9030250000003,43.76072000000022,0.0,0.0,0.0,1.0,886.665273,1232.957022,1232.957022
Lid8SLUxQ9RmF7XMqUA8c24RitTwzja8VSKngJxRcUa,4PgzyzLtds9bKZ2to9PMnKqJzKEUpjvNUaeN23phegax,AtymwxoVN9peZo7EXTcDz9jKVc4vRmisJKKrNfe3ewBa,122.6628565090059,104.07078985000146,21538.795093322817,175.59345759848205,2.1538795093322816,149.89678856623271,982.178232726,7682.780908327,1324088.2572785066
BkwbeSfcX1h4thMDd7obGkHrPevf3QwgzJ4pCEqG18Lu,35yX27bmurdebhfAb8EPmjLETDiUaEUCn9zHaDPbakH2,2CxECn1ZJFoESyUnQysQU8rRgT3iJ5GRs2Mdd6gZjx5g,0.018725559999996477,0.0122897500000001,36.8736781993905,1969.1629088474488,0.0147494712797562,1285.3470437017995,0.9032719,22.63502722,30872.554843420927
wrmcMSHFi3sWpAEy4rGDvQb3ezh3PhXoV2xNjgLBkKU,8p4mGnARWPBu6P2Gcw4adodLkNDorrXniZMhaY7eJXUn,AyY89zccbsgp9LKFgH4CFZMJmpSgqmPSdTfukhP227rc,0.010447470000000028,0.10581056999999916,3.165900000000009,303.03030303030306,0.0012663600000000037,3128.8132411376364,27.10740392,0.09328995,8506.251655067492
