0,1,2,3,4,5,6,7,8,9,10,11
YAkoNb6HKmSxQN9L8hiBE5tPJRsniSSMzND1boHmZxe,CfWX7o2TswwbxusJ4hCaPobu2jLCb1hfXuXJQjVq3jQF,EnTrdMMpdhugeH6Ban6gYZWXughWxKtVGfCwFn78ZmY3,9331268.047153004,9331895.008611975,9331268.047153004,1.0,933.1268047153004,0.9991587083675545,284916.317369,1113765.678463,1397744.9940862043
daob129AwBGn9Y5r91uLoWZeYiGzbPmksauMhFZKTze,6VW5GQNyj4LStgmxEHLr5zUfW92vQnmbw8jTnCH7a38F,4VPCCUifPeBA1c7HWK358CHn2nyjm8pdTRk6Ps3KmnMQ,48.91221490499994,43.154724417000025,8129.434634310833,166.20459020513135,3.2517738537243335,151.26938460437685,48.45139769,223.822167002,41910.286161142896
4vezWG46exH6pf9nry3n1VJ7hZHvjBJNgNeF4qEFCML5,,,0.6631910000000012,0.6740919999999981,0.0,0.0,0.0,151.26938460437685,48.45139769,223.822167002,33857.4414632106
C98Sspw7XqnMsgxea3SLQVdbMDL8pKUc3RE82UvX9eq2,CSqgQJurPCzGxb4Cgwx5R61hWQUiaoUHcShNc8r1cKEL,6S2CR5EnukPhC914XkAns8m5GixjMAoUuZMsS5ubHuWc,43.89751000000024,43.74385300000017,0.0,0.0,0.0,1.0,884.427044,1235.202056,1235.202056
BkMBnJpvHKtWhUvrgRrLesXfi9RUV3ELgdBaJcdH7hcY,5uerVwBnZQsuVhZ15igs7ZgmcqhHnYWbwoRtLyRqLvR,9YWiQh5d4jCtgMdzcGLv9bWgnLaFtzvDDh2nnhJdzhBX,0.0012735170000723883,0.0012735170000723883,0.0012770121478417032,1.002744484580195,5.108048591366813e-07,0.9990859013408567,1117.77178196,1755.68160742,2874.916230596541
MATgk4zXLXtYkwBH678J1xZbRDZ45LicNzkRBHkxTuY,y8dALFo1bJrSzPYjMX14HJX448pXqYmrfXHD1K8MXih,GN7Yuet3UyiWS5YVkEHv6oQKi4HGBJc3XDPt9zQhAqZz,1260.2145439999995,1256.5357789999998,1263.9545856188458,1.0029677816659497,0.5055818342475383,1.0,3455.098182,6616.524115,10081.876274038596
HEDSDjj84KS7LKhZY7ejkCACTdPen62rKhCby1wXtgxc,EnnjMSFttpCTywBrYNt1J5QQeoSVkvzPipJDa8Y7kJow,6bjVT6JN2rSvpyn9PdfLYC8wJn4LWh49jpY47fnLDXZk,4.701516485998582,4.855073509992508,4.526882208627669,0.9628557556075823,0.001810752883451068,0.9989921138593509,39118.053397285,9104.840237317,46760.706456769585
wrmcMSHFi3sWpAEy4rGDvQb3ezh3PhXoV2xNjgLBkKU,8p4mGnARWPBu6P2Gcw4adodLkNDorrXniZMhaY7eJXUn,AyY89zccbsgp9LKFgH4CFZMJmpSgqmPSdTfukhP227rc,0.009412170000000025,0.09503529999999927,2.840123717561866,301.7501508750754,0.0011360494870247466,3165.358318561661,27.11817919,0.09225465,8474.933685843323
ercAoEmXjQzEvAFbdjAo81KtMxRGn9AW1ju882upmPH,CMRhskR2Eg6V42RTSdRTXGdozyPbWB8U9dVpijPWb9T4,7TKLLgrWswt6ZJ1pXhVR3FyufHGjJFqiEXxvWJfDcgRm,25.87051104899996,25.394697629000063,3908.915316163349,151.09540390445633,1.5635661264653398,148.37151872196335,326.642744566,860.084386922,176966.24413932583
B2izdXFYb2sNwbWWHmh75T4aQFtfXsUxem9u2p61HGzf,4DYwgJtxwuJdAjkj5RJSNH4e7U329V5cNp7d3a1nLrZv,EXNW64GEf1ACC6xY9BtKRiunrs6GoJSXBdxWN2eTPmrF,5103.05370800001,5035.649472999992,5142.045841616991,1.007640941257556,0.5142045841616992,1.0,9582.398456,30295.626737,39951.24373670879
CZgvH45CRmoaNJ7395Ao5CQZXkGznvqU7cErD6n7FaRg,4ZjU6MKvtqVQKCiowhvZ5yUsPxXX5SCzd5eFsPeXyey5,BsyWeshjDbCvjDojry3vKDCesmFRM37WtwcR4Kfgzqr,27.903508819999985,28.63855799999999,28.76094032696601,1.030728447540313,0.011504376130786406,1.0,213.47177507,591.6030396,811.6344709115759
DA1mL7dfBow33EH5yjUuZE6SH2KeUK5zEXzsyhE5r5j5,B4UtLRZND3D83CitRCBUyeiNr7H8m7YFRqBmiPmXjhW4,AAmpYbuixWiSqDaJBCqYEs1pb5SrbdPr9mgXrB58Q2e,56.658251654000026,69.5722639999999,74.9574935217714,1.3229757596390546,0.029982997408708564,0.9990869015108415,134.965989112,3011.768300527,3187.5749914129774
BSCrK1Nx9PXU9mF7STWWBqeHLxmtJDr9h7jheEy4tAWX,FfSySSbVJPvEo5a5AvrP3nySoXpRE2QPn1uUMpJJ1x7v,HL7Vcj6838ZmvBHDbQxXfjBNckNi83WvPiZQoMQLFeRM,0.08066218799999991,0.08057162399999984,255.92013579326402,3172.7398194711045,0.1023680543173056,3168.7686165156224,0.844793556,0.959432431,5720.5295313738825
Sid7E679i9ABqptiAVhkmQ27YHN8vaYT4fppPwmxFsJ,GP7KB8o1bv527HG8kTzzzf4wJ5aEGHvcMQvVhLziUfmT,9gYxhAZ1M9wu5pxr8SBoa5NDm21gi3s9vMHaYTME77sa,235.27090800000224,328.0932440000033,2.1221981648626915,0.009020231965367649,0.0008488792659450767,0.019637874453026283,127902.716485,11832.337003,1386.074120246164
C2ypsDADXcCRz8HbV2zX1AXPSja7a1P3xZtRC91xGhJh,J9bYNuDpY1d1T86gLaw7DGk5D3CsUAf2tzUwxMvb6FTv,A2NGvvPrMGzsJ4jb52KEnSBVmsA7C34dV1GC7PerdgvG,0.13115380499999996,0.1318034680000002,19.849521082712663,151.34536952788116,0.007939808433085066,151.88134664684716,1.309424137,0.910011665,336.3890770275314
GokA1R67GqSavkd15zR62QD68Tuc5AEfvjssntVDEbM8,3YB7hfpBdbQEuZqLGWVDpRPmeZWCUsrrWyqGXegnQ6Cg,4DPCj6Z1DsG6HUtwSogBGqXEUxdEV5a8YVrrFtcnz7UW,18876.218275000007,18876.556300999997,18876.55805304496,1.0000180003240058,1.887655805304496,1.0,16472.168642,16114.415913,32586.881059372634
moFiBS1R4Lf3E3zzmBPnw3NF4RhWPkhREFviuzUaCAU,44ALBrpqi9PfZkBRTvbtRNtFJGsatfY4QydjtMbFWq8S,2ho8qEEie1UjVwWNBo9y4oAJZMyMLx8zPj9bxyUz6uWs,155.5507625330065,155.55201535599917,155.528283719104,0.9998554888864802,0.062211313487641605,0.9990978126769571,32316.691115047,34797.255917364,67077.88326822736
Lee1XZJfJ9Hm2K1qTyeCz1LXNc1YBZaKZszvNY4KCDw,9DgFSWkPDGijNKcLGbr3p5xoJbHsPgXUTr6QvGBJ5vGN,2hNHZg7XBhuhHVZ3JDEi4buq2fPQwuWBdQ9xkH7t1GQX,1786.8730083340497,1510.436349720996,319883.0309118209,179.01833505787664,31.988303091182093,151.40852320971533,6944.996018393,54954.176834129,9563812.382857319
FrnkTEL6yZ5Aycq2TrEgu29dCrwKG4LPUZydfiwqspkc,DjvZuMZ46fxKBoBpGMPcRcos4xdTtHFxwMh69DpA2ZFY,9rvDPJLAng4uVVqnnSoEXgNDFhBZQTny9AoQioYDZbQX,66.4173750609977,55.564809051000196,11968.571807691165,180.20242137993608,4.7874287230764665,151.6000475417749,174.824223102,1441.267611627,249999.98676192012
WiiQFxXqp8P9Fs1rt9SVcDyA3KUdJmUsog6wnVQAwba,3S2jpqSYxho6wiz3cafhjXruVY8cg4HYa2v3BqBHYFSj,Dfe67M6TfrG74gKRtdqys4e6E9QirPD53BkF4FujFjuv,2575.0242626499967,2575.6105807680015,2572.0791034725653,0.9988562596398992,0.25720791034725654,0.9990869065017148,15510.421555198,11288.370308232,26770.744630760462
SRMuKizofcAMicegrfSv7xs9q76tH1w8aAF7oX9FEWu,72Hj2KWntXPfbie4UgKeTPnm1XVkomDfCnRPKbvfTtPi,6aqJQ5wedqpUt4fFEDUqUmXhrdxCu4bEJsQdVPCADLko,215.7878470000005,215.87389500000018,9.757928559981472,0.04522000981816853,0.003903171423992589,0.04528974636066317,17864.056964,3999.896594,988.9671335155424
BUSDgu5JdqP1rndBvXvanbEufS94FNh1w5FJcAj6vawb,Bgzr8cWubt89JQFXndVjtdKmDbGzuPxNhvjH1EhWCwbo,Dxaf8xPBBQsasRKW5Aa4Sw2YrbfGofY9xZueyyF23FBW,9297.830229960004,9245.87922793,9353.816563619894,1.0060214407313535,3.741526625447958,1.0,5002.7594511,10033.07017962,15065.953450248016
ALBpShJ9NLpE739pcHDF2LNVk5J4VYPvvKuV6jMPitZi,D6d156U1bPiJpDYRLextvDRccgFk7QzkQbJg42ceKEu5,GNcM8U5g8RwTZffwwm3kSQqUNPSwv5d2fbN9sLxPJqt2,71.52159699999902,71.36940499999764,71.63427771885077,1.0015754782272515,0.02865371108754031,0.9983547114355541,41205.004835,59099.358601,100272.04552509902
RajgMbScQbqqrdJfR2rxfHJiTiY5b6bJ2tTXiF4aPxy,725ZA3fhyBAKb5iopNRrcbSuQa3LXA1656Q3mBvYPxeg,GLA6i1dSZpUfk2f9Nj8uiG7xyDdAR2reff8oEiZH3617,30992.67327327002,30973.39748387999,31010.268189337967,1.0005677121141765,12.40410727573519,1.0,78607.57462478,102796.22927123,181448.43036839052
MARpDPs5A7XiyCWPNH8GsMWPLxmwNn9SBmKvPa9LzgA,6YjT74rmcfCpw8LSjPNx5JTmZoYLGrTKnf9arfSgZ4SR,F8GSmi3vA8M8TsybLya1LQ4n1aFHCRbZ6k437PeTdXtg,37845.644588999894,39846.831928000494,35447.84594569523,0.9366426792476512,14.179138378278095,1.0,297133.173065,14857.94914,293165.5604529576
ALLwa5WNZbvQsRKAqe1jdRGemdYQnW8E5k4msbRFcYtu,CGoM82Hbz7QVqTgvQatYtjvDWBvoUJp5qm21P8iMs9yb,3dxNNww8TivyN5FMy5dCNdi3Zcxv6e4kUfSPxfFwpdNq,3.148919176000006,3.1421762809999993,9989.908873449465,3172.48818248152,3.9959635493797863,3168.8389057365493,2.09363223,6.54233431,27373.627004000515
KwnjUuZhTMTSGAaavkLEmSyfobY16JNH4poL9oeeEvE,J63v6qEZmQpDqCD8bd4PXu2Pq5ZbyXrFcSa3Xt1HdAPQ,BnKQtTdLw9qPCDgZkWX3sURkBAoKCUYL1yahh6Mw7mRK,148.85289799996713,5733.5686400000195,2.9340884690965017,0.01971132916133853,0.0002934088469096502,1.0,278321.715954,558.714259,6044.805214917859
DEDaBEWzMCXohXYXoLzB4jK1xqMsd3SS9izXp2xvg9pe,GC5zHpW5GuVdw3C7covC6viyGdLS8ZAaVGDKMeru7p78,F8juxtAFueW19vxkdDArUkjVWAv9QV6yy1wCXUWQiXvh,0.022004559999999174,1909.177004730329,0.022004559999999174,1.0,8.80182399999967e-06,0.0,46.89429215,8576762.77359505,46.89429215
BSCuChvaSj9b5HUSqgDVRzcnr2sSn7cXaamt1jbKH6hn,GnKpRj5kBVPMJfiwZtEuD9GYApLzPdW5JFuZTcyX4BTc,3dmwD9okkomV9nDwyuh4UMhKdUR13QpuKxRo89ycZB5t,1.5726557210000465,1.5728699999999662,1.5719441097612783,0.999547509840033,0.0006287776439045113,0.9977859130589223,1585.143790567,1524.815353493,3105.865808330912
SoN9GaFpSXfpyR5dth3x7PHPVhvJMpQqqDJfCSmPv1t,9kZ9iS68ViMPtoeqtnhAKuF2iqVyfHPdZHoUNdwCELr,BBhm5fJLjw3HRzjtKB8uMEYjGhY6EDm9co3cqpjrSzB9,1.7984244450000024,1.7602485550000004,324.0837100953483,180.20423988139677,0.12963348403813932,176.45513284159992,3.764182143,5.889028129,1717.4708226650557
STK75uPSyBnEhGTTzb1nwmP3n427XoXmfRhXxxhyady,6TYyD5fUmDe6N65avW1Ny2RxzRNobw2RRgKwH9CTzSAU,54zDfk4cx2vGrEajPtodWpArNe5eUurytyxd4X3aZAxK,422.1769076580001,474.7434242080068,63911.38927192743,151.3853271285534,6.391138927192744,170.2348167992484,1686.970232407,300.397244125,306520.6103096839
AURHmCnNwiW4uA2Qj1XvEh4iKgRUZYXtiY7FKAapUV5Y,BKWm4TRnTeKwfWXRyuzjRHU7iZDkPuXBX5b5V5jSVfGJ,A5Ww74HVrkj9nPeC7pHKLfgeDMEhBCpW1efQdz3TGLEg,0.1751925660000211,0.16779656499994644,29.695285978420017,169.50083360509967,0.011878114391368008,151.36591848006822,289.906750415,1809.4797958,323033.0071254813
SAMyS8Jr2HJrkFwYVKbpUwsNStnQmvz3f8Tup8bWUWF,6jPzm5TFfquvgm25sTyN3MMGBfufRaFHMxobDWv6hMFW,Cj9ECoDmxsHTDzCY5ZA6RWrPbg9uFzEC1Qc2kso2vJG6,1003.3462883200264,20.890996299999983,976.4656535755712,0.9732090156136788,0.3905862614302285,0.0196814753958235,463.25514749,109768.00742193,2611.240423389999
7oAd7xG4m3oC2qeWB1szghTebAZyyGPAFDJ4wwwbRSNi,D9yh4KAysxt9GLacVe4Wwh2XqghhcjTCSTV9HuM7TBJd,HDYfJLpZKaMFb84jM4mRytn7XLR8UFZUnQpSfhJJaNEy,9201.653948489053,246.44847391400003,9193.291803810642,0.9990912346057326,3.677316721524257,0.030767158496971002,1137.590467845,293194.468445372,10157.317346088897
MNkYtBe2HtgL15osfaMmyqNW3vo4J399FXXCS4a39Wf,2mUxDu8NrhSKhQJMgKfYLxJqZzeEbmwhQdHeHMyohyuk,AZCBmDBcFsA2jHHhfFJBTsWCHx9XnnKmGfFsue3ZVW1t,0.001442550000092524,0.0014420399998016364,0.0014419506388899629,0.9995845127014504,5.767802555559851e-07,1.0,2195.17444406,1941.31751126,4135.579888220393
SoNcU2iwHMw6dGzsYNQkYFkUjwN1UdAjrWVRnStrZu2,8ivTTid27jZnYNc4w3CTA1Z6QS2twsFb8WMwUabeDJgc,CyXm53PMvHCbeXJBykU46Rcbo28xk5srhMZFg7gv6EYB,13.738554190000006,13.587825962000021,2455.326177228511,178.71794537271538,0.9821304708914045,176.31799020059873,21.728152158,27.17013003,8673.793430802025
BUSD5rCfUDpCxKGMvYU2yThChxgHoioK74PTPociGnv2,CcFHbafgYDZ8yA8Me1PdtDiVb2eeaS61LbqyKKK5CsNZ,26R9s4nmF3CFDTkiePDwRmtscn8i7r2eygbSijditJ58,311.63449952,312.1607002299999,311.4628430033356,0.9994491735769665,0.03114628430033356,1.0,88.00659074,59.79372888,147.7518432644193
MATSnbbiTCv7Dc3trJrkrqjx7ckKdr6fwPoVwv9q3sD,631WX9JizSHJm4w6VanZeJAst9T8DeUUnPLesdGkCVtK,211maUSfpnXbPuW1iBu8b4dtJv5EbN1j7JJiEX5TZKEP,501.04409599999417,500.8817830000007,500.3660999345828,0.9986468335405525,0.20014643997383313,0.9986957034113447,22022.92085,23524.874066,45487.31082517389
parEAJhzYzHW87y9VoZAQ22dzQ2MD2ekEtTReaxbMcz,3oyc6hpjYSJEquK6dSvG72NXyz3pqLZz5D8AC71pwgQb,Di2vordgFJVZ1aj1aBpvzXtLfZgJsuLLXawGtVFwX6Rz,2.45894933399984,2.8543949290003354,363.6700124306775,147.89650498374246,0.14546800497227103,174.19854732347417,1102.227102558,140.787375288,187540.49242333963
KEN5P7p3asnb23Sw6yAmJRGvijfAzso3RqfyLAQhznt,9zj4aX38Uxf3h6AUjS4EipWS8mwbEofasHAf3a1uKGds,CwQDG1MWunn9cLNwcZLd8YBacweSR7ARo32w4mLua1Yr,133275.4741580002,133283.40093900007,133205.14184310703,0.9994722786368796,13.320514184310703,1.0,1122799.410659,1108517.900905,2230724.7863284964
BkwbeSfcX1h4thMDd7obGkHrPevf3QwgzJ4pCEqG18Lu,35yX27bmurdebhfAb8EPmjLETDiUaEUCn9zHaDPbakH2,2CxECn1ZJFoESyUnQysQU8rRgT3iJ5GRs2Mdd6gZjx5g,0.020051019999993258,0.013160570000000149,41.241967995378786,2056.851371919865,0.016496787198151515,1345.8950201884254,0.9032719,22.63502722,32322.266463959124
AyiATPCAx5HZstcZ1jdH9rENwFb3yd9zEhkgspvDrCs4,DvHVapj4g2Y1tJVSw2ubSPkPBsJPb8fW387ZWXwaKmZq,DKjqWWgrtDRPKrnMWtZ4UiJk4sGQVCQgFjSo7BvfngvK,0.0012121600000000177,0.0012231400000000114,2.49323295898642,2056.851371919865,0.000997293183594568,0.0,0.80222744,0.31854276,1650.0626105557612
BUSDTd9WiT6uBHJRgNvFXBsA7JrifsAtWzKfioN7ERcy,DyBxrn7gSc1EwnpWhDyhzvMHPtxpmBqRqotapLcKcfTM,Cds99GeBgoCpqBsoRWu1C6fF9LiUMd4pXQQD24s9LPff,2380.1986443299993,2386.1577314099995,2376.171746071931,0.9983081671491323,0.23761717460719312,0.9993074799164179,142.35790951,120.85118202,262.88455387143665
Cob4usZcpHEY7Qt4ZCwj6WVg9S44zvzYV2v9qYF65dTf,NhFM9UXE48PyNAyeyPYA3iXztqKVJwA4bTdLj4ysM8w,6TuFuynuBoeskxyR2cz4wxyidk8dpDK7kAWw3UkjQGx,3.5621289999999988,387.71446799999103,0.032131229870563084,0.009020231965367649,1.2852491948225234e-05,1.0,71003.708997,187.478961,827.9488865544018
AUSejoEUCh2DBs9mof6BNC8Pubs22w4cJa1ccV9h44R,4xkyD7AfGQDwsQMy9MosRRNGoVJ1zosNinesxg1TzHG7,Cbm5gsQe3nSiCsFrvepVzMCD9xLK3ri9g3ypS2hdmVJ7,89.32392899999832,89.31226699999934,89.33250492047068,1.000096009216885,0.00893325049204707,1.0,14393.078592,14482.280695,28876.74115520418
BSC8REUo9LpiiWUuqMuLXs2D2yJsJfGd4HdiF3wCLxk5,AZjEH1zWVx1UJ6udMyRijGTzPteuLnaY18yNNmprJEsh,Caf8ypkSVR8xYnXNhjvfvdGCC7mrM3C11rz8Xi6NA6aK,47.38255809899965,47.345995302999654,47.38288200838106,1.0000068360467311,0.018953152803352424,0.9990869374451297,3051.029383038,3299.170565827,6347.208456738654
KZMu9QBEdL97EFgamLbN5DE1AoKBG4HdrKKJo4Vuon3,DD4ACBWyVqdaKWh7v5btsgqQCCMwbKnuL2xd9pv7Gyuw,GcYqiJ1MAuYbNTNYXm1F1gQYTfTgkErACAhNU5dpVj9T,20.370836110000027,20.848183110000036,19.76372645067223,0.970197116306396,0.007905490580268893,1.0,2466.65393671,928.82104799,3321.9615843118613
BSCNHw8CmxbZ8hCWWzMf5FaG2ajPT6JxfznKUNuRVrn4,7n9kgNL633yGzCYksgnzHyjG73ZLBAwvEae5sbAekbzW,SscdxE99omdG9AiMVwmaEMQySQnCgeAh1sPj2Leutm2,22.57852971400007,22.483088908000354,22.65743065905361,1.003494512089714,0.009062972263621445,0.9990692880317247,4314.757928026,7383.58457738,11706.548488614735
NorjjEePhxfwLF4vZjUHCrVVKLzQjEEGQFd3wgjEJmh,34M8pFVqgbV7aqHxvRT5tCv3vu2P1JJYT8J3VaxBK2oG,3AZWBSze3ucsY3xSeuLne3b2pauVqiaJ1SZSV5T9WGWw,0.001213000000007014,0.001213000000007014,0.0007186810869011716,0.5924823469884715,2.874724347604686e-07,1.0,38124.371737,2258.309846,24846.32709019871
heyk4SZTeCUV6a65WiVA5bzic3KcxgVf1qxobfeV4tQ,9ZDpBKPqMABtGfq66FbVribaArMvtk63xxy91onZAtDt,DaTP4s6N7xxSPinbNZ3FB52EpRDRt87QShTuN3VPCW52,57.1461250320026,49.66914588899954,9986.717557001564,174.7575632015096,3.994687022800626,151.66341399198126,622.263908766,4477.238154084,787778.5480677283
DFWzVTzNBrQZLjoQ4yQwkj9HuoXmfkuZP9V5vbymZe23,DhgiEgiNdqZdRdo195UUHnoEJUtefK8buko8nU97XJUZ,2K2kkXsouBHtWVjtcgkyiXd8eP3oVBvq1bTJzcVdLLr2,3410.1278483859987,3657.872731451005,3232.378210184192,0.9478759606370961,1.2929512840736768,0.9990869444323527,54381.188539528,13902.143592899,65436.07149078141
JSoLLrxK5bYdHwTEWYaGgmeycBCNXKDiBCTw5hXGBg7,xG4wXczA7Dk4hccJ61CHKpDHW4NrNfQwgmWgkb9BuF2,BVR6WgfhsRr9Lob4QDnkEAiNGgAbv7ZieKcY9kSg3QYR,3.607669019999996,3.090937671999992,639.6927880787766,177.3147105603322,0.25587711523151063,151.4689305414984,17.172455715,163.756570177,27848.961568569368
vEnkoSUkpnbRrPgBz9DfcVxNz67zjwMYBZraAvDDNSf,DtfyjjsZ5yCjWKLKHvwsfXs5QVsmm1QkK6Sh9JZHoq1g,e5wrKCRv4GhHvEf1VD5Pq2KGaZDXP77nTL612Jyrxwy,1312.4266779999998,1312.4308339999995,1310.5787619456564,0.998591985300726,0.13105787619456566,0.9980767061871773,942.604442,1002.657541,1942.0063770450774
Lid8SLUxQ9RmF7XMqUA8c24RitTwzja8VSKngJxRcUa,4PgzyzLtds9bKZ2to9PMnKqJzKEUpjvNUaeN23phegax,AtymwxoVN9peZo7EXTcDz9jKVc4vRmisJKKrNfe3ewBa,112.4556440850065,95.40918166100084,20097.755452528247,178.71717881350736,2.0097755452528245,151.6191944441875,982.30357658,7682.631022475,1340388.8507843798
