0,1,2,3,4,5,6,7,8,9,10,11
C98Sspw7XqnMsgxea3SLQVdbMDL8pKUc3RE82UvX9eq2,CSqgQJurPCzGxb4Cgwx5R61hWQUiaoUHcShNc8r1cKEL,6S2CR5EnukPhC914XkAns8m5GixjMAoUuZMsS5ubHuWc,42.55040400000007,41.33999099999983,0.0,0.0,0.0,1.0,964.74868,3884.889553,3884.889553
SEQV6QiTpvTzrceiaYg9Avnwf7oc8ZALpnQMz6TyT4A,3dFMPj4r9mMmPHF32mz1gNDX7f8ftidWof7S8YiYTs1j,Fc1ED3YPeQfXQosHbd8DTaBd2AV5gHQtwiSAL5C5pUhi,468.800369996,467.27987321599994,470.3334718026888,1.0032702657779513,0.18813338872107555,0.9977540556207976,921.984823004,4703.190303947,5617.627158537991
MARpDPs5A7XiyCWPNH8GsMWPLxmwNn9SBmKvPa9LzgA,6YjT74rmcfCpw8LSjPNx5JTmZoYLGrTKnf9arfSgZ4SR,F8GSmi3vA8M8TsybLya1LQ4n1aFHCRbZ6k437PeTdXtg,55253.517266,57970.823472999095,51355.52984007837,0.929452682493387,20.54221193603135,1.0,318999.423173,16224.93358,312719.803161988
parEAJhzYzHW87y9VoZAQ22dzQ2MD2ekEtTReaxbMcz,3oyc6hpjYSJEquK6dSvG72NXyz3pqLZz5D8AC71pwgQb,Di2vordgFJVZ1aj1aBpvzXtLfZgJsuLLXawGtVFwX6Rz,25.255825359000028,29.73026482200021,3303.8378940634934,130.81488516415305,1.3215351576253973,153.46216789252247,1103.650413948,142.928158001,166307.96714169605
BSCNHw8CmxbZ8hCWWzMf5FaG2ajPT6JxfznKUNuRVrn4,7n9kgNL633yGzCYksgnzHyjG73ZLBAwvEae5sbAekbzW,SscdxE99omdG9AiMVwmaEMQySQnCgeAh1sPj2Leutm2,503.1919870060001,503.9704165510002,504.32525477302477,1.0022521578170742,0.20173010190920992,1.0,4915.510197925,6775.02193553,11701.602638172164
ZUCKWFa4LTL833dPhhpeeRWZcaAEoMeYJPi2iKn4F8N,7eEYpq6ShaJ9opZWMxitRFrdCHh6vfyHhGfoSvFht3N2,H8VggnHmuwd1wvwpT8eg9cUJFEfZ7HAaeYjgXrSm7A2u,0.0010603959999571089,0.0010603959999571089,0.0010619973964511914,1.0015101872264205,4.247989585804766e-07,1.0,1817.011925129,2030.154775686,3849.9107290145835
SQDY9uoDoCbNq7F3HAHYYQZbrUzpKxDtdWLvYcqBLak,GiehZ4X2uQjhEKuxSm3ACmEFrabxh3RTvjbLfLjw1xGX,rxDQYV77NKRKYxCjq4cECX3QQsiSyLv1T1FT2X3zNA2,0.007384437000041544,0.0010906050000016876,0.007400873793071294,1.0022258694914261,2.960349517228518e-06,1.0,168.702204443,237.869801509,406.947515042006
HDSBGqAuMRr6X2AfmmbXQPpRgU6VEhtfNVVZ3wUTZXg,DCZ1d8kNLgDcdSd99y4udLgwq46mfDXNS9KXj96kQf5L,Fq8GGYQM5Pz3q7LmVMbrXHJgsxA5ev86kTq8yGgGuYsa,602.9640379820048,603.9986002639926,600.3993863727602,0.9957465927523174,0.24015975454910407,1.0,59305.748640223,57916.307842933,116969.80498206042
daob129AwBGn9Y5r91uLoWZeYiGzbPmksauMhFZKTze,6VW5GQNyj4LStgmxEHLr5zUfW92vQnmbw8jTnCH7a38F,4VPCCUifPeBA1c7HWK358CHn2nyjm8pdTRk6Ps3KmnMQ,34.73627981400005,31.095798831999943,4965.3673298729345,142.944706700333,1.986146931949174,134.06198704532207,48.373078795,223.803698835,36918.244134456305
HEDSDjj84KS7LKhZY7ejkCACTdPen62rKhCby1wXtgxc,EnnjMSFttpCTywBrYNt1J5QQeoSVkvzPipJDa8Y7kJow,6bjVT6JN2rSvpyn9PdfLYC8wJn4LWh49jpY47fnLDXZk,28.629435590004505,29.569654419989092,27.732043280927613,0.9686549074201728,0.011092817312371047,1.0,39150.801896771,9073.077799515,46996.694186257235
Lee1XZJfJ9Hm2K1qTyeCz1LXNc1YBZaKZszvNY4KCDw,9DgFSWkPDGijNKcLGbr3p5xoJbHsPgXUTr6QvGBJ5vGN,2hNHZg7XBhuhHVZ3JDEi4buq2fPQwuWBdQ9xkH7t1GQX,2444.3653662771903,2068.1461208689725,386841.53061220393,158.25847311908618,38.6841530612204,133.7749512022422,7143.817728811,56464.37179796,8684088.267940046
iLiUBQ7Z7im6Ew3b4ewwPcehzWgEQRJ1iQz7g6D62NW,GpugBvKWM3TVhYcZjemSdtehBWgfvuGr6uAm9iPjXT6v,92fMXJ3xy8tEyMUWLHKRLyhPw2nECBo77GtDiBBbYrjX,0.0010766840000542288,0.0010766840000542288,0.001053002760873268,0.9780053951022137,4.212011043493072e-07,1.0,1865.637227489,1097.917861015,2922.521134802778
KZMu9QBEdL97EFgamLbN5DE1AoKBG4HdrKKJo4Vuon3,DD4ACBWyVqdaKWh7v5btsgqQCCMwbKnuL2xd9pv7Gyuw,GcYqiJ1MAuYbNTNYXm1F1gQYTfTgkErACAhNU5dpVj9T,86.49479086999872,86.08546679000028,86.95536561594942,1.0053248842076852,0.034782146246379764,1.0,2060.63992183,2630.38519659,4701.9977873974785
SoNcU2iwHMw6dGzsYNQkYFkUjwN1UdAjrWVRnStrZu2,8ivTTid27jZnYNc4w3CTA1Z6QS2twsFb8WMwUabeDJgc,CyXm53PMvHCbeXJBykU46Rcbo28xk5srhMZFg7gv6EYB,10.735884865000003,10.645415771,1696.9789727887708,158.0660554884565,0.6787915891155083,155.7070931587753,22.412854651,27.328621434,7797.971730444418
NorjjEePhxfwLF4vZjUHCrVVKLzQjEEGQFd3wgjEJmh,34M8pFVqgbV7aqHxvRT5tCv3vu2P1JJYT8J3VaxBK2oG,3AZWBSze3ucsY3xSeuLne3b2pauVqiaJ1SZSV5T9WGWw,0.007438999999976659,0.0011089999998148414,0.004411163879557056,0.5929780722638657,1.7644655518228223e-06,1.0,38120.278942,2260.70417,24865.193691187993
ALLwa5WNZbvQsRKAqe1jdRGemdYQnW8E5k4msbRFcYtu,CGoM82Hbz7QVqTgvQatYtjvDWBvoUJp5qm21P8iMs9yb,3dxNNww8TivyN5FMy5dCNdi3Zcxv6e4kUfSPxfFwpdNq,2.9863828789999998,2.984344446000003,8936.717476134902,2992.488852979023,3.574686990453961,2995.734074677659,2.588984984,6.03984126,25841.26697337612
KEN5P7p3asnb23Sw6yAmJRGvijfAzso3RqfyLAQhznt,9zj4aX38Uxf3h6AUjS4EipWS8mwbEofasHAf3a1uKGds,CwQDG1MWunn9cLNwcZLd8YBacweSR7ARo32w4mLua1Yr,635801.2418580002,636360.0877920021,635280.3120021584,0.9991806718490837,63.528031200215835,1.0,1058209.897065,1008615.76023,2065958.6361367563
BSC8REUo9LpiiWUuqMuLXs2D2yJsJfGd4HdiF3wCLxk5,AZjEH1zWVx1UJ6udMyRijGTzPteuLnaY18yNNmprJEsh,Caf8ypkSVR8xYnXNhjvfvdGCC7mrM3C11rz8Xi6NA6aK,149.75386349600012,149.77106566500015,149.7817918089008,1.0001864947738155,0.05991271672356032,1.0,3180.829160911,3167.512235937,6348.93460486291
wrmcMSHFi3sWpAEy4rGDvQb3ezh3PhXoV2xNjgLBkKU,8p4mGnARWPBu6P2Gcw4adodLkNDorrXniZMhaY7eJXUn,AyY89zccbsgp9LKFgH4CFZMJmpSgqmPSdTfukhP227rc,0.013826829999999984,0.16207979999999367,3.4258746283448924,247.77006937561944,0.001370349851337957,2988.3752203926724,27.19553119,0.08535566,6993.313388917384
RajgMbScQbqqrdJfR2rxfHJiTiY5b6bJ2tTXiF4aPxy,725ZA3fhyBAKb5iopNRrcbSuQa3LXA1656Q3mBvYPxeg,GLA6i1dSZpUfk2f9Nj8uiG7xyDdAR2reff8oEiZH3617,4403.765706039994,4401.965531200025,4404.942354241659,1.0002671913721592,1.7619769416966635,1.0,78447.19550557,103456.6512165,181924.80713587918
ACUSESXyNnwRLAg1dpSGMLSzUDdLjUMybY8rkXiAKhCP,AhFPQdu8GKBsxuhiH46UmCu1YpaLgNpoP325HnYtsgas,A8wxWpT3aFEr2XqZp1kDmbxbFfcBE95UUmdsNTDBJYbT,0.0,0.00208552599997347,0.0,0.9990268948559848,0.0,0.987879634623352,1044.555794732,1841.328673742,2862.5504295526844
YAkoNb6HKmSxQN9L8hiBE5tPJRsniSSMzND1boHmZxe,CfWX7o2TswwbxusJ4hCaPobu2jLCb1hfXuXJQjVq3jQF,EnTrdMMpdhugeH6Ban6gYZWXughWxKtVGfCwFn78ZmY3,9891858.059035007,9894094.189899016,9891858.059035007,1.0,989.1858059035007,0.9954805184462541,884584.144113,615677.76284,1497479.3626607931
FrnkTEL6yZ5Aycq2TrEgu29dCrwKG4LPUZydfiwqspkc,DjvZuMZ46fxKBoBpGMPcRcos4xdTtHFxwMh69DpA2ZFY,9rvDPJLAng4uVVqnnSoEXgNDFhBZQTny9AoQioYDZbQX,68.69897661299933,57.52170782200025,10925.208220236289,159.03014511818802,4.3700832880945155,133.20313171218905,175.524828423,1442.81469313,220101.17454123177
BSCrK1Nx9PXU9mF7STWWBqeHLxmtJDr9h7jheEy4tAWX,FfSySSbVJPvEo5a5AvrP3nySoXpRE2QPn1uUMpJJ1x7v,HL7Vcj6838ZmvBHDbQxXfjBNckNi83WvPiZQoMQLFeRM,0.2516411980000002,0.251177498,752.5628044823394,2990.6184299851366,0.3010251217929358,2982.848620432513,0.846128798,0.95795745,5387.890435605519
7oAd7xG4m3oC2qeWB1szghTebAZyyGPAFDJ4wwwbRSNi,D9yh4KAysxt9GLacVe4Wwh2XqghhcjTCSTV9HuM7TBJd,HDYfJLpZKaMFb84jM4mRytn7XLR8UFZUnQpSfhJJaNEy,0.0,0.002167972000052032,0.0,0.9979470841332931,0.0,0.022813629450743386,956.248777997,300037.026752135,7799.21922953412
DFWzVTzNBrQZLjoQ4yQwkj9HuoXmfkuZP9V5vbymZe23,DhgiEgiNdqZdRdo195UUHnoEJUtefK8buko8nU97XJUZ,2K2kkXsouBHtWVjtcgkyiXd8eP3oVBvq1bTJzcVdLLr2,816.496498540002,962.7418847179952,703.1341228674407,0.8611599977767603,0.2812536491469763,0.9962401399000103,60610.580565055,8206.911021378,60371.46160873547
vEnkoSUkpnbRrPgBz9DfcVxNz67zjwMYBZraAvDDNSf,DtfyjjsZ5yCjWKLKHvwsfXs5QVsmm1QkK6Sh9JZHoq1g,e5wrKCRv4GhHvEf1VD5Pq2KGaZDXP77nTL612Jyrxwy,4124.228312000002,4123.127914000001,4066.9092924324586,0.9861018801018445,0.4066909292432459,0.99529920186957,775.961418,1168.501767,1928.1858892545754
WiiQFxXqp8P9Fs1rt9SVcDyA3KUdJmUsog6wnVQAwba,3S2jpqSYxho6wiz3cafhjXruVY8cg4HYa2v3BqBHYFSj,Dfe67M6TfrG74gKRtdqys4e6E9QirPD53BkF4FujFjuv,5351.5681605309965,5352.032833392001,5350.003568037534,0.9997076385002435,0.5350003568037535,0.9956425336128696,15850.892337745,10936.32492132,26734.928400165267
KwnjUuZhTMTSGAaavkLEmSyfobY16JNH4poL9oeeEvE,J63v6qEZmQpDqCD8bd4PXu2Pq5ZbyXrFcSa3Xt1HdAPQ,BnKQtTdLw9qPCDgZkWX3sURkBAoKCUYL1yahh6Mw7mRK,316.9101370000118,15924.840643000463,5.276419987132403,0.01664957781748776,0.0005276419987132404,1.0,280960.574141,510.365445,5188.240387806619
KEnkcdADoLR5jS2CLLLesy8TtFsyWL37BhXNfDMzWzP,3qsjFRuw1qeLMPo4DLwaQevenGAGBj9dA3Q6rb8ax2YR,77iEv8zPQAEyCcEbvBRSB6AFcUdfkhiqnAKtPxk76rNN,0.07002900000000001,5.9381329999999934,0.0009616022601367482,0.01373148638616499,3.846409040546993e-07,0.9933179501493454,115.085978,0.335877,1.9139341932877951
BUSDTd9WiT6uBHJRgNvFXBsA7JrifsAtWzKfioN7ERcy,DyBxrn7gSc1EwnpWhDyhzvMHPtxpmBqRqotapLcKcfTM,Cds99GeBgoCpqBsoRWu1C6fF9LiUMd4pXQQD24s9LPff,8910.158157729998,8944.269191249998,8908.729999223822,0.9998397156951768,0.8908729999223823,0.9974564859607999,447.37468487,422.73944898,868.9671829862359
AUSejoEUCh2DBs9mof6BNC8Pubs22w4cJa1ccV9h44R,4xkyD7AfGQDwsQMy9MosRRNGoVJ1zosNinesxg1TzHG7,Cbm5gsQe3nSiCsFrvepVzMCD9xLK3ri9g3ypS2hdmVJ7,423.41212299999825,423.55014500000107,423.3350760161633,0.9998180331179726,0.04233350760161633,1.0,14522.962105,14351.378187,28871.697593867953
Sid7E679i9ABqptiAVhkmQ27YHN8vaYT4fppPwmxFsJ,GP7KB8o1bv527HG8kTzzzf4wJ5aEGHvcMQvVhLziUfmT,9gYxhAZ1M9wu5pxr8SBoa5NDm21gi3s9vMHaYTME77sa,2202.035960000001,2655.5855090000114,30.251276711478916,0.013737866801902227,0.012100510684591566,0.01679455524549634,103743.279573,27646.89059,1889.5285877463261
Cob4usZcpHEY7Qt4ZCwj6WVg9S44zvzYV2v9qYF65dTf,NhFM9UXE48PyNAyeyPYA3iXztqKVJwA4bTdLj4ysM8w,6TuFuynuBoeskxyR2cz4wxyidk8dpDK7kAWw3UkjQGx,38.08872299999999,2769.8488679999937,0.5229753707551483,0.013730451681332254,0.00020919014830205932,1.0,65724.04759,246.159637,1148.5804967360766
SAMyS8Jr2HJrkFwYVKbpUwsNStnQmvz3f8Tup8bWUWF,6jPzm5TFfquvgm25sTyN3MMGBfufRaFHMxobDWv6hMFW,Cj9ECoDmxsHTDzCY5ZA6RWrPbg9uFzEC1Qc2kso2vJG6,4295.7476365699995,120.72480704999663,4318.488407861843,1.005293786603815,1.7273953631447376,0.016807091597674396,411.54040089,112556.34711503,2305.4638438131037
MATSnbbiTCv7Dc3trJrkrqjx7ckKdr6fwPoVwv9q3sD,631WX9JizSHJm4w6VanZeJAst9T8DeUUnPLesdGkCVtK,211maUSfpnXbPuW1iBu8b4dtJv5EbN1j7JJiEX5TZKEP,8970.84345600001,8963.004777999995,8967.964739318688,0.9996791030079344,3.5871858957274756,0.9995002498750625,20091.391845,25454.843102,45527.06661877004
BSCuChvaSj9b5HUSqgDVRzcnr2sSn7cXaamt1jbKH6hn,GnKpRj5kBVPMJfiwZtEuD9GYApLzPdW5JFuZTcyX4BTc,3dmwD9okkomV9nDwyuh4UMhKdUR13QpuKxRo89ycZB5t,198.19938144000002,198.48394316200006,198.0090670053385,0.9990397829030605,0.07920362680213541,0.9994952548962774,1722.2821629,1386.272545418,3106.2012292597046
GokA1R67GqSavkd15zR62QD68Tuc5AEfvjssntVDEbM8,3YB7hfpBdbQEuZqLGWVDpRPmeZWCUsrrWyqGXegnQ6Cg,4DPCj6Z1DsG6HUtwSogBGqXEUxdEV5a8YVrrFtcnz7UW,29915.460838000065,29910.25484399999,29926.593530793518,1.000372138435498,2.992659353079352,1.0,23033.652687,37734.878389,60777.102783474744
moFiBS1R4Lf3E3zzmBPnw3NF4RhWPkhREFviuzUaCAU,44ALBrpqi9PfZkBRTvbtRNtFJGsatfY4QydjtMbFWq8S,2ho8qEEie1UjVwWNBo9y4oAJZMyMLx8zPj9bxyUz6uWs,677.625774583008,677.8585536640021,677.488082582592,0.9997968022976979,0.27099523303303685,0.9932728431363792,33704.074877458,33408.234392114,66880.71824570632
heyk4SZTeCUV6a65WiVA5bzic3KcxgVf1qxobfeV4tQ,9ZDpBKPqMABtGfq66FbVribaArMvtk63xxy91onZAtDt,DaTP4s6N7xxSPinbNZ3FB52EpRDRt87QShTuN3VPCW52,197.39910445399323,171.31803075800167,29300.268773147833,148.4316195566971,11.720107509259133,132.31636737586476,629.31252162,4468.859578092,684713.1424773387
B2izdXFYb2sNwbWWHmh75T4aQFtfXsUxem9u2p61HGzf,4DYwgJtxwuJdAjkj5RJSNH4e7U329V5cNp7d3a1nLrZv,EXNW64GEf1ACC6xY9BtKRiunrs6GoJSXBdxWN2eTPmrF,175052.408282,173804.51190900008,168574.9170927125,0.9629968461853288,16.85749170927125,1.0,12660.657888,27162.566754,39354.740370775406
ercAoEmXjQzEvAFbdjAo81KtMxRGn9AW1ju882upmPH,CMRhskR2Eg6V42RTSdRTXGdozyPbWB8U9dVpijPWb9T4,7TKLLgrWswt6ZJ1pXhVR3FyufHGjJFqiEXxvWJfDcgRm,272.6501603820001,272.4582105369998,35992.96436401599,132.0115283027436,14.397185745606397,131.42236453804054,650.592080463,918.995829525,206662.2597603557
BUSDgu5JdqP1rndBvXvanbEufS94FNh1w5FJcAj6vawb,Bgzr8cWubt89JQFXndVjtdKmDbGzuPxNhvjH1EhWCwbo,Dxaf8xPBBQsasRKW5Aa4Sw2YrbfGofY9xZueyyF23FBW,20435.227510869994,20350.466358310005,20536.030671021774,1.0049328132069075,8.21441226840871,1.0,5257.89323371,9752.61153797,15036.440976863754
SoN9GaFpSXfpyR5dth3x7PHPVhvJMpQqqDJfCSmPv1t,9kZ9iS68ViMPtoeqtnhAKuF2iqVyfHPdZHoUNdwCELr,BBhm5fJLjw3HRzjtKB8uMEYjGhY6EDm9co3cqpjrSzB9,3.852221484000005,3.7810792219999985,603.0093451682513,156.53548158453978,0.24120373806730053,154.75549714739194,3.823567618,5.824017986,1499.822797273464
ALBpShJ9NLpE739pcHDF2LNVk5J4VYPvvKuV6jMPitZi,D6d156U1bPiJpDYRLextvDRccgFk7QzkQbJg42ceKEu5,GNcM8U5g8RwTZffwwm3kSQqUNPSwv5d2fbN9sLxPJqt2,9665.824573000013,9637.195447999999,9660.59818937956,0.9994592925227453,3.864239275751824,0.9964079493426198,41678.11405,58618.522585,100063.54026450918
AURHmCnNwiW4uA2Qj1XvEh4iKgRUZYXtiY7FKAapUV5Y,BKWm4TRnTeKwfWXRyuzjRHU7iZDkPuXBX5b5V5jSVfGJ,A5Ww74HVrkj9nPeC7pHKLfgeDMEhBCpW1efQdz3TGLEg,8.527199997843127e-05,8.527199997843127e-05,0.012606749025048398,147.84160132560692,5.042699610019359e-06,132.05244225049583,289.875145248,1809.515086477,281806.49211636226
ionytDfEj1mXodptgrsKEZro7DGsfpzANUfarJdm6Qb,3gkSjY95an9xNFSjCfsay6JZez7uv7yfW3Ad4ubc4fMK,9wXqANaSuEqkKL9yHzCPEDGHwbkStVAqV5rB3QDs3Jr6,0.011744524000000034,0.002891149999999995,8.84827216263703,753.3955537608,0.0035393088650548126,2968.9448370049286,3.165112406,0.080839916,2624.59086506566
KEVpg4SYCVrqFxKijQH6hm4QxsRdoE51ud64bEEFUC9,2bPenuBYfqzD8p5dFjCcggwkHDsc2RQDnx9AoyYGUBjA,AE6n6iLuX8oYu61vt5hoDYkjswpnxFxrhSehxrnQTnbx,438.684147766,438.48665606899976,438.8385961322316,1.000352071911005,0.17553543845289268,0.9893859506300605,2762.986752886,4868.122786356,7580.41181367486
JSoLLrxK5bYdHwTEWYaGgmeycBCNXKDiBCTw5hXGBg7,xG4wXczA7Dk4hccJ61CHKpDHW4NrNfQwgmWgkb9BuF2,BVR6WgfhsRr9Lob4QDnkEAiNGgAbv7ZieKcY9kSg3QYR,3.020985447000097,2.5810509809999864,465.05389432559116,153.94112367783816,0.18602155773023646,131.97588219938336,17.181312776,163.739602665,24254.589107687716
C2ypsDADXcCRz8HbV2zX1AXPSja7a1P3xZtRC91xGhJh,J9bYNuDpY1d1T86gLaw7DGk5D3CsUAf2tzUwxMvb6FTv,A2NGvvPrMGzsJ4jb52KEnSBVmsA7C34dV1GC7PerdgvG,0.5758823190000006,0.5777877799999995,75.52426240601807,131.14530506365136,0.03020970496240723,131.45463625384784,4.050795005,2.974126919,922.2055189909624
BkwbeSfcX1h4thMDd7obGkHrPevf3QwgzJ4pCEqG18Lu,35yX27bmurdebhfAb8EPmjLETDiUaEUCn9zHaDPbakH2,2CxECn1ZJFoESyUnQysQU8rRgT3iJ5GRs2Mdd6gZjx5g,0.0003189200000000003,0.0004859999999986542,0.5310907577019156,1665.2789342214821,0.00021243630308076625,1084.5986984815618,0.90306211,22.63531303,26054.081360137337
Lid8SLUxQ9RmF7XMqUA8c24RitTwzja8VSKngJxRcUa,4PgzyzLtds9bKZ2to9PMnKqJzKEUpjvNUaeN23phegax,AtymwxoVN9peZo7EXTcDz9jKVc4vRmisJKKrNfe3ewBa,358.0862798999933,304.0873776730002,54852.60075779349,153.18263736078572,5.485260075779349,132.23827697756724,985.19292172,7679.059360354,1166380.0286799204
MATgk4zXLXtYkwBH678J1xZbRDZ45LicNzkRBHkxTuY,y8dALFo1bJrSzPYjMX14HJX448pXqYmrfXHD1K8MXih,GN7Yuet3UyiWS5YVkEHv6oQKi4HGBJc3XDPt9zQhAqZz,19873.621625000003,19858.342823000006,19933.26194473866,1.0030009789289553,7.973304777895464,1.0,4213.257188,8118.9379,12344.838984043457
BUSD5rCfUDpCxKGMvYU2yThChxgHoioK74PTPociGnv2,CcFHbafgYDZ8yA8Me1PdtDiVb2eeaS61LbqyKKK5CsNZ,26R9s4nmF3CFDTkiePDwRmtscn8i7r2eygbSijditJ58,1152.0812134899998,1158.3872426599996,1150.4410756660657,0.9985763696128976,0.11504410756660656,1.0,82.523012,64.9665805,147.3721102324816
STK75uPSyBnEhGTTzb1nwmP3n427XoXmfRhXxxhyady,6TYyD5fUmDe6N65avW1Ny2RxzRNobw2RRgKwH9CTzSAU,54zDfk4cx2vGrEajPtodWpArNe5eUurytyxd4X3aZAxK,1258.695318835002,1413.530282255032,164499.68344573188,130.6906294034574,16.44996834457319,148.43133314195586,4419.669142483,793.207140689,695346.1353363292
