0,1,2,3,4,5,6,7,8,9,10,11
KEN5P7p3asnb23Sw6yAmJRGvijfAzso3RqfyLAQhznt,9zj4aX38Uxf3h6AUjS4EipWS8mwbEofasHAf3a1uKGds,CwQDG1MWunn9cLNwcZLd8YBacweSR7ARo32w4mLua1Yr,639442.0940200004,640440.5059890016,637682.0914476049,0.997247596633292,63.768209144760505,1.0,1204557.315783,898268.232443,2099510.120614646
RajgMbScQbqqrdJfR2rxfHJiTiY5b6bJ2tTXiF4aPxy,725ZA3fhyBAKb5iopNRrcbSuQa3LXA1656Q3mBvYPxeg,GLA6i1dSZpUfk2f9Nj8uiG7xyDdAR2reff8oEiZH3617,17240.878138169996,17235.966299990017,17075.16232182371,0.9903882032563409,6.830064928729485,1.0,80239.55026043,101661.36202443,181129.66603695412
ALBpShJ9NLpE739pcHDF2LNVk5J4VYPvvKuV6jMPitZi,D6d156U1bPiJpDYRLextvDRccgFk7QzkQbJg42ceKEu5,GNcM8U5g8RwTZffwwm3kSQqUNPSwv5d2fbN9sLxPJqt2,1420.9963049999933,1417.2358289999975,1417.895367830548,0.9978177725314737,0.5671581471322191,0.99104197161854,40974.375984,59308.560921,99662.23372422812
CZgvH45CRmoaNJ7395Ao5CQZXkGznvqU7cErD6n7FaRg,4ZjU6MKvtqVQKCiowhvZ5yUsPxXX5SCzd5eFsPeXyey5,BsyWeshjDbCvjDojry3vKDCesmFRM37WtwcR4Kfgzqr,119.98388564000015,109.98753228999999,135.95841475220024,1.133138954677048,0.0543833659008801,0.9994666046624238,241.37528389,1586.58020904,1859.2456714257976
AURHmCnNwiW4uA2Qj1XvEh4iKgRUZYXtiY7FKAapUV5Y,BKWm4TRnTeKwfWXRyuzjRHU7iZDkPuXBX5b5V5jSVfGJ,A5Ww74HVrkj9nPeC7pHKLfgeDMEhBCpW1efQdz3TGLEg,0.03579020800020771,0.0316362320000394,5.174749509053404,144.58562266593623,0.0020698998036213618,130.71129952128294,289.875145248,1809.515001205,278435.8356818222
Lid8SLUxQ9RmF7XMqUA8c24RitTwzja8VSKngJxRcUa,4PgzyzLtds9bKZ2to9PMnKqJzKEUpjvNUaeN23phegax,AtymwxoVN9peZo7EXTcDz9jKVc4vRmisJKKrNfe3ewBa,907.9893396170314,771.2877651739987,138249.89107623496,152.259376893726,13.824989107623496,130.9397889093475,986.770735718,7677.135881247,1155487.649076246
7dwD9TF6uikvHXxPFK9AsSim54yJoujQjY9vU6gNFumk,CquVr6atkvwueDYficKjn6SSEWq4F4rH4VSiBbW4GBWU,8BCa6ge3b7ho3TfZuM64Vk1hgbrJ3J7EPiAb9uP86CGd,3.0111999999999674e-05,3.016000000000043e-05,0.0046228121779905,153.52059570903793,1.8491248711962e-06,150.10514114611578,0.003919585,0.003588474,1.1403854204013761
FrnkTEL6yZ5Aycq2TrEgu29dCrwKG4LPUZydfiwqspkc,DjvZuMZ46fxKBoBpGMPcRcos4xdTtHFxwMh69DpA2ZFY,9rvDPJLAng4uVVqnnSoEXgNDFhBZQTny9AoQioYDZbQX,304.89524977399515,255.52438922399986,47163.03501627531,154.68602758237495,18.865214006510126,130.99138207697317,176.560626679,1441.37350224,216118.96911597397
BUSDTd9WiT6uBHJRgNvFXBsA7JrifsAtWzKfioN7ERcy,DyBxrn7gSc1EwnpWhDyhzvMHPtxpmBqRqotapLcKcfTM,Cds99GeBgoCpqBsoRWu1C6fF9LiUMd4pXQQD24s9LPff,5540.47395049,5526.677087940001,5600.802490443589,1.0108886966156123,0.5600802490443589,0.9975938037453661,219.14352174,650.67392267,870.6379825777872
STK75uPSyBnEhGTTzb1nwmP3n427XoXmfRhXxxhyady,6TYyD5fUmDe6N65avW1Ny2RxzRNobw2RRgKwH9CTzSAU,54zDfk4cx2vGrEajPtodWpArNe5eUurytyxd4X3aZAxK,1019.1876199769981,1143.6316411579937,133981.46426705626,131.4590774464863,13.398146426705626,143.6421059254236,4751.833567582,856.23526733,747663.0939404748
BUSD5rCfUDpCxKGMvYU2yThChxgHoioK74PTPociGnv2,CcFHbafgYDZ8yA8Me1PdtDiVb2eeaS61LbqyKKK5CsNZ,26R9s4nmF3CFDTkiePDwRmtscn8i7r2eygbSijditJ58,848.6213865000002,847.9784060499999,845.9203627816385,0.9968171627991822,0.08459203627816385,0.9979454000719699,80.91504496,66.44137896,146.96237405236604
WiiQFxXqp8P9Fs1rt9SVcDyA3KUdJmUsog6wnVQAwba,3S2jpqSYxho6wiz3cafhjXruVY8cg4HYa2v3BqBHYFSj,Dfe67M6TfrG74gKRtdqys4e6E9QirPD53BkF4FujFjuv,10275.368107590999,10286.13893439901,10238.585895613734,0.9964203509215313,1.0238585895613734,0.9991325690896374,21852.038664791,4940.578051225,26710.108475830228
MARpDPs5A7XiyCWPNH8GsMWPLxmwNn9SBmKvPa9LzgA,6YjT74rmcfCpw8LSjPNx5JTmZoYLGrTKnf9arfSgZ4SR,F8GSmi3vA8M8TsybLya1LQ4n1aFHCRbZ6k437PeTdXtg,76720.12307199987,80539.96915600047,67715.93517215802,0.8826359038632974,27.08637406886321,1.0,319348.646397,15857.707638,297726.28879813664
YAkoNb6HKmSxQN9L8hiBE5tPJRsniSSMzND1boHmZxe,CfWX7o2TswwbxusJ4hCaPobu2jLCb1hfXuXJQjVq3jQF,EnTrdMMpdhugeH6Ban6gYZWXughWxKtVGfCwFn78ZmY3,11973418.387176963,11978125.279023014,11973418.387176963,1.0,1197.3418387176964,0.9970855190278815,1041559.178394,434512.01379,1474804.8151876521
daob129AwBGn9Y5r91uLoWZeYiGzbPmksauMhFZKTze,6VW5GQNyj4LStgmxEHLr5zUfW92vQnmbw8jTnCH7a38F,4VPCCUifPeBA1c7HWK358CHn2nyjm8pdTRk6Ps3KmnMQ,40.93248691399995,36.66496459100003,5617.764467883992,137.24464090557308,2.247105787153597,131.15426640238206,48.549178797,223.574741421,35985.89580742824
KwnjUuZhTMTSGAaavkLEmSyfobY16JNH4poL9oeeEvE,J63v6qEZmQpDqCD8bd4PXu2Pq5ZbyXrFcSa3Xt1HdAPQ,BnKQtTdLw9qPCDgZkWX3sURkBAoKCUYL1yahh6Mw7mRK,417.7098099999954,23911.58584399998,6.747201245242025,0.016152843633818654,0.0006747201245242025,1.0,281459.1154,502.045732,5048.410812369119
ALLwa5WNZbvQsRKAqe1jdRGemdYQnW8E5k4msbRFcYtu,CGoM82Hbz7QVqTgvQatYtjvDWBvoUJp5qm21P8iMs9yb,3dxNNww8TivyN5FMy5dCNdi3Zcxv6e4kUfSPxfFwpdNq,5.816158156999999,5.799697654999999,17650.39498968196,3034.717164360282,7.060157995872785,3033.8241049460435,4.828921459,3.797666492,26175.862982950475
BkwbeSfcX1h4thMDd7obGkHrPevf3QwgzJ4pCEqG18Lu,35yX27bmurdebhfAb8EPmjLETDiUaEUCn9zHaDPbakH2,2CxECn1ZJFoESyUnQysQU8rRgT3iJ5GRs2Mdd6gZjx5g,0.09465195000000293,0.062061330000000026,155.19002803692828,1639.586168451083,0.06207601121477132,1074.1138560687434,0.91443015,22.61806003,25793.65870157227
moFiBS1R4Lf3E3zzmBPnw3NF4RhWPkhREFviuzUaCAU,44ALBrpqi9PfZkBRTvbtRNtFJGsatfY4QydjtMbFWq8S,2ho8qEEie1UjVwWNBo9y4oAJZMyMLx8zPj9bxyUz6uWs,12.529682542008231,12.502440963999106,12.53005483499749,1.0000297128828293,0.005012021933998996,0.9997668733607028,32761.500457133,34350.521042047,67104.98691627575
NorjjEePhxfwLF4vZjUHCrVVKLzQjEEGQFd3wgjEJmh,34M8pFVqgbV7aqHxvRT5tCv3vu2P1JJYT8J3VaxBK2oG,3AZWBSze3ucsY3xSeuLne3b2pauVqiaJ1SZSV5T9WGWw,0.0010809999998855346,0.0010809999998855346,0.000641007395532715,0.5929763141541075,2.56402958213086e-07,1.0,38120.278942,2260.694494,24865.116995553595
KEVpg4SYCVrqFxKijQH6hm4QxsRdoE51ud64bEEFUC9,2bPenuBYfqzD8p5dFjCcggwkHDsc2RQDnx9AoyYGUBjA,AE6n6iLuX8oYu61vt5hoDYkjswpnxFxrhSehxrnQTnbx,971.2264549709994,971.3586068650002,970.9307123887979,0.9996954957510807,0.3883722849555192,0.9997534547995258,3828.207109765,3801.746927556,7627.851029531927
JSoLLrxK5bYdHwTEWYaGgmeycBCNXKDiBCTw5hXGBg7,xG4wXczA7Dk4hccJ61CHKpDHW4NrNfQwgmWgkb9BuF2,BVR6WgfhsRr9Lob4QDnkEAiNGgAbv7ZieKcY9kSg3QYR,6.324664562999999,5.402195307000003,965.4878281783216,152.65439274464202,0.3861951312713286,130.77150216963,17.288708649,163.611487883,24034.917362820262
SoN9GaFpSXfpyR5dth3x7PHPVhvJMpQqqDJfCSmPv1t,9kZ9iS68ViMPtoeqtnhAKuF2iqVyfHPdZHoUNdwCELr,BBhm5fJLjw3HRzjtKB8uMEYjGhY6EDm9co3cqpjrSzB9,5.375917639999997,5.286038598999999,835.6819329668978,155.44916959830846,0.33427277318675913,152.62890312170367,3.882207599,5.761534984,1482.8627123780352
BSCuChvaSj9b5HUSqgDVRzcnr2sSn7cXaamt1jbKH6hn,GnKpRj5kBVPMJfiwZtEuD9GYApLzPdW5JFuZTcyX4BTc,3dmwD9okkomV9nDwyuh4UMhKdUR13QpuKxRo89ycZB5t,75.65589807100014,75.67626991500015,75.62099754383472,0.9995386939015294,0.030248399017533886,0.9966085411345191,1598.029731036,1510.332134858,3102.502455724951
Cob4usZcpHEY7Qt4ZCwj6WVg9S44zvzYV2v9qYF65dTf,NhFM9UXE48PyNAyeyPYA3iXztqKVJwA4bTdLj4ysM8w,6TuFuynuBoeskxyR2cz4wxyidk8dpDK7kAWw3UkjQGx,42.19092000000006,2973.2263670000248,0.5641648056475912,0.013371711393057805,0.00022566592225903653,1.0,66135.230384,240.559371,1124.9005846082355
BUSDgu5JdqP1rndBvXvanbEufS94FNh1w5FJcAj6vawb,Bgzr8cWubt89JQFXndVjtdKmDbGzuPxNhvjH1EhWCwbo,Dxaf8xPBBQsasRKW5Aa4Sw2YrbfGofY9xZueyyF23FBW,9743.840112160002,9693.96196643,9784.60473239611,1.0041836298386337,3.9138418929584446,0.9985904695803779,4879.35839275,10122.72702493,15008.230555374128
GokA1R67GqSavkd15zR62QD68Tuc5AEfvjssntVDEbM8,3YB7hfpBdbQEuZqLGWVDpRPmeZWCUsrrWyqGXegnQ6Cg,4DPCj6Z1DsG6HUtwSogBGqXEUxdEV5a8YVrrFtcnz7UW,38381.06208100001,38388.74031400001,38386.129050034615,1.0001320174263002,3.838612905003462,1.0,30946.807327,33948.965633,64899.858477855516
iLiUBQ7Z7im6Ew3b4ewwPcehzWgEQRJ1iQz7g6D62NW,GpugBvKWM3TVhYcZjemSdtehBWgfvuGr6uAm9iPjXT6v,92fMXJ3xy8tEyMUWLHKRLyhPw2nECBo77GtDiBBbYrjX,0.001120954000043639,0.001120954000043639,0.001096028671678855,0.9777641826838446,4.3841146867154206e-07,0.9997534547995258,1865.637227489,1097.915732224,2921.798305290031
BSCrK1Nx9PXU9mF7STWWBqeHLxmtJDr9h7jheEy4tAWX,FfSySSbVJPvEo5a5AvrP3nySoXpRE2QPn1uUMpJJ1x7v,HL7Vcj6838ZmvBHDbQxXfjBNckNi83WvPiZQoMQLFeRM,0.014556336000000059,0.014545013999999856,44.475210134101026,3055.384963228442,0.01779008405364041,3056.234718826406,0.852745515,0.9506974,5511.0202249694885
BSCNHw8CmxbZ8hCWWzMf5FaG2ajPT6JxfznKUNuRVrn4,7n9kgNL633yGzCYksgnzHyjG73ZLBAwvEae5sbAekbzW,SscdxE99omdG9AiMVwmaEMQySQnCgeAh1sPj2Leutm2,512.1013688490011,511.702452515,513.3338963675269,1.0024068037960845,0.2053335585470108,0.9997534547995258,4836.76548089,6853.42507239,11700.14201974177
heyk4SZTeCUV6a65WiVA5bzic3KcxgVf1qxobfeV4tQ,9ZDpBKPqMABtGfq66FbVribaArMvtk63xxy91onZAtDt,DaTP4s6N7xxSPinbNZ3FB52EpRDRt87QShTuN3VPCW52,223.62714883700255,193.3592358990005,33906.43548757138,151.6203898493788,13.562574195028555,131.12043989334137,615.005941913,4485.242407745,681354.3982043274
wrmcMSHFi3sWpAEy4rGDvQb3ezh3PhXoV2xNjgLBkKU,8p4mGnARWPBu6P2Gcw4adodLkNDorrXniZMhaY7eJXUn,AyY89zccbsgp9LKFgH4CFZMJmpSgqmPSdTfukhP227rc,0.056185090000000035,0.5828287299999992,13.590974842767306,241.89646831156267,0.005436389937106922,3040.992579978105,27.22098371,0.08328302,6837.922869273746
SERgf3DMJpQxUifu7VoFKmfne73d2fDJxSrxUMrcNJB,AJfM2GZ2tTB8UtN2krcyR9xufRJEx2mhSCbJyMgPo3GU,F4yRYkufQvERZcEKnKjJwRLU1btiMBUuEwq46hfm11QD,0.00025163900000180206,8.228300000112654e-05,0.03266087791732238,129.79259143888066,1.3064351166928954e-05,131.69591413426397,29.284890014,27.959636006,7483.13158759111
MATSnbbiTCv7Dc3trJrkrqjx7ckKdr6fwPoVwv9q3sD,631WX9JizSHJm4w6VanZeJAst9T8DeUUnPLesdGkCVtK,211maUSfpnXbPuW1iBu8b4dtJv5EbN1j7JJiEX5TZKEP,20040.712828999986,20026.040378,19930.2196910329,0.9944865664754601,7.972087876413161,0.990778821508223,19372.063944,26169.837107,45193.77772514724
BerKDkt6v49dT1bHRedgnpsJS263C1DSJtEGvY9Mg35V,78XKqNb8wbfsMMrvo8WPUpdx7GEkfQutpNVH943aCGFa,DKYQwn4nDvFHCszi5tXbqfVMAP7DaXXp1KGTXEnYnKVH,0.0011128609994557337,0.0011128609994557337,0.0011330499774132266,1.018141509107936,4.5321999096529065e-07,0.9997534547995258,1338.317413093,5136.205717579,6497.535921342618
Lee1XZJfJ9Hm2K1qTyeCz1LXNc1YBZaKZszvNY4KCDw,9DgFSWkPDGijNKcLGbr3p5xoJbHsPgXUTr6QvGBJ5vGN,2hNHZg7XBhuhHVZ3JDEi4buq2fPQwuWBdQ9xkH7t1GQX,4040.8057055050813,3421.9707940650096,629891.0218216964,155.88253128913138,62.989102182169646,132.0042964758417,7165.532143394,56438.229866256,8567070.116382852
AUSejoEUCh2DBs9mof6BNC8Pubs22w4cJa1ccV9h44R,4xkyD7AfGQDwsQMy9MosRRNGoVJ1zosNinesxg1TzHG7,Cbm5gsQe3nSiCsFrvepVzMCD9xLK3ri9g3ypS2hdmVJ7,593.6974640000008,594.2078569999976,592.8763302825595,0.9986169155719329,0.059287633028255945,1.0,14951.444684,13923.067779,28853.833352680456
C2ypsDADXcCRz8HbV2zX1AXPSja7a1P3xZtRC91xGhJh,J9bYNuDpY1d1T86gLaw7DGk5D3CsUAf2tzUwxMvb6FTv,A2NGvvPrMGzsJ4jb52KEnSBVmsA7C34dV1GC7PerdgvG,1.2203127070000002,1.2201351120000004,161.8475907069177,132.62796476552438,0.06473903628276709,131.29367730351146,3.896985079,3.127240381,927.4360891829105
oKQqupM9E7SSLAFDLxr7mdsXP7znck9qRbVWc6Yyj7Q,CMR2J7CwfW98RpvnJmFBgRFTLAd3x8CJ1SWs8Bt3uunG,FmRb5jHfSNj1YWP3b45d9vvYuhwjp4om8bALmtqZpr1v,0.0011398100000405975,0.0011398100000405975,0.0011528426090537237,1.0114340188388082,4.611370436214895e-07,0.9991884591334919,2176.27630641,3719.63194633,5917.773203693128
SAMyS8Jr2HJrkFwYVKbpUwsNStnQmvz3f8Tup8bWUWF,6jPzm5TFfquvgm25sTyN3MMGBfufRaFHMxobDWv6hMFW,Cj9ECoDmxsHTDzCY5ZA6RWrPbg9uFzEC1Qc2kso2vJG6,4593.647973519996,132.68569481999805,4609.194047571407,1.0033842545491134,1.8436776190285629,0.01632601830845406,403.93939485,113013.38765834,2250.365064595062
SEQV6QiTpvTzrceiaYg9Avnwf7oc8ZALpnQMz6TyT4A,3dFMPj4r9mMmPHF32mz1gNDX7f8ftidWof7S8YiYTs1j,Fc1ED3YPeQfXQosHbd8DTaBd2AV5gHQtwiSAL5C5pUhi,18.837054413000033,18.03284567599985,18.771512307458142,0.9965205756640668,0.007508604922983257,0.9975171797396281,1861.763773824,3760.984171943,5606.93223188356
parEAJhzYzHW87y9VoZAQ22dzQ2MD2ekEtTReaxbMcz,3oyc6hpjYSJEquK6dSvG72NXyz3pqLZz5D8AC71pwgQb,Di2vordgFJVZ1aj1aBpvzXtLfZgJsuLLXawGtVFwX6Rz,24.875887808000073,29.406061470000623,3182.845390118481,127.94901692292082,1.2731381560473924,152.1794841358975,1107.073580162,140.006974332,162955.16537233788
ACUSESXyNnwRLAg1dpSGMLSzUDdLjUMybY8rkXiAKhCP,AhFPQdu8GKBsxuhiH46UmCu1YpaLgNpoP325HnYtsgas,A8wxWpT3aFEr2XqZp1kDmbxbFfcBE95UUmdsNTDBJYbT,0.0,0.004762011999901006,0.0,0.9997534547995258,0.0,0.9876360275298169,1044.553701197,1841.328673742,2862.858708206628
HEDSDjj84KS7LKhZY7ejkCACTdPen62rKhCby1wXtgxc,EnnjMSFttpCTywBrYNt1J5QQeoSVkvzPipJDa8Y7kJow,6bjVT6JN2rSvpyn9PdfLYC8wJn4LWh49jpY47fnLDXZk,18.028383200999087,18.62475982700562,17.277132978760033,0.9583295843080691,0.006910853191504013,0.9997534547995258,39151.419764535,9072.461903556,46590.18895963475
ZUCKWFa4LTL833dPhhpeeRWZcaAEoMeYJPi2iKn4F8N,7eEYpq6ShaJ9opZWMxitRFrdCHh6vfyHhGfoSvFht3N2,H8VggnHmuwd1wvwpT8eg9cUJFEfZ7HAaeYjgXrSm7A2u,0.005454718999999386,0.0011722510000709008,0.005461609727297587,1.001263259811954,2.184643890919035e-06,0.9997534547995258,1817.011925129,2030.15263575,3848.9593946332825
SoNcU2iwHMw6dGzsYNQkYFkUjwN1UdAjrWVRnStrZu2,8ivTTid27jZnYNc4w3CTA1Z6QS2twsFb8WMwUabeDJgc,CyXm53PMvHCbeXJBykU46Rcbo28xk5srhMZFg7gv6EYB,11.678306496999998,11.581041046000003,1825.526356497901,156.3177295412528,0.7302105425991604,153.2755208723707,23.098100477,27.765839886,7866.466194265863
MATgk4zXLXtYkwBH678J1xZbRDZ45LicNzkRBHkxTuY,y8dALFo1bJrSzPYjMX14HJX448pXqYmrfXHD1K8MXih,GN7Yuet3UyiWS5YVkEHv6oQKi4HGBJc3XDPt9zQhAqZz,18938.117950000003,18933.79864199999,18959.921860139162,1.001151324022626,7.583968744055666,1.0,5480.942389,6837.220959,12324.473688639086
ercAoEmXjQzEvAFbdjAo81KtMxRGn9AW1ju882upmPH,CMRhskR2Eg6V42RTSdRTXGdozyPbWB8U9dVpijPWb9T4,7TKLLgrWswt6ZJ1pXhVR3FyufHGjJFqiEXxvWJfDcgRm,198.40552447099992,198.155891601,26172.975660601882,131.91656699270726,10.469190264240753,131.22991034110066,672.111432137,923.156234335,209808.34262667515
7oAd7xG4m3oC2qeWB1szghTebAZyyGPAFDJ4wwwbRSNi,D9yh4KAysxt9GLacVe4Wwh2XqghhcjTCSTV9HuM7TBJd,HDYfJLpZKaMFb84jM4mRytn7XLR8UFZUnQpSfhJJaNEy,0.3417295959661715,0.007789000000002488,0.34164534417442605,0.9997534547995258,0.00013665813766977042,0.022807970828569363,956.247694011,300037.026752135,7799.247689384958
C98Sspw7XqnMsgxea3SLQVdbMDL8pKUc3RE82UvX9eq2,CSqgQJurPCzGxb4Cgwx5R61hWQUiaoUHcShNc8r1cKEL,6S2CR5EnukPhC914XkAns8m5GixjMAoUuZMsS5ubHuWc,84.59344799999917,82.17791199999988,0.0,0.0,0.0,1.0,964.791801,3884.822242,3884.822242
BSC8REUo9LpiiWUuqMuLXs2D2yJsJfGd4HdiF3wCLxk5,AZjEH1zWVx1UJ6udMyRijGTzPteuLnaY18yNNmprJEsh,Caf8ypkSVR8xYnXNhjvfvdGCC7mrM3C11rz8Xi6NA6aK,1109.8360664339993,1108.4772821310003,1110.4152601441058,1.000521873209588,0.44416610405764234,0.9997534547995258,2897.851866044,3450.53673621,6349.05020023687
KZMu9QBEdL97EFgamLbN5DE1AoKBG4HdrKKJo4Vuon3,DD4ACBWyVqdaKWh7v5btsgqQCCMwbKnuL2xd9pv7Gyuw,GcYqiJ1MAuYbNTNYXm1F1gQYTfTgkErACAhNU5dpVj9T,123.99926906000064,123.50275344999773,124.42077179703288,1.0033992356586254,0.04976830871881316,0.9991884591334919,2122.24383418,2568.44535542,4695.818798148126
HDSBGqAuMRr6X2AfmmbXQPpRgU6VEhtfNVVZ3wUTZXg,DCZ1d8kNLgDcdSd99y4udLgwq46mfDXNS9KXj96kQf5L,Fq8GGYQM5Pz3q7LmVMbrXHJgsxA5ev86kTq8yGgGuYsa,1276.149299988996,1282.1534844540001,1266.683321063307,0.9925823891250258,0.5066733284253229,0.9997534547995258,53609.759219175,51884.609441975,105083.92042672471
B2izdXFYb2sNwbWWHmh75T4aQFtfXsUxem9u2p61HGzf,4DYwgJtxwuJdAjkj5RJSNH4e7U329V5cNp7d3a1nLrZv,EXNW64GEf1ACC6xY9BtKRiunrs6GoJSXBdxWN2eTPmrF,103029.38080399988,102172.45134600007,102985.5089771756,0.9995741813987241,10.29855089771756,1.0,11580.008537,28221.756484,39796.83403796201
vEnkoSUkpnbRrPgBz9DfcVxNz67zjwMYBZraAvDDNSf,DtfyjjsZ5yCjWKLKHvwsfXs5QVsmm1QkK6Sh9JZHoq1g,e5wrKCRv4GhHvEf1VD5Pq2KGaZDXP77nTL612Jyrxwy,1534.5059020000006,1534.8999260000005,1524.6202642068831,0.9935577714101764,0.15246202642068832,0.9909044877073343,764.231713,1179.719837,1928.2980383299266
SRMuKizofcAMicegrfSv7xs9q76tH1w8aAF7oX9FEWu,72Hj2KWntXPfbie4UgKeTPnm1XVkomDfCnRPKbvfTtPi,6aqJQ5wedqpUt4fFEDUqUmXhrdxCu4bEJsQdVPCADLko,0.02486899999985326,0.02486899999985326,0.0010633413941523475,0.04275770614655281,4.25336557660939e-07,0.04246459949279433,17971.450574,3892.823125,933.7251775698028
Sid7E679i9ABqptiAVhkmQ27YHN8vaYT4fppPwmxFsJ,GP7KB8o1bv527HG8kTzzzf4wJ5aEGHvcMQvVhLziUfmT,9gYxhAZ1M9wu5pxr8SBoa5NDm21gi3s9vMHaYTME77sa,2474.4294600000067,2998.9623219999667,33.46904691733995,0.013525965261236367,0.013387618766935982,0.016301686575753465,103538.230188,27813.197888,1853.8565393723666
