0,1,2,3,4,5,6,7,8,9,10,11
heyk4SZTeCUV6a65WiVA5bzic3KcxgVf1qxobfeV4tQ,9ZDpBKPqMABtGfq66FbVribaArMvtk63xxy91onZAtDt,DaTP4s6N7xxSPinbNZ3FB52EpRDRt87QShTuN3VPCW52,237.31280475699896,206.37614189499914,39380.54652154769,165.94362264552964,15.752218608619076,144.0870285652534,629.474375091,4468.784651377,748351.1598800552
KysFMBBoavfov2tLpvefWW6tPFt6rAeZWDJVy1mMQae,B8ka2V21TH3x64dFV8ETcjuQcwmrciJ2qzy1mJUttRew,7fSf7EYxBANyxzk2s5pymFgshA91tFYQNKKs5UnLWcYS,34.72859699999981,45.56423899999936,0.0,0.0,0.0,0.01797396819402079,134391.325485,2695.489727,48.44864662040778
MAR3XM1n9xWPQ3HJjAcC85o8DopWFP5p2WxGTaZ3fPB,6qG7GUhER8Cg9gDEgnebph9LdS6eu2eoWcA4R7z9uizK,4QV4CwRXVMY227KkFF9voNAfwWHVvVajXSXDKbUHkWZR,0.029129000000000002,1.3264529999999972,0.027619248992332153,0.9481701737901113,1.1047699596932863e-05,0.01797396819402079,0.095142,25.10984,0.5415342721916897
MARpDPs5A7XiyCWPNH8GsMWPLxmwNn9SBmKvPa9LzgA,6YjT74rmcfCpw8LSjPNx5JTmZoYLGrTKnf9arfSgZ4SR,F8GSmi3vA8M8TsybLya1LQ4n1aFHCRbZ6k437PeTdXtg,34226.358777999965,36268.926526999756,32501.843465560778,0.9496144090691975,13.000737386224312,1.0,318951.155746,16288.308655,319168.92194067535
KEVpg4SYCVrqFxKijQH6hm4QxsRdoE51ud64bEEFUC9,2bPenuBYfqzD8p5dFjCcggwkHDsc2RQDnx9AoyYGUBjA,AE6n6iLuX8oYu61vt5hoDYkjswpnxFxrhSehxrnQTnbx,2374.159376826,2374.5498863360003,2371.6752106883937,0.9989536649637534,0.9486700842753574,0.9996912993255336,4476.316831897,3155.561064302,7626.2200452355755
HuonfMR5ivyhX5BZBw2Lr3XuNPSTVrSmZMWgBZrMQJU2,E7L8CZxreEeNwM1V8DLxa8AZQKu6oday6RvXxRo27CHi,48UJw19Ra8y5Kv989DsXPrfUHeUWUbHvXZmdPBbGuHdz,19.305733099999998,890.7319348000001,0.19370988231350195,0.010033800908265016,7.74839529254008e-05,0.9991105518223458,4804.38711906,11.28525165,59.48147784236651
BSCNHw8CmxbZ8hCWWzMf5FaG2ajPT6JxfznKUNuRVrn4,7n9kgNL633yGzCYksgnzHyjG73ZLBAwvEae5sbAekbzW,SscdxE99omdG9AiMVwmaEMQySQnCgeAh1sPj2Leutm2,4744.160780359999,4517.377524248999,4780.188684842753,1.0075941575656338,1.9120754739371013,0.9996912993255336,3555.84706481,8145.602486709,11725.93866142688
AUSejoEUCh2DBs9mof6BNC8Pubs22w4cJa1ccV9h44R,4xkyD7AfGQDwsQMy9MosRRNGoVJ1zosNinesxg1TzHG7,Cbm5gsQe3nSiCsFrvepVzMCD9xLK3ri9g3ypS2hdmVJ7,2717.628487,2723.012901,2711.7115324362244,0.9978227507578464,0.27117115324362245,1.0,15272.083134,13603.468793,28842.300795570394
MATSnbbiTCv7Dc3trJrkrqjx7ckKdr6fwPoVwv9q3sD,631WX9JizSHJm4w6VanZeJAst9T8DeUUnPLesdGkCVtK,211maUSfpnXbPuW1iBu8b4dtJv5EbN1j7JJiEX5TZKEP,150.25398399998812,150.1860379999962,150.02804176908387,0.998496264625474,0.060011216707633555,0.9999460029158426,21242.553864,24303.496123,45512.79448938396
C98Sspw7XqnMsgxea3SLQVdbMDL8pKUc3RE82UvX9eq2,CSqgQJurPCzGxb4Cgwx5R61hWQUiaoUHcShNc8r1cKEL,6S2CR5EnukPhC914XkAns8m5GixjMAoUuZMsS5ubHuWc,124.01027799999883,121.59606400000052,0.0,0.0,0.0,1.0,923.037981,1930.662612,1930.662612
SEQV6QiTpvTzrceiaYg9Avnwf7oc8ZALpnQMz6TyT4A,3dFMPj4r9mMmPHF32mz1gNDX7f8ftidWof7S8YiYTs1j,Fc1ED3YPeQfXQosHbd8DTaBd2AV5gHQtwiSAL5C5pUhi,153.29787920199942,152.7277688559999,153.66818526047183,1.0024155980526284,0.061467274104188736,0.9979541939024997,984.268658784,4640.708216745,5617.860483817885
KEN5P7p3asnb23Sw6yAmJRGvijfAzso3RqfyLAQhznt,9zj4aX38Uxf3h6AUjS4EipWS8mwbEofasHAf3a1uKGds,CwQDG1MWunn9cLNwcZLd8YBacweSR7ARo32w4mLua1Yr,181761.68989000062,181782.24593299895,181585.91472454724,0.9990329361178378,18.158591472454727,1.0,1050514.891945,1026600.516424,2076099.4933593266
BerKDkt6v49dT1bHRedgnpsJS263C1DSJtEGvY9Mg35V,78XKqNb8wbfsMMrvo8WPUpdx7GEkfQutpNVH943aCGFa,DKYQwn4nDvFHCszi5tXbqfVMAP7DaXXp1KGTXEnYnKVH,0.0011052549998566974,0.0011052549998566974,0.0011123493000657326,1.0064186999470304,4.4493972002629307e-07,0.9996912993255336,1338.317413093,2792.187984844,4138.233705531371
DFWzVTzNBrQZLjoQ4yQwkj9HuoXmfkuZP9V5vbymZe23,DhgiEgiNdqZdRdo195UUHnoEJUtefK8buko8nU97XJUZ,2K2kkXsouBHtWVjtcgkyiXd8eP3oVBvq1bTJzcVdLLr2,305.29702672799795,356.561605925006,260.09880414716815,0.8519532827907335,0.10403952165886726,0.9996912993255336,60959.853764401,7907.957109165,59840.46345049623
FrnkTEL6yZ5Aycq2TrEgu29dCrwKG4LPUZydfiwqspkc,DjvZuMZ46fxKBoBpGMPcRcos4xdTtHFxwMh69DpA2ZFY,9rvDPJLAng4uVVqnnSoEXgNDFhBZQTny9AoQioYDZbQX,35.60472460699711,29.815654832000263,6138.593215443808,172.40951259141153,2.4554372861775233,145.09753165883043,175.325145798,1440.577233329,239251.92365199627
BkwbeSfcX1h4thMDd7obGkHrPevf3QwgzJ4pCEqG18Lu,35yX27bmurdebhfAb8EPmjLETDiUaEUCn9zHaDPbakH2,2CxECn1ZJFoESyUnQysQU8rRgT3iJ5GRs2Mdd6gZjx5g,0.0008156299999999561,0.0012420000000012976,1.467118753822276,1798.7552613591395,0.0005868475015289105,1180.637544273908,0.90381217,22.63417209,28348.490249078546
vEnkoSUkpnbRrPgBz9DfcVxNz67zjwMYBZraAvDDNSf,DtfyjjsZ5yCjWKLKHvwsfXs5QVsmm1QkK6Sh9JZHoq1g,e5wrKCRv4GhHvEf1VD5Pq2KGaZDXP77nTL612Jyrxwy,2147.195404,2146.9967659999993,2148.3254231725887,1.000526276821608,0.21483254231725887,0.9999550020249088,1014.906798,929.778528,1945.1776097728366
wrmcMSHFi3sWpAEy4rGDvQb3ezh3PhXoV2xNjgLBkKU,8p4mGnARWPBu6P2Gcw4adodLkNDorrXniZMhaY7eJXUn,AyY89zccbsgp9LKFgH4CFZMJmpSgqmPSdTfukhP227rc,0.019148120000001434,0.15301454000000708,5.430550198525648,283.60748723766307,0.002172220079410259,3106.7478563439795,27.14075843,0.09012827,7977.3281096752125
ercAoEmXjQzEvAFbdjAo81KtMxRGn9AW1ju882upmPH,CMRhskR2Eg6V42RTSdRTXGdozyPbWB8U9dVpijPWb9T4,7TKLLgrWswt6ZJ1pXhVR3FyufHGjJFqiEXxvWJfDcgRm,154.97955724900032,153.55699875799996,22468.22642565571,144.97542014239195,8.987290570262283,141.7605440429455,357.228634454,886.757513757,177496.59895122366
ALLwa5WNZbvQsRKAqe1jdRGemdYQnW8E5k4msbRFcYtu,CGoM82Hbz7QVqTgvQatYtjvDWBvoUJp5qm21P8iMs9yb,3dxNNww8TivyN5FMy5dCNdi3Zcxv6e4kUfSPxfFwpdNq,1.250073329000001,1.2475099309999993,3882.9388364291517,3106.168851338759,1.5531755345716607,3102.31432648756,2.100078117,6.53029899,26782.237345327794
Cob4usZcpHEY7Qt4ZCwj6WVg9S44zvzYV2v9qYF65dTf,NhFM9UXE48PyNAyeyPYA3iXztqKVJwA4bTdLj4ysM8w,6TuFuynuBoeskxyR2cz4wxyidk8dpDK7kAWw3UkjQGx,34.96761799999999,2488.721214999983,0.5097694561109549,0.01457832947359912,0.000203907782444382,1.0,65152.923385,254.274999,1204.095782274691
ALBpShJ9NLpE739pcHDF2LNVk5J4VYPvvKuV6jMPitZi,D6d156U1bPiJpDYRLextvDRccgFk7QzkQbJg42ceKEu5,GNcM8U5g8RwTZffwwm3kSQqUNPSwv5d2fbN9sLxPJqt2,5072.454414000007,5061.550871000007,5086.488034487157,1.0027666331408356,2.034595213794863,0.9991107913956578,40998.515705,59301.835559,100361.04741384217
NorjjEePhxfwLF4vZjUHCrVVKLzQjEEGQFd3wgjEJmh,34M8pFVqgbV7aqHxvRT5tCv3vu2P1JJYT8J3VaxBK2oG,3AZWBSze3ucsY3xSeuLne3b2pauVqiaJ1SZSV5T9WGWw,1.3832629999997152,2.32044299999734,0.8211581055095674,0.5936384516246993,0.000328463242203827,1.0,38117.959616,2264.086194,24892.37271953506
BUSD5rCfUDpCxKGMvYU2yThChxgHoioK74PTPociGnv2,CcFHbafgYDZ8yA8Me1PdtDiVb2eeaS61LbqyKKK5CsNZ,26R9s4nmF3CFDTkiePDwRmtscn8i7r2eygbSijditJ58,997.7134121099998,1000.4172678799999,995.2585471878482,0.9975395089488073,0.09952585471878482,0.9991105518223458,81.317123,66.27940698,147.3374978287954
AyiATPCAx5HZstcZ1jdH9rENwFb3yd9zEhkgspvDrCs4,DvHVapj4g2Y1tJVSw2ubSPkPBsJPb8fW387ZWXwaKmZq,DKjqWWgrtDRPKrnMWtZ4UiJk4sGQVCQgFjSo7BvfngvK,0.0001292800000000094,0.00013044999999989315,0.22756957524337584,1760.284461969054,9.102783009735034e-05,1857.527630723507,0.80222314,0.31854276,2003.8429066409517
7oAd7xG4m3oC2qeWB1szghTebAZyyGPAFDJ4wwwbRSNi,D9yh4KAysxt9GLacVe4Wwh2XqghhcjTCSTV9HuM7TBJd,HDYfJLpZKaMFb84jM4mRytn7XLR8UFZUnQpSfhJJaNEy,204.5151997130015,4.654253709999921,204.4293551249094,0.9995802532613098,0.08177174204996376,0.022771719797576348,955.432038947,300133.235258402,7789.580934709005
daob129AwBGn9Y5r91uLoWZeYiGzbPmksauMhFZKTze,6VW5GQNyj4LStgmxEHLr5zUfW92vQnmbw8jTnCH7a38F,4VPCCUifPeBA1c7HWK358CHn2nyjm8pdTRk6Ps3KmnMQ,30.571936315999885,27.391022530999997,4894.222384374298,160.08872757637195,1.9576889537497193,143.27665690857114,49.530548793,222.528558084,39812.43040139109
SoN9GaFpSXfpyR5dth3x7PHPVhvJMpQqqDJfCSmPv1t,9kZ9iS68ViMPtoeqtnhAKuF2iqVyfHPdZHoUNdwCELr,BBhm5fJLjw3HRzjtKB8uMEYjGhY6EDm9co3cqpjrSzB9,4.0921562620000005,4.018771525,700.1645053420581,171.09916154566875,0.2800658021368232,168.43903837479237,3.797550805,5.852374457,1635.526084408857
MATgk4zXLXtYkwBH678J1xZbRDZ45LicNzkRBHkxTuY,y8dALFo1bJrSzPYjMX14HJX448pXqYmrfXHD1K8MXih,GN7Yuet3UyiWS5YVkEHv6oQKi4HGBJc3XDPt9zQhAqZz,1676.247744000002,1673.2445239999988,1679.9267836562092,1.002194806626512,0.6719707134624836,1.0,3826.315587,6238.418487,10073.132096805473
Lee1XZJfJ9Hm2K1qTyeCz1LXNc1YBZaKZszvNY4KCDw,9DgFSWkPDGijNKcLGbr3p5xoJbHsPgXUTr6QvGBJ5vGN,2hNHZg7XBhuhHVZ3JDEi4buq2fPQwuWBdQ9xkH7t1GQX,3577.0366690150986,3025.249606463007,607476.8078559003,169.82683267352778,60.747680785590035,142.80871030310578,7145.81938247,56473.367003801,9278440.580868775
HDSBGqAuMRr6X2AfmmbXQPpRgU6VEhtfNVVZ3wUTZXg,DCZ1d8kNLgDcdSd99y4udLgwq46mfDXNS9KXj96kQf5L,Fq8GGYQM5Pz3q7LmVMbrXHJgsxA5ev86kTq8yGgGuYsa,330.49480857100025,331.741438695999,328.44203697199026,0.9937887932101391,0.13137681478879612,0.9996912993255336,15787.667398213,14963.612354952,30648.60000899873
RoBgmK8CvjdHvPrqdDyVw54VwjZv2TqJ493xnqJAQHx,ExiHJxM7qPAcy27NDHAF6G7vnW7muNHi2sVJpnaNynGQ,6rkPHSqZb7StM4HwS9EuVrmfkV7tRdc7dnsFhyB6cefE,45.56423900000027,0.6341580000000029,0.0,0.0,0.0,0.9252910734394273,6388.476661,17.022912,15.751148517544909
Lid8SLUxQ9RmF7XMqUA8c24RitTwzja8VSKngJxRcUa,4PgzyzLtds9bKZ2to9PMnKqJzKEUpjvNUaeN23phegax,AtymwxoVN9peZo7EXTcDz9jKVc4vRmisJKKrNfe3ewBa,475.49863843700507,403.81520309500183,80374.52072003692,169.03207332881792,8.037452072003692,143.58161466140584,985.37754455,7678.926336423,1269113.0516165541
KwnjUuZhTMTSGAaavkLEmSyfobY16JNH4poL9oeeEvE,J63v6qEZmQpDqCD8bd4PXu2Pq5ZbyXrFcSa3Xt1HdAPQ,BnKQtTdLw9qPCDgZkWX3sURkBAoKCUYL1yahh6Mw7mRK,300.6404589999989,17326.0465280005,5.385036874657169,0.017911883492225472,0.0005385036874657169,1.0,279900.148388,528.834156,5542.373003382477
GokA1R67GqSavkd15zR62QD68Tuc5AEfvjssntVDEbM8,3YB7hfpBdbQEuZqLGWVDpRPmeZWCUsrrWyqGXegnQ6Cg,4DPCj6Z1DsG6HUtwSogBGqXEUxdEV5a8YVrrFtcnz7UW,14832.74682400002,14828.776803000004,14838.296346833737,1.0003741399283332,1.4838296346833737,1.0,15372.246646,27219.097975,42597.09599225846
CZgvH45CRmoaNJ7395Ao5CQZXkGznvqU7cErD6n7FaRg,4ZjU6MKvtqVQKCiowhvZ5yUsPxXX5SCzd5eFsPeXyey5,BsyWeshjDbCvjDojry3vKDCesmFRM37WtwcR4Kfgzqr,1389.3749180199998,582.19717971,1465.2357247328143,1.054600673820227,0.5860942898931257,0.9991105518223458,241.37528389,948.57871532,1202.2895407442397
SoNcU2iwHMw6dGzsYNQkYFkUjwN1UdAjrWVRnStrZu2,8ivTTid27jZnYNc4w3CTA1Z6QS2twsFb8WMwUabeDJgc,CyXm53PMvHCbeXJBykU46Rcbo28xk5srhMZFg7gv6EYB,10.165586239000003,10.096007180000008,1717.3962697567322,168.9421770057871,0.6869585079026929,167.19849721990698,22.227833984,27.519490527,8356.436123752044
BSC8REUo9LpiiWUuqMuLXs2D2yJsJfGd4HdiF3wCLxk5,AZjEH1zWVx1UJ6udMyRijGTzPteuLnaY18yNNmprJEsh,Caf8ypkSVR8xYnXNhjvfvdGCC7mrM3C11rz8Xi6NA6aK,744.1658507159996,742.8580286449996,745.762674024808,1.0021457895538637,0.2983050696099232,0.9996912993255336,2680.176401096,3668.985453189,6353.780330524976
DEDaBEWzMCXohXYXoLzB4jK1xqMsd3SS9izXp2xvg9pe,GC5zHpW5GuVdw3C7covC6viyGdLS8ZAaVGDKMeru7p78,F8juxtAFueW19vxkdDArUkjVWAv9QV6yy1wCXUWQiXvh,0.08126519999999715,7889.383904419839,0.08119291881595045,0.9991105518223458,3.247716752638018e-05,0.0,41.92786763,8572786.90058816,41.89057496454357
BUSDTd9WiT6uBHJRgNvFXBsA7JrifsAtWzKfioN7ERcy,DyBxrn7gSc1EwnpWhDyhzvMHPtxpmBqRqotapLcKcfTM,Cds99GeBgoCpqBsoRWu1C6fF9LiUMd4pXQQD24s9LPff,6684.16081057,6708.453098640002,6671.893799910546,0.998164764282742,0.6671893799910547,0.9970974493250148,387.63896213,261.66097969,647.8290486980817
STK75uPSyBnEhGTTzb1nwmP3n427XoXmfRhXxxhyady,6TYyD5fUmDe6N65avW1Ny2RxzRNobw2RRgKwH9CTzSAU,54zDfk4cx2vGrEajPtodWpArNe5eUurytyxd4X3aZAxK,1072.332259697001,1204.18970578999,154167.36953020998,143.76828463014962,15.416736953020997,161.78111952858276,2333.480420847,418.181763054,403134.3911165255
YAkoNb6HKmSxQN9L8hiBE5tPJRsniSSMzND1boHmZxe,CfWX7o2TswwbxusJ4hCaPobu2jLCb1hfXuXJQjVq3jQF,EnTrdMMpdhugeH6Ban6gYZWXughWxKtVGfCwFn78ZmY3,9964234.65282794,9967939.49531901,9964234.65282794,1.0,996.4234652827942,0.9978217551085978,1247603.980932,252427.972003,1499482.1029945374
parEAJhzYzHW87y9VoZAQ22dzQ2MD2ekEtTReaxbMcz,3oyc6hpjYSJEquK6dSvG72NXyz3pqLZz5D8AC71pwgQb,Di2vordgFJVZ1aj1aBpvzXtLfZgJsuLLXawGtVFwX6Rz,24.390315094000073,28.649128017000294,3425.7224886014487,140.45421206732027,1.3702889954405795,164.98644471370233,1104.480011869,142.23462934,178595.6556211428
SAMyS8Jr2HJrkFwYVKbpUwsNStnQmvz3f8Tup8bWUWF,6jPzm5TFfquvgm25sTyN3MMGBfufRaFHMxobDWv6hMFW,Cj9ECoDmxsHTDzCY5ZA6RWrPbg9uFzEC1Qc2kso2vJG6,4996.660449049997,136.83518702000418,5020.068930069532,1.0046848252464275,2.008027572027813,0.01796486494806064,426.95572045,111667.50043441,2435.0474977799495
Sid7E679i9ABqptiAVhkmQ27YHN8vaYT4fppPwmxFsJ,GP7KB8o1bv527HG8kTzzzf4wJ5aEGHvcMQvVhLziUfmT,9gYxhAZ1M9wu5pxr8SBoa5NDm21gi3s9vMHaYTME77sa,2043.8332449999943,2470.871594,29.79567443470515,0.01457832947359912,0.01191826977388206,0.01796682551436551,104323.947082,27175.687999,2009.1297170585854
JSoLLrxK5bYdHwTEWYaGgmeycBCNXKDiBCTw5hXGBg7,xG4wXczA7Dk4hccJ61CHKpDHW4NrNfQwgmWgkb9BuF2,BVR6WgfhsRr9Lob4QDnkEAiNGgAbv7ZieKcY9kSg3QYR,5.055322220000164,4.321112932000027,852.0762231781925,168.55032895967705,0.340830489271277,144.03624412818246,17.174893198,163.749351876,26480.675521013407
HEDSDjj84KS7LKhZY7ejkCACTdPen62rKhCby1wXtgxc,EnnjMSFttpCTywBrYNt1J5QQeoSVkvzPipJDa8Y7kJow,6bjVT6JN2rSvpyn9PdfLYC8wJn4LWh49jpY47fnLDXZk,25.82666591099951,26.57568549100324,24.979395104095456,0.9671939533417203,0.009991758041638184,0.9996912993255336,39141.262225894,9082.32850187,46936.71693198311
RajgMbScQbqqrdJfR2rxfHJiTiY5b6bJ2tTXiF4aPxy,725ZA3fhyBAKb5iopNRrcbSuQa3LXA1656Q3mBvYPxeg,GLA6i1dSZpUfk2f9Nj8uiG7xyDdAR2reff8oEiZH3617,945.3207860599941,945.2426746599813,945.2063310253703,0.9998789246610129,0.37808253241014816,0.9991105518223458,78580.52622009,102805.18877399,181284.76094242168
BSCrK1Nx9PXU9mF7STWWBqeHLxmtJDr9h7jheEy4tAWX,FfSySSbVJPvEo5a5AvrP3nySoXpRE2QPn1uUMpJJ1x7v,HL7Vcj6838ZmvBHDbQxXfjBNckNi83WvPiZQoMQLFeRM,0.0009007949999999543,0.0009000449999999605,2.7914057198103346,3098.8246158232187,0.001116562287924134,3090.425860683602,0.84610637,0.957982003,5582.507603101504
AURHmCnNwiW4uA2Qj1XvEh4iKgRUZYXtiY7FKAapUV5Y,BKWm4TRnTeKwfWXRyuzjRHU7iZDkPuXBX5b5V5jSVfGJ,A5Ww74HVrkj9nPeC7pHKLfgeDMEhBCpW1efQdz3TGLEg,0.13587850099997922,0.12122235000003911,21.562272937458754,158.6878923359778,0.008624909174983503,143.59501610418104,289.889359136,1809.499207976,305836.99932173576
WiiQFxXqp8P9Fs1rt9SVcDyA3KUdJmUsog6wnVQAwba,3S2jpqSYxho6wiz3cafhjXruVY8cg4HYa2v3BqBHYFSj,Dfe67M6TfrG74gKRtdqys4e6E9QirPD53BkF4FujFjuv,31911.965325030007,31918.266442824995,31815.227023101976,0.9969685883980278,3.181522702310198,0.9996912993255336,21169.936625683,5626.794580278,26730.81941917887
C2ypsDADXcCRz8HbV2zX1AXPSja7a1P3xZtRC91xGhJh,J9bYNuDpY1d1T86gLaw7DGk5D3CsUAf2tzUwxMvb6FTv,A2NGvvPrMGzsJ4jb52KEnSBVmsA7C34dV1GC7PerdgvG,0.16946455699999996,0.16963110999999964,24.32659128104783,143.54972928674303,0.00973063651241913,143.6156592195724,4.081009611,2.944078931,1008.6436613456654
ZUCKWFa4LTL833dPhhpeeRWZcaAEoMeYJPi2iKn4F8N,7eEYpq6ShaJ9opZWMxitRFrdCHh6vfyHhGfoSvFht3N2,H8VggnHmuwd1wvwpT8eg9cUJFEfZ7HAaeYjgXrSm7A2u,0.0010904000000664382,0.0010904000000664382,0.0010919805436250868,1.0014495080324213,4.3679221745003467e-07,0.9996912993255336,1817.011925129,2030.155866086,3849.174854110347
DA1mL7dfBow33EH5yjUuZE6SH2KeUK5zEXzsyhE5r5j5,B4UtLRZND3D83CitRCBUyeiNr7H8m7YFRqBmiPmXjhW4,AAmpYbuixWiSqDaJBCqYEs1pb5SrbdPr9mgXrB58Q2e,0.0010685140000532556,0.0010685140000532556,0.001294375671185265,1.2113792342643637,5.17750268474106e-07,0.9996912993255336,167.457062883,2970.78485539,3172.7217807088145
7dwD9TF6uikvHXxPFK9AsSim54yJoujQjY9vU6gNFumk,CquVr6atkvwueDYficKjn6SSEWq4F4rH4VSiBbW4GBWU,8BCa6ge3b7ho3TfZuM64Vk1hgbrJ3J7EPiAb9uP86CGd,3.698299999999998e-05,3.713299999999996e-05,0.006254702696559394,169.1237243208879,2.501881078623758e-06,169.63479494630806,0.003949481,0.003558723,1.271634182230295
BSCuChvaSj9b5HUSqgDVRzcnr2sSn7cXaamt1jbKH6hn,GnKpRj5kBVPMJfiwZtEuD9GYApLzPdW5JFuZTcyX4BTc,3dmwD9okkomV9nDwyuh4UMhKdUR13QpuKxRo89ycZB5t,515.8657398010002,515.7313400500002,515.7554877818881,0.9997862776869914,0.20630219511275522,0.9996811017285486,1624.946096664,1483.728043617,3107.853694734293
B2izdXFYb2sNwbWWHmh75T4aQFtfXsUxem9u2p61HGzf,4DYwgJtxwuJdAjkj5RJSNH4e7U329V5cNp7d3a1nLrZv,EXNW64GEf1ACC6xY9BtKRiunrs6GoJSXBdxWN2eTPmrF,127449.79776600018,126393.15781999996,128263.11417297098,1.0063814648687326,12.826311417297099,1.0,10344.308847,29517.878575,39928.19926549845
moFiBS1R4Lf3E3zzmBPnw3NF4RhWPkhREFviuzUaCAU,44ALBrpqi9PfZkBRTvbtRNtFJGsatfY4QydjtMbFWq8S,2ho8qEEie1UjVwWNBo9y4oAJZMyMLx8zPj9bxyUz6uWs,2770.9502860680004,2772.5055140919976,2771.1386985592544,1.0000679956230905,1.1084554794237018,0.9988967983979132,31784.810940105,35329.161754533,67077.1587348147
KZMu9QBEdL97EFgamLbN5DE1AoKBG4HdrKKJo4Vuon3,DD4ACBWyVqdaKWh7v5btsgqQCCMwbKnuL2xd9pv7Gyuw,GcYqiJ1MAuYbNTNYXm1F1gQYTfTgkErACAhNU5dpVj9T,87.47517049999988,87.02780444999894,87.88497638719383,1.0046848252464275,0.035153990554877536,0.9991105518223458,2046.92144875,2644.37530208,4698.5341853170885
BUSDgu5JdqP1rndBvXvanbEufS94FNh1w5FJcAj6vawb,Bgzr8cWubt89JQFXndVjtdKmDbGzuPxNhvjH1EhWCwbo,Dxaf8xPBBQsasRKW5Aa4Sw2YrbfGofY9xZueyyF23FBW,16989.422078729996,16916.783823380014,17061.131036142768,1.0042208002768116,6.824452414457108,0.9991105518223458,5286.198419,9732.65232253,15032.506039408181
