0,1,2,3,4,5,6,7,8,9,10,11
Lee1XZJfJ9Hm2K1qTyeCz1LXNc1YBZaKZszvNY4KCDw,9DgFSWkPDGijNKcLGbr3p5xoJbHsPgXUTr6QvGBJ5vGN,2hNHZg7XBhuhHVZ3JDEi4buq2fPQwuWBdQ9xkH7t1GQX,15659.108361607709,13353.842565299008,2537092.2395079685,162.02022368836123,253.70922395079688,138.84808298005754,7498.824440122,56045.422462224,8996760.681875575
SUiuyGR7SFq3xeRVJonq84fjjeFwRSsFekcevJ53tzy,49GjCCPsv7fBqo6t3iKDrP1xxGDS8uWZbVCdfnp2gjMf,CEwj5xEbbJEjYqM8D6Ai8ByGz1mrh8mkAVsE5fzDSSSx,0.46856399999999976,26.782362000000035,0.006445919737098522,0.013756754119178009,2.5783678948394088e-06,0.8798642193536693,585.199067,2.356748,10.124057914724698
Sid7E679i9ABqptiAVhkmQ27YHN8vaYT4fppPwmxFsJ,GP7KB8o1bv527HG8kTzzzf4wJ5aEGHvcMQvVhLziUfmT,9gYxhAZ1M9wu5pxr8SBoa5NDm21gi3s9vMHaYTME77sa,2081.5457279999973,2543.011424000004,28.34400320790146,0.013616805447332212,0.011337601283160584,0.01658143477563296,104036.190298,27404.521558,1871.0468495409013
daob129AwBGn9Y5r91uLoWZeYiGzbPmksauMhFZKTze,6VW5GQNyj4LStgmxEHLr5zUfW92vQnmbw8jTnCH7a38F,4VPCCUifPeBA1c7HWK358CHn2nyjm8pdTRk6Ps3KmnMQ,57.89059080799973,51.92067474099998,8773.919190134107,151.5603670246472,3.509567676053643,139.27590180101848,51.60102895,220.109440086,38476.611649406346
GokA1R67GqSavkd15zR62QD68Tuc5AEfvjssntVDEbM8,3YB7hfpBdbQEuZqLGWVDpRPmeZWCUsrrWyqGXegnQ6Cg,4DPCj6Z1DsG6HUtwSogBGqXEUxdEV5a8YVrrFtcnz7UW,79736.83829199999,79709.45768200007,79757.81459723906,1.0002630691871963,7.9757814597239065,1.0,29828.812167,40875.540133,70712.1993413718
KZMu9QBEdL97EFgamLbN5DE1AoKBG4HdrKKJo4Vuon3,DD4ACBWyVqdaKWh7v5btsgqQCCMwbKnuL2xd9pv7Gyuw,GcYqiJ1MAuYbNTNYXm1F1gQYTfTgkErACAhNU5dpVj9T,245.8586314399986,245.54448719000038,246.3482856098911,1.0019916086208753,0.09853931424395644,1.0,2250.83918425,2439.34933219,4694.671307163557
Dg3mAgpwDfVNnbGWcsxL8sUcSkEbjSJQhKAWNigG44Ju,EATxwd8YA2wV93VJcKMmH2Kn2Y9XfJVUB9hHVu3udwEy,GiGvrRi7NMHfHKanG2B8xyCEqe8jaafWins8bhrLVEaa,0.73643777,0.7535880990000001,119.33111405696715,162.03828608215892,0.04773244562278686,160.78835172001732,0.203515336,0.255987932,74.13715388337056
NorjjEePhxfwLF4vZjUHCrVVKLzQjEEGQFd3wgjEJmh,34M8pFVqgbV7aqHxvRT5tCv3vu2P1JJYT8J3VaxBK2oG,3AZWBSze3ucsY3xSeuLne3b2pauVqiaJ1SZSV5T9WGWw,0.0011269999999967695,0.0011269999999967695,0.0006682819283976351,0.5929742044361586,2.67312771359054e-07,1.0,38120.278942,2260.685381,24865.027459516896
RoBgmK8CvjdHvPrqdDyVw54VwjZv2TqJ493xnqJAQHx,ExiHJxM7qPAcy27NDHAF6G7vnW7muNHi2sVJpnaNynGQ,6rkPHSqZb7StM4HwS9EuVrmfkV7tRdc7dnsFhyB6cefE,1.7198379999999993,111.14325899999949,0.0,0.0,0.0,0.8822060798114197,6393.407888,16.952192,14.955326848530511
SoNcU2iwHMw6dGzsYNQkYFkUjwN1UdAjrWVRnStrZu2,8ivTTid27jZnYNc4w3CTA1Z6QS2twsFb8WMwUabeDJgc,CyXm53PMvHCbeXJBykU46Rcbo28xk5srhMZFg7gv6EYB,14.265199528999993,14.13364431,2287.0231693930186,160.32184931894477,0.9148092677572076,159.44777495413484,23.773627336,27.071942514,8127.992897070486
ALBpShJ9NLpE739pcHDF2LNVk5J4VYPvvKuV6jMPitZi,D6d156U1bPiJpDYRLextvDRccgFk7QzkQbJg42ceKEu5,GNcM8U5g8RwTZffwwm3kSQqUNPSwv5d2fbN9sLxPJqt2,1615.5797719999973,1612.7897909999956,1609.662652090911,0.9963374634842319,0.6438650608363644,0.9955290789066303,43749.763367,56575.465811,99912.04962865054
C98Sspw7XqnMsgxea3SLQVdbMDL8pKUc3RE82UvX9eq2,CSqgQJurPCzGxb4Cgwx5R61hWQUiaoUHcShNc8r1cKEL,6S2CR5EnukPhC914XkAns8m5GixjMAoUuZMsS5ubHuWc,267.78694700000153,259.7548859999997,0.0,0.0,0.0,1.0,942.352221,3907.815135,3907.815135
SoN9GaFpSXfpyR5dth3x7PHPVhvJMpQqqDJfCSmPv1t,9kZ9iS68ViMPtoeqtnhAKuF2iqVyfHPdZHoUNdwCELr,BBhm5fJLjw3HRzjtKB8uMEYjGhY6EDm9co3cqpjrSzB9,13.358026424999998,13.419592512000001,2182.131035909036,163.35729294748992,0.8728524143636146,153.0164047357353,3.801623603,5.838510337,1514.4108013715295
SERgf3DMJpQxUifu7VoFKmfne73d2fDJxSrxUMrcNJB,AJfM2GZ2tTB8UtN2krcyR9xufRJEx2mhSCbJyMgPo3GU,F4yRYkufQvERZcEKnKjJwRLU1btiMBUuEwq46hfm11QD,7.81449999998074e-05,7.81449999998074e-05,0.010731424624229496,137.32707945813482,4.2925698496917985e-06,138.77189647061437,29.284890014,27.959234883,7901.5644664565825
C2ypsDADXcCRz8HbV2zX1AXPSja7a1P3xZtRC91xGhJh,J9bYNuDpY1d1T86gLaw7DGk5D3CsUAf2tzUwxMvb6FTv,A2NGvvPrMGzsJ4jb52KEnSBVmsA7C34dV1GC7PerdgvG,1.9071485079999997,1.901585040999999,261.88820949425315,137.3192535325378,0.10475528379770127,136.62770044649932,1.490054949,3.537963926,687.9971087911924
ZUCKWFa4LTL833dPhhpeeRWZcaAEoMeYJPi2iKn4F8N,7eEYpq6ShaJ9opZWMxitRFrdCHh6vfyHhGfoSvFht3N2,H8VggnHmuwd1wvwpT8eg9cUJFEfZ7HAaeYjgXrSm7A2u,11.938699826999937,11.929580036000061,11.955956768055986,1.0014454623456586,0.004782382707222395,0.9935344059524157,1817.011925129,2030.1469843,3836.6592254909756
CZgvH45CRmoaNJ7395Ao5CQZXkGznvqU7cErD6n7FaRg,4ZjU6MKvtqVQKCiowhvZ5yUsPxXX5SCzd5eFsPeXyey5,BsyWeshjDbCvjDojry3vKDCesmFRM37WtwcR4Kfgzqr,18.910585700000013,20.000880000000052,20.060974030796697,1.0608330354779378,0.00802438961231868,1.0,339.74020149,1410.19754068,1770.605169900523
Cob4usZcpHEY7Qt4ZCwj6WVg9S44zvzYV2v9qYF65dTf,NhFM9UXE48PyNAyeyPYA3iXztqKVJwA4bTdLj4ysM8w,6TuFuynuBoeskxyR2cz4wxyidk8dpDK7kAWw3UkjQGx,43.37820600000006,2873.846722000002,0.5938713962251636,0.013690547650245443,0.00023754855849006547,1.0,65642.419463,247.232858,1145.9135295356004
KysFMBBoavfov2tLpvefWW6tPFt6rAeZWDJVy1mMQae,B8ka2V21TH3x64dFV8ETcjuQcwmrciJ2qzy1mJUttRew,7fSf7EYxBANyxzk2s5pymFgshA91tFYQNKKs5UnLWcYS,111.14325900000404,83.93774099999973,0.0,0.0,0.0,0.016689739953990725,134386.394258,2699.213327,45.049168507976134
vEnkoSUkpnbRrPgBz9DfcVxNz67zjwMYBZraAvDDNSf,DtfyjjsZ5yCjWKLKHvwsfXs5QVsmm1QkK6Sh9JZHoq1g,e5wrKCRv4GhHvEf1VD5Pq2KGaZDXP77nTL612Jyrxwy,5273.007979000001,5272.081537,5240.714695049108,0.9938757377042663,0.5240714695049108,0.979949258227409,918.360251,1024.626758,1916.818203402955
moFiBS1R4Lf3E3zzmBPnw3NF4RhWPkhREFviuzUaCAU,44ALBrpqi9PfZkBRTvbtRNtFJGsatfY4QydjtMbFWq8S,2ho8qEEie1UjVwWNBo9y4oAJZMyMLx8zPj9bxyUz6uWs,2473.099255235,2473.7195563220084,2472.2647570998297,0.9996625698975066,0.9889059028399318,0.9950997308852289,34086.719079019,33023.433498224,66936.82698089545
BSC8REUo9LpiiWUuqMuLXs2D2yJsJfGd4HdiF3wCLxk5,AZjEH1zWVx1UJ6udMyRijGTzPteuLnaY18yNNmprJEsh,Caf8ypkSVR8xYnXNhjvfvdGCC7mrM3C11rz8Xi6NA6aK,935.5012796570009,931.6043427200002,938.6422403516872,1.0033575161926427,0.3754568961406749,0.993718788007104,2341.105492517,4007.003766166,6330.800718171189
BkwbeSfcX1h4thMDd7obGkHrPevf3QwgzJ4pCEqG18Lu,35yX27bmurdebhfAb8EPmjLETDiUaEUCn9zHaDPbakH2,2CxECn1ZJFoESyUnQysQU8rRgT3iJ5GRs2Mdd6gZjx5g,0.02913926000000444,0.018513729999999895,47.20896247813564,1620.1153522130776,0.018883584991254258,1020.4081632653061,0.86558565,22.69319133,24558.666283893806
SAMyS8Jr2HJrkFwYVKbpUwsNStnQmvz3f8Tup8bWUWF,6jPzm5TFfquvgm25sTyN3MMGBfufRaFHMxobDWv6hMFW,Cj9ECoDmxsHTDzCY5ZA6RWrPbg9uFzEC1Qc2kso2vJG6,4968.284000230022,90.57464092000026,4978.178877475837,1.0019916086208753,1.991271550990335,0.016692701717111454,411.65991181,112542.10121188,2291.1115033861097
ALLwa5WNZbvQsRKAqe1jdRGemdYQnW8E5k4msbRFcYtu,CGoM82Hbz7QVqTgvQatYtjvDWBvoUJp5qm21P8iMs9yb,3dxNNww8TivyN5FMy5dCNdi3Zcxv6e4kUfSPxfFwpdNq,1.8492735369999993,1.8480027239999997,5547.543233838306,2999.850007499625,2.2190172935353223,2989.679625931285,1.354800487,7.271976591,25805.078505449383
wrmcMSHFi3sWpAEy4rGDvQb3ezh3PhXoV2xNjgLBkKU,8p4mGnARWPBu6P2Gcw4adodLkNDorrXniZMhaY7eJXUn,AyY89zccbsgp9LKFgH4CFZMJmpSgqmPSdTfukhP227rc,0.010617990000000924,0.07996421999999243,2.4744791423912664,233.04591004427874,0.0009897916569565066,2989.26852599169,27.2263989,0.08283004,6592.602140457682
parEAJhzYzHW87y9VoZAQ22dzQ2MD2ekEtTReaxbMcz,3oyc6hpjYSJEquK6dSvG72NXyz3pqLZz5D8AC71pwgQb,Di2vordgFJVZ1aj1aBpvzXtLfZgJsuLLXawGtVFwX6Rz,34.834480244999895,41.39038036200009,4514.1931596804025,129.58979516648208,1.8056772638721612,157.28906631794632,1108.961722077,138.380861281,165475.9188785894
STK75uPSyBnEhGTTzb1nwmP3n427XoXmfRhXxxhyady,6TYyD5fUmDe6N65avW1Ny2RxzRNobw2RRgKwH9CTzSAU,54zDfk4cx2vGrEajPtodWpArNe5eUurytyxd4X3aZAxK,2976.1831137129952,3327.7476979299845,409528.6491027382,137.6019664972236,40.95286491027382,152.4048030068858,3258.985106886,634.594207267,545157.9646405161
AUSejoEUCh2DBs9mof6BNC8Pubs22w4cJa1ccV9h44R,4xkyD7AfGQDwsQMy9MosRRNGoVJ1zosNinesxg1TzHG7,Cbm5gsQe3nSiCsFrvepVzMCD9xLK3ri9g3ypS2hdmVJ7,2590.761957999999,2593.3946640000067,2588.587544462651,0.9991607050077935,0.25885875444626505,1.0,14783.049411,14090.581763,28861.22383465981
HEDSDjj84KS7LKhZY7ejkCACTdPen62rKhCby1wXtgxc,EnnjMSFttpCTywBrYNt1J5QQeoSVkvzPipJDa8Y7kJow,6bjVT6JN2rSvpyn9PdfLYC8wJn4LWh49jpY47fnLDXZk,16.365790320998713,16.803339970992965,14.599586626756391,0.8920795354455855,0.005839834650702556,0.9953177872478349,39149.46661213,9074.329187897,43956.27923634747
ercAoEmXjQzEvAFbdjAo81KtMxRGn9AW1ju882upmPH,CMRhskR2Eg6V42RTSdRTXGdozyPbWB8U9dVpijPWb9T4,7TKLLgrWswt6ZJ1pXhVR3FyufHGjJFqiEXxvWJfDcgRm,42.72527305299991,42.739567316000034,5864.730737210804,137.26607972606084,2.345892294884322,136.84469522907392,920.141988122,923.090696029,252624.3484677328
BSCNHw8CmxbZ8hCWWzMf5FaG2ajPT6JxfznKUNuRVrn4,7n9kgNL633yGzCYksgnzHyjG73ZLBAwvEae5sbAekbzW,SscdxE99omdG9AiMVwmaEMQySQnCgeAh1sPj2Leutm2,265.12576099599937,264.69116926900006,265.61025109304916,1.0018273972896097,0.10624410043721967,0.9966576408287611,5203.057158253,6486.053263356,11676.939754547753
MATgk4zXLXtYkwBH678J1xZbRDZ45LicNzkRBHkxTuY,y8dALFo1bJrSzPYjMX14HJX448pXqYmrfXHD1K8MXih,GN7Yuet3UyiWS5YVkEHv6oQKi4HGBJc3XDPt9zQhAqZz,18820.771529999998,18766.918205,18830.60110377617,1.000522272626311,7.532240441510469,1.0,7260.104215,7530.124755,14794.02072369566
SEQV6QiTpvTzrceiaYg9Avnwf7oc8ZALpnQMz6TyT4A,3dFMPj4r9mMmPHF32mz1gNDX7f8ftidWof7S8YiYTs1j,Fc1ED3YPeQfXQosHbd8DTaBd2AV5gHQtwiSAL5C5pUhi,18.326630199999954,18.373145999999906,18.318782470227276,0.9995717854462585,0.007327512988090911,0.9893956573445808,1287.190453619,4335.38151568,5576.046904479082
B2izdXFYb2sNwbWWHmh75T4aQFtfXsUxem9u2p61HGzf,4DYwgJtxwuJdAjkj5RJSNH4e7U329V5cNp7d3a1nLrZv,EXNW64GEf1ACC6xY9BtKRiunrs6GoJSXBdxWN2eTPmrF,42631.91709199996,42278.84638599995,41987.9479345281,0.9848946704394699,4.1987947934528105,1.0,10969.375418,28819.09025,39622.76963723793
KwnjUuZhTMTSGAaavkLEmSyfobY16JNH4poL9oeeEvE,J63v6qEZmQpDqCD8bd4PXu2Pq5ZbyXrFcSa3Xt1HdAPQ,BnKQtTdLw9qPCDgZkWX3sURkBAoKCUYL1yahh6Mw7mRK,489.48024799999155,22454.00336299972,8.099938911253977,0.01654804038436729,0.0008099938911253977,1.0,280884.385474,511.515074,5159.601228161941
BUSD5rCfUDpCxKGMvYU2yThChxgHoioK74PTPociGnv2,CcFHbafgYDZ8yA8Me1PdtDiVb2eeaS61LbqyKKK5CsNZ,26R9s4nmF3CFDTkiePDwRmtscn8i7r2eygbSijditJ58,500.9474314,502.71096090000026,501.01444709244305,1.000133777894131,0.050101444709244304,1.0,72.76203782,74.4444732,147.21624497219227
JSoLLrxK5bYdHwTEWYaGgmeycBCNXKDiBCTw5hXGBg7,xG4wXczA7Dk4hccJ61CHKpDHW4NrNfQwgmWgkb9BuF2,BVR6WgfhsRr9Lob4QDnkEAiNGgAbv7ZieKcY9kSg3QYR,18.504895369000025,15.99804169199998,2922.5797639780453,157.9354925115676,1.1690319055912182,137.0710413163645,17.941025154,162.846718761,25155.093959382833
oKQqupM9E7SSLAFDLxr7mdsXP7znck9qRbVWc6Yyj7Q,CMR2J7CwfW98RpvnJmFBgRFTLAd3x8CJ1SWs8Bt3uunG,FmRb5jHfSNj1YWP3b45d9vvYuhwjp4om8bALmtqZpr1v,0.001117089999752352,0.001117089999752352,0.0011307802774164133,1.0122553041089761,4.5231211096656527e-07,1.0,2176.27630641,3719.60681038,5922.5540447502135
BSCuChvaSj9b5HUSqgDVRzcnr2sSn7cXaamt1jbKH6hn,GnKpRj5kBVPMJfiwZtEuD9GYApLzPdW5JFuZTcyX4BTc,3dmwD9okkomV9nDwyuh4UMhKdUR13QpuKxRo89ycZB5t,439.923192924,439.89251204900006,439.84514108417915,0.9998225784839803,0.1759380564336717,0.9805738514293334,1577.981315629,1530.051434118,3078.0297754297926
RajgMbScQbqqrdJfR2rxfHJiTiY5b6bJ2tTXiF4aPxy,725ZA3fhyBAKb5iopNRrcbSuQa3LXA1656Q3mBvYPxeg,GLA6i1dSZpUfk2f9Nj8uiG7xyDdAR2reff8oEiZH3617,73033.17963907003,72985.61788630998,73086.36312378796,1.0007282099037829,29.234545249515186,1.0,62147.98370471,119744.08202427,181937.3225062139
Lid8SLUxQ9RmF7XMqUA8c24RitTwzja8VSKngJxRcUa,4PgzyzLtds9bKZ2to9PMnKqJzKEUpjvNUaeN23phegax,AtymwxoVN9peZo7EXTcDz9jKVc4vRmisJKKrNfe3ewBa,1231.691744907007,1051.0244195829957,187120.5087103467,151.92154163903595,18.712050871034673,136.38889930748536,1030.871118879,7625.379601207,1196628.66022163
MARpDPs5A7XiyCWPNH8GsMWPLxmwNn9SBmKvPa9LzgA,6YjT74rmcfCpw8LSjPNx5JTmZoYLGrTKnf9arfSgZ4SR,F8GSmi3vA8M8TsybLya1LQ4n1aFHCRbZ6k437PeTdXtg,86275.67414499995,92281.35684699897,77149.43592153394,0.8942200299921398,30.85977436861358,1.0,321296.477637,13949.704066,301259.449934927
WiiQFxXqp8P9Fs1rt9SVcDyA3KUdJmUsog6wnVQAwba,3S2jpqSYxho6wiz3cafhjXruVY8cg4HYa2v3BqBHYFSj,Dfe67M6TfrG74gKRtdqys4e6E9QirPD53BkF4FujFjuv,10110.029279353002,10143.492204695998,10063.938263678183,0.9954410601194847,1.0063938263678185,0.9953177872478349,22469.363096443,4320.94434633,26667.639386543065
KEVpg4SYCVrqFxKijQH6hm4QxsRdoE51ud64bEEFUC9,2bPenuBYfqzD8p5dFjCcggwkHDsc2RQDnx9AoyYGUBjA,AE6n6iLuX8oYu61vt5hoDYkjswpnxFxrhSehxrnQTnbx,1363.9171340079997,1364.7582442069997,1360.578211130709,0.9975519606037362,0.5442312844522835,0.9938260060054184,6045.020314169,1584.590812779,7605.029424905732
BUSDTd9WiT6uBHJRgNvFXBsA7JrifsAtWzKfioN7ERcy,DyBxrn7gSc1EwnpWhDyhzvMHPtxpmBqRqotapLcKcfTM,Cds99GeBgoCpqBsoRWu1C6fF9LiUMd4pXQQD24s9LPff,2998.4112236299998,3000.923618339999,2999.281705159288,1.000290314257907,0.2999281705159288,0.9930940241560191,321.62759818,324.98454843,644.4611842463635
BerKDkt6v49dT1bHRedgnpsJS263C1DSJtEGvY9Mg35V,78XKqNb8wbfsMMrvo8WPUpdx7GEkfQutpNVH943aCGFa,DKYQwn4nDvFHCszi5tXbqfVMAP7DaXXp1KGTXEnYnKVH,0.03159883800071839,0.001191691999338218,0.03216126529960744,1.0177989867499642,1.2864506119842977e-05,0.9992667660265592,1339.269355658,5107.748441634,6467.110260122794
7dwD9TF6uikvHXxPFK9AsSim54yJoujQjY9vU6gNFumk,CquVr6atkvwueDYficKjn6SSEWq4F4rH4VSiBbW4GBWU,8BCa6ge3b7ho3TfZuM64Vk1hgbrJ3J7EPiAb9uP86CGd,3.1683000000000665e-05,3.1730999999999687e-05,0.005048123918432824,159.33225762815132,2.01924956737313e-06,157.53623412152913,0.003887255,0.003620668,1.189751516850648
YAkoNb6HKmSxQN9L8hiBE5tPJRsniSSMzND1boHmZxe,CfWX7o2TswwbxusJ4hCaPobu2jLCb1hfXuXJQjVq3jQF,EnTrdMMpdhugeH6Ban6gYZWXughWxKtVGfCwFn78ZmY3,17261523.552631978,17261809.82977602,17261523.552631978,1.0,1726.152355263198,0.9895043275971768,1093977.697516,310667.20949,1401384.2457488936
AURHmCnNwiW4uA2Qj1XvEh4iKgRUZYXtiY7FKAapUV5Y,BKWm4TRnTeKwfWXRyuzjRHU7iZDkPuXBX5b5V5jSVfGJ,A5Ww74HVrkj9nPeC7pHKLfgeDMEhBCpW1efQdz3TGLEg,0.02688111000003346,0.03014364000000569,4.147962258810655,154.30770004681696,0.001659184903524262,137.67651333679268,289.887793098,1809.500416274,293857.62681867916
MATSnbbiTCv7Dc3trJrkrqjx7ckKdr6fwPoVwv9q3sD,631WX9JizSHJm4w6VanZeJAst9T8DeUUnPLesdGkCVtK,211maUSfpnXbPuW1iBu8b4dtJv5EbN1j7JJiEX5TZKEP,60148.18829000005,60249.49294899999,59913.626442477755,0.9961002674529219,23.965450576991103,0.9916119544770784,23782.185643,21743.783954,45250.837583960616
FrnkTEL6yZ5Aycq2TrEgu29dCrwKG4LPUZydfiwqspkc,DjvZuMZ46fxKBoBpGMPcRcos4xdTtHFxwMh69DpA2ZFY,9rvDPJLAng4uVVqnnSoEXgNDFhBZQTny9AoQioYDZbQX,1533.3615277969998,1342.6610308099998,224561.7176952307,146.450601260266,89.82468707809228,138.18054089114565,184.129804287,1432.155766472,224861.97899924053
BUSDgu5JdqP1rndBvXvanbEufS94FNh1w5FJcAj6vawb,Bgzr8cWubt89JQFXndVjtdKmDbGzuPxNhvjH1EhWCwbo,Dxaf8xPBBQsasRKW5Aa4Sw2YrbfGofY9xZueyyF23FBW,7124.519600579991,7090.7363433699975,7162.261999658633,1.0052975360016652,2.8649047998634534,1.0,4987.94786749,10007.25186464,15021.623565532458
KEN5P7p3asnb23Sw6yAmJRGvijfAzso3RqfyLAQhznt,9zj4aX38Uxf3h6AUjS4EipWS8mwbEofasHAf3a1uKGds,CwQDG1MWunn9cLNwcZLd8YBacweSR7ARo32w4mLua1Yr,1725744.6761840014,1731742.825974997,1701300.392149596,0.9858355153159406,170.13003921495962,1.0,1585832.75014,627079.804182,2190450.050621162
SQDY9uoDoCbNq7F3HAHYYQZbrUzpKxDtdWLvYcqBLak,GiehZ4X2uQjhEKuxSm3ACmEFrabxh3RTvjbLfLjw1xGX,rxDQYV77NKRKYxCjq4cECX3QQsiSyLv1T1FT2X3zNA2,0.003628255000023728,0.0012372410000125456,0.003634893522380244,1.0018296735914296,1.4539574089520975e-06,0.999582697214315,168.73007208,237.830605455,406.7701511177873
heyk4SZTeCUV6a65WiVA5bzic3KcxgVf1qxobfeV4tQ,9ZDpBKPqMABtGfq66FbVribaArMvtk63xxy91onZAtDt,DaTP4s6N7xxSPinbNZ3FB52EpRDRt87QShTuN3VPCW52,277.87122029799866,238.6136487029995,44072.68389015402,158.6083072687015,17.62907355606161,135.02168043122686,621.004959813,4478.088193088,703135.5384313859
DFWzVTzNBrQZLjoQ4yQwkj9HuoXmfkuZP9V5vbymZe23,DhgiEgiNdqZdRdo195UUHnoEJUtefK8buko8nU97XJUZ,2K2kkXsouBHtWVjtcgkyiXd8eP3oVBvq1bTJzcVdLLr2,12100.172180632002,13994.030441952971,10109.526835327464,0.8354861967591799,4.043810734130986,0.9991582481431112,61517.457874759,7436.506909425,58827.23413000068
