0,1,2,3,4,5,6,7,8,9,10,11
SRMuKizofcAMicegrfSv7xs9q76tH1w8aAF7oX9FEWu,72Hj2KWntXPfbie4UgKeTPnm1XVkomDfCnRPKbvfTtPi,6aqJQ5wedqpUt4fFEDUqUmXhrdxCu4bEJsQdVPCADLko,0.025669999999990978,0.025669999999990978,0.0010560507035980383,0.04113948981684493,4.2242028143921534e-07,0.04030839144123863,17971.450574,3892.848795,896.2507809334192
NorjjEePhxfwLF4vZjUHCrVVKLzQjEEGQFd3wgjEJmh,34M8pFVqgbV7aqHxvRT5tCv3vu2P1JJYT8J3VaxBK2oG,3AZWBSze3ucsY3xSeuLne3b2pauVqiaJ1SZSV5T9WGWw,0.007651999999779946,0.0010900000002038723,0.004537462827600693,0.5929773690187115,1.8149851310402772e-06,1.0,38120.278942,2260.702058,24865.164771286545
SAMyS8Jr2HJrkFwYVKbpUwsNStnQmvz3f8Tup8bWUWF,6jPzm5TFfquvgm25sTyN3MMGBfufRaFHMxobDWv6hMFW,Cj9ECoDmxsHTDzCY5ZA6RWrPbg9uFzEC1Qc2kso2vJG6,3826.8887881199894,114.43032486999454,3845.558242732389,1.0048784941622437,1.5382232970929557,0.016650843647462544,408.26909994,112752.14379799,2287.6791556572266
KEVpg4SYCVrqFxKijQH6hm4QxsRdoE51ud64bEEFUC9,2bPenuBYfqzD8p5dFjCcggwkHDsc2RQDnx9AoyYGUBjA,AE6n6iLuX8oYu61vt5hoDYkjswpnxFxrhSehxrnQTnbx,502.43944041800023,502.18772278200004,502.6557407230695,1.0004305002507154,0.2010622962892278,1.0,2748.140446074,4882.971761138,7632.295282363037
wrmcMSHFi3sWpAEy4rGDvQb3ezh3PhXoV2xNjgLBkKU,8p4mGnARWPBu6P2Gcw4adodLkNDorrXniZMhaY7eJXUn,AyY89zccbsgp9LKFgH4CFZMJmpSgqmPSdTfukhP227rc,0.020242330000001876,0.17397634999999814,5.096256294058882,251.7623363544814,0.002038502517623553,2996.3444597590938,27.18491024,0.0862442,7102.55384646562
BkwbeSfcX1h4thMDd7obGkHrPevf3QwgzJ4pCEqG18Lu,35yX27bmurdebhfAb8EPmjLETDiUaEUCn9zHaDPbakH2,2CxECn1ZJFoESyUnQysQU8rRgT3iJ5GRs2Mdd6gZjx5g,0.0004971599999986642,0.000335919999999712,0.8374208327696137,1684.409109284463,0.0003349683331078455,1101.3215859030838,0.90306211,22.63531303,26449.884887945984
ACUSESXyNnwRLAg1dpSGMLSzUDdLjUMybY8rkXiAKhCP,AhFPQdu8GKBsxuhiH46UmCu1YpaLgNpoP325HnYtsgas,A8wxWpT3aFEr2XqZp1kDmbxbFfcBE95UUmdsNTDBJYbT,0.0,0.00208552599997347,0.0,1.0,0.0,0.987879634623352,1044.555794732,1841.328673742,2863.566892169749
AUSejoEUCh2DBs9mof6BNC8Pubs22w4cJa1ccV9h44R,4xkyD7AfGQDwsQMy9MosRRNGoVJ1zosNinesxg1TzHG7,Cbm5gsQe3nSiCsFrvepVzMCD9xLK3ri9g3ypS2hdmVJ7,636.2073119999986,636.2690110000003,636.1087151491506,0.9998450240212768,0.06361087151491505,1.0,14512.887073,14361.450001,28872.087925121763
Cob4usZcpHEY7Qt4ZCwj6WVg9S44zvzYV2v9qYF65dTf,NhFM9UXE48PyNAyeyPYA3iXztqKVJwA4bTdLj4ysM8w,6TuFuynuBoeskxyR2cz4wxyidk8dpDK7kAWw3UkjQGx,131.5932289999973,2356.2167490000115,1.7931139681621862,0.013626187166227396,0.0007172455872648746,1.0,65922.204514,243.44232,1141.7106171180844
BUSDTd9WiT6uBHJRgNvFXBsA7JrifsAtWzKfioN7ERcy,DyBxrn7gSc1EwnpWhDyhzvMHPtxpmBqRqotapLcKcfTM,Cds99GeBgoCpqBsoRWu1C6fF9LiUMd4pXQQD24s9LPff,8674.41754599,8708.62817556,8675.380599990405,1.0001110223245884,0.8675380599990405,0.9988493255769353,433.50972891,436.54760234,869.6031363473724
BUSDgu5JdqP1rndBvXvanbEufS94FNh1w5FJcAj6vawb,Bgzr8cWubt89JQFXndVjtdKmDbGzuPxNhvjH1EhWCwbo,Dxaf8xPBBQsasRKW5Aa4Sw2YrbfGofY9xZueyyF23FBW,20191.519929909995,20107.977470019992,20288.88282949868,1.0048219698133998,8.115553131799473,0.9996464950099696,5261.93542236,9748.24704905,15032.109311200791
STK75uPSyBnEhGTTzb1nwmP3n427XoXmfRhXxxhyady,6TYyD5fUmDe6N65avW1Ny2RxzRNobw2RRgKwH9CTzSAU,54zDfk4cx2vGrEajPtodWpArNe5eUurytyxd4X3aZAxK,962.5985961779945,1081.1204984420174,129692.98666272817,134.73215853178596,12.969298666272817,151.23806504809673,5168.644013376,927.67331928,836682.0824091941
KZMu9QBEdL97EFgamLbN5DE1AoKBG4HdrKKJo4Vuon3,DD4ACBWyVqdaKWh7v5btsgqQCCMwbKnuL2xd9pv7Gyuw,GcYqiJ1MAuYbNTNYXm1F1gQYTfTgkErACAhNU5dpVj9T,78.9793310699988,78.60586266000064,79.3646312755617,1.0048784941622437,0.03174585251022469,0.9996464950099696,2065.60806926,2625.38677677,4700.14381561102
parEAJhzYzHW87y9VoZAQ22dzQ2MD2ekEtTReaxbMcz,3oyc6hpjYSJEquK6dSvG72NXyz3pqLZz5D8AC71pwgQb,Di2vordgFJVZ1aj1aBpvzXtLfZgJsuLLXawGtVFwX6Rz,22.226260296999953,26.15350854400026,2919.783647038463,131.3663930873953,1.1679134588153854,150.79824295919235,1103.796077659,142.801846934,166535.97703505206
moFiBS1R4Lf3E3zzmBPnw3NF4RhWPkhREFviuzUaCAU,44ALBrpqi9PfZkBRTvbtRNtFJGsatfY4QydjtMbFWq8S,2ho8qEEie1UjVwWNBo9y4oAJZMyMLx8zPj9bxyUz6uWs,714.837417702016,715.0768164690016,714.6921522339215,0.9997967853046061,0.2858768608935686,1.0,33704.074877458,33408.234392114,67105.46010626224
BSCNHw8CmxbZ8hCWWzMf5FaG2ajPT6JxfznKUNuRVrn4,7n9kgNL633yGzCYksgnzHyjG73ZLBAwvEae5sbAekbzW,SscdxE99omdG9AiMVwmaEMQySQnCgeAh1sPj2Leutm2,950.4323757330003,948.5935560079997,952.6005660664099,1.0022812673355508,0.381040226426564,1.0,4915.510197925,6775.02193553,11701.745726307094
KwnjUuZhTMTSGAaavkLEmSyfobY16JNH4poL9oeeEvE,J63v6qEZmQpDqCD8bd4PXu2Pq5ZbyXrFcSa3Xt1HdAPQ,BnKQtTdLw9qPCDgZkWX3sURkBAoKCUYL1yahh6Mw7mRK,247.745780999996,14652.741697000554,3.9979548357833425,0.016137327625302355,0.00039979548357833427,1.0,281154.310603,507.114939,5044.194162466631
BUSD5rCfUDpCxKGMvYU2yThChxgHoioK74PTPociGnv2,CcFHbafgYDZ8yA8Me1PdtDiVb2eeaS61LbqyKKK5CsNZ,26R9s4nmF3CFDTkiePDwRmtscn8i7r2eygbSijditJ58,1146.07285449,1152.37538283,1144.1010306866426,0.9982794952383416,0.11441010306866425,0.9996464950099696,80.17790729,67.30274407,147.31891303285624
C98Sspw7XqnMsgxea3SLQVdbMDL8pKUc3RE82UvX9eq2,CSqgQJurPCzGxb4Cgwx5R61hWQUiaoUHcShNc8r1cKEL,6S2CR5EnukPhC914XkAns8m5GixjMAoUuZMsS5ubHuWc,17.731116999999813,17.298690999999963,0.0,0.0,0.0,1.0,954.850353,3895.069295,3895.069295
ALLwa5WNZbvQsRKAqe1jdRGemdYQnW8E5k4msbRFcYtu,CGoM82Hbz7QVqTgvQatYtjvDWBvoUJp5qm21P8iMs9yb,3dxNNww8TivyN5FMy5dCNdi3Zcxv6e4kUfSPxfFwpdNq,2.679318546000005,2.677986836,8029.123602037775,2996.7036260113878,3.21164944081511,2997.817588795357,2.85444851,5.773867779,25862.938583444786
CZgvH45CRmoaNJ7395Ao5CQZXkGznvqU7cErD6n7FaRg,4ZjU6MKvtqVQKCiowhvZ5yUsPxXX5SCzd5eFsPeXyey5,BsyWeshjDbCvjDojry3vKDCesmFRM37WtwcR4Kfgzqr,42.70270556,49.589840000000095,49.847759831853494,1.167320879980643,0.019939103932741398,0.9996464950099696,241.37528389,1813.96985504,2095.091016440531
daob129AwBGn9Y5r91uLoWZeYiGzbPmksauMhFZKTze,6VW5GQNyj4LStgmxEHLr5zUfW92vQnmbw8jTnCH7a38F,4VPCCUifPeBA1c7HWK358CHn2nyjm8pdTRk6Ps3KmnMQ,35.19998833900007,31.52774502999999,5275.5926034668555,149.87483952151558,2.1102370413867426,134.39290491473508,48.420047129,223.747489188,37327.021832436694
Lid8SLUxQ9RmF7XMqUA8c24RitTwzja8VSKngJxRcUa,4PgzyzLtds9bKZ2to9PMnKqJzKEUpjvNUaeN23phegax,AtymwxoVN9peZo7EXTcDz9jKVc4vRmisJKKrNfe3ewBa,314.4428804379868,267.01847292899924,49758.93476565722,158.24474924141424,4.975893476565722,134.38867866766526,985.294969061,7678.930458412,1187879.0731947627
C2ypsDADXcCRz8HbV2zX1AXPSja7a1P3xZtRC91xGhJh,J9bYNuDpY1d1T86gLaw7DGk5D3CsUAf2tzUwxMvb6FTv,A2NGvvPrMGzsJ4jb52KEnSBVmsA7C34dV1GC7PerdgvG,0.5382638960000006,0.5400600119999996,72.30126410106905,134.3230795124126,0.028920505640427623,129.327675851044,4.088522773,2.936508496,928.9547884305134
Lee1XZJfJ9Hm2K1qTyeCz1LXNc1YBZaKZszvNY4KCDw,9DgFSWkPDGijNKcLGbr3p5xoJbHsPgXUTr6QvGBJ5vGN,2hNHZg7XBhuhHVZ3JDEi4buq2fPQwuWBdQ9xkH7t1GQX,2590.269232097002,2191.8760042959466,410873.7348263369,158.62201879829544,41.08737348263369,134.2065707537041,7146.583646152,56461.046463028,8711048.952432055
Sid7E679i9ABqptiAVhkmQ27YHN8vaYT4fppPwmxFsJ,GP7KB8o1bv527HG8kTzzzf4wJ5aEGHvcMQvVhLziUfmT,9gYxhAZ1M9wu5pxr8SBoa5NDm21gi3s9vMHaYTME77sa,1925.304328000002,2358.0363820000057,26.179523054843944,0.013597602557741674,0.010471809221937578,0.016519512228362433,103545.122649,27808.571928,1867.3494685916098
WiiQFxXqp8P9Fs1rt9SVcDyA3KUdJmUsog6wnVQAwba,3S2jpqSYxho6wiz3cafhjXruVY8cg4HYa2v3BqBHYFSj,Dfe67M6TfrG74gKRtdqys4e6E9QirPD53BkF4FujFjuv,8310.657113243002,8304.27550221,8309.86141908254,0.9999042561677591,0.830986141908254,1.0,14681.963317986,12104.780658345,26785.338268898115
GokA1R67GqSavkd15zR62QD68Tuc5AEfvjssntVDEbM8,3YB7hfpBdbQEuZqLGWVDpRPmeZWCUsrrWyqGXegnQ6Cg,4DPCj6Z1DsG6HUtwSogBGqXEUxdEV5a8YVrrFtcnz7UW,23296.83865100004,23291.46522499998,23299.33167948974,1.000107011450225,2.3299331679489743,1.0,30181.092162,30585.484014,60769.805898441635
YAkoNb6HKmSxQN9L8hiBE5tPJRsniSSMzND1boHmZxe,CfWX7o2TswwbxusJ4hCaPobu2jLCb1hfXuXJQjVq3jQF,EnTrdMMpdhugeH6Ban6gYZWXughWxKtVGfCwFn78ZmY3,9663997.319558032,9666946.217749983,9663997.319558032,1.0,966.3997319558032,0.9944638199145357,902345.314757,573752.409829,1472921.3279207177
MATgk4zXLXtYkwBH678J1xZbRDZ45LicNzkRBHkxTuY,y8dALFo1bJrSzPYjMX14HJX448pXqYmrfXHD1K8MXih,GN7Yuet3UyiWS5YVkEHv6oQKi4HGBJc3XDPt9zQhAqZz,23397.019978999997,23391.629363999997,23467.186867734526,1.0029989669110642,9.38687474709381,1.0,4214.354341,8117.321751,12344.31480122016
KEN5P7p3asnb23Sw6yAmJRGvijfAzso3RqfyLAQhznt,9zj4aX38Uxf3h6AUjS4EipWS8mwbEofasHAf3a1uKGds,CwQDG1MWunn9cLNwcZLd8YBacweSR7ARo32w4mLua1Yr,678991.6977260011,679698.0000580002,673852.2267922566,0.9924307308160658,67.38522267922566,1.0,1061253.293834,1005566.579444,2058786.9614246336
FrnkTEL6yZ5Aycq2TrEgu29dCrwKG4LPUZydfiwqspkc,DjvZuMZ46fxKBoBpGMPcRcos4xdTtHFxwMh69DpA2ZFY,9rvDPJLAng4uVVqnnSoEXgNDFhBZQTny9AoQioYDZbQX,75.00284147000025,62.81284719699994,11867.776689499971,158.2310277437537,4.747110675799989,133.1181965785695,175.572060363,1442.751012861,219837.3604982867
HDSBGqAuMRr6X2AfmmbXQPpRgU6VEhtfNVVZ3wUTZXg,DCZ1d8kNLgDcdSd99y4udLgwq46mfDXNS9KXj96kQf5L,Fq8GGYQM5Pz3q7LmVMbrXHJgsxA5ev86kTq8yGgGuYsa,602.9640379820048,603.9986002639926,597.9046323608583,0.9916091088316322,0.2391618529443433,0.9977839029935571,59305.748640223,57916.307842933,116596.08024422236
DFWzVTzNBrQZLjoQ4yQwkj9HuoXmfkuZP9V5vbymZe23,DhgiEgiNdqZdRdo195UUHnoEJUtefK8buko8nU97XJUZ,2K2kkXsouBHtWVjtcgkyiXd8eP3oVBvq1bTJzcVdLLr2,18.779648642996108,21.802394268008356,15.676846200925567,0.8347784614581841,0.006270738480370227,0.9986200698385544,61551.58326261,7408.549551211,58780.262246509614
SoN9GaFpSXfpyR5dth3x7PHPVhvJMpQqqDJfCSmPv1t,9kZ9iS68ViMPtoeqtnhAKuF2iqVyfHPdZHoUNdwCELr,BBhm5fJLjw3HRzjtKB8uMEYjGhY6EDm9co3cqpjrSzB9,4.030129293000006,3.9552590539999994,638.9120284409789,158.53387868987605,0.2555648113763916,155.65040545374117,3.739001601,5.909966823,1512.6471584522951
B2izdXFYb2sNwbWWHmh75T4aQFtfXsUxem9u2p61HGzf,4DYwgJtxwuJdAjkj5RJSNH4e7U329V5cNp7d3a1nLrZv,EXNW64GEf1ACC6xY9BtKRiunrs6GoJSXBdxWN2eTPmrF,154317.97357400027,153196.1490670001,153907.5022654583,0.9973400939693837,15.39075022654583,1.0,12473.424547,27346.106574,39786.352983824996
MATSnbbiTCv7Dc3trJrkrqjx7ckKdr6fwPoVwv9q3sD,631WX9JizSHJm4w6VanZeJAst9T8DeUUnPLesdGkCVtK,211maUSfpnXbPuW1iBu8b4dtJv5EbN1j7JJiEX5TZKEP,10044.576582000009,10036.302926000004,10029.912849414164,0.9985401343236188,4.011965139765666,0.9878123709670091,20092.497993,25453.609626,45206.55611915501
ionytDfEj1mXodptgrsKEZro7DGsfpzANUfarJdm6Qb,3gkSjY95an9xNFSjCfsay6JZez7uv7yfW3Ad4ubc4fMK,9wXqANaSuEqkKL9yHzCPEDGHwbkStVAqV5rB3QDs3Jr6,0.011744524000000034,0.002891149999999995,8.876446496174571,755.7944873861678,0.0035505785984698284,2981.1590746482234,3.165112406,0.080839916,2633.1711575895706
SQDY9uoDoCbNq7F3HAHYYQZbrUzpKxDtdWLvYcqBLak,GiehZ4X2uQjhEKuxSm3ACmEFrabxh3RTvjbLfLjw1xGX,rxDQYV77NKRKYxCjq4cECX3QQsiSyLv1T1FT2X3zNA2,0.0052841250000028595,0.0010906050000016876,0.005295886634629708,1.0022258433755526,2.1183546538518835e-06,0.9962515805145277,168.702204443,237.868751353,406.05482861764403
RajgMbScQbqqrdJfR2rxfHJiTiY5b6bJ2tTXiF4aPxy,725ZA3fhyBAKb5iopNRrcbSuQa3LXA1656Q3mBvYPxeg,GLA6i1dSZpUfk2f9Nj8uiG7xyDdAR2reff8oEiZH3617,3903.805923039996,3902.3872784300183,3903.9995223763103,1.00004959245929,1.5615998089505243,1.0,79219.09238319,102684.1614125,181907.182465304
BSC8REUo9LpiiWUuqMuLXs2D2yJsJfGd4HdiF3wCLxk5,AZjEH1zWVx1UJ6udMyRijGTzPteuLnaY18yNNmprJEsh,Caf8ypkSVR8xYnXNhjvfvdGCC7mrM3C11rz8Xi6NA6aK,149.75386349600012,149.77106566500015,149.78256393220542,1.0001916507229616,0.05991302557288217,0.9955111565720794,3180.829160911,3167.512235937,6334.732538573162
ercAoEmXjQzEvAFbdjAo81KtMxRGn9AW1ju882upmPH,CMRhskR2Eg6V42RTSdRTXGdozyPbWB8U9dVpijPWb9T4,7TKLLgrWswt6ZJ1pXhVR3FyufHGjJFqiEXxvWJfDcgRm,272.198232231,272.00804511499985,35638.90980246594,130.92998257321932,14.255563920986376,131.35873136889853,640.711673493,918.423376069,204531.29778486135
7dwD9TF6uikvHXxPFK9AsSim54yJoujQjY9vU6gNFumk,CquVr6atkvwueDYficKjn6SSEWq4F4rH4VSiBbW4GBWU,8BCa6ge3b7ho3TfZuM64Vk1hgbrJ3J7EPiAb9uP86CGd,1.4146000000000037e-05,1.4193999999999925e-05,0.0022070209351833926,156.01731480159668,8.82808374073357e-07,156.33752458602996,0.003905817,0.003602213,1.1725361438980446
KEnkcdADoLR5jS2CLLLesy8TtFsyWL37BhXNfDMzWzP,3qsjFRuw1qeLMPo4DLwaQevenGAGBj9dA3Q6rb8ax2YR,77iEv8zPQAEyCcEbvBRSB6AFcUdfkhiqnAKtPxk76rNN,0.07002900000000001,5.9381329999999934,0.0009421251380146263,0.01345335700944789,3.768500552058506e-07,0.997587832620723,115.085978,0.335877,1.8833595572726163
iLiUBQ7Z7im6Ew3b4ewwPcehzWgEQRJ1iQz7g6D62NW,GpugBvKWM3TVhYcZjemSdtehBWgfvuGr6uAm9iPjXT6v,92fMXJ3xy8tEyMUWLHKRLyhPw2nECBo77GtDiBBbYrjX,0.0010766840000542288,0.0010766840000542288,0.0010529689347272225,0.9779739781348921,4.21187573890889e-07,0.9937478759819226,1865.637227489,1097.917861015,2915.5982035102397
ALBpShJ9NLpE739pcHDF2LNVk5J4VYPvvKuV6jMPitZi,D6d156U1bPiJpDYRLextvDRccgFk7QzkQbJg42ceKEu5,GNcM8U5g8RwTZffwwm3kSQqUNPSwv5d2fbN9sLxPJqt2,9671.34241400002,9642.698914999994,9652.134666014652,0.9980139522350523,3.860853866405861,0.9972326793149012,41678.11405,58618.522585,100051.64565966435
SoNcU2iwHMw6dGzsYNQkYFkUjwN1UdAjrWVRnStrZu2,8ivTTid27jZnYNc4w3CTA1Z6QS2twsFb8WMwUabeDJgc,CyXm53PMvHCbeXJBykU46Rcbo28xk5srhMZFg7gv6EYB,12.21897082,12.112058353999998,1914.3446342447758,156.6698752657121,0.7657378536979104,151.77005622321732,22.154620988,27.588425496,7658.05859538705
MARpDPs5A7XiyCWPNH8GsMWPLxmwNn9SBmKvPa9LzgA,6YjT74rmcfCpw8LSjPNx5JTmZoYLGrTKnf9arfSgZ4SR,F8GSmi3vA8M8TsybLya1LQ4n1aFHCRbZ6k437PeTdXtg,55236.358123,57842.31416399864,51669.8469380978,0.9354318187133136,20.667938775239122,1.0,319565.908321,15684.018791,314616.1376104851
SEQV6QiTpvTzrceiaYg9Avnwf7oc8ZALpnQMz6TyT4A,3dFMPj4r9mMmPHF32mz1gNDX7f8ftidWof7S8YiYTs1j,Fc1ED3YPeQfXQosHbd8DTaBd2AV5gHQtwiSAL5C5pUhi,471.57130461700035,470.04650982399994,471.92495337893865,1.0007499369840274,0.1887699813515755,0.9960804235333961,921.984823004,4703.190303947,5607.432043435172
vEnkoSUkpnbRrPgBz9DfcVxNz67zjwMYBZraAvDDNSf,DtfyjjsZ5yCjWKLKHvwsfXs5QVsmm1QkK6Sh9JZHoq1g,e5wrKCRv4GhHvEf1VD5Pq2KGaZDXP77nTL612Jyrxwy,2755.8191880000018,2755.0170050000006,2737.6086154897635,0.9933919567040048,0.2737608615489764,0.9791768256262325,810.176413,1134.120279,1915.327026855059
HEDSDjj84KS7LKhZY7ejkCACTdPen62rKhCby1wXtgxc,EnnjMSFttpCTywBrYNt1J5QQeoSVkvzPipJDa8Y7kJow,6bjVT6JN2rSvpyn9PdfLYC8wJn4LWh49jpY47fnLDXZk,24.901201764003417,25.62572754499888,24.111790238930983,0.9682982559414627,0.009644716095572395,0.9999678760319826,39152.243538877,9071.679246027,46982.436962583044
BSCuChvaSj9b5HUSqgDVRzcnr2sSn7cXaamt1jbKH6hn,GnKpRj5kBVPMJfiwZtEuD9GYApLzPdW5JFuZTcyX4BTc,3dmwD9okkomV9nDwyuh4UMhKdUR13QpuKxRo89ycZB5t,161.12948544000005,161.36818751300007,160.9214468372147,0.9987088731636096,0.06436857873488588,0.9960804235333961,1758.047204764,1350.551469418,3101.03522249982
JSoLLrxK5bYdHwTEWYaGgmeycBCNXKDiBCTw5hXGBg7,xG4wXczA7Dk4hccJ61CHKpDHW4NrNfQwgmWgkb9BuF2,BVR6WgfhsRr9Lob4QDnkEAiNGgAbv7ZieKcY9kSg3QYR,3.133417325000096,2.675537482999985,486.6175214262713,155.299301355033,0.19464700857050854,132.01436897197638,17.206242881,163.710201898,24284.216496203633
heyk4SZTeCUV6a65WiVA5bzic3KcxgVf1qxobfeV4tQ,9ZDpBKPqMABtGfq66FbVribaArMvtk63xxy91onZAtDt,DaTP4s6N7xxSPinbNZ3FB52EpRDRt87QShTuN3VPCW52,206.06481276299564,178.96166662300084,31438.078114765627,152.5640292160116,12.57523124590625,131.82396649351148,628.541684288,4469.73251767,685110.7215294844
