0,1,2,3,4,5,6,7,8,9,10,11
BSCNHw8CmxbZ8hCWWzMf5FaG2ajPT6JxfznKUNuRVrn4,7n9kgNL633yGzCYksgnzHyjG73ZLBAwvEae5sbAekbzW,SscdxE99omdG9AiMVwmaEMQySQnCgeAh1sPj2Leutm2,1496.1672540540003,1486.1253389150006,1502.7865101699529,1.004424141818381,0.6011146040679811,0.9999723817627881,4296.937203071,7401.008937659,11716.751997480616
FrnkTEL6yZ5Aycq2TrEgu29dCrwKG4LPUZydfiwqspkc,DjvZuMZ46fxKBoBpGMPcRcos4xdTtHFxwMh69DpA2ZFY,9rvDPJLAng4uVVqnnSoEXgNDFhBZQTny9AoQioYDZbQX,22.671537990999497,18.986995414000177,3840.469225563474,169.39606069460854,1.5361876902253897,142.6794661562166,175.724027459,1440.109979766,235241.08114019857
MARpDPs5A7XiyCWPNH8GsMWPLxmwNn9SBmKvPa9LzgA,6YjT74rmcfCpw8LSjPNx5JTmZoYLGrTKnf9arfSgZ4SR,F8GSmi3vA8M8TsybLya1LQ4n1aFHCRbZ6k437PeTdXtg,39562.5599070001,41400.48841699974,37859.37997984673,0.9569497036805241,15.143751991938693,1.0,295388.644943,16458.471221,299130.5474697954
GokA1R67GqSavkd15zR62QD68Tuc5AEfvjssntVDEbM8,3YB7hfpBdbQEuZqLGWVDpRPmeZWCUsrrWyqGXegnQ6Cg,4DPCj6Z1DsG6HUtwSogBGqXEUxdEV5a8YVrrFtcnz7UW,11599.281750999997,11597.457354999995,11601.706507660097,1.0002090436901312,1.1601706507660097,1.0,14427.498971,18154.928907,32585.443855624264
moFiBS1R4Lf3E3zzmBPnw3NF4RhWPkhREFviuzUaCAU,44ALBrpqi9PfZkBRTvbtRNtFJGsatfY4QydjtMbFWq8S,2ho8qEEie1UjVwWNBo9y4oAJZMyMLx8zPj9bxyUz6uWs,0.09156194499882986,0.09164700000110315,0.09157114176331058,1.0001004430878007,3.662845670532423e-05,0.9999723827627328,31784.71937816,35329.253401533,67116.18963867855
KEnkcdADoLR5jS2CLLLesy8TtFsyWL37BhXNfDMzWzP,3qsjFRuw1qeLMPo4DLwaQevenGAGBj9dA3Q6rb8ax2YR,77iEv8zPQAEyCcEbvBRSB6AFcUdfkhiqnAKtPxk76rNN,0.053769999999999984,3.5441390000000013,0.0007714129759294904,0.014346531075497314,3.0856519037179615e-07,0.8892509128160621,109.086813,0.406854,1.9268126435143307
KEVpg4SYCVrqFxKijQH6hm4QxsRdoE51ud64bEEFUC9,2bPenuBYfqzD8p5dFjCcggwkHDsc2RQDnx9AoyYGUBjA,AE6n6iLuX8oYu61vt5hoDYkjswpnxFxrhSehxrnQTnbx,3178.47714587,3179.677696955,3177.6105860423017,0.9997273663493775,1.2710442344169206,0.9999723827627328,4281.730628325,3351.359820339,7631.830549512492
MATgk4zXLXtYkwBH678J1xZbRDZ45LicNzkRBHkxTuY,y8dALFo1bJrSzPYjMX14HJX448pXqYmrfXHD1K8MXih,GN7Yuet3UyiWS5YVkEHv6oQKi4HGBJc3XDPt9zQhAqZz,2164.068845,2158.826397,2171.8026341803156,1.0035737260384228,0.8687210536721263,1.0,3307.990492,6759.05051,10078.862853756116
Sid7E679i9ABqptiAVhkmQ27YHN8vaYT4fppPwmxFsJ,GP7KB8o1bv527HG8kTzzzf4wJ5aEGHvcMQvVhLziUfmT,9gYxhAZ1M9wu5pxr8SBoa5NDm21gi3s9vMHaYTME77sa,1229.2150410000104,1474.534889000006,17.634971784175352,0.014346531075497314,0.007053988713670143,0.017676587875515248,104132.846182,27331.286011,1977.0689926543268
7oAd7xG4m3oC2qeWB1szghTebAZyyGPAFDJ4wwwbRSNi,D9yh4KAysxt9GLacVe4Wwh2XqghhcjTCSTV9HuM7TBJd,HDYfJLpZKaMFb84jM4mRytn7XLR8UFZUnQpSfhJJaNEy,6.258044705027714,0.14240499999993972,6.257855548828039,0.9999697739136438,0.002503142219531216,0.02277834395648498,955.574443947,300126.977213697,7791.9410782650575
Lee1XZJfJ9Hm2K1qTyeCz1LXNc1YBZaKZszvNY4KCDw,9DgFSWkPDGijNKcLGbr3p5xoJbHsPgXUTr6QvGBJ5vGN,2hNHZg7XBhuhHVZ3JDEi4buq2fPQwuWBdQ9xkH7t1GQX,1766.392168861822,1494.9384577840137,282426.6751229542,159.8889986615692,28.242667512295416,142.66181844742854,7144.506346346,56500.411995378,9202779.48393802
parEAJhzYzHW87y9VoZAQ22dzQ2MD2ekEtTReaxbMcz,3oyc6hpjYSJEquK6dSvG72NXyz3pqLZz5D8AC71pwgQb,Di2vordgFJVZ1aj1aBpvzXtLfZgJsuLLXawGtVFwX6Rz,13.048769347000103,15.362829907999867,1773.8937264036429,135.94337360338574,0.7095574905614572,162.30449004010381,1103.968277311,142.675051461,173233.9734375986
HEDSDjj84KS7LKhZY7ejkCACTdPen62rKhCby1wXtgxc,EnnjMSFttpCTywBrYNt1J5QQeoSVkvzPipJDa8Y7kJow,6bjVT6JN2rSvpyn9PdfLYC8wJn4LWh49jpY47fnLDXZk,6.234441950002292,6.342348768001102,6.03925429009806,0.9686920398859179,0.0024157017160392246,0.9999726277492607,39141.656304322,9081.949379654,46997.91167620556
B2izdXFYb2sNwbWWHmh75T4aQFtfXsUxem9u2p61HGzf,4DYwgJtxwuJdAjkj5RJSNH4e7U329V5cNp7d3a1nLrZv,EXNW64GEf1ACC6xY9BtKRiunrs6GoJSXBdxWN2eTPmrF,47627.32196100002,47182.044483999955,45599.773626472546,0.9574288821826314,4.559977362647255,1.0,10773.43325,29089.254603,39404.050756816694
NorjjEePhxfwLF4vZjUHCrVVKLzQjEEGQFd3wgjEJmh,34M8pFVqgbV7aqHxvRT5tCv3vu2P1JJYT8J3VaxBK2oG,3AZWBSze3ucsY3xSeuLne3b2pauVqiaJ1SZSV5T9WGWw,1.366917000000285,2.3007490000027246,0.8110707496008394,0.5933577163797584,0.0003244282998403358,1.0,38120.259228,2262.724992,24881.674955330494
vEnkoSUkpnbRrPgBz9DfcVxNz67zjwMYBZraAvDDNSf,DtfyjjsZ5yCjWKLKHvwsfXs5QVsmm1QkK6Sh9JZHoq1g,e5wrKCRv4GhHvEf1VD5Pq2KGaZDXP77nTL612Jyrxwy,1263.909509,1263.9309520000002,1264.1307318780787,1.0001750306303603,0.1264130731878079,0.9981404643149813,963.838534,980.971409,1943.154492925153
heyk4SZTeCUV6a65WiVA5bzic3KcxgVf1qxobfeV4tQ,9ZDpBKPqMABtGfq66FbVribaArMvtk63xxy91onZAtDt,DaTP4s6N7xxSPinbNZ3FB52EpRDRt87QShTuN3VPCW52,96.07686911000167,83.4450943779998,15711.43991503014,163.5298908110919,6.2845759660120555,142.71137338290174,631.482205306,4466.513685405,740688.518360511
SAMyS8Jr2HJrkFwYVKbpUwsNStnQmvz3f8Tup8bWUWF,6jPzm5TFfquvgm25sTyN3MMGBfufRaFHMxobDWv6hMFW,Cj9ECoDmxsHTDzCY5ZA6RWrPbg9uFzEC1Qc2kso2vJG6,3438.751890480009,62.30244260999996,3457.736176026139,1.0055206906897491,1.3830944704104557,0.017676587875515248,423.84730923,111844.36151085,2403.2139237513766
Lid8SLUxQ9RmF7XMqUA8c24RitTwzja8VSKngJxRcUa,4PgzyzLtds9bKZ2to9PMnKqJzKEUpjvNUaeN23phegax,AtymwxoVN9peZo7EXTcDz9jKVc4vRmisJKKrNfe3ewBa,122.10384333199545,103.7091930840013,20535.874140076063,168.18368349176237,2.0535874140076062,142.80450919518236,984.981334304,7679.40541663,1262311.5104065498
C2ypsDADXcCRz8HbV2zX1AXPSja7a1P3xZtRC91xGhJh,J9bYNuDpY1d1T86gLaw7DGk5D3CsUAf2tzUwxMvb6FTv,A2NGvvPrMGzsJ4jb52KEnSBVmsA7C34dV1GC7PerdgvG,0.6881204179999996,0.6898977840000002,98.2132061085916,142.72677214555733,0.039285282443436646,142.144854988794,4.050259059,2.975004191,1000.9619411651219
BerKDkt6v49dT1bHRedgnpsJS263C1DSJtEGvY9Mg35V,78XKqNb8wbfsMMrvo8WPUpdx7GEkfQutpNVH943aCGFa,DKYQwn4nDvFHCszi5tXbqfVMAP7DaXXp1KGTXEnYnKVH,0.0011521480000737938,0.0011521480000737938,0.0011546565642028882,1.0021772933068787,4.6186262568115523e-07,0.9999723837626776,1338.317413093,1742.592913593,3083.7761123725486
HDSBGqAuMRr6X2AfmmbXQPpRgU6VEhtfNVVZ3wUTZXg,DCZ1d8kNLgDcdSd99y4udLgwq46mfDXNS9KXj96kQf5L,Fq8GGYQM5Pz3q7LmVMbrXHJgsxA5ev86kTq8yGgGuYsa,1754.189328073,1784.3691093460002,1745.5482654360367,0.9950740421808085,0.6982193061744146,0.9999713838189094,14003.253548794,13208.567441367,27142.463575090347
MATSnbbiTCv7Dc3trJrkrqjx7ckKdr6fwPoVwv9q3sD,631WX9JizSHJm4w6VanZeJAst9T8DeUUnPLesdGkCVtK,211maUSfpnXbPuW1iBu8b4dtJv5EbN1j7JJiEX5TZKEP,1711.2644259999943,1711.0492520000007,1710.315201063404,0.9994453078541409,0.6841260804253616,0.9996661115187527,22166.194713,23380.252732,45526.34563381325
BSCuChvaSj9b5HUSqgDVRzcnr2sSn7cXaamt1jbKH6hn,GnKpRj5kBVPMJfiwZtEuD9GYApLzPdW5JFuZTcyX4BTc,3dmwD9okkomV9nDwyuh4UMhKdUR13QpuKxRo89ycZB5t,2656.450263611,2651.4055341310013,2655.079753923301,0.9994840823084576,1.0620319015693205,1.000016969287952,1569.960986163,1539.755498006,3108.932642075628
BUSDTd9WiT6uBHJRgNvFXBsA7JrifsAtWzKfioN7ERcy,DyBxrn7gSc1EwnpWhDyhzvMHPtxpmBqRqotapLcKcfTM,Cds99GeBgoCpqBsoRWu1C6fF9LiUMd4pXQQD24s9LPff,2447.75337379,2449.7888741,2457.8771485559587,1.0041359455876404,0.24578771485559586,0.9994093490746968,238.69262244,410.95501167,650.3921228506822
BkwbeSfcX1h4thMDd7obGkHrPevf3QwgzJ4pCEqG18Lu,35yX27bmurdebhfAb8EPmjLETDiUaEUCn9zHaDPbakH2,2CxECn1ZJFoESyUnQysQU8rRgT3iJ5GRs2Mdd6gZjx5g,0.016935209999999756,0.011172120000000008,35.62532343227329,2103.624545091192,0.014250129372909318,1390.8205841446454,0.91365479,22.61924688,33381.30080053768
YAkoNb6HKmSxQN9L8hiBE5tPJRsniSSMzND1boHmZxe,CfWX7o2TswwbxusJ4hCaPobu2jLCb1hfXuXJQjVq3jQF,EnTrdMMpdhugeH6Ban6gYZWXughWxKtVGfCwFn78ZmY3,3751578.382191005,3753498.3461470017,3751578.382191005,1.0,375.15783821910054,0.9986528173493956,1238309.749432,359126.627976,1596952.5682454207
WiiQFxXqp8P9Fs1rt9SVcDyA3KUdJmUsog6wnVQAwba,3S2jpqSYxho6wiz3cafhjXruVY8cg4HYa2v3BqBHYFSj,Dfe67M6TfrG74gKRtdqys4e6E9QirPD53BkF4FujFjuv,12072.932097987998,12118.086356777003,12036.664256403727,0.9969959375825269,1.2036664256403729,0.9999723837626776,21571.482877896,5227.59930829,26734.135738560224
BSC8REUo9LpiiWUuqMuLXs2D2yJsJfGd4HdiF3wCLxk5,AZjEH1zWVx1UJ6udMyRijGTzPteuLnaY18yNNmprJEsh,Caf8ypkSVR8xYnXNhjvfvdGCC7mrM3C11rz8Xi6NA6aK,2717.7678720669996,2709.860298084,2722.021474310109,1.001565108737515,1.0888085897240436,0.9999723857625671,2728.63186133,3621.51889468,6354.321356095004
AUSejoEUCh2DBs9mof6BNC8Pubs22w4cJa1ccV9h44R,4xkyD7AfGQDwsQMy9MosRRNGoVJ1zosNinesxg1TzHG7,Cbm5gsQe3nSiCsFrvepVzMCD9xLK3ri9g3ypS2hdmVJ7,2767.688702999996,2772.957465000005,2765.9019303529885,0.999354417046588,0.27659019303529886,1.0,14612.392513,14262.530333,28865.489334485042
SoNcU2iwHMw6dGzsYNQkYFkUjwN1UdAjrWVRnStrZu2,8ivTTid27jZnYNc4w3CTA1Z6QS2twsFb8WMwUabeDJgc,CyXm53PMvHCbeXJBykU46Rcbo28xk5srhMZFg7gv6EYB,2.004171482999997,1.9871888089999956,337.47146437960015,168.38452559680528,0.13498858575184006,164.06279864556316,21.728869118,28.023925517,8256.488967543333
DEDaBEWzMCXohXYXoLzB4jK1xqMsd3SS9izXp2xvg9pe,GC5zHpW5GuVdw3C7covC6viyGdLS8ZAaVGDKMeru7p78,F8juxtAFueW19vxkdDArUkjVWAv9QV6yy1wCXUWQiXvh,0.01988292000000058,1933.768051629886,0.01988292000000058,1.0,7.953168000000233e-06,0.0,41.90798471,8574720.66863979,41.90798471
KwnjUuZhTMTSGAaavkLEmSyfobY16JNH4poL9oeeEvE,J63v6qEZmQpDqCD8bd4PXu2Pq5ZbyXrFcSa3Xt1HdAPQ,BnKQtTdLw9qPCDgZkWX3sURkBAoKCUYL1yahh6Mw7mRK,281.3805169999555,15470.285509999901,4.965450179488668,0.01764674481527608,0.0004965450179488668,1.0,280160.820755,524.222605,5468.1491161017875
SoN9GaFpSXfpyR5dth3x7PHPVhvJMpQqqDJfCSmPv1t,9kZ9iS68ViMPtoeqtnhAKuF2iqVyfHPdZHoUNdwCELr,BBhm5fJLjw3HRzjtKB8uMEYjGhY6EDm9co3cqpjrSzB9,1.444604407,1.4184532580000013,238.76574831000116,165.28106044328382,0.09550629932400047,164.8503183836624,3.734664504,5.917016613,1592.6913821554804
DFWzVTzNBrQZLjoQ4yQwkj9HuoXmfkuZP9V5vbymZe23,DhgiEgiNdqZdRdo195UUHnoEJUtefK8buko8nU97XJUZ,2K2kkXsouBHtWVjtcgkyiXd8eP3oVBvq1bTJzcVdLLr2,507.8151400149991,588.2573518300042,440.29838047953785,0.8670446108923279,0.17611935219181515,0.9999722167719292,60370.467623556,8414.643460165,60758.2982842606
BUSD5rCfUDpCxKGMvYU2yThChxgHoioK74PTPociGnv2,CcFHbafgYDZ8yA8Me1PdtDiVb2eeaS61LbqyKKK5CsNZ,26R9s4nmF3CFDTkiePDwRmtscn8i7r2eygbSijditJ58,638.83998068,640.1667161899998,638.030218248208,0.9987324487253756,0.06380302182482081,1.0,81.80439682,65.85754152,147.55824707254092
ALBpShJ9NLpE739pcHDF2LNVk5J4VYPvvKuV6jMPitZi,D6d156U1bPiJpDYRLextvDRccgFk7QzkQbJg42ceKEu5,GNcM8U5g8RwTZffwwm3kSQqUNPSwv5d2fbN9sLxPJqt2,1754.419729000001,1750.2168909999964,1759.7994358754722,1.0030663739050276,0.703919774350189,0.998874268699176,41174.426866,59126.176142,100360.29900891529
ercAoEmXjQzEvAFbdjAo81KtMxRGn9AW1ju882upmPH,CMRhskR2Eg6V42RTSdRTXGdozyPbWB8U9dVpijPWb9T4,7TKLLgrWswt6ZJ1pXhVR3FyufHGjJFqiEXxvWJfDcgRm,51.332039803999976,50.386858397000026,7316.542083339981,142.53363223586237,2.9266168333359923,138.68261775645087,316.584033206,918.518929103,172506.481707586
SUiuyGR7SFq3xeRVJonq84fjjeFwRSsFekcevJ53tzy,49GjCCPsv7fBqo6t3iKDrP1xxGDS8uWZbVCdfnp2gjMf,CEwj5xEbbJEjYqM8D6Ai8ByGz1mrh8mkAVsE5fzDSSSx,3.587194999999973,2.947931000000091,0.051463804541368195,0.014346531075497314,2.058552181654728e-05,0.9459449233027856,585.573907,2.351166,10.62502779531799
ALLwa5WNZbvQsRKAqe1jdRGemdYQnW8E5k4msbRFcYtu,CGoM82Hbz7QVqTgvQatYtjvDWBvoUJp5qm21P8iMs9yb,3dxNNww8TivyN5FMy5dCNdi3Zcxv6e4kUfSPxfFwpdNq,0.6761769989999977,0.6746617550000011,2067.882806813657,3058.1974983944465,0.8271531227254629,3051.3853289393387,2.100121463,6.53052777,26349.74283208002
KEN5P7p3asnb23Sw6yAmJRGvijfAzso3RqfyLAQhznt,9zj4aX38Uxf3h6AUjS4EipWS8mwbEofasHAf3a1uKGds,CwQDG1MWunn9cLNwcZLd8YBacweSR7ARo32w4mLua1Yr,29405.91462099913,29407.976836000336,29386.04965143476,0.999324456667293,2.9386049651434765,1.0,1049953.769218,1007528.797466,2056773.277415554
daob129AwBGn9Y5r91uLoWZeYiGzbPmksauMhFZKTze,6VW5GQNyj4LStgmxEHLr5zUfW92vQnmbw8jTnCH7a38F,4VPCCUifPeBA1c7HWK358CHn2nyjm8pdTRk6Ps3KmnMQ,50.01529604899986,44.808572772000005,7197.99071239464,143.91578738917764,2.8791962849578563,142.56521003989832,48.230472969,223.998458735,38875.513811654855
AURHmCnNwiW4uA2Qj1XvEh4iKgRUZYXtiY7FKAapUV5Y,BKWm4TRnTeKwfWXRyuzjRHU7iZDkPuXBX5b5V5jSVfGJ,A5Ww74HVrkj9nPeC7pHKLfgeDMEhBCpW1efQdz3TGLEg,0.0003186529999652521,0.00034281600005670043,0.050897725838702786,159.7277472493684,2.0359090335481116e-05,142.5707589369411,289.889047325,1809.499557634,304285.04970942636
Cob4usZcpHEY7Qt4ZCwj6WVg9S44zvzYV2v9qYF65dTf,NhFM9UXE48PyNAyeyPYA3iXztqKVJwA4bTdLj4ysM8w,6TuFuynuBoeskxyR2cz4wxyidk8dpDK7kAWw3UkjQGx,21.827074000000096,1496.4479179999908,0.31314279542818085,0.014346531075497314,0.00012525711817127234,1.0,65346.921223,251.487067,1188.9887030138443
BUSDgu5JdqP1rndBvXvanbEufS94FNh1w5FJcAj6vawb,Bgzr8cWubt89JQFXndVjtdKmDbGzuPxNhvjH1EhWCwbo,Dxaf8xPBBQsasRKW5Aa4Sw2YrbfGofY9xZueyyF23FBW,10109.589170929998,10061.187949500003,10143.735825966232,1.0033776501160327,4.057494330386493,1.0,5470.32972896,9551.9208516,15040.72744040376
C98Sspw7XqnMsgxea3SLQVdbMDL8pKUc3RE82UvX9eq2,CSqgQJurPCzGxb4Cgwx5R61hWQUiaoUHcShNc8r1cKEL,6S2CR5EnukPhC914XkAns8m5GixjMAoUuZMsS5ubHuWc,18.710158999999976,18.628655000000094,0.0,0.0,0.0,1.0,907.316254,1212.15437,1212.15437
JSoLLrxK5bYdHwTEWYaGgmeycBCNXKDiBCTw5hXGBg7,xG4wXczA7Dk4hccJ61CHKpDHW4NrNfQwgmWgkb9BuF2,BVR6WgfhsRr9Lob4QDnkEAiNGgAbv7ZieKcY9kSg3QYR,1.3949781909999395,1.1957488990000122,231.613800778789,166.03399413202658,0.0926455203115156,142.38783256102172,17.2605073,163.649577962,26167.53967329913
wrmcMSHFi3sWpAEy4rGDvQb3ezh3PhXoV2xNjgLBkKU,8p4mGnARWPBu6P2Gcw4adodLkNDorrXniZMhaY7eJXUn,AyY89zccbsgp9LKFgH4CFZMJmpSgqmPSdTfukhP227rc,0.007054350000003387,0.03777774999999779,1.9843459915621344,281.29395218002816,0.0007937383966248538,3014.2271521581865,27.13660188,0.09051066,7906.18168049294
SRMuKizofcAMicegrfSv7xs9q76tH1w8aAF7oX9FEWu,72Hj2KWntXPfbie4UgKeTPnm1XVkomDfCnRPKbvfTtPi,6aqJQ5wedqpUt4fFEDUqUmXhrdxCu4bEJsQdVPCADLko,0.025111000000379136,0.025111000000379136,0.001132132193887394,0.04508510986700254,4.5285287755495766e-07,0.04540238018345921,17971.450574,3892.899651,986.9917335689535
STK75uPSyBnEhGTTzb1nwmP3n427XoXmfRhXxxhyady,6TYyD5fUmDe6N65avW1Ny2RxzRNobw2RRgKwH9CTzSAU,54zDfk4cx2vGrEajPtodWpArNe5eUurytyxd4X3aZAxK,415.47172426399896,466.7021915979939,59169.87970735177,142.41614110363395,5.916987970735178,157.44344592061668,1759.65657428,314.863519789,300176.69652687205
ionytDfEj1mXodptgrsKEZro7DGsfpzANUfarJdm6Qb,3gkSjY95an9xNFSjCfsay6JZez7uv7yfW3Ad4ubc4fMK,9wXqANaSuEqkKL9yHzCPEDGHwbkStVAqV5rB3QDs3Jr6,0.01766792500000003,0.004637630000000004,14.770240197160325,835.9917872166823,0.00590809607886413,3057.91694697572,3.147444481,0.085477546,2892.6209733357696
KZMu9QBEdL97EFgamLbN5DE1AoKBG4HdrKKJo4Vuon3,DD4ACBWyVqdaKWh7v5btsgqQCCMwbKnuL2xd9pv7Gyuw,GcYqiJ1MAuYbNTNYXm1F1gQYTfTgkErACAhNU5dpVj9T,62.697867309999765,62.372334669999645,63.044002842325206,1.0055206906897491,0.025217601136930085,1.0,2050.09975203,2641.20632277,4702.624041414089
SEQV6QiTpvTzrceiaYg9Avnwf7oc8ZALpnQMz6TyT4A,3dFMPj4r9mMmPHF32mz1gNDX7f8ftidWof7S8YiYTs1j,Fc1ED3YPeQfXQosHbd8DTaBd2AV5gHQtwiSAL5C5pUhi,1128.994372658001,1127.1948720010005,1131.05670979305,1.0018267027586625,0.45242268391722,0.9992076283507179,1456.625983684,4167.598651586,5623.583170955631
RajgMbScQbqqrdJfR2rxfHJiTiY5b6bJ2tTXiF4aPxy,725ZA3fhyBAKb5iopNRrcbSuQa3LXA1656Q3mBvYPxeg,GLA6i1dSZpUfk2f9Nj8uiG7xyDdAR2reff8oEiZH3617,1272.301452249987,1271.3143775200151,1273.1538669585318,1.0006699785707525,0.5092615467834127,1.0,77309.22045812,104077.49884179,181438.51482093852
