0,1,2,3,4,5,6,7,8,9,10,11
vEnkoSUkpnbRrPgBz9DfcVxNz67zjwMYBZraAvDDNSf,DtfyjjsZ5yCjWKLKHvwsfXs5QVsmm1QkK6Sh9JZHoq1g,e5wrKCRv4GhHvEf1VD5Pq2KGaZDXP77nTL612Jyrxwy,2275.3793720000003,2274.8672900000006,2217.90243051325,0.9747396226782922,0.22179024305132497,0.9919040789079533,919.397417,1025.205257,1913.0783674741529
STK75uPSyBnEhGTTzb1nwmP3n427XoXmfRhXxxhyady,6TYyD5fUmDe6N65avW1Ny2RxzRNobw2RRgKwH9CTzSAU,54zDfk4cx2vGrEajPtodWpArNe5eUurytyxd4X3aZAxK,832.0813706720032,934.4539455870074,109027.86538314674,131.03029250023224,10.902786538314675,147.21541310043463,2586.411091553,463.548379692,407139.66806042945
SoN9GaFpSXfpyR5dth3x7PHPVhvJMpQqqDJfCSmPv1t,9kZ9iS68ViMPtoeqtnhAKuF2iqVyfHPdZHoUNdwCELr,BBhm5fJLjw3HRzjtKB8uMEYjGhY6EDm9co3cqpjrSzB9,2.233270461999997,2.191329300000001,344.98181178941036,154.47381661084756,0.13799272471576415,151.6744326504091,3.753197738,5.89650078,1474.1191895132547
HDSBGqAuMRr6X2AfmmbXQPpRgU6VEhtfNVVZ3wUTZXg,DCZ1d8kNLgDcdSd99y4udLgwq46mfDXNS9KXj96kQf5L,Fq8GGYQM5Pz3q7LmVMbrXHJgsxA5ev86kTq8yGgGuYsa,1564.3154435019933,1568.8578332030047,1551.3210109309455,0.9916932146741725,0.6205284043723783,0.990041283632482,23052.541732176,22072.180993783,44713.41962044552
SEQV6QiTpvTzrceiaYg9Avnwf7oc8ZALpnQMz6TyT4A,3dFMPj4r9mMmPHF32mz1gNDX7f8ftidWof7S8YiYTs1j,Fc1ED3YPeQfXQosHbd8DTaBd2AV5gHQtwiSAL5C5pUhi,88.24964447899947,87.92827771400005,88.30583754549819,1.0006367511940752,0.03532233501819928,0.994036773396395,1009.913100718,4614.940659468,5597.976886644196
YAkoNb6HKmSxQN9L8hiBE5tPJRsniSSMzND1boHmZxe,CfWX7o2TswwbxusJ4hCaPobu2jLCb1hfXuXJQjVq3jQF,EnTrdMMpdhugeH6Ban6gYZWXughWxKtVGfCwFn78ZmY3,7581398.842883002,7584113.953837966,7581398.842883002,1.0,758.1398842883002,0.990039215453324,734225.84068,765185.331844,1491789.3262952252
heyk4SZTeCUV6a65WiVA5bzic3KcxgVf1qxobfeV4tQ,9ZDpBKPqMABtGfq66FbVribaArMvtk63xxy91onZAtDt,DaTP4s6N7xxSPinbNZ3FB52EpRDRt87QShTuN3VPCW52,194.06897903299432,168.52622278299998,26478.65215256247,136.43938502948865,10.59146086102499,131.29998672557133,624.888239461,4474.030546028,672699.5184074957
KwnjUuZhTMTSGAaavkLEmSyfobY16JNH4poL9oeeEvE,J63v6qEZmQpDqCD8bd4PXu2Pq5ZbyXrFcSa3Xt1HdAPQ,BnKQtTdLw9qPCDgZkWX3sURkBAoKCUYL1yahh6Mw7mRK,318.12719400002044,13906.989948000613,5.234170078513415,0.01645307341601573,0.0005234170078513416,1.0,281229.518597,505.89355,5132.9834662272015
ercAoEmXjQzEvAFbdjAo81KtMxRGn9AW1ju882upmPH,CMRhskR2Eg6V42RTSdRTXGdozyPbWB8U9dVpijPWb9T4,7TKLLgrWswt6ZJ1pXhVR3FyufHGjJFqiEXxvWJfDcgRm,82.73704885800032,82.1240812879999,10886.238937126283,131.5763504667671,4.354495574850514,129.1609690534193,476.63237464,919.189785297,181436.99178240504
AUSejoEUCh2DBs9mof6BNC8Pubs22w4cJa1ccV9h44R,4xkyD7AfGQDwsQMy9MosRRNGoVJ1zosNinesxg1TzHG7,Cbm5gsQe3nSiCsFrvepVzMCD9xLK3ri9g3ypS2hdmVJ7,777.693412999999,778.2809159999997,777.5262448573546,0.9997850462150637,0.07775262448573547,1.0,14526.523846,14347.894694,28871.296008717334
NorjjEePhxfwLF4vZjUHCrVVKLzQjEEGQFd3wgjEJmh,34M8pFVqgbV7aqHxvRT5tCv3vu2P1JJYT8J3VaxBK2oG,3AZWBSze3ucsY3xSeuLne3b2pauVqiaJ1SZSV5T9WGWw,0.009886999999707768,0.0010489999999663269,0.005862781153300886,0.5929787755106881,2.3451124613203546e-06,1.0,38120.278942,2260.709638,24865.225967153026
BUSDgu5JdqP1rndBvXvanbEufS94FNh1w5FJcAj6vawb,Bgzr8cWubt89JQFXndVjtdKmDbGzuPxNhvjH1EhWCwbo,Dxaf8xPBBQsasRKW5Aa4Sw2YrbfGofY9xZueyyF23FBW,15040.59927146001,14976.241347700005,15109.965193070448,1.004611912089305,6.043986077228179,1.0,5364.29611096,9651.54797847,15040.583751514747
FrnkTEL6yZ5Aycq2TrEgu29dCrwKG4LPUZydfiwqspkc,DjvZuMZ46fxKBoBpGMPcRcos4xdTtHFxwMh69DpA2ZFY,9rvDPJLAng4uVVqnnSoEXgNDFhBZQTny9AoQioYDZbQX,36.49493951599811,30.56018328400023,5640.850788545432,154.56528667687417,2.2563403154181727,132.6774467976706,175.276448495,1440.630200077,218230.79123516774
ALLwa5WNZbvQsRKAqe1jdRGemdYQnW8E5k4msbRFcYtu,CGoM82Hbz7QVqTgvQatYtjvDWBvoUJp5qm21P8iMs9yb,3dxNNww8TivyN5FMy5dCNdi3Zcxv6e4kUfSPxfFwpdNq,1.402872818999998,1.4002658889999995,4073.145633238482,2903.431856454329,1.6292582532953928,2946.375957572186,2.028521522,6.601889775,25341.32331607967
MATgk4zXLXtYkwBH678J1xZbRDZ45LicNzkRBHkxTuY,y8dALFo1bJrSzPYjMX14HJX448pXqYmrfXHD1K8MXih,GN7Yuet3UyiWS5YVkEHv6oQKi4HGBJc3XDPt9zQhAqZz,5414.367680999997,5402.153477999998,5420.313765200422,1.0010982047305894,2.1681255060801687,1.0,4514.779101,5548.720686,10068.457938766285
CZgvH45CRmoaNJ7395Ao5CQZXkGznvqU7cErD6n7FaRg,4ZjU6MKvtqVQKCiowhvZ5yUsPxXX5SCzd5eFsPeXyey5,BsyWeshjDbCvjDojry3vKDCesmFRM37WtwcR4Kfgzqr,123.0051378799999,112.09111634999996,129.7670469484105,1.0549725741944804,0.0519068187793642,0.9998231712739284,241.37528389,945.18043746,1199.657606999693
SAMyS8Jr2HJrkFwYVKbpUwsNStnQmvz3f8Tup8bWUWF,6jPzm5TFfquvgm25sTyN3MMGBfufRaFHMxobDWv6hMFW,Cj9ECoDmxsHTDzCY5ZA6RWrPbg9uFzEC1Qc2kso2vJG6,4110.3371423700155,69.94224366999993,4131.84679304217,1.0052330623808032,1.6527387172168682,0.016679055312984643,407.46432481,112802.80222215,2291.0407887625897
B2izdXFYb2sNwbWWHmh75T4aQFtfXsUxem9u2p61HGzf,4DYwgJtxwuJdAjkj5RJSNH4e7U329V5cNp7d3a1nLrZv,EXNW64GEf1ACC6xY9BtKRiunrs6GoJSXBdxWN2eTPmrF,157530.84614199985,156320.93326199986,153406.36267511666,0.973817931104329,15.340636267511668,1.0,12530.118396,27309.16048,39511.21445288501
KEVpg4SYCVrqFxKijQH6hm4QxsRdoE51ud64bEEFUC9,2bPenuBYfqzD8p5dFjCcggwkHDsc2RQDnx9AoyYGUBjA,AE6n6iLuX8oYu61vt5hoDYkjswpnxFxrhSehxrnQTnbx,1287.6032825389993,1287.4736250749997,1286.380789851076,0.9990505672791448,0.5145523159404305,0.9992509704657976,3354.212267727,4277.154542403,7624.978496175718
DA1mL7dfBow33EH5yjUuZE6SH2KeUK5zEXzsyhE5r5j5,B4UtLRZND3D83CitRCBUyeiNr7H8m7YFRqBmiPmXjhW4,AAmpYbuixWiSqDaJBCqYEs1pb5SrbdPr9mgXrB58Q2e,0.0010685140000532556,0.0010685140000532556,0.0012934967462001252,1.21055666667508,5.173986984800502e-07,0.9992509704657976,167.457062883,2970.78485539,3171.2759136483955
moFiBS1R4Lf3E3zzmBPnw3NF4RhWPkhREFviuzUaCAU,44ALBrpqi9PfZkBRTvbtRNtFJGsatfY4QydjtMbFWq8S,2ho8qEEie1UjVwWNBo9y4oAJZMyMLx8zPj9bxyUz6uWs,2687.946057590001,2686.443852909997,2688.6837221673313,1.0002744342935184,1.0754734888669324,0.9992509714643,31473.738895524,35640.288334524,67095.96911036303
BUSDTd9WiT6uBHJRgNvFXBsA7JrifsAtWzKfioN7ERcy,DyBxrn7gSc1EwnpWhDyhzvMHPtxpmBqRqotapLcKcfTM,Cds99GeBgoCpqBsoRWu1C6fF9LiUMd4pXQQD24s9LPff,11126.254844220004,11165.805986030007,11057.976593683941,0.9938633213518804,1.1057976593683942,0.9953120801027162,373.23372817,275.91966181,645.5694852569302
BSCuChvaSj9b5HUSqgDVRzcnr2sSn7cXaamt1jbKH6hn,GnKpRj5kBVPMJfiwZtEuD9GYApLzPdW5JFuZTcyX4BTc,3dmwD9okkomV9nDwyuh4UMhKdUR13QpuKxRo89ycZB5t,433.901951842,433.7392819730003,433.89309868721443,0.9999795964163147,0.17355723947488577,0.9912541645065586,1506.700504957,1601.914714872,3094.574395168365
HuonfMR5ivyhX5BZBw2Lr3XuNPSTVrSmZMWgBZrMQJU2,E7L8CZxreEeNwM1V8DLxa8AZQKu6oday6RvXxRo27CHi,48UJw19Ra8y5Kv989DsXPrfUHeUWUbHvXZmdPBbGuHdz,420.6088355,1943.4149185,4.223813617568057,0.010042141916840587,0.001689525447027223,1.0,4804.38711906,11.28525165,59.53158892304142
AURHmCnNwiW4uA2Qj1XvEh4iKgRUZYXtiY7FKAapUV5Y,BKWm4TRnTeKwfWXRyuzjRHU7iZDkPuXBX5b5V5jSVfGJ,A5Ww74HVrkj9nPeC7pHKLfgeDMEhBCpW1efQdz3TGLEg,0.12937956599989775,0.11542223800006468,18.93982391670925,146.38960774319045,0.007575929566683701,133.14136124260298,289.883559024,1809.505706911,283355.9934911125
SoNcU2iwHMw6dGzsYNQkYFkUjwN1UdAjrWVRnStrZu2,8ivTTid27jZnYNc4w3CTA1Z6QS2twsFb8WMwUabeDJgc,CyXm53PMvHCbeXJBykU46Rcbo28xk5srhMZFg7gv6EYB,3.4642465560000026,3.439127793000008,545.4430962588168,157.44927141924143,0.21817723850352672,153.90077678339065,21.896328965,27.850928292,7733.840540572593
KEnkcdADoLR5jS2CLLLesy8TtFsyWL37BhXNfDMzWzP,3qsjFRuw1qeLMPo4DLwaQevenGAGBj9dA3Q6rb8ax2YR,77iEv8zPQAEyCcEbvBRSB6AFcUdfkhiqnAKtPxk76rNN,5.744339000000002,3.9237119999999903,0.07828312826812604,0.013627874028347912,3.1313251307250424e-05,0.9949991343507532,105.542674,0.460624,1.8966427471481717
BSC8REUo9LpiiWUuqMuLXs2D2yJsJfGd4HdiF3wCLxk5,AZjEH1zWVx1UJ6udMyRijGTzPteuLnaY18yNNmprJEsh,Caf8ypkSVR8xYnXNhjvfvdGCC7mrM3C11rz8Xi6NA6aK,630.5274707719996,629.4553146539997,631.6367094731535,1.0017592234320827,0.2526546837892614,0.9984203572191885,2565.454619137,3783.942406481,6347.932956192526
GokA1R67GqSavkd15zR62QD68Tuc5AEfvjssntVDEbM8,3YB7hfpBdbQEuZqLGWVDpRPmeZWCUsrrWyqGXegnQ6Cg,4DPCj6Z1DsG6HUtwSogBGqXEUxdEV5a8YVrrFtcnz7UW,23852.578298000022,23846.149533000003,23857.421354534992,1.000203041217367,2.385742135453499,1.0,20403.786158,27014.293557,47422.222524580415
7oAd7xG4m3oC2qeWB1szghTebAZyyGPAFDJ4wwwbRSNi,D9yh4KAysxt9GLacVe4Wwh2XqghhcjTCSTV9HuM7TBJd,HDYfJLpZKaMFb84jM4mRytn7XLR8UFZUnQpSfhJJaNEy,0.0,0.004326411999954871,0.0,0.9992509764568125,0.0,0.02284612957411297,957.622614217,300037.026752135,7811.590122544339
KZMu9QBEdL97EFgamLbN5DE1AoKBG4HdrKKJo4Vuon3,DD4ACBWyVqdaKWh7v5btsgqQCCMwbKnuL2xd9pv7Gyuw,GcYqiJ1MAuYbNTNYXm1F1gQYTfTgkErACAhNU5dpVj9T,70.28548525000042,69.94618597999943,70.65617296962132,1.005274029457183,0.02826246918784853,1.0,2063.42847535,2627.61295709,4701.924015001786
daob129AwBGn9Y5r91uLoWZeYiGzbPmksauMhFZKTze,6VW5GQNyj4LStgmxEHLr5zUfW92vQnmbw8jTnCH7a38F,4VPCCUifPeBA1c7HWK358CHn2nyjm8pdTRk6Ps3KmnMQ,25.1713406209999,22.528383332999923,3708.786426682494,147.3416327928253,1.4835145706729977,133.255387815154,47.429068629,224.870121911,36953.43171693109
BUSD5rCfUDpCxKGMvYU2yThChxgHoioK74PTPociGnv2,CcFHbafgYDZ8yA8Me1PdtDiVb2eeaS61LbqyKKK5CsNZ,26R9s4nmF3CFDTkiePDwRmtscn8i7r2eygbSijditJ58,804.0454099599997,806.6215382400001,801.0532597504516,0.9962786303205227,0.08010532597504516,1.0,92.99724663,54.59617142,147.24734091611626
Sid7E679i9ABqptiAVhkmQ27YHN8vaYT4fppPwmxFsJ,GP7KB8o1bv527HG8kTzzzf4wJ5aEGHvcMQvVhLziUfmT,9gYxhAZ1M9wu5pxr8SBoa5NDm21gi3s9vMHaYTME77sa,1801.7396640000043,2210.506475000002,24.553881172869954,0.013627874028347912,0.009821552469147982,0.01662599477275399,103555.210317,27801.203948,1873.4600326948657
MATSnbbiTCv7Dc3trJrkrqjx7ckKdr6fwPoVwv9q3sD,631WX9JizSHJm4w6VanZeJAst9T8DeUUnPLesdGkCVtK,211maUSfpnXbPuW1iBu8b4dtJv5EbN1j7JJiEX5TZKEP,1157.0000849999924,1156.6871359999896,1149.6972083326634,0.9936880932317917,0.45987888333306537,0.9963235660413076,21136.816651,24409.218466,45322.88262124863
BSCNHw8CmxbZ8hCWWzMf5FaG2ajPT6JxfznKUNuRVrn4,7n9kgNL633yGzCYksgnzHyjG73ZLBAwvEae5sbAekbzW,SscdxE99omdG9AiMVwmaEMQySQnCgeAh1sPj2Leutm2,612.4582711459998,611.6320510249998,613.1376282512398,1.0011092300279802,0.24525505130049594,0.9992514587337598,5216.58161958,6473.643664384,11691.16588351412
SERgf3DMJpQxUifu7VoFKmfne73d2fDJxSrxUMrcNJB,AJfM2GZ2tTB8UtN2krcyR9xufRJEx2mhSCbJyMgPo3GU,F4yRYkufQvERZcEKnKjJwRLU1btiMBUuEwq46hfm11QD,8.580799999791111e-05,8.580799999791111e-05,0.011331510600169549,132.05657514969934,4.53260424006782e-06,133.61758247044213,29.284890014,27.959805474,7603.183892664185
Lee1XZJfJ9Hm2K1qTyeCz1LXNc1YBZaKZszvNY4KCDw,9DgFSWkPDGijNKcLGbr3p5xoJbHsPgXUTr6QvGBJ5vGN,2hNHZg7XBhuhHVZ3JDEi4buq2fPQwuWBdQ9xkH7t1GQX,2811.7879114919997,2378.195474281996,443648.7197578997,157.7817153081398,44.364871975789974,133.43447666664665,7138.135539733,56482.298167874,8662953.166520828
RoBgmK8CvjdHvPrqdDyVw54VwjZv2TqJ493xnqJAQHx,ExiHJxM7qPAcy27NDHAF6G7vnW7muNHi2sVJpnaNynGQ,6rkPHSqZb7StM4HwS9EuVrmfkV7tRdc7dnsFhyB6cefE,0.5634380000000014,40.633012000000235,0.0,0.0,0.0,0.9287638153617536,6434.0409,16.388754,15.2212816940652
C98Sspw7XqnMsgxea3SLQVdbMDL8pKUc3RE82UvX9eq2,CSqgQJurPCzGxb4Cgwx5R61hWQUiaoUHcShNc8r1cKEL,6S2CR5EnukPhC914XkAns8m5GixjMAoUuZMsS5ubHuWc,94.93079899999918,92.32166199999972,0.0,0.0,0.0,1.0,972.527901,3876.920721,3876.920721
MAR3XM1n9xWPQ3HJjAcC85o8DopWFP5p2WxGTaZ3fPB,6qG7GUhER8Cg9gDEgnebph9LdS6eu2eoWcA4R7z9uizK,4QV4CwRXVMY227KkFF9voNAfwWHVvVajXSXDKbUHkWZR,0.029129000000000002,1.3264529999999972,0.02705396117767252,0.9287638153617536,1.082158447106901e-05,0.01665427061547639,0.095142,25.10984,0.5065505173924616
WiiQFxXqp8P9Fs1rt9SVcDyA3KUdJmUsog6wnVQAwba,3S2jpqSYxho6wiz3cafhjXruVY8cg4HYa2v3BqBHYFSj,Dfe67M6TfrG74gKRtdqys4e6E9QirPD53BkF4FujFjuv,13231.409398494,13224.121246748997,13246.174206835123,1.0011158908243596,1.3246174206835126,0.9992519849453695,6715.208549915,20077.389318157,26785.07311820885
BSCrK1Nx9PXU9mF7STWWBqeHLxmtJDr9h7jheEy4tAWX,FfSySSbVJPvEo5a5AvrP3nySoXpRE2QPn1uUMpJJ1x7v,HL7Vcj6838ZmvBHDbQxXfjBNckNi83WvPiZQoMQLFeRM,0.256900605,0.25643247199999997,759.7148192835217,2957.2325035338927,0.30388592771340867,2930.3170603059248,0.84610637,0.957982003,5309.324265668016
ALBpShJ9NLpE739pcHDF2LNVk5J4VYPvvKuV6jMPitZi,D6d156U1bPiJpDYRLextvDRccgFk7QzkQbJg42ceKEu5,GNcM8U5g8RwTZffwwm3kSQqUNPSwv5d2fbN9sLxPJqt2,1797.788854000013,1794.6993790000051,1792.919285221352,0.99729135667527,0.7171677140885409,0.9924169421450695,43366.717533,56927.070937,99744.64222761178
SRMuKizofcAMicegrfSv7xs9q76tH1w8aAF7oX9FEWu,72Hj2KWntXPfbie4UgKeTPnm1XVkomDfCnRPKbvfTtPi,6aqJQ5wedqpUt4fFEDUqUmXhrdxCu4bEJsQdVPCADLko,0.025744999999915308,0.025744999999915308,0.0010627635675284723,0.04128038716379757,4.2510542701138895e-07,0.041136771909475574,17971.450574,3892.87454,902.0087296139566
wrmcMSHFi3sWpAEy4rGDvQb3ezh3PhXoV2xNjgLBkKU,8p4mGnARWPBu6P2Gcw4adodLkNDorrXniZMhaY7eJXUn,AyY89zccbsgp9LKFgH4CFZMJmpSgqmPSdTfukhP227rc,0.007029999999998426,0.08041408000000726,1.8071979434443255,257.0694087403599,0.0007228791773777303,2944.2939583087978,27.16121552,0.08829065,7242.271241766044
HEDSDjj84KS7LKhZY7ejkCACTdPen62rKhCby1wXtgxc,EnnjMSFttpCTywBrYNt1J5QQeoSVkvzPipJDa8Y7kJow,6bjVT6JN2rSvpyn9PdfLYC8wJn4LWh49jpY47fnLDXZk,23.254888250001386,23.9273849889978,22.491213381551308,0.9671606734790466,0.008996485352620523,0.9992418522241551,39149.12685904,9074.70789702,46931.32382651719
KEN5P7p3asnb23Sw6yAmJRGvijfAzso3RqfyLAQhznt,9zj4aX38Uxf3h6AUjS4EipWS8mwbEofasHAf3a1uKGds,CwQDG1MWunn9cLNwcZLd8YBacweSR7ARo32w4mLua1Yr,281275.0940459997,281305.6034100001,280889.4328546902,0.9986288825442666,28.088943285469018,1.0,1036170.431196,997047.320083,2031797.0399136725
KysFMBBoavfov2tLpvefWW6tPFt6rAeZWDJVy1mMQae,B8ka2V21TH3x64dFV8ETcjuQcwmrciJ2qzy1mJUttRew,7fSf7EYxBANyxzk2s5pymFgshA91tFYQNKKs5UnLWcYS,40.63301199997659,31.004997000000003,0.0,0.0,0.0,0.016679055312984643,134345.761246,2730.218324,45.53746244252023
DFWzVTzNBrQZLjoQ4yQwkj9HuoXmfkuZP9V5vbymZe23,DhgiEgiNdqZdRdo195UUHnoEJUtefK8buko8nU97XJUZ,2K2kkXsouBHtWVjtcgkyiXd8eP3oVBvq1bTJzcVdLLr2,946.807588079997,804.4634409149976,814.812586913289,0.8605894134896228,0.3259250347653156,0.9992418532226391,60607.054591862,8209.947886982,60361.51310599325
parEAJhzYzHW87y9VoZAQ22dzQ2MD2ekEtTReaxbMcz,3oyc6hpjYSJEquK6dSvG72NXyz3pqLZz5D8AC71pwgQb,Di2vordgFJVZ1aj1aBpvzXtLfZgJsuLLXawGtVFwX6Rz,21.068976653000306,24.68575580099889,2700.957976847077,128.19597369777568,1.080383190738831,152.84111768429813,1104.626461685,142.10608778,163328.31811407546
BkMBnJpvHKtWhUvrgRrLesXfi9RUV3ELgdBaJcdH7hcY,5uerVwBnZQsuVhZ15igs7ZgmcqhHnYWbwoRtLyRqLvR,9YWiQh5d4jCtgMdzcGLv9bWgnLaFtzvDDh2nnhJdzhBX,0.001032548000011957,0.001032548000011957,0.0010355902213017782,1.0029463243256354,4.142360885207113e-07,0.9992418542211235,1114.122438073,1759.334052029,2875.4052244578515
Lid8SLUxQ9RmF7XMqUA8c24RitTwzja8VSKngJxRcUa,4PgzyzLtds9bKZ2to9PMnKqJzKEUpjvNUaeN23phegax,AtymwxoVN9peZo7EXTcDz9jKVc4vRmisJKKrNfe3ewBa,408.5763844459907,346.9701751200013,64678.03475149213,158.30096210575738,6.467803475149214,134.00083616521766,985.120489984,7679.20646179,1184965.608319765
RajgMbScQbqqrdJfR2rxfHJiTiY5b6bJ2tTXiF4aPxy,725ZA3fhyBAKb5iopNRrcbSuQa3LXA1656Q3mBvYPxeg,GLA6i1dSZpUfk2f9Nj8uiG7xyDdAR2reff8oEiZH3617,2209.3856719199975,2209.0878843399696,2210.5835650480617,1.0005421838039816,0.8842334260192246,1.0,78665.1100666,102720.5399953,181428.30101051653
C2ypsDADXcCRz8HbV2zX1AXPSja7a1P3xZtRC91xGhJh,J9bYNuDpY1d1T86gLaw7DGk5D3CsUAf2tzUwxMvb6FTv,A2NGvvPrMGzsJ4jb52KEnSBVmsA7C34dV1GC7PerdgvG,0.16930122000000036,0.16982439399999993,22.744262958863594,134.34199091337643,0.009097705183545437,130.57053054462534,4.081006611,2.944081919,932.6608911830599
BerKDkt6v49dT1bHRedgnpsJS263C1DSJtEGvY9Mg35V,78XKqNb8wbfsMMrvo8WPUpdx7GEkfQutpNVH943aCGFa,DKYQwn4nDvFHCszi5tXbqfVMAP7DaXXp1KGTXEnYnKVH,0.0010598310000204947,0.0010598310000204947,0.0010757501224525673,1.0150204347974014,4.3030004898102694e-07,0.9977457053263342,1338.317413093,4791.36099259,6138.979375559385
Cob4usZcpHEY7Qt4ZCwj6WVg9S44zvzYV2v9qYF65dTf,NhFM9UXE48PyNAyeyPYA3iXztqKVJwA4bTdLj4ysM8w,6TuFuynuBoeskxyR2cz4wxyidk8dpDK7kAWw3UkjQGx,128.2124490000018,2122.7532509999774,1.747263103838006,0.013627874028347912,0.0006989052415352024,1.0,65921.66015,243.464501,1141.8365812637626
MARpDPs5A7XiyCWPNH8GsMWPLxmwNn9SBmKvPa9LzgA,6YjT74rmcfCpw8LSjPNx5JTmZoYLGrTKnf9arfSgZ4SR,F8GSmi3vA8M8TsybLya1LQ4n1aFHCRbZ6k437PeTdXtg,29838.274778000006,31584.059416999695,26812.606228180928,0.8985977382294928,10.725042491272372,1.0,320550.170791,14770.798741,302816.4572028703
7dwD9TF6uikvHXxPFK9AsSim54yJoujQjY9vU6gNFumk,CquVr6atkvwueDYficKjn6SSEWq4F4rH4VSiBbW4GBWU,8BCa6ge3b7ho3TfZuM64Vk1hgbrJ3J7EPiAb9uP86CGd,4.348999999999976e-05,4.366400000000055e-05,0.006876230693507909,158.11061608434,2.7504922774031636e-06,158.3880907361023,0.003949481,0.003558723,1.1881142155520497
BkwbeSfcX1h4thMDd7obGkHrPevf3QwgzJ4pCEqG18Lu,35yX27bmurdebhfAb8EPmjLETDiUaEUCn9zHaDPbakH2,2CxECn1ZJFoESyUnQysQU8rRgT3iJ5GRs2Mdd6gZjx5g,0.0023829400000003886,0.001565689999999953,3.93529635195678,1651.44584083365,0.001574118540782712,1084.5986984815618,0.9046278,22.63293009,26041.59033625067
JSoLLrxK5bYdHwTEWYaGgmeycBCNXKDiBCTw5hXGBg7,xG4wXczA7Dk4hccJ61CHKpDHW4NrNfQwgmWgkb9BuF2,BVR6WgfhsRr9Lob4QDnkEAiNGgAbv7ZieKcY9kSg3QYR,2.294143404000039,1.9577714509999993,356.52392624861267,155.40612048356792,0.14260957049944506,133.58409740097443,17.186666936,163.734181722,24543.196111587466
