0,1,2,3,4,5,6,7,8,9,10,11
SoN9GaFpSXfpyR5dth3x7PHPVhvJMpQqqDJfCSmPv1t,9kZ9iS68ViMPtoeqtnhAKuF2iqVyfHPdZHoUNdwCELr,BBhm5fJLjw3HRzjtKB8uMEYjGhY6EDm9co3cqpjrSzB9,0.33319258699999876,0.3268690719999996,60.18190203967339,180.6219717597547,0.024072760815869353,183.86855016706298,3.637304244,6.01757924,1763.4206348156208
DFWzVTzNBrQZLjoQ4yQwkj9HuoXmfkuZP9V5vbymZe23,DhgiEgiNdqZdRdo195UUHnoEJUtefK8buko8nU97XJUZ,2K2kkXsouBHtWVjtcgkyiXd8eP3oVBvq1bTJzcVdLLr2,1205.9756016640004,1331.3393247720087,1098.5176594877241,0.910895426053391,0.4394070637950897,0.9998549480431225,58039.550344365,10492.504817899,63358.94379842021
BSCNHw8CmxbZ8hCWWzMf5FaG2ajPT6JxfznKUNuRVrn4,7n9kgNL633yGzCYksgnzHyjG73ZLBAwvEae5sbAekbzW,SscdxE99omdG9AiMVwmaEMQySQnCgeAh1sPj2Leutm2,32.4179200690005,32.292880790999334,32.558443450478286,1.004334743906416,0.013023377380191315,0.9998549490428325,4337.568168722,7360.67462338,11715.977366390513
KysFMBBoavfov2tLpvefWW6tPFt6rAeZWDJVy1mMQae,B8ka2V21TH3x64dFV8ETcjuQcwmrciJ2qzy1mJUttRew,7fSf7EYxBANyxzk2s5pymFgshA91tFYQNKKs5UnLWcYS,10.865540999999666,14.441882999992231,0.0,0.0,0.0,0.020165020851438162,134471.032846,2635.307443,53.14102953804519
YakoMPuYrybnr9R7VC7hVGxMz94fJvPFCdZ4gmW61Ed,,,0.032194999999999974,0.032246999999999915,0.0,0.0,0.0,0.020165020851438162,134471.032846,2635.307443,53.14102953804519
daob129AwBGn9Y5r91uLoWZeYiGzbPmksauMhFZKTze,6VW5GQNyj4LStgmxEHLr5zUfW92vQnmbw8jTnCH7a38F,4VPCCUifPeBA1c7HWK358CHn2nyjm8pdTRk6Ps3KmnMQ,20.674285970999875,18.50391142700002,3640.0697880499247,176.0674972357403,1.45602791521997,157.76439024220934,47.066754691,225.332434141,43836.35977550057
Lee1XZJfJ9Hm2K1qTyeCz1LXNc1YBZaKZszvNY4KCDw,9DgFSWkPDGijNKcLGbr3p5xoJbHsPgXUTr6QvGBJ5vGN,2hNHZg7XBhuhHVZ3JDEi4buq2fPQwuWBdQ9xkH7t1GQX,795.3947453481596,672.2402394109895,148183.4359386813,186.30175369566788,14.818343593868132,157.46980044167128,6930.877257989,54970.685948898,9947457.534327524
Dg3mAgpwDfVNnbGWcsxL8sUcSkEbjSJQhKAWNigG44Ju,EATxwd8YA2wV93VJcKMmH2Kn2Y9XfJVUB9hHVu3udwEy,GiGvrRi7NMHfHKanG2B8xyCEqe8jaafWins8bhrLVEaa,0.02309060600000004,0.023126019999999997,4.3351885851416085,187.7468519077239,0.0017340754340566436,186.2809657177825,0.197638876,0.261934611,85.8995090755727
YAkoNb6HKmSxQN9L8hiBE5tPJRsniSSMzND1boHmZxe,CfWX7o2TswwbxusJ4hCaPobu2jLCb1hfXuXJQjVq3jQF,EnTrdMMpdhugeH6Ban6gYZWXughWxKtVGfCwFn78ZmY3,5951784.189553999,5953937.740856999,5951784.189553999,1.0,595.1784189553999,1.0,1062431.145758,335446.879875,1397878.0256329998
FrnkTEL6yZ5Aycq2TrEgu29dCrwKG4LPUZydfiwqspkc,DjvZuMZ46fxKBoBpGMPcRcos4xdTtHFxwMh69DpA2ZFY,9rvDPJLAng4uVVqnnSoEXgNDFhBZQTny9AoQioYDZbQX,60.02793865799936,50.193912419999975,10954.023393838193,182.48208482132267,4.381609357535278,157.9137197334669,175.202770909,1440.784390863,259490.9893970405
NorjjEePhxfwLF4vZjUHCrVVKLzQjEEGQFd3wgjEJmh,34M8pFVqgbV7aqHxvRT5tCv3vu2P1JJYT8J3VaxBK2oG,3AZWBSze3ucsY3xSeuLne3b2pauVqiaJ1SZSV5T9WGWw,0.001243000000158645,0.001243000000158645,0.0007364551210640058,0.5924819959533479,2.945820484256023e-07,1.0,38124.371737,2258.308633,24846.31249420517
2jQoGQRixdcfuRPt9Zui7pk6ivnrQv79mf8h13Tyoa9K,,,8.168500000000018e-05,9.735700000000017e-05,0.0,0.0,0.0,1.0,38124.371737,2258.308633,2258.308633
RajgMbScQbqqrdJfR2rxfHJiTiY5b6bJ2tTXiF4aPxy,725ZA3fhyBAKb5iopNRrcbSuQa3LXA1656Q3mBvYPxeg,GLA6i1dSZpUfk2f9Nj8uiG7xyDdAR2reff8oEiZH3617,1753.9028803499968,1753.4615401699994,1754.6516428455484,1.000426912176233,0.7018606571382194,1.0,71498.95109007,109895.93443737,181425.40930024826
BkMBnJpvHKtWhUvrgRrLesXfi9RUV3ELgdBaJcdH7hcY,5uerVwBnZQsuVhZ15igs7ZgmcqhHnYWbwoRtLyRqLvR,9YWiQh5d4jCtgMdzcGLv9bWgnLaFtzvDDh2nnhJdzhBX,10.280839572000104,10.247164445999942,10.318489190389005,1.0036621151536533,0.004127395676155602,0.9998559487537511,1117.77178196,1755.680333903,2877.2926169039283
4Fss9Dy3vAUBuQ4SyEZz4vcLxeQqoFLZjdXhEUr3wqz3,,,5.4570000000000096e-05,6.413899999999995e-05,0.0,0.0,0.0,0.9998559487537511,1117.77178196,1755.680333903,1755.4274259628864
BSC8REUo9LpiiWUuqMuLXs2D2yJsJfGd4HdiF3wCLxk5,AZjEH1zWVx1UJ6udMyRijGTzPteuLnaY18yNNmprJEsh,Caf8ypkSVR8xYnXNhjvfvdGCC7mrM3C11rz8Xi6NA6aK,180.26210618100004,180.28094849599984,180.3681144740242,1.0005880786332193,0.07214724578960968,0.9998549500425424,3105.104115118,3245.052251824,6351.511717634948
ercAoEmXjQzEvAFbdjAo81KtMxRGn9AW1ju882upmPH,CMRhskR2Eg6V42RTSdRTXGdozyPbWB8U9dVpijPWb9T4,7TKLLgrWswt6ZJ1pXhVR3FyufHGjJFqiEXxvWJfDcgRm,44.74613128799996,44.650604810999994,7069.033107736633,157.98087799452753,2.8276132430946532,152.7432068986164,317.511111465,884.91832688,185325.94725326827
MATSnbbiTCv7Dc3trJrkrqjx7ckKdr6fwPoVwv9q3sD,631WX9JizSHJm4w6VanZeJAst9T8DeUUnPLesdGkCVtK,211maUSfpnXbPuW1iBu8b4dtJv5EbN1j7JJiEX5TZKEP,1344.45204800001,1344.2812729999896,1340.0539908021972,0.9967287362875044,0.536021596320879,0.9959623685578665,22060.158849,23487.411302,45380.572043498105
7oAd7xG4m3oC2qeWB1szghTebAZyyGPAFDJ4wwwbRSNi,D9yh4KAysxt9GLacVe4Wwh2XqghhcjTCSTV9HuM7TBJd,HDYfJLpZKaMFb84jM4mRytn7XLR8UFZUnQpSfhJJaNEy,6.891136422999921,301.2480248369975,6.88945467266705,0.999755954572709,0.00275578186906682,0.022772700710578776,955.422501512,300133.903846281,7790.04890040836
RoBgmK8CvjdHvPrqdDyVw54VwjZv2TqJ493xnqJAQHx,ExiHJxM7qPAcy27NDHAF6G7vnW7muNHi2sVJpnaNynGQ,6rkPHSqZb7StM4HwS9EuVrmfkV7tRdc7dnsFhyB6cefE,14.441883000000416,0.23047800000000151,0.0,0.0,0.0,0.9375208012427776,6308.7693,18.236733,17.097316534210606
Cob4usZcpHEY7Qt4ZCwj6WVg9S44zvzYV2v9qYF65dTf,NhFM9UXE48PyNAyeyPYA3iXztqKVJwA4bTdLj4ysM8w,6TuFuynuBoeskxyR2cz4wxyidk8dpDK7kAWw3UkjQGx,113.45906400001283,555.5717309999891,1.046265193897592,0.009221521463437013,0.0004185060775590368,1.0,70773.162967,190.297338,842.933579335516
Sid7E679i9ABqptiAVhkmQ27YHN8vaYT4fppPwmxFsJ,GP7KB8o1bv527HG8kTzzzf4wJ5aEGHvcMQvVhLziUfmT,9gYxhAZ1M9wu5pxr8SBoa5NDm21gi3s9vMHaYTME77sa,561.1063190000004,1235.5728590000217,5.174253963928639,0.009221521463437013,0.0020697015855714557,0.020377819029276097,128133.262515,11727.152959,1420.5574311894234
MATgk4zXLXtYkwBH678J1xZbRDZ45LicNzkRBHkxTuY,y8dALFo1bJrSzPYjMX14HJX448pXqYmrfXHD1K8MXih,GN7Yuet3UyiWS5YVkEHv6oQKi4HGBJc3XDPt9zQhAqZz,640.0622319999993,637.7919679999995,642.2671350747108,1.00344482608796,0.25690685402988434,1.0,3264.911657,6806.738659,10082.897368850918
HEDSDjj84KS7LKhZY7ejkCACTdPen62rKhCby1wXtgxc,EnnjMSFttpCTywBrYNt1J5QQeoSVkvzPipJDa8Y7kJow,6bjVT6JN2rSvpyn9PdfLYC8wJn4LWh49jpY47fnLDXZk,1.5800347280001006,1.630770029993073,1.5308465109128981,0.9688689012870866,0.0006123386043651593,0.9998549520419622,39116.482385287,9106.359876837,47003.782328780406
SoNcU2iwHMw6dGzsYNQkYFkUjwN1UdAjrWVRnStrZu2,8ivTTid27jZnYNc4w3CTA1Z6QS2twsFb8WMwUabeDJgc,CyXm53PMvHCbeXJBykU46Rcbo28xk5srhMZFg7gv6EYB,2.4995064360000008,2.478527457000009,465.0884839959363,186.0721290000856,0.18603539359837454,182.1906125558118,21.917309217,27.841019509,9150.572786483406
ZUCKWFa4LTL833dPhhpeeRWZcaAEoMeYJPi2iKn4F8N,7eEYpq6ShaJ9opZWMxitRFrdCHh6vfyHhGfoSvFht3N2,H8VggnHmuwd1wvwpT8eg9cUJFEfZ7HAaeYjgXrSm7A2u,0.001264695999907417,0.001264695999907417,0.0012666059403369698,1.0015101972566471,5.06642376134788e-07,1.0,1817.011925129,2030.157130782,3849.913102335625
JSoLLrxK5bYdHwTEWYaGgmeycBCNXKDiBCTw5hXGBg7,xG4wXczA7Dk4hccJ61CHKpDHW4NrNfQwgmWgkb9BuF2,BVR6WgfhsRr9Lob4QDnkEAiNGgAbv7ZieKcY9kSg3QYR,1.882855740000025,1.604483861999995,342.6381189454864,181.9778922337841,0.13705524757819457,158.0428479447634,17.224723196,163.693664033,29005.131675807053
C98Sspw7XqnMsgxea3SLQVdbMDL8pKUc3RE82UvX9eq2,CSqgQJurPCzGxb4Cgwx5R61hWQUiaoUHcShNc8r1cKEL,6S2CR5EnukPhC914XkAns8m5GixjMAoUuZMsS5ubHuWc,38.888351000000284,38.773532000000046,0.0,0.0,0.0,1.0,886.307407,1233.29765,1233.29765
AURHmCnNwiW4uA2Qj1XvEh4iKgRUZYXtiY7FKAapUV5Y,BKWm4TRnTeKwfWXRyuzjRHU7iZDkPuXBX5b5V5jSVfGJ,A5Ww74HVrkj9nPeC7pHKLfgeDMEhBCpW1efQdz3TGLEg,0.00841586699993968,0.007509679999998298,1.1769475461234349,139.84863902101478,0.00047077901844937403,158.0428479447634,289.906469003,1809.480038588,326518.40373110544
AUSejoEUCh2DBs9mof6BNC8Pubs22w4cJa1ccV9h44R,4xkyD7AfGQDwsQMy9MosRRNGoVJ1zosNinesxg1TzHG7,Cbm5gsQe3nSiCsFrvepVzMCD9xLK3ri9g3ypS2hdmVJ7,1499.7057640000003,1500.780611000002,1500.4289707639084,1.000482232436034,0.15004289707639085,1.0,14297.155714,14578.216519,28882.26678522832
SRMuKizofcAMicegrfSv7xs9q76tH1w8aAF7oX9FEWu,72Hj2KWntXPfbie4UgKeTPnm1XVkomDfCnRPKbvfTtPi,6aqJQ5wedqpUt4fFEDUqUmXhrdxCu4bEJsQdVPCADLko,104.69612899999993,103.9823620000002,4.996622215765557,0.04772499483496243,0.001998648886306223,0.04796483525254229,17864.056964,3999.810546,1044.4122802186457
BUSDgu5JdqP1rndBvXvanbEufS94FNh1w5FJcAj6vawb,Bgzr8cWubt89JQFXndVjtdKmDbGzuPxNhvjH1EhWCwbo,Dxaf8xPBBQsasRKW5Aa4Sw2YrbfGofY9xZueyyF23FBW,5352.777317539998,5319.487216749999,5385.0888197746335,1.0060363994834527,2.1540355279098535,1.0,4899.72264019,10132.98289804,15062.282221444304
BUSDTd9WiT6uBHJRgNvFXBsA7JrifsAtWzKfioN7ERcy,DyBxrn7gSc1EwnpWhDyhzvMHPtxpmBqRqotapLcKcfTM,Cds99GeBgoCpqBsoRWu1C6fF9LiUMd4pXQQD24s9LPff,1032.0338292600002,1033.4831107500002,1031.4760791996946,0.9994595622309149,0.10314760791996946,0.9971799750306134,221.08283264,196.85648438,417.2646953058078
SEQV6QiTpvTzrceiaYg9Avnwf7oc8ZALpnQMz6TyT4A,3dFMPj4r9mMmPHF32mz1gNDX7f8ftidWof7S8YiYTs1j,Fc1ED3YPeQfXQosHbd8DTaBd2AV5gHQtwiSAL5C5pUhi,139.64821182100013,139.93000600000005,139.5283048235707,0.9991413638895488,0.055811321929428274,0.9963732015463711,1395.068341171,4230.789627057,5609.315890896683
MARpDPs5A7XiyCWPNH8GsMWPLxmwNn9SBmKvPa9LzgA,6YjT74rmcfCpw8LSjPNx5JTmZoYLGrTKnf9arfSgZ4SR,F8GSmi3vA8M8TsybLya1LQ4n1aFHCRbZ6k437PeTdXtg,29296.725986999998,30768.5924440003,27430.569483873136,0.9363015340364332,10.972227793549255,1.0,296859.285971,15101.427585,293051.2324326075
BSCuChvaSj9b5HUSqgDVRzcnr2sSn7cXaamt1jbKH6hn,GnKpRj5kBVPMJfiwZtEuD9GYApLzPdW5JFuZTcyX4BTc,3dmwD9okkomV9nDwyuh4UMhKdUR13QpuKxRo89ycZB5t,240.5225866459998,240.21208207199993,240.47556405420465,0.9998044982284164,0.09619022562168186,0.9971799750306134,1636.706721577,1473.256438493,3105.488561063509
wrmcMSHFi3sWpAEy4rGDvQb3ezh3PhXoV2xNjgLBkKU,8p4mGnARWPBu6P2Gcw4adodLkNDorrXniZMhaY7eJXUn,AyY89zccbsgp9LKFgH4CFZMJmpSgqmPSdTfukhP227rc,0.007077250000000007,0.06504575000000301,2.3489047461002346,331.8951211417192,0.0009395618984400938,3235.8270774009834,27.07472449,0.09655161,9298.393278491882
ALBpShJ9NLpE739pcHDF2LNVk5J4VYPvvKuV6jMPitZi,D6d156U1bPiJpDYRLextvDRccgFk7QzkQbJg42ceKEu5,GNcM8U5g8RwTZffwwm3kSQqUNPSwv5d2fbN9sLxPJqt2,2245.9070569999967,2243.559492000015,2244.522186810734,0.9993833804542597,0.8978088747242937,0.9998410252769809,41133.63543,59170.880198,100269.74515011624
B2izdXFYb2sNwbWWHmh75T4aQFtfXsUxem9u2p61HGzf,4DYwgJtxwuJdAjkj5RJSNH4e7U329V5cNp7d3a1nLrZv,EXNW64GEf1ACC6xY9BtKRiunrs6GoJSXBdxWN2eTPmrF,2991.324752999997,2950.818930999998,3024.1672088885266,1.0109792344865236,0.3024167208888527,1.0,9152.653076,30730.6366,39983.77880029521
BSCrK1Nx9PXU9mF7STWWBqeHLxmtJDr9h7jheEy4tAWX,FfSySSbVJPvEo5a5AvrP3nySoXpRE2QPn1uUMpJJ1x7v,HL7Vcj6838ZmvBHDbQxXfjBNckNi83WvPiZQoMQLFeRM,0.006835692999999865,0.00683845499999991,22.17401021814894,3243.8569459086852,0.008869604087259578,3231.435403606282,0.84511932,0.95907308,5840.628881661345
ALLwa5WNZbvQsRKAqe1jdRGemdYQnW8E5k4msbRFcYtu,CGoM82Hbz7QVqTgvQatYtjvDWBvoUJp5qm21P8iMs9yb,3dxNNww8TivyN5FMy5dCNdi3Zcxv6e4kUfSPxfFwpdNq,5.239379433999996,5.232260653999998,16938.37913487649,3232.8979697400746,6.775351653950596,3236.9373393669844,2.61200495,6.021714144,27936.256859513924
vEnkoSUkpnbRrPgBz9DfcVxNz67zjwMYBZraAvDDNSf,DtfyjjsZ5yCjWKLKHvwsfXs5QVsmm1QkK6Sh9JZHoq1g,e5wrKCRv4GhHvEf1VD5Pq2KGaZDXP77nTL612Jyrxwy,875.9266499999999,875.9821909999998,872.9098734772625,0.9965559027999236,0.08729098734772625,0.9944776655233489,896.87253,1048.258566,1936.253345411135
heyk4SZTeCUV6a65WiVA5bzic3KcxgVf1qxobfeV4tQ,9ZDpBKPqMABtGfq66FbVribaArMvtk63xxy91onZAtDt,DaTP4s6N7xxSPinbNZ3FB52EpRDRt87QShTuN3VPCW52,53.604013350999026,46.923979146999386,9670.768079509235,180.41126913735087,3.8683072318036937,158.47139757668708,634.398755871,4463.239108148,821748.4238729835
KEN5P7p3asnb23Sw6yAmJRGvijfAzso3RqfyLAQhznt,9zj4aX38Uxf3h6AUjS4EipWS8mwbEofasHAf3a1uKGds,CwQDG1MWunn9cLNwcZLd8YBacweSR7ARo32w4mLua1Yr,111192.1452870008,111198.03987199953,110384.02384840664,0.992732207508828,11.038402384840664,1.0,1150948.67247,1120098.702333,2262682.5186834983
GokA1R67GqSavkd15zR62QD68Tuc5AEfvjssntVDEbM8,3YB7hfpBdbQEuZqLGWVDpRPmeZWCUsrrWyqGXegnQ6Cg,4DPCj6Z1DsG6HUtwSogBGqXEUxdEV5a8YVrrFtcnz7UW,9732.339573999987,9731.385702000001,9733.828849814008,1.0001530234125822,0.9733828849814009,1.0,15416.474327,17168.0544,32586.887808511503
KwnjUuZhTMTSGAaavkLEmSyfobY16JNH4poL9oeeEvE,J63v6qEZmQpDqCD8bd4PXu2Pq5ZbyXrFcSa3Xt1HdAPQ,BnKQtTdLw9qPCDgZkWX3sURkBAoKCUYL1yahh6Mw7mRK,79.99976100000038,3961.5829350001295,1.6302206520433475,0.020377819029276097,0.00016302206520433477,1.0,277850.39018,569.145083,6231.130051301792
BUSD5rCfUDpCxKGMvYU2yThChxgHoioK74PTPociGnv2,CcFHbafgYDZ8yA8Me1PdtDiVb2eeaS61LbqyKKK5CsNZ,26R9s4nmF3CFDTkiePDwRmtscn8i7r2eygbSijditJ58,34.51213873999999,34.641877580000006,34.483870242529974,0.9991809114560248,0.003448387024252998,1.0,82.64143335,65.11595586,147.68969855868534
KZMu9QBEdL97EFgamLbN5DE1AoKBG4HdrKKJo4Vuon3,DD4ACBWyVqdaKWh7v5btsgqQCCMwbKnuL2xd9pv7Gyuw,GcYqiJ1MAuYbNTNYXm1F1gQYTfTgkErACAhNU5dpVj9T,450.0082804399999,457.66312022000056,438.0913160791029,0.9735183442641432,0.17523652643164117,1.0,2462.05496228,933.28617091,3330.141841276143
KEVpg4SYCVrqFxKijQH6hm4QxsRdoE51ud64bEEFUC9,2bPenuBYfqzD8p5dFjCcggwkHDsc2RQDnx9AoyYGUBjA,AE6n6iLuX8oYu61vt5hoDYkjswpnxFxrhSehxrnQTnbx,2128.236990540999,2128.174409837,2130.5538592046373,1.0010886328326853,0.8522215436818551,0.9998559537523108,2714.138543003,4921.55738667,7637.941698129032
TETFuZgEmET6d9vYmz9iMFCxK1jKdKYxf3oPz8hSzJK,Eu1Ze6Z84LWNkq7SNoAHBJbXx5t1P95EwyqYohrfCRFV,ASMbv7WNu3qe4pkhREmvyEdwFNDZQ6B6iSrjkj4u8bdC,77.49094696200001,77.44489088800002,77.33367462791433,0.9979704424806837,0.030933469851165737,0.9985909881157686,112.396515356,240.152574667,351.98259699837973
WiiQFxXqp8P9Fs1rt9SVcDyA3KUdJmUsog6wnVQAwba,3S2jpqSYxho6wiz3cafhjXruVY8cg4HYa2v3BqBHYFSj,Dfe67M6TfrG74gKRtdqys4e6E9QirPD53BkF4FujFjuv,24447.216920225,24469.688738947,24462.19152415308,1.0006125279608287,2.446219152415308,0.9998559537523108,10317.359799524,16481.315834309,26802.621233489226
iLiUBQ7Z7im6Ew3b4ewwPcehzWgEQRJ1iQz7g6D62NW,GpugBvKWM3TVhYcZjemSdtehBWgfvuGr6uAm9iPjXT6v,92fMXJ3xy8tEyMUWLHKRLyhPw2nECBo77GtDiBBbYrjX,68.25840760699975,69.31786146899981,66.91814247545452,0.980364834479265,0.026767256990181808,0.9998559557517347,1832.014987429,1130.86535494,2926.7455302044227
parEAJhzYzHW87y9VoZAQ22dzQ2MD2ekEtTReaxbMcz,3oyc6hpjYSJEquK6dSvG72NXyz3pqLZz5D8AC71pwgQb,Di2vordgFJVZ1aj1aBpvzXtLfZgJsuLLXawGtVFwX6Rz,1.4735895850000134,1.6807956589995285,227.67732644734545,154.505249470356,0.09107093057893818,181.27577174987496,1100.550758149,142.210107896,195820.1165020811
Lid8SLUxQ9RmF7XMqUA8c24RitTwzja8VSKngJxRcUa,4PgzyzLtds9bKZ2to9PMnKqJzKEUpjvNUaeN23phegax,AtymwxoVN9peZo7EXTcDz9jKVc4vRmisJKKrNfe3ewBa,116.27268915400509,98.66577392400052,21720.777273498385,186.80893537027305,2.172077727349839,158.86516890703624,982.571319152,7682.302514365,1404003.3885956947
SAMyS8Jr2HJrkFwYVKbpUwsNStnQmvz3f8Tup8bWUWF,6jPzm5TFfquvgm25sTyN3MMGBfufRaFHMxobDWv6hMFW,Cj9ECoDmxsHTDzCY5ZA6RWrPbg9uFzEC1Qc2kso2vJG6,504.4039267600019,10.26281406000004,491.0464756197292,0.9735183442641432,0.19641859024789168,0.020208345777590564,467.85412192,109543.68994625,2669.161334315704
STK75uPSyBnEhGTTzb1nwmP3n427XoXmfRhXxxhyady,6TYyD5fUmDe6N65avW1Ny2RxzRNobw2RRgKwH9CTzSAU,54zDfk4cx2vGrEajPtodWpArNe5eUurytyxd4X3aZAxK,371.64786394099974,417.75228207600463,59019.79162487426,158.80567965337167,5.901979162487426,178.10498433922874,1890.648543773,336.836942308,360238.0653141687
