0,1,2,3,4,5,6,7,8,9,10,11
C98Sspw7XqnMsgxea3SLQVdbMDL8pKUc3RE82UvX9eq2,CSqgQJurPCzGxb4Cgwx5R61hWQUiaoUHcShNc8r1cKEL,6S2CR5EnukPhC914XkAns8m5GixjMAoUuZMsS5ubHuWc,108.24936900000068,105.06585300000017,0.0,0.0,0.0,1.0,927.106893,3923.618094,3923.618094
BSC8REUo9LpiiWUuqMuLXs2D2yJsJfGd4HdiF3wCLxk5,AZjEH1zWVx1UJ6udMyRijGTzPteuLnaY18yNNmprJEsh,Caf8ypkSVR8xYnXNhjvfvdGCC7mrM3C11rz8Xi6NA6aK,15.59323618399958,15.60047544500003,15.606230649524981,1.0008333398771152,0.0062424922598099935,0.9879042612536054,2774.179066646,3574.338778008,6307.595410646603
WiiQFxXqp8P9Fs1rt9SVcDyA3KUdJmUsog6wnVQAwba,3S2jpqSYxho6wiz3cafhjXruVY8cg4HYa2v3BqBHYFSj,Dfe67M6TfrG74gKRtdqys4e6E9QirPD53BkF4FujFjuv,10653.32257285,10653.171541004,10652.738994502402,0.999945221000903,1.0652738994502404,0.9921119234637082,12793.126434936,13989.633795968,26671.708134145287
7dwD9TF6uikvHXxPFK9AsSim54yJoujQjY9vU6gNFumk,CquVr6atkvwueDYficKjn6SSEWq4F4rH4VSiBbW4GBWU,8BCa6ge3b7ho3TfZuM64Vk1hgbrJ3J7EPiAb9uP86CGd,1.0419000000000227e-05,1.0434999999999611e-05,0.0017818888671880064,171.02302209309605,7.127555468752026e-07,171.59481248290487,0.003942371,0.003565763,1.2861026359756615
ercAoEmXjQzEvAFbdjAo81KtMxRGn9AW1ju882upmPH,CMRhskR2Eg6V42RTSdRTXGdozyPbWB8U9dVpijPWb9T4,7TKLLgrWswt6ZJ1pXhVR3FyufHGjJFqiEXxvWJfDcgRm,3.113281510999741,3.1206024400000842,452.63125533839826,145.38719153381305,0.1810525021353593,141.66703854264284,1083.034401001,923.002599954,288218.3747986838
MNkYtBe2HtgL15osfaMmyqNW3vo4J399FXXCS4a39Wf,2mUxDu8NrhSKhQJMgKfYLxJqZzeEbmwhQdHeHMyohyuk,AZCBmDBcFsA2jHHhfFJBTsWCHx9XnnKmGfFsue3ZVW1t,0.003399870000066585,0.0011466099999779544,0.003398044468636699,0.999463058461103,1.3592177874546798e-06,0.9998785047628862,2195.17588665,1941.31606926,4135.077414135125
BkwbeSfcX1h4thMDd7obGkHrPevf3QwgzJ4pCEqG18Lu,35yX27bmurdebhfAb8EPmjLETDiUaEUCn9zHaDPbakH2,2CxECn1ZJFoESyUnQysQU8rRgT3iJ5GRs2Mdd6gZjx5g,0.0038595299999997223,0.002471850000000053,6.763511145380138,1752.4183373054816,0.002705404458152056,1132.0412968665096,0.87219254,22.68285798,27206.3781650751
daob129AwBGn9Y5r91uLoWZeYiGzbPmksauMhFZKTze,6VW5GQNyj4LStgmxEHLr5zUfW92vQnmbw8jTnCH7a38F,4VPCCUifPeBA1c7HWK358CHn2nyjm8pdTRk6Ps3KmnMQ,35.385919179999775,31.70651283200003,5575.6922802026975,157.56810645049163,2.230276912081079,145.2013143622976,48.226019027,223.91908082,40112.22734559132
BUSDTd9WiT6uBHJRgNvFXBsA7JrifsAtWzKfioN7ERcy,DyBxrn7gSc1EwnpWhDyhzvMHPtxpmBqRqotapLcKcfTM,Cds99GeBgoCpqBsoRWu1C6fF9LiUMd4pXQQD24s9LPff,2191.9119271000013,2186.997885290001,2199.830436740091,1.0036126039291033,0.21998304367400914,0.9911922655285137,351.5330397,516.88483199,865.1352369779231
BSCNHw8CmxbZ8hCWWzMf5FaG2ajPT6JxfznKUNuRVrn4,7n9kgNL633yGzCYksgnzHyjG73ZLBAwvEae5sbAekbzW,SscdxE99omdG9AiMVwmaEMQySQnCgeAh1sPj2Leutm2,31.52639204800107,31.48703727999873,31.575805436413983,1.0015673657911022,0.012630322174565592,0.9861398838103757,5148.467933405,6540.967896501,11606.8467873833
BUSD5rCfUDpCxKGMvYU2yThChxgHoioK74PTPociGnv2,CcFHbafgYDZ8yA8Me1PdtDiVb2eeaS61LbqyKKK5CsNZ,26R9s4nmF3CFDTkiePDwRmtscn8i7r2eygbSijditJ58,444.32526873000006,444.42903801000006,444.98933075818377,1.001494540317461,0.04449893307581838,0.9998785047628862,63.0009577,84.28148757,147.36636294200468
MATgk4zXLXtYkwBH678J1xZbRDZ45LicNzkRBHkxTuY,y8dALFo1bJrSzPYjMX14HJX448pXqYmrfXHD1K8MXih,GN7Yuet3UyiWS5YVkEHv6oQKi4HGBJc3XDPt9zQhAqZz,5444.781630999992,5440.657855999998,5451.372340159244,1.0012104634503114,2.1805489360636976,1.0,6522.336101,8274.556233,14804.787383460905
STK75uPSyBnEhGTTzb1nwmP3n427XoXmfRhXxxhyady,6TYyD5fUmDe6N65avW1Ny2RxzRNobw2RRgKwH9CTzSAU,54zDfk4cx2vGrEajPtodWpArNe5eUurytyxd4X3aZAxK,1092.3753491179962,1225.7901649799837,158007.31402304556,144.6456240070078,15.800731402304555,162.7938286161922,4770.110851996,858.784835179,829780.5320458759
vEnkoSUkpnbRrPgBz9DfcVxNz67zjwMYBZraAvDDNSf,DtfyjjsZ5yCjWKLKHvwsfXs5QVsmm1QkK6Sh9JZHoq1g,e5wrKCRv4GhHvEf1VD5Pq2KGaZDXP77nTL612Jyrxwy,4331.524668000004,4333.377974000001,4231.566601733847,0.9769231220118364,0.4231566601733847,0.9945221718772997,1142.917817,800.902197,1913.0578344083337
YAkoNb6HKmSxQN9L8hiBE5tPJRsniSSMzND1boHmZxe,CfWX7o2TswwbxusJ4hCaPobu2jLCb1hfXuXJQjVq3jQF,EnTrdMMpdhugeH6Ban6gYZWXughWxKtVGfCwFn78ZmY3,8897531.14310797,8903757.702948006,8897531.14310797,1.0,889.753114310797,0.9916739058861795,1247624.755702,245563.037361,1491143.2121030567
SERgf3DMJpQxUifu7VoFKmfne73d2fDJxSrxUMrcNJB,AJfM2GZ2tTB8UtN2krcyR9xufRJEx2mhSCbJyMgPo3GU,F4yRYkufQvERZcEKnKjJwRLU1btiMBUuEwq46hfm11QD,7.548499999998626e-05,7.548499999998626e-05,0.010781161068987612,142.82521122063423,4.312464427595045e-06,145.0681682576051,29.284890014,27.959469045,8238.649561635953
B2izdXFYb2sNwbWWHmh75T4aQFtfXsUxem9u2p61HGzf,4DYwgJtxwuJdAjkj5RJSNH4e7U329V5cNp7d3a1nLrZv,EXNW64GEf1ACC6xY9BtKRiunrs6GoJSXBdxWN2eTPmrF,25380.164585000046,25102.258978000005,25381.966704636074,1.000071005041358,2.538196670463608,1.0,9928.278277,29877.694092,39806.67732680967
SAMyS8Jr2HJrkFwYVKbpUwsNStnQmvz3f8Tup8bWUWF,6jPzm5TFfquvgm25sTyN3MMGBfufRaFHMxobDWv6hMFW,Cj9ECoDmxsHTDzCY5ZA6RWrPbg9uFzEC1Qc2kso2vJG6,3644.418974590022,65.2673366200001,3661.381459228149,1.0046543728249673,1.4645525836912596,0.018183007681120664,436.47344873,111136.20829385,2459.295487946289
Lid8SLUxQ9RmF7XMqUA8c24RitTwzja8VSKngJxRcUa,4PgzyzLtds9bKZ2to9PMnKqJzKEUpjvNUaeN23phegax,AtymwxoVN9peZo7EXTcDz9jKVc4vRmisJKKrNfe3ewBa,376.75790546899054,320.26906033600267,64155.86874997711,170.28406788204083,6.415586874997711,143.53301934050023,986.416318335,7677.469756017,1269941.3982878036
MARpDPs5A7XiyCWPNH8GsMWPLxmwNn9SBmKvPa9LzgA,6YjT74rmcfCpw8LSjPNx5JTmZoYLGrTKnf9arfSgZ4SR,F8GSmi3vA8M8TsybLya1LQ4n1aFHCRbZ6k437PeTdXtg,68760.4388239999,72461.0687810003,62568.81645414689,0.9099537106547391,25.027526581658755,1.0,319577.041418,15611.319842,306411.6345203724
AUSejoEUCh2DBs9mof6BNC8Pubs22w4cJa1ccV9h44R,4xkyD7AfGQDwsQMy9MosRRNGoVJ1zosNinesxg1TzHG7,Cbm5gsQe3nSiCsFrvepVzMCD9xLK3ri9g3ypS2hdmVJ7,309.57652900000176,309.56327200000123,309.5595032273243,0.9999450030248337,0.030955950322732427,1.0,14425.724765,14448.368674,28873.300067773343
RajgMbScQbqqrdJfR2rxfHJiTiY5b6bJ2tTXiF4aPxy,725ZA3fhyBAKb5iopNRrcbSuQa3LXA1656Q3mBvYPxeg,GLA6i1dSZpUfk2f9Nj8uiG7xyDdAR2reff8oEiZH3617,31964.71528977003,31961.931173079996,31782.2331486345,0.9942911382290982,12.7128932594538,0.9998785047628862,88260.4050073,93632.0125926,181377.1753042981
KEN5P7p3asnb23Sw6yAmJRGvijfAzso3RqfyLAQhznt,9zj4aX38Uxf3h6AUjS4EipWS8mwbEofasHAf3a1uKGds,CwQDG1MWunn9cLNwcZLd8YBacweSR7ARo32w4mLua1Yr,1733623.6335950037,1743879.8560370014,1716163.387292688,0.9899284677689191,171.61633872926882,1.0,1430644.001744,673761.314882,2089996.5394512326
BSCuChvaSj9b5HUSqgDVRzcnr2sSn7cXaamt1jbKH6hn,GnKpRj5kBVPMJfiwZtEuD9GYApLzPdW5JFuZTcyX4BTc,3dmwD9okkomV9nDwyuh4UMhKdUR13QpuKxRo89ycZB5t,190.0502004660002,190.19999905600002,190.06660796593286,1.000086332452649,0.07602664318637314,0.9767895272534045,1670.968157659,1437.413668689,3075.163034344659
NorjjEePhxfwLF4vZjUHCrVVKLzQjEEGQFd3wgjEJmh,34M8pFVqgbV7aqHxvRT5tCv3vu2P1JJYT8J3VaxBK2oG,3AZWBSze3ucsY3xSeuLne3b2pauVqiaJ1SZSV5T9WGWw,0.00364499999977852,0.001209000000017113,0.002161397383302935,0.5929759625334068,8.645589533211742e-07,1.0,38120.278942,2260.693413,24865.102510674405
Sid7E679i9ABqptiAVhkmQ27YHN8vaYT4fppPwmxFsJ,GP7KB8o1bv527HG8kTzzzf4wJ5aEGHvcMQvVhLziUfmT,9gYxhAZ1M9wu5pxr8SBoa5NDm21gi3s9vMHaYTME77sa,1724.6347499999974,2128.635340000008,25.484196252610076,0.014776575882290505,0.01019367850104403,0.01821923353105635,104619.681873,26933.153878,2036.6220882086348
ZUCKWFa4LTL833dPhhpeeRWZcaAEoMeYJPi2iKn4F8N,7eEYpq6ShaJ9opZWMxitRFrdCHh6vfyHhGfoSvFht3N2,H8VggnHmuwd1wvwpT8eg9cUJFEfZ7HAaeYjgXrSm7A2u,0.0012115150000227004,0.0012115150000227004,0.001212733866684549,1.0010060681558426,4.850935466738196e-07,0.9938731931663632,1817.011925129,2030.150494516,3836.552117558547
CZgvH45CRmoaNJ7395Ao5CQZXkGznvqU7cErD6n7FaRg,4ZjU6MKvtqVQKCiowhvZ5yUsPxXX5SCzd5eFsPeXyey5,BsyWeshjDbCvjDojry3vKDCesmFRM37WtwcR4Kfgzqr,11.622614689999978,12.415085999999974,12.445437443787924,1.0707949782156934,0.00497817497751517,0.9998785047628862,328.1175868,1491.40662068,1842.5720860886793
AURHmCnNwiW4uA2Qj1XvEh4iKgRUZYXtiY7FKAapUV5Y,BKWm4TRnTeKwfWXRyuzjRHU7iZDkPuXBX5b5V5jSVfGJ,A5Ww74HVrkj9nPeC7pHKLfgeDMEhBCpW1efQdz3TGLEg,0.00021735699988312263,7.255500008795934e-05,0.03511818214740608,161.56913357421135,1.4047272858962432e-05,144.51986454442135,289.887793098,1809.50056123,308345.6955665981
SEQV6QiTpvTzrceiaYg9Avnwf7oc8ZALpnQMz6TyT4A,3dFMPj4r9mMmPHF32mz1gNDX7f8ftidWof7S8YiYTs1j,Fc1ED3YPeQfXQosHbd8DTaBd2AV5gHQtwiSAL5C5pUhi,1408.5930628760007,1407.8387977009997,1400.8560090609162,0.994507246969336,0.5603424036243665,0.9930141454865026,1879.775828957,3742.537982965,5585.843841680296
ACUSESXyNnwRLAg1dpSGMLSzUDdLjUMybY8rkXiAKhCP,AhFPQdu8GKBsxuhiH46UmCu1YpaLgNpoP325HnYtsgas,A8wxWpT3aFEr2XqZp1kDmbxbFfcBE95UUmdsNTDBJYbT,0.0,0.0023904939998828922,0.0,0.9941073106175446,0.0,0.9873831636290736,1044.553701197,1841.328673742,2856.4954018528542
Lee1XZJfJ9Hm2K1qTyeCz1LXNc1YBZaKZszvNY4KCDw,9DgFSWkPDGijNKcLGbr3p5xoJbHsPgXUTr6QvGBJ5vGN,2hNHZg7XBhuhHVZ3JDEi4buq2fPQwuWBdQ9xkH7t1GQX,2437.4843094998505,2063.8364818250247,413255.71979265206,169.5418994830159,41.325571979265206,143.9793798491355,7156.32190045,56448.150245364,9340666.074272534
GokA1R67GqSavkd15zR62QD68Tuc5AEfvjssntVDEbM8,3YB7hfpBdbQEuZqLGWVDpRPmeZWCUsrrWyqGXegnQ6Cg,4DPCj6Z1DsG6HUtwSogBGqXEUxdEV5a8YVrrFtcnz7UW,47518.803873,47526.121944999984,47519.51666574999,1.0000150002250034,4.751951666574999,1.0,34362.90125,30790.525374,65153.942075250525
ALLwa5WNZbvQsRKAqe1jdRGemdYQnW8E5k4msbRFcYtu,CGoM82Hbz7QVqTgvQatYtjvDWBvoUJp5qm21P8iMs9yb,3dxNNww8TivyN5FMy5dCNdi3Zcxv6e4kUfSPxfFwpdNq,3.6827871869999993,3.6344184750000004,11463.928986770426,3112.8404669260703,4.5855715947081706,3109.452736318408,1.329385143,7.299742148,26836.367065778115
KwnjUuZhTMTSGAaavkLEmSyfobY16JNH4poL9oeeEvE,J63v6qEZmQpDqCD8bd4PXu2Pq5ZbyXrFcSa3Xt1HdAPQ,BnKQtTdLw9qPCDgZkWX3sURkBAoKCUYL1yahh6Mw7mRK,344.74358699999385,14438.53822099935,6.193691260908152,0.01796608115268077,0.0006193691260908153,1.0,279370.594134,538.359718,5557.554483884086
HEDSDjj84KS7LKhZY7ejkCACTdPen62rKhCby1wXtgxc,EnnjMSFttpCTywBrYNt1J5QQeoSVkvzPipJDa8Y7kJow,6bjVT6JN2rSvpyn9PdfLYC8wJn4LWh49jpY47fnLDXZk,16.672074358995815,17.115832421006417,15.816270482522809,0.9486684225342819,0.006326508193009123,0.9929808674859395,39138.641668557,9084.82895028,46150.654783854894
BkMBnJpvHKtWhUvrgRrLesXfi9RUV3ELgdBaJcdH7hcY,5uerVwBnZQsuVhZ15igs7ZgmcqhHnYWbwoRtLyRqLvR,9YWiQh5d4jCtgMdzcGLv9bWgnLaFtzvDDh2nnhJdzhBX,6.572448320000149,6.566306380999549,6.5934983205348905,1.0032027639488144,0.0026373993282139564,0.989821834306822,1114.122438073,1759.306238032,2859.090436888494
JSoLLrxK5bYdHwTEWYaGgmeycBCNXKDiBCTw5hXGBg7,xG4wXczA7Dk4hccJ61CHKpDHW4NrNfQwgmWgkb9BuF2,BVR6WgfhsRr9Lob4QDnkEAiNGgAbv7ZieKcY9kSg3QYR,2.8741681799998844,2.4557768530000033,480.3538867864926,167.12796771221366,0.19214155471459704,142.7578649590542,17.281644586,163.617537037,26245.936395644054
KZMu9QBEdL97EFgamLbN5DE1AoKBG4HdrKKJo4Vuon3,DD4ACBWyVqdaKWh7v5btsgqQCCMwbKnuL2xd9pv7Gyuw,GcYqiJ1MAuYbNTNYXm1F1gQYTfTgkErACAhNU5dpVj9T,129.01152029000013,128.50705822999953,129.61198930629814,1.0046543829182715,0.05184479572251926,0.9998785147604565,2090.75847717,2600.01191302,4700.185717662302
DFWzVTzNBrQZLjoQ4yQwkj9HuoXmfkuZP9V5vbymZe23,DhgiEgiNdqZdRdo195UUHnoEJUtefK8buko8nU97XJUZ,2K2kkXsouBHtWVjtcgkyiXd8eP3oVBvq1bTJzcVdLLr2,938.9825066250005,1135.7826361430025,783.3947489479997,0.8343017504807066,0.3133578995791999,0.984868826941049,61553.419848171,7407.008621494,58649.05781959597
FrnkTEL6yZ5Aycq2TrEgu29dCrwKG4LPUZydfiwqspkc,DjvZuMZ46fxKBoBpGMPcRcos4xdTtHFxwMh69DpA2ZFY,9rvDPJLAng4uVVqnnSoEXgNDFhBZQTny9AoQioYDZbQX,114.27311653000106,95.77600801400044,18705.543058979383,163.69154554447164,7.4822172235917535,142.4977634976019,175.908431797,1442.024832658,234280.03663692385
SQDY9uoDoCbNq7F3HAHYYQZbrUzpKxDtdWLvYcqBLak,GiehZ4X2uQjhEKuxSm3ACmEFrabxh3RTvjbLfLjw1xGX,rxDQYV77NKRKYxCjq4cECX3QQsiSyLv1T1FT2X3zNA2,6.544700410000047,6.53035165299994,6.555971173402514,1.0017221206008522,0.0026223884693610056,0.9902552094241923,168.702204443,237.864501748,404.5392919777274
BUSDgu5JdqP1rndBvXvanbEufS94FNh1w5FJcAj6vawb,Bgzr8cWubt89JQFXndVjtdKmDbGzuPxNhvjH1EhWCwbo,Dxaf8xPBBQsasRKW5Aa4Sw2YrbfGofY9xZueyyF23FBW,2784.306679899997,2770.30301881,2799.4836606436274,1.0054509012434563,1.119793464257451,0.9998785147604565,5127.59352717,9869.13441663,15023.478995574498
moFiBS1R4Lf3E3zzmBPnw3NF4RhWPkhREFviuzUaCAU,44ALBrpqi9PfZkBRTvbtRNtFJGsatfY4QydjtMbFWq8S,2ho8qEEie1UjVwWNBo9y4oAJZMyMLx8zPj9bxyUz6uWs,216.09477718599373,216.12094742499903,216.09933817862535,1.0000211064454727,0.08643973527145013,0.9933431851454865,32761.500457133,34350.506406347,66884.03338099716
KEVpg4SYCVrqFxKijQH6hm4QxsRdoE51ud64bEEFUC9,2bPenuBYfqzD8p5dFjCcggwkHDsc2RQDnx9AoyYGUBjA,AE6n6iLuX8oYu61vt5hoDYkjswpnxFxrhSehxrnQTnbx,3.006173908999699,3.0062028739998823,3.0075849656076734,1.0004693862200553,0.0012030339862430695,0.9950124384614407,2856.8485029,4772.973382527,7607.357352279787
parEAJhzYzHW87y9VoZAQ22dzQ2MD2ekEtTReaxbMcz,3oyc6hpjYSJEquK6dSvG72NXyz3pqLZz5D8AC71pwgQb,Di2vordgFJVZ1aj1aBpvzXtLfZgJsuLLXawGtVFwX6Rz,27.96001232100005,32.84756471099945,3888.3472321752593,139.0681515993046,1.555338892870104,164.30473138476685,1107.758077493,139.419031547,176961.07478440492
HDSBGqAuMRr6X2AfmmbXQPpRgU6VEhtfNVVZ3wUTZXg,DCZ1d8kNLgDcdSd99y4udLgwq46mfDXNS9KXj96kQf5L,Fq8GGYQM5Pz3q7LmVMbrXHJgsxA5ev86kTq8yGgGuYsa,746.3323257869924,747.2764891109982,740.0859258243564,0.9916305381037204,0.2960343703297426,0.9941882884351192,54839.861502677,53657.182571266,107726.22387421074
wrmcMSHFi3sWpAEy4rGDvQb3ezh3PhXoV2xNjgLBkKU,8p4mGnARWPBu6P2Gcw4adodLkNDorrXniZMhaY7eJXUn,AyY89zccbsgp9LKFgH4CFZMJmpSgqmPSdTfukhP227rc,0.012645530000001681,0.08462105999999547,3.3120822420119644,261.9172341540073,0.0013248328968047858,3115.8471988533684,27.17546344,0.08701973,7388.8624030236215
SoN9GaFpSXfpyR5dth3x7PHPVhvJMpQqqDJfCSmPv1t,9kZ9iS68ViMPtoeqtnhAKuF2iqVyfHPdZHoUNdwCELr,BBhm5fJLjw3HRzjtKB8uMEYjGhY6EDm9co3cqpjrSzB9,3.690595243000004,3.6217495379999973,625.655368825384,169.5269536837105,0.25026214753015363,166.5651174667178,3.891597091,5.750273273,1617.5255429845924
SoNcU2iwHMw6dGzsYNQkYFkUjwN1UdAjrWVRnStrZu2,8ivTTid27jZnYNc4w3CTA1Z6QS2twsFb8WMwUabeDJgc,CyXm53PMvHCbeXJBykU46Rcbo28xk5srhMZFg7gv6EYB,9.10670081699999,9.02881504099999,1552.4393493144187,170.47220288783322,0.6209757397257676,167.28831002672598,22.704400072,28.157863408,8580.950479008225
Cob4usZcpHEY7Qt4ZCwj6WVg9S44zvzYV2v9qYF65dTf,NhFM9UXE48PyNAyeyPYA3iXztqKVJwA4bTdLj4ysM8w,6TuFuynuBoeskxyR2cz4wxyidk8dpDK7kAWw3UkjQGx,131.31133599999526,2028.4812249999836,1.9350345185218656,0.014736233576375579,0.0007740138074087462,1.0,64810.883824,259.271904,1214.3402263218056
ALBpShJ9NLpE739pcHDF2LNVk5J4VYPvvKuV6jMPitZi,D6d156U1bPiJpDYRLextvDRccgFk7QzkQbJg42ceKEu5,GNcM8U5g8RwTZffwwm3kSQqUNPSwv5d2fbN9sLxPJqt2,6442.254850000019,6429.759192000012,6421.391748210084,0.9967615218156209,2.568556699284034,0.994891233515896,41518.956163,58813.628815,99897.66164852933
BerKDkt6v49dT1bHRedgnpsJS263C1DSJtEGvY9Mg35V,78XKqNb8wbfsMMrvo8WPUpdx7GEkfQutpNVH943aCGFa,DKYQwn4nDvFHCszi5tXbqfVMAP7DaXXp1KGTXEnYnKVH,1007.092093599,1002.726919662,1025.099733591069,1.0178808274898832,0.4100398934364276,0.9965153571965252,1338.317413093,5136.204604718,6480.554402188218
MATSnbbiTCv7Dc3trJrkrqjx7ckKdr6fwPoVwv9q3sD,631WX9JizSHJm4w6VanZeJAst9T8DeUUnPLesdGkCVtK,211maUSfpnXbPuW1iBu8b4dtJv5EbN1j7JJiEX5TZKEP,9574.229642999984,9568.282684999984,9539.876547552249,0.9964119206736543,3.8159506190209003,0.9947417948723051,18936.566002,26597.801263,45326.56466902973
BSCrK1Nx9PXU9mF7STWWBqeHLxmtJDr9h7jheEy4tAWX,FfSySSbVJPvEo5a5AvrP3nySoXpRE2QPn1uUMpJJ1x7v,HL7Vcj6838ZmvBHDbQxXfjBNckNi83WvPiZQoMQLFeRM,0.0034294019999999703,0.003428204999999962,10.740342184960179,3131.8411154365313,0.004296136873984072,3118.665211289568,0.852745515,0.950691576,5635.552209618352
heyk4SZTeCUV6a65WiVA5bzic3KcxgVf1qxobfeV4tQ,9ZDpBKPqMABtGfq66FbVribaArMvtk63xxy91onZAtDt,DaTP4s6N7xxSPinbNZ3FB52EpRDRt87QShTuN3VPCW52,180.2897735300039,156.80115567699943,29802.12014192167,165.30122346047534,11.920848056768667,143.59161396256135,619.113805647,4480.404203841,745688.7403688938
C2ypsDADXcCRz8HbV2zX1AXPSja7a1P3xZtRC91xGhJh,J9bYNuDpY1d1T86gLaw7DGk5D3CsUAf2tzUwxMvb6FTv,A2NGvvPrMGzsJ4jb52KEnSBVmsA7C34dV1GC7PerdgvG,0.06127871699999998,0.0617658969999999,8.799109875585044,143.59161396256135,0.0035196439502340176,143.43905461040373,2.878783403,2.146218232,721.2206692710968
