0,1,2,3,4,5,6,7,8,9,10,11
MATgk4zXLXtYkwBH678J1xZbRDZ45LicNzkRBHkxTuY,y8dALFo1bJrSzPYjMX14HJX448pXqYmrfXHD1K8MXih,GN7Yuet3UyiWS5YVkEHv6oQKi4HGBJc3XDPt9zQhAqZz,16288.649850000002,16223.803016000002,16337.154862787618,1.002977841210554,6.534861945115048,1.0,5067.205812,9721.832751,14804.127897289334
parEAJhzYzHW87y9VoZAQ22dzQ2MD2ekEtTReaxbMcz,3oyc6hpjYSJEquK6dSvG72NXyz3pqLZz5D8AC71pwgQb,Di2vordgFJVZ1aj1aBpvzXtLfZgJsuLLXawGtVFwX6Rz,18.993147697999973,22.47436044899996,2804.0531855054287,147.63499079200562,1.1216212742021716,173.7258425529638,1105.386015493,141.39400312,187757.44654287925
AUSejoEUCh2DBs9mof6BNC8Pubs22w4cJa1ccV9h44R,4xkyD7AfGQDwsQMy9MosRRNGoVJ1zosNinesxg1TzHG7,Cbm5gsQe3nSiCsFrvepVzMCD9xLK3ri9g3ypS2hdmVJ7,3752.1148349999985,3755.1069600000083,3752.9217131683295,1.0002150462349404,0.37529217131683296,1.0,14394.43702,14478.968214,28876.50070348524
B2izdXFYb2sNwbWWHmh75T4aQFtfXsUxem9u2p61HGzf,4DYwgJtxwuJdAjkj5RJSNH4e7U329V5cNp7d3a1nLrZv,EXNW64GEf1ACC6xY9BtKRiunrs6GoJSXBdxWN2eTPmrF,16955.53793199998,16764.088985000002,17061.781646311563,1.006266018497182,1.7061781646311562,1.0,9845.842669,29950.621266,39858.158167284295
KwnjUuZhTMTSGAaavkLEmSyfobY16JNH4poL9oeeEvE,J63v6qEZmQpDqCD8bd4PXu2Pq5ZbyXrFcSa3Xt1HdAPQ,BnKQtTdLw9qPCDgZkWX3sURkBAoKCUYL1yahh6Mw7mRK,814.3350920000315,37193.72456399953,15.663529267889405,0.019234746754458666,0.0015663529267889405,1.0,278598.646289,552.918303,5911.692710503921
HEDSDjj84KS7LKhZY7ejkCACTdPen62rKhCby1wXtgxc,EnnjMSFttpCTywBrYNt1J5QQeoSVkvzPipJDa8Y7kJow,6bjVT6JN2rSvpyn9PdfLYC8wJn4LWh49jpY47fnLDXZk,29.50857988899952,30.474352380995697,28.577722755368118,0.9684546956467256,0.011431089102147247,0.9990125011179575,39125.989146766,9097.05460641,46979.81918616464
BerKDkt6v49dT1bHRedgnpsJS263C1DSJtEGvY9Mg35V,78XKqNb8wbfsMMrvo8WPUpdx7GEkfQutpNVH943aCGFa,DKYQwn4nDvFHCszi5tXbqfVMAP7DaXXp1KGTXEnYnKVH,0.00615164999908302,0.0013400320003711386,0.006263606828725278,1.0181994797589178,2.5054427314901113e-06,0.9994695575185554,1339.269355658,5107.733238061,6468.667240555682
NorjjEePhxfwLF4vZjUHCrVVKLzQjEEGQFd3wgjEJmh,34M8pFVqgbV7aqHxvRT5tCv3vu2P1JJYT8J3VaxBK2oG,3AZWBSze3ucsY3xSeuLne3b2pauVqiaJ1SZSV5T9WGWw,0.003756999999495747,0.0013470000003508176,0.0022278040857676385,0.5929742044361586,8.911216343070555e-07,1.0,38120.278942,2260.684254,24865.026332516896
BkwbeSfcX1h4thMDd7obGkHrPevf3QwgzJ4pCEqG18Lu,35yX27bmurdebhfAb8EPmjLETDiUaEUCn9zHaDPbakH2,2CxECn1ZJFoESyUnQysQU8rRgT3iJ5GRs2Mdd6gZjx5g,0.01541886999999953,0.010451969999999089,27.7178219601631,1797.6558567627812,0.01108712878406524,1133.7868480725624,0.85842642,22.70444868,27285.160587635357
Lid8SLUxQ9RmF7XMqUA8c24RitTwzja8VSKngJxRcUa,4PgzyzLtds9bKZ2to9PMnKqJzKEUpjvNUaeN23phegax,AtymwxoVN9peZo7EXTcDz9jKVc4vRmisJKKrNfe3ewBa,508.77200955802437,432.3935443299987,90320.83226811573,177.52712525710365,9.032083226811574,150.0684462183202,987.745502804,7675.67993034,1327228.9804136946
ZUCKWFa4LTL833dPhhpeeRWZcaAEoMeYJPi2iKn4F8N,7eEYpq6ShaJ9opZWMxitRFrdCHh6vfyHhGfoSvFht3N2,H8VggnHmuwd1wvwpT8eg9cUJFEfZ7HAaeYjgXrSm7A2u,0.029580035999970278,0.029580035999970278,0.029628411492550626,1.0016354101996494,1.185136459702025e-05,0.9982069099473854,1805.111925129,2042.056104091,3846.458537186738
GokA1R67GqSavkd15zR62QD68Tuc5AEfvjssntVDEbM8,3YB7hfpBdbQEuZqLGWVDpRPmeZWCUsrrWyqGXegnQ6Cg,4DPCj6Z1DsG6HUtwSogBGqXEUxdEV5a8YVrrFtcnz7UW,72797.28841499996,72769.03041199996,72795.17735485667,0.9999710008409756,7.279517735485667,1.0,38872.097851,31826.063334,70697.0339268528
FrnkTEL6yZ5Aycq2TrEgu29dCrwKG4LPUZydfiwqspkc,DjvZuMZ46fxKBoBpGMPcRcos4xdTtHFxwMh69DpA2ZFY,9rvDPJLAng4uVVqnnSoEXgNDFhBZQTny9AoQioYDZbQX,421.19317466599784,352.44874683999956,75623.01114559728,179.54472126849063,30.249204458238914,150.8845683260398,176.546900328,1440.530839957,249051.93795746623
SQDY9uoDoCbNq7F3HAHYYQZbrUzpKxDtdWLvYcqBLak,GiehZ4X2uQjhEKuxSm3ACmEFrabxh3RTvjbLfLjw1xGX,rxDQYV77NKRKYxCjq4cECX3QQsiSyLv1T1FT2X3zNA2,0.0037102200000163066,0.0012357379999912155,0.0037184713027109077,1.00222393892938,1.4873885210843631e-06,0.9993909022262111,168.73007208,237.829409948,406.789866039715
BUSDgu5JdqP1rndBvXvanbEufS94FNh1w5FJcAj6vawb,Bgzr8cWubt89JQFXndVjtdKmDbGzuPxNhvjH1EhWCwbo,Dxaf8xPBBQsasRKW5Aa4Sw2YrbfGofY9xZueyyF23FBW,9496.825294879995,9451.905482499995,9551.701251324039,1.0057783474729844,3.820680500529616,0.9994907394784209,4910.31790255,10083.55628537,15017.11255383049
daob129AwBGn9Y5r91uLoWZeYiGzbPmksauMhFZKTze,6VW5GQNyj4LStgmxEHLr5zUfW92vQnmbw8jTnCH7a38F,4VPCCUifPeBA1c7HWK358CHn2nyjm8pdTRk6Ps3KmnMQ,35.37678512399955,31.914223766999903,5936.507017058612,167.8079847066515,2.374602806823445,151.00842672323643,48.224670336,223.837377894,41893.81501985428
Sid7E679i9ABqptiAVhkmQ27YHN8vaYT4fppPwmxFsJ,GP7KB8o1bv527HG8kTzzzf4wJ5aEGHvcMQvVhLziUfmT,9gYxhAZ1M9wu5pxr8SBoa5NDm21gi3s9vMHaYTME77sa,3089.2827369999977,3862.3019459999996,48.15999717208674,0.01558937827065156,0.0192639988688347,0.019454505395950252,105323.526245,26365.264428,2154.8514705123835
Cob4usZcpHEY7Qt4ZCwj6WVg9S44zvzYV2v9qYF65dTf,NhFM9UXE48PyNAyeyPYA3iXztqKVJwA4bTdLj4ysM8w,6TuFuynuBoeskxyR2cz4wxyidk8dpDK7kAWw3UkjQGx,63.17438699999997,3710.542119000005,0.9848494159595319,0.01558937827065156,0.00039393976638381275,1.0,64381.865878,265.803681,1269.476941942496
JSoLLrxK5bYdHwTEWYaGgmeycBCNXKDiBCTw5hXGBg7,xG4wXczA7Dk4hccJ61CHKpDHW4NrNfQwgmWgkb9BuF2,BVR6WgfhsRr9Lob4QDnkEAiNGgAbv7ZieKcY9kSg3QYR,3.221618938000063,2.751617859999989,558.9747201455905,173.50739826870847,0.2235898880582362,150.15229196212258,17.272611402,163.61651554,27564.320676854695
MARpDPs5A7XiyCWPNH8GsMWPLxmwNn9SBmKvPa9LzgA,6YjT74rmcfCpw8LSjPNx5JTmZoYLGrTKnf9arfSgZ4SR,F8GSmi3vA8M8TsybLya1LQ4n1aFHCRbZ6k437PeTdXtg,65103.77098399992,70055.3604419994,60450.97995855023,0.9285326954932738,24.180391983420094,1.0,321434.387448,13793.210891,312255.5490923208
KEVpg4SYCVrqFxKijQH6hm4QxsRdoE51ud64bEEFUC9,2bPenuBYfqzD8p5dFjCcggwkHDsc2RQDnx9AoyYGUBjA,AE6n6iLuX8oYu61vt5hoDYkjswpnxFxrhSehxrnQTnbx,1081.7804681040004,1084.4457798409996,1080.25840993061,0.9985930064201861,0.4321033639722441,0.9984942487060776,5661.421028549,1967.226147293,7617.719439485484
BUSDTd9WiT6uBHJRgNvFXBsA7JrifsAtWzKfioN7ERcy,DyBxrn7gSc1EwnpWhDyhzvMHPtxpmBqRqotapLcKcfTM,Cds99GeBgoCpqBsoRWu1C6fF9LiUMd4pXQQD24s9LPff,4073.9653730200016,4096.971940739999,4103.87163993787,1.0073408250143518,0.41038716399378705,0.998978045459495,197.13822276,449.64480655,647.7706699552532
C98Sspw7XqnMsgxea3SLQVdbMDL8pKUc3RE82UvX9eq2,CSqgQJurPCzGxb4Cgwx5R61hWQUiaoUHcShNc8r1cKEL,6S2CR5EnukPhC914XkAns8m5GixjMAoUuZMsS5ubHuWc,259.04853800000046,250.34709399999986,0.0,0.0,0.0,1.0,918.790094,3932.086975,3932.086975
SoN9GaFpSXfpyR5dth3x7PHPVhvJMpQqqDJfCSmPv1t,9kZ9iS68ViMPtoeqtnhAKuF2iqVyfHPdZHoUNdwCELr,BBhm5fJLjw3HRzjtKB8uMEYjGhY6EDm9co3cqpjrSzB9,2.1369435329999975,2.0985700809999996,381.71682311753835,178.62747294106381,0.15268672924701537,175.867280701415,3.79377703,5.840547725,1704.8340499733404
BUSD5rCfUDpCxKGMvYU2yThChxgHoioK74PTPociGnv2,CcFHbafgYDZ8yA8Me1PdtDiVb2eeaS61LbqyKKK5CsNZ,26R9s4nmF3CFDTkiePDwRmtscn8i7r2eygbSijditJ58,715.3104003699999,719.6476235100001,714.2507237112875,0.9985185778675043,0.07142507237112874,0.9994907394784209,77.90020202,69.28149412,147.03101072677035
BSCNHw8CmxbZ8hCWWzMf5FaG2ajPT6JxfznKUNuRVrn4,7n9kgNL633yGzCYksgnzHyjG73ZLBAwvEae5sbAekbzW,SscdxE99omdG9AiMVwmaEMQySQnCgeAh1sPj2Leutm2,79.84003820899943,79.7594557529992,79.97645909379264,1.0017086775990274,0.031990583637517056,1.0,5278.815453896,6410.083579588,11697.918827199472
BSC8REUo9LpiiWUuqMuLXs2D2yJsJfGd4HdiF3wCLxk5,AZjEH1zWVx1UJ6udMyRijGTzPteuLnaY18yNNmprJEsh,Caf8ypkSVR8xYnXNhjvfvdGCC7mrM3C11rz8Xi6NA6aK,88.82062413199992,88.63466655999946,89.04797992051732,1.0025597184295791,0.03561919196820693,1.0,2677.658508109,3669.076748383,6353.589308323326
moFiBS1R4Lf3E3zzmBPnw3NF4RhWPkhREFviuzUaCAU,44ALBrpqi9PfZkBRTvbtRNtFJGsatfY4QydjtMbFWq8S,2ho8qEEie1UjVwWNBo9y4oAJZMyMLx8zPj9bxyUz6uWs,2363.736235769,2363.5577396660083,2363.9647129585073,1.0000966593421254,0.945585885183403,0.9999059458470159,33418.940325607,33690.90478894,67109.90659782021
DFWzVTzNBrQZLjoQ4yQwkj9HuoXmfkuZP9V5vbymZe23,DhgiEgiNdqZdRdo195UUHnoEJUtefK8buko8nU97XJUZ,2K2kkXsouBHtWVjtcgkyiXd8eP3oVBvq1bTJzcVdLLr2,3177.5456860229997,3897.474247257989,2627.4587211067624,0.82688306659574,1.050983488442705,1.0,61493.826911414,7452.105935323,58300.310108540645
Dg3mAgpwDfVNnbGWcsxL8sUcSkEbjSJQhKAWNigG44Ju,EATxwd8YA2wV93VJcKMmH2Kn2Y9XfJVUB9hHVu3udwEy,GiGvrRi7NMHfHKanG2B8xyCEqe8jaafWins8bhrLVEaa,0.351167787,0.364443599,62.403380860449545,177.70246352479234,0.02496135234417982,178.3027327211725,0.230961906,0.228269047,81.74349455233929
SoNcU2iwHMw6dGzsYNQkYFkUjwN1UdAjrWVRnStrZu2,8ivTTid27jZnYNc4w3CTA1Z6QS2twsFb8WMwUabeDJgc,CyXm53PMvHCbeXJBykU46Rcbo28xk5srhMZFg7gv6EYB,8.502248269000003,8.42912587,1516.510570226641,178.36583010119585,0.6066042280906564,176.13969427785543,15.767886401,19.848970003,6308.6436549144655
STK75uPSyBnEhGTTzb1nwmP3n427XoXmfRhXxxhyady,6TYyD5fUmDe6N65avW1Ny2RxzRNobw2RRgKwH9CTzSAU,54zDfk4cx2vGrEajPtodWpArNe5eUurytyxd4X3aZAxK,2216.502588745987,2485.4795655580238,334779.07004871726,151.03933185032847,33.477907004871724,169.47857036690922,3929.270375031,708.675776927,713579.7296312184
MATSnbbiTCv7Dc3trJrkrqjx7ckKdr6fwPoVwv9q3sD,631WX9JizSHJm4w6VanZeJAst9T8DeUUnPLesdGkCVtK,211maUSfpnXbPuW1iBu8b4dtJv5EbN1j7JJiEX5TZKEP,49866.349937,49951.52545300001,49809.71628957875,0.998864291300791,19.9238865158315,0.9827101967975439,24125.861209,21393.950384,45122.51445068656
KZMu9QBEdL97EFgamLbN5DE1AoKBG4HdrKKJo4Vuon3,DD4ACBWyVqdaKWh7v5btsgqQCCMwbKnuL2xd9pv7Gyuw,GcYqiJ1MAuYbNTNYXm1F1gQYTfTgkErACAhNU5dpVj9T,331.72408515999814,331.5650270699989,332.41452675279004,1.0020813731160307,0.13296581070111602,0.9994907394784209,2215.51564686,2474.71218321,4693.57887155834
ALLwa5WNZbvQsRKAqe1jdRGemdYQnW8E5k4msbRFcYtu,CGoM82Hbz7QVqTgvQatYtjvDWBvoUJp5qm21P8iMs9yb,3dxNNww8TivyN5FMy5dCNdi3Zcxv6e4kUfSPxfFwpdNq,3.3755506920000045,3.3744495840000024,11006.751962958147,3260.72779444372,4.402700785183259,3264.8690297788708,3.209087695,5.412271196,28134.318050478476
KysFMBBoavfov2tLpvefWW6tPFt6rAeZWDJVy1mMQae,B8ka2V21TH3x64dFV8ETcjuQcwmrciJ2qzy1mJUttRew,7fSf7EYxBANyxzk2s5pymFgshA91tFYQNKKs5UnLWcYS,98.97958300000755,73.63941900000009,0.0,0.0,0.0,0.019349045106242416,134497.537517,2615.275586,50.603085278768575
C2ypsDADXcCRz8HbV2zX1AXPSja7a1P3xZtRC91xGhJh,J9bYNuDpY1d1T86gLaw7DGk5D3CsUAf2tzUwxMvb6FTv,A2NGvvPrMGzsJ4jb52KEnSBVmsA7C34dV1GC7PerdgvG,1.629835398,1.6271741449999997,245.13875322171924,150.4070616717083,0.0980555012886877,150.29688142988846,2.732006689,2.290448367,755.1603451962233
ACUSESXyNnwRLAg1dpSGMLSzUDdLjUMybY8rkXiAKhCP,AhFPQdu8GKBsxuhiH46UmCu1YpaLgNpoP325HnYtsgas,A8wxWpT3aFEr2XqZp1kDmbxbFfcBE95UUmdsNTDBJYbT,15.053538871,15.061297620000005,14.961607319708872,0.9938930272755843,0.005984642927883549,0.9878794121167949,1044.547352481,1841.328673742,2857.1790180200824
SEQV6QiTpvTzrceiaYg9Avnwf7oc8ZALpnQMz6TyT4A,3dFMPj4r9mMmPHF32mz1gNDX7f8ftidWof7S8YiYTs1j,Fc1ED3YPeQfXQosHbd8DTaBd2AV5gHQtwiSAL5C5pUhi,18.326630199999954,18.373145999999906,18.29376672863563,0.9982067913737724,0.007317506691454254,0.9940851931010488,1287.190453619,4335.38151568,5594.620823775444
BkMBnJpvHKtWhUvrgRrLesXfi9RUV3ELgdBaJcdH7hcY,5uerVwBnZQsuVhZ15igs7ZgmcqhHnYWbwoRtLyRqLvR,9YWiQh5d4jCtgMdzcGLv9bWgnLaFtzvDDh2nnhJdzhBX,0.0012210659999709605,0.0012210659999709605,0.0012255922112801875,1.003706770403348,4.90236884512075e-07,0.9965202886717581,1114.150430735,1759.273356807,2871.4319239543706
heyk4SZTeCUV6a65WiVA5bzic3KcxgVf1qxobfeV4tQ,9ZDpBKPqMABtGfq66FbVribaArMvtk63xxy91onZAtDt,DaTP4s6N7xxSPinbNZ3FB52EpRDRt87QShTuN3VPCW52,194.47559747199932,168.39655230700032,33706.14011797405,173.3180952064028,13.48245604718962,150.42151870077925,622.987753266,4475.705422255,781217.4576058891
RoBgmK8CvjdHvPrqdDyVw54VwjZv2TqJ493xnqJAQHx,ExiHJxM7qPAcy27NDHAF6G7vnW7muNHi2sVJpnaNynGQ,6rkPHSqZb7StM4HwS9EuVrmfkV7tRdc7dnsFhyB6cefE,1.7950230000000005,98.97958300000028,0.0,0.0,0.0,0.9275758084518853,6282.264629,18.67203,17.319723322687853
Lee1XZJfJ9Hm2K1qTyeCz1LXNc1YBZaKZszvNY4KCDw,9DgFSWkPDGijNKcLGbr3p5xoJbHsPgXUTr6QvGBJ5vGN,2hNHZg7XBhuhHVZ3JDEi4buq2fPQwuWBdQ9xkH7t1GQX,4153.529800358167,3518.7488406550156,738062.705534936,177.69529557035835,73.80627055349362,149.83042192846136,7169.392412576,56429.963737974,9728892.580080995
RajgMbScQbqqrdJfR2rxfHJiTiY5b6bJ2tTXiF4aPxy,725ZA3fhyBAKb5iopNRrcbSuQa3LXA1656Q3mBvYPxeg,GLA6i1dSZpUfk2f9Nj8uiG7xyDdAR2reff8oEiZH3617,19396.487655190052,19403.853817669966,19384.221319938795,0.9993676001826045,7.753688527975519,0.9994907394784209,107615.45849619,74241.07647976,181750.6709303174
SAMyS8Jr2HJrkFwYVKbpUwsNStnQmvz3f8Tup8bWUWF,6jPzm5TFfquvgm25sTyN3MMGBfufRaFHMxobDWv6hMFW,Cj9ECoDmxsHTDzCY5ZA6RWrPbg9uFzEC1Qc2kso2vJG6,4892.729261490018,138.54110024000244,4902.9128566389,1.0020813731160307,1.96116514265556,0.019446449427398326,450.13573747,110411.52604195,2598.1847952691887
KEN5P7p3asnb23Sw6yAmJRGvijfAzso3RqfyLAQhznt,9zj4aX38Uxf3h6AUjS4EipWS8mwbEofasHAf3a1uKGds,CwQDG1MWunn9cLNwcZLd8YBacweSR7ARo32w4mLua1Yr,711259.7233830008,712867.8902889979,709090.6151911312,0.9969503289437611,70.90906151911312,1.0,1560909.529265,655326.306872,2211475.5755241932
HDSBGqAuMRr6X2AfmmbXQPpRgU6VEhtfNVVZ3wUTZXg,DCZ1d8kNLgDcdSd99y4udLgwq46mfDXNS9KXj96kQf5L,Fq8GGYQM5Pz3q7LmVMbrXHJgsxA5ev86kTq8yGgGuYsa,15.252449314008118,15.285193413990783,15.192061991803287,0.9960408114813816,0.0060768247967213146,0.9971000998781211,72752.929159293,71355.254496613,143613.21798287123
WiiQFxXqp8P9Fs1rt9SVcDyA3KUdJmUsog6wnVQAwba,3S2jpqSYxho6wiz3cafhjXruVY8cg4HYa2v3BqBHYFSj,Dfe67M6TfrG74gKRtdqys4e6E9QirPD53BkF4FujFjuv,20586.941235534003,20617.792389782,20559.67138084656,0.9986753809429265,2.0559671380846565,0.9990205372877708,19237.275713592,7544.460090155,26748.864224388395
vEnkoSUkpnbRrPgBz9DfcVxNz67zjwMYBZraAvDDNSf,DtfyjjsZ5yCjWKLKHvwsfXs5QVsmm1QkK6Sh9JZHoq1g,e5wrKCRv4GhHvEf1VD5Pq2KGaZDXP77nTL612Jyrxwy,5422.519340999999,5422.310238999999,5418.341799472605,0.999229593983039,0.5418341799472606,0.9987096671100937,1025.888719,916.684833,1940.6003725684518
ALBpShJ9NLpE739pcHDF2LNVk5J4VYPvvKuV6jMPitZi,D6d156U1bPiJpDYRLextvDRccgFk7QzkQbJg42ceKEu5,GNcM8U5g8RwTZffwwm3kSQqUNPSwv5d2fbN9sLxPJqt2,456.5458570000046,455.956769000004,456.4814931094762,0.9998590198781973,0.1825925972437905,0.9987385931568429,44260.676112,56063.050015,100246.76793655349
oKQqupM9E7SSLAFDLxr7mdsXP7znck9qRbVWc6Yyj7Q,CMR2J7CwfW98RpvnJmFBgRFTLAd3x8CJ1SWs8Bt3uunG,FmRb5jHfSNj1YWP3b45d9vvYuhwjp4om8bALmtqZpr1v,0.001307609999912529,0.001307609999912529,0.001322961098080606,1.0117398139881952,5.291844392322425e-07,0.9994907394784209,2176.27630641,3719.60569329,5919.536830388737
ercAoEmXjQzEvAFbdjAo81KtMxRGn9AW1ju882upmPH,CMRhskR2Eg6V42RTSdRTXGdozyPbWB8U9dVpijPWb9T4,7TKLLgrWswt6ZJ1pXhVR3FyufHGjJFqiEXxvWJfDcgRm,40.33971662499994,40.32885262699995,6068.895327669984,150.44466930907683,2.427558131067994,150.12900585473096,916.841449522,923.090696029,276516.59719077736
wrmcMSHFi3sWpAEy4rGDvQb3ezh3PhXoV2xNjgLBkKU,8p4mGnARWPBu6P2Gcw4adodLkNDorrXniZMhaY7eJXUn,AyY89zccbsgp9LKFgH4CFZMJmpSgqmPSdTfukhP227rc,0.009100649999999988,0.10926049999999421,2.5001785714285685,274.72527472527474,0.0010000714285714274,3264.3468042044788,27.1878669,0.08595979,7749.796769073291
AURHmCnNwiW4uA2Qj1XvEh4iKgRUZYXtiY7FKAapUV5Y,BKWm4TRnTeKwfWXRyuzjRHU7iZDkPuXBX5b5V5jSVfGJ,A5Ww74HVrkj9nPeC7pHKLfgeDMEhBCpW1efQdz3TGLEg,0.05059223400007795,0.04513115200006723,8.516842621468726,168.342884828047,0.0034067370485874908,150.8051562695811,289.887793098,1809.500416274,321682.54041262594
YAkoNb6HKmSxQN9L8hiBE5tPJRsniSSMzND1boHmZxe,CfWX7o2TswwbxusJ4hCaPobu2jLCb1hfXuXJQjVq3jQF,EnTrdMMpdhugeH6Ban6gYZWXughWxKtVGfCwFn78ZmY3,15382169.42551406,15380162.82816195,15382169.42551406,1.0,1538.216942551406,0.9991986426885638,946114.209512,457126.922122,1402874.8096327032
