0,1,2,3,4,5,6,7,8,9,10,11
AUSejoEUCh2DBs9mof6BNC8Pubs22w4cJa1ccV9h44R,4xkyD7AfGQDwsQMy9MosRRNGoVJ1zosNinesxg1TzHG7,Cbm5gsQe3nSiCsFrvepVzMCD9xLK3ri9g3ypS2hdmVJ7,1626.0741409999991,1626.3029320000005,1626.0595064644413,0.9999910000809994,0.16260595064644412,1.0,14386.779203,14487.511764,28874.161487152494
7oAd7xG4m3oC2qeWB1szghTebAZyyGPAFDJ4wwwbRSNi,D9yh4KAysxt9GLacVe4Wwh2XqghhcjTCSTV9HuM7TBJd,HDYfJLpZKaMFb84jM4mRytn7XLR8UFZUnQpSfhJJaNEy,0.3417295959661715,0.007789000000002488,0.3416990395295615,0.9999105829961155,0.0001366796158118246,0.022811624042497657,956.247694011,300037.026752135,7800.494042305746
iLiUBQ7Z7im6Ew3b4ewwPcehzWgEQRJ1iQz7g6D62NW,GpugBvKWM3TVhYcZjemSdtehBWgfvuGr6uAm9iPjXT6v,92fMXJ3xy8tEyMUWLHKRLyhPw2nECBo77GtDiBBbYrjX,0.0010521069998503663,0.0010521069998503663,0.0010288763505492734,0.9779198795327882,4.115505402197094e-07,0.9997925360502218,1865.637227489,1097.916784331,2922.1327389363228
parEAJhzYzHW87y9VoZAQ22dzQ2MD2ekEtTReaxbMcz,3oyc6hpjYSJEquK6dSvG72NXyz3pqLZz5D8AC71pwgQb,Di2vordgFJVZ1aj1aBpvzXtLfZgJsuLLXawGtVFwX6Rz,23.004572567999986,27.14631885400081,3045.767538147936,132.39835381182806,1.2183070152591746,156.50113541573745,1102.759327519,143.676266084,168489.01838859374
Lid8SLUxQ9RmF7XMqUA8c24RitTwzja8VSKngJxRcUa,4PgzyzLtds9bKZ2to9PMnKqJzKEUpjvNUaeN23phegax,AtymwxoVN9peZo7EXTcDz9jKVc4vRmisJKKrNfe3ewBa,653.7327913210132,555.4086343029967,105227.2124687933,160.9636442684146,10.52272124687933,136.7086517163908,985.641774745,7678.492372148,1208368.8314170875
JSoLLrxK5bYdHwTEWYaGgmeycBCNXKDiBCTw5hXGBg7,xG4wXczA7Dk4hccJ61CHKpDHW4NrNfQwgmWgkb9BuF2,BVR6WgfhsRr9Lob4QDnkEAiNGgAbv7ZieKcY9kSg3QYR,3.7993735369998944,3.2436642089999843,606.035987086736,159.50945101472735,0.2424143948346944,136.71182896365872,17.283537171,163.618459093,25125.46632055845
BSCrK1Nx9PXU9mF7STWWBqeHLxmtJDr9h7jheEy4tAWX,FfSySSbVJPvEo5a5AvrP3nySoXpRE2QPn1uUMpJJ1x7v,HL7Vcj6838ZmvBHDbQxXfjBNckNi83WvPiZQoMQLFeRM,1.3175683769999997,1.2990859060000002,4064.988236056348,3085.2199453299027,1.6259952944225393,3080.9045535769305,0.84291808,0.961070228,5561.553314447605
Cob4usZcpHEY7Qt4ZCwj6WVg9S44zvzYV2v9qYF65dTf,NhFM9UXE48PyNAyeyPYA3iXztqKVJwA4bTdLj4ysM8w,6TuFuynuBoeskxyR2cz4wxyidk8dpDK7kAWw3UkjQGx,38.018351000000024,2750.8012609999932,0.5294015233555991,0.013924894411006906,0.00021176060934223966,1.0,65639.92891,247.309972,1161.3390512177496
KwnjUuZhTMTSGAaavkLEmSyfobY16JNH4poL9oeeEvE,J63v6qEZmQpDqCD8bd4PXu2Pq5ZbyXrFcSa3Xt1HdAPQ,BnKQtTdLw9qPCDgZkWX3sURkBAoKCUYL1yahh6Mw7mRK,363.3045149999997,21609.780801999616,6.182380037664567,0.017017074609338594,0.0006182380037664568,1.0,280807.975201,512.916955,5291.447219892718
wrmcMSHFi3sWpAEy4rGDvQb3ezh3PhXoV2xNjgLBkKU,8p4mGnARWPBu6P2Gcw4adodLkNDorrXniZMhaY7eJXUn,AyY89zccbsgp9LKFgH4CFZMJmpSgqmPSdTfukhP227rc,0.05608159,0.5828883400000144,14.131364036093423,251.97866244686398,0.005652545614437369,3081.4741772463944,27.20601169,0.0844884,7115.68325903681
BkwbeSfcX1h4thMDd7obGkHrPevf3QwgzJ4pCEqG18Lu,35yX27bmurdebhfAb8EPmjLETDiUaEUCn9zHaDPbakH2,2CxECn1ZJFoESyUnQysQU8rRgT3iJ5GRs2Mdd6gZjx5g,0.08987310000000193,0.05922060000000007,153.55311042389573,1708.5547335508893,0.06142124416955829,1121.0762331838564,0.90339219,22.63481003,26918.842569741977
MATSnbbiTCv7Dc3trJrkrqjx7ckKdr6fwPoVwv9q3sD,631WX9JizSHJm4w6VanZeJAst9T8DeUUnPLesdGkCVtK,211maUSfpnXbPuW1iBu8b4dtJv5EbN1j7JJiEX5TZKEP,11389.111627999999,11373.127565999981,11399.804644756781,1.0009388806700685,4.5599218579027125,0.999709084656365,20021.629651,25520.611636,45553.61487055873
KEVpg4SYCVrqFxKijQH6hm4QxsRdoE51ud64bEEFUC9,2bPenuBYfqzD8p5dFjCcggwkHDsc2RQDnx9AoyYGUBjA,AE6n6iLuX8oYu61vt5hoDYkjswpnxFxrhSehxrnQTnbx,2284.6026072590003,2283.2841213660004,2285.8558643103024,1.0005485667605036,0.914342345724121,0.999909582176122,2324.500096817,5306.805867553,7632.101278019615
Sid7E679i9ABqptiAVhkmQ27YHN8vaYT4fppPwmxFsJ,GP7KB8o1bv527HG8kTzzzf4wJ5aEGHvcMQvVhLziUfmT,9gYxhAZ1M9wu5pxr8SBoa5NDm21gi3s9vMHaYTME77sa,2362.421180000023,2854.5013819999767,32.84035176728097,0.0139011417800109,0.013136140706912389,0.01698887512393597,103743.336386,27645.914687,1911.82382013758
YAkoNb6HKmSxQN9L8hiBE5tPJRsniSSMzND1boHmZxe,CfWX7o2TswwbxusJ4hCaPobu2jLCb1hfXuXJQjVq3jQF,EnTrdMMpdhugeH6Ban6gYZWXughWxKtVGfCwFn78ZmY3,10684765.156064987,10688945.852493988,10684765.156064987,1.0,1068.4765156064989,0.9990988128707906,1128309.734672,351928.030242,1479920.6119027378
vEnkoSUkpnbRrPgBz9DfcVxNz67zjwMYBZraAvDDNSf,DtfyjjsZ5yCjWKLKHvwsfXs5QVsmm1QkK6Sh9JZHoq1g,e5wrKCRv4GhHvEf1VD5Pq2KGaZDXP77nTL612Jyrxwy,1659.9340880000002,1659.408284,1656.5762080263307,0.9979771004174538,0.16565762080263308,0.9993384379540745,812.903021,1131.122264,1941.6325562590048
MATgk4zXLXtYkwBH678J1xZbRDZ45LicNzkRBHkxTuY,y8dALFo1bJrSzPYjMX14HJX448pXqYmrfXHD1K8MXih,GN7Yuet3UyiWS5YVkEHv6oQKi4HGBJc3XDPt9zQhAqZz,22604.858085999986,22601.734031999997,22619.538166269893,1.000649421474537,9.047815266507957,1.0,5931.198813,6390.72666,12325.777320878911
KZMu9QBEdL97EFgamLbN5DE1AoKBG4HdrKKJo4Vuon3,DD4ACBWyVqdaKWh7v5btsgqQCCMwbKnuL2xd9pv7Gyuw,GcYqiJ1MAuYbNTNYXm1F1gQYTfTgkErACAhNU5dpVj9T,116.08395973000006,115.59946700999808,116.67255878838039,1.0050704598615463,0.04666902351535216,0.9999908400839048,2074.04678949,2616.87671146,4701.415901575969
SoNcU2iwHMw6dGzsYNQkYFkUjwN1UdAjrWVRnStrZu2,8ivTTid27jZnYNc4w3CTA1Z6QS2twsFb8WMwUabeDJgc,CyXm53PMvHCbeXJBykU46Rcbo28xk5srhMZFg7gv6EYB,14.960380522000001,14.84395274700002,2427.9300478562704,162.29066127602007,0.9711720191425084,159.60807916943787,21.895290694,27.845515537,7997.770453903257
DFWzVTzNBrQZLjoQ4yQwkj9HuoXmfkuZP9V5vbymZe23,DhgiEgiNdqZdRdo195UUHnoEJUtefK8buko8nU97XJUZ,2K2kkXsouBHtWVjtcgkyiXd8eP3oVBvq1bTJzcVdLLr2,18.777443228995253,21.802394268008356,15.673727481251426,0.8347104177127154,0.006269490992500571,0.9998695630160263,61551.58326261,7408.548448504,58785.32987580093
GokA1R67GqSavkd15zR62QD68Tuc5AEfvjssntVDEbM8,3YB7hfpBdbQEuZqLGWVDpRPmeZWCUsrrWyqGXegnQ6Cg,4DPCj6Z1DsG6HUtwSogBGqXEUxdEV5a8YVrrFtcnz7UW,52021.462103000005,52004.51019699997,52044.15335386229,1.000436190178918,5.204415335386229,1.0,22463.937487,40303.783062,62777.51909791166
AURHmCnNwiW4uA2Qj1XvEh4iKgRUZYXtiY7FKAapUV5Y,BKWm4TRnTeKwfWXRyuzjRHU7iZDkPuXBX5b5V5jSVfGJ,A5Ww74HVrkj9nPeC7pHKLfgeDMEhBCpW1efQdz3TGLEg,0.03562474000000293,0.03163736400011885,5.457058191430087,153.1816987697212,0.0021828232765720348,136.66967704408637,289.875145248,1809.515001205,291709.39800132526
SERgf3DMJpQxUifu7VoFKmfne73d2fDJxSrxUMrcNJB,AJfM2GZ2tTB8UtN2krcyR9xufRJEx2mhSCbJyMgPo3GU,F4yRYkufQvERZcEKnKjJwRLU1btiMBUuEwq46hfm11QD,0.00025199800000308414,8.467800000033776e-05,0.03387859482345538,134.4399353290135,1.3551437929382153e-05,137.26521300060793,29.284890014,27.959719666,7774.95559499021
ACUSESXyNnwRLAg1dpSGMLSzUDdLjUMybY8rkXiAKhCP,AhFPQdu8GKBsxuhiH46UmCu1YpaLgNpoP325HnYtsgas,A8wxWpT3aFEr2XqZp1kDmbxbFfcBE95UUmdsNTDBJYbT,0.0,0.002101544000197464,0.0,0.9998695630160263,0.0,0.9877948922495207,1044.554751969,1841.328673742,2863.2735622724895
moFiBS1R4Lf3E3zzmBPnw3NF4RhWPkhREFviuzUaCAU,44ALBrpqi9PfZkBRTvbtRNtFJGsatfY4QydjtMbFWq8S,2ho8qEEie1UjVwWNBo9y4oAJZMyMLx8zPj9bxyUz6uWs,264.6641786930122,264.7180629610084,264.6898869629734,1.0000971354343762,0.10587595478518935,0.9998705627561689,33026.217430837,34085.857952611,67110.87141991695
RajgMbScQbqqrdJfR2rxfHJiTiY5b6bJ2tTXiF4aPxy,725ZA3fhyBAKb5iopNRrcbSuQa3LXA1656Q3mBvYPxeg,GLA6i1dSZpUfk2f9Nj8uiG7xyDdAR2reff8oEiZH3617,13944.902286829994,13937.62047520002,13942.339406000383,0.9998162137835823,5.576935762400153,0.9999908400839048,79256.69394159,102644.94423784,181886.1316724479
BSCuChvaSj9b5HUSqgDVRzcnr2sSn7cXaamt1jbKH6hn,GnKpRj5kBVPMJfiwZtEuD9GYApLzPdW5JFuZTcyX4BTc,3dmwD9okkomV9nDwyuh4UMhKdUR13QpuKxRo89ycZB5t,1.3682928309999625,1.3693447660000402,1.363564268284662,0.996544188050854,0.0005454257073138648,0.9999030094080874,1598.029731036,1510.332134858,3102.692887646651
STK75uPSyBnEhGTTzb1nwmP3n427XoXmfRhXxxhyady,6TYyD5fUmDe6N65avW1Ny2RxzRNobw2RRgKwH9CTzSAU,54zDfk4cx2vGrEajPtodWpArNe5eUurytyxd4X3aZAxK,1090.1022268859929,1223.38374522198,145983.72512931644,133.91746345325464,14.598372512931645,154.17922841930212,5900.345236834,1058.072015995,953291.9946534669
BUSDTd9WiT6uBHJRgNvFXBsA7JrifsAtWzKfioN7ERcy,DyBxrn7gSc1EwnpWhDyhzvMHPtxpmBqRqotapLcKcfTM,Cds99GeBgoCpqBsoRWu1C6fF9LiUMd4pXQQD24s9LPff,8218.79139983,8214.83879228,7986.709443725318,0.9717620335138958,0.7986709443725318,0.9661845083908294,474.98242304,394.23539917,842.4740206340367
BerKDkt6v49dT1bHRedgnpsJS263C1DSJtEGvY9Mg35V,78XKqNb8wbfsMMrvo8WPUpdx7GEkfQutpNVH943aCGFa,DKYQwn4nDvFHCszi5tXbqfVMAP7DaXXp1KGTXEnYnKVH,0.0010395030003564898,0.0010395030003564898,0.0010585319012590664,1.0183057681373222,4.2341276050362664e-07,0.9998593157948303,1338.317413093,5136.206757082,6498.300515268014
7dwD9TF6uikvHXxPFK9AsSim54yJoujQjY9vU6gNFumk,CquVr6atkvwueDYficKjn6SSEWq4F4rH4VSiBbW4GBWU,8BCa6ge3b7ho3TfZuM64Vk1hgbrJ3J7EPiAb9uP86CGd,4.6694000000000336e-05,4.680399999999968e-05,0.007254502952977687,155.36263659094604,2.9018011811910744e-06,162.07531607522952,0.003905817,0.003602213,1.19064783770704
ZUCKWFa4LTL833dPhhpeeRWZcaAEoMeYJPi2iKn4F8N,7eEYpq6ShaJ9opZWMxitRFrdCHh6vfyHhGfoSvFht3N2,H8VggnHmuwd1wvwpT8eg9cUJFEfZ7HAaeYjgXrSm7A2u,0.0053641920001155086,0.0010773559999961435,0.005371834912533188,1.0014248021729115,2.1487339650132753e-06,0.9998515560388812,1817.011925129,2030.15371529,3849.453158898952
KEN5P7p3asnb23Sw6yAmJRGvijfAzso3RqfyLAQhznt,9zj4aX38Uxf3h6AUjS4EipWS8mwbEofasHAf3a1uKGds,CwQDG1MWunn9cLNwcZLd8YBacweSR7ARo32w4mLua1Yr,532799.6360190021,533397.2753489986,531404.698684954,0.9973818725844656,53.1404698684954,1.0,1327362.261236,740032.521581,2063919.5792905125
SQDY9uoDoCbNq7F3HAHYYQZbrUzpKxDtdWLvYcqBLak,GiehZ4X2uQjhEKuxSm3ACmEFrabxh3RTvjbLfLjw1xGX,rxDQYV77NKRKYxCjq4cECX3QQsiSyLv1T1FT2X3zNA2,0.0010622399999817844,0.0010622399999817844,0.0010645135411644076,1.002140327216695,4.2580541646576306e-07,0.9998085416633142,168.702204443,237.865563988,406.88330500544987
BkMBnJpvHKtWhUvrgRrLesXfi9RUV3ELgdBaJcdH7hcY,5uerVwBnZQsuVhZ15igs7ZgmcqhHnYWbwoRtLyRqLvR,9YWiQh5d4jCtgMdzcGLv9bWgnLaFtzvDDh2nnhJdzhBX,0.027809854000224732,0.02575304399988454,0.027910548308796343,1.0036208139953124,1.1164219323518536e-05,0.9978768035548012,1114.122438073,1759.333019481,2873.7540780573836
CZgvH45CRmoaNJ7395Ao5CQZXkGznvqU7cErD6n7FaRg,4ZjU6MKvtqVQKCiowhvZ5yUsPxXX5SCzd5eFsPeXyey5,BsyWeshjDbCvjDojry3vKDCesmFRM37WtwcR4Kfgzqr,42.70270556,49.589840000000095,49.86537850095252,1.1677334690395322,0.01994615140038101,1.0,241.37528389,1813.96985504,2095.831852637272
ALBpShJ9NLpE739pcHDF2LNVk5J4VYPvvKuV6jMPitZi,D6d156U1bPiJpDYRLextvDRccgFk7QzkQbJg42ceKEu5,GNcM8U5g8RwTZffwwm3kSQqUNPSwv5d2fbN9sLxPJqt2,29459.949750999986,29317.923682999986,28664.76062646132,0.9730077908733815,11.46590425058453,0.9807806229133893,42269.251982,58022.169709,98035.33124285554
BSC8REUo9LpiiWUuqMuLXs2D2yJsJfGd4HdiF3wCLxk5,AZjEH1zWVx1UJ6udMyRijGTzPteuLnaY18yNNmprJEsh,Caf8ypkSVR8xYnXNhjvfvdGCC7mrM3C11rz8Xi6NA6aK,136.02365241400003,135.95710795500008,136.12654311710892,1.0007564177353196,0.05445061724684357,0.9998563276447117,3031.058095246,3317.266099433,6350.1403413454045
ercAoEmXjQzEvAFbdjAo81KtMxRGn9AW1ju882upmPH,CMRhskR2Eg6V42RTSdRTXGdozyPbWB8U9dVpijPWb9T4,7TKLLgrWswt6ZJ1pXhVR3FyufHGjJFqiEXxvWJfDcgRm,169.91679764100002,169.62447504700015,23369.56945254184,137.53536893931485,9.347827781016736,136.88815443831095,1063.36259994,923.156234335,272619.120675356
C98Sspw7XqnMsgxea3SLQVdbMDL8pKUc3RE82UvX9eq2,CSqgQJurPCzGxb4Cgwx5R61hWQUiaoUHcShNc8r1cKEL,6S2CR5EnukPhC914XkAns8m5GixjMAoUuZMsS5ubHuWc,89.36569699999927,86.82013299999983,0.0,0.0,0.0,1.0,950.456049,3899.587927,3899.587927
BSCNHw8CmxbZ8hCWWzMf5FaG2ajPT6JxfznKUNuRVrn4,7n9kgNL633yGzCYksgnzHyjG73ZLBAwvEae5sbAekbzW,SscdxE99omdG9AiMVwmaEMQySQnCgeAh1sPj2Leutm2,360.22993240100004,359.39873585700116,361.26631695409367,1.0028770084323253,0.14450652678163747,0.9998154310719779,4788.260479131,6902.195209263,11702.957623397857
B2izdXFYb2sNwbWWHmh75T4aQFtfXsUxem9u2p61HGzf,4DYwgJtxwuJdAjkj5RJSNH4e7U329V5cNp7d3a1nLrZv,EXNW64GEf1ACC6xY9BtKRiunrs6GoJSXBdxWN2eTPmrF,166334.72449799982,165105.545151,167133.4552807867,1.0048019485119386,16.71334552807867,1.0,11612.420439,28197.733736,39865.916420047055
MARpDPs5A7XiyCWPNH8GsMWPLxmwNn9SBmKvPa9LzgA,6YjT74rmcfCpw8LSjPNx5JTmZoYLGrTKnf9arfSgZ4SR,F8GSmi3vA8M8TsybLya1LQ4n1aFHCRbZ6k437PeTdXtg,62260.14755399995,65403.24710700044,59361.35452831858,0.9534406335422323,23.74454181132743,1.0,317146.877913,17969.748729,320350.4689323117
FrnkTEL6yZ5Aycq2TrEgu29dCrwKG4LPUZydfiwqspkc,DjvZuMZ46fxKBoBpGMPcRcos4xdTtHFxwMh69DpA2ZFY,9rvDPJLAng4uVVqnnSoEXgNDFhBZQTny9AoQioYDZbQX,624.582997370992,523.5641702390005,102278.46756467488,163.75480599886257,40.91138702586995,137.19158132092718,176.007188177,1442.208978444,226680.9533023013
HEDSDjj84KS7LKhZY7ejkCACTdPen62rKhCby1wXtgxc,EnnjMSFttpCTywBrYNt1J5QQeoSVkvzPipJDa8Y7kJow,6bjVT6JN2rSvpyn9PdfLYC8wJn4LWh49jpY47fnLDXZk,17.509219840998412,18.084823179000523,16.958918224595607,0.9685707517867669,0.006783567289838243,0.9998609613344387,39151.087423876,9072.788009027,46992.124720102314
SAMyS8Jr2HJrkFwYVKbpUwsNStnQmvz3f8Tup8bWUWF,6jPzm5TFfquvgm25sTyN3MMGBfufRaFHMxobDWv6hMFW,Cj9ECoDmxsHTDzCY5ZA6RWrPbg9uFzEC1Qc2kso2vJG6,4486.463750389983,124.36833229999627,4509.253472346688,1.0050796625638008,1.8037013889386755,0.017022754315693788,413.35941413,112446.41083464,2329.6067657909957
heyk4SZTeCUV6a65WiVA5bzic3KcxgVf1qxobfeV4tQ,9ZDpBKPqMABtGfq66FbVribaArMvtk63xxy91onZAtDt,DaTP4s6N7xxSPinbNZ3FB52EpRDRt87QShTuN3VPCW52,208.2128846420029,180.454996797999,31685.31469575046,152.1774925227589,12.674125878300186,137.53014832764026,637.08696921,4459.834283653,710311.9680407943
WiiQFxXqp8P9Fs1rt9SVcDyA3KUdJmUsog6wnVQAwba,3S2jpqSYxho6wiz3cafhjXruVY8cg4HYa2v3BqBHYFSj,Dfe67M6TfrG74gKRtdqys4e6E9QirPD53BkF4FujFjuv,25739.383211128996,25726.457435724005,25751.195722377175,1.0004589275178541,2.575119572237718,0.9998099431284808,10657.914112907,16128.884263789,26788.624181481067
C2ypsDADXcCRz8HbV2zX1AXPSja7a1P3xZtRC91xGhJh,J9bYNuDpY1d1T86gLaw7DGk5D3CsUAf2tzUwxMvb6FTv,A2NGvvPrMGzsJ4jb52KEnSBVmsA7C34dV1GC7PerdgvG,1.249253066,1.2490937139999998,171.81288951780968,137.5324937708095,0.06872515580712388,136.19511966579898,4.026985079,2.997632594,962.1042301466398
SEQV6QiTpvTzrceiaYg9Avnwf7oc8ZALpnQMz6TyT4A,3dFMPj4r9mMmPHF32mz1gNDX7f8ftidWof7S8YiYTs1j,Fc1ED3YPeQfXQosHbd8DTaBd2AV5gHQtwiSAL5C5pUhi,719.9410265799993,718.6199043540003,720.73860168253,1.0011078339378983,0.288295440673012,1.0000975875223952,1348.640578072,4275.075725039,5625.627566961473
daob129AwBGn9Y5r91uLoWZeYiGzbPmksauMhFZKTze,6VW5GQNyj4LStgmxEHLr5zUfW92vQnmbw8jTnCH7a38F,4VPCCUifPeBA1c7HWK358CHn2nyjm8pdTRk6Ps3KmnMQ,59.29155212600003,53.210499639000034,9083.389448898277,153.19871251802002,3.6333557795593108,137.654813485987,48.680086667,223.445774856,38216.113064684556
BUSDgu5JdqP1rndBvXvanbEufS94FNh1w5FJcAj6vawb,Bgzr8cWubt89JQFXndVjtdKmDbGzuPxNhvjH1EhWCwbo,Dxaf8xPBBQsasRKW5Aa4Sw2YrbfGofY9xZueyyF23FBW,10539.320291229997,10490.485987250002,10586.596112427536,1.0044856613036877,4.234638444971015,1.0,5222.84618707,9779.45578641,15025.729892516454
HDSBGqAuMRr6X2AfmmbXQPpRgU6VEhtfNVVZ3wUTZXg,DCZ1d8kNLgDcdSd99y4udLgwq46mfDXNS9KXj96kQf5L,Fq8GGYQM5Pz3q7LmVMbrXHJgsxA5ev86kTq8yGgGuYsa,400.3274131989965,401.0178539990011,399.0244503305961,0.996745256943589,0.15960978013223845,0.9998125091594074,54010.777073174,52832.755780776,106657.83599450756
Lee1XZJfJ9Hm2K1qTyeCz1LXNc1YBZaKZszvNY4KCDw,9DgFSWkPDGijNKcLGbr3p5xoJbHsPgXUTr6QvGBJ5vGN,2hNHZg7XBhuhHVZ3JDEi4buq2fPQwuWBdQ9xkH7t1GQX,4355.726305485841,3689.323000301006,708485.7240729886,162.6561621148424,70.84857240729886,137.67931870765932,7151.872282497,56454.57185117,8935923.087808168
SoN9GaFpSXfpyR5dth3x7PHPVhvJMpQqqDJfCSmPv1t,9kZ9iS68ViMPtoeqtnhAKuF2iqVyfHPdZHoUNdwCELr,BBhm5fJLjw3HRzjtKB8uMEYjGhY6EDm9co3cqpjrSzB9,4.049228840000002,3.9744322079999996,663.6826684534334,163.90347265565583,0.2654730673813734,160.49821213016597,3.719662159,5.928187984,1561.1291175694673
BUSD5rCfUDpCxKGMvYU2yThChxgHoioK74PTPociGnv2,CcFHbafgYDZ8yA8Me1PdtDiVb2eeaS61LbqyKKK5CsNZ,26R9s4nmF3CFDTkiePDwRmtscn8i7r2eygbSijditJ58,361.42682720999994,362.1274051799999,361.15708981433033,0.9992536873984927,0.036115708981433035,1.0,77.99900765,69.36349364,147.30428964768572
ALLwa5WNZbvQsRKAqe1jdRGemdYQnW8E5k4msbRFcYtu,CGoM82Hbz7QVqTgvQatYtjvDWBvoUJp5qm21P8iMs9yb,3dxNNww8TivyN5FMy5dCNdi3Zcxv6e4kUfSPxfFwpdNq,5.251185368000001,5.243742724999999,16202.361518049986,3085.46744831842,6.480944607219993,3088.3452028733964,4.74654018,3.880102101,26628.389927807788
TETFuZgEmET6d9vYmz9iMFCxK1jKdKYxf3oPz8hSzJK,Eu1Ze6Z84LWNkq7SNoAHBJbXx5t1P95EwyqYohrfCRFV,ASMbv7WNu3qe4pkhREmvyEdwFNDZQ6B6iSrjkj4u8bdC,231.416711206,231.50109899999998,232.11525137771966,1.0030185381517147,0.09284610055108787,0.9982969054792524,61.52424419,290.909653764,352.12416459498485
NorjjEePhxfwLF4vZjUHCrVVKLzQjEEGQFd3wgjEJmh,34M8pFVqgbV7aqHxvRT5tCv3vu2P1JJYT8J3VaxBK2oG,3AZWBSze3ucsY3xSeuLne3b2pauVqiaJ1SZSV5T9WGWw,0.00964700000031371,0.0010809999998855346,0.005720449287012564,0.5929770173967597,2.2881797148050255e-06,1.0,38120.278942,2260.698777,24865.148086359666
