0,1,2,3,4,5,6,7,8,9,10,11
KwnjUuZhTMTSGAaavkLEmSyfobY16JNH4poL9oeeEvE,J63v6qEZmQpDqCD8bd4PXu2Pq5ZbyXrFcSa3Xt1HdAPQ,BnKQtTdLw9qPCDgZkWX3sURkBAoKCUYL1yahh6Mw7mRK,614.8758099999874,29062.303537000018,12.416887688154095,0.020194139184227054,0.0012416887688154095,1.0,277906.361552,567.961806,6180.041551363214
C98Sspw7XqnMsgxea3SLQVdbMDL8pKUc3RE82UvX9eq2,CSqgQJurPCzGxb4Cgwx5R61hWQUiaoUHcShNc8r1cKEL,6S2CR5EnukPhC914XkAns8m5GixjMAoUuZMsS5ubHuWc,84.95322799999974,84.6739080000001,0.0,0.0,0.0,1.0,886.65785,1232.912156,1232.912156
NorjjEePhxfwLF4vZjUHCrVVKLzQjEEGQFd3wgjEJmh,34M8pFVqgbV7aqHxvRT5tCv3vu2P1JJYT8J3VaxBK2oG,3AZWBSze3ucsY3xSeuLne3b2pauVqiaJ1SZSV5T9WGWw,18.422904000001836,31.047164000003704,10.93694674570373,0.5936603016387992,0.004374778698281493,1.0,38117.80237,2264.194522,24893.220574782332
Cob4usZcpHEY7Qt4ZCwj6WVg9S44zvzYV2v9qYF65dTf,NhFM9UXE48PyNAyeyPYA3iXztqKVJwA4bTdLj4ysM8w,6TuFuynuBoeskxyR2cz4wxyidk8dpDK7kAWw3UkjQGx,398.5836759999993,27845.36933799994,5.412542542513851,0.013579438568161182,0.0021650170170055406,1.0,66030.662645,243.171793,1139.8311200027529
C2ypsDADXcCRz8HbV2zX1AXPSja7a1P3xZtRC91xGhJh,J9bYNuDpY1d1T86gLaw7DGk5D3CsUAf2tzUwxMvb6FTv,A2NGvvPrMGzsJ4jb52KEnSBVmsA7C34dV1GC7PerdgvG,0.22907544099999955,0.22992707500000087,34.66993228573804,151.34722488971707,0.013867972914295219,109.42959168755313,1.308109405,0.911216608,297.69278965124613
7dwD9TF6uikvHXxPFK9AsSim54yJoujQjY9vU6gNFumk,CquVr6atkvwueDYficKjn6SSEWq4F4rH4VSiBbW4GBWU,8BCa6ge3b7ho3TfZuM64Vk1hgbrJ3J7EPiAb9uP86CGd,5.880000000000642e-06,5.858999999999986e-06,0.0010480007514237825,178.23142031014763,4.1920030056951295e-07,178.97274298816112,0.003943601,0.003564582,1.3408366255127437
KEnkcdADoLR5jS2CLLLesy8TtFsyWL37BhXNfDMzWzP,3qsjFRuw1qeLMPo4DLwaQevenGAGBj9dA3Q6rb8ax2YR,77iEv8zPQAEyCcEbvBRSB6AFcUdfkhiqnAKtPxk76rNN,2.7733890000000043,26.802764000000003,0.03766106555111403,0.013579438568161182,1.5064426220445612e-05,0.999473277582714,114.352452,0.343666,1.8963270804663412
parEAJhzYzHW87y9VoZAQ22dzQ2MD2ekEtTReaxbMcz,3oyc6hpjYSJEquK6dSvG72NXyz3pqLZz5D8AC71pwgQb,Di2vordgFJVZ1aj1aBpvzXtLfZgJsuLLXawGtVFwX6Rz,9.496001207999882,11.048448269999966,1400.0243571181975,147.43304328339286,0.560009742847279,173.2397884672887,1103.666331423,142.935701645,187479.03672851383
DEDaBEWzMCXohXYXoLzB4jK1xqMsd3SS9izXp2xvg9pe,GC5zHpW5GuVdw3C7covC6viyGdLS8ZAaVGDKMeru7p78,F8juxtAFueW19vxkdDArUkjVWAv9QV6yy1wCXUWQiXvh,0.03180542000000486,2900.5380086004734,0.03180542000000486,1.0,1.2722168000001944e-05,0.0,44.72657371,8592215.8278677,44.72657371
SoN9GaFpSXfpyR5dth3x7PHPVhvJMpQqqDJfCSmPv1t,9kZ9iS68ViMPtoeqtnhAKuF2iqVyfHPdZHoUNdwCELr,BBhm5fJLjw3HRzjtKB8uMEYjGhY6EDm9co3cqpjrSzB9,1.299926640999998,1.274509445,234.50779196108795,180.40078921737268,0.09380311678443518,176.57761504384777,3.572227853,6.083408984,1718.6265736765176
KEN5P7p3asnb23Sw6yAmJRGvijfAzso3RqfyLAQhznt,9zj4aX38Uxf3h6AUjS4EipWS8mwbEofasHAf3a1uKGds,CwQDG1MWunn9cLNwcZLd8YBacweSR7ARo32w4mLua1Yr,40427.852505000774,40433.66473199974,40390.65271385132,0.999079847460489,4.039065271385132,1.0,1124651.004644,1081799.77388,2205415.928046013
7oAd7xG4m3oC2qeWB1szghTebAZyyGPAFDJ4wwwbRSNi,D9yh4KAysxt9GLacVe4Wwh2XqghhcjTCSTV9HuM7TBJd,HDYfJLpZKaMFb84jM4mRytn7XLR8UFZUnQpSfhJJaNEy,319.35277269996004,7.31379901199989,319.166976347186,0.9994182096770188,0.1276667905388744,0.023052059398379583,962.313637935,299832.655821444,7873.513964742605
B2izdXFYb2sNwbWWHmh75T4aQFtfXsUxem9u2p61HGzf,4DYwgJtxwuJdAjkj5RJSNH4e7U329V5cNp7d3a1nLrZv,EXNW64GEf1ACC6xY9BtKRiunrs6GoJSXBdxWN2eTPmrF,7436.117857999998,7359.339626999994,7524.751910756802,1.011919398596063,0.7524751910756803,1.0,9661.295825,30214.286,39990.73866089265
ALBpShJ9NLpE739pcHDF2LNVk5J4VYPvvKuV6jMPitZi,D6d156U1bPiJpDYRLextvDRccgFk7QzkQbJg42ceKEu5,GNcM8U5g8RwTZffwwm3kSQqUNPSwv5d2fbN9sLxPJqt2,5662.464849999997,5653.647275000003,5673.130335029853,1.0018835410571876,2.2692521340119414,0.9978556082977681,44172.740571,56123.921958,100259.51202693052
KysFMBBoavfov2tLpvefWW6tPFt6rAeZWDJVy1mMQae,B8ka2V21TH3x64dFV8ETcjuQcwmrciJ2qzy1mJUttRew,7fSf7EYxBANyxzk2s5pymFgshA91tFYQNKKs5UnLWcYS,130.3040049999995,172.63928200001828,0.0,0.0,0.0,0.019992732241975397,134466.315593,2638.8263,52.757347648982645
BSC8REUo9LpiiWUuqMuLXs2D2yJsJfGd4HdiF3wCLxk5,AZjEH1zWVx1UJ6udMyRijGTzPteuLnaY18yNNmprJEsh,Caf8ypkSVR8xYnXNhjvfvdGCC7mrM3C11rz8Xi6NA6aK,92.01444782199997,91.89260561899982,92.13021210528642,1.0012581098515136,0.036852084842114566,0.9998015703821277,2820.524466949,3529.504446858,6352.8770852066355
STK75uPSyBnEhGTTzb1nwmP3n427XoXmfRhXxxhyady,6TYyD5fUmDe6N65avW1Ny2RxzRNobw2RRgKwH9CTzSAU,54zDfk4cx2vGrEajPtodWpArNe5eUurytyxd4X3aZAxK,333.3097936830004,374.5471744629972,50469.099552484186,151.41799163718431,5.0469099552484185,170.27612316684983,1931.838455052,344.707396033,351210.538054894
vEnkoSUkpnbRrPgBz9DfcVxNz67zjwMYBZraAvDDNSf,DtfyjjsZ5yCjWKLKHvwsfXs5QVsmm1QkK6Sh9JZHoq1g,e5wrKCRv4GhHvEf1VD5Pq2KGaZDXP77nTL612Jyrxwy,1532.2966079999994,1532.1325870000003,1529.7281943616663,0.9983238143157639,0.15297281943616664,0.9978396770990805,884.600749,1060.341704,1941.1690174223104
Dg3mAgpwDfVNnbGWcsxL8sUcSkEbjSJQhKAWNigG44Ju,EATxwd8YA2wV93VJcKMmH2Kn2Y9XfJVUB9hHVu3udwEy,GiGvrRi7NMHfHKanG2B8xyCEqe8jaafWins8bhrLVEaa,0.0034525669999999897,0.003487372000000044,0.6223731271258726,180.26388108496502,0.00024894925085034906,179.1723598684015,0.200062769,0.259475304,82.55489374579571
MiMuMS9C4vBqcrYeeQPph1E7oAW9aNKvW9k6Zw9XffM,Afy2q2hh6Y474pshJa5fnQ6PfEchGyTbKrQpCZw2hr3m,5pXz9ksgjeL8Wgb37bksUaBFMLdFfsNNY3FQnikkCPtS,0.4026161720008261,0.889137058999669,0.0,0.0,0.0,0.020382748889262482,26.011788496,7673.365765051,156.40428752449805
SBFjafzbDXgDRsA5SUypY8FXjJ9sBdb4JbuQq2PHQDG,46xwHtnXoQR3wCHUbm2eCAbPYWbioDQ59Te1Db8M5DDL,FC38fiikZwFvDt5zTjNtGfKd7LjaPz2uUAzLwKP5pRJY,30.97909243600043,11.102429647999998,101.89197206503516,3.289056071462821,0.04075678882601407,1.218433435762971,201.207276556,9539.480010813,12285.003419546078
KZMu9QBEdL97EFgamLbN5DE1AoKBG4HdrKKJo4Vuon3,DD4ACBWyVqdaKWh7v5btsgqQCCMwbKnuL2xd9pv7Gyuw,GcYqiJ1MAuYbNTNYXm1F1gQYTfTgkErACAhNU5dpVj9T,100.76766331999988,100.19424211000046,101.37891838429533,1.006065984306437,0.040551567353718135,0.9998464435831944,2012.68826303,2678.86142304,4703.347265126049
BUSDTd9WiT6uBHJRgNvFXBsA7JrifsAtWzKfioN7ERcy,DyBxrn7gSc1EwnpWhDyhzvMHPtxpmBqRqotapLcKcfTM,Cds99GeBgoCpqBsoRWu1C6fF9LiUMd4pXQQD24s9LPff,2356.530099519999,2351.3989502299996,2352.6467971900893,0.9983521100236739,0.23526467971900894,0.9991018074750799,227.78378478,189.87057001,417.10845184760615
BerKDkt6v49dT1bHRedgnpsJS263C1DSJtEGvY9Mg35V,78XKqNb8wbfsMMrvo8WPUpdx7GEkfQutpNVH943aCGFa,DKYQwn4nDvFHCszi5tXbqfVMAP7DaXXp1KGTXEnYnKVH,0.0035751339999023912,0.001159281999889572,0.003582309710153561,1.0020071164469264,1.4329238840614246e-06,0.9998015703821277,1338.317413093,1742.595280801,3083.253070269351
AURHmCnNwiW4uA2Qj1XvEh4iKgRUZYXtiY7FKAapUV5Y,BKWm4TRnTeKwfWXRyuzjRHU7iZDkPuXBX5b5V5jSVfGJ,A5Ww74HVrkj9nPeC7pHKLfgeDMEhBCpW1efQdz3TGLEg,0.008455620999939129,0.007546433000015895,1.4265800512348634,168.7138119417998,0.0005706320204939454,151.6918035154272,289.896593758,1809.491102013,323394.5281113254
MAR3XM1n9xWPQ3HJjAcC85o8DopWFP5p2WxGTaZ3fPB,6qG7GUhER8Cg9gDEgnebph9LdS6eu2eoWcA4R7z9uizK,4QV4CwRXVMY227KkFF9voNAfwWHVvVajXSXDKbUHkWZR,0.8832360000000001,0.017943,0.8369739394450538,0.9476220845222043,0.0003347895757780215,0.019363147998639547,0.113085,24.226604,0.5762651621846263
BkwbeSfcX1h4thMDd7obGkHrPevf3QwgzJ4pCEqG18Lu,35yX27bmurdebhfAb8EPmjLETDiUaEUCn9zHaDPbakH2,2CxECn1ZJFoESyUnQysQU8rRgT3iJ5GRs2Mdd6gZjx5g,0.02145271999999976,0.01471744000000108,51.20469734580809,2386.8627076570556,0.020481878938323237,1567.398119122257,0.90645888,22.6302664,37634.22988729219
RajgMbScQbqqrdJfR2rxfHJiTiY5b6bJ2tTXiF4aPxy,725ZA3fhyBAKb5iopNRrcbSuQa3LXA1656Q3mBvYPxeg,GLA6i1dSZpUfk2f9Nj8uiG7xyDdAR2reff8oEiZH3617,2057.048501209996,2056.291256719982,2058.1344552739774,1.0005279185509444,0.8232537821095909,0.9998464435831944,77424.20171832,103963.29357892,181412.40473877787
KEVpg4SYCVrqFxKijQH6hm4QxsRdoE51ud64bEEFUC9,2bPenuBYfqzD8p5dFjCcggwkHDsc2RQDnx9AoyYGUBjA,AE6n6iLuX8oYu61vt5hoDYkjswpnxFxrhSehxrnQTnbx,2628.6797080309993,2626.262157794,2630.4134556262175,1.0006595507204326,1.052165382250487,0.9997955098247846,2198.576852425,5436.34348024,7635.258726781138
YAkoNb6HKmSxQN9L8hiBE5tPJRsniSSMzND1boHmZxe,CfWX7o2TswwbxusJ4hCaPobu2jLCb1hfXuXJQjVq3jQF,EnTrdMMpdhugeH6Ban6gYZWXughWxKtVGfCwFn78ZmY3,4162862.8611050043,4164266.1815020074,4162862.8611050043,1.0,416.28628611050044,0.9992365832503967,1099949.836346,374826.121891,1474489.8096973596
MiMUFdSLMyCLpqpH6zkqdDrGYs7XBomwENbivdYjv9V,,,0.021239346999999964,0.013399172,0.0,0.0,0.0,0.9992365832503967,1099949.836346,374826.121891,374539.97335135954
4vezWG46exH6pf9nry3n1VJ7hZHvjBJNgNeF4qEFCML5,,,0.13519999999999932,0.13455700000000093,0.0,0.0,0.0,0.9992365832503967,1099949.836346,374826.121891,374539.97335135954
heyk4SZTeCUV6a65WiVA5bzic3KcxgVf1qxobfeV4tQ,9ZDpBKPqMABtGfq66FbVribaArMvtk63xxy91onZAtDt,DaTP4s6N7xxSPinbNZ3FB52EpRDRt87QShTuN3VPCW52,74.81280988300296,65.10821298199994,12984.737194868045,173.5630196910717,5.193894877947218,151.4199404919634,632.173478693,4465.748139526,785925.2554696896
JSoLLrxK5bYdHwTEWYaGgmeycBCNXKDiBCTw5hXGBg7,xG4wXczA7Dk4hccJ61CHKpDHW4NrNfQwgmWgkb9BuF2,BVR6WgfhsRr9Lob4QDnkEAiNGgAbv7ZieKcY9kSg3QYR,1.3660907039999302,1.1671088090000055,238.10810122093417,174.29889576420567,0.09524324048837367,151.40334244074904,17.422635918,163.460504499,27785.21294000888
SAMyS8Jr2HJrkFwYVKbpUwsNStnQmvz3f8Tup8bWUWF,6jPzm5TFfquvgm25sTyN3MMGBfufRaFHMxobDWv6hMFW,Cj9ECoDmxsHTDzCY5ZA6RWrPbg9uFzEC1Qc2kso2vJG6,5115.189342329977,100.14823674999991,5109.09603004071,0.998808780695791,2.0436384120162843,0.01948111580506432,453.48922009,110254.38894653,2600.8275340607324
ALLwa5WNZbvQsRKAqe1jdRGemdYQnW8E5k4msbRFcYtu,CGoM82Hbz7QVqTgvQatYtjvDWBvoUJp5qm21P8iMs9yb,3dxNNww8TivyN5FMy5dCNdi3Zcxv6e4kUfSPxfFwpdNq,1.1233493989999994,1.1205165400000006,3558.6194411885813,3167.865175658124,1.4234477764754325,3163.4157297683746,1.950561156,6.680916715,27313.631784587313
TETFuZgEmET6d9vYmz9iMFCxK1jKdKYxf3oPz8hSzJK,Eu1Ze6Z84LWNkq7SNoAHBJbXx5t1P95EwyqYohrfCRFV,ASMbv7WNu3qe4pkhREmvyEdwFNDZQ6B6iSrjkj4u8bdC,256.964787135,257.26886028900003,255.98781399468214,0.9961980271646924,0.10239512559787285,0.9982331273645647,318.793104479,33.944866629,351.46595212872717
FrnkTEL6yZ5Aycq2TrEgu29dCrwKG4LPUZydfiwqspkc,DjvZuMZ46fxKBoBpGMPcRcos4xdTtHFxwMh69DpA2ZFY,9rvDPJLAng4uVVqnnSoEXgNDFhBZQTny9AoQioYDZbQX,15.486128645000662,12.966525022000269,2784.0741789783224,179.77857751279217,1.113629671591329,151.55372882794407,175.073755265,1440.892813146,249847.18935502676
Sid7E679i9ABqptiAVhkmQ27YHN8vaYT4fppPwmxFsJ,GP7KB8o1bv527HG8kTzzzf4wJ5aEGHvcMQvVhLziUfmT,9gYxhAZ1M9wu5pxr8SBoa5NDm21gi3s9vMHaYTME77sa,35166.76154699999,61942.373869,312.3147790110398,0.008880965015605277,0.12492591160441592,0.01956565995802579,128046.979672,11762.902196,1367.3296913074028
HDSBGqAuMRr6X2AfmmbXQPpRgU6VEhtfNVVZ3wUTZXg,DCZ1d8kNLgDcdSd99y4udLgwq46mfDXNS9KXj96kQf5L,Fq8GGYQM5Pz3q7LmVMbrXHJgsxA5ev86kTq8yGgGuYsa,155.72799316700002,156.26758189199973,154.806609307075,0.9940833767828952,0.061922643722830004,0.9997082301544883,13657.936475477,13052.8394482,26626.15863467916
SRMuKizofcAMicegrfSv7xs9q76tH1w8aAF7oX9FEWu,72Hj2KWntXPfbie4UgKeTPnm1XVkomDfCnRPKbvfTtPi,6aqJQ5wedqpUt4fFEDUqUmXhrdxCu4bEJsQdVPCADLko,0.025111000000379136,0.025111000000379136,0.0012074420088062886,0.0480841865631818,4.829768035225155e-07,0.04838261982113042,17971.450574,3892.899651,1052.4912660273608
daob129AwBGn9Y5r91uLoWZeYiGzbPmksauMhFZKTze,6VW5GQNyj4LStgmxEHLr5zUfW92vQnmbw8jTnCH7a38F,4VPCCUifPeBA1c7HWK358CHn2nyjm8pdTRk6Ps3KmnMQ,29.231226517000188,26.137914648,4870.19573883254,166.60935304921776,1.948078295533016,151.50691045744634,48.023749272,224.240474699,41975.18731836241
ercAoEmXjQzEvAFbdjAo81KtMxRGn9AW1ju882upmPH,CMRhskR2Eg6V42RTSdRTXGdozyPbWB8U9dVpijPWb9T4,7TKLLgrWswt6ZJ1pXhVR3FyufHGjJFqiEXxvWJfDcgRm,18.13127837199994,17.814955175000023,2746.3257603400566,151.46895348433878,1.0985303041360228,147.87338843884444,311.130661359,910.739362749,181800.75122726645
HuonfMR5ivyhX5BZBw2Lr3XuNPSTVrSmZMWgBZrMQJU2,E7L8CZxreEeNwM1V8DLxa8AZQKu6oday6RvXxRo27CHi,48UJw19Ra8y5Kv989DsXPrfUHeUWUbHvXZmdPBbGuHdz,307.32385186999943,1599.1731677500009,3.089582520842304,0.010053181691049556,0.0012358330083369216,0.9994812892005307,4804.38711906,11.29537059,59.58888818133927
MiMy69CnJDY4V6cQWkU3HHfTyb8pqXJmhX4MisFYDnM,,,0.009135077999999991,0.005901059,0.0,0.0,0.0,0.9994812892005307,4804.38711906,11.29537059,11.289511559290958
moFiBS1R4Lf3E3zzmBPnw3NF4RhWPkhREFviuzUaCAU,44ALBrpqi9PfZkBRTvbtRNtFJGsatfY4QydjtMbFWq8S,2ho8qEEie1UjVwWNBo9y4oAJZMyMLx8zPj9bxyUz6uWs,376.446721635999,376.4197215310014,376.50334999885894,1.000150428625368,0.1506013399995436,0.9995672453576604,32161.139099691,34952.806679897,67103.65774617951
WiiQFxXqp8P9Fs1rt9SVcDyA3KUdJmUsog6wnVQAwba,3S2jpqSYxho6wiz3cafhjXruVY8cg4HYa2v3BqBHYFSj,Dfe67M6TfrG74gKRtdqys4e6E9QirPD53BkF4FujFjuv,27306.079827771995,27281.863685471,27299.2906579811,0.9997513678333281,2.72992906579811,0.9995672453576604,14393.728615988,12400.413286048,26785.196821687252
MATSnbbiTCv7Dc3trJrkrqjx7ckKdr6fwPoVwv9q3sD,631WX9JizSHJm4w6VanZeJAst9T8DeUUnPLesdGkCVtK,211maUSfpnXbPuW1iBu8b4dtJv5EbN1j7JJiEX5TZKEP,805.3041530000046,805.0748979999953,805.442689142537,1.0001720295890892,0.3221770756570148,1.0003090955105127,21763.567149,23783.17483,45557.83722907945
SUiuyGR7SFq3xeRVJonq84fjjeFwRSsFekcevJ53tzy,49GjCCPsv7fBqo6t3iKDrP1xxGDS8uWZbVCdfnp2gjMf,CEwj5xEbbJEjYqM8D6Ai8ByGz1mrh8mkAVsE5fzDSSSx,8.181810999999918,169.0438450000001,0.07267370424686194,0.008882349426901045,2.9069481698744778e-05,0.9350994244463043,638.935964,1.722302,7.285776102584586
AUSejoEUCh2DBs9mof6BNC8Pubs22w4cJa1ccV9h44R,4xkyD7AfGQDwsQMy9MosRRNGoVJ1zosNinesxg1TzHG7,Cbm5gsQe3nSiCsFrvepVzMCD9xLK3ri9g3ypS2hdmVJ7,2514.1409810000005,2512.220830999997,2514.8350754808334,1.0002760761970304,0.2514835075480833,1.0,14269.357914,14605.813052,28879.110396066964
DA1mL7dfBow33EH5yjUuZE6SH2KeUK5zEXzsyhE5r5j5,B4UtLRZND3D83CitRCBUyeiNr7H8m7YFRqBmiPmXjhW4,AAmpYbuixWiSqDaJBCqYEs1pb5SrbdPr9mgXrB58Q2e,40.03402086299957,33.57590979500003,46.50167509437507,1.161553950663823,0.01860067003775003,0.9998015703821277,191.624240766,2942.196036527,3164.1941115964696
BUSD5rCfUDpCxKGMvYU2yThChxgHoioK74PTPociGnv2,CcFHbafgYDZ8yA8Me1PdtDiVb2eeaS61LbqyKKK5CsNZ,26R9s4nmF3CFDTkiePDwRmtscn8i7r2eygbSijditJ58,507.84470059,505.07165583999983,507.1678090736199,0.9986671289163918,0.050716780907361994,1.0,73.82919643,73.87849931,147.60929093895243
GokA1R67GqSavkd15zR62QD68Tuc5AEfvjssntVDEbM8,3YB7hfpBdbQEuZqLGWVDpRPmeZWCUsrrWyqGXegnQ6Cg,4DPCj6Z1DsG6HUtwSogBGqXEUxdEV5a8YVrrFtcnz7UW,10243.171588999998,10241.264095000006,10246.440203424889,1.000319101793472,1.024644020342489,1.0,12169.604935,20414.266129,32587.754406760603
DFWzVTzNBrQZLjoQ4yQwkj9HuoXmfkuZP9V5vbymZe23,DhgiEgiNdqZdRdo195UUHnoEJUtefK8buko8nU97XJUZ,2K2kkXsouBHtWVjtcgkyiXd8eP3oVBvq1bTJzcVdLLr2,1720.9661210440026,1940.167685995002,1547.6256377976486,0.8992772250849428,0.6190502551190594,0.9998015703821277,58453.302600065,10115.392829121,62679.109394824205
SHRJZYZxBfNz1SL5puXfaymPnndnJTY6MJrTrzpsYMc,BKJWe131yeNE594dMwrLyT25RPsytUgcTdMpph8rbuda,EreMRai79gFEuXwrMnj6kpV4pvVAUqukjSuy87XQTT8K,0.006217,0.005778999999999999,0.005930197841778087,0.9538680781370575,2.3720791367112348e-06,1.000319101793472,0.013648,0.006736,0.01975654100009539
BSCuChvaSj9b5HUSqgDVRzcnr2sSn7cXaamt1jbKH6hn,GnKpRj5kBVPMJfiwZtEuD9GYApLzPdW5JFuZTcyX4BTc,3dmwD9okkomV9nDwyuh4UMhKdUR13QpuKxRo89ycZB5t,28.392162513999892,28.41062140200006,28.379196881941244,0.9995433376357911,0.011351678752776498,0.9999290050406422,1598.371607565,1511.363335492,3108.897727721227
AyiATPCAx5HZstcZ1jdH9rENwFb3yd9zEhkgspvDrCs4,DvHVapj4g2Y1tJVSw2ubSPkPBsJPb8fW387ZWXwaKmZq,DKjqWWgrtDRPKrnMWtZ4UiJk4sGQVCQgFjSo7BvfngvK,0.0031263400000000052,0.003154880000000082,7.407510958417261,2369.3875133278048,0.002963004383366905,2475.4313439116763,0.80222563,0.31854276,2689.314123073666
MARpDPs5A7XiyCWPNH8GsMWPLxmwNn9SBmKvPa9LzgA,6YjT74rmcfCpw8LSjPNx5JTmZoYLGrTKnf9arfSgZ4SR,F8GSmi3vA8M8TsybLya1LQ4n1aFHCRbZ6k437PeTdXtg,29853.105656000032,31169.62213699981,28435.726851106625,0.9525215627068758,11.37429074044265,1.0,295490.712894,16372.900995,297834.17660616164
SoNcU2iwHMw6dGzsYNQkYFkUjwN1UdAjrWVRnStrZu2,8ivTTid27jZnYNc4w3CTA1Z6QS2twsFb8WMwUabeDJgc,CyXm53PMvHCbeXJBykU46Rcbo28xk5srhMZFg7gv6EYB,10.343071685000005,10.242664252000004,1852.3127396076102,179.08729592331053,0.740925095843044,176.625114430996,21.197440889,28.565378252,8841.555571829409
RoBgmK8CvjdHvPrqdDyVw54VwjZv2TqJ493xnqJAQHx,ExiHJxM7qPAcy27NDHAF6G7vnW7muNHi2sVJpnaNynGQ,6rkPHSqZb7StM4HwS9EuVrmfkV7tRdc7dnsFhyB6cefE,87.06269700000003,88.24735500000007,0.0,0.0,0.0,0.9538426026167718,6313.486553,18.160758,17.32250467621336
wrmcMSHFi3sWpAEy4rGDvQb3ezh3PhXoV2xNjgLBkKU,8p4mGnARWPBu6P2Gcw4adodLkNDorrXniZMhaY7eJXUn,AyY89zccbsgp9LKFgH4CFZMJmpSgqmPSdTfukhP227rc,0.039672789999999736,0.32233781999999644,15.81219210840962,398.5651654045437,0.006324876843363849,3166.059838530948,26.96829748,0.10868961,11092.74175488173
BSCNHw8CmxbZ8hCWWzMf5FaG2ajPT6JxfznKUNuRVrn4,7n9kgNL633yGzCYksgnzHyjG73ZLBAwvEae5sbAekbzW,SscdxE99omdG9AiMVwmaEMQySQnCgeAh1sPj2Leutm2,3.0301086930003294,3.031409199999871,3.043081966124475,1.0042814547062666,0.00121723278644979,0.9998105568954899,4296.916187138,7401.031254099,11714.942418931503
HEDSDjj84KS7LKhZY7ejkCACTdPen62rKhCby1wXtgxc,EnnjMSFttpCTywBrYNt1J5QQeoSVkvzPipJDa8Y7kJow,6bjVT6JN2rSvpyn9PdfLYC8wJn4LWh49jpY47fnLDXZk,61.234890802004884,63.128955834996304,55.483220476496804,0.9060720081284155,0.022193288190598723,0.9998105568954899,39114.435616707,9108.334980338,44547.104695121736
BSCrK1Nx9PXU9mF7STWWBqeHLxmtJDr9h7jheEy4tAWX,FfSySSbVJPvEo5a5AvrP3nySoXpRE2QPn1uUMpJJ1x7v,HL7Vcj6838ZmvBHDbQxXfjBNckNi83WvPiZQoMQLFeRM,0.222892141,0.222510718,707.6008374682932,3174.6334092070715,0.2830403349873173,3166.360585143436,0.845156664,0.959021682,5719.671035731158
MATgk4zXLXtYkwBH678J1xZbRDZ45LicNzkRBHkxTuY,y8dALFo1bJrSzPYjMX14HJX448pXqYmrfXHD1K8MXih,GN7Yuet3UyiWS5YVkEHv6oQKi4HGBJc3XDPt9zQhAqZz,5445.48054,5428.604713999999,5458.712459000617,1.0024298900534896,2.1834849836002466,1.0,3704.677724,6363.044893,10076.724576552933
SEQV6QiTpvTzrceiaYg9Avnwf7oc8ZALpnQMz6TyT4A,3dFMPj4r9mMmPHF32mz1gNDX7f8ftidWof7S8YiYTs1j,Fc1ED3YPeQfXQosHbd8DTaBd2AV5gHQtwiSAL5C5pUhi,2673.1049307539993,2672.2419499660004,2669.3797419202765,0.9986064187788273,1.0677518967681106,1.0000340011560394,2537.502916952,3086.967989057,5621.039650075549
Lid8SLUxQ9RmF7XMqUA8c24RitTwzja8VSKngJxRcUa,4PgzyzLtds9bKZ2to9PMnKqJzKEUpjvNUaeN23phegax,AtymwxoVN9peZo7EXTcDz9jKVc4vRmisJKKrNfe3ewBa,230.32692945300096,195.56058288400072,41095.024827735266,178.420408439999,4.109502482773526,151.19210438544795,982.496604082,7682.355315905,1336808.912239632
BUSDgu5JdqP1rndBvXvanbEufS94FNh1w5FJcAj6vawb,Bgzr8cWubt89JQFXndVjtdKmDbGzuPxNhvjH1EhWCwbo,Dxaf8xPBBQsasRKW5Aa4Sw2YrbfGofY9xZueyyF23FBW,7743.234568799993,7707.408681470004,7790.1596862927345,1.0060601441265666,3.116063874517094,1.0,4846.25709365,10182.13402204,15057.760132151914
Lee1XZJfJ9Hm2K1qTyeCz1LXNc1YBZaKZszvNY4KCDw,9DgFSWkPDGijNKcLGbr3p5xoJbHsPgXUTr6QvGBJ5vGN,2hNHZg7XBhuhHVZ3JDEi4buq2fPQwuWBdQ9xkH7t1GQX,944.1210313760093,798.9689752309869,169072.75506808682,179.0795347728582,16.907275506808684,151.3710508617327,7122.693256062,56490.095359218,9826493.692429677
