0,1,2,3,4,5,6,7,8,9,10,11
MAR3XM1n9xWPQ3HJjAcC85o8DopWFP5p2WxGTaZ3fPB,6qG7GUhER8Cg9gDEgnebph9LdS6eu2eoWcA4R7z9uizK,4QV4CwRXVMY227KkFF9voNAfwWHVvVajXSXDKbUHkWZR,0.007327,0.3310680000000019,0.006881220756924892,0.9391593772246338,2.7524883027699572e-06,0.019832091203186398,0.105758,24.557672,0.5863536082584597
C2ypsDADXcCRz8HbV2zX1AXPSja7a1P3xZtRC91xGhJh,J9bYNuDpY1d1T86gLaw7DGk5D3CsUAf2tzUwxMvb6FTv,A2NGvvPrMGzsJ4jb52KEnSBVmsA7C34dV1GC7PerdgvG,0.0002091250000000322,0.00021000000000004349,0.03232889223630943,154.59123603731956,1.2931556894523774e-05,153.59277302996918,1.308319405,0.911007483,342.178879515583
BSCuChvaSj9b5HUSqgDVRzcnr2sSn7cXaamt1jbKH6hn,GnKpRj5kBVPMJfiwZtEuD9GYApLzPdW5JFuZTcyX4BTc,3dmwD9okkomV9nDwyuh4UMhKdUR13QpuKxRo89ycZB5t,488.2201309989998,489.10857337599987,487.9492176897447,0.9994451000848721,0.1951796870758979,0.9942700218639978,1667.004579649,1442.971652493,3100.7830154225794
JSoLLrxK5bYdHwTEWYaGgmeycBCNXKDiBCTw5hXGBg7,xG4wXczA7Dk4hccJ61CHKpDHW4NrNfQwgmWgkb9BuF2,BVR6WgfhsRr9Lob4QDnkEAiNGgAbv7ZieKcY9kSg3QYR,0.8483766640000852,0.7234932450000002,149.7590821302324,176.5242827685998,0.059903632852092964,154.55620884747742,17.198049953,163.724080549,28340.446619664337
BSCrK1Nx9PXU9mF7STWWBqeHLxmtJDr9h7jheEy4tAWX,FfSySSbVJPvEo5a5AvrP3nySoXpRE2QPn1uUMpJJ1x7v,HL7Vcj6838ZmvBHDbQxXfjBNckNi83WvPiZQoMQLFeRM,0.01505751200000005,0.015048763999999992,48.19637667242831,3200.819409768901,0.019278550668971325,3193.7657692184853,0.845148488,0.95904115,5768.120480669169
AURHmCnNwiW4uA2Qj1XvEh4iKgRUZYXtiY7FKAapUV5Y,BKWm4TRnTeKwfWXRyuzjRHU7iZDkPuXBX5b5V5jSVfGJ,A5Ww74HVrkj9nPeC7pHKLfgeDMEhBCpW1efQdz3TGLEg,0.006417068000018844,0.0057271030000265455,1.1054439739503938,172.26620848448974,0.00044217758958015757,154.59128383423484,289.902320861,1809.484684945,329670.93416961195
WiiQFxXqp8P9Fs1rt9SVcDyA3KUdJmUsog6wnVQAwba,3S2jpqSYxho6wiz3cafhjXruVY8cg4HYa2v3BqBHYFSj,Dfe67M6TfrG74gKRtdqys4e6E9QirPD53BkF4FujFjuv,12673.981485070002,12690.412007678,12655.583418020473,0.9985483593240844,1.2655583418020473,0.9996252255085784,19020.134569809,7778.232454703,26767.84154039671
7oAd7xG4m3oC2qeWB1szghTebAZyyGPAFDJ4wwwbRSNi,D9yh4KAysxt9GLacVe4Wwh2XqghhcjTCSTV9HuM7TBJd,HDYfJLpZKaMFb84jM4mRytn7XLR8UFZUnQpSfhJJaNEy,6.891136422999921,301.2480248369975,6.888553800851674,0.9996252255085784,0.00275542152034067,0.022772700710578776,955.422501512,300133.903846281,7789.923998918888
KZMu9QBEdL97EFgamLbN5DE1AoKBG4HdrKKJo4Vuon3,DD4ACBWyVqdaKWh7v5btsgqQCCMwbKnuL2xd9pv7Gyuw,GcYqiJ1MAuYbNTNYXm1F1gQYTfTgkErACAhNU5dpVj9T,611.9559570599997,613.20856329,606.895023049092,0.9917299048199125,0.2427580092196368,1.0,2040.9056504,1347.30234135,3371.329507767614
vEnkoSUkpnbRrPgBz9DfcVxNz67zjwMYBZraAvDDNSf,DtfyjjsZ5yCjWKLKHvwsfXs5QVsmm1QkK6Sh9JZHoq1g,e5wrKCRv4GhHvEf1VD5Pq2KGaZDXP77nTL612Jyrxwy,743.268217,743.0688340000002,741.8846022168656,0.9981384717501859,0.07418846022168656,0.9971014261541699,917.852833,1027.219064,1940.38581770935
heyk4SZTeCUV6a65WiVA5bzic3KcxgVf1qxobfeV4tQ,9ZDpBKPqMABtGfq66FbVribaArMvtk63xxy91onZAtDt,DaTP4s6N7xxSPinbNZ3FB52EpRDRt87QShTuN3VPCW52,63.367363794000084,55.10074731199995,11130.983379768535,175.65798406817214,4.452393351907414,154.39341913490279,634.078563367,4463.58672463,800529.3782026775
MARpDPs5A7XiyCWPNH8GsMWPLxmwNn9SBmKvPa9LzgA,6YjT74rmcfCpw8LSjPNx5JTmZoYLGrTKnf9arfSgZ4SR,F8GSmi3vA8M8TsybLya1LQ4n1aFHCRbZ6k437PeTdXtg,31388.708982000062,32780.83809200053,29846.481585513415,0.950866810184164,11.938592634205365,1.0,295679.105664,16215.12144,297366.56948083406
KwnjUuZhTMTSGAaavkLEmSyfobY16JNH4poL9oeeEvE,J63v6qEZmQpDqCD8bd4PXu2Pq5ZbyXrFcSa3Xt1HdAPQ,BnKQtTdLw9qPCDgZkWX3sURkBAoKCUYL1yahh6Mw7mRK,221.09590699999944,11164.557813999825,4.402828882869112,0.019913660739405377,0.00044028288828691116,1.0,278288.582901,560.301084,6102.045511540402
Lee1XZJfJ9Hm2K1qTyeCz1LXNc1YBZaKZszvNY4KCDw,9DgFSWkPDGijNKcLGbr3p5xoJbHsPgXUTr6QvGBJ5vGN,2hNHZg7XBhuhHVZ3JDEi4buq2fPQwuWBdQ9xkH7t1GQX,1054.622577766375,891.6870530810047,192386.8497786349,182.42246452384728,19.23868497786349,154.30110471875923,7122.872662668,56490.57336155,10015929.861496713
C98Sspw7XqnMsgxea3SLQVdbMDL8pKUc3RE82UvX9eq2,CSqgQJurPCzGxb4Cgwx5R61hWQUiaoUHcShNc8r1cKEL,6S2CR5EnukPhC914XkAns8m5GixjMAoUuZMsS5ubHuWc,34.609416999999894,34.52811500000007,0.0,0.0,0.0,1.0,888.741682,1230.84078,1230.84078
ercAoEmXjQzEvAFbdjAo81KtMxRGn9AW1ju882upmPH,CMRhskR2Eg6V42RTSdRTXGdozyPbWB8U9dVpijPWb9T4,7TKLLgrWswt6ZJ1pXhVR3FyufHGjJFqiEXxvWJfDcgRm,1.4843755890000239,1.5156696089999286,228.87975042384065,154.19261278611404,0.09155190016953625,149.23252696034834,311.42711371,910.540257134,183901.9838266153
KEnkcdADoLR5jS2CLLLesy8TtFsyWL37BhXNfDMzWzP,3qsjFRuw1qeLMPo4DLwaQevenGAGBj9dA3Q6rb8ax2YR,77iEv8zPQAEyCcEbvBRSB6AFcUdfkhiqnAKtPxk76rNN,0.03264699999999998,3.3117230000000006,0.0003014708994841888,0.009234260406291205,1.205883597936755e-07,0.9997280739638817,117.394877,0.313958,1.3979274912280784
Lid8SLUxQ9RmF7XMqUA8c24RitTwzja8VSKngJxRcUa,4PgzyzLtds9bKZ2to9PMnKqJzKEUpjvNUaeN23phegax,AtymwxoVN9peZo7EXTcDz9jKVc4vRmisJKKrNfe3ewBa,226.6107458850197,192.3023213269994,41174.913108885536,181.69885522453256,4.117491310888553,154.18821446963878,982.764909656,7682.063512708,1363050.9155061443
wrmcMSHFi3sWpAEy4rGDvQb3ezh3PhXoV2xNjgLBkKU,8p4mGnARWPBu6P2Gcw4adodLkNDorrXniZMhaY7eJXUn,AyY89zccbsgp9LKFgH4CFZMJmpSgqmPSdTfukhP227rc,0.006919390000000011,0.05916383999999297,2.458042628774427,355.2397868561279,0.0009832170515097708,3187.047837588042,27.03194824,0.10113537,9925.14679334565
STK75uPSyBnEhGTTzb1nwmP3n427XoXmfRhXxxhyady,6TYyD5fUmDe6N65avW1Ny2RxzRNobw2RRgKwH9CTzSAU,54zDfk4cx2vGrEajPtodWpArNe5eUurytyxd4X3aZAxK,1098.5905873089991,1228.4243220100004,169247.44590829304,154.05870745976912,16.924744590829306,173.23117544455016,1844.439156883,329.023845546,341149.100010801
Cob4usZcpHEY7Qt4ZCwj6WVg9S44zvzYV2v9qYF65dTf,NhFM9UXE48PyNAyeyPYA3iXztqKVJwA4bTdLj4ysM8w,6TuFuynuBoeskxyR2cz4wxyidk8dpDK7kAWw3UkjQGx,21.885632000000015,2225.0912079999835,0.20209762504425993,0.009234260406291205,8.083905001770397e-05,1.0,70754.75135,190.464024,843.8318229482842
MiMUFdSLMyCLpqpH6zkqdDrGYs7XBomwENbivdYjv9V,,,0.063704235,0.048782343000000006,0.0,0.0,0.0,1.0,70754.75135,190.464024,190.464024
BSCNHw8CmxbZ8hCWWzMf5FaG2ajPT6JxfznKUNuRVrn4,7n9kgNL633yGzCYksgnzHyjG73ZLBAwvEae5sbAekbzW,SscdxE99omdG9AiMVwmaEMQySQnCgeAh1sPj2Leutm2,1109.30436096,1109.4615486849998,1113.9938987437733,1.0042274581700148,0.44559755949750934,0.9998809311790724,4369.854487582,7328.25014138,11715.705439913507
SUiuyGR7SFq3xeRVJonq84fjjeFwRSsFekcevJ53tzy,49GjCCPsv7fBqo6t3iKDrP1xxGDS8uWZbVCdfnp2gjMf,CEwj5xEbbJEjYqM8D6Ai8ByGz1mrh8mkAVsE5fzDSSSx,0.1405590000000001,13.823064999999929,0.0012979584084478863,0.009234260406291205,5.191833633791545e-07,0.9351851245713345,634.34844,1.765501,7.508808955900408
RoBgmK8CvjdHvPrqdDyVw54VwjZv2TqJ493xnqJAQHx,ExiHJxM7qPAcy27NDHAF6G7vnW7muNHi2sVJpnaNynGQ,6rkPHSqZb7StM4HwS9EuVrmfkV7tRdc7dnsFhyB6cefE,4.174204999999418,32.8294759999999,0.0,0.0,0.0,0.9246767561229784,6323.211183,18.006255,16.64996546332316
BkwbeSfcX1h4thMDd7obGkHrPevf3QwgzJ4pCEqG18Lu,35yX27bmurdebhfAb8EPmjLETDiUaEUCn9zHaDPbakH2,2CxECn1ZJFoESyUnQysQU8rRgT3iJ5GRs2Mdd6gZjx5g,0.0050244900000022685,0.0033039000000018026,11.13657822994053,2216.459427710176,0.004454631291976213,1449.2753623188407,0.90449504,22.63315424,34806.44937031929
BUSD5rCfUDpCxKGMvYU2yThChxgHoioK74PTPociGnv2,CcFHbafgYDZ8yA8Me1PdtDiVb2eeaS61LbqyKKK5CsNZ,26R9s4nmF3CFDTkiePDwRmtscn8i7r2eygbSijditJ58,313.19466693999993,313.8922547699999,313.2596808541644,1.0002075830817927,0.03132596808541644,1.0,82.64143335,65.11595586,147.77454417341858
SAMyS8Jr2HJrkFwYVKbpUwsNStnQmvz3f8Tup8bWUWF,6jPzm5TFfquvgm25sTyN3MMGBfufRaFHMxobDWv6hMFW,Cj9ECoDmxsHTDzCY5ZA6RWrPbg9uFzEC1Qc2kso2vJG6,730.1767313500022,14.214912589999983,724.1381002834526,0.9917299048199125,0.289655240113381,0.019849221214803252,457.59130786,110048.09387301,2638.175943743227
NorBXypYWTkV5PMs6Q9JsvNkmRwe7H9Zr1Kz2TcJH2Y,C82XDu1d1UjtuUwnkSTwVuWyH3AqpJ3ftb9W7en8rEUu,F7cZoYpWQSFuYJzW2UUFw6sVbTtaihyD5upeeHRUPABk,0.00017724639999999736,0.00018213000000000257,0.0,0.0,0.0,0.0,0.2507724853,0.6546741169,0.0
BkMBnJpvHKtWhUvrgRrLesXfi9RUV3ELgdBaJcdH7hcY,5uerVwBnZQsuVhZ15igs7ZgmcqhHnYWbwoRtLyRqLvR,9YWiQh5d4jCtgMdzcGLv9bWgnLaFtzvDDh2nnhJdzhBX,8.67633855400004,8.649495480999576,8.708112025216801,1.0036620829188498,0.0034832448100867207,0.9998809311790724,1117.77278196,1755.675217475,2877.3323298688947
DFWzVTzNBrQZLjoQ4yQwkj9HuoXmfkuZP9V5vbymZe23,DhgiEgiNdqZdRdo195UUHnoEJUtefK8buko8nU97XJUZ,2K2kkXsouBHtWVjtcgkyiXd8eP3oVBvq1bTJzcVdLLr2,2440.429638812995,2628.916536056002,2223.945463290827,0.9112925969758897,0.8895781853163308,0.9998809311790724,58011.662789423,10517.408952434,63381.75549521369
7dwD9TF6uikvHXxPFK9AsSim54yJoujQjY9vU6gNFumk,CquVr6atkvwueDYficKjn6SSEWq4F4rH4VSiBbW4GBWU,8BCa6ge3b7ho3TfZuM64Vk1hgbrJ3J7EPiAb9uP86CGd,5.965000000000137e-06,5.944999999999822e-06,0.0010817237290290467,181.3451347911185,4.326894916116187e-07,181.95785928762044,0.003937636,0.003570527,1.3637565806270102
Sid7E679i9ABqptiAVhkmQ27YHN8vaYT4fppPwmxFsJ,GP7KB8o1bv527HG8kTzzzf4wJ5aEGHvcMQvVhLziUfmT,9gYxhAZ1M9wu5pxr8SBoa5NDm21gi3s9vMHaYTME77sa,4027.803963000013,7606.29117699997,37.19379065983382,0.009234260406291205,0.014877516263933532,0.019812251182890456,127578.965382,11981.116172,1415.4702717536538
SRMuKizofcAMicegrfSv7xs9q76tH1w8aAF7oX9FEWu,72Hj2KWntXPfbie4UgKeTPnm1XVkomDfCnRPKbvfTtPi,6aqJQ5wedqpUt4fFEDUqUmXhrdxCu4bEJsQdVPCADLko,627.6819090000004,632.0040869999975,30.170435380053675,0.048066440895389355,0.012068174152021471,0.04833142988051987,17968.753093,3895.828184,1051.9849552100782
YAkoNb6HKmSxQN9L8hiBE5tPJRsniSSMzND1boHmZxe,CfWX7o2TswwbxusJ4hCaPobu2jLCb1hfXuXJQjVq3jQF,EnTrdMMpdhugeH6Ban6gYZWXughWxKtVGfCwFn78ZmY3,6116626.833677984,6118610.94035802,6116626.833677984,1.0,611.6626833677984,0.9985102227476604,1067821.676507,330647.085262,1397976.1712628244
GokA1R67GqSavkd15zR62QD68Tuc5AEfvjssntVDEbM8,3YB7hfpBdbQEuZqLGWVDpRPmeZWCUsrrWyqGXegnQ6Cg,4DPCj6Z1DsG6HUtwSogBGqXEUxdEV5a8YVrrFtcnz7UW,1883.3254149999957,1882.4805219999926,1883.8604313625026,1.0002840806789128,0.1883860431362503,1.0,10616.585743,21968.110976,32587.712685885606
BUSDTd9WiT6uBHJRgNvFXBsA7JrifsAtWzKfioN7ERcy,DyBxrn7gSc1EwnpWhDyhzvMHPtxpmBqRqotapLcKcfTM,Cds99GeBgoCpqBsoRWu1C6fF9LiUMd4pXQQD24s9LPff,2146.24826054,2151.510789290002,2153.1799928911146,1.0032296973647263,0.21531799928911147,0.9970507239585307,163.84435831,254.09197511,417.7161137377375
FrnkTEL6yZ5Aycq2TrEgu29dCrwKG4LPUZydfiwqspkc,DjvZuMZ46fxKBoBpGMPcRcos4xdTtHFxwMh69DpA2ZFY,9rvDPJLAng4uVVqnnSoEXgNDFhBZQTny9AoQioYDZbQX,51.50750613199713,43.09133083099994,9363.296994855506,181.78509693054045,3.7453187979422022,153.29321343351353,174.902562627,1441.121218447,252708.78182351016
daob129AwBGn9Y5r91uLoWZeYiGzbPmksauMhFZKTze,6VW5GQNyj4LStgmxEHLr5zUfW92vQnmbw8jTnCH7a38F,4VPCCUifPeBA1c7HWK358CHn2nyjm8pdTRk6Ps3KmnMQ,20.770307390000177,18.587970997999967,3534.137680615699,170.15336433187323,1.41365507224628,152.36026620995153,48.665556401,223.533122127,42338.17414272401
KEVpg4SYCVrqFxKijQH6hm4QxsRdoE51ud64bEEFUC9,2bPenuBYfqzD8p5dFjCcggwkHDsc2RQDnx9AoyYGUBjA,AE6n6iLuX8oYu61vt5hoDYkjswpnxFxrhSehxrnQTnbx,989.4042232430002,989.107416067,989.9040733250174,1.0005052031012955,0.395961629330007,0.9998809311790724,3228.695513042,4405.893995593,7635.696051018141
AUSejoEUCh2DBs9mof6BNC8Pubs22w4cJa1ccV9h44R,4xkyD7AfGQDwsQMy9MosRRNGoVJ1zosNinesxg1TzHG7,Cbm5gsQe3nSiCsFrvepVzMCD9xLK3ri9g3ypS2hdmVJ7,623.3480189999991,623.5711839999985,623.1367756330594,0.9996611148820549,0.06231367756330595,1.0,14599.651517,14275.579483,28870.283395373706
KysFMBBoavfov2tLpvefWW6tPFt6rAeZWDJVy1mMQae,B8ka2V21TH3x64dFV8ETcjuQcwmrciJ2qzy1mJUttRew,7fSf7EYxBANyxzk2s5pymFgshA91tFYQNKKs5UnLWcYS,27.515764000000217,36.44335200000205,0.0,0.0,0.0,0.01976246270798584,134456.590963,2646.172984,52.29489491517961
SoN9GaFpSXfpyR5dth3x7PHPVhvJMpQqqDJfCSmPv1t,9kZ9iS68ViMPtoeqtnhAKuF2iqVyfHPdZHoUNdwCELr,BBhm5fJLjw3HRzjtKB8uMEYjGhY6EDm9co3cqpjrSzB9,0.9161125590000023,0.898890347,167.77739462731483,183.1405900716556,0.06711095785092593,178.94023718170558,3.694053012,5.959431626,1742.913156998254
KEN5P7p3asnb23Sw6yAmJRGvijfAzso3RqfyLAQhznt,9zj4aX38Uxf3h6AUjS4EipWS8mwbEofasHAf3a1uKGds,CwQDG1MWunn9cLNwcZLd8YBacweSR7ARo32w4mLua1Yr,99139.64974800078,99143.02320599975,98878.1171281967,0.9973619775693291,9.887811712819671,1.0,1143731.34894,1127488.548456,2268202.7084428347
HEDSDjj84KS7LKhZY7ejkCACTdPen62rKhCby1wXtgxc,EnnjMSFttpCTywBrYNt1J5QQeoSVkvzPipJDa8Y7kJow,6bjVT6JN2rSvpyn9PdfLYC8wJn4LWh49jpY47fnLDXZk,16.444522699999652,16.980870778999815,15.922735748199907,0.9682698633874149,0.006369094299279963,0.9998809311790724,39118.113158846,9104.779845638,46980.58583452623
iLiUBQ7Z7im6Ew3b4ewwPcehzWgEQRJ1iQz7g6D62NW,GpugBvKWM3TVhYcZjemSdtehBWgfvuGr6uAm9iPjXT6v,92fMXJ3xy8tEyMUWLHKRLyhPw2nECBo77GtDiBBbYrjX,52.057878074999735,53.23388615299973,50.92105219256402,0.9781622700641411,0.02036842087702561,0.9998809311790724,1863.474265202,1100.05925494,2922.7084896376596
ALBpShJ9NLpE739pcHDF2LNVk5J4VYPvvKuV6jMPitZi,D6d156U1bPiJpDYRLextvDRccgFk7QzkQbJg42ceKEu5,GNcM8U5g8RwTZffwwm3kSQqUNPSwv5d2fbN9sLxPJqt2,1014.8469259999983,1015.8781730000046,1016.954054801547,1.0020763020979468,0.40678162192061884,0.9999890001209987,42281.057951,58020.251485,100388.45946958111
SoNcU2iwHMw6dGzsYNQkYFkUjwN1UdAjrWVRnStrZu2,8ivTTid27jZnYNc4w3CTA1Z6QS2twsFb8WMwUabeDJgc,CyXm53PMvHCbeXJBykU46Rcbo28xk5srhMZFg7gv6EYB,3.0010204359999975,2.976849916999999,544.7823936823821,181.53238383425077,0.21791295747295286,179.6625900626106,21.875862647,27.88184619,8980.502196963285
MATSnbbiTCv7Dc3trJrkrqjx7ckKdr6fwPoVwv9q3sD,631WX9JizSHJm4w6VanZeJAst9T8DeUUnPLesdGkCVtK,211maUSfpnXbPuW1iBu8b4dtJv5EbN1j7JJiEX5TZKEP,899.2412010000044,898.8616570000013,898.5286677664656,0.9992076283507179,0.3594114671065862,1.0002090436901312,21539.022724,24008.158631,45535.133198113734
BSC8REUo9LpiiWUuqMuLXs2D2yJsJfGd4HdiF3wCLxk5,AZjEH1zWVx1UJ6udMyRijGTzPteuLnaY18yNNmprJEsh,Caf8ypkSVR8xYnXNhjvfvdGCC7mrM3C11rz8Xi6NA6aK,925.6696384769998,925.7372758199999,925.8675797068654,1.0002138357159378,0.37034703188274615,0.9998809311790724,3135.385063614,3214.752251824,6350.42499598762
RajgMbScQbqqrdJfR2rxfHJiTiY5b6bJ2tTXiF4aPxy,725ZA3fhyBAKb5iopNRrcbSuQa3LXA1656Q3mBvYPxeg,GLA6i1dSZpUfk2f9Nj8uiG7xyDdAR2reff8oEiZH3617,9165.558491980002,9157.698158319981,9172.021373400341,1.0007051268535347,3.6688085493601363,1.0,69745.4895499,111649.83731772,181444.50628521456
B2izdXFYb2sNwbWWHmh75T4aQFtfXsUxem9u2p61HGzf,4DYwgJtxwuJdAjkj5RJSNH4e7U329V5cNp7d3a1nLrZv,EXNW64GEf1ACC6xY9BtKRiunrs6GoJSXBdxWN2eTPmrF,5302.439822000024,5235.112991000004,5343.854695893196,1.0078105316200554,0.5343854695893197,1.0,9411.521579,30467.909213,39952.939778885615
4vezWG46exH6pf9nry3n1VJ7hZHvjBJNgNeF4qEFCML5,,,1.3941169999999996,1.396862999999998,0.0,0.0,0.0,1.0,9411.521579,30467.909213,30467.909213
AyiATPCAx5HZstcZ1jdH9rENwFb3yd9zEhkgspvDrCs4,DvHVapj4g2Y1tJVSw2ubSPkPBsJPb8fW387ZWXwaKmZq,DKjqWWgrtDRPKrnMWtZ4UiJk4sGQVCQgFjSo7BvfngvK,0.0017240199999999373,0.0017390200000001466,3.8212203825607585,2216.459427710176,0.0015284881530243035,0.0,0.80222651,0.31854273,1778.1025112485318
MATgk4zXLXtYkwBH678J1xZbRDZ45LicNzkRBHkxTuY,y8dALFo1bJrSzPYjMX14HJX448pXqYmrfXHD1K8MXih,GN7Yuet3UyiWS5YVkEHv6oQKi4HGBJc3XDPt9zQhAqZz,4984.031012000003,4957.292952999998,5001.22522432122,1.0034498606208144,2.000490089728488,1.0,3262.630355,6808.755783,10082.641757981988
parEAJhzYzHW87y9VoZAQ22dzQ2MD2ekEtTReaxbMcz,3oyc6hpjYSJEquK6dSvG72NXyz3pqLZz5D8AC71pwgQb,Di2vordgFJVZ1aj1aBpvzXtLfZgJsuLLXawGtVFwX6Rz,4.131076387999997,4.854042843000116,614.8997971508229,148.84735584580127,0.24595991886032917,171.8048633489888,1099.730893375,142.907463471,188244.23285399532
BUSDgu5JdqP1rndBvXvanbEufS94FNh1w5FJcAj6vawb,Bgzr8cWubt89JQFXndVjtdKmDbGzuPxNhvjH1EhWCwbo,Dxaf8xPBBQsasRKW5Aa4Sw2YrbfGofY9xZueyyF23FBW,6908.886925449998,6870.941185009999,6954.4910001837015,1.0066007846453116,2.781796400073481,1.0,4679.85901052,10352.6098541,15063.359606118862
ALLwa5WNZbvQsRKAqe1jdRGemdYQnW8E5k4msbRFcYtu,CGoM82Hbz7QVqTgvQatYtjvDWBvoUJp5qm21P8iMs9yb,3dxNNww8TivyN5FMy5dCNdi3Zcxv6e4kUfSPxfFwpdNq,2.6726306750000006,2.6642191629999985,8482.92602996255,3173.9986034406147,3.39317041198502,3170.0142016636237,1.690367085,6.943639652,27376.659075166644
NorjjEePhxfwLF4vZjUHCrVVKLzQjEEGQFd3wgjEJmh,34M8pFVqgbV7aqHxvRT5tCv3vu2P1JJYT8J3VaxBK2oG,3AZWBSze3ucsY3xSeuLne3b2pauVqiaJ1SZSV5T9WGWw,1.9960089999999582,3.3710060000012163,1.1825993962608212,0.5924819959533479,0.00047303975850432854,1.0,38124.371737,2258.30739,24846.311251205167
MiMuMS9C4vBqcrYeeQPph1E7oAW9aNKvW9k6Zw9XffM,Afy2q2hh6Y474pshJa5fnQ6PfEchGyTbKrQpCZw2hr3m,5pXz9ksgjeL8Wgb37bksUaBFMLdFfsNNY3FQnikkCPtS,1.0773314940002088,2.192652857999871,0.0,0.0,0.0,0.019832507729174494,25.994643869,7674.498231042,152.20454548467646
