0,1,2,3,4,5,6,7,8,9,10,11
TETFuZgEmET6d9vYmz9iMFCxK1jKdKYxf3oPz8hSzJK,Eu1Ze6Z84LWNkq7SNoAHBJbXx5t1P95EwyqYohrfCRFV,ASMbv7WNu3qe4pkhREmvyEdwFNDZQ6B6iSrjkj4u8bdC,231.416711206,231.50109899999998,232.62143458619988,1.0052058616420638,0.09304857383447995,0.9968588976136196,61.52424419,290.909653764,351.84040764922645
BSCNHw8CmxbZ8hCWWzMf5FaG2ajPT6JxfznKUNuRVrn4,7n9kgNL633yGzCYksgnzHyjG73ZLBAwvEae5sbAekbzW,SscdxE99omdG9AiMVwmaEMQySQnCgeAh1sPj2Leutm2,806.5126887349998,804.9795077070012,807.5400727095636,1.0012738596539321,0.32301602908382543,0.999970639862043,5233.841250981,6455.912452929,11696.231336634453
GokA1R67GqSavkd15zR62QD68Tuc5AEfvjssntVDEbM8,3YB7hfpBdbQEuZqLGWVDpRPmeZWCUsrrWyqGXegnQ6Cg,4DPCj6Z1DsG6HUtwSogBGqXEUxdEV5a8YVrrFtcnz7UW,41934.24159600002,41915.911069999944,41952.784726849284,1.000442195450389,4.1952784726849295,1.0,22343.162532,40425.064212,62778.10678881895
Cob4usZcpHEY7Qt4ZCwj6WVg9S44zvzYV2v9qYF65dTf,NhFM9UXE48PyNAyeyPYA3iXztqKVJwA4bTdLj4ysM8w,6TuFuynuBoeskxyR2cz4wxyidk8dpDK7kAWw3UkjQGx,32.460082,2360.3239639999956,0.4472411381445299,0.013778188796458675,0.00017889645525781195,1.0,65765.390979,245.577664,1151.7056371815822
SQDY9uoDoCbNq7F3HAHYYQZbrUzpKxDtdWLvYcqBLak,GiehZ4X2uQjhEKuxSm3ACmEFrabxh3RTvjbLfLjw1xGX,rxDQYV77NKRKYxCjq4cECX3QQsiSyLv1T1FT2X3zNA2,0.0010622399999817844,0.0010622399999817844,0.0010645730704171225,1.0021963684622854,4.25829228166849e-07,0.999970639862043,168.702204443,237.866654593,406.93240743956244
MARpDPs5A7XiyCWPNH8GsMWPLxmwNn9SBmKvPa9LzgA,6YjT74rmcfCpw8LSjPNx5JTmZoYLGrTKnf9arfSgZ4SR,F8GSmi3vA8M8TsybLya1LQ4n1aFHCRbZ6k437PeTdXtg,44704.122409000076,46923.64697799977,42251.02773850261,0.9451259852938396,16.900411095401047,1.0,318093.186267,17067.425908,317705.56199385517
ZUCKWFa4LTL833dPhhpeeRWZcaAEoMeYJPi2iKn4F8N,7eEYpq6ShaJ9opZWMxitRFrdCHh6vfyHhGfoSvFht3N2,H8VggnHmuwd1wvwpT8eg9cUJFEfZ7HAaeYjgXrSm7A2u,0.0010795400000915834,0.0010795400000915834,0.0010811385585906528,1.0014807774597827,4.3245542343626116e-07,0.9967196063986168,1817.011925129,2030.15371529,3843.196527464426
C2ypsDADXcCRz8HbV2zX1AXPSja7a1P3xZtRC91xGhJh,J9bYNuDpY1d1T86gLaw7DGk5D3CsUAf2tzUwxMvb6FTv,A2NGvvPrMGzsJ4jb52KEnSBVmsA7C34dV1GC7PerdgvG,0.22923323600000023,0.23016677199999913,30.797461485579383,134.34989630203253,0.012318984594231754,134.55766455258635,4.126985079,2.898007145,944.409090691594
BkMBnJpvHKtWhUvrgRrLesXfi9RUV3ELgdBaJcdH7hcY,5uerVwBnZQsuVhZ15igs7ZgmcqhHnYWbwoRtLyRqLvR,9YWiQh5d4jCtgMdzcGLv9bWgnLaFtzvDDh2nnhJdzhBX,0.027809854000224732,0.02575304399988454,0.027912133127446965,1.0036778016605699,1.1164853250978785e-05,0.9975928732404077,1114.122438073,1759.333019481,2873.318041316596
iLiUBQ7Z7im6Ew3b4ewwPcehzWgEQRJ1iQz7g6D62NW,GpugBvKWM3TVhYcZjemSdtehBWgfvuGr6uAm9iPjXT6v,92fMXJ3xy8tEyMUWLHKRLyhPw2nECBo77GtDiBBbYrjX,0.0010521069998503663,0.0010521069998503663,0.0010289360604739501,0.9779766322439528,4.115744241895801e-07,0.9960899564536565,1865.637227489,1097.916784331,2918.1734946226416
FrnkTEL6yZ5Aycq2TrEgu29dCrwKG4LPUZydfiwqspkc,DjvZuMZ46fxKBoBpGMPcRcos4xdTtHFxwMh69DpA2ZFY,9rvDPJLAng4uVVqnnSoEXgNDFhBZQTny9AoQioYDZbQX,532.710131918996,446.57831228099997,85460.75528400297,160.42637480189347,34.18430211360119,134.50563060745566,175.623605917,1442.670708379,222221.99181632284
CZgvH45CRmoaNJ7395Ao5CQZXkGznvqU7cErD6n7FaRg,4ZjU6MKvtqVQKCiowhvZ5yUsPxXX5SCzd5eFsPeXyey5,BsyWeshjDbCvjDojry3vKDCesmFRM37WtwcR4Kfgzqr,42.70270556,49.589840000000095,49.832675000215886,1.1669676276178294,0.019933070000086355,0.9982469087263022,241.37528389,1813.96985504,2092.466942723072
BSCrK1Nx9PXU9mF7STWWBqeHLxmtJDr9h7jheEy4tAWX,FfSySSbVJPvEo5a5AvrP3nySoXpRE2QPn1uUMpJJ1x7v,HL7Vcj6838ZmvBHDbQxXfjBNckNi83WvPiZQoMQLFeRM,1.3175683769999997,1.2990859060000002,4010.3743136299986,3043.7694040299507,1.6041497254519996,3032.048755343986,0.84291808,0.961070228,5479.660050613231
ercAoEmXjQzEvAFbdjAo81KtMxRGn9AW1ju882upmPH,CMRhskR2Eg6V42RTSdRTXGdozyPbWB8U9dVpijPWb9T4,7TKLLgrWswt6ZJ1pXhVR3FyufHGjJFqiEXxvWJfDcgRm,1.1735222009999688,1.1684355630000027,157.1659137086354,133.92666416938079,0.06286636548345416,134.80190119209365,927.824072267,664.605044282,213850.40644583898
daob129AwBGn9Y5r91uLoWZeYiGzbPmksauMhFZKTze,6VW5GQNyj4LStgmxEHLr5zUfW92vQnmbw8jTnCH7a38F,4VPCCUifPeBA1c7HWK358CHn2nyjm8pdTRk6Ps3KmnMQ,56.37052274099989,50.59179770899999,8461.921890895492,150.11253185950847,3.384768756358197,134.60526333500692,48.232851775,223.948887576,37385.05448449898
SERgf3DMJpQxUifu7VoFKmfne73d2fDJxSrxUMrcNJB,AJfM2GZ2tTB8UtN2krcyR9xufRJEx2mhSCbJyMgPo3GU,F4yRYkufQvERZcEKnKjJwRLU1btiMBUuEwq46hfm11QD,0.00025199800000308414,8.467800000033776e-05,0.033847087851765253,134.3149066712871,1.3538835140706102e-05,134.48155477890964,29.284890014,27.959719666,7693.463840975453
MATgk4zXLXtYkwBH678J1xZbRDZ45LicNzkRBHkxTuY,y8dALFo1bJrSzPYjMX14HJX448pXqYmrfXHD1K8MXih,GN7Yuet3UyiWS5YVkEHv6oQKi4HGBJc3XDPt9zQhAqZz,21677.437392999997,21681.29880900001,21694.1635931303,1.0007715948996676,8.67766543725212,1.0,5821.906625,6504.314891,12330.71366945819
BerKDkt6v49dT1bHRedgnpsJS263C1DSJtEGvY9Mg35V,78XKqNb8wbfsMMrvo8WPUpdx7GEkfQutpNVH943aCGFa,DKYQwn4nDvFHCszi5tXbqfVMAP7DaXXp1KGTXEnYnKVH,0.0010395030003564898,0.0010395030003564898,0.0010585910742331756,1.0183626924310365,4.2343642969327026e-07,0.9969300694948785,1338.317413093,5136.206757082,6483.33148340255
BUSDgu5JdqP1rndBvXvanbEufS94FNh1w5FJcAj6vawb,Bgzr8cWubt89JQFXndVjtdKmDbGzuPxNhvjH1EhWCwbo,Dxaf8xPBBQsasRKW5Aa4Sw2YrbfGofY9xZueyyF23FBW,10714.787770189994,10666.668000680002,10762.582569743185,1.0044606389392203,4.305033027897275,1.0,5186.47134577,9817.65893963,15027.265261442091
KZMu9QBEdL97EFgamLbN5DE1AoKBG4HdrKKJo4Vuon3,DD4ACBWyVqdaKWh7v5btsgqQCCMwbKnuL2xd9pv7Gyuw,GcYqiJ1MAuYbNTNYXm1F1gQYTfTgkErACAhNU5dpVj9T,117.38370974999907,116.88404360000004,117.97414557402651,1.0050299639130926,0.047189658229610604,1.0,2075.93499046,2614.98912441,4701.36599295794
SEQV6QiTpvTzrceiaYg9Avnwf7oc8ZALpnQMz6TyT4A,3dFMPj4r9mMmPHF32mz1gNDX7f8ftidWof7S8YiYTs1j,Fc1ED3YPeQfXQosHbd8DTaBd2AV5gHQtwiSAL5C5pUhi,739.6279005519996,738.312977111,740.2300829060543,1.0008141693324513,0.2960920331624217,0.9825141948738304,1369.655165638,4254.0292112,5550.41438228182
wrmcMSHFi3sWpAEy4rGDvQb3ezh3PhXoV2xNjgLBkKU,8p4mGnARWPBu6P2Gcw4adodLkNDorrXniZMhaY7eJXUn,AyY89zccbsgp9LKFgH4CFZMJmpSgqmPSdTfukhP227rc,0.00973861999999999,0.117844850000008,2.5574107142857114,262.6050420168067,0.0010229642857142846,3035.1777096549004,27.16777486,0.08770944,7400.6083958277595
C98Sspw7XqnMsgxea3SLQVdbMDL8pKUc3RE82UvX9eq2,CSqgQJurPCzGxb4Cgwx5R61hWQUiaoUHcShNc8r1cKEL,6S2CR5EnukPhC914XkAns8m5GixjMAoUuZMsS5ubHuWc,25.85192000000029,25.18109899999979,0.0,0.0,0.0,1.0,957.362672,3892.478162,3892.478162
HDSBGqAuMRr6X2AfmmbXQPpRgU6VEhtfNVVZ3wUTZXg,DCZ1d8kNLgDcdSd99y4udLgwq46mfDXNS9KXj96kQf5L,Fq8GGYQM5Pz3q7LmVMbrXHJgsxA5ev86kTq8yGgGuYsa,952.7614030639961,954.361078543996,947.4644759509524,0.994440447423658,0.378985790380381,0.9937472913616407,55565.720584457,54273.354272911,109190.79884124143
YAkoNb6HKmSxQN9L8hiBE5tPJRsniSSMzND1boHmZxe,CfWX7o2TswwbxusJ4hCaPobu2jLCb1hfXuXJQjVq3jQF,EnTrdMMpdhugeH6Ban6gYZWXughWxKtVGfCwFn78ZmY3,9074302.541034017,9077631.526683018,9074302.541034017,1.0,907.4302541034017,0.9985271724206796,1168855.922774,311871.792884,1480268.3822802284
heyk4SZTeCUV6a65WiVA5bzic3KcxgVf1qxobfeV4tQ,9ZDpBKPqMABtGfq66FbVribaArMvtk63xxy91onZAtDt,DaTP4s6N7xxSPinbNZ3FB52EpRDRt87QShTuN3VPCW52,181.8002956890042,157.80727808599988,27779.41464513753,152.80181222949304,11.111765858055014,134.09806779435095,625.107811007,4473.633200927,695423.1746256491
HEDSDjj84KS7LKhZY7ejkCACTdPen62rKhCby1wXtgxc,EnnjMSFttpCTywBrYNt1J5QQeoSVkvzPipJDa8Y7kJow,6bjVT6JN2rSvpyn9PdfLYC8wJn4LWh49jpY47fnLDXZk,22.34896563500115,23.08118625300267,21.46105525003589,0.9602706273092708,0.008584422100014357,0.9959656211431573,39150.530421257,9073.331974817,46631.83112324783
ALBpShJ9NLpE739pcHDF2LNVk5J4VYPvvKuV6jMPitZi,D6d156U1bPiJpDYRLextvDRccgFk7QzkQbJg42ceKEu5,GNcM8U5g8RwTZffwwm3kSQqUNPSwv5d2fbN9sLxPJqt2,28957.974852999985,28814.266593999993,28985.453062503235,1.0009488995567797,11.594181225001295,0.9949476558038283,42227.47909,58064.051023,100038.24017800015
parEAJhzYzHW87y9VoZAQ22dzQ2MD2ekEtTReaxbMcz,3oyc6hpjYSJEquK6dSvG72NXyz3pqLZz5D8AC71pwgQb,Di2vordgFJVZ1aj1aBpvzXtLfZgJsuLLXawGtVFwX6Rz,19.619667470999815,23.02880687000095,2562.738852876679,130.62091172873903,1.0250955411506717,153.92775923974463,1104.990234402,141.779735129,166158.66880295373
SoN9GaFpSXfpyR5dth3x7PHPVhvJMpQqqDJfCSmPv1t,9kZ9iS68ViMPtoeqtnhAKuF2iqVyfHPdZHoUNdwCELr,BBhm5fJLjw3HRzjtKB8uMEYjGhY6EDm9co3cqpjrSzB9,4.359761158000004,4.2780143840000004,697.7541421419063,160.04412096326715,0.2791016568567625,157.7204474466006,3.852908006,5.793013992,1530.3120338552621
MATSnbbiTCv7Dc3trJrkrqjx7ckKdr6fwPoVwv9q3sD,631WX9JizSHJm4w6VanZeJAst9T8DeUUnPLesdGkCVtK,211maUSfpnXbPuW1iBu8b4dtJv5EbN1j7JJiEX5TZKEP,8977.858937999994,8970.006983999989,8989.311320622466,1.0012756251464365,3.595724528248987,0.9994153420249153,20257.221055,25286.334817,45554.612635263264
KEN5P7p3asnb23Sw6yAmJRGvijfAzso3RqfyLAQhznt,9zj4aX38Uxf3h6AUjS4EipWS8mwbEofasHAf3a1uKGds,CwQDG1MWunn9cLNwcZLd8YBacweSR7ARo32w4mLua1Yr,895848.3850560013,896877.8065149994,894855.9897633536,0.9988922285185728,89.48559897633537,1.0,1055330.075168,1011594.606395,2065755.6170022367
AUSejoEUCh2DBs9mof6BNC8Pubs22w4cJa1ccV9h44R,4xkyD7AfGQDwsQMy9MosRRNGoVJ1zosNinesxg1TzHG7,Cbm5gsQe3nSiCsFrvepVzMCD9xLK3ri9g3ypS2hdmVJ7,1360.6673439999977,1360.5379900000025,1360.6659833340145,0.9999990000010001,0.13606659833340146,1.0,14400.753641,14473.537074,28874.27631426076
KwnjUuZhTMTSGAaavkLEmSyfobY16JNH4poL9oeeEvE,J63v6qEZmQpDqCD8bd4PXu2Pq5ZbyXrFcSa3Xt1HdAPQ,BnKQtTdLw9qPCDgZkWX3sURkBAoKCUYL1yahh6Mw7mRK,346.6068120000177,20628.326805000164,5.797865296724894,0.01672749956433227,0.0005797865296724893,1.0,281023.566937,509.286834,5210.108427505769
JSoLLrxK5bYdHwTEWYaGgmeycBCNXKDiBCTw5hXGBg7,xG4wXczA7Dk4hccJ61CHKpDHW4NrNfQwgmWgkb9BuF2,BVR6WgfhsRr9Lob4QDnkEAiNGgAbv7ZieKcY9kSg3QYR,4.587271813999848,3.9172802150000017,724.1548418729997,157.86176865799817,0.2896619367491999,134.81634912473183,17.130455296,163.798623798,24786.976423045107
Lee1XZJfJ9Hm2K1qTyeCz1LXNc1YBZaKZszvNY4KCDw,9DgFSWkPDGijNKcLGbr3p5xoJbHsPgXUTr6QvGBJ5vGN,2hNHZg7XBhuhHVZ3JDEi4buq2fPQwuWBdQ9xkH7t1GQX,3730.3641095097846,3159.0335356379546,594110.0470304141,159.26328626094556,59.41100470304142,134.40251429471542,7142.947804659,56465.205931347,8726674.988302315
ALLwa5WNZbvQsRKAqe1jdRGemdYQnW8E5k4msbRFcYtu,CGoM82Hbz7QVqTgvQatYtjvDWBvoUJp5qm21P8iMs9yb,3dxNNww8TivyN5FMy5dCNdi3Zcxv6e4kUfSPxfFwpdNq,0.9564405080000018,0.9565459059999988,2903.7601190114815,3036.007043536341,1.1615040476045926,3043.9083783578117,4.694902241,3.931851946,26221.95335328242
SoNcU2iwHMw6dGzsYNQkYFkUjwN1UdAjrWVRnStrZu2,8ivTTid27jZnYNc4w3CTA1Z6QS2twsFb8WMwUabeDJgc,CyXm53PMvHCbeXJBykU46Rcbo28xk5srhMZFg7gv6EYB,19.752914486000005,19.595247371000003,3142.9067719090735,159.11104025366117,1.2571627087636295,157.78485214928213,22.377021724,27.362416515,7877.806048550765
BkwbeSfcX1h4thMDd7obGkHrPevf3QwgzJ4pCEqG18Lu,35yX27bmurdebhfAb8EPmjLETDiUaEUCn9zHaDPbakH2,2CxECn1ZJFoESyUnQysQU8rRgT3iJ5GRs2Mdd6gZjx5g,0.011054959999999725,0.01676116000000183,18.8182344329822,1702.2435570081366,0.007527293773192881,1122.3344556677891,0.90338103,22.63482703,26941.62081169048
7dwD9TF6uikvHXxPFK9AsSim54yJoujQjY9vU6gNFumk,CquVr6atkvwueDYficKjn6SSEWq4F4rH4VSiBbW4GBWU,8BCa6ge3b7ho3TfZuM64Vk1hgbrJ3J7EPiAb9uP86CGd,4.204599999999914e-05,4.214100000000075e-05,0.006671596130899354,158.67374139988323,2.6686384523597416e-06,159.26163756638024,0.003905817,0.003602213,1.193444937856171
SRMuKizofcAMicegrfSv7xs9q76tH1w8aAF7oX9FEWu,72Hj2KWntXPfbie4UgKeTPnm1XVkomDfCnRPKbvfTtPi,6aqJQ5wedqpUt4fFEDUqUmXhrdxCu4bEJsQdVPCADLko,0.025669999999990978,0.025669999999990978,0.0010879409312914646,0.04238180488086665,4.351763725165859e-07,0.042503514828158714,17971.450574,3892.848795,927.1222681354692
SAMyS8Jr2HJrkFwYVKbpUwsNStnQmvz3f8Tup8bWUWF,6jPzm5TFfquvgm25sTyN3MMGBfufRaFHMxobDWv6hMFW,Cj9ECoDmxsHTDzCY5ZA6RWrPbg9uFzEC1Qc2kso2vJG6,4611.1535985499795,77.25681007000009,4631.222724352598,1.0043523004327874,1.8524890897410393,0.016777039453825495,410.62181522,112609.80973576,2301.6681855487222
Sid7E679i9ABqptiAVhkmQ27YHN8vaYT4fppPwmxFsJ,GP7KB8o1bv527HG8kTzzzf4wJ5aEGHvcMQvVhLziUfmT,9gYxhAZ1M9wu5pxr8SBoa5NDm21gi3s9vMHaYTME77sa,2009.4305450000065,2418.609091000002,27.547838416602815,0.013709276235075209,0.011019135366641127,0.01671199433035565,103617.874317,27748.625211,1884.2609291044537
BSC8REUo9LpiiWUuqMuLXs2D2yJsJfGd4HdiF3wCLxk5,AZjEH1zWVx1UJ6udMyRijGTzPteuLnaY18yNNmprJEsh,Caf8ypkSVR8xYnXNhjvfvdGCC7mrM3C11rz8Xi6NA6aK,134.66505557400023,134.6003739920002,134.73555015699122,1.0005234808888654,0.05389422006279649,0.9976087169413609,3032.452240036,3315.871680636,6341.98216369153
RajgMbScQbqqrdJfR2rxfHJiTiY5b6bJ2tTXiF4aPxy,725ZA3fhyBAKb5iopNRrcbSuQa3LXA1656Q3mBvYPxeg,GLA6i1dSZpUfk2f9Nj8uiG7xyDdAR2reff8oEiZH3617,2000.532405809994,1999.2062023699982,2001.0838845177286,1.000275665970785,0.8004335538070914,0.9995344768127691,79155.6703148,102746.04423784,181875.7044113515
moFiBS1R4Lf3E3zzmBPnw3NF4RhWPkhREFviuzUaCAU,44ALBrpqi9PfZkBRTvbtRNtFJGsatfY4QydjtMbFWq8S,2ho8qEEie1UjVwWNBo9y4oAJZMyMLx8zPj9bxyUz6uWs,940.990030982015,941.2739032680038,940.7984354990289,0.9997963894656926,0.37631937419961153,0.9980229604284017,33702.774360401,33409.534332194,67039.39448125643
B2izdXFYb2sNwbWWHmh75T4aQFtfXsUxem9u2p61HGzf,4DYwgJtxwuJdAjkj5RJSNH4e7U329V5cNp7d3a1nLrZv,EXNW64GEf1ACC6xY9BtKRiunrs6GoJSXBdxWN2eTPmrF,144225.48072500053,143157.23396599968,141770.72069614675,0.9829797063839617,14.177072069614676,1.0,12052.244381,27758.970543,39606.082185903135
WiiQFxXqp8P9Fs1rt9SVcDyA3KUdJmUsog6wnVQAwba,3S2jpqSYxho6wiz3cafhjXruVY8cg4HYa2v3BqBHYFSj,Dfe67M6TfrG74gKRtdqys4e6E9QirPD53BkF4FujFjuv,24477.105360404996,24457.564813496996,24489.72199987461,1.0005154465482682,2.4489721999874616,0.9974100442887862,10656.513735508,16130.285403824,26750.515277748396
KEVpg4SYCVrqFxKijQH6hm4QxsRdoE51ud64bEEFUC9,2bPenuBYfqzD8p5dFjCcggwkHDsc2RQDnx9AoyYGUBjA,AE6n6iLuX8oYu61vt5hoDYkjswpnxFxrhSehxrnQTnbx,1662.2573944190003,1663.6083629930004,1663.1719627022587,1.0005501965497816,0.6652687850809035,0.9968449349418174,2325.896812285,5305.40819361,7615.845798285212
BUSDTd9WiT6uBHJRgNvFXBsA7JrifsAtWzKfioN7ERcy,DyBxrn7gSc1EwnpWhDyhzvMHPtxpmBqRqotapLcKcfTM,Cds99GeBgoCpqBsoRWu1C6fF9LiUMd4pXQQD24s9LPff,6901.585660570004,6904.917022539997,6893.916936309222,0.9988888460365574,0.6893916936309223,0.9870596480145296,485.7672172,383.73922085,864.0009552928685
Lid8SLUxQ9RmF7XMqUA8c24RitTwzja8VSKngJxRcUa,4PgzyzLtds9bKZ2to9PMnKqJzKEUpjvNUaeN23phegax,AtymwxoVN9peZo7EXTcDz9jKVc4vRmisJKKrNfe3ewBa,448.61408758399716,381.0836011059971,71129.31566011863,158.55345970783986,7.112931566011864,134.6613999695396,985.070975378,7679.170485146,1190274.2593384872
vEnkoSUkpnbRrPgBz9DfcVxNz67zjwMYBZraAvDDNSf,DtfyjjsZ5yCjWKLKHvwsfXs5QVsmm1QkK6Sh9JZHoq1g,e5wrKCRv4GhHvEf1VD5Pq2KGaZDXP77nTL612Jyrxwy,1609.6402930000002,1608.995660999999,1593.4082432262544,0.9899157284740351,0.15934082432262547,0.9973062757492014,785.394268,1158.67586,1933.0288456836547
BSCuChvaSj9b5HUSqgDVRzcnr2sSn7cXaamt1jbKH6hn,GnKpRj5kBVPMJfiwZtEuD9GYApLzPdW5JFuZTcyX4BTc,3dmwD9okkomV9nDwyuh4UMhKdUR13QpuKxRo89ycZB5t,114.50190957299992,114.64761412899998,114.42464444626223,0.9993252066535325,0.045769857778504904,0.9988024358793807,1712.677345165,1395.830225285,3105.6802709765598
NorjjEePhxfwLF4vZjUHCrVVKLzQjEEGQFd3wgjEJmh,34M8pFVqgbV7aqHxvRT5tCv3vu2P1JJYT8J3VaxBK2oG,3AZWBSze3ucsY3xSeuLne3b2pauVqiaJ1SZSV5T9WGWw,0.014102999999977328,0.0010809999998855346,0.008362754876333058,0.5929770173967597,3.345101950533223e-06,1.0,38120.278942,2260.701005,24865.150314359664
ACUSESXyNnwRLAg1dpSGMLSzUDdLjUMybY8rkXiAKhCP,AhFPQdu8GKBsxuhiH46UmCu1YpaLgNpoP325HnYtsgas,A8wxWpT3aFEr2XqZp1kDmbxbFfcBE95UUmdsNTDBJYbT,0.0,0.002101544000197464,0.0,0.9976067026137683,0.0,0.9878506032438129,1044.554751969,1841.328673742,2861.0124629375014
DFWzVTzNBrQZLjoQ4yQwkj9HuoXmfkuZP9V5vbymZe23,DhgiEgiNdqZdRdo195UUHnoEJUtefK8buko8nU97XJUZ,2K2kkXsouBHtWVjtcgkyiXd8eP3oVBvq1bTJzcVdLLr2,18.779648642996108,21.802394268008356,15.676385942339834,0.8347539530877411,0.006270554376935934,0.9972157447214809,61551.58326261,7408.549551211,58768.34970528982
STK75uPSyBnEhGTTzb1nwmP3n427XoXmfRhXxxhyady,6TYyD5fUmDe6N65avW1Ny2RxzRNobw2RRgKwH9CTzSAU,54zDfk4cx2vGrEajPtodWpArNe5eUurytyxd4X3aZAxK,1020.5938682279924,1145.5880863599982,137399.01908788804,134.62653790625578,13.739901908788804,151.21624739945858,5246.871334053,940.694055751,848616.3476047764
BUSD5rCfUDpCxKGMvYU2yThChxgHoioK74PTPociGnv2,CcFHbafgYDZ8yA8Me1PdtDiVb2eeaS61LbqyKKK5CsNZ,26R9s4nmF3CFDTkiePDwRmtscn8i7r2eygbSijditJ58,388.9731055299999,390.05850858999986,388.44757092681726,0.998648917892494,0.03884475709268173,1.0,73.98766878,73.39336382,147.28106918453528
