0,1,2,3,4,5,6,7,8,9,10,11
YAkoNb6HKmSxQN9L8hiBE5tPJRsniSSMzND1boHmZxe,CfWX7o2TswwbxusJ4hCaPobu2jLCb1hfXuXJQjVq3jQF,EnTrdMMpdhugeH6Ban6gYZWXughWxKtVGfCwFn78ZmY3,11790529.826094989,11796485.603585016,11790529.826094989,1.0,1179.052982609499,0.9982929191083246,1155066.972745,320817.646216,1475336.9572874324
HEDSDjj84KS7LKhZY7ejkCACTdPen62rKhCby1wXtgxc,EnnjMSFttpCTywBrYNt1J5QQeoSVkvzPipJDa8Y7kJow,6bjVT6JN2rSvpyn9PdfLYC8wJn4LWh49jpY47fnLDXZk,18.879185821004285,19.375469792006697,18.286227501499372,0.9685919549112542,0.007314491000599749,0.999910528005954,39148.668068637,9075.125219704,46993.39818692728
BkwbeSfcX1h4thMDd7obGkHrPevf3QwgzJ4pCEqG18Lu,35yX27bmurdebhfAb8EPmjLETDiUaEUCn9zHaDPbakH2,2CxECn1ZJFoESyUnQysQU8rRgT3iJ5GRs2Mdd6gZjx5g,0.026637080000000424,0.01716020000000007,44.58984231142727,1673.976363453748,0.01783593692457091,1106.084571226316,0.8876898,22.65883368,26548.558078710194
GokA1R67GqSavkd15zR62QD68Tuc5AEfvjssntVDEbM8,3YB7hfpBdbQEuZqLGWVDpRPmeZWCUsrrWyqGXegnQ6Cg,4DPCj6Z1DsG6HUtwSogBGqXEUxdEV5a8YVrrFtcnz7UW,43781.145650000006,43789.92350399999,43768.58406637296,0.9997130823453669,4.376858406637296,1.0,35532.305352,29362.74519,64884.8556962847
ZUCKWFa4LTL833dPhhpeeRWZcaAEoMeYJPi2iKn4F8N,7eEYpq6ShaJ9opZWMxitRFrdCHh6vfyHhGfoSvFht3N2,H8VggnHmuwd1wvwpT8eg9cUJFEfZ7HAaeYjgXrSm7A2u,0.003326963000063188,0.0011722510000709008,0.0033317790800598563,1.0014475904891569,1.3327116320239425e-06,0.999910528005954,1817.011925129,2030.151571872,3849.6121444731507
JSoLLrxK5bYdHwTEWYaGgmeycBCNXKDiBCTw5hXGBg7,xG4wXczA7Dk4hccJ61CHKpDHW4NrNfQwgmWgkb9BuF2,BVR6WgfhsRr9Lob4QDnkEAiNGgAbv7ZieKcY9kSg3QYR,5.838045475999877,4.993922555000012,934.7932320087934,160.12092332129225,0.37391729280351743,137.8634528673806,17.237519193,163.671135674,25324.35538769481
7oAd7xG4m3oC2qeWB1szghTebAZyyGPAFDJ4wwwbRSNi,D9yh4KAysxt9GLacVe4Wwh2XqghhcjTCSTV9HuM7TBJd,HDYfJLpZKaMFb84jM4mRytn7XLR8UFZUnQpSfhJJaNEy,0.3417295959661715,0.007789000000002488,0.34169902073779584,0.999910528005954,0.00013667960829511836,0.022812166094304233,956.247694011,300037.026752135,7800.6566253339215
iLiUBQ7Z7im6Ew3b4ewwPcehzWgEQRJ1iQz7g6D62NW,GpugBvKWM3TVhYcZjemSdtehBWgfvuGr6uAm9iPjXT6v,92fMXJ3xy8tEyMUWLHKRLyhPw2nECBo77GtDiBBbYrjX,0.001120954000043639,0.001120954000043639,0.0010962304472857739,0.9779441861513473,4.384921789143096e-07,0.999910528005954,1865.637227489,1097.915732224,2922.3065796045294
KZMu9QBEdL97EFgamLbN5DE1AoKBG4HdrKKJo4Vuon3,DD4ACBWyVqdaKWh7v5btsgqQCCMwbKnuL2xd9pv7Gyuw,GcYqiJ1MAuYbNTNYXm1F1gQYTfTgkErACAhNU5dpVj9T,133.53495750000138,132.97807725999792,134.0773096027562,1.004061499047954,0.05363092384110248,0.9995407210340922,2105.25103023,2585.49489527,4698.108937133124
ACUSESXyNnwRLAg1dpSGMLSzUDdLjUMybY8rkXiAKhCP,AhFPQdu8GKBsxuhiH46UmCu1YpaLgNpoP325HnYtsgas,A8wxWpT3aFEr2XqZp1kDmbxbFfcBE95UUmdsNTDBJYbT,0.0,0.004762011999901006,0.0,0.999910528005954,0.0,0.9878178519159354,1044.553701197,1841.328673742,2863.3575780615065
daob129AwBGn9Y5r91uLoWZeYiGzbPmksauMhFZKTze,6VW5GQNyj4LStgmxEHLr5zUfW92vQnmbw8jTnCH7a38F,4VPCCUifPeBA1c7HWK358CHn2nyjm8pdTRk6Ps3KmnMQ,36.92358295399987,33.07763806500003,5635.901014668996,152.6368939246853,2.254360405867599,137.52367985862566,49.020449344,223.044536491,38156.23455726437
BSCNHw8CmxbZ8hCWWzMf5FaG2ajPT6JxfznKUNuRVrn4,7n9kgNL633yGzCYksgnzHyjG73ZLBAwvEae5sbAekbzW,SscdxE99omdG9AiMVwmaEMQySQnCgeAh1sPj2Leutm2,519.5125938280007,518.403472088,520.8210410714215,1.00251860543703,0.2083284164285686,0.999910528005954,4836.76548089,6853.42507239,11701.759267510537
FrnkTEL6yZ5Aycq2TrEgu29dCrwKG4LPUZydfiwqspkc,DjvZuMZ46fxKBoBpGMPcRcos4xdTtHFxwMh69DpA2ZFY,9rvDPJLAng4uVVqnnSoEXgNDFhBZQTny9AoQioYDZbQX,189.1955459609976,158.53252996399993,30912.02185083677,163.38662569365792,12.36480874033471,137.19664449934749,176.18715847,1441.760797184,226591.36885731615
MARpDPs5A7XiyCWPNH8GsMWPLxmwNn9SBmKvPa9LzgA,6YjT74rmcfCpw8LSjPNx5JTmZoYLGrTKnf9arfSgZ4SR,F8GSmi3vA8M8TsybLya1LQ4n1aFHCRbZ6k437PeTdXtg,83166.66064099986,87360.72084200101,78646.976212046,0.9456550931092004,31.4587904848184,1.0,318288.566106,16859.486528,317850.69014456327
AUSejoEUCh2DBs9mof6BNC8Pubs22w4cJa1ccV9h44R,4xkyD7AfGQDwsQMy9MosRRNGoVJ1zosNinesxg1TzHG7,Cbm5gsQe3nSiCsFrvepVzMCD9xLK3ri9g3ypS2hdmVJ7,567.151957,567.6167069999992,566.3630133224419,0.9986089377497147,0.05663630133224419,1.0,14985.688653,13888.869904,28853.71253122028
ALLwa5WNZbvQsRKAqe1jdRGemdYQnW8E5k4msbRFcYtu,CGoM82Hbz7QVqTgvQatYtjvDWBvoUJp5qm21P8iMs9yb,3dxNNww8TivyN5FMy5dCNdi3Zcxv6e4kUfSPxfFwpdNq,5.867611223999999,5.847628379999999,18104.323431039797,3085.46744831842,7.24172937241592,3096.7614069206425,5.250154465,3.376359445,26654.960325569107
RajgMbScQbqqrdJfR2rxfHJiTiY5b6bJ2tTXiF4aPxy,725ZA3fhyBAKb5iopNRrcbSuQa3LXA1656Q3mBvYPxeg,GLA6i1dSZpUfk2f9Nj8uiG7xyDdAR2reff8oEiZH3617,13848.216251320016,13851.634241720021,13843.97085921633,0.9996934340115261,5.537588343686533,0.9995469353606091,92867.96078386,89026.24823943,181825.40422003984
Sid7E679i9ABqptiAVhkmQ27YHN8vaYT4fppPwmxFsJ,GP7KB8o1bv527HG8kTzzzf4wJ5aEGHvcMQvVhLziUfmT,9gYxhAZ1M9wu5pxr8SBoa5NDm21gi3s9vMHaYTME77sa,1993.5653970000094,2459.6637059999484,28.45465743857292,0.014273250068140496,0.011381862975429168,0.017399806044362025,104129.34106,27330.941006,1961.817196894371
heyk4SZTeCUV6a65WiVA5bzic3KcxgVf1qxobfeV4tQ,9ZDpBKPqMABtGfq66FbVribaArMvtk63xxy91onZAtDt,DaTP4s6N7xxSPinbNZ3FB52EpRDRt87QShTuN3VPCW52,193.17905333100225,167.25851779000072,30504.32228231847,157.9069870999466,12.20172891292739,137.47210519145534,627.33963248,4470.975931536,713695.7848218866
B2izdXFYb2sNwbWWHmh75T4aQFtfXsUxem9u2p61HGzf,4DYwgJtxwuJdAjkj5RJSNH4e7U329V5cNp7d3a1nLrZv,EXNW64GEf1ACC6xY9BtKRiunrs6GoJSXBdxWN2eTPmrF,51001.79946400002,50531.497478000034,51005.67589536807,1.000076005776439,5.100567589536807,1.0,10990.489262,28810.078647,39801.403249669806
HDSBGqAuMRr6X2AfmmbXQPpRgU6VEhtfNVVZ3wUTZXg,DCZ1d8kNLgDcdSd99y4udLgwq46mfDXNS9KXj96kQf5L,Fq8GGYQM5Pz3q7LmVMbrXHJgsxA5ev86kTq8yGgGuYsa,1276.149299988996,1282.1534844540001,1271.7200326458938,0.9965291934547623,0.5086880130583575,0.999910528005954,53609.759219175,51884.609441975,105303.65733849641
SAMyS8Jr2HJrkFwYVKbpUwsNStnQmvz3f8Tup8bWUWF,6jPzm5TFfquvgm25sTyN3MMGBfufRaFHMxobDWv6hMFW,Cj9ECoDmxsHTDzCY5ZA6RWrPbg9uFzEC1Qc2kso2vJG6,3960.374493180003,70.87041027999993,3976.4595504135946,1.004061499047954,1.590583820165438,0.01756578729876239,421.77864553,111955.04825131,2390.0702637024588
WiiQFxXqp8P9Fs1rt9SVcDyA3KUdJmUsog6wnVQAwba,3S2jpqSYxho6wiz3cafhjXruVY8cg4HYa2v3BqBHYFSj,Dfe67M6TfrG74gKRtdqys4e6E9QirPD53BkF4FujFjuv,10371.793549936,10382.56467559401,10336.208392776227,0.9965690449787258,1.0336208392776227,0.999917327835252,21852.038664791,4940.578051225,26717.234905951358
KEVpg4SYCVrqFxKijQH6hm4QxsRdoE51ud64bEEFUC9,2bPenuBYfqzD8p5dFjCcggwkHDsc2RQDnx9AoyYGUBjA,AE6n6iLuX8oYu61vt5hoDYkjswpnxFxrhSehxrnQTnbx,971.2264549709994,971.3586068650002,970.9306842403821,0.9996954667687402,0.38837227369615285,0.9999165419658249,3828.207109765,3801.746927556,7628.470934714926
vEnkoSUkpnbRrPgBz9DfcVxNz67zjwMYBZraAvDDNSf,DtfyjjsZ5yCjWKLKHvwsfXs5QVsmm1QkK6Sh9JZHoq1g,e5wrKCRv4GhHvEf1VD5Pq2KGaZDXP77nTL612Jyrxwy,1392.5463809999999,1393.0928750000003,1390.6925877804883,0.9986687745235601,0.13906925877804885,0.9965191585790832,1079.022687,864.844579,1939.4204566761705
BUSD5rCfUDpCxKGMvYU2yThChxgHoioK74PTPociGnv2,CcFHbafgYDZ8yA8Me1PdtDiVb2eeaS61LbqyKKK5CsNZ,26R9s4nmF3CFDTkiePDwRmtscn8i7r2eygbSijditJ58,759.7653309799999,759.1561778500001,759.6196435285676,0.9998082467763508,0.07596196435285676,0.9995531697465283,71.19650632,76.14166178,147.29049354236767
BSCuChvaSj9b5HUSqgDVRzcnr2sSn7cXaamt1jbKH6hn,GnKpRj5kBVPMJfiwZtEuD9GYApLzPdW5JFuZTcyX4BTc,3dmwD9okkomV9nDwyuh4UMhKdUR13QpuKxRo89ycZB5t,168.51921619000018,168.53629163200026,168.4665141365168,0.9996872638345056,0.06738660565460673,0.9995611926364325,1596.66038627,1511.700427689,3107.198135233023
SRMuKizofcAMicegrfSv7xs9q76tH1w8aAF7oX9FEWu,72Hj2KWntXPfbie4UgKeTPnm1XVkomDfCnRPKbvfTtPi,6aqJQ5wedqpUt4fFEDUqUmXhrdxCu4bEJsQdVPCADLko,0.02486899999985326,0.02486899999985326,0.0011067711752198817,0.044504048221738396,4.4270847008795265e-07,0.04458110236494278,17971.450574,3892.823125,973.3486491841255
SEQV6QiTpvTzrceiaYg9Avnwf7oc8ZALpnQMz6TyT4A,3dFMPj4r9mMmPHF32mz1gNDX7f8ftidWof7S8YiYTs1j,Fc1ED3YPeQfXQosHbd8DTaBd2AV5gHQtwiSAL5C5pUhi,18.837054413000033,18.03284567599985,18.846169042272454,1.0004838670140557,0.007538467616908982,0.9982311344297903,1861.763773824,3760.984171943,5616.9961164332635
BSC8REUo9LpiiWUuqMuLXs2D2yJsJfGd4HdiF3wCLxk5,AZjEH1zWVx1UJ6udMyRijGTzPteuLnaY18yNNmprJEsh,Caf8ypkSVR8xYnXNhjvfvdGCC7mrM3C11rz8Xi6NA6aK,1108.6222799460002,1107.279189455,1109.3893117161208,1.0006918783647014,0.4437557246864483,0.999917327835252,2896.476831999,3451.912834248,6350.10829879439
BSCrK1Nx9PXU9mF7STWWBqeHLxmtJDr9h7jheEy4tAWX,FfSySSbVJPvEo5a5AvrP3nySoXpRE2QPn1uUMpJJ1x7v,HL7Vcj6838ZmvBHDbQxXfjBNckNi83WvPiZQoMQLFeRM,0.014556336000000059,0.014545013999999856,45.04862205029031,3094.777562862669,0.018019448820116128,3088.135383855228,0.852745515,0.9506974,5574.93996693294
ALBpShJ9NLpE739pcHDF2LNVk5J4VYPvvKuV6jMPitZi,D6d156U1bPiJpDYRLextvDRccgFk7QzkQbJg42ceKEu5,GNcM8U5g8RwTZffwwm3kSQqUNPSwv5d2fbN9sLxPJqt2,1523.1894690000045,1519.633839000002,1525.4242154756764,1.0014671493738327,0.6101696861902706,0.9997000899730081,41516.864007,58764.495578,100324.6469645764
C98Sspw7XqnMsgxea3SLQVdbMDL8pKUc3RE82UvX9eq2,CSqgQJurPCzGxb4Cgwx5R61hWQUiaoUHcShNc8r1cKEL,6S2CR5EnukPhC914XkAns8m5GixjMAoUuZMsS5ubHuWc,71.81627099999969,69.72862299999986,0.0,0.0,0.0,1.0,971.472831,3877.943293,3877.943293
Lid8SLUxQ9RmF7XMqUA8c24RitTwzja8VSKngJxRcUa,4PgzyzLtds9bKZ2to9PMnKqJzKEUpjvNUaeN23phegax,AtymwxoVN9peZo7EXTcDz9jKVc4vRmisJKKrNfe3ewBa,685.0202500230284,581.9951413520018,110249.05249341839,160.94276408575095,11.02490524934184,136.86788252793883,986.401327559,7677.54632074,1209563.664085051
CZgvH45CRmoaNJ7395Ao5CQZXkGznvqU7cErD6n7FaRg,4ZjU6MKvtqVQKCiowhvZ5yUsPxXX5SCzd5eFsPeXyey5,BsyWeshjDbCvjDojry3vKDCesmFRM37WtwcR4Kfgzqr,119.98388564000015,109.98753228999999,135.95841475220024,1.133138954677048,0.0543833659008801,1.0,241.37528389,1586.58020904,1860.0919459119903
parEAJhzYzHW87y9VoZAQ22dzQ2MD2ekEtTReaxbMcz,3oyc6hpjYSJEquK6dSvG72NXyz3pqLZz5D8AC71pwgQb,Di2vordgFJVZ1aj1aBpvzXtLfZgJsuLLXawGtVFwX6Rz,23.05094245300006,27.2362587610005,3072.4672013207555,133.29030722216203,1.2289868805283022,157.46573388165,1105.186710842,141.603771775,169608.41806894098
Cob4usZcpHEY7Qt4ZCwj6WVg9S44zvzYV2v9qYF65dTf,NhFM9UXE48PyNAyeyPYA3iXztqKVJwA4bTdLj4ysM8w,6TuFuynuBoeskxyR2cz4wxyidk8dpDK7kAWw3UkjQGx,133.60235500000343,2316.4937400000035,1.8962219833883016,0.0141930281347829,0.0007584887933553207,1.0,65346.101205,251.442533,1178.9015859009357
SoN9GaFpSXfpyR5dth3x7PHPVhvJMpQqqDJfCSmPv1t,9kZ9iS68ViMPtoeqtnhAKuF2iqVyfHPdZHoUNdwCELr,BBhm5fJLjw3HRzjtKB8uMEYjGhY6EDm9co3cqpjrSzB9,4.905849123999996,4.818579559999995,799.4083485827414,162.95004766288895,0.31976333943309654,160.27880819242688,3.751196261,5.894523353,1556.0247874040688
BUSDgu5JdqP1rndBvXvanbEufS94FNh1w5FJcAj6vawb,Bgzr8cWubt89JQFXndVjtdKmDbGzuPxNhvjH1EhWCwbo,Dxaf8xPBBQsasRKW5Aa4Sw2YrbfGofY9xZueyyF23FBW,7480.156904590003,7441.7190407100015,7519.80205299359,1.0053000423532907,3.0079208211974366,1.0,5039.07153556,9960.87484605,15026.653674169727
BerKDkt6v49dT1bHRedgnpsJS263C1DSJtEGvY9Mg35V,78XKqNb8wbfsMMrvo8WPUpdx7GEkfQutpNVH943aCGFa,DKYQwn4nDvFHCszi5tXbqfVMAP7DaXXp1KGTXEnYnKVH,0.0011128609994557337,0.0011128609994557337,0.001133267233695908,1.018336732305431,4.533068934783632e-07,0.999917327835252,1338.317413093,5136.205717579,6498.63887757032
ercAoEmXjQzEvAFbdjAo81KtMxRGn9AW1ju882upmPH,CMRhskR2Eg6V42RTSdRTXGdozyPbWB8U9dVpijPWb9T4,7TKLLgrWswt6ZJ1pXhVR3FyufHGjJFqiEXxvWJfDcgRm,32.684460747,32.72903320299997,4474.103873883629,136.88779841026724,1.7896415495534517,136.89816145769163,1001.098712897,898.348730615,260020.48836886714
C2ypsDADXcCRz8HbV2zX1AXPSja7a1P3xZtRC91xGhJh,J9bYNuDpY1d1T86gLaw7DGk5D3CsUAf2tzUwxMvb6FTv,A2NGvvPrMGzsJ4jb52KEnSBVmsA7C34dV1GC7PerdgvG,0.10066742799999995,0.10119010800000039,13.769357438645317,136.7806619500135,0.005507742975458127,136.8496204681051,2.777974751,2.24688566,687.4586751284317
SERgf3DMJpQxUifu7VoFKmfne73d2fDJxSrxUMrcNJB,AJfM2GZ2tTB8UtN2krcyR9xufRJEx2mhSCbJyMgPo3GU,F4yRYkufQvERZcEKnKjJwRLU1btiMBUuEwq46hfm11QD,8.228300000112654e-05,8.228300000112654e-05,0.011236502827612623,136.5592264192942,4.4946011310450496e-06,136.79027902617906,29.284890014,27.959551328,7823.716753689849
Lee1XZJfJ9Hm2K1qTyeCz1LXNc1YBZaKZszvNY4KCDw,9DgFSWkPDGijNKcLGbr3p5xoJbHsPgXUTr6QvGBJ5vGN,2hNHZg7XBhuhHVZ3JDEi4buq2fPQwuWBdQ9xkH7t1GQX,2964.410524734085,2509.9634645790175,478466.8913730493,161.4037217115767,47.846689137304935,136.8007770284135,7170.653174956,56432.018327897,8877314.066078814
MATSnbbiTCv7Dc3trJrkrqjx7ckKdr6fwPoVwv9q3sD,631WX9JizSHJm4w6VanZeJAst9T8DeUUnPLesdGkCVtK,211maUSfpnXbPuW1iBu8b4dtJv5EbN1j7JJiEX5TZKEP,14707.601938999982,14703.171550000003,14676.341331962902,0.9978745272569427,5.870536532785161,0.9969900869275655,20961.801955,24575.400648,45418.67904462855
KwnjUuZhTMTSGAaavkLEmSyfobY16JNH4poL9oeeEvE,J63v6qEZmQpDqCD8bd4PXu2Pq5ZbyXrFcSa3Xt1HdAPQ,BnKQtTdLw9qPCDgZkWX3sURkBAoKCUYL1yahh6Mw7mRK,375.7407969999987,20838.33279199956,6.557065166887612,0.01745103331669261,0.0006557065166887612,1.0,280276.541344,522.061002,5413.176262881519
moFiBS1R4Lf3E3zzmBPnw3NF4RhWPkhREFviuzUaCAU,44ALBrpqi9PfZkBRTvbtRNtFJGsatfY4QydjtMbFWq8S,2ho8qEEie1UjVwWNBo9y4oAJZMyMLx8zPj9bxyUz6uWs,14.456788834009785,14.429856041999301,14.457128721106018,1.000023510552733,0.0057828514884424075,0.999917327835252,32761.500457133,34350.521042047,67109.95190822934
STK75uPSyBnEhGTTzb1nwmP3n427XoXmfRhXxxhyady,6TYyD5fUmDe6N65avW1Ny2RxzRNobw2RRgKwH9CTzSAU,54zDfk4cx2vGrEajPtodWpArNe5eUurytyxd4X3aZAxK,958.2289055619999,1075.245988834004,131064.13640572032,136.77748150255536,13.106413640572033,153.3104635004581,4746.006614429,855.588779919,780317.5443312413
SoNcU2iwHMw6dGzsYNQkYFkUjwN1UdAjrWVRnStrZu2,8ivTTid27jZnYNc4w3CTA1Z6QS2twsFb8WMwUabeDJgc,CyXm53PMvHCbeXJBykU46Rcbo28xk5srhMZFg7gv6EYB,9.247442043000003,9.16937421399999,1493.8487362663197,161.54183279224898,0.597539494506528,159.64069349832945,22.979084194,27.884739752,8163.622568615874
oKQqupM9E7SSLAFDLxr7mdsXP7znck9qRbVWc6Yyj7Q,CMR2J7CwfW98RpvnJmFBgRFTLAd3x8CJ1SWs8Bt3uunG,FmRb5jHfSNj1YWP3b45d9vvYuhwjp4om8bALmtqZpr1v,0.0011398100000405975,0.0011398100000405975,0.0,0.0,0.0,0.0,2176.27630641,3719.63194633,0.0
BUSDTd9WiT6uBHJRgNvFXBsA7JrifsAtWzKfioN7ERcy,DyBxrn7gSc1EwnpWhDyhzvMHPtxpmBqRqotapLcKcfTM,Cds99GeBgoCpqBsoRWu1C6fF9LiUMd4pXQQD24s9LPff,3083.915072740001,3076.27894151,0.0,0.0,0.0,0.0,284.06103342,584.9385258,0.0
NorjjEePhxfwLF4vZjUHCrVVKLzQjEEGQFd3wgjEJmh,34M8pFVqgbV7aqHxvRT5tCv3vu2P1JJYT8J3VaxBK2oG,3AZWBSze3ucsY3xSeuLne3b2pauVqiaJ1SZSV5T9WGWw,0.00364499999977852,0.001209000000017113,0.0,0.0,0.0,1.0,38120.278942,2260.693413,2260.693413
KEN5P7p3asnb23Sw6yAmJRGvijfAzso3RqfyLAQhznt,9zj4aX38Uxf3h6AUjS4EipWS8mwbEofasHAf3a1uKGds,CwQDG1MWunn9cLNwcZLd8YBacweSR7ARo32w4mLua1Yr,1424275.0453360027,1429533.9370570024,0.0,0.0,0.0,1.0,1272270.595318,830607.753932,830607.753932
wrmcMSHFi3sWpAEy4rGDvQb3ezh3PhXoV2xNjgLBkKU,8p4mGnARWPBu6P2Gcw4adodLkNDorrXniZMhaY7eJXUn,AyY89zccbsgp9LKFgH4CFZMJmpSgqmPSdTfukhP227rc,0.012705360000002205,0.08660317999998858,0.0,0.0,0.0,0.0,27.2057097,0.08449348,0.0
MATgk4zXLXtYkwBH678J1xZbRDZ45LicNzkRBHkxTuY,y8dALFo1bJrSzPYjMX14HJX448pXqYmrfXHD1K8MXih,GN7Yuet3UyiWS5YVkEHv6oQKi4HGBJc3XDPt9zQhAqZz,11524.297277,11508.418009999996,0.0,0.0,0.0,1.0,5582.631333,6731.44077,6731.44077
AURHmCnNwiW4uA2Qj1XvEh4iKgRUZYXtiY7FKAapUV5Y,BKWm4TRnTeKwfWXRyuzjRHU7iZDkPuXBX5b5V5jSVfGJ,A5Ww74HVrkj9nPeC7pHKLfgeDMEhBCpW1efQdz3TGLEg,0.011161170000150378,0.009525507999910587,0.0,0.0,0.0,0.0,289.897246205,1809.490217598,0.0
7dwD9TF6uikvHXxPFK9AsSim54yJoujQjY9vU6gNFumk,CquVr6atkvwueDYficKjn6SSEWq4F4rH4VSiBbW4GBWU,8BCa6ge3b7ho3TfZuM64Vk1hgbrJ3J7EPiAb9uP86CGd,3.0111999999999674e-05,3.016000000000043e-05,0.0,0.0,0.0,0.0,0.003919585,0.003588474,0.0
