0,1,2,3,4,5,6,7,8,9,10,11
moFiBS1R4Lf3E3zzmBPnw3NF4RhWPkhREFviuzUaCAU,44ALBrpqi9PfZkBRTvbtRNtFJGsatfY4QydjtMbFWq8S,2ho8qEEie1UjVwWNBo9y4oAJZMyMLx8zPj9bxyUz6uWs,155.5507625330065,155.55201535599917,155.54644658575305,0.9999722537698745,0.062218578634301226,1.0,32316.691115047,34797.255917364,67113.05036606242
B2izdXFYb2sNwbWWHmh75T4aQFtfXsUxem9u2p61HGzf,4DYwgJtxwuJdAjkj5RJSNH4e7U329V5cNp7d3a1nLrZv,EXNW64GEf1ACC6xY9BtKRiunrs6GoJSXBdxWN2eTPmrF,4066.6443430000036,4010.2374289999934,4122.725781809964,1.0137905934425997,0.4122725781809965,1.0,9149.543647,30734.094956,40009.8162396211
KZMu9QBEdL97EFgamLbN5DE1AoKBG4HdrKKJo4Vuon3,DD4ACBWyVqdaKWh7v5btsgqQCCMwbKnuL2xd9pv7Gyuw,GcYqiJ1MAuYbNTNYXm1F1gQYTfTgkErACAhNU5dpVj9T,284.10029975,290.1022115099995,276.6703695432853,0.9738475101460548,0.11066814781731413,1.0,2457.11021274,938.1043863,3330.9550491312916
HEDSDjj84KS7LKhZY7ejkCACTdPen62rKhCby1wXtgxc,EnnjMSFttpCTywBrYNt1J5QQeoSVkvzPipJDa8Y7kJow,6bjVT6JN2rSvpyn9PdfLYC8wJn4LWh49jpY47fnLDXZk,4.725445585998386,4.878478844982965,4.572427462838651,0.9676182657539996,0.0018289709851354605,1.0,39116.44603259,9106.396342945,46956.18401545965
BUSD5rCfUDpCxKGMvYU2yThChxgHoioK74PTPociGnv2,CcFHbafgYDZ8yA8Me1PdtDiVb2eeaS61LbqyKKK5CsNZ,26R9s4nmF3CFDTkiePDwRmtscn8i7r2eygbSijditJ58,217.88952071,218.62000443999995,217.93877487312133,1.0002260510875458,0.021793877487312135,1.0,87.70083055,60.08928369,147.80993910812452
YAkoNb6HKmSxQN9L8hiBE5tPJRsniSSMzND1boHmZxe,CfWX7o2TswwbxusJ4hCaPobu2jLCb1hfXuXJQjVq3jQF,EnTrdMMpdhugeH6Ban6gYZWXughWxKtVGfCwFn78ZmY3,8020520.59211297,8022435.010387983,8020520.59211297,1.0,802.052059211297,0.999739068103225,761819.26601,635722.641891,1397376.0275862287
WiiQFxXqp8P9Fs1rt9SVcDyA3KUdJmUsog6wnVQAwba,3S2jpqSYxho6wiz3cafhjXruVY8cg4HYa2v3BqBHYFSj,Dfe67M6TfrG74gKRtdqys4e6E9QirPD53BkF4FujFjuv,5315.037047485001,5314.048622656001,5314.8077029030055,0.9999568498620148,0.5314807702903005,1.0,14350.12863318,12448.270434214,26797.779857363374
Cob4usZcpHEY7Qt4ZCwj6WVg9S44zvzYV2v9qYF65dTf,NhFM9UXE48PyNAyeyPYA3iXztqKVJwA4bTdLj4ysM8w,6TuFuynuBoeskxyR2cz4wxyidk8dpDK7kAWw3UkjQGx,110.44607799999494,218.4217260000005,1.0220613176021325,0.009253939443663897,0.00040882452704085303,1.0,70665.25109,190.55595,844.4879043581641
DFWzVTzNBrQZLjoQ4yQwkj9HuoXmfkuZP9V5vbymZe23,DhgiEgiNdqZdRdo195UUHnoEJUtefK8buko8nU97XJUZ,2K2kkXsouBHtWVjtcgkyiXd8eP3oVBvq1bTJzcVdLLr2,4031.0330336079987,4344.010853553016,3824.411198802414,0.9487422124594582,1.529764479520966,1.0,54381.188539528,13902.143592899,65495.87272406573
Lee1XZJfJ9Hm2K1qTyeCz1LXNc1YBZaKZszvNY4KCDw,9DgFSWkPDGijNKcLGbr3p5xoJbHsPgXUTr6QvGBJ5vGN,2hNHZg7XBhuhHVZ3JDEi4buq2fPQwuWBdQ9xkH7t1GQX,1188.0693219761015,1004.2954047689791,223191.3718604229,187.86056312706683,22.31913718604229,158.77834669823602,6931.642681896,54969.884693454,10030209.70743589
Sid7E679i9ABqptiAVhkmQ27YHN8vaYT4fppPwmxFsJ,GP7KB8o1bv527HG8kTzzzf4wJ5aEGHvcMQvVhLziUfmT,9gYxhAZ1M9wu5pxr8SBoa5NDm21gi3s9vMHaYTME77sa,147.5035169999992,325.86370300001,1.3649886140454406,0.009253939443663897,0.0005459954456181762,0.02047035722370043,128241.174392,11678.35882,1425.7962388398619
ercAoEmXjQzEvAFbdjAo81KtMxRGn9AW1ju882upmPH,CMRhskR2Eg6V42RTSdRTXGdozyPbWB8U9dVpijPWb9T4,7TKLLgrWswt6ZJ1pXhVR3FyufHGjJFqiEXxvWJfDcgRm,41.083294335000005,40.914045848,6526.0316371194685,158.84879104156357,2.6104126548477873,154.61573583097532,326.843382784,859.778404218,184853.9468349212
STK75uPSyBnEhGTTzb1nwmP3n427XoXmfRhXxxhyady,6TYyD5fUmDe6N65avW1Ny2RxzRNobw2RRgKwH9CTzSAU,54zDfk4cx2vGrEajPtodWpArNe5eUurytyxd4X3aZAxK,493.84344380000056,555.3441605430085,78411.64553432733,158.77834669823602,7.8411645534327326,178.79805510627577,1687.917332929,300.382882559,321712.59867452865
BUSDgu5JdqP1rndBvXvanbEufS94FNh1w5FJcAj6vawb,Bgzr8cWubt89JQFXndVjtdKmDbGzuPxNhvjH1EhWCwbo,Dxaf8xPBBQsasRKW5Aa4Sw2YrbfGofY9xZueyyF23FBW,8702.904324219999,8654.212156659996,8755.63531300528,1.0060590105119886,3.5022541252021115,1.0,4883.56374093,10152.45181174,15065.60511671226
ALBpShJ9NLpE739pcHDF2LNVk5J4VYPvvKuV6jMPitZi,D6d156U1bPiJpDYRLextvDRccgFk7QzkQbJg42ceKEu5,GNcM8U5g8RwTZffwwm3kSQqUNPSwv5d2fbN9sLxPJqt2,108.72099499999604,108.48884200000612,108.64820070552334,0.9993304485994384,0.043459280282209335,0.999046909248577,41200.417027,59103.956142,100220.45593810441
iLiUBQ7Z7im6Ew3b4ewwPcehzWgEQRJ1iQz7g6D62NW,GpugBvKWM3TVhYcZjemSdtehBWgfvuGr6uAm9iPjXT6v,92fMXJ3xy8tEyMUWLHKRLyhPw2nECBo77GtDiBBbYrjX,31.45927777299994,30.806100000000015,30.841569646764306,0.980364834479265,0.012336627858705724,1.0,1832.014987429,1130.86535494,2926.9084248543645
AURHmCnNwiW4uA2Qj1XvEh4iKgRUZYXtiY7FKAapUV5Y,BKWm4TRnTeKwfWXRyuzjRHU7iZDkPuXBX5b5V5jSVfGJ,A5Ww74HVrkj9nPeC7pHKLfgeDMEhBCpW1efQdz3TGLEg,0.18158959000015784,0.16199626599990324,32.17955626883553,177.2103580871985,0.012871822507534214,158.79407964856964,289.906750415,1809.4797958,338709.15786968096
BUSDTd9WiT6uBHJRgNvFXBsA7JrifsAtWzKfioN7ERcy,DyBxrn7gSc1EwnpWhDyhzvMHPtxpmBqRqotapLcKcfTM,Cds99GeBgoCpqBsoRWu1C6fF9LiUMd4pXQQD24s9LPff,2208.7330809899995,2214.13511858,2208.508630257906,0.9998983803276073,0.22085086302579066,0.9969662317567642,135.08531922,128.09805363,262.78102571699276
FrnkTEL6yZ5Aycq2TrEgu29dCrwKG4LPUZydfiwqspkc,DjvZuMZ46fxKBoBpGMPcRcos4xdTtHFxwMh69DpA2ZFY,9rvDPJLAng4uVVqnnSoEXgNDFhBZQTny9AoQioYDZbQX,65.2555406120014,54.59017163200005,12364.839733450219,189.4833698025659,4.945935893380088,159.1514047100858,174.971194942,1441.08369532,262504.62605097116
GokA1R67GqSavkd15zR62QD68Tuc5AEfvjssntVDEbM8,3YB7hfpBdbQEuZqLGWVDpRPmeZWCUsrrWyqGXegnQ6Cg,4DPCj6Z1DsG6HUtwSogBGqXEUxdEV5a8YVrrFtcnz7UW,10421.814352,10422.465952000004,10422.158283223345,1.000033001089036,1.0422158283223346,1.0,17186.615853,15399.074912,32586.25794203999
ZUCKWFa4LTL833dPhhpeeRWZcaAEoMeYJPi2iKn4F8N,7eEYpq6ShaJ9opZWMxitRFrdCHh6vfyHhGfoSvFht3N2,H8VggnHmuwd1wvwpT8eg9cUJFEfZ7HAaeYjgXrSm7A2u,0.001264695999907417,0.001264695999907417,0.0012666059403369698,1.0015101972566471,5.06642376134788e-07,1.0,1817.011925129,2030.157130782,3849.913102335625
C2ypsDADXcCRz8HbV2zX1AXPSja7a1P3xZtRC91xGhJh,J9bYNuDpY1d1T86gLaw7DGk5D3CsUAf2tzUwxMvb6FTv,A2NGvvPrMGzsJ4jb52KEnSBVmsA7C34dV1GC7PerdgvG,0.13115380499999996,0.1318034680000002,20.863009168322606,159.07284709218015,0.008345203667329043,158.96979939442045,1.309424137,0.910011665,352.9581973554435
C98Sspw7XqnMsgxea3SLQVdbMDL8pKUc3RE82UvX9eq2,CSqgQJurPCzGxb4Cgwx5R61hWQUiaoUHcShNc8r1cKEL,6S2CR5EnukPhC914XkAns8m5GixjMAoUuZMsS5ubHuWc,38.31564100000014,38.18229299999996,0.0,0.0,0.0,1.0,878.129864,1241.516728,1241.516728
DEDaBEWzMCXohXYXoLzB4jK1xqMsd3SS9izXp2xvg9pe,GC5zHpW5GuVdw3C7covC6viyGdLS8ZAaVGDKMeru7p78,F8juxtAFueW19vxkdDArUkjVWAv9QV6yy1wCXUWQiXvh,0.022004559999999174,1909.177004730329,0.022004559999999174,1.0,8.80182399999967e-06,0.0,46.89429215,8576762.77359505,46.89429215
RajgMbScQbqqrdJfR2rxfHJiTiY5b6bJ2tTXiF4aPxy,725ZA3fhyBAKb5iopNRrcbSuQa3LXA1656Q3mBvYPxeg,GLA6i1dSZpUfk2f9Nj8uiG7xyDdAR2reff8oEiZH3617,14054.951728450018,14040.271379319987,14075.582732328274,1.0014678815179774,5.630233092931309,1.0,61499.27278172,119909.46483659,181499.01126419535
BkwbeSfcX1h4thMDd7obGkHrPevf3QwgzJ4pCEqG18Lu,35yX27bmurdebhfAb8EPmjLETDiUaEUCn9zHaDPbakH2,2CxECn1ZJFoESyUnQysQU8rRgT3iJ5GRs2Mdd6gZjx5g,0.020051019999993258,0.013160570000000149,43.346996130300845,2161.8349655187326,0.017338798452120337,1414.4271570014146,0.9032719,22.63502722,33968.321976224775
vEnkoSUkpnbRrPgBz9DfcVxNz67zjwMYBZraAvDDNSf,DtfyjjsZ5yCjWKLKHvwsfXs5QVsmm1QkK6Sh9JZHoq1g,e5wrKCRv4GhHvEf1VD5Pq2KGaZDXP77nTL612Jyrxwy,1312.5587549999998,1312.5666029999993,1311.6065286601925,0.9992745266936204,0.13116065286601924,0.9986597985503455,916.639431,1028.610341,1943.2062294910968
SoNcU2iwHMw6dGzsYNQkYFkUjwN1UdAjrWVRnStrZu2,8ivTTid27jZnYNc4w3CTA1Z6QS2twsFb8WMwUabeDJgc,CyXm53PMvHCbeXJBykU46Rcbo28xk5srhMZFg7gv6EYB,12.910961440000019,12.76107396900002,2430.574050932458,188.2566269156524,0.9722296203729832,181.23266849337116,21.590203148,27.30803116,9013.60617749311
Lid8SLUxQ9RmF7XMqUA8c24RitTwzja8VSKngJxRcUa,4PgzyzLtds9bKZ2to9PMnKqJzKEUpjvNUaeN23phegax,AtymwxoVN9peZo7EXTcDz9jKVc4vRmisJKKrNfe3ewBa,109.03238827099449,92.50723447799999,20426.867453272338,187.34678545701843,2.0426867453272335,159.1233702584418,982.507155591,7682.387700283,1406516.9797895236
MATSnbbiTCv7Dc3trJrkrqjx7ckKdr6fwPoVwv9q3sD,631WX9JizSHJm4w6VanZeJAst9T8DeUUnPLesdGkCVtK,211maUSfpnXbPuW1iBu8b4dtJv5EbN1j7JJiEX5TZKEP,425.1774049999949,425.0438850000064,425.1667758305992,0.9999750006249845,0.17006671033223966,0.9996321353741824,22040.212182,23507.542439,45538.55603616702
BSCNHw8CmxbZ8hCWWzMf5FaG2ajPT6JxfznKUNuRVrn4,7n9kgNL633yGzCYksgnzHyjG73ZLBAwvEae5sbAekbzW,SscdxE99omdG9AiMVwmaEMQySQnCgeAh1sPj2Leutm2,55.327874069000245,55.10312148699995,55.57195844747634,1.0044115987209574,0.02222878337899054,1.0,4314.757928026,7383.58457738,11717.37748596252
BSC8REUo9LpiiWUuqMuLXs2D2yJsJfGd4HdiF3wCLxk5,AZjEH1zWVx1UJ6udMyRijGTzPteuLnaY18yNNmprJEsh,Caf8ypkSVR8xYnXNhjvfvdGCC7mrM3C11rz8Xi6NA6aK,82.84315687099979,82.8200510960005,82.91809202371392,1.0009045424576326,0.03316723680948557,1.0,3052.584064022,3297.614460199,6352.9597161124
7oAd7xG4m3oC2qeWB1szghTebAZyyGPAFDJ4wwwbRSNi,D9yh4KAysxt9GLacVe4Wwh2XqghhcjTCSTV9HuM7TBJd,HDYfJLpZKaMFb84jM4mRytn7XLR8UFZUnQpSfhJJaNEy,4945.904379257059,123.20968991300015,4945.904379257059,1.0,1.9783617517028238,0.030865164392617713,1139.081103585,293146.043075564,10187.081914157678
BSCuChvaSj9b5HUSqgDVRzcnr2sSn7cXaamt1jbKH6hn,GnKpRj5kBVPMJfiwZtEuD9GYApLzPdW5JFuZTcyX4BTc,3dmwD9okkomV9nDwyuh4UMhKdUR13QpuKxRo89ycZB5t,80.28390307200016,80.27506128899995,80.29770897829565,1.000171963566384,0.03211908359131826,0.9980876640357076,1586.716446288,1523.242483493,3107.318835816422
KwnjUuZhTMTSGAaavkLEmSyfobY16JNH4poL9oeeEvE,J63v6qEZmQpDqCD8bd4PXu2Pq5ZbyXrFcSa3Xt1HdAPQ,BnKQtTdLw9qPCDgZkWX3sURkBAoKCUYL1yahh6Mw7mRK,96.41259400000035,4732.497217999946,1.9783553515288639,0.02051967766294989,0.00019783553515288638,1.0,277766.280165,569.89674,6269.571274622432
parEAJhzYzHW87y9VoZAQ22dzQ2MD2ekEtTReaxbMcz,3oyc6hpjYSJEquK6dSvG72NXyz3pqLZz5D8AC71pwgQb,Di2vordgFJVZ1aj1aBpvzXtLfZgJsuLLXawGtVFwX6Rz,1.2715157360001115,1.4053821980000407,197.1246567414808,155.03123646867988,0.07884986269659233,181.90619134093785,1100.559892721,142.203059069,196488.7778486465
BSCrK1Nx9PXU9mF7STWWBqeHLxmtJDr9h7jheEy4tAWX,FfSySSbVJPvEo5a5AvrP3nySoXpRE2QPn1uUMpJJ1x7v,HL7Vcj6838ZmvBHDbQxXfjBNckNi83WvPiZQoMQLFeRM,0.07641170800000008,0.07632478799999998,250.6871778720447,3280.7430226797765,0.10027487114881789,3273.3224222585923,0.844793556,0.959429692,5912.073287856092
SAMyS8Jr2HJrkFwYVKbpUwsNStnQmvz3f8Tup8bWUWF,6jPzm5TFfquvgm25sTyN3MMGBfufRaFHMxobDWv6hMFW,Cj9ECoDmxsHTDzCY5ZA6RWrPbg9uFzEC1Qc2kso2vJG6,1036.9723064000282,21.52390078999997,1009.8528986780792,0.9738475101460548,0.4039411594712317,0.02053580376314497,472.79887146,109307.29170993,2705.1470962071508
SRMuKizofcAMicegrfSv7xs9q76tH1w8aAF7oX9FEWu,72Hj2KWntXPfbie4UgKeTPnm1XVkomDfCnRPKbvfTtPi,6aqJQ5wedqpUt4fFEDUqUmXhrdxCu4bEJsQdVPCADLko,215.7878470000005,215.87389500000018,10.085693824744634,0.04673893347082058,0.004034277529897854,0.0469548599453915,17864.056964,3999.896594,1022.7615543266636
JSoLLrxK5bYdHwTEWYaGgmeycBCNXKDiBCTw5hXGBg7,xG4wXczA7Dk4hccJ61CHKpDHW4NrNfQwgmWgkb9BuF2,BVR6WgfhsRr9Lob4QDnkEAiNGgAbv7ZieKcY9kSg3QYR,4.1445409990001565,3.5440492399999854,767.328264949961,185.14191683351038,0.3069313059799844,159.31009806173776,17.264138126,163.648870893,29267.23329478262
MATgk4zXLXtYkwBH678J1xZbRDZ45LicNzkRBHkxTuY,y8dALFo1bJrSzPYjMX14HJX448pXqYmrfXHD1K8MXih,GN7Yuet3UyiWS5YVkEHv6oQKi4HGBJc3XDPt9zQhAqZz,1853.113011999999,1847.2684969999991,1858.821452681183,1.0030804600929455,0.7435285810724732,1.0,3408.038932,6663.687879,10082.22513892523
wrmcMSHFi3sWpAEy4rGDvQb3ezh3PhXoV2xNjgLBkKU,8p4mGnARWPBu6P2Gcw4adodLkNDorrXniZMhaY7eJXUn,AyY89zccbsgp9LKFgH4CFZMJmpSgqmPSdTfukhP227rc,0.009618450000000014,0.0961092999999984,3.068086124401918,318.97926634768737,0.0012272344497607673,3274.394237066143,27.10490019,0.0935324,8952.163128572456
AUSejoEUCh2DBs9mof6BNC8Pubs22w4cJa1ccV9h44R,4xkyD7AfGQDwsQMy9MosRRNGoVJ1zosNinesxg1TzHG7,Cbm5gsQe3nSiCsFrvepVzMCD9xLK3ri9g3ypS2hdmVJ7,108.60132499999781,108.58473599999888,108.625439847644,1.0002220492949436,0.010862543984764403,1.0,14393.078592,14482.280695,28878.55525995342
CZgvH45CRmoaNJ7395Ao5CQZXkGznvqU7cErD6n7FaRg,4ZjU6MKvtqVQKCiowhvZ5yUsPxXX5SCzd5eFsPeXyey5,BsyWeshjDbCvjDojry3vKDCesmFRM37WtwcR4Kfgzqr,27.903508819999985,28.63855799999999,28.76094032696601,1.030728447540313,0.011504376130786406,1.0,213.47177507,591.6030396,811.6344709115759
daob129AwBGn9Y5r91uLoWZeYiGzbPmksauMhFZKTze,6VW5GQNyj4LStgmxEHLr5zUfW92vQnmbw8jTnCH7a38F,4VPCCUifPeBA1c7HWK358CHn2nyjm8pdTRk6Ps3KmnMQ,52.44956784799978,46.23604958100004,9302.89570720589,177.36839575429724,3.721158282882356,159.3315721883554,48.337938284,223.925775147,44252.06837517098
MARpDPs5A7XiyCWPNH8GsMWPLxmwNn9SBmKvPa9LzgA,6YjT74rmcfCpw8LSjPNx5JTmZoYLGrTKnf9arfSgZ4SR,F8GSmi3vA8M8TsybLya1LQ4n1aFHCRbZ6k437PeTdXtg,35065.46478799989,36944.44715800084,33435.35737456056,0.9535124538261595,13.374142949824227,1.0,295863.826339,16061.564646,298171.4076968966
heyk4SZTeCUV6a65WiVA5bzic3KcxgVf1qxobfeV4tQ,9ZDpBKPqMABtGfq66FbVribaArMvtk63xxy91onZAtDt,DaTP4s6N7xxSPinbNZ3FB52EpRDRt87QShTuN3VPCW52,51.97366583200346,45.20891887199957,9488.425345034011,182.56217246064236,3.7953701380136047,159.35617555377468,632.604115989,4465.319451447,827065.812130969
AyiATPCAx5HZstcZ1jdH9rENwFb3yd9zEhkgspvDrCs4,DvHVapj4g2Y1tJVSw2ubSPkPBsJPb8fW387ZWXwaKmZq,DKjqWWgrtDRPKrnMWtZ4UiJk4sGQVCQgFjSo7BvfngvK,0.0012121600000000177,0.0012231400000000114,2.6204898718032252,2161.8349655187326,0.00104819594872129,0.0,0.80222744,0.31854276,1734.283330090581
ALLwa5WNZbvQsRKAqe1jdRGemdYQnW8E5k4msbRFcYtu,CGoM82Hbz7QVqTgvQatYtjvDWBvoUJp5qm21P8iMs9yb,3dxNNww8TivyN5FMy5dCNdi3Zcxv6e4kUfSPxfFwpdNq,3.0305291270000017,3.025050656999998,9927.69811635983,3275.8959575443882,3.9710792465439315,3271.287906048611,2.003871493,6.631872018,28259.237250302736
BkMBnJpvHKtWhUvrgRrLesXfi9RUV3ELgdBaJcdH7hcY,5uerVwBnZQsuVhZ15igs7ZgmcqhHnYWbwoRtLyRqLvR,9YWiQh5d4jCtgMdzcGLv9bWgnLaFtzvDDh2nnhJdzhBX,0.0012735170000723883,0.0012735170000723883,0.001278180773673958,1.003662121197679,5.112723094695832e-07,1.0,1117.77178196,1755.68160742,2877.546805116883
SoN9GaFpSXfpyR5dth3x7PHPVhvJMpQqqDJfCSmPv1t,9kZ9iS68ViMPtoeqtnhAKuF2iqVyfHPdZHoUNdwCELr,BBhm5fJLjw3HRzjtKB8uMEYjGhY6EDm9co3cqpjrSzB9,2.2192740209999995,2.170793702,412.30023064782955,185.78157845602504,0.16492009225913185,185.33012020326265,3.667456419,5.987542482,1791.0178103517028
KEN5P7p3asnb23Sw6yAmJRGvijfAzso3RqfyLAQhznt,9zj4aX38Uxf3h6AUjS4EipWS8mwbEofasHAf3a1uKGds,CwQDG1MWunn9cLNwcZLd8YBacweSR7ARo32w4mLua1Yr,115573.75973700057,115578.77692199964,115545.33558444679,0.9997540605011167,11.55453355844468,1.0,1120530.446317,1080991.966916,2201246.8305365494
