0,1,2,3,4,5,6,7,8,9,10,11
KEnkcdADoLR5jS2CLLLesy8TtFsyWL37BhXNfDMzWzP,3qsjFRuw1qeLMPo4DLwaQevenGAGBj9dA3Q6rb8ax2YR,77iEv8zPQAEyCcEbvBRSB6AFcUdfkhiqnAKtPxk76rNN,5.744339000000002,3.9237119999999903,0.08203487553177607,0.014280994824953062,3.2813950212710435e-05,1.0003100961298004,105.542674,0.460624,1.9680212189254014
ALBpShJ9NLpE739pcHDF2LNVk5J4VYPvvKuV6jMPitZi,D6d156U1bPiJpDYRLextvDRccgFk7QzkQbJg42ceKEu5,GNcM8U5g8RwTZffwwm3kSQqUNPSwv5d2fbN9sLxPJqt2,1794.9585230000084,1791.873169999999,1796.5179005376751,1.0008687540785401,0.71860716021507,0.9999320046236856,43363.891324,56929.901268,100327.59417938883
ALLwa5WNZbvQsRKAqe1jdRGemdYQnW8E5k4msbRFcYtu,CGoM82Hbz7QVqTgvQatYtjvDWBvoUJp5qm21P8iMs9yb,3dxNNww8TivyN5FMy5dCNdi3Zcxv6e4kUfSPxfFwpdNq,1.7540257359999956,1.7508582100000005,5373.030283351189,3063.2562413845917,2.1492121133404756,3059.853800185427,2.028521522,6.601889775,26414.69872948854
MARpDPs5A7XiyCWPNH8GsMWPLxmwNn9SBmKvPa9LzgA,6YjT74rmcfCpw8LSjPNx5JTmZoYLGrTKnf9arfSgZ4SR,F8GSmi3vA8M8TsybLya1LQ4n1aFHCRbZ6k437PeTdXtg,42813.669494999886,45151.30744399937,40321.783287813036,0.9417969485778865,16.128713315125218,1.0,319905.542939,15374.099503,316660.16367610224
BUSDTd9WiT6uBHJRgNvFXBsA7JrifsAtWzKfioN7ERcy,DyBxrn7gSc1EwnpWhDyhzvMHPtxpmBqRqotapLcKcfTM,Cds99GeBgoCpqBsoRWu1C6fF9LiUMd4pXQQD24s9LPff,10563.75431428,10599.611631040005,10576.517950377336,1.0012082481017266,1.0576517950377335,0.9998390259168273,406.12174424,464.98432593,871.5219155709916
SEQV6QiTpvTzrceiaYg9Avnwf7oc8ZALpnQMz6TyT4A,3dFMPj4r9mMmPHF32mz1gNDX7f8ftidWof7S8YiYTs1j,Fc1ED3YPeQfXQosHbd8DTaBd2AV5gHQtwiSAL5C5pUhi,70.01854591699976,69.75812787500001,70.27089700009293,1.0036040606069185,0.028108358800037172,0.9996601805165362,991.742950879,4633.17175803,5626.914568576839
7dwD9TF6uikvHXxPFK9AsSim54yJoujQjY9vU6gNFumk,CquVr6atkvwueDYficKjn6SSEWq4F4rH4VSiBbW4GBWU,8BCa6ge3b7ho3TfZuM64Vk1hgbrJ3J7EPiAb9uP86CGd,4.348999999999976e-05,4.366400000000055e-05,0.007178444002524714,165.05964595366183,2.871377601009886e-06,165.7946696018955,0.003949481,0.003558723,1.2419172395503808
daob129AwBGn9Y5r91uLoWZeYiGzbPmksauMhFZKTze,6VW5GQNyj4LStgmxEHLr5zUfW92vQnmbw8jTnCH7a38F,4VPCCUifPeBA1c7HWK358CHn2nyjm8pdTRk6Ps3KmnMQ,26.226102600000047,23.47435741499993,4092.9802682166714,156.06513596940874,1.6371921072866686,140.22743768573125,48.627315824,223.525236358,38933.399808479735
AUSejoEUCh2DBs9mof6BNC8Pubs22w4cJa1ccV9h44R,4xkyD7AfGQDwsQMy9MosRRNGoVJ1zosNinesxg1TzHG7,Cbm5gsQe3nSiCsFrvepVzMCD9xLK3ri9g3ypS2hdmVJ7,716.0281509999968,716.5230540000011,715.5830583377108,0.9993783866435079,0.0715583058337711,1.0,14703.549216,14170.937138,28865.346431419493
NorjjEePhxfwLF4vZjUHCrVVKLzQjEEGQFd3wgjEJmh,34M8pFVqgbV7aqHxvRT5tCv3vu2P1JJYT8J3VaxBK2oG,3AZWBSze3ucsY3xSeuLne3b2pauVqiaJ1SZSV5T9WGWw,0.01185299999997369,0.0010529999999562278,0.007028581593912293,0.5929791271347249,2.811432637564917e-06,1.0,38120.278942,2260.708511,24865.238244159395
BerKDkt6v49dT1bHRedgnpsJS263C1DSJtEGvY9Mg35V,78XKqNb8wbfsMMrvo8WPUpdx7GEkfQutpNVH943aCGFa,DKYQwn4nDvFHCszi5tXbqfVMAP7DaXXp1KGTXEnYnKVH,0.0010598310000204947,0.0010598310000204947,0.0010768598916106834,1.0160675537796682,4.307439566442734e-07,0.9989345893105745,1338.317413093,4791.36099259,6146.0771254737365
heyk4SZTeCUV6a65WiVA5bzic3KcxgVf1qxobfeV4tQ,9ZDpBKPqMABtGfq66FbVribaArMvtk63xxy91onZAtDt,DaTP4s6N7xxSPinbNZ3FB52EpRDRt87QShTuN3VPCW52,158.4255660289955,137.6944250230007,25516.7255001245,161.064442688842,10.2066902000498,140.3430376801408,634.685237987,4462.724303777,728537.509260267
BUSDgu5JdqP1rndBvXvanbEufS94FNh1w5FJcAj6vawb,Bgzr8cWubt89JQFXndVjtdKmDbGzuPxNhvjH1EhWCwbo,Dxaf8xPBBQsasRKW5Aa4Sw2YrbfGofY9xZueyyF23FBW,13439.655418440012,13381.611769340003,13503.636593876361,1.0047606261800852,5.401454637550545,0.9996214033896803,5140.50171749,9875.53673203,15036.771611843222
AURHmCnNwiW4uA2Qj1XvEh4iKgRUZYXtiY7FKAapUV5Y,BKWm4TRnTeKwfWXRyuzjRHU7iZDkPuXBX5b5V5jSVfGJ,A5Ww74HVrkj9nPeC7pHKLfgeDMEhBCpW1efQdz3TGLEg,0.12946483799987618,0.11550751000004311,19.629833624177817,151.6228956637368,0.007851933449671127,140.21320258732618,289.883559024,1809.505706911,297669.57489056356
BkMBnJpvHKtWhUvrgRrLesXfi9RUV3ELgdBaJcdH7hcY,5uerVwBnZQsuVhZ15igs7ZgmcqhHnYWbwoRtLyRqLvR,9YWiQh5d4jCtgMdzcGLv9bWgnLaFtzvDDh2nnhJdzhBX,0.001032548000011957,0.001032548000011957,0.0010362035645398975,1.0035403337451607,4.14481425815959e-07,0.9996954177985823,1114.122438073,1759.334052029,2876.864993527154
Lid8SLUxQ9RmF7XMqUA8c24RitTwzja8VSKngJxRcUa,4PgzyzLtds9bKZ2to9PMnKqJzKEUpjvNUaeN23phegax,AtymwxoVN9peZo7EXTcDz9jKVc4vRmisJKKrNfe3ewBa,451.685077891977,383.5931828620014,74751.35753280547,165.49441456350849,7.475135753280547,140.51505794489702,985.662329928,7678.537134347,1242071.7006135504
7oAd7xG4m3oC2qeWB1szghTebAZyyGPAFDJ4wwwbRSNi,D9yh4KAysxt9GLacVe4Wwh2XqghhcjTCSTV9HuM7TBJd,HDYfJLpZKaMFb84jM4mRytn7XLR8UFZUnQpSfhJJaNEy,0.0,0.002167972000052032,0.0,0.9998336736690504,0.0,0.02285937812498843,957.621534997,300037.026752135,7816.122103344969
SoN9GaFpSXfpyR5dth3x7PHPVhvJMpQqqDJfCSmPv1t,9kZ9iS68ViMPtoeqtnhAKuF2iqVyfHPdZHoUNdwCELr,BBhm5fJLjw3HRzjtKB8uMEYjGhY6EDm9co3cqpjrSzB9,2.2738301899999995,2.2311680110000016,380.76510196358174,167.4553815135957,0.1523060407854327,164.24239418108908,3.664396911,5.986852294,1596.917937123852
KysFMBBoavfov2tLpvefWW6tPFt6rAeZWDJVy1mMQae,B8ka2V21TH3x64dFV8ETcjuQcwmrciJ2qzy1mJUttRew,7fSf7EYxBANyxzk2s5pymFgshA91tFYQNKKs5UnLWcYS,40.63301199997659,31.004997000000003,0.0,0.0,0.0,0.017564789482485094,134345.761246,2730.218324,47.955710102283284
JSoLLrxK5bYdHwTEWYaGgmeycBCNXKDiBCTw5hXGBg7,xG4wXczA7Dk4hccJ61CHKpDHW4NrNfQwgmWgkb9BuF2,BVR6WgfhsRr9Lob4QDnkEAiNGgAbv7ZieKcY9kSg3QYR,2.320598466000046,1.980183199999999,381.1406479888102,164.24239418108908,0.1524562591955241,140.64404847831577,17.297701015,163.60387708,25850.927447812188
C2ypsDADXcCRz8HbV2zX1AXPSja7a1P3xZtRC91xGhJh,J9bYNuDpY1d1T86gLaw7DGk5D3CsUAf2tzUwxMvb6FTv,A2NGvvPrMGzsJ4jb52KEnSBVmsA7C34dV1GC7PerdgvG,0.03774570300000013,0.03763642299999992,5.308708482580127,140.64404847831577,0.002123483393032051,140.77135381781764,4.050813005,2.974108984,988.3920887312262
SQDY9uoDoCbNq7F3HAHYYQZbrUzpKxDtdWLvYcqBLak,GiehZ4X2uQjhEKuxSm3ACmEFrabxh3RTvjbLfLjw1xGX,rxDQYV77NKRKYxCjq4cECX3QQsiSyLv1T1FT2X3zNA2,0.0010501560000193422,0.0010501560000193422,0.001052318457624564,1.0020591774985639,4.209273830498256e-07,0.9998336736690504,168.702204443,237.869801509,406.87982972401846
FrnkTEL6yZ5Aycq2TrEgu29dCrwKG4LPUZydfiwqspkc,DjvZuMZ46fxKBoBpGMPcRcos4xdTtHFxwMh69DpA2ZFY,9rvDPJLAng4uVVqnnSoEXgNDFhBZQTny9AoQioYDZbQX,40.35429026899743,33.79753702100032,6748.107514936636,167.22156355506354,2.699243005974654,140.44075927892098,175.311095575,1440.585062609,231632.65550928257
vEnkoSUkpnbRrPgBz9DfcVxNz67zjwMYBZraAvDDNSf,DtfyjjsZ5yCjWKLKHvwsfXs5QVsmm1QkK6Sh9JZHoq1g,e5wrKCRv4GhHvEf1VD5Pq2KGaZDXP77nTL612Jyrxwy,3130.1561420000007,3129.3461740000002,3132.6560014891893,1.0007986373125755,0.3132656001489189,1.0000860073966362,896.234987,1048.322364,1945.363281178817
ercAoEmXjQzEvAFbdjAo81KtMxRGn9AW1ju882upmPH,CMRhskR2Eg6V42RTSdRTXGdozyPbWB8U9dVpijPWb9T4,7TKLLgrWswt6ZJ1pXhVR3FyufHGjJFqiEXxvWJfDcgRm,23.36654632900013,23.249201731999847,3285.8716488331224,140.6229060370398,1.3143486595332492,139.10088249772883,570.861482523,919.194831654,208137.01288741975
WiiQFxXqp8P9Fs1rt9SVcDyA3KUdJmUsog6wnVQAwba,3S2jpqSYxho6wiz3cafhjXruVY8cg4HYa2v3BqBHYFSj,Dfe67M6TfrG74gKRtdqys4e6E9QirPD53BkF4FujFjuv,11779.287727703,11779.514795768995,11806.507560043636,1.0023108215853,1.1806507560043638,0.9998024090498995,5772.352349915,21022.130298977,26803.667742601232
parEAJhzYzHW87y9VoZAQ22dzQ2MD2ekEtTReaxbMcz,3oyc6hpjYSJEquK6dSvG72NXyz3pqLZz5D8AC71pwgQb,Di2vordgFJVZ1aj1aBpvzXtLfZgJsuLLXawGtVFwX6Rz,20.518488352000134,24.052042420998845,2817.826116608111,137.33107762460634,1.1271304466432446,160.37180599501886,1103.230214785,143.291226513,174487.6670435811
BkwbeSfcX1h4thMDd7obGkHrPevf3QwgzJ4pCEqG18Lu,35yX27bmurdebhfAb8EPmjLETDiUaEUCn9zHaDPbakH2,2CxECn1ZJFoESyUnQysQU8rRgT3iJ5GRs2Mdd6gZjx5g,0.0023829400000003886,0.001565689999999953,4.1465511241045245,1740.0988376139762,0.00165862044964181,1142.857142857143,0.9046278,22.63293009,27440.347600396148
YAkoNb6HKmSxQN9L8hiBE5tPJRsniSSMzND1boHmZxe,CfWX7o2TswwbxusJ4hCaPobu2jLCb1hfXuXJQjVq3jQF,EnTrdMMpdhugeH6Ban6gYZWXughWxKtVGfCwFn78ZmY3,7470638.008836026,7472433.89405095,7470638.008836026,1.0,747.0638008836027,0.9994672839376614,1238683.647924,263498.106126,1502041.384376471
Lee1XZJfJ9Hm2K1qTyeCz1LXNc1YBZaKZszvNY4KCDw,9DgFSWkPDGijNKcLGbr3p5xoJbHsPgXUTr6QvGBJ5vGN,2hNHZg7XBhuhHVZ3JDEi4buq2fPQwuWBdQ9xkH7t1GQX,2250.462041558021,1903.6468729009957,374347.2170267432,166.34238219258222,37.434721702674324,140.64305944785224,7130.977139165,56490.623679657,9131197.8691138
BSCNHw8CmxbZ8hCWWzMf5FaG2ajPT6JxfznKUNuRVrn4,7n9kgNL633yGzCYksgnzHyjG73ZLBAwvEae5sbAekbzW,SscdxE99omdG9AiMVwmaEMQySQnCgeAh1sPj2Leutm2,613.8015764850006,612.972916576,614.7721966574771,1.0015813256427832,0.24590887866299085,0.9998336736690504,5216.58161958,6473.643664384,11697.397660848143
B2izdXFYb2sNwbWWHmh75T4aQFtfXsUxem9u2p61HGzf,4DYwgJtxwuJdAjkj5RJSNH4e7U329V5cNp7d3a1nLrZv,EXNW64GEf1ACC6xY9BtKRiunrs6GoJSXBdxWN2eTPmrF,179148.35073499978,177813.38285599987,178204.5792831164,0.9947318998583502,17.82045792831164,1.0,10926.724374,28922.680491,39791.84178677756
KZMu9QBEdL97EFgamLbN5DE1AoKBG4HdrKKJo4Vuon3,DD4ACBWyVqdaKWh7v5btsgqQCCMwbKnuL2xd9pv7Gyuw,GcYqiJ1MAuYbNTNYXm1F1gQYTfTgkErACAhNU5dpVj9T,66.21775384999955,65.89961492999964,66.55500068391508,1.005092997184403,0.026622000273566034,0.9996214033896803,2052.55669422,2638.52730868,4700.538730869188
HuonfMR5ivyhX5BZBw2Lr3XuNPSTVrSmZMWgBZrMQJU2,E7L8CZxreEeNwM1V8DLxa8AZQKu6oday6RvXxRo27CHi,48UJw19Ra8y5Kv989DsXPrfUHeUWUbHvXZmdPBbGuHdz,416.59608642,1609.3904429500003,6.738715495423914,0.01617565722552213,0.002695486198169566,0.9996214033896803,4470.36264351,15.29800073,87.6032627539757
SRMuKizofcAMicegrfSv7xs9q76tH1w8aAF7oX9FEWu,72Hj2KWntXPfbie4UgKeTPnm1XVkomDfCnRPKbvfTtPi,6aqJQ5wedqpUt4fFEDUqUmXhrdxCu4bEJsQdVPCADLko,0.025744999999915308,0.025744999999915308,0.001106519940414054,0.04297999380142529,4.4260797616562166e-07,0.0424218948222932,17971.450574,3892.87454,937.5559485654039
GokA1R67GqSavkd15zR62QD68Tuc5AEfvjssntVDEbM8,3YB7hfpBdbQEuZqLGWVDpRPmeZWCUsrrWyqGXegnQ6Cg,4DPCj6Z1DsG6HUtwSogBGqXEUxdEV5a8YVrrFtcnz7UW,24421.055269000033,24415.045440000005,24430.85204066834,1.000401160865507,2.443085204066834,1.0,17695.167125,31860.558494,49562.82422755916
Cob4usZcpHEY7Qt4ZCwj6WVg9S44zvzYV2v9qYF65dTf,NhFM9UXE48PyNAyeyPYA3iXztqKVJwA4bTdLj4ysM8w,6TuFuynuBoeskxyR2cz4wxyidk8dpDK7kAWw3UkjQGx,129.55155799999778,2241.500275999974,1.8567570776814935,0.014332186400116664,0.0007427028310725974,1.0,65356.934497,251.324383,1188.032150751219
C98Sspw7XqnMsgxea3SLQVdbMDL8pKUc3RE82UvX9eq2,CSqgQJurPCzGxb4Cgwx5R61hWQUiaoUHcShNc8r1cKEL,6S2CR5EnukPhC914XkAns8m5GixjMAoUuZMsS5ubHuWc,72.255627,70.20209399999987,0.0,0.0,0.0,1.0,958.904883,3890.922467,3890.922467
STK75uPSyBnEhGTTzb1nwmP3n427XoXmfRhXxxhyady,6TYyD5fUmDe6N65avW1Ny2RxzRNobw2RRgKwH9CTzSAU,54zDfk4cx2vGrEajPtodWpArNe5eUurytyxd4X3aZAxK,983.6664468890035,1104.6264164940098,138494.59489251956,140.79426550588366,13.849459489251958,158.0896697253856,2790.842637559,499.749662964,471939.898460974
SERgf3DMJpQxUifu7VoFKmfne73d2fDJxSrxUMrcNJB,AJfM2GZ2tTB8UtN2krcyR9xufRJEx2mhSCbJyMgPo3GU,F4yRYkufQvERZcEKnKjJwRLU1btiMBUuEwq46hfm11QD,8.580799999791111e-05,8.580799999791111e-05,0.011749743391715686,136.93062875258389,4.699897356686274e-06,140.86387872634262,29.284890014,27.959805474,7948.525050068951
MAR3XM1n9xWPQ3HJjAcC85o8DopWFP5p2WxGTaZ3fPB,6qG7GUhER8Cg9gDEgnebph9LdS6eu2eoWcA4R7z9uizK,4QV4CwRXVMY227KkFF9voNAfwWHVvVajXSXDKbUHkWZR,0.029129000000000002,1.3264529999999972,0.025759753094062143,0.8843335883161846,1.0303901237624859e-05,0.017429101552124238,0.095142,25.10984,0.5217792175771697
ZUCKWFa4LTL833dPhhpeeRWZcaAEoMeYJPi2iKn4F8N,7eEYpq6ShaJ9opZWMxitRFrdCHh6vfyHhGfoSvFht3N2,H8VggnHmuwd1wvwpT8eg9cUJFEfZ7HAaeYjgXrSm7A2u,0.0010603959999571089,0.0010603959999571089,0.001061820759546835,1.0013436108678113,4.24728303818734e-07,0.9998336736690504,1817.011925129,2030.154775686,3849.2703895894465
moFiBS1R4Lf3E3zzmBPnw3NF4RhWPkhREFviuzUaCAU,44ALBrpqi9PfZkBRTvbtRNtFJGsatfY4QydjtMbFWq8S,2ho8qEEie1UjVwWNBo9y4oAJZMyMLx8zPj9bxyUz6uWs,2686.5122689349955,2685.0103833989997,2688.7336415174773,1.0008268611344784,1.075493456606991,0.9998336736690504,31472.305426013,35641.722123179,67134.12261849173
BSCuChvaSj9b5HUSqgDVRzcnr2sSn7cXaamt1jbKH6hn,GnKpRj5kBVPMJfiwZtEuD9GYApLzPdW5JFuZTcyX4BTc,3dmwD9okkomV9nDwyuh4UMhKdUR13QpuKxRo89ycZB5t,468.2745143310001,468.15390249500024,468.6956279788265,1.0008992879922753,0.18747825119153064,0.9970497298493758,1506.700504957,1601.914714872,3105.2440963339304
KwnjUuZhTMTSGAaavkLEmSyfobY16JNH4poL9oeeEvE,J63v6qEZmQpDqCD8bd4PXu2Pq5ZbyXrFcSa3Xt1HdAPQ,BnKQtTdLw9qPCDgZkWX3sURkBAoKCUYL1yahh6Mw7mRK,236.6000099999834,13940.875398000404,4.164074122909513,0.017599636292956224,0.00041640741229095137,1.0,280202.364336,523.440861,5454.900561740008
Sid7E679i9ABqptiAVhkmQ27YHN8vaYT4fppPwmxFsJ,GP7KB8o1bv527HG8kTzzzf4wJ5aEGHvcMQvVhLziUfmT,9gYxhAZ1M9wu5pxr8SBoa5NDm21gi3s9vMHaYTME77sa,1900.6728730000068,2329.227523999987,27.240797901481365,0.014332186400116664,0.010896319160592546,0.017599636292956224,104119.93597,27340.662941,1973.4520540601588
KEVpg4SYCVrqFxKijQH6hm4QxsRdoE51ud64bEEFUC9,2bPenuBYfqzD8p5dFjCcggwkHDsc2RQDnx9AoyYGUBjA,AE6n6iLuX8oYu61vt5hoDYkjswpnxFxrhSehxrnQTnbx,953.4589854419992,953.5181577809999,953.8997166819976,1.0004622445713216,0.381559886672799,0.9998336736690504,3390.747497909,4240.595975403,7632.205505166002
BSC8REUo9LpiiWUuqMuLXs2D2yJsJfGd4HdiF3wCLxk5,AZjEH1zWVx1UJ6udMyRijGTzPteuLnaY18yNNmprJEsh,Caf8ypkSVR8xYnXNhjvfvdGCC7mrM3C11rz8Xi6NA6aK,733.529998645,732.4886854539996,735.1384853265871,1.0021928028636298,0.29405539413063486,0.9998336736690504,2561.21879222,3788.188192275,6354.393156953995
KEN5P7p3asnb23Sw6yAmJRGvijfAzso3RqfyLAQhznt,9zj4aX38Uxf3h6AUjS4EipWS8mwbEofasHAf3a1uKGds,CwQDG1MWunn9cLNwcZLd8YBacweSR7ARo32w4mLua1Yr,235912.98613399942,235940.3274730012,235709.5687761456,0.9991377441268185,23.57095687761456,1.0,1010024.669355,946525.044392,1955678.8140437906
BUSD5rCfUDpCxKGMvYU2yThChxgHoioK74PTPociGnv2,CcFHbafgYDZ8yA8Me1PdtDiVb2eeaS61LbqyKKK5CsNZ,26R9s4nmF3CFDTkiePDwRmtscn8i7r2eygbSijditJ58,617.8115978099997,619.6063629000001,617.9411368105093,1.000209673953951,0.061794113681050936,0.9996214033896803,69.4568514,78.08329368,147.52514630235217
HDSBGqAuMRr6X2AfmmbXQPpRgU6VEhtfNVVZ3wUTZXg,DCZ1d8kNLgDcdSd99y4udLgwq46mfDXNS9KXj96kQf5L,Fq8GGYQM5Pz3q7LmVMbrXHJgsxA5ev86kTq8yGgGuYsa,1311.6197690899935,1315.2910986710049,1307.8610170706243,0.9971342670277247,0.5231444068282497,0.9998336736690504,59820.771999638,58348.664834402,117988.30155595596
DFWzVTzNBrQZLjoQ4yQwkj9HuoXmfkuZP9V5vbymZe23,DhgiEgiNdqZdRdo195UUHnoEJUtefK8buko8nU97XJUZ,2K2kkXsouBHtWVjtcgkyiXd8eP3oVBvq1bTJzcVdLLr2,819.0038663280047,962.4663145929853,705.1808745300441,0.8610226441197588,0.2820723498120176,0.9998336736690504,60610.347909096,8207.111705982,60392.62866491258
MATSnbbiTCv7Dc3trJrkrqjx7ckKdr6fwPoVwv9q3sD,631WX9JizSHJm4w6VanZeJAst9T8DeUUnPLesdGkCVtK,211maUSfpnXbPuW1iBu8b4dtJv5EbN1j7JJiEX5TZKEP,1459.0113409999976,1458.4450179999913,1460.6765122239328,1.0011413010832348,0.5842706048895732,0.9999000099990001,21142.644313,24403.376816,45567.71115818464
RoBgmK8CvjdHvPrqdDyVw54VwjZv2TqJ493xnqJAQHx,ExiHJxM7qPAcy27NDHAF6G7vnW7muNHi2sVJpnaNynGQ,6rkPHSqZb7StM4HwS9EuVrmfkV7tRdc7dnsFhyB6cefE,0.5634380000000014,40.633012000000235,0.0,0.0,0.0,0.9444279694232,6434.0409,16.388754,15.477997661596344
SAMyS8Jr2HJrkFwYVKbpUwsNStnQmvz3f8Tup8bWUWF,6jPzm5TFfquvgm25sTyN3MMGBfufRaFHMxobDWv6hMFW,Cj9ECoDmxsHTDzCY5ZA6RWrPbg9uFzEC1Qc2kso2vJG6,3916.0270839599834,65.8943314199999,3935.9982604133556,1.0050998565702403,1.5743993041653424,0.01757672165840791,421.32047498,111985.67801353,2391.810241144411
MATgk4zXLXtYkwBH678J1xZbRDZ45LicNzkRBHkxTuY,y8dALFo1bJrSzPYjMX14HJX448pXqYmrfXHD1K8MXih,GN7Yuet3UyiWS5YVkEHv6oQKi4HGBJc3XDPt9zQhAqZz,5414.364242999997,5402.154557999998,5420.310323424794,1.0010982047305894,2.1681241293699176,1.0,4514.779101,5548.718427,10068.455679766284
RajgMbScQbqqrdJfR2rxfHJiTiY5b6bJ2tTXiF4aPxy,725ZA3fhyBAKb5iopNRrcbSuQa3LXA1656Q3mBvYPxeg,GLA6i1dSZpUfk2f9Nj8uiG7xyDdAR2reff8oEiZH3617,2230.6794840799703,2229.6187581699924,2231.558919134412,1.0003942453681571,0.8926235676537648,0.9996282282656258,78665.1100666,102720.5399953,181378.47482386942
SoNcU2iwHMw6dGzsYNQkYFkUjwN1UdAjrWVRnStrZu2,8ivTTid27jZnYNc4w3CTA1Z6QS2twsFb8WMwUabeDJgc,CyXm53PMvHCbeXJBykU46Rcbo28xk5srhMZFg7gv6EYB,5.474491511000004,5.426805470000012,912.2112205903285,166.6293972248207,0.36488448823613145,164.57416106675655,21.697775263,28.051325311,8232.010543061815
wrmcMSHFi3sWpAEy4rGDvQb3ezh3PhXoV2xNjgLBkKU,8p4mGnARWPBu6P2Gcw4adodLkNDorrXniZMhaY7eJXUn,AyY89zccbsgp9LKFgH4CFZMJmpSgqmPSdTfukhP227rc,0.006967939999999992,0.08092547000000039,1.901730349344976,272.92576419213975,0.0007606921397379905,3066.4499708687254,27.15614477,0.08873851,7683.723765269064
HEDSDjj84KS7LKhZY7ejkCACTdPen62rKhCby1wXtgxc,EnnjMSFttpCTywBrYNt1J5QQeoSVkvzPipJDa8Y7kJow,6bjVT6JN2rSvpyn9PdfLYC8wJn4LWh49jpY47fnLDXZk,26.194957986999725,26.962704349994965,25.370186050443756,0.9685140958437385,0.010148074420177504,0.9998437984027506,39149.303898247,9074.534256397,46989.7694675743
BSCrK1Nx9PXU9mF7STWWBqeHLxmtJDr9h7jheEy4tAWX,FfSySSbVJPvEo5a5AvrP3nySoXpRE2QPn1uUMpJJ1x7v,HL7Vcj6838ZmvBHDbQxXfjBNckNi83WvPiZQoMQLFeRM,0.256900605,0.25643247199999997,788.8371818098075,3070.5929314950718,0.315534872723923,3064.476587398872,0.84610637,0.957982003,5533.761658357929
