0,1,2,3,4,5,6,7,8,9,10,11
BUSDTd9WiT6uBHJRgNvFXBsA7JrifsAtWzKfioN7ERcy,DyBxrn7gSc1EwnpWhDyhzvMHPtxpmBqRqotapLcKcfTM,Cds99GeBgoCpqBsoRWu1C6fF9LiUMd4pXQQD24s9LPff,8944.587145260006,8959.172550200003,8960.618139141838,1.0017922564363775,0.8960618139141838,0.9995072429292358,372.32883494,497.47553696,870.2265460625008
vEnkoSUkpnbRrPgBz9DfcVxNz67zjwMYBZraAvDDNSf,DtfyjjsZ5yCjWKLKHvwsfXs5QVsmm1QkK6Sh9JZHoq1g,e5wrKCRv4GhHvEf1VD5Pq2KGaZDXP77nTL612Jyrxwy,2019.7595579999997,2019.1723769999999,2017.7539106128509,0.9990069870548676,0.2017753910612851,0.9974127114265595,837.750089,1106.377588,1940.4332622254942
SEQV6QiTpvTzrceiaYg9Avnwf7oc8ZALpnQMz6TyT4A,3dFMPj4r9mMmPHF32mz1gNDX7f8ftidWof7S8YiYTs1j,Fc1ED3YPeQfXQosHbd8DTaBd2AV5gHQtwiSAL5C5pUhi,739.6279005519996,738.312977111,742.495291887565,1.0038768025562927,0.296998116755026,1.000100010001,921.984823004,4703.190303947,5629.219846136686
STK75uPSyBnEhGTTzb1nwmP3n427XoXmfRhXxxhyady,6TYyD5fUmDe6N65avW1Ny2RxzRNobw2RRgKwH9CTzSAU,54zDfk4cx2vGrEajPtodWpArNe5eUurytyxd4X3aZAxK,1094.4209509499942,1228.6016813479985,145343.41584619207,132.8039414084947,14.53434158461921,150.0568040031554,5247.462344002,940.18431208,837964.7347207539
Lid8SLUxQ9RmF7XMqUA8c24RitTwzja8VSKngJxRcUa,4PgzyzLtds9bKZ2to9PMnKqJzKEUpjvNUaeN23phegax,AtymwxoVN9peZo7EXTcDz9jKVc4vRmisJKKrNfe3ewBa,347.133316423,294.84048186999837,54621.20367898529,157.34935569372578,5.462120367898528,133.68529999115003,984.988217808,7679.269453652,1181592.7020623423
BSCrK1Nx9PXU9mF7STWWBqeHLxmtJDr9h7jheEy4tAWX,FfSySSbVJPvEo5a5AvrP3nySoXpRE2QPn1uUMpJJ1x7v,HL7Vcj6838ZmvBHDbQxXfjBNckNi83WvPiZQoMQLFeRM,1.3175683769999997,1.2990859060000002,4009.886106884168,3043.3988678556216,1.6039544427536674,3035.1777096549004,0.84291808,0.961070228,5482.354863805587
C2ypsDADXcCRz8HbV2zX1AXPSja7a1P3xZtRC91xGhJh,J9bYNuDpY1d1T86gLaw7DGk5D3CsUAf2tzUwxMvb6FTv,A2NGvvPrMGzsJ4jb52KEnSBVmsA7C34dV1GC7PerdgvG,0.3994825100000008,0.40083956899999995,53.21628391004826,133.21305082930454,0.021286513564019303,133.24237320655766,4.137743216,2.887357051,935.9197031215457
iLiUBQ7Z7im6Ew3b4ewwPcehzWgEQRJ1iQz7g6D62NW,GpugBvKWM3TVhYcZjemSdtehBWgfvuGr6uAm9iPjXT6v,92fMXJ3xy8tEyMUWLHKRLyhPw2nECBo77GtDiBBbYrjX,0.003205474999958824,0.0010521069998503663,0.0031344070928308854,0.9778292118550757,1.2537628371323541e-06,0.9978347455004971,1865.637227489,1097.917861015,2919.81516918941
YAkoNb6HKmSxQN9L8hiBE5tPJRsniSSMzND1boHmZxe,CfWX7o2TswwbxusJ4hCaPobu2jLCb1hfXuXJQjVq3jQF,EnTrdMMpdhugeH6Ban6gYZWXughWxKtVGfCwFn78ZmY3,8995889.787201017,8999405.42760697,8995889.787201017,1.0,899.5889787201017,0.99516746678131,1176663.873797,304056.076226,1479250.5889342932
NorjjEePhxfwLF4vZjUHCrVVKLzQjEEGQFd3wgjEJmh,34M8pFVqgbV7aqHxvRT5tCv3vu2P1JJYT8J3VaxBK2oG,3AZWBSze3ucsY3xSeuLne3b2pauVqiaJ1SZSV5T9WGWw,0.012001999999938562,0.0010200000001532317,0.007116910162759478,0.5929770173967597,2.846764065103791e-06,1.0,38120.278942,2260.701005,24865.150314359664
SRMuKizofcAMicegrfSv7xs9q76tH1w8aAF7oX9FEWu,72Hj2KWntXPfbie4UgKeTPnm1XVkomDfCnRPKbvfTtPi,6aqJQ5wedqpUt4fFEDUqUmXhrdxCu4bEJsQdVPCADLko,0.025669999999990978,0.025669999999990978,0.0010852801929638744,0.042278153212475876,4.3411207718554974e-07,0.0421766775963309,17971.450574,3892.848795,923.9871693759897
HEDSDjj84KS7LKhZY7ejkCACTdPen62rKhCby1wXtgxc,EnnjMSFttpCTywBrYNt1J5QQeoSVkvzPipJDa8Y7kJow,6bjVT6JN2rSvpyn9PdfLYC8wJn4LWh49jpY47fnLDXZk,25.05541923900273,25.87635360599961,23.690829273360208,0.9455371330000208,0.009476331709344083,0.9972908195969321,39150.517087529,9073.345956081,46067.032307437024
SoN9GaFpSXfpyR5dth3x7PHPVhvJMpQqqDJfCSmPv1t,9kZ9iS68ViMPtoeqtnhAKuF2iqVyfHPdZHoUNdwCELr,BBhm5fJLjw3HRzjtKB8uMEYjGhY6EDm9co3cqpjrSzB9,4.675932863000005,4.589609788000001,731.4029393560348,156.41861437821802,0.2925611757424139,154.28889175523364,3.795404027,5.851697683,1496.5237893055873
ALLwa5WNZbvQsRKAqe1jdRGemdYQnW8E5k4msbRFcYtu,CGoM82Hbz7QVqTgvQatYtjvDWBvoUJp5qm21P8iMs9yb,3dxNNww8TivyN5FMy5dCNdi3Zcxv6e4kUfSPxfFwpdNq,0.7629862150000029,0.7630409570000003,2303.0765039693406,3018.5034260013886,0.9212306015877363,3025.1968646859696,4.524989782,4.101838357,26067.565696633326
MATgk4zXLXtYkwBH678J1xZbRDZ45LicNzkRBHkxTuY,y8dALFo1bJrSzPYjMX14HJX448pXqYmrfXHD1K8MXih,GN7Yuet3UyiWS5YVkEHv6oQKi4HGBJc3XDPt9zQhAqZz,27717.025581999984,27705.249236,27759.358603870885,1.0015273291769948,11.103743441548355,1.0,5173.562375,7155.988474,12337.45258176434
SQDY9uoDoCbNq7F3HAHYYQZbrUzpKxDtdWLvYcqBLak,GiehZ4X2uQjhEKuxSm3ACmEFrabxh3RTvjbLfLjw1xGX,rxDQYV77NKRKYxCjq4cECX3QQsiSyLv1T1FT2X3zNA2,0.0053727519999995366,0.0010622399999817844,0.005383849686287082,1.0020655497010744,2.153539874514833e-06,0.9932152354862869,168.702204443,237.867719244,405.3045100144733
SERgf3DMJpQxUifu7VoFKmfne73d2fDJxSrxUMrcNJB,AJfM2GZ2tTB8UtN2krcyR9xufRJEx2mhSCbJyMgPo3GU,F4yRYkufQvERZcEKnKjJwRLU1btiMBUuEwq46hfm11QD,8.366000000137319e-05,8.366000000137319e-05,0.01103848149779411,131.94455531452218,4.415392599117644e-06,132.34407023129245,29.284890014,27.959719666,7564.2848934562735
FrnkTEL6yZ5Aycq2TrEgu29dCrwKG4LPUZydfiwqspkc,DjvZuMZ46fxKBoBpGMPcRcos4xdTtHFxwMh69DpA2ZFY,9rvDPJLAng4uVVqnnSoEXgNDFhBZQTny9AoQioYDZbQX,456.8038626159953,382.9274070939999,71619.35553409986,156.7836031944973,28.647742213639944,131.29440130475126,175.843369378,1442.40961821,216949.66430804058
ACUSESXyNnwRLAg1dpSGMLSzUDdLjUMybY8rkXiAKhCP,AhFPQdu8GKBsxuhiH46UmCu1YpaLgNpoP325HnYtsgas,A8wxWpT3aFEr2XqZp1kDmbxbFfcBE95UUmdsNTDBJYbT,0.0,0.002101544000197464,0.0,0.9904345936570288,0.0,0.9877216294610053,1044.554751969,1841.328673742,2853.283319320655
KEnkcdADoLR5jS2CLLLesy8TtFsyWL37BhXNfDMzWzP,3qsjFRuw1qeLMPo4DLwaQevenGAGBj9dA3Q6rb8ax2YR,77iEv8zPQAEyCcEbvBRSB6AFcUdfkhiqnAKtPxk76rNN,0.07002900000000001,5.9381329999999934,0.0009485119168754165,0.013544558923808942,3.7940476675016663e-07,0.9951724185973841,115.085978,0.335877,1.8930443367664131
RajgMbScQbqqrdJfR2rxfHJiTiY5b6bJ2tTXiF4aPxy,725ZA3fhyBAKb5iopNRrcbSuQa3LXA1656Q3mBvYPxeg,GLA6i1dSZpUfk2f9Nj8uiG7xyDdAR2reff8oEiZH3617,982.8563188400003,983.5822134100017,982.6469462551618,0.9997869753891538,0.3930587785020647,1.0,79155.6703148,102746.04423784,181884.85244677492
parEAJhzYzHW87y9VoZAQ22dzQ2MD2ekEtTReaxbMcz,3oyc6hpjYSJEquK6dSvG72NXyz3pqLZz5D8AC71pwgQb,Di2vordgFJVZ1aj1aBpvzXtLfZgJsuLLXawGtVFwX6Rz,20.746770384000115,24.38187932100047,2643.155910341421,127.40083692157792,1.0572623641365684,151.10713934390185,1105.902150409,141.007209689,162200.05559844984
moFiBS1R4Lf3E3zzmBPnw3NF4RhWPkhREFviuzUaCAU,44ALBrpqi9PfZkBRTvbtRNtFJGsatfY4QydjtMbFWq8S,2ho8qEEie1UjVwWNBo9y4oAJZMyMLx8zPj9bxyUz6uWs,940.990030982015,941.2739032680038,940.7984383208494,0.999796392464471,0.3763193753283398,0.9946894989842793,33702.774360401,33409.534332194,66928.02518776112
heyk4SZTeCUV6a65WiVA5bzic3KcxgVf1qxobfeV4tQ,9ZDpBKPqMABtGfq66FbVribaArMvtk63xxy91onZAtDt,DaTP4s6N7xxSPinbNZ3FB52EpRDRt87QShTuN3VPCW52,177.09944768100172,153.76417467700014,26779.33797232779,151.2107368090936,10.711735188931117,130.83482430518532,619.75131046,4479.824311152,679830.0789607277
AUSejoEUCh2DBs9mof6BNC8Pubs22w4cJa1ccV9h44R,4xkyD7AfGQDwsQMy9MosRRNGoVJ1zosNinesxg1TzHG7,Cbm5gsQe3nSiCsFrvepVzMCD9xLK3ri9g3ypS2hdmVJ7,1359.3068189999976,1359.1792350000014,1359.1736199852392,0.999902009603059,0.13591736199852392,1.0,14458.101459,14416.193789,28872.87849289902
ZUCKWFa4LTL833dPhhpeeRWZcaAEoMeYJPi2iKn4F8N,7eEYpq6ShaJ9opZWMxitRFrdCHh6vfyHhGfoSvFht3N2,H8VggnHmuwd1wvwpT8eg9cUJFEfZ7HAaeYjgXrSm7A2u,0.0010795400000915834,0.0010795400000915834,0.0010809819262068785,1.0013356856764666,4.323927704827514e-07,0.9907715318833658,1817.011925129,2030.15371529,3830.8573883879435
KEVpg4SYCVrqFxKijQH6hm4QxsRdoE51ud64bEEFUC9,2bPenuBYfqzD8p5dFjCcggwkHDsc2RQDnx9AoyYGUBjA,AE6n6iLuX8oYu61vt5hoDYkjswpnxFxrhSehxrnQTnbx,1817.8141818980007,1819.0728994820001,1818.7287241807687,1.0005030999823168,0.7274914896723075,0.9957402352226007,2481.361348774,5149.851406131,7610.523972127013
Cob4usZcpHEY7Qt4ZCwj6WVg9S44zvzYV2v9qYF65dTf,NhFM9UXE48PyNAyeyPYA3iXztqKVJwA4bTdLj4ysM8w,6TuFuynuBoeskxyR2cz4wxyidk8dpDK7kAWw3UkjQGx,124.2707419999931,1867.5162820000005,1.673789426263687,0.013468893798540126,0.0006695157705054749,1.0,65955.216464,242.987489,1131.331295013341
BUSD5rCfUDpCxKGMvYU2yThChxgHoioK74PTPociGnv2,CcFHbafgYDZ8yA8Me1PdtDiVb2eeaS61LbqyKKK5CsNZ,26R9s4nmF3CFDTkiePDwRmtscn8i7r2eygbSijditJ58,478.3677152000001,480.18437380999984,477.7980509178323,0.9988091498149502,0.04777980509178323,1.0,81.26663201,66.15154033,147.3213959562325
C98Sspw7XqnMsgxea3SLQVdbMDL8pKUc3RE82UvX9eq2,CSqgQJurPCzGxb4Cgwx5R61hWQUiaoUHcShNc8r1cKEL,6S2CR5EnukPhC914XkAns8m5GixjMAoUuZMsS5ubHuWc,23.158690999999862,22.563432999999804,0.0,0.0,0.0,1.0,958.646122,3891.157313,3891.157313
Lee1XZJfJ9Hm2K1qTyeCz1LXNc1YBZaKZszvNY4KCDw,9DgFSWkPDGijNKcLGbr3p5xoJbHsPgXUTr6QvGBJ5vGN,2hNHZg7XBhuhHVZ3JDEi4buq2fPQwuWBdQ9xkH7t1GQX,3255.311953800825,2756.3380445899566,503720.9813804849,154.73815982285575,50.37209813804849,131.33423367328322,7141.404246746,56467.058355379,8521105.58858087
HDSBGqAuMRr6X2AfmmbXQPpRgU6VEhtfNVVZ3wUTZXg,DCZ1d8kNLgDcdSd99y4udLgwq46mfDXNS9KXj96kQf5L,Fq8GGYQM5Pz3q7LmVMbrXHJgsxA5ev86kTq8yGgGuYsa,952.7614030639961,954.361078543996,945.5371700379709,0.9924175842946694,0.37821486801518833,0.9980214105772736,55565.720584457,54273.354272911,109310.36778023012
B2izdXFYb2sNwbWWHmh75T4aQFtfXsUxem9u2p61HGzf,4DYwgJtxwuJdAjkj5RJSNH4e7U329V5cNp7d3a1nLrZv,EXNW64GEf1ACC6xY9BtKRiunrs6GoJSXBdxWN2eTPmrF,138862.34517700042,137841.58727099994,137825.48406041393,0.9925331729399727,13.782548406041395,1.0,12251.166953,27560.306041,39719.995649078424
BSCuChvaSj9b5HUSqgDVRzcnr2sSn7cXaamt1jbKH6hn,GnKpRj5kBVPMJfiwZtEuD9GYApLzPdW5JFuZTcyX4BTc,3dmwD9okkomV9nDwyuh4UMhKdUR13QpuKxRo89ycZB5t,114.50190957299992,114.64761412899998,114.34317711675149,0.9986137134582264,0.0457372708467006,0.9968926854992987,1759.397918549,1349.202649418,3101.9691413539695
daob129AwBGn9Y5r91uLoWZeYiGzbPmksauMhFZKTze,6VW5GQNyj4LStgmxEHLr5zUfW92vQnmbw8jTnCH7a38F,4VPCCUifPeBA1c7HWK358CHn2nyjm8pdTRk6Ps3KmnMQ,57.60680637699993,51.692897056000014,8435.70393665065,146.43588956215228,3.374281574660261,131.49202421977893,48.085641164,224.115111072,36510.813252114654
KZMu9QBEdL97EFgamLbN5DE1AoKBG4HdrKKJo4Vuon3,DD4ACBWyVqdaKWh7v5btsgqQCCMwbKnuL2xd9pv7Gyuw,GcYqiJ1MAuYbNTNYXm1F1gQYTfTgkErACAhNU5dpVj9T,106.91686514999856,106.44933866000065,107.44892860568963,1.0049764221476623,0.04297957144227585,0.9984032437083048,2081.73728078,2609.16386087,4697.094546348781
BSCNHw8CmxbZ8hCWWzMf5FaG2ajPT6JxfznKUNuRVrn4,7n9kgNL633yGzCYksgnzHyjG73ZLBAwvEae5sbAekbzW,SscdxE99omdG9AiMVwmaEMQySQnCgeAh1sPj2Leutm2,806.5126887349998,804.9795077070012,807.2410970882696,1.0009031579582615,0.3228964388353079,0.9955946559294412,5233.841250981,6455.912452929,11666.040173643543
WiiQFxXqp8P9Fs1rt9SVcDyA3KUdJmUsog6wnVQAwba,3S2jpqSYxho6wiz3cafhjXruVY8cg4HYa2v3BqBHYFSj,Dfe67M6TfrG74gKRtdqys4e6E9QirPD53BkF4FujFjuv,25702.282025203996,25682.453660496998,25699.993029624824,0.999910941932046,2.5699993029624824,0.9929413950905838,13493.073991508,13293.426571735,26691.46585008034
ercAoEmXjQzEvAFbdjAo81KtMxRGn9AW1ju882upmPH,CMRhskR2Eg6V42RTSdRTXGdozyPbWB8U9dVpijPWb9T4,7TKLLgrWswt6ZJ1pXhVR3FyufHGjJFqiEXxvWJfDcgRm,14.311102195999979,14.359672159999946,1876.5749618878726,131.12721411579216,0.750629984755149,131.18977979139513,903.428744554,660.543273401,205120.62100565812
DFWzVTzNBrQZLjoQ4yQwkj9HuoXmfkuZP9V5vbymZe23,DhgiEgiNdqZdRdo195UUHnoEJUtefK8buko8nU97XJUZ,2K2kkXsouBHtWVjtcgkyiXd8eP3oVBvq1bTJzcVdLLr2,18.779648642996108,21.802394268008356,15.674319881662537,0.8346439371488611,0.0062697279526650156,0.9941127064882562,61551.58326261,7408.549551211,58738.58903755748
MARpDPs5A7XiyCWPNH8GsMWPLxmwNn9SBmKvPa9LzgA,6YjT74rmcfCpw8LSjPNx5JTmZoYLGrTKnf9arfSgZ4SR,F8GSmi3vA8M8TsybLya1LQ4n1aFHCRbZ6k437PeTdXtg,45774.21776800008,48025.35603399972,43078.900218056915,0.9411171248495389,17.231560087222768,1.0,318343.504197,16831.980458,316430.5038424077
ALBpShJ9NLpE739pcHDF2LNVk5J4VYPvvKuV6jMPitZi,D6d156U1bPiJpDYRLextvDRccgFk7QzkQbJg42ceKEu5,GNcM8U5g8RwTZffwwm3kSQqUNPSwv5d2fbN9sLxPJqt2,28960.661839999986,28816.94660699999,29016.40234891224,1.001924697343597,11.606560939564897,0.9972794217375001,37725.85589,62580.702236,100208.91328246116
KwnjUuZhTMTSGAaavkLEmSyfobY16JNH4poL9oeeEvE,J63v6qEZmQpDqCD8bd4PXu2Pq5ZbyXrFcSa3Xt1HdAPQ,BnKQtTdLw9qPCDgZkWX3sURkBAoKCUYL1yahh6Mw7mRK,283.1384479999995,16837.273771000095,4.616774745291685,0.0163057146703428,0.0004616774745291685,1.0,281310.288924,504.51887,5091.484175026439
BUSDgu5JdqP1rndBvXvanbEufS94FNh1w5FJcAj6vawb,Bgzr8cWubt89JQFXndVjtdKmDbGzuPxNhvjH1EhWCwbo,Dxaf8xPBBQsasRKW5Aa4Sw2YrbfGofY9xZueyyF23FBW,11910.177803319993,11857.651992530002,11958.847682441039,1.0040864107929168,4.783539072976416,0.9986877343040018,5185.36151861,9822.69520744,15016.356257361855
MATSnbbiTCv7Dc3trJrkrqjx7ckKdr6fwPoVwv9q3sD,631WX9JizSHJm4w6VanZeJAst9T8DeUUnPLesdGkCVtK,211maUSfpnXbPuW1iBu8b4dtJv5EbN1j7JJiEX5TZKEP,6754.124857999996,6749.485815999989,6722.582500905746,0.9953299120526491,2.689033000362299,0.9905570199290167,20896.721713,24646.673908,45213.06804225971
wrmcMSHFi3sWpAEy4rGDvQb3ezh3PhXoV2xNjgLBkKU,8p4mGnARWPBu6P2Gcw4adodLkNDorrXniZMhaY7eJXUn,AyY89zccbsgp9LKFgH4CFZMJmpSgqmPSdTfukhP227rc,0.00974580999999998,0.11754585000000617,2.5235137234593426,258.9331952356292,0.001009405489383737,3008.8761847449978,27.17286286,0.08726883,7298.537308296918
GokA1R67GqSavkd15zR62QD68Tuc5AEfvjssntVDEbM8,3YB7hfpBdbQEuZqLGWVDpRPmeZWCUsrrWyqGXegnQ6Cg,4DPCj6Z1DsG6HUtwSogBGqXEUxdEV5a8YVrrFtcnz7UW,40278.76427000001,40259.741920999964,40292.78615958354,1.000348121146159,4.029278615958354,1.0,24353.732947,38414.402291,62776.61328742676
Sid7E679i9ABqptiAVhkmQ27YHN8vaYT4fppPwmxFsJ,GP7KB8o1bv527HG8kTzzzf4wJ5aEGHvcMQvVhLziUfmT,9gYxhAZ1M9wu5pxr8SBoa5NDm21gi3s9vMHaYTME77sa,1663.3400110000002,2035.5606080000143,22.442576100738503,0.013492476554595727,0.0089770304402954,0.016411276299542095,103422.110699,27908.834105,1853.4399915283
JSoLLrxK5bYdHwTEWYaGgmeycBCNXKDiBCTw5hXGBg7,xG4wXczA7Dk4hccJ61CHKpDHW4NrNfQwgmWgkb9BuF2,BVR6WgfhsRr9Lob4QDnkEAiNGgAbv7ZieKcY9kSg3QYR,4.139710877999825,3.5387508080000103,636.4299624479828,153.73778053685848,0.25457198497919314,131.12081813096714,17.113799866,163.818182338,24111.01170083734
TETFuZgEmET6d9vYmz9iMFCxK1jKdKYxf3oPz8hSzJK,Eu1Ze6Z84LWNkq7SNoAHBJbXx5t1P95EwyqYohrfCRFV,ASMbv7WNu3qe4pkhREmvyEdwFNDZQ6B6iSrjkj4u8bdC,231.416711206,231.50109899999998,233.8120376725467,1.0103507065417348,0.09352481506901868,0.9993773878873461,61.52424419,290.909653764,352.8895934766913
BerKDkt6v49dT1bHRedgnpsJS263C1DSJtEGvY9Mg35V,78XKqNb8wbfsMMrvo8WPUpdx7GEkfQutpNVH943aCGFa,DKYQwn4nDvFHCszi5tXbqfVMAP7DaXXp1KGTXEnYnKVH,0.0010395030003564898,0.0010395030003564898,0.0010584047254174696,1.0181834252084867,4.2336189016698786e-07,0.9950413230114008,1338.317413093,5136.206757082,6473.390574506162
7dwD9TF6uikvHXxPFK9AsSim54yJoujQjY9vU6gNFumk,CquVr6atkvwueDYficKjn6SSEWq4F4rH4VSiBbW4GBWU,8BCa6ge3b7ho3TfZuM64Vk1hgbrJ3J7EPiAb9uP86CGd,4.204599999999914e-05,4.214100000000075e-05,0.006481132945075634,154.1438649354461,2.5924531780302534e-06,154.28391665767964,0.003905817,0.003602213,1.1578212583857794
BkwbeSfcX1h4thMDd7obGkHrPevf3QwgzJ4pCEqG18Lu,35yX27bmurdebhfAb8EPmjLETDiUaEUCn9zHaDPbakH2,2CxECn1ZJFoESyUnQysQU8rRgT3iJ5GRs2Mdd6gZjx5g,0.01154095999999838,0.01708008000000183,19.230766667219402,1666.3056337793478,0.007692306666887761,1063.8297872340427,0.90306211,22.63531303,25584.897726226518
SAMyS8Jr2HJrkFwYVKbpUwsNStnQmvz3f8Tup8bWUWF,6jPzm5TFfquvgm25sTyN3MMGBfufRaFHMxobDWv6hMFW,Cj9ECoDmxsHTDzCY5ZA6RWrPbg9uFzEC1Qc2kso2vJG6,3993.7311505999824,66.82228795000003,4012.1219956460645,1.0046049281618066,1.6048487982584256,0.016365008019099403,405.66892284,112909.16612374,2255.2964081319874
SoNcU2iwHMw6dGzsYNQkYFkUjwN1UdAjrWVRnStrZu2,8ivTTid27jZnYNc4w3CTA1Z6QS2twsFb8WMwUabeDJgc,CyXm53PMvHCbeXJBykU46Rcbo28xk5srhMZFg7gv6EYB,18.388640918000007,18.24284706,2833.8081997268937,154.10645149707483,1.1335232798907575,153.18240271194125,22.525277771,27.213087098,7639.856693155718
BkMBnJpvHKtWhUvrgRrLesXfi9RUV3ELgdBaJcdH7hcY,5uerVwBnZQsuVhZ15igs7ZgmcqhHnYWbwoRtLyRqLvR,9YWiQh5d4jCtgMdzcGLv9bWgnLaFtzvDDh2nnhJdzhBX,0.027809854000224732,0.02575304399988454,0.027908089386449543,1.0035323948922572,1.1163235754579817e-05,0.9880728325321622,1114.122438073,1759.333019481,2856.4071184085515
CZgvH45CRmoaNJ7395Ao5CQZXkGznvqU7cErD6n7FaRg,4ZjU6MKvtqVQKCiowhvZ5yUsPxXX5SCzd5eFsPeXyey5,BsyWeshjDbCvjDojry3vKDCesmFRM37WtwcR4Kfgzqr,42.70270556,49.589840000000095,49.84875254454755,1.1673441270485052,0.01993950101781902,0.9996664213118724,241.37528389,1813.96985504,2095.13277341911
BSC8REUo9LpiiWUuqMuLXs2D2yJsJfGd4HdiF3wCLxk5,AZjEH1zWVx1UJ6udMyRijGTzPteuLnaY18yNNmprJEsh,Caf8ypkSVR8xYnXNhjvfvdGCC7mrM3C11rz8Xi6NA6aK,134.66505557400023,134.6003739920002,134.66811429088014,1.0000227135158921,0.053867245716352055,0.9873833995611039,3032.452240036,3315.871680636,6306.557770222911
KEN5P7p3asnb23Sw6yAmJRGvijfAzso3RqfyLAQhznt,9zj4aX38Uxf3h6AUjS4EipWS8mwbEofasHAf3a1uKGds,CwQDG1MWunn9cLNwcZLd8YBacweSR7ARo32w4mLua1Yr,874001.1523990015,875007.9495310001,868885.1565969588,0.9941464656104856,86.88851565969588,1.0,1054166.694188,1012758.707835,2060754.8010262898
