0,1,2,3,4,5,6,7,8,9,10,11
C2ypsDADXcCRz8HbV2zX1AXPSja7a1P3xZtRC91xGhJh,J9bYNuDpY1d1T86gLaw7DGk5D3CsUAf2tzUwxMvb6FTv,A2NGvvPrMGzsJ4jb52KEnSBVmsA7C34dV1GC7PerdgvG,2.8559833329999997,2.845886442999999,409.90425938364734,143.52473792382855,0.16396170375345895,143.19850764243276,2.434356351,2.589129101,720.1497806472762
BUSD5rCfUDpCxKGMvYU2yThChxgHoioK74PTPociGnv2,CcFHbafgYDZ8yA8Me1PdtDiVb2eeaS61LbqyKKK5CsNZ,26R9s4nmF3CFDTkiePDwRmtscn8i7r2eygbSijditJ58,554.2462038799999,556.0903754300002,552.4076090625289,0.9966827110323896,0.055240760906252885,1.0,91.17849425,56.06137168,146.93740051694115
KEN5P7p3asnb23Sw6yAmJRGvijfAzso3RqfyLAQhznt,9zj4aX38Uxf3h6AUjS4EipWS8mwbEofasHAf3a1uKGds,CwQDG1MWunn9cLNwcZLd8YBacweSR7ARo32w4mLua1Yr,1563757.3770460016,1569428.0071019963,1554787.8061920796,0.994264090462124,155.47878061920795,1.0,1585775.294184,627019.344435,2203698.774984162
BUSDgu5JdqP1rndBvXvanbEufS94FNh1w5FJcAj6vawb,Bgzr8cWubt89JQFXndVjtdKmDbGzuPxNhvjH1EhWCwbo,Dxaf8xPBBQsasRKW5Aa4Sw2YrbfGofY9xZueyyF23FBW,7549.381287699993,7512.008477299997,7585.233195809313,1.0047489862735814,3.0340932783237253,1.0,5332.38365335,9661.35214102,15019.059211145228
HEDSDjj84KS7LKhZY7ejkCACTdPen62rKhCby1wXtgxc,EnnjMSFttpCTywBrYNt1J5QQeoSVkvzPipJDa8Y7kJow,6bjVT6JN2rSvpyn9PdfLYC8wJn4LWh49jpY47fnLDXZk,35.284742797000945,36.44520165699214,34.17884689988135,0.9686579578181425,0.013671538759952539,0.9996588244404889,39146.463346668,9077.242763886,46993.67907169341
SoN9GaFpSXfpyR5dth3x7PHPVhvJMpQqqDJfCSmPv1t,9kZ9iS68ViMPtoeqtnhAKuF2iqVyfHPdZHoUNdwCELr,BBhm5fJLjw3HRzjtKB8uMEYjGhY6EDm9co3cqpjrSzB9,17.609889175000006,17.58644229999999,2984.553975854282,169.48170123019986,1.1938215903417126,162.6089500291314,3.693868927,5.94945206,1593.4773425945857
heyk4SZTeCUV6a65WiVA5bzic3KcxgVf1qxobfeV4tQ,9ZDpBKPqMABtGfq66FbVribaArMvtk63xxy91onZAtDt,DaTP4s6N7xxSPinbNZ3FB52EpRDRt87QShTuN3VPCW52,338.6619102860026,291.28187384900014,53571.030217965854,158.1843974503206,21.42841208718634,143.18495458316426,634.711577134,4462.337109497,739341.0047417809
wrmcMSHFi3sWpAEy4rGDvQb3ezh3PhXoV2xNjgLBkKU,8p4mGnARWPBu6P2Gcw4adodLkNDorrXniZMhaY7eJXUn,AyY89zccbsgp9LKFgH4CFZMJmpSgqmPSdTfukhP227rc,0.00794235,0.09885098999999897,1.934940434136478,243.6231636904037,0.0007739761736545911,3080.999476230089,27.22495599,0.0829448,6888.182794971815
Sid7E679i9ABqptiAVhkmQ27YHN8vaYT4fppPwmxFsJ,GP7KB8o1bv527HG8kTzzzf4wJ5aEGHvcMQvVhLziUfmT,9gYxhAZ1M9wu5pxr8SBoa5NDm21gi3s9vMHaYTME77sa,2480.03762499999,3021.0043070000283,35.590465421653434,0.014350776400682058,0.014236186168661374,0.01755163533149809,104091.455933,27359.971845,1974.0054578194279
MATgk4zXLXtYkwBH678J1xZbRDZ45LicNzkRBHkxTuY,y8dALFo1bJrSzPYjMX14HJX448pXqYmrfXHD1K8MXih,GN7Yuet3UyiWS5YVkEHv6oQKi4HGBJc3XDPt9zQhAqZz,25461.56195,25403.57266,25478.50515592869,1.0006654425192754,10.191402062371477,1.0,7102.827003,7690.52179,14798.075316094853
JSoLLrxK5bYdHwTEWYaGgmeycBCNXKDiBCTw5hXGBg7,xG4wXczA7Dk4hccJ61CHKpDHW4NrNfQwgmWgkb9BuF2,BVR6WgfhsRr9Lob4QDnkEAiNGgAbv7ZieKcY9kSg3QYR,24.37385859899993,21.062799957999985,4043.33037372572,165.8879884488876,1.6173321494902881,142.39677408652113,17.532382117,163.322763898,26165.046316076114
SERgf3DMJpQxUifu7VoFKmfne73d2fDJxSrxUMrcNJB,AJfM2GZ2tTB8UtN2krcyR9xufRJEx2mhSCbJyMgPo3GU,F4yRYkufQvERZcEKnKjJwRLU1btiMBUuEwq46hfm11QD,0.0005557729999985384,7.81449999998074e-05,0.07936175654156398,142.79527170584518,3.174470261662559e-05,143.44806692253977,29.284890014,27.95939356,8192.464784933429
ZUCKWFa4LTL833dPhhpeeRWZcaAEoMeYJPi2iKn4F8N,7eEYpq6ShaJ9opZWMxitRFrdCHh6vfyHhGfoSvFht3N2,H8VggnHmuwd1wvwpT8eg9cUJFEfZ7HAaeYjgXrSm7A2u,11.909119790999966,11.900000000000091,11.926641900434483,1.0014713185980175,0.0047706567601737936,0.9999612405023568,1817.011925129,2030.1469843,3849.7536253900084
BUSDTd9WiT6uBHJRgNvFXBsA7JrifsAtWzKfioN7ERcy,DyBxrn7gSc1EwnpWhDyhzvMHPtxpmBqRqotapLcKcfTM,Cds99GeBgoCpqBsoRWu1C6fF9LiUMd4pXQQD24s9LPff,2980.571104230001,2983.6034494899995,2978.6940801553906,0.9993702468389544,0.29786940801553907,0.9916355541011568,353.36653931,293.2969464,643.987685574403
vEnkoSUkpnbRrPgBz9DfcVxNz67zjwMYBZraAvDDNSf,DtfyjjsZ5yCjWKLKHvwsfXs5QVsmm1QkK6Sh9JZHoq1g,e5wrKCRv4GhHvEf1VD5Pq2KGaZDXP77nTL612Jyrxwy,6480.636679,6481.014337999998,6463.282764776575,0.9973221899200646,0.6463282764776576,0.9923903507901412,1148.414461,794.893862,1934.1842237315009
RajgMbScQbqqrdJfR2rxfHJiTiY5b6bJ2tTXiF4aPxy,725ZA3fhyBAKb5iopNRrcbSuQa3LXA1656Q3mBvYPxeg,GLA6i1dSZpUfk2f9Nj8uiG7xyDdAR2reff8oEiZH3617,69135.93285056003,69084.85644890997,69185.61573307411,1.0007186260525547,27.674246293229647,1.0,62460.31439131,119431.55358979,181936.75359027233
7dwD9TF6uikvHXxPFK9AsSim54yJoujQjY9vU6gNFumk,CquVr6atkvwueDYficKjn6SSEWq4F4rH4VSiBbW4GBWU,8BCa6ge3b7ho3TfZuM64Vk1hgbrJ3J7EPiAb9uP86CGd,9.699600000000067e-05,9.72929999999996e-05,0.016322362794786566,168.2787207182405,6.5289451179146265e-06,169.6741696018884,0.003952817,0.003555355,1.2684268952582352
KZMu9QBEdL97EFgamLbN5DE1AoKBG4HdrKKJo4Vuon3,DD4ACBWyVqdaKWh7v5btsgqQCCMwbKnuL2xd9pv7Gyuw,GcYqiJ1MAuYbNTNYXm1F1gQYTfTgkErACAhNU5dpVj9T,271.9535297699995,271.4430188000001,272.777199618652,1.0030287154182154,0.10911087984746079,0.9998298289631106,2180.18848308,2510.18606523,4696.5505578178145
Cob4usZcpHEY7Qt4ZCwj6WVg9S44zvzYV2v9qYF65dTf,NhFM9UXE48PyNAyeyPYA3iXztqKVJwA4bTdLj4ysM8w,6TuFuynuBoeskxyR2cz4wxyidk8dpDK7kAWw3UkjQGx,45.364294000000086,3103.9843200000105,0.6510128397688039,0.014350776400682058,0.0002604051359075216,1.0,65339.109764,251.51648,1189.1834344427857
B2izdXFYb2sNwbWWHmh75T4aQFtfXsUxem9u2p61HGzf,4DYwgJtxwuJdAjkj5RJSNH4e7U329V5cNp7d3a1nLrZv,EXNW64GEf1ACC6xY9BtKRiunrs6GoJSXBdxWN2eTPmrF,69529.7772279999,68943.87928299993,69859.51413471575,1.0047423840527288,6.985951413471576,1.0,10342.737597,29455.014919,39846.80174984157
KwnjUuZhTMTSGAaavkLEmSyfobY16JNH4poL9oeeEvE,J63v6qEZmQpDqCD8bd4PXu2Pq5ZbyXrFcSa3Xt1HdAPQ,BnKQtTdLw9qPCDgZkWX3sURkBAoKCUYL1yahh6Mw7mRK,493.3942939999856,25178.06616199956,8.691828621229362,0.017616394690672315,0.0008691828621229362,1.0,280140.357834,524.389065,5459.4521773899205
SAMyS8Jr2HJrkFwYVKbpUwsNStnQmvz3f8Tup8bWUWF,6jPzm5TFfquvgm25sTyN3MMGBfufRaFHMxobDWv6hMFW,Cj9ECoDmxsHTDzCY5ZA6RWrPbg9uFzEC1Qc2kso2vJG6,5169.408563979985,135.15851522000065,5185.065231400766,1.0030287154182154,2.0740260925603065,0.017657214031576628,423.05804894,111878.79787144,2399.8072509871404
SUiuyGR7SFq3xeRVJonq84fjjeFwRSsFekcevJ53tzy,49GjCCPsv7fBqo6t3iKDrP1xxGDS8uWZbVCdfnp2gjMf,CEwj5xEbbJEjYqM8D6Ai8ByGz1mrh8mkAVsE5fzDSSSx,0.46856399999999976,26.782362000000035,0.0067242571934091845,0.014350776400682058,2.689702877363674e-06,0.9408311302204369,585.199067,2.356748,10.615362844889514
ALLwa5WNZbvQsRKAqe1jdRGemdYQnW8E5k4msbRFcYtu,CGoM82Hbz7QVqTgvQatYtjvDWBvoUJp5qm21P8iMs9yb,3dxNNww8TivyN5FMy5dCNdi3Zcxv6e4kUfSPxfFwpdNq,4.849939045999998,4.804543746,14878.482823572715,3067.766972420775,5.9513931294290865,3037.722437225466,0.861735521,7.770450995,26248.077105158056
BkwbeSfcX1h4thMDd7obGkHrPevf3QwgzJ4pCEqG18Lu,35yX27bmurdebhfAb8EPmjLETDiUaEUCn9zHaDPbakH2,2CxECn1ZJFoESyUnQysQU8rRgT3iJ5GRs2Mdd6gZjx5g,0.019057240000000863,0.013405620000001561,32.768609109824894,1719.4834671664632,0.013107443643929958,1095.290251916758,0.86558565,22.69319133,26343.991463222428
AUSejoEUCh2DBs9mof6BNC8Pubs22w4cJa1ccV9h44R,4xkyD7AfGQDwsQMy9MosRRNGoVJ1zosNinesxg1TzHG7,Cbm5gsQe3nSiCsFrvepVzMCD9xLK3ri9g3ypS2hdmVJ7,3901.0460999999996,3905.0554150000116,3901.085110851108,1.000010000100001,0.3901085110851108,1.0,14435.197661,14438.411503,28873.753517420144
BSCNHw8CmxbZ8hCWWzMf5FaG2ajPT6JxfznKUNuRVrn4,7n9kgNL633yGzCYksgnzHyjG73ZLBAwvEae5sbAekbzW,SscdxE99omdG9AiMVwmaEMQySQnCgeAh1sPj2Leutm2,413.79630402899966,413.17735796299894,414.174220609989,1.0009132913399894,0.1656696882439956,0.998728647394997,5283.031705885,6406.026780323,11685.73911447899
oKQqupM9E7SSLAFDLxr7mdsXP7znck9qRbVWc6Yyj7Q,CMR2J7CwfW98RpvnJmFBgRFTLAd3x8CJ1SWs8Bt3uunG,FmRb5jHfSNj1YWP3b45d9vvYuhwjp4om8bALmtqZpr1v,0.001117089999752352,0.001117089999752352,0.0011307802774164133,1.0122553041089761,4.5231211096656527e-07,1.0,2176.27630641,3719.60681038,5922.5540447502135
SEQV6QiTpvTzrceiaYg9Avnwf7oc8ZALpnQMz6TyT4A,3dFMPj4r9mMmPHF32mz1gNDX7f8ftidWof7S8YiYTs1j,Fc1ED3YPeQfXQosHbd8DTaBd2AV5gHQtwiSAL5C5pUhi,18.326630199999954,18.373145999999906,18.336016461834816,1.0005121651788915,0.007334406584733927,0.9976684488350724,1287.190453619,4335.38151568,5613.123059604656
KysFMBBoavfov2tLpvefWW6tPFt6rAeZWDJVy1mMQae,B8ka2V21TH3x64dFV8ETcjuQcwmrciJ2qzy1mJUttRew,7fSf7EYxBANyxzk2s5pymFgshA91tFYQNKKs5UnLWcYS,111.14325900000404,83.93774099999973,0.0,0.0,0.0,0.017262291683842648,134386.394258,2699.213327,46.594607767589345
BkMBnJpvHKtWhUvrgRrLesXfi9RUV3ELgdBaJcdH7hcY,5uerVwBnZQsuVhZ15igs7ZgmcqhHnYWbwoRtLyRqLvR,9YWiQh5d4jCtgMdzcGLv9bWgnLaFtzvDDh2nnhJdzhBX,0.0032229800001459807,0.0011041919999570382,0.003234832036548048,1.0036773533815073,1.2939328146192192e-06,0.9999706818595785,1114.150430735,1759.275520393,2877.4714972952243
CZgvH45CRmoaNJ7395Ao5CQZXkGznvqU7cErD6n7FaRg,4ZjU6MKvtqVQKCiowhvZ5yUsPxXX5SCzd5eFsPeXyey5,BsyWeshjDbCvjDojry3vKDCesmFRM37WtwcR4Kfgzqr,33.90774670000002,34.10344185000008,36.14319191558975,1.0659272712919532,0.014457276766235901,1.0,339.74020149,1478.99153468,1841.1298806024142
STK75uPSyBnEhGTTzb1nwmP3n427XoXmfRhXxxhyady,6TYyD5fUmDe6N65avW1Ny2RxzRNobw2RRgKwH9CTzSAU,54zDfk4cx2vGrEajPtodWpArNe5eUurytyxd4X3aZAxK,3413.893509395992,3807.5225053969857,490328.7760437466,143.6274373217045,49.03287760437466,160.5876995924445,2274.819841529,415.603903896,393467.4190756742
HDSBGqAuMRr6X2AfmmbXQPpRgU6VEhtfNVVZ3wUTZXg,DCZ1d8kNLgDcdSd99y4udLgwq46mfDXNS9KXj96kQf5L,Fq8GGYQM5Pz3q7LmVMbrXHJgsxA5ev86kTq8yGgGuYsa,101.19140926699765,101.4291130010024,100.57790626648936,0.9939372027235085,0.040231162506595745,0.9996823439374376,51085.61988117,49903.511259256,100663.55723044791
ercAoEmXjQzEvAFbdjAo81KtMxRGn9AW1ju882upmPH,CMRhskR2Eg6V42RTSdRTXGdozyPbWB8U9dVpijPWb9T4,7TKLLgrWswt6ZJ1pXhVR3FyufHGjJFqiEXxvWJfDcgRm,63.69748781899989,63.639902149000136,9137.083580214048,143.4449598103084,3.6548334320856193,137.42294867046732,750.469338146,815.616077399,219735.41038843238
DFWzVTzNBrQZLjoQ4yQwkj9HuoXmfkuZP9V5vbymZe23,DhgiEgiNdqZdRdo195UUHnoEJUtefK8buko8nU97XJUZ,2K2kkXsouBHtWVjtcgkyiXd8eP3oVBvq1bTJzcVdLLr2,10873.448333312997,12482.348596960983,9024.358608155688,0.8299444970467876,3.6097434432622753,0.9997138868841433,61703.635503263,7281.621090755,58490.13045717016
BSC8REUo9LpiiWUuqMuLXs2D2yJsJfGd4HdiF3wCLxk5,AZjEH1zWVx1UJ6udMyRijGTzPteuLnaY18yNNmprJEsh,Caf8ypkSVR8xYnXNhjvfvdGCC7mrM3C11rz8Xi6NA6aK,1950.6680258230003,1945.7501295260008,1949.784849327864,0.999547244080774,0.7799139397311458,0.99997068285952,3369.88284214,2977.167329785,6345.437155488284
parEAJhzYzHW87y9VoZAQ22dzQ2MD2ekEtTReaxbMcz,3oyc6hpjYSJEquK6dSvG72NXyz3pqLZz5D8AC71pwgQb,Di2vordgFJVZ1aj1aBpvzXtLfZgJsuLLXawGtVFwX6Rz,46.41948191299991,55.06501337900113,6478.873349173847,139.57228909440755,2.5915493396695384,164.4350906456659,1103.052863496,143.396820124,177535.08226566797
FrnkTEL6yZ5Aycq2TrEgu29dCrwKG4LPUZydfiwqspkc,DjvZuMZ46fxKBoBpGMPcRcos4xdTtHFxwMh69DpA2ZFY,9rvDPJLAng4uVVqnnSoEXgNDFhBZQTny9AoQioYDZbQX,1633.1732212770025,1427.795819715998,275238.15708701883,168.52967799202955,110.09526283480754,143.48153349619443,177.585776591,1439.955842997,236535.54626486066
BSCuChvaSj9b5HUSqgDVRzcnr2sSn7cXaamt1jbKH6hn,GnKpRj5kBVPMJfiwZtEuD9GYApLzPdW5JFuZTcyX4BTc,3dmwD9okkomV9nDwyuh4UMhKdUR13QpuKxRo89ycZB5t,594.63953833,594.8063616320001,593.6854916817224,0.9983955882736002,0.237474196672689,0.9988722732035532,1732.895165212,1375.335088712,3103.898974366678
NorjjEePhxfwLF4vZjUHCrVVKLzQjEEGQFd3wgjEJmh,34M8pFVqgbV7aqHxvRT5tCv3vu2P1JJYT8J3VaxBK2oG,3AZWBSze3ucsY3xSeuLne3b2pauVqiaJ1SZSV5T9WGWw,0.007849000000078377,0.0011269999999967695,0.0046542600503781855,0.5929749076738069,1.8617040201512744e-06,1.0,38120.278942,2260.688742,24865.057628132214
SRMuKizofcAMicegrfSv7xs9q76tH1w8aAF7oX9FEWu,72Hj2KWntXPfbie4UgKeTPnm1XVkomDfCnRPKbvfTtPi,6aqJQ5wedqpUt4fFEDUqUmXhrdxCu4bEJsQdVPCADLko,0.026957000000038533,0.026957000000038533,0.0011450169949472854,0.04247568330844117,4.5800679797891416e-07,0.041908824586130454,17971.450574,3892.798256,926.4922424344257
SQDY9uoDoCbNq7F3HAHYYQZbrUzpKxDtdWLvYcqBLak,GiehZ4X2uQjhEKuxSm3ACmEFrabxh3RTvjbLfLjw1xGX,rxDQYV77NKRKYxCjq4cECX3QQsiSyLv1T1FT2X3zNA2,0.0033795909999696505,0.0011955070000055912,0.0033841767998099457,1.0013569097089963,1.3536707199239785e-06,0.9992233037260138,168.73007208,237.831697497,406.60599805672325
MARpDPs5A7XiyCWPNH8GsMWPLxmwNn9SBmKvPa9LzgA,6YjT74rmcfCpw8LSjPNx5JTmZoYLGrTKnf9arfSgZ4SR,F8GSmi3vA8M8TsybLya1LQ4n1aFHCRbZ6k437PeTdXtg,100247.00321200008,106779.16786599928,95775.71400373567,0.9553972780731547,38.310285601494265,1.0,317106.624529,17929.116206,320891.92213997245
ALBpShJ9NLpE739pcHDF2LNVk5J4VYPvvKuV6jMPitZi,D6d156U1bPiJpDYRLextvDRccgFk7QzkQbJg42ceKEu5,GNcM8U5g8RwTZffwwm3kSQqUNPSwv5d2fbN9sLxPJqt2,1699.9498029999959,1697.0470929999938,1698.7199297708419,0.9992765237967712,0.6794879719083369,0.9956856938883817,43834.020669,56491.09578,100049.68369837847
RoBgmK8CvjdHvPrqdDyVw54VwjZv2TqJ493xnqJAQHx,ExiHJxM7qPAcy27NDHAF6G7vnW7muNHi2sVJpnaNynGQ,6rkPHSqZb7StM4HwS9EuVrmfkV7tRdc7dnsFhyB6cefE,1.7198379999999993,111.14325899999949,0.0,0.0,0.0,0.9532615845114059,6393.407888,16.952192,16.15987340686158
MATSnbbiTCv7Dc3trJrkrqjx7ckKdr6fwPoVwv9q3sD,631WX9JizSHJm4w6VanZeJAst9T8DeUUnPLesdGkCVtK,211maUSfpnXbPuW1iBu8b4dtJv5EbN1j7JJiEX5TZKEP,58834.00334900005,58941.28080799995,58832.41487379846,0.9999730007289803,23.532965949519387,0.9957144450285969,23133.485534,22394.145487,45431.0350922323
GokA1R67GqSavkd15zR62QD68Tuc5AEfvjssntVDEbM8,3YB7hfpBdbQEuZqLGWVDpRPmeZWCUsrrWyqGXegnQ6Cg,4DPCj6Z1DsG6HUtwSogBGqXEUxdEV5a8YVrrFtcnz7UW,80841.312316,80819.931044,80844.06101407448,1.0000340011560394,8.084406101407449,1.0,33664.046983,31484.030657,65149.22225651439
moFiBS1R4Lf3E3zzmBPnw3NF4RhWPkhREFviuzUaCAU,44ALBrpqi9PfZkBRTvbtRNtFJGsatfY4QydjtMbFWq8S,2ho8qEEie1UjVwWNBo9y4oAJZMyMLx8zPj9bxyUz6uWs,1090.0558810020011,1090.6214277000108,1089.6880698702735,0.9996625758934582,0.43587522794810935,0.9994698951601855,34503.620950397,32606.789924669,67081.48350444448
Lee1XZJfJ9Hm2K1qTyeCz1LXNc1YBZaKZszvNY4KCDw,9DgFSWkPDGijNKcLGbr3p5xoJbHsPgXUTr6QvGBJ5vGN,2hNHZg7XBhuhHVZ3JDEi4buq2fPQwuWBdQ9xkH7t1GQX,24138.46723544351,20628.163996632098,4099079.5904402016,169.81523932146584,409.9079590440202,144.0398333516744,7204.561342136,56390.909127005,9345981.46172422
C98Sspw7XqnMsgxea3SLQVdbMDL8pKUc3RE82UvX9eq2,CSqgQJurPCzGxb4Cgwx5R61hWQUiaoUHcShNc8r1cKEL,6S2CR5EnukPhC914XkAns8m5GixjMAoUuZMsS5ubHuWc,274.4664230000012,265.7283789999999,0.0,0.0,0.0,1.0,943.986767,3906.161924,3906.161924
SoNcU2iwHMw6dGzsYNQkYFkUjwN1UdAjrWVRnStrZu2,8ivTTid27jZnYNc4w3CTA1Z6QS2twsFb8WMwUabeDJgc,CyXm53PMvHCbeXJBykU46Rcbo28xk5srhMZFg7gv6EYB,18.146259827,17.99571042400001,3062.1425522877907,168.74786217552105,1.2248570209151164,166.72579874995665,22.584781284,28.271012273,8524.640662062471
WiiQFxXqp8P9Fs1rt9SVcDyA3KUdJmUsog6wnVQAwba,3S2jpqSYxho6wiz3cafhjXruVY8cg4HYa2v3BqBHYFSj,Dfe67M6TfrG74gKRtdqys4e6E9QirPD53BkF4FujFjuv,14532.967210429,14563.590393746013,14509.551942167114,0.9983888170995746,1.4509551942167116,0.9996705125977298,18955.823746334,7826.625000341,26749.328673251523
YAkoNb6HKmSxQN9L8hiBE5tPJRsniSSMzND1boHmZxe,CfWX7o2TswwbxusJ4hCaPobu2jLCb1hfXuXJQjVq3jQF,EnTrdMMpdhugeH6Ban6gYZWXughWxKtVGfCwFn78ZmY3,19722620.94053301,19725797.418097086,19722620.94053301,1.0,1972.2620940533009,0.9938964817058444,1090837.772456,321137.798197,1410015.5002267598
Dg3mAgpwDfVNnbGWcsxL8sUcSkEbjSJQhKAWNigG44Ju,EATxwd8YA2wV93VJcKMmH2Kn2Y9XfJVUB9hHVu3udwEy,GiGvrRi7NMHfHKanG2B8xyCEqe8jaafWins8bhrLVEaa,0.38526998300000004,0.38914449999999995,65.5406981095998,170.11628468756103,0.026216279243839926,169.44810075790747,0.203515336,0.255987932,77.99794173160501
daob129AwBGn9Y5r91uLoWZeYiGzbPmksauMhFZKTze,6VW5GQNyj4LStgmxEHLr5zUfW92vQnmbw8jTnCH7a38F,4VPCCUifPeBA1c7HWK358CHn2nyjm8pdTRk6Ps3KmnMQ,73.91945729999966,66.44286393499999,11780.813627976906,159.37364881028367,4.712325451190762,143.527827892911,49.040515145,222.955513282,39816.08637630916
7oAd7xG4m3oC2qeWB1szghTebAZyyGPAFDJ4wwwbRSNi,D9yh4KAysxt9GLacVe4Wwh2XqghhcjTCSTV9HuM7TBJd,HDYfJLpZKaMFb84jM4mRytn7XLR8UFZUnQpSfhJJaNEy,881.9977704309704,882.0136609979704,881.6666499405853,0.9996245789938638,0.35266665997623414,0.022805760100864512,956.239905011,300037.368481731,7798.461159352797
Lid8SLUxQ9RmF7XMqUA8c24RitTwzja8VSKngJxRcUa,4PgzyzLtds9bKZ2to9PMnKqJzKEUpjvNUaeN23phegax,AtymwxoVN9peZo7EXTcDz9jKVc4vRmisJKKrNfe3ewBa,1749.6833313130055,1495.7164351839915,295388.80984761514,168.82415495491296,29.538880984761516,144.18816440103802,997.469969379,7664.42839498,1273516.8861286729
KEVpg4SYCVrqFxKijQH6hm4QxsRdoE51ud64bEEFUC9,2bPenuBYfqzD8p5dFjCcggwkHDsc2RQDnx9AoyYGUBjA,AE6n6iLuX8oYu61vt5hoDYkjswpnxFxrhSehxrnQTnbx,1995.4919355719999,1997.964455618,1991.820564104549,0.998160167223929,0.7967282256418197,0.9996255792434129,5783.40073439,1845.869129557,7617.938242002667
BerKDkt6v49dT1bHRedgnpsJS263C1DSJtEGvY9Mg35V,78XKqNb8wbfsMMrvo8WPUpdx7GEkfQutpNVH943aCGFa,DKYQwn4nDvFHCszi5tXbqfVMAP7DaXXp1KGTXEnYnKVH,0.016226991000621638,0.014180155000758532,0.016516871459807375,1.0178640919425315,6.6067485839229495e-06,0.9996245799931132,1339.269355658,5107.748441634,6469.025077242155
