0,1,2,3,4,5,6,7,8,9,10,11
RoBgmK8CvjdHvPrqdDyVw54VwjZv2TqJ493xnqJAQHx,ExiHJxM7qPAcy27NDHAF6G7vnW7muNHi2sVJpnaNynGQ,6rkPHSqZb7StM4HwS9EuVrmfkV7tRdc7dnsFhyB6cefE,2.6352810000000026,169.54803899999933,0.0,0.0,0.0,0.9494431041472623,6323.211183,18.006255,17.09591464126716
YAkoNb6HKmSxQN9L8hiBE5tPJRsniSSMzND1boHmZxe,CfWX7o2TswwbxusJ4hCaPobu2jLCb1hfXuXJQjVq3jQF,EnTrdMMpdhugeH6Ban6gYZWXughWxKtVGfCwFn78ZmY3,4923342.959543004,4924687.314099997,4923342.959543004,1.0,492.3342959543004,0.9942937481791997,1097966.646439,300243.482436,1396496.863956666
TETFuZgEmET6d9vYmz9iMFCxK1jKdKYxf3oPz8hSzJK,Eu1Ze6Z84LWNkq7SNoAHBJbXx5t1P95EwyqYohrfCRFV,ASMbv7WNu3qe4pkhREmvyEdwFNDZQ6B6iSrjkj4u8bdC,206.92734360300003,206.707963,206.9331905002976,1.0000282557983675,0.08277327620011904,0.9999320046236856,111.865760876,240.652829629,352.50538808167175
JSoLLrxK5bYdHwTEWYaGgmeycBCNXKDiBCTw5hXGBg7,xG4wXczA7Dk4hccJ61CHKpDHW4NrNfQwgmWgkb9BuF2,BVR6WgfhsRr9Lob4QDnkEAiNGgAbv7ZieKcY9kSg3QYR,2.325357632999932,1.9898470800000219,418.83853726971375,180.11790157601362,0.1675354149078855,155.04080286329355,17.226936701,163.690057189,28481.517576487928
C2ypsDADXcCRz8HbV2zX1AXPSja7a1P3xZtRC91xGhJh,J9bYNuDpY1d1T86gLaw7DGk5D3CsUAf2tzUwxMvb6FTv,A2NGvvPrMGzsJ4jb52KEnSBVmsA7C34dV1GC7PerdgvG,0.03983870600000028,0.040000000000000036,6.177056884107001,155.05164460178395,0.0024708227536428006,155.31232609872987,1.308319405,0.911007483,344.3477666877566
heyk4SZTeCUV6a65WiVA5bzic3KcxgVf1qxobfeV4tQ,9ZDpBKPqMABtGfq66FbVribaArMvtk63xxy91onZAtDt,DaTP4s6N7xxSPinbNZ3FB52EpRDRt87QShTuN3VPCW52,59.92909500999758,52.092542243000025,10641.601674909623,177.5698710807222,4.25664066996385,155.05164460178395,638.928502268,4458.012927878,804676.6879010255
AyiATPCAx5HZstcZ1jdH9rENwFb3yd9zEhkgspvDrCs4,DvHVapj4g2Y1tJVSw2ubSPkPBsJPb8fW387ZWXwaKmZq,DKjqWWgrtDRPKrnMWtZ4UiJk4sGQVCQgFjSo7BvfngvK,0.003516169999999985,0.003548180000000123,8.316194035145774,2365.128544736406,0.00332647761405831,0.0,0.80222595,0.31854276,1897.367493673281
MiMuMS9C4vBqcrYeeQPph1E7oAW9aNKvW9k6Zw9XffM,Afy2q2hh6Y474pshJa5fnQ6PfEchGyTbKrQpCZw2hr3m,5pXz9ksgjeL8Wgb37bksUaBFMLdFfsNNY3FQnikkCPtS,2.182735058999871,0.42218048500082617,0.0,0.0,0.0,0.020107003440207754,25.978825011,7675.542599051,154.33216144457964
MAR3XM1n9xWPQ3HJjAcC85o8DopWFP5p2WxGTaZ3fPB,6qG7GUhER8Cg9gDEgnebph9LdS6eu2eoWcA4R7z9uizK,4QV4CwRXVMY227KkFF9voNAfwWHVvVajXSXDKbUHkWZR,0.007327,0.3310680000000019,0.006934198459845152,0.9463898539436539,2.773679383938061e-06,0.02009581200866242,0.105758,24.557672,0.5935946580557658
STK75uPSyBnEhGTTzb1nwmP3n427XoXmfRhXxxhyady,6TYyD5fUmDe6N65avW1Ny2RxzRNobw2RRgKwH9CTzSAU,54zDfk4cx2vGrEajPtodWpArNe5eUurytyxd4X3aZAxK,888.6346151340013,999.6201719120031,137646.25935132525,154.89635110665697,13.764625935132525,174.2594105745141,1664.425692832,296.622376147,309502.7069384343
BkwbeSfcX1h4thMDd7obGkHrPevf3QwgzJ4pCEqG18Lu,35yX27bmurdebhfAb8EPmjLETDiUaEUCn9zHaDPbakH2,2CxECn1ZJFoESyUnQysQU8rRgT3iJ5GRs2Mdd6gZjx5g,0.008479640000000899,0.005573410000000112,20.055438613090743,2365.128544736406,0.008022175445236299,1550.387596899225,0.90613922,22.63075324,37229.574866510135
MiMUFdSLMyCLpqpH6zkqdDrGYs7XBomwENbivdYjv9V,,,0.04371023500000004,0.032963485,0.0,0.0,0.0,1550.387596899225,0.90613922,22.63075324,35086.43913178295
ercAoEmXjQzEvAFbdjAo81KtMxRGn9AW1ju882upmPH,CMRhskR2Eg6V42RTSdRTXGdozyPbWB8U9dVpijPWb9T4,7TKLLgrWswt6ZJ1pXhVR3FyufHGjJFqiEXxvWJfDcgRm,1.4843755890000239,1.5156696089999286,230.1144512670725,155.02441091886536,0.092045780506829,151.10300661740507,311.427033726,910.540257134,185864.16294671528
BUSDTd9WiT6uBHJRgNvFXBsA7JrifsAtWzKfioN7ERcy,DyBxrn7gSc1EwnpWhDyhzvMHPtxpmBqRqotapLcKcfTM,Cds99GeBgoCpqBsoRWu1C6fF9LiUMd4pXQQD24s9LPff,1788.2989862299999,1791.42295436,1795.769459010261,1.0041774182269207,0.1795769459010261,1.0004001600640255,160.28868303,257.52809046,418.58941881322545
BSC8REUo9LpiiWUuqMuLXs2D2yJsJfGd4HdiF3wCLxk5,AZjEH1zWVx1UJ6udMyRijGTzPteuLnaY18yNNmprJEsh,Caf8ypkSVR8xYnXNhjvfvdGCC7mrM3C11rz8Xi6NA6aK,77.60744344299974,77.76999999999998,77.77432957727409,1.0021503882471907,0.031109731830909634,0.9999802123915573,2742.917023506,3607.274446858,6356.018427560067
WiiQFxXqp8P9Fs1rt9SVcDyA3KUdJmUsog6wnVQAwba,3S2jpqSYxho6wiz3cafhjXruVY8cg4HYa2v3BqBHYFSj,Dfe67M6TfrG74gKRtdqys4e6E9QirPD53BkF4FujFjuv,24606.147294382994,24608.495661077006,24561.65915414364,0.9981919908181031,2.4561659154143642,0.9999802123915573,20146.81938042,6653.108601397,26763.37069828325
MARpDPs5A7XiyCWPNH8GsMWPLxmwNn9SBmKvPa9LzgA,6YjT74rmcfCpw8LSjPNx5JTmZoYLGrTKnf9arfSgZ4SR,F8GSmi3vA8M8TsybLya1LQ4n1aFHCRbZ6k437PeTdXtg,49675.17787100006,51843.293434000574,47519.68496116176,0.9566082497895462,19.007873984464705,1.0,295049.06006,16814.188856,299060.5538020473
iLiUBQ7Z7im6Ew3b4ewwPcehzWgEQRJ1iQz7g6D62NW,GpugBvKWM3TVhYcZjemSdtehBWgfvuGr6uAm9iPjXT6v,92fMXJ3xy8tEyMUWLHKRLyhPw2nECBo77GtDiBBbYrjX,29.980872924999858,29.99273653199998,29.321471844838168,0.9780059412609083,0.011728588737935268,0.9996231810460497,1865.637227489,1097.929724622,2922.120296613428
daob129AwBGn9Y5r91uLoWZeYiGzbPmksauMhFZKTze,6VW5GQNyj4LStgmxEHLr5zUfW92vQnmbw8jTnCH7a38F,4VPCCUifPeBA1c7HWK358CHn2nyjm8pdTRk6Ps3KmnMQ,26.036300452000035,23.275516832999976,4502.408880620625,172.92813504442265,1.8009635522482497,154.94439975159312,48.517853057,223.695423201,43050.4549205639
SAMyS8Jr2HJrkFwYVKbpUwsNStnQmvz3f8Tup8bWUWF,6jPzm5TFfquvgm25sTyN3MMGBfufRaFHMxobDWv6hMFW,Cj9ECoDmxsHTDzCY5ZA6RWrPbg9uFzEC1Qc2kso2vJG6,3053.0347146099866,1014.1849917799888,3028.294637606809,0.9918965621698349,1.2113178550427235,0.019852550789343008,457.59130786,110048.09387301,2638.6186180294508
RajgMbScQbqqrdJfR2rxfHJiTiY5b6bJ2tTXiF4aPxy,725ZA3fhyBAKb5iopNRrcbSuQa3LXA1656Q3mBvYPxeg,GLA6i1dSZpUfk2f9Nj8uiG7xyDdAR2reff8oEiZH3617,2779.456078629999,2778.0596847899724,2781.3871957600154,1.0006947823874117,1.1125548783040065,1.0,76487.32523434,104901.53305472,181442.00033549307
DFWzVTzNBrQZLjoQ4yQwkj9HuoXmfkuZP9V5vbymZe23,DhgiEgiNdqZdRdo195UUHnoEJUtefK8buko8nU97XJUZ,2K2kkXsouBHtWVjtcgkyiXd8eP3oVBvq1bTJzcVdLLr2,2295.5180196870006,2539.2476063219947,2067.531331493128,0.9006818128899031,0.8270125325972513,0.9999802123915573,58695.377552487,9897.891459434,62763.55466606471
MiMy69CnJDY4V6cQWkU3HHfTyb8pqXJmhX4MisFYDnM,,,0.009135077999999991,0.005901059,0.0,0.0,0.0,0.9999802123915573,58695.377552487,9897.891459434,9897.695603833394
AUSejoEUCh2DBs9mof6BNC8Pubs22w4cJa1ccV9h44R,4xkyD7AfGQDwsQMy9MosRRNGoVJ1zosNinesxg1TzHG7,Cbm5gsQe3nSiCsFrvepVzMCD9xLK3ri9g3ypS2hdmVJ7,817.9344959999999,817.8023059999996,817.6573101718515,0.9996611148820549,0.08176573101718515,1.0,14599.651517,14275.579483,28870.283395373706
Cob4usZcpHEY7Qt4ZCwj6WVg9S44zvzYV2v9qYF65dTf,NhFM9UXE48PyNAyeyPYA3iXztqKVJwA4bTdLj4ysM8w,6TuFuynuBoeskxyR2cz4wxyidk8dpDK7kAWw3UkjQGx,369.1768760000001,35304.1627319999,3.792491298835918,0.010272830031846081,0.0015169965195343672,1.0,69365.507414,203.937982,916.5180497367813
Lee1XZJfJ9Hm2K1qTyeCz1LXNc1YBZaKZszvNY4KCDw,9DgFSWkPDGijNKcLGbr3p5xoJbHsPgXUTr6QvGBJ5vGN,2hNHZg7XBhuhHVZ3JDEi4buq2fPQwuWBdQ9xkH7t1GQX,884.5206467151656,747.8593614279825,162127.74207886826,183.29446879613295,16.212774207886827,154.9821971950082,7125.311360666,56487.638963173,10060608.561731232
wrmcMSHFi3sWpAEy4rGDvQb3ezh3PhXoV2xNjgLBkKU,8p4mGnARWPBu6P2Gcw4adodLkNDorrXniZMhaY7eJXUn,AyY89zccbsgp9LKFgH4CFZMJmpSgqmPSdTfukhP227rc,0.033739009999999695,0.23186393999999544,12.617430815257926,373.97157816005983,0.005046972326103171,3221.6494845360826,27.01159844,0.10345028,10434.850638469723
GokA1R67GqSavkd15zR62QD68Tuc5AEfvjssntVDEbM8,3YB7hfpBdbQEuZqLGWVDpRPmeZWCUsrrWyqGXegnQ6Cg,4DPCj6Z1DsG6HUtwSogBGqXEUxdEV5a8YVrrFtcnz7UW,1803.0219140000008,1802.2586589999992,1803.9942669098655,1.0005392906776753,0.18039942669098655,1.0,10703.894173,21880.661201,32590.32788434232
DA1mL7dfBow33EH5yjUuZE6SH2KeUK5zEXzsyhE5r5j5,B4UtLRZND3D83CitRCBUyeiNr7H8m7YFRqBmiPmXjhW4,AAmpYbuixWiSqDaJBCqYEs1pb5SrbdPr9mgXrB58Q2e,28.593406218999917,24.167177883000022,33.219371528626056,1.161784338465847,0.013287748611450422,0.9999802123915573,191.624240766,2942.196036527,3164.7638592962153
vEnkoSUkpnbRrPgBz9DfcVxNz67zjwMYBZraAvDDNSf,DtfyjjsZ5yCjWKLKHvwsfXs5QVsmm1QkK6Sh9JZHoq1g,e5wrKCRv4GhHvEf1VD5Pq2KGaZDXP77nTL612Jyrxwy,1188.945459,1188.66334,1189.3272330418065,1.0003211030740868,0.11893272330418066,0.9987096671100937,792.066651,1152.992626,1943.8258677293704
parEAJhzYzHW87y9VoZAQ22dzQ2MD2ekEtTReaxbMcz,3oyc6hpjYSJEquK6dSvG72NXyz3pqLZz5D8AC71pwgQb,Di2vordgFJVZ1aj1aBpvzXtLfZgJsuLLXawGtVFwX6Rz,4.131126068000071,4.814805419999885,626.1348166107045,151.56516802059832,0.2504539266442818,177.61279522576805,1102.722158577,143.741481513,192664.5955661769
7dwD9TF6uikvHXxPFK9AsSim54yJoujQjY9vU6gNFumk,CquVr6atkvwueDYficKjn6SSEWq4F4rH4VSiBbW4GBWU,8BCa6ge3b7ho3TfZuM64Vk1hgbrJ3J7EPiAb9uP86CGd,1.1825000000000464e-05,1.1824000000000123e-05,0.0021625985125346523,182.88359514034397,8.650394050138608e-07,182.91437101509612,0.003937636,0.003570527,1.3732297284314616
AURHmCnNwiW4uA2Qj1XvEh4iKgRUZYXtiY7FKAapUV5Y,BKWm4TRnTeKwfWXRyuzjRHU7iZDkPuXBX5b5V5jSVfGJ,A5Ww74HVrkj9nPeC7pHKLfgeDMEhBCpW1efQdz3TGLEg,0.00028245399994375475,0.0002520840000101998,0.04909685317767556,173.82247441159356,1.9638741271070226e-05,155.32096222578667,289.902320861,1809.484684945,331442.4411482046
SEQV6QiTpvTzrceiaYg9Avnwf7oc8ZALpnQMz6TyT4A,3dFMPj4r9mMmPHF32mz1gNDX7f8ftidWof7S8YiYTs1j,Fc1ED3YPeQfXQosHbd8DTaBd2AV5gHQtwiSAL5C5pUhi,1003.1918670329999,1003.4861289269998,1004.6331851293427,1.0014367322380768,0.4018532740517371,1.0000417497429683,1534.716552992,4090.859621057,5627.951943134693
SUiuyGR7SFq3xeRVJonq84fjjeFwRSsFekcevJ53tzy,49GjCCPsv7fBqo6t3iKDrP1xxGDS8uWZbVCdfnp2gjMf,CEwj5xEbbJEjYqM8D6Ai8ByGz1mrh8mkAVsE5fzDSSSx,2.6491670000000003,236.57940400000007,0.027240923986798168,0.010282826257007643,1.0896369594719267e-05,0.9563045332660094,625.891753,1.849461,8.204584090191629
KEnkcdADoLR5jS2CLLLesy8TtFsyWL37BhXNfDMzWzP,3qsjFRuw1qeLMPo4DLwaQevenGAGBj9dA3Q6rb8ax2YR,77iEv8zPQAEyCcEbvBRSB6AFcUdfkhiqnAKtPxk76rNN,1.2394550000000044,46.40584400000001,0.012745100418379453,0.010282826257007643,5.098040167351782e-06,1.0,115.923975,0.327832,1.5198580939466977
BUSD5rCfUDpCxKGMvYU2yThChxgHoioK74PTPociGnv2,CcFHbafgYDZ8yA8Me1PdtDiVb2eeaS61LbqyKKK5CsNZ,26R9s4nmF3CFDTkiePDwRmtscn8i7r2eygbSijditJ58,403.4095768700001,404.29422209999984,403.1211839749844,0.9992851114312821,0.04031211839749844,1.0,78.91008503,68.82758342,147.68125653225547
C98Sspw7XqnMsgxea3SLQVdbMDL8pKUc3RE82UvX9eq2,CSqgQJurPCzGxb4Cgwx5R61hWQUiaoUHcShNc8r1cKEL,6S2CR5EnukPhC914XkAns8m5GixjMAoUuZMsS5ubHuWc,59.97391899999957,59.768265000000156,0.0,0.0,0.0,1.0,891.291348,1228.278601,1228.278601
SoN9GaFpSXfpyR5dth3x7PHPVhvJMpQqqDJfCSmPv1t,9kZ9iS68ViMPtoeqtnhAKuF2iqVyfHPdZHoUNdwCELr,BBhm5fJLjw3HRzjtKB8uMEYjGhY6EDm9co3cqpjrSzB9,1.581081430000002,1.5504006329999998,292.5590810306213,185.03732665471944,0.11702363241224852,180.9393757193471,3.668201635,5.985792396,1761.8197634887258
KwnjUuZhTMTSGAaavkLEmSyfobY16JNH4poL9oeeEvE,J63v6qEZmQpDqCD8bd4PXu2Pq5ZbyXrFcSa3Xt1HdAPQ,BnKQtTdLw9qPCDgZkWX3sURkBAoKCUYL1yahh6Mw7mRK,512.210811999999,26147.296115000092,10.296209627528688,0.020101507789977515,0.001029620962752869,1.0,278088.572655,564.298603,6154.2982125282115
KZMu9QBEdL97EFgamLbN5DE1AoKBG4HdrKKJo4Vuon3,DD4ACBWyVqdaKWh7v5btsgqQCCMwbKnuL2xd9pv7Gyuw,GcYqiJ1MAuYbNTNYXm1F1gQYTfTgkErACAhNU5dpVj9T,670.5985553199996,671.4472672499999,665.052641439874,0.9917299048199125,0.2660210565759496,1.0,2040.9056504,1347.30234135,3371.329507767614
BSCrK1Nx9PXU9mF7STWWBqeHLxmtJDr9h7jheEy4tAWX,FfSySSbVJPvEo5a5AvrP3nySoXpRE2QPn1uUMpJJ1x7v,HL7Vcj6838ZmvBHDbQxXfjBNckNi83WvPiZQoMQLFeRM,0.24918278199999988,0.24877661000000006,804.4278289278284,3228.264097829315,0.32177113157113135,3223.93448965117,0.845156664,0.959032201,5820.245904922367
4vezWG46exH6pf9nry3n1VJ7hZHvjBJNgNeF4qEFCML5,,,1.9138169999999963,1.9066770000000002,0.0,0.0,0.0,3223.93448965117,0.845156664,0.959032201,3091.8569894899733
BSCNHw8CmxbZ8hCWWzMf5FaG2ajPT6JxfznKUNuRVrn4,7n9kgNL633yGzCYksgnzHyjG73ZLBAwvEae5sbAekbzW,SscdxE99omdG9AiMVwmaEMQySQnCgeAh1sPj2Leutm2,906.4220817989999,907.340654525,910.14032448377,1.0041021095573823,0.36405612979350804,0.9999802123915573,4167.733593422,7531.132420541,11715.813490669732
MATgk4zXLXtYkwBH678J1xZbRDZ45LicNzkRBHkxTuY,y8dALFo1bJrSzPYjMX14HJX448pXqYmrfXHD1K8MXih,GN7Yuet3UyiWS5YVkEHv6oQKi4HGBJc3XDPt9zQhAqZz,5220.453678000002,5203.036890000001,5232.965698986279,1.0023967305828236,2.0931862795945118,1.0,3721.526977,6346.988987,10077.43546152058
KEVpg4SYCVrqFxKijQH6hm4QxsRdoE51ud64bEEFUC9,2bPenuBYfqzD8p5dFjCcggwkHDsc2RQDnx9AoyYGUBjA,AE6n6iLuX8oYu61vt5hoDYkjswpnxFxrhSehxrnQTnbx,1302.2975837269996,1301.6727765490002,1302.9568890335488,1.0005062631727093,0.5211827556134195,0.9996221128526783,3228.695513042,4405.893995593,7634.5591475557485
NorBXypYWTkV5PMs6Q9JsvNkmRwe7H9Zr1Kz2TcJH2Y,C82XDu1d1UjtuUwnkSTwVuWyH3AqpJ3ftb9W7en8rEUu,F7cZoYpWQSFuYJzW2UUFw6sVbTtaihyD5upeeHRUPABk,0.00017724639999999736,0.00018213000000000257,0.0,0.0,0.0,0.0,0.2507724853,0.6546741169,0.0
FrnkTEL6yZ5Aycq2TrEgu29dCrwKG4LPUZydfiwqspkc,DjvZuMZ46fxKBoBpGMPcRcos4xdTtHFxwMh69DpA2ZFY,9rvDPJLAng4uVVqnnSoEXgNDFhBZQTny9AoQioYDZbQX,20.64078836499729,17.273427085999913,3820.214039490193,185.08082016714647,1.5280856157960774,155.39764392308192,175.011158867,1440.97510368,256315.34488519785
Lid8SLUxQ9RmF7XMqUA8c24RitTwzja8VSKngJxRcUa,4PgzyzLtds9bKZ2to9PMnKqJzKEUpjvNUaeN23phegax,AtymwxoVN9peZo7EXTcDz9jKVc4vRmisJKKrNfe3ewBa,244.32140437100213,207.33891960999847,44818.6205275884,183.4412365260119,4.48186205275884,155.64943637782594,982.581162792,7682.273918758,1375987.5090444859
MATSnbbiTCv7Dc3trJrkrqjx7ckKdr6fwPoVwv9q3sD,631WX9JizSHJm4w6VanZeJAst9T8DeUUnPLesdGkCVtK,211maUSfpnXbPuW1iBu8b4dtJv5EbN1j7JJiEX5TZKEP,210.07093300000633,210.00369499999942,210.12031127315552,1.0002350552379808,0.0840481245092622,0.995479527465778,21751.247159,23795.581893,45444.37452219419
DEDaBEWzMCXohXYXoLzB4jK1xqMsd3SS9izXp2xvg9pe,GC5zHpW5GuVdw3C7covC6viyGdLS8ZAaVGDKMeru7p78,F8juxtAFueW19vxkdDArUkjVWAv9QV6yy1wCXUWQiXvh,0.03180542000000486,2900.5380086004734,0.03180542000000486,1.0,1.2722168000001944e-05,0.0,44.72657371,8592215.8278677,44.72657371
BUSDgu5JdqP1rndBvXvanbEufS94FNh1w5FJcAj6vawb,Bgzr8cWubt89JQFXndVjtdKmDbGzuPxNhvjH1EhWCwbo,Dxaf8xPBBQsasRKW5Aa4Sw2YrbfGofY9xZueyyF23FBW,4690.1635310099955,4665.729513470007,4721.646620780971,1.0067125782635975,1.8886586483123886,1.0,4805.0025313,10224.91021535,15062.166702198136
HEDSDjj84KS7LKhZY7ejkCACTdPen62rKhCby1wXtgxc,EnnjMSFttpCTywBrYNt1J5QQeoSVkvzPipJDa8Y7kJow,6bjVT6JN2rSvpyn9PdfLYC8wJn4LWh49jpY47fnLDXZk,34.17568862299777,33.90262286800498,33.11320078031147,0.968911004123226,0.013245280312124592,0.9997231686568135,39113.976543935,9108.784577727,47004.22526909392
SoNcU2iwHMw6dGzsYNQkYFkUjwN1UdAjrWVRnStrZu2,8ivTTid27jZnYNc4w3CTA1Z6QS2twsFb8WMwUabeDJgc,CyXm53PMvHCbeXJBykU46Rcbo28xk5srhMZFg7gv6EYB,12.60166906400001,12.48205793,2316.470934989503,183.82254947537965,0.9265883739958013,180.9393757193471,22.014737648,27.741459534,9066.327570112473
NorjjEePhxfwLF4vZjUHCrVVKLzQjEEGQFd3wgjEJmh,34M8pFVqgbV7aqHxvRT5tCv3vu2P1JJYT8J3VaxBK2oG,3AZWBSze3ucsY3xSeuLne3b2pauVqiaJ1SZSV5T9WGWw,22.320072000000437,37.61532900000748,13.233453493336123,0.5928947493241,0.005293381397334449,1.0,38121.000731,2260.303399,24862.04457139008
B2izdXFYb2sNwbWWHmh75T4aQFtfXsUxem9u2p61HGzf,4DYwgJtxwuJdAjkj5RJSNH4e7U329V5cNp7d3a1nLrZv,EXNW64GEf1ACC6xY9BtKRiunrs6GoJSXBdxWN2eTPmrF,5587.273504000015,5518.126612000007,5663.383717783305,1.0136220669578464,0.5663383717783305,1.0,9199.05827,30683.197061,40007.56551870307
BkMBnJpvHKtWhUvrgRrLesXfi9RUV3ELgdBaJcdH7hcY,5uerVwBnZQsuVhZ15igs7ZgmcqhHnYWbwoRtLyRqLvR,9YWiQh5d4jCtgMdzcGLv9bWgnLaFtzvDDh2nnhJdzhBX,6.190900168000098,6.171166077999715,6.213761547438642,1.0036927391523305,0.0024855046189754568,0.9999802123915573,1115.294452557,1758.160655861,2877.538810114697
Sid7E679i9ABqptiAVhkmQ27YHN8vaYT4fppPwmxFsJ,GP7KB8o1bv527HG8kTzzzf4wJ5aEGHvcMQvVhLziUfmT,9gYxhAZ1M9wu5pxr8SBoa5NDm21gi3s9vMHaYTME77sa,48507.706191,86858.34170399998,498.796314888027,0.010282826257007643,0.1995185259552108,0.020121696017513922,124978.136907,13246.030921,1551.6610753701475
ALBpShJ9NLpE739pcHDF2LNVk5J4VYPvvKuV6jMPitZi,D6d156U1bPiJpDYRLextvDRccgFk7QzkQbJg42ceKEu5,GNcM8U5g8RwTZffwwm3kSQqUNPSwv5d2fbN9sLxPJqt2,1605.1264479999954,1601.5138450000013,1607.6665611666388,1.0015825003505539,0.6430666244666555,1.000100010001,42572.7391,57727.539089,100373.4228947918
KEN5P7p3asnb23Sw6yAmJRGvijfAzso3RqfyLAQhznt,9zj4aX38Uxf3h6AUjS4EipWS8mwbEofasHAf3a1uKGds,CwQDG1MWunn9cLNwcZLd8YBacweSR7ARo32w4mLua1Yr,109182.03003700031,109185.92024599877,108760.79946068906,0.9961419422576362,10.876079946068906,1.0,1142259.50202,1125942.514733,2263795.113637443
ALLwa5WNZbvQsRKAqe1jdRGemdYQnW8E5k4msbRFcYtu,CGoM82Hbz7QVqTgvQatYtjvDWBvoUJp5qm21P8iMs9yb,3dxNNww8TivyN5FMy5dCNdi3Zcxv6e4kUfSPxfFwpdNq,2.3931466760000015,2.387118909999999,7687.095837080822,3212.128999100604,3.074838334832329,3213.2333803536485,1.847739559,6.78496479,27736.853168001442
KysFMBBoavfov2tLpvefWW6tPFt6rAeZWDJVy1mMQae,B8ka2V21TH3x64dFV8ETcjuQcwmrciJ2qzy1mJUttRew,7fSf7EYxBANyxzk2s5pymFgshA91tFYQNKKs5UnLWcYS,139.94296400000985,157.54374100003452,0.0,0.0,0.0,0.019883334929965128,134456.590963,2646.172984,52.61474372349725
