0,1,2,3,4,5,6,7,8,9,10,11
BUSDgu5JdqP1rndBvXvanbEufS94FNh1w5FJcAj6vawb,Bgzr8cWubt89JQFXndVjtdKmDbGzuPxNhvjH1EhWCwbo,Dxaf8xPBBQsasRKW5Aa4Sw2YrbfGofY9xZueyyF23FBW,13124.036173109997,13064.461335630007,13179.371477576895,1.0042163328214742,5.271748591030757,0.9997492428948971,5233.32024364,9788.98938642,15041.920391328124
SEQV6QiTpvTzrceiaYg9Avnwf7oc8ZALpnQMz6TyT4A,3dFMPj4r9mMmPHF32mz1gNDX7f8ftidWof7S8YiYTs1j,Fc1ED3YPeQfXQosHbd8DTaBd2AV5gHQtwiSAL5C5pUhi,1170.0784796310008,1167.946059079,1172.1228529425578,1.0017472104197673,0.46884914117702303,0.9996860985650506,1463.772682245,4160.437480586,5625.461714418416
Sid7E679i9ABqptiAVhkmQ27YHN8vaYT4fppPwmxFsJ,GP7KB8o1bv527HG8kTzzzf4wJ5aEGHvcMQvVhLziUfmT,9gYxhAZ1M9wu5pxr8SBoa5NDm21gi3s9vMHaYTME77sa,1131.8907090000066,1397.1412500000006,16.385423130570683,0.01447615304223739,0.0065541692522282724,0.017857389352892317,104232.55458,27250.246524,1995.50467422481
YAkoNb6HKmSxQN9L8hiBE5tPJRsniSSMzND1boHmZxe,CfWX7o2TswwbxusJ4hCaPobu2jLCb1hfXuXJQjVq3jQF,EnTrdMMpdhugeH6Ban6gYZWXughWxKtVGfCwFn78ZmY3,5643163.646558982,5645976.371728999,5643163.646558982,1.0,564.3163646558983,0.9998720163819033,1246671.256395,351145.698803,1597772.014300988
KEVpg4SYCVrqFxKijQH6hm4QxsRdoE51ud64bEEFUC9,2bPenuBYfqzD8p5dFjCcggwkHDsc2RQDnx9AoyYGUBjA,AE6n6iLuX8oYu61vt5hoDYkjswpnxFxrhSehxrnQTnbx,4301.782831604001,4305.593796000001,4300.88664295155,0.9997916704102616,1.7203546571806199,0.9995704825645011,4281.730628325,3351.359820339,7630.758970003364
JSoLLrxK5bYdHwTEWYaGgmeycBCNXKDiBCTw5hXGBg7,xG4wXczA7Dk4hccJ61CHKpDHW4NrNfQwgmWgkb9BuF2,BVR6WgfhsRr9Lob4QDnkEAiNGgAbv7ZieKcY9kSg3QYR,4.3863903440001195,3.7368782550000113,736.8270448238759,167.9802723968097,0.29473081792955036,143.59668630542814,17.25757236,163.652907441,26398.946918716996
WiiQFxXqp8P9Fs1rt9SVcDyA3KUdJmUsog6wnVQAwba,3S2jpqSYxho6wiz3cafhjXruVY8cg4HYa2v3BqBHYFSj,Dfe67M6TfrG74gKRtdqys4e6E9QirPD53BkF4FujFjuv,28450.772796830996,28508.006750502,28390.960566521884,0.9978976940016275,2.839096056652189,0.9995704825645011,20212.687360789,6583.007571756,26750.3741621331
HDSBGqAuMRr6X2AfmmbXQPpRgU6VEhtfNVVZ3wUTZXg,DCZ1d8kNLgDcdSd99y4udLgwq46mfDXNS9KXj96kQf5L,Fq8GGYQM5Pz3q7LmVMbrXHJgsxA5ev86kTq8yGgGuYsa,1754.189328073,1784.3691093460002,1741.6267289080176,0.9928385157953374,0.696650691563207,0.999571748477941,14003.253548794,13208.567441367,27105.880321946443
SoNcU2iwHMw6dGzsYNQkYFkUjwN1UdAjrWVRnStrZu2,8ivTTid27jZnYNc4w3CTA1Z6QS2twsFb8WMwUabeDJgc,CyXm53PMvHCbeXJBykU46Rcbo28xk5srhMZFg7gv6EYB,8.610728210000001,8.553631761999991,1460.9807272048595,169.66982252536562,0.5843922908819438,164.0267652314434,22.077866812,27.671319561,8284.784781007094
MATgk4zXLXtYkwBH678J1xZbRDZ45LicNzkRBHkxTuY,y8dALFo1bJrSzPYjMX14HJX448pXqYmrfXHD1K8MXih,GN7Yuet3UyiWS5YVkEHv6oQKi4HGBJc3XDPt9zQhAqZz,1114.2111360000008,1112.5771879999998,1116.9678125614023,1.0024741060938396,0.4467871250245609,1.0,3681.212886,6383.863045,10074.183642233973
BSC8REUo9LpiiWUuqMuLXs2D2yJsJfGd4HdiF3wCLxk5,AZjEH1zWVx1UJ6udMyRijGTzPteuLnaY18yNNmprJEsh,Caf8ypkSVR8xYnXNhjvfvdGCC7mrM3C11rz8Xi6NA6aK,2716.3592856689997,2708.453880029,2721.060085672725,1.0017305516352442,1.08842403426909,0.999571748477941,2727.225443275,3622.927481078,6353.321004595457
ercAoEmXjQzEvAFbdjAo81KtMxRGn9AW1ju882upmPH,CMRhskR2Eg6V42RTSdRTXGdozyPbWB8U9dVpijPWb9T4,7TKLLgrWswt6ZJ1pXhVR3FyufHGjJFqiEXxvWJfDcgRm,44.65276454500008,44.04751942900003,6414.514687610939,143.6532486392087,2.565805875044376,139.4350676685355,257.971030825,918.518929103,165132.1256671243
SoN9GaFpSXfpyR5dth3x7PHPVhvJMpQqqDJfCSmPv1t,9kZ9iS68ViMPtoeqtnhAKuF2iqVyfHPdZHoUNdwCELr,BBhm5fJLjw3HRzjtKB8uMEYjGhY6EDm9co3cqpjrSzB9,3.3584638160000013,3.301131359000003,575.020441567723,171.21531541542228,0.2300081766270892,166.84725100800767,3.712746023,5.939273637,1626.6304607030813
FrnkTEL6yZ5Aycq2TrEgu29dCrwKG4LPUZydfiwqspkc,DjvZuMZ46fxKBoBpGMPcRcos4xdTtHFxwMh69DpA2ZFY,9rvDPJLAng4uVVqnnSoEXgNDFhBZQTny9AoQioYDZbQX,28.10647719799914,23.537088443000073,4707.213825568607,167.47790170956418,1.8828855302274428,143.6532486392087,175.467727065,1440.414494243,236307.18823160243
B2izdXFYb2sNwbWWHmh75T4aQFtfXsUxem9u2p61HGzf,4DYwgJtxwuJdAjkj5RJSNH4e7U329V5cNp7d3a1nLrZv,EXNW64GEf1ACC6xY9BtKRiunrs6GoJSXBdxWN2eTPmrF,60097.31286899993,59542.44794899992,60651.91397034476,1.009228384346464,6.065191397034476,1.0,10492.638407,29372.04343,39961.51193702827
7oAd7xG4m3oC2qeWB1szghTebAZyyGPAFDJ4wwwbRSNi,D9yh4KAysxt9GLacVe4Wwh2XqghhcjTCSTV9HuM7TBJd,HDYfJLpZKaMFb84jM4mRytn7XLR8UFZUnQpSfhJJaNEy,57.574681993003765,151.59261298999775,57.5500255478082,0.999571748477941,0.02302001021912328,0.02276498176061466,955.432038947,300133.235258402,7787.550500133888
DFWzVTzNBrQZLjoQ4yQwkj9HuoXmfkuZP9V5vbymZe23,DhgiEgiNdqZdRdo195UUHnoEJUtefK8buko8nU97XJUZ,2K2kkXsouBHtWVjtcgkyiXd8eP3oVBvq1bTJzcVdLLr2,308.33377798900165,360.2450339579955,262.67219728768714,0.8519086004811861,0.10506887891507487,0.999571748477941,60952.221983386,7914.460101165,59836.792847665354
RoBgmK8CvjdHvPrqdDyVw54VwjZv2TqJ493xnqJAQHx,ExiHJxM7qPAcy27NDHAF6G7vnW7muNHi2sVJpnaNynGQ,6rkPHSqZb7StM4HwS9EuVrmfkV7tRdc7dnsFhyB6cefE,45.56423900000027,0.6341580000000029,0.0,0.0,0.0,0.9497451833673026,6388.476661,17.022912,16.167428678885457
SUiuyGR7SFq3xeRVJonq84fjjeFwRSsFekcevJ53tzy,49GjCCPsv7fBqo6t3iKDrP1xxGDS8uWZbVCdfnp2gjMf,CEwj5xEbbJEjYqM8D6Ai8ByGz1mrh8mkAVsE5fzDSSSx,3.587194999999973,2.947931000000091,0.05192878381234836,0.01447615304223739,2.0771513524939346e-05,0.8759075497099432,585.573907,2.351166,10.536261545294211
daob129AwBGn9Y5r91uLoWZeYiGzbPmksauMhFZKTze,6VW5GQNyj4LStgmxEHLr5zUfW92vQnmbw8jTnCH7a38F,4VPCCUifPeBA1c7HWK358CHn2nyjm8pdTRk6Ps3KmnMQ,55.35165115199968,49.619803650999984,7126.89972912147,128.756768421424,2.850759891648588,143.78701347327453,48.349053559,223.863350562,38413.91049592186
ALLwa5WNZbvQsRKAqe1jdRGemdYQnW8E5k4msbRFcYtu,CGoM82Hbz7QVqTgvQatYtjvDWBvoUJp5qm21P8iMs9yb,3dxNNww8TivyN5FMy5dCNdi3Zcxv6e4kUfSPxfFwpdNq,0.7930852429999993,0.7912670940000011,2426.079054756804,3059.039461609055,0.9704316219027217,3057.3373037953784,2.097716288,6.532842066,26390.098652437533
AUSejoEUCh2DBs9mof6BNC8Pubs22w4cJa1ccV9h44R,4xkyD7AfGQDwsQMy9MosRRNGoVJ1zosNinesxg1TzHG7,Cbm5gsQe3nSiCsFrvepVzMCD9xLK3ri9g3ypS2hdmVJ7,4545.910946,4555.932939000004,4544.956505133921,0.9997900440907409,0.4544956505133922,1.0,14435.864765,14438.998296,28871.832165887325
ALBpShJ9NLpE739pcHDF2LNVk5J4VYPvvKuV6jMPitZi,D6d156U1bPiJpDYRLextvDRccgFk7QzkQbJg42ceKEu5,GNcM8U5g8RwTZffwwm3kSQqUNPSwv5d2fbN9sLxPJqt2,4589.069211000002,4577.664765000001,4602.19467019941,1.0028601571682438,1.8408778680797644,1.000100010001,41174.426866,59126.176142,100424.2815490842
BUSD5rCfUDpCxKGMvYU2yThChxgHoioK74PTPociGnv2,CcFHbafgYDZ8yA8Me1PdtDiVb2eeaS61LbqyKKK5CsNZ,26R9s4nmF3CFDTkiePDwRmtscn8i7r2eygbSijditJ58,675.0657787699998,677.07662202,674.436003918261,0.999067091131643,0.0674436003918261,0.9997492428948971,78.20645577,69.43547729,147.5515621245727
BSCNHw8CmxbZ8hCWWzMf5FaG2ajPT6JxfznKUNuRVrn4,7n9kgNL633yGzCYksgnzHyjG73ZLBAwvEae5sbAekbzW,SscdxE99omdG9AiMVwmaEMQySQnCgeAh1sPj2Leutm2,5356.682578524,5123.289973798998,5390.565045192906,1.0063252705703989,2.1562260180771626,0.999571748477941,3572.264313706,8129.374078864,11720.752514080508
ionytDfEj1mXodptgrsKEZro7DGsfpzANUfarJdm6Qb,3gkSjY95an9xNFSjCfsay6JZez7uv7yfW3Ad4ubc4fMK,9wXqANaSuEqkKL9yHzCPEDGHwbkStVAqV5rB3QDs3Jr6,0.01766792500000003,0.004637630000000004,14.784676523159549,836.8088795463827,0.00591387060926382,3059.039461609055,3.147444481,0.085477546,2895.288675875559
KZMu9QBEdL97EFgamLbN5DE1AoKBG4HdrKKJo4Vuon3,DD4ACBWyVqdaKWh7v5btsgqQCCMwbKnuL2xd9pv7Gyuw,GcYqiJ1MAuYbNTNYXm1F1gQYTfTgkErACAhNU5dpVj9T,75.94805504999886,75.55678504000025,76.35047319857239,1.005298597157078,0.030540189279428958,0.9997492428948971,2048.47177417,2642.83964551,4701.502735580212
vEnkoSUkpnbRrPgBz9DfcVxNz67zjwMYBZraAvDDNSf,DtfyjjsZ5yCjWKLKHvwsfXs5QVsmm1QkK6Sh9JZHoq1g,e5wrKCRv4GhHvEf1VD5Pq2KGaZDXP77nTL612Jyrxwy,963.510207,963.4651619999999,963.7588567850506,1.000258066581178,0.09637588567850507,0.9996351331763906,944.748252,1000.006441,1944.633631777751
parEAJhzYzHW87y9VoZAQ22dzQ2MD2ekEtTReaxbMcz,3oyc6hpjYSJEquK6dSvG72NXyz3pqLZz5D8AC71pwgQb,Di2vordgFJVZ1aj1aBpvzXtLfZgJsuLLXawGtVFwX6Rz,15.295773475000033,17.99136370300039,2138.3756848712337,139.80173597407628,0.8553502739484936,165.4500298720029,1104.641850334,142.101097662,177941.47915933127
MATSnbbiTCv7Dc3trJrkrqjx7ckKdr6fwPoVwv9q3sD,631WX9JizSHJm4w6VanZeJAst9T8DeUUnPLesdGkCVtK,211maUSfpnXbPuW1iBu8b4dtJv5EbN1j7JJiEX5TZKEP,1461.486280999994,1461.2137989999974,1461.122461507079,0.9997510619855656,0.5844489846028316,0.9992595486744321,21860.681714,23685.708948,45523.410592712375
Lee1XZJfJ9Hm2K1qTyeCz1LXNc1YBZaKZszvNY4KCDw,9DgFSWkPDGijNKcLGbr3p5xoJbHsPgXUTr6QvGBJ5vGN,2hNHZg7XBhuhHVZ3JDEi4buq2fPQwuWBdQ9xkH7t1GQX,2350.477928160828,1988.7013637310174,399055.0139404575,169.77611623552022,39.90550139404575,143.52133911150244,7146.363009429,56498.172308825,9321975.10406501
SAMyS8Jr2HJrkFwYVKbpUwsNStnQmvz3f8Tup8bWUWF,6jPzm5TFfquvgm25sTyN3MMGBfufRaFHMxobDWv6hMFW,Cj9ECoDmxsHTDzCY5ZA6RWrPbg9uFzEC1Qc2kso2vJG6,4183.529727059984,75.48231146000006,4205.696565778336,1.005298597157078,1.6822786263113343,0.017857389352892317,425.47528709,111752.0436745,2423.3294641135553
BSCuChvaSj9b5HUSqgDVRzcnr2sSn7cXaamt1jbKH6hn,GnKpRj5kBVPMJfiwZtEuD9GYApLzPdW5JFuZTcyX4BTc,3dmwD9okkomV9nDwyuh4UMhKdUR13QpuKxRo89ycZB5t,2648.1283361230007,2643.1082975929994,2647.2588095526385,0.9996716448525168,1.0589035238210553,0.999639130273971,1515.971502634,1593.728854036,3108.627451128752
C98Sspw7XqnMsgxea3SLQVdbMDL8pKUc3RE82UvX9eq2,CSqgQJurPCzGxb4Cgwx5R61hWQUiaoUHcShNc8r1cKEL,6S2CR5EnukPhC914XkAns8m5GixjMAoUuZMsS5ubHuWc,30.115244000000075,29.93532500000026,0.0,0.0,0.0,1.0,914.449963,1204.997133,1204.997133
KEnkcdADoLR5jS2CLLLesy8TtFsyWL37BhXNfDMzWzP,3qsjFRuw1qeLMPo4DLwaQevenGAGBj9dA3Q6rb8ax2YR,77iEv8zPQAEyCcEbvBRSB6AFcUdfkhiqnAKtPxk76rNN,0.053769999999999984,3.5441390000000013,0.0007783827490811042,0.01447615304223739,3.113530996324417e-07,0.999398362185964,109.086813,0.406854,1.9857666211267395
NorjjEePhxfwLF4vZjUHCrVVKLzQjEEGQFd3wgjEJmh,34M8pFVqgbV7aqHxvRT5tCv3vu2P1JJYT8J3VaxBK2oG,3AZWBSze3ucsY3xSeuLne3b2pauVqiaJ1SZSV5T9WGWw,1.3669140000006337,2.300766000002568,0.8110684882741511,0.5933573643065878,0.0003244273953096605,1.0,38120.259228,2262.723845,24881.660387209962
wrmcMSHFi3sWpAEy4rGDvQb3ezh3PhXoV2xNjgLBkKU,8p4mGnARWPBu6P2Gcw4adodLkNDorrXniZMhaY7eJXUn,AyY89zccbsgp9LKFgH4CFZMJmpSgqmPSdTfukhP227rc,0.012113840000000028,0.13094882000000396,3.3886004565188284,279.7296692476391,0.0013554401826075314,3054.927598215922,27.14172338,0.09004157,7867.415781078003
RajgMbScQbqqrdJfR2rxfHJiTiY5b6bJ2tTXiF4aPxy,725ZA3fhyBAKb5iopNRrcbSuQa3LXA1656Q3mBvYPxeg,GLA6i1dSZpUfk2f9Nj8uiG7xyDdAR2reff8oEiZH3617,1229.0606897299876,1228.1070427700033,1229.5662135830403,1.0004113091056257,0.4918264854332161,0.9997492428948971,77382.77170601,104003.88802899,181392.40825973963
C2ypsDADXcCRz8HbV2zX1AXPSja7a1P3xZtRC91xGhJh,J9bYNuDpY1d1T86gLaw7DGk5D3CsUAf2tzUwxMvb6FTv,A2NGvvPrMGzsJ4jb52KEnSBVmsA7C34dV1GC7PerdgvG,0.6881234059999994,0.6899007839999998,98.75211565013514,143.50931066881225,0.03950084626005406,143.71132189410372,4.050259059,2.975004191,1008.7916705163108
KEN5P7p3asnb23Sw6yAmJRGvijfAzso3RqfyLAQhznt,9zj4aX38Uxf3h6AUjS4EipWS8mwbEofasHAf3a1uKGds,CwQDG1MWunn9cLNwcZLd8YBacweSR7ARo32w4mLua1Yr,62966.802629999,62972.2841479996,62942.75849625343,0.9996181458682782,6.294275849625343,1.0,1050806.039108,1006676.017867,2057080.8023473285
AyiATPCAx5HZstcZ1jdH9rENwFb3yd9zEhkgspvDrCs4,DvHVapj4g2Y1tJVSw2ubSPkPBsJPb8fW387ZWXwaKmZq,DKjqWWgrtDRPKrnMWtZ4UiJk4sGQVCQgFjSo7BvfngvK,0.0001292800000000094,0.00013044999999989315,0.27346956043493126,2115.327664255193,0.0001093878241739725,2301.6548898658134,0.80222314,0.31854276,2430.140302133019
moFiBS1R4Lf3E3zzmBPnw3NF4RhWPkhREFviuzUaCAU,44ALBrpqi9PfZkBRTvbtRNtFJGsatfY4QydjtMbFWq8S,2ho8qEEie1UjVwWNBo9y4oAJZMyMLx8zPj9bxyUz6uWs,311.2182269909972,311.16360652599906,311.24919908754924,1.0000995189030266,0.1244996796350197,0.999571748477941,31784.71937816,35329.253401533,67102.00615355611
MARpDPs5A7XiyCWPNH8GsMWPLxmwNn9SBmKvPa9LzgA,6YjT74rmcfCpw8LSjPNx5JTmZoYLGrTKnf9arfSgZ4SR,F8GSmi3vA8M8TsybLya1LQ4n1aFHCRbZ6k437PeTdXtg,42063.16137700003,44166.98061900027,40188.41213912213,0.9554301394259203,16.07536485564885,1.0,295283.900466,16555.325738,298678.4639304599
AURHmCnNwiW4uA2Qj1XvEh4iKgRUZYXtiY7FKAapUV5Y,BKWm4TRnTeKwfWXRyuzjRHU7iZDkPuXBX5b5V5jSVfGJ,A5Ww74HVrkj9nPeC7pHKLfgeDMEhBCpW1efQdz3TGLEg,0.006498935000081474,0.005800111999974433,1.039413834479244,159.93602558976409,0.00041576553379169765,143.6374842699,289.889359136,1809.499207976,306275.6659830248
KysFMBBoavfov2tLpvefWW6tPFt6rAeZWDJVy1mMQae,B8ka2V21TH3x64dFV8ETcjuQcwmrciJ2qzy1mJUttRew,7fSf7EYxBANyxzk2s5pymFgshA91tFYQNKKs5UnLWcYS,34.72859699999981,45.56423899999936,0.0,0.0,0.0,0.017857389352892317,134391.325485,2695.489727,48.13440955176042
Lid8SLUxQ9RmF7XMqUA8c24RitTwzja8VSKngJxRcUa,4PgzyzLtds9bKZ2to9PMnKqJzKEUpjvNUaeN23phegax,AtymwxoVN9peZo7EXTcDz9jKVc4vRmisJKKrNfe3ewBa,252.99309804000006,214.99216568000224,42769.26149163645,169.05307624192307,4.276926149163645,143.49973466899058,985.251181317,7679.086117661,1268506.56345731
STK75uPSyBnEhGTTzb1nwmP3n427XoXmfRhXxxhyady,6TYyD5fUmDe6N65avW1Ny2RxzRNobw2RRgKwH9CTzSAU,54zDfk4cx2vGrEajPtodWpArNe5eUurytyxd4X3aZAxK,800.694844445999,899.0878716239954,114918.94042619441,143.5240169501864,11.491894042619442,160.90192609259648,1754.317758649,314.286283572,302356.00009957084
GokA1R67GqSavkd15zR62QD68Tuc5AEfvjssntVDEbM8,3YB7hfpBdbQEuZqLGWVDpRPmeZWCUsrrWyqGXegnQ6Cg,4DPCj6Z1DsG6HUtwSogBGqXEUxdEV5a8YVrrFtcnz7UW,11409.750312999999,11407.743130999996,11411.667473135485,1.0001680282287424,1.1411667473135487,1.0,14199.406817,18382.956688,32584.74940617665
BUSDTd9WiT6uBHJRgNvFXBsA7JrifsAtWzKfioN7ERcy,DyBxrn7gSc1EwnpWhDyhzvMHPtxpmBqRqotapLcKcfTM,Cds99GeBgoCpqBsoRWu1C6fF9LiUMd4pXQQD24s9LPff,2749.8198541899988,2753.2127912399997,2744.3547461485186,0.9980125577924122,0.27443547461485185,1.0001090118822953,375.94448126,273.51351534,648.7406448933746
heyk4SZTeCUV6a65WiVA5bzic3KcxgVf1qxobfeV4tQ,9ZDpBKPqMABtGfq66FbVribaArMvtk63xxy91onZAtDt,DaTP4s6N7xxSPinbNZ3FB52EpRDRt87QShTuN3VPCW52,133.5756204550005,116.27704935099985,21508.77809372333,161.02323178778943,8.603511237489332,143.50739536660544,627.688333074,4470.870337101,742675.3610462475
HEDSDjj84KS7LKhZY7ejkCACTdPen62rKhCby1wXtgxc,EnnjMSFttpCTywBrYNt1J5QQeoSVkvzPipJDa8Y7kJow,6bjVT6JN2rSvpyn9PdfLYC8wJn4LWh49jpY47fnLDXZk,13.797572658999343,14.247178901001462,13.141190133857409,0.9524276812042143,0.005256476053542964,0.999571748477941,39140.184314604,9083.374185474,46357.67920531749
BerKDkt6v49dT1bHRedgnpsJS263C1DSJtEGvY9Mg35V,78XKqNb8wbfsMMrvo8WPUpdx7GEkfQutpNVH943aCGFa,DKYQwn4nDvFHCszi5tXbqfVMAP7DaXXp1KGTXEnYnKVH,0.0011521480000737938,0.0011521480000737938,0.001154276534482995,1.0018474487731306,4.61710613793198e-07,0.999571748477941,1338.317413093,1742.592913593,3082.6365314813024
BkwbeSfcX1h4thMDd7obGkHrPevf3QwgzJ4pCEqG18Lu,35yX27bmurdebhfAb8EPmjLETDiUaEUCn9zHaDPbakH2,2CxECn1ZJFoESyUnQysQU8rRgT3iJ5GRs2Mdd6gZjx5g,0.017750839999999712,0.012414120000001305,37.54884291576705,2115.327664255193,0.015019537166306818,1392.757660167131,0.91365479,22.61924688,33435.80861219775
Cob4usZcpHEY7Qt4ZCwj6WVg9S44zvzYV2v9qYF65dTf,NhFM9UXE48PyNAyeyPYA3iXztqKVJwA4bTdLj4ysM8w,6TuFuynuBoeskxyR2cz4wxyidk8dpDK7kAWw3UkjQGx,118.74605800000037,1301.7200689999984,1.7189861087704028,0.01447615304223739,0.0006875944435081612,1.0,65247.212825,252.916033,1197.4446714341343
KwnjUuZhTMTSGAaavkLEmSyfobY16JNH4poL9oeeEvE,J63v6qEZmQpDqCD8bd4PXu2Pq5ZbyXrFcSa3Xt1HdAPQ,BnKQtTdLw9qPCDgZkWX3sURkBAoKCUYL1yahh6Mw7mRK,319.15878499999917,17694.36204799998,5.65418191288773,0.01771588995392292,0.0005654181912887731,1.0,279971.234749,527.588094,5487.527679077204
DEDaBEWzMCXohXYXoLzB4jK1xqMsd3SS9izXp2xvg9pe,GC5zHpW5GuVdw3C7covC6viyGdLS8ZAaVGDKMeru7p78,F8juxtAFueW19vxkdDArUkjVWAv9QV6yy1wCXUWQiXvh,0.08126519999999715,7889.383904419839,0.08124482217369954,0.9997492428948971,3.249792886947982e-05,0.0,41.92786763,8572786.90058816,41.917353919289965
