0,1,2,3,4,5,6,7,8,9,10,11
parEAJhzYzHW87y9VoZAQ22dzQ2MD2ekEtTReaxbMcz,3oyc6hpjYSJEquK6dSvG72NXyz3pqLZz5D8AC71pwgQb,Di2vordgFJVZ1aj1aBpvzXtLfZgJsuLLXawGtVFwX6Rz,4.044624333000002,4.750129486000105,619.6296266848178,153.1983135316853,0.24785185067392712,172.92481574860884,1100.336427522,142.392198202,193192.82965197013
KEVpg4SYCVrqFxKijQH6hm4QxsRdoE51ud64bEEFUC9,2bPenuBYfqzD8p5dFjCcggwkHDsc2RQDnx9AoyYGUBjA,AE6n6iLuX8oYu61vt5hoDYkjswpnxFxrhSehxrnQTnbx,1428.3069905409998,1428.828910708,1429.0653598008123,1.0005309567654816,0.571626143920325,0.9998166206341597,3413.484042132,4221.62738667,7636.149681895053
KEnkcdADoLR5jS2CLLLesy8TtFsyWL37BhXNfDMzWzP,3qsjFRuw1qeLMPo4DLwaQevenGAGBj9dA3Q6rb8ax2YR,77iEv8zPQAEyCcEbvBRSB6AFcUdfkhiqnAKtPxk76rNN,0.03264699999999998,3.3117230000000006,0.00030562992375616056,0.009361654172088117,1.2225196950246423e-07,0.9995671874078524,117.394877,0.313958,1.4128323550730157
HEDSDjj84KS7LKhZY7ejkCACTdPen62rKhCby1wXtgxc,EnnjMSFttpCTywBrYNt1J5QQeoSVkvzPipJDa8Y7kJow,6bjVT6JN2rSvpyn9PdfLYC8wJn4LWh49jpY47fnLDXZk,10.464433026003462,10.773272293992704,10.096299589753748,0.9648205081598855,0.0040385198359015,0.9998166206341597,39118.113158846,9104.779845638,46845.06803305749
BUSD5rCfUDpCxKGMvYU2yThChxgHoioK74PTPociGnv2,CcFHbafgYDZ8yA8Me1PdtDiVb2eeaS61LbqyKKK5CsNZ,26R9s4nmF3CFDTkiePDwRmtscn8i7r2eygbSijditJ58,182.96503840000003,183.24085241,183.0295819517795,1.0003527643988377,0.01830295819517795,1.0,82.64143335,65.11595586,147.7865421655548
iLiUBQ7Z7im6Ew3b4ewwPcehzWgEQRJ1iQz7g6D62NW,GpugBvKWM3TVhYcZjemSdtehBWgfvuGr6uAm9iPjXT6v,92fMXJ3xy8tEyMUWLHKRLyhPw2nECBo77GtDiBBbYrjX,37.45230760699974,37.85858369599987,36.63128999158039,0.978078316988246,0.014652515996632155,0.9998166206341597,1863.474265202,1100.05925494,2922.4812998311227
Cob4usZcpHEY7Qt4ZCwj6WVg9S44zvzYV2v9qYF65dTf,NhFM9UXE48PyNAyeyPYA3iXztqKVJwA4bTdLj4ysM8w,6TuFuynuBoeskxyR2cz4wxyidk8dpDK7kAWw3UkjQGx,118.98702799999742,1922.1180209999875,1.1163011032452368,0.009381704224474461,0.00044652044129809475,1.0,70539.054117,192.464024,854.2405659998916
C98Sspw7XqnMsgxea3SLQVdbMDL8pKUc3RE82UvX9eq2,CSqgQJurPCzGxb4Cgwx5R61hWQUiaoUHcShNc8r1cKEL,6S2CR5EnukPhC914XkAns8m5GixjMAoUuZMsS5ubHuWc,27.64113999999995,27.548024000000055,0.0,0.0,0.0,1.0,885.145185,1234.454274,1234.454274
KEN5P7p3asnb23Sw6yAmJRGvijfAzso3RqfyLAQhznt,9zj4aX38Uxf3h6AUjS4EipWS8mwbEofasHAf3a1uKGds,CwQDG1MWunn9cLNwcZLd8YBacweSR7ARo32w4mLua1Yr,108716.81675500097,108723.95614899998,108715.72959770498,0.9999900000999989,10.871572959770498,1.0,1160740.469442,1110285.885989,2271014.7481423784
BUSDTd9WiT6uBHJRgNvFXBsA7JrifsAtWzKfioN7ERcy,DyBxrn7gSc1EwnpWhDyhzvMHPtxpmBqRqotapLcKcfTM,Cds99GeBgoCpqBsoRWu1C6fF9LiUMd4pXQQD24s9LPff,1581.938547149999,1582.91499318,1578.818659385374,0.99802780723041,0.15788186593853742,0.9918224241131868,242.74031639,175.18448328,416.01348456691323
vEnkoSUkpnbRrPgBz9DfcVxNz67zjwMYBZraAvDDNSf,DtfyjjsZ5yCjWKLKHvwsfXs5QVsmm1QkK6Sh9JZHoq1g,e5wrKCRv4GhHvEf1VD5Pq2KGaZDXP77nTL612Jyrxwy,1400.0568790000002,1399.911176,1398.1665578138359,0.9986498254360104,0.1398166557813836,0.9995601935148535,990.798853,954.306322,1943.3477134814175
heyk4SZTeCUV6a65WiVA5bzic3KcxgVf1qxobfeV4tQ,9ZDpBKPqMABtGfq66FbVribaArMvtk63xxy91onZAtDt,DaTP4s6N7xxSPinbNZ3FB52EpRDRt87QShTuN3VPCW52,75.26990290899812,65.4894969469998,13057.071272584386,173.470016141385,5.2228285090337545,157.07668970929348,633.190241546,4464.617880128,811126.9188489816
SAMyS8Jr2HJrkFwYVKbpUwsNStnQmvz3f8Tup8bWUWF,6jPzm5TFfquvgm25sTyN3MMGBfufRaFHMxobDWv6hMFW,Cj9ECoDmxsHTDzCY5ZA6RWrPbg9uFzEC1Qc2kso2vJG6,460.0839795899956,9.042411629999947,455.72272676652176,0.9905207461747302,0.1822890907066087,0.019825063952880802,457.59130786,110048.09387301,2634.964182629611
YAkoNb6HKmSxQN9L8hiBE5tPJRsniSSMzND1boHmZxe,CfWX7o2TswwbxusJ4hCaPobu2jLCb1hfXuXJQjVq3jQF,EnTrdMMpdhugeH6Ban6gYZWXughWxKtVGfCwFn78ZmY3,6142364.041013994,6144498.649353033,6142364.041013994,1.0,614.2364041013994,0.9983228176663207,959465.889317,439172.397641,1397901.714771237
STK75uPSyBnEhGTTzb1nwmP3n427XoXmfRhXxxhyady,6TYyD5fUmDe6N65avW1Ny2RxzRNobw2RRgKwH9CTzSAU,54zDfk4cx2vGrEajPtodWpArNe5eUurytyxd4X3aZAxK,1012.4888460570025,1130.5660203340049,159278.8789250095,157.31420602340364,15.927887892500953,176.87353736639196,1888.362967361,336.490257773,356582.54307603376
MATSnbbiTCv7Dc3trJrkrqjx7ckKdr6fwPoVwv9q3sD,631WX9JizSHJm4w6VanZeJAst9T8DeUUnPLesdGkCVtK,211maUSfpnXbPuW1iBu8b4dtJv5EbN1j7JJiEX5TZKEP,941.615305000003,941.2137429999966,941.5559869728238,0.9999370039687501,0.3766223947891295,0.9995661882742889,21549.98103,23997.282407,45535.49557122824
RoBgmK8CvjdHvPrqdDyVw54VwjZv2TqJ493xnqJAQHx,ExiHJxM7qPAcy27NDHAF6G7vnW7muNHi2sVJpnaNynGQ,6rkPHSqZb7StM4HwS9EuVrmfkV7tRdc7dnsFhyB6cefE,13.976845999999963,19.30280499999994,0.0,0.0,0.0,0.9518261736968547,6323.211183,18.006255,17.138824799259858
SUiuyGR7SFq3xeRVJonq84fjjeFwRSsFekcevJ53tzy,49GjCCPsv7fBqo6t3iKDrP1xxGDS8uWZbVCdfnp2gjMf,CEwj5xEbbJEjYqM8D6Ai8ByGz1mrh8mkAVsE5fzDSSSx,0.08396000000000003,8.456686999999988,0.0007881421146395514,0.009387114276316711,3.1525684585582057e-07,0.9518261736968547,634.34844,1.765501,7.635151358771205
AUSejoEUCh2DBs9mof6BNC8Pubs22w4cJa1ccV9h44R,4xkyD7AfGQDwsQMy9MosRRNGoVJ1zosNinesxg1TzHG7,Cbm5gsQe3nSiCsFrvepVzMCD9xLK3ri9g3ypS2hdmVJ7,1415.270466,1416.3451440000008,1415.0582072689094,0.9998500224966254,0.14150582072689097,1.0,14530.427245,14344.906519,28873.15452679883
JSoLLrxK5bYdHwTEWYaGgmeycBCNXKDiBCTw5hXGBg7,xG4wXczA7Dk4hccJ61CHKpDHW4NrNfQwgmWgkb9BuF2,BVR6WgfhsRr9Lob4QDnkEAiNGgAbv7ZieKcY9kSg3QYR,0.6126850860001412,0.5227376439999993,112.39591585825205,183.44810152311453,0.044958366343300825,157.40250606826012,17.24190848,163.672713728,28925.49069307141
MiMuMS9C4vBqcrYeeQPph1E7oAW9aNKvW9k6Zw9XffM,Afy2q2hh6Y474pshJa5fnQ6PfEchGyTbKrQpCZw2hr3m,5pXz9ksgjeL8Wgb37bksUaBFMLdFfsNNY3FQnikkCPtS,1.044368009000209,0.01581885799999938,0.0,0.0,0.0,0.02025458596740004,25.994643869,7674.498231042,155.44378417729973
Sid7E679i9ABqptiAVhkmQ27YHN8vaYT4fppPwmxFsJ,GP7KB8o1bv527HG8kTzzzf4wJ5aEGHvcMQvVhLziUfmT,9gYxhAZ1M9wu5pxr8SBoa5NDm21gi3s9vMHaYTME77sa,2874.653018999994,6012.473466999987,26.984696394111776,0.009387114276316711,0.010793878557644711,0.020118870333478322,127794.662615,11881.593256,1438.6673359429383
WiiQFxXqp8P9Fs1rt9SVcDyA3KUdJmUsog6wnVQAwba,3S2jpqSYxho6wiz3cafhjXruVY8cg4HYa2v3BqBHYFSj,Dfe67M6TfrG74gKRtdqys4e6E9QirPD53BkF4FujFjuv,14814.274137375007,14839.358412415997,14798.25396198687,0.9989185986947737,1.4798253961986871,0.9998166206341597,17320.998107316,9476.974229143,26777.503504973698
C2ypsDADXcCRz8HbV2zX1AXPSja7a1P3xZtRC91xGhJh,J9bYNuDpY1d1T86gLaw7DGk5D3CsUAf2tzUwxMvb6FTv,A2NGvvPrMGzsJ4jb52KEnSBVmsA7C34dV1GC7PerdgvG,0.0002091250000000322,0.00021000000000004349,0.0329409611341602,157.5180448734256,1.3176384453664081e-05,156.71704127002238,1.308319405,0.911007483,348.8543120561737
daob129AwBGn9Y5r91uLoWZeYiGzbPmksauMhFZKTze,6VW5GQNyj4LStgmxEHLr5zUfW92vQnmbw8jTnCH7a38F,4VPCCUifPeBA1c7HWK358CHn2nyjm8pdTRk6Ps3KmnMQ,21.40042556400015,19.15947180499993,3762.4786653241836,175.8132638097363,1.5049914661296735,157.46499002144358,48.198541644,224.057204188,43755.1083389971
B2izdXFYb2sNwbWWHmh75T4aQFtfXsUxem9u2p61HGzf,4DYwgJtxwuJdAjkj5RJSNH4e7U329V5cNp7d3a1nLrZv,EXNW64GEf1ACC6xY9BtKRiunrs6GoJSXBdxWN2eTPmrF,4319.898056000024,4263.33167499999,4358.382574129588,1.0089086634986935,0.4358382574129588,1.0,9231.629447,30650.37704,39964.24796728795
RajgMbScQbqqrdJfR2rxfHJiTiY5b6bJ2tTXiF4aPxy,725ZA3fhyBAKb5iopNRrcbSuQa3LXA1656Q3mBvYPxeg,GLA6i1dSZpUfk2f9Nj8uiG7xyDdAR2reff8oEiZH3617,8961.017119259996,8953.725363460006,8962.478809929107,1.0001631166026868,3.584991523971643,1.0,71029.30745283,110365.68452508,181406.57803723292
MARpDPs5A7XiyCWPNH8GsMWPLxmwNn9SBmKvPa9LzgA,6YjT74rmcfCpw8LSjPNx5JTmZoYLGrTKnf9arfSgZ4SR,F8GSmi3vA8M8TsybLya1LQ4n1aFHCRbZ6k437PeTdXtg,34156.157510999976,35696.811520000396,32191.054583924317,0.9424670961175068,12.876421833569726,1.0,295656.357635,16240.600885,294886.98971393757
KysFMBBoavfov2tLpvefWW6tPFt6rAeZWDJVy1mMQae,B8ka2V21TH3x64dFV8ETcjuQcwmrciJ2qzy1mJUttRew,7fSf7EYxBANyxzk2s5pymFgshA91tFYQNKKs5UnLWcYS,24.739344000000074,32.77439899998717,0.0,0.0,0.0,0.020356399019782388,134456.590963,2646.172984,53.866553137672234
BkMBnJpvHKtWhUvrgRrLesXfi9RUV3ELgdBaJcdH7hcY,5uerVwBnZQsuVhZ15igs7ZgmcqhHnYWbwoRtLyRqLvR,9YWiQh5d4jCtgMdzcGLv9bWgnLaFtzvDDh2nnhJdzhBX,12.766277958000046,12.725493848999804,12.811929797801534,1.003575971003583,0.005124771919120614,0.9998166206341597,1117.77178196,1755.680333903,2877.1272797976626
Lid8SLUxQ9RmF7XMqUA8c24RitTwzja8VSKngJxRcUa,4PgzyzLtds9bKZ2to9PMnKqJzKEUpjvNUaeN23phegax,AtymwxoVN9peZo7EXTcDz9jKVc4vRmisJKKrNfe3ewBa,216.0590800270238,183.324954596,40111.6358077841,185.6512385536729,4.011163580778411,157.59877463800743,982.273100668,7682.646487406,1393135.8901291485
BUSDgu5JdqP1rndBvXvanbEufS94FNh1w5FJcAj6vawb,Bgzr8cWubt89JQFXndVjtdKmDbGzuPxNhvjH1EhWCwbo,Dxaf8xPBBQsasRKW5Aa4Sw2YrbfGofY9xZueyyF23FBW,4987.474222359995,4956.660259779997,5020.107733890614,1.0065430937736612,2.008043093556246,1.0,4784.58808885,10247.43450887,15063.328606253686
BkwbeSfcX1h4thMDd7obGkHrPevf3QwgzJ4pCEqG18Lu,35yX27bmurdebhfAb8EPmjLETDiUaEUCn9zHaDPbakH2,2CxECn1ZJFoESyUnQysQU8rRgT3iJ5GRs2Mdd6gZjx5g,0.004517010000001598,0.0030310900000009022,10.084862692568871,2232.6412145568206,0.004033945077027549,1464.1288433382138,0.90449504,22.63315424,35157.26684317281
wrmcMSHFi3sWpAEy4rGDvQb3ezh3PhXoV2xNjgLBkKU,8p4mGnARWPBu6P2Gcw4adodLkNDorrXniZMhaY7eJXUn,AyY89zccbsgp9LKFgH4CFZMJmpSgqmPSdTfukhP227rc,0.005514890000000008,0.04829958999999562,1.9830600503416067,359.5828838547285,0.0007932240201366427,3202.049311559398,27.02703149,0.10168715,10044.065193858696
KZMu9QBEdL97EFgamLbN5DE1AoKBG4HdrKKJo4Vuon3,DD4ACBWyVqdaKWh7v5btsgqQCCMwbKnuL2xd9pv7Gyuw,GcYqiJ1MAuYbNTNYXm1F1gQYTfTgkErACAhNU5dpVj9T,88.66027162999967,89.4773569800002,87.81983841100154,0.9905207461747302,0.03512793536440062,1.0,2081.53796937,1307.07017674,3368.8767193514054
SRMuKizofcAMicegrfSv7xs9q76tH1w8aAF7oX9FEWu,72Hj2KWntXPfbie4UgKeTPnm1XVkomDfCnRPKbvfTtPi,6aqJQ5wedqpUt4fFEDUqUmXhrdxCu4bEJsQdVPCADLko,627.6819090000004,632.0040869999975,30.68511762144524,0.048886413932706194,0.012274047048578094,0.049230037293722446,17968.753093,3895.828184,1070.2196683472475
BSCrK1Nx9PXU9mF7STWWBqeHLxmtJDr9h7jheEy4tAWX,FfSySSbVJPvEo5a5AvrP3nySoXpRE2QPn1uUMpJJ1x7v,HL7Vcj6838ZmvBHDbQxXfjBNckNi83WvPiZQoMQLFeRM,0.005353441000000014,0.005347450999999892,17.177128354205415,3208.6144881778596,0.006870851341682166,3204.614645088928,0.84511932,0.95907308,5785.121732269566
KwnjUuZhTMTSGAaavkLEmSyfobY16JNH4poL9oeeEvE,J63v6qEZmQpDqCD8bd4PXu2Pq5ZbyXrFcSa3Xt1HdAPQ,BnKQtTdLw9qPCDgZkWX3sURkBAoKCUYL1yahh6Mw7mRK,263.50579499996275,11759.087644000068,5.368361642209942,0.020372840916878892,0.0005368361642209943,1.0,277934.024173,567.434749,6229.740408864502
Lee1XZJfJ9Hm2K1qTyeCz1LXNc1YBZaKZszvNY4KCDw,9DgFSWkPDGijNKcLGbr3p5xoJbHsPgXUTr6QvGBJ5vGN,2hNHZg7XBhuhHVZ3JDEi4buq2fPQwuWBdQ9xkH7t1GQX,1048.2575700884026,886.137732574015,195619.93110354085,186.61437483064745,19.561993110354088,157.6914228008236,7115.612753796,56495.609577317,10236748.681833576
AyiATPCAx5HZstcZ1jdH9rENwFb3yd9zEhkgspvDrCs4,DvHVapj4g2Y1tJVSw2ubSPkPBsJPb8fW387ZWXwaKmZq,DKjqWWgrtDRPKrnMWtZ4UiJk4sGQVCQgFjSo7BvfngvK,0.0013396900000000045,0.0013402200000000586,2.991047108729637,2232.6412145568206,0.0011964188434918548,0.0,0.80222651,0.31854273,1791.0839696360795
NorjjEePhxfwLF4vZjUHCrVVKLzQjEEGQFd3wgjEJmh,34M8pFVqgbV7aqHxvRT5tCv3vu2P1JJYT8J3VaxBK2oG,3AZWBSze3ucsY3xSeuLne3b2pauVqiaJ1SZSV5T9WGWw,1.9960089999999582,3.3710060000012163,1.1825993962608212,0.5924819959533479,0.00047303975850432854,1.0,38124.371737,2258.30739,24846.311251205167
SoNcU2iwHMw6dGzsYNQkYFkUjwN1UdAjrWVRnStrZu2,8ivTTid27jZnYNc4w3CTA1Z6QS2twsFb8WMwUabeDJgc,CyXm53PMvHCbeXJBykU46Rcbo28xk5srhMZFg7gv6EYB,2.028861834999997,2.012217777,378.6315289226811,186.6226287028962,0.15145261156907247,184.28556448787685,21.849562523,27.908410297,9220.739939592466
MiMUFdSLMyCLpqpH6zkqdDrGYs7XBomwENbivdYjv9V,,,0.015818858000000005,0.019993999999999956,0.0,0.0,0.0,184.28556448787685,21.849562523,27.908410297,5143.11714554192
ALBpShJ9NLpE739pcHDF2LNVk5J4VYPvvKuV6jMPitZi,D6d156U1bPiJpDYRLextvDRccgFk7QzkQbJg42ceKEu5,GNcM8U5g8RwTZffwwm3kSQqUNPSwv5d2fbN9sLxPJqt2,1014.8469259999983,1015.8781730000046,1016.8603094126354,1.001983928177792,0.4067441237650542,1.000100010001,42281.057951,58020.251485,100390.99462366488
7oAd7xG4m3oC2qeWB1szghTebAZyyGPAFDJ4wwwbRSNi,D9yh4KAysxt9GLacVe4Wwh2XqghhcjTCSTV9HuM7TBJd,HDYfJLpZKaMFb84jM4mRytn7XLR8UFZUnQpSfhJJaNEy,6.891136422999921,301.2480248369975,6.889872730772752,0.9998166206341597,0.002755949092309101,0.022770747878057208,955.422501512,300133.903846281,7789.520750880292
SoN9GaFpSXfpyR5dth3x7PHPVhvJMpQqqDJfCSmPv1t,9kZ9iS68ViMPtoeqtnhAKuF2iqVyfHPdZHoUNdwCELr,BBhm5fJLjw3HRzjtKB8uMEYjGhY6EDm9co3cqpjrSzB9,0.7628399100000025,0.7485627960000025,143.34259587225787,187.90652402056074,0.05733703834890315,183.10568109179326,3.672655424,5.981313788,1785.3284496245724
ercAoEmXjQzEvAFbdjAo81KtMxRGn9AW1ju882upmPH,CMRhskR2Eg6V42RTSdRTXGdozyPbWB8U9dVpijPWb9T4,7TKLLgrWswt6ZJ1pXhVR3FyufHGjJFqiEXxvWJfDcgRm,45.175545582999916,44.23107812300003,7120.92702599945,157.6279142642859,2.8483708103997802,153.42061227404787,317.201031481,885.020208075,185780.07919260184
ALLwa5WNZbvQsRKAqe1jdRGemdYQnW8E5k4msbRFcYtu,CGoM82Hbz7QVqTgvQatYtjvDWBvoUJp5qm21P8iMs9yb,3dxNNww8TivyN5FMy5dCNdi3Zcxv6e4kUfSPxfFwpdNq,3.794757325999999,3.783887645,12162.293920066662,3205.0254799525655,4.864917568026665,3203.793291256848,2.582210708,6.05011825,27659.379374406977
BSCuChvaSj9b5HUSqgDVRzcnr2sSn7cXaamt1jbKH6hn,GnKpRj5kBVPMJfiwZtEuD9GYApLzPdW5JFuZTcyX4BTc,3dmwD9okkomV9nDwyuh4UMhKdUR13QpuKxRo89ycZB5t,488.2201309989998,489.10857337599987,487.94919233046636,0.9994450481425683,0.19517967693218655,0.9975460367495961,1667.004579649,1442.971652493,3105.5101254475844
AURHmCnNwiW4uA2Qj1XvEh4iKgRUZYXtiY7FKAapUV5Y,BKWm4TRnTeKwfWXRyuzjRHU7iZDkPuXBX5b5V5jSVfGJ,A5Ww74HVrkj9nPeC7pHKLfgeDMEhBCpW1efQdz3TGLEg,0.006417068000018844,0.0057271030000265455,1.1300424329375869,176.0994948057693,0.00045201697317503477,157.7959565732904,289.902320861,1809.484684945,336581.01901225746
MATgk4zXLXtYkwBH678J1xZbRDZ45LicNzkRBHkxTuY,y8dALFo1bJrSzPYjMX14HJX448pXqYmrfXHD1K8MXih,GN7Yuet3UyiWS5YVkEHv6oQKi4HGBJc3XDPt9zQhAqZz,4982.469877000002,4955.734978999998,4999.6587036230585,1.0034498606208144,1.9998634814492235,1.0,3262.630355,6808.755783,10082.641757981988
FrnkTEL6yZ5Aycq2TrEgu29dCrwKG4LPUZydfiwqspkc,DjvZuMZ46fxKBoBpGMPcRcos4xdTtHFxwMh69DpA2ZFY,9rvDPJLAng4uVVqnnSoEXgNDFhBZQTny9AoQioYDZbQX,70.87183273299604,59.30202892099976,9879.554344646604,139.40029435766158,3.9518217378586415,157.82046154909622,174.809131722,1441.242878476,251826.06070388434
DFWzVTzNBrQZLjoQ4yQwkj9HuoXmfkuZP9V5vbymZe23,DhgiEgiNdqZdRdo195UUHnoEJUtefK8buko8nU97XJUZ,2K2kkXsouBHtWVjtcgkyiXd8eP3oVBvq1bTJzcVdLLr2,1923.0079667289992,2122.713741948006,1732.5600210263613,0.9009635170536572,0.6930240084105446,0.9998166206341597,58674.224799579,9917.426100878,62778.943385394465
GokA1R67GqSavkd15zR62QD68Tuc5AEfvjssntVDEbM8,3YB7hfpBdbQEuZqLGWVDpRPmeZWCUsrrWyqGXegnQ6Cg,4DPCj6Z1DsG6HUtwSogBGqXEUxdEV5a8YVrrFtcnz7UW,6769.6579369999945,6768.344047999994,6770.653223023779,1.000147021612177,0.6770653223023779,1.0,15420.630603,17163.545235,32586.44300397204
BSC8REUo9LpiiWUuqMuLXs2D2yJsJfGd4HdiF3wCLxk5,AZjEH1zWVx1UJ6udMyRijGTzPteuLnaY18yNNmprJEsh,Caf8ypkSVR8xYnXNhjvfvdGCC7mrM3C11rz8Xi6NA6aK,848.0621950340001,847.9672758199999,848.243496902541,1.000213783693699,0.3392973987610164,0.9998166206341597,3135.385063614,3214.752251824,6350.2180904087945
BSCNHw8CmxbZ8hCWWzMf5FaG2ajPT6JxfznKUNuRVrn4,7n9kgNL633yGzCYksgnzHyjG73ZLBAwvEae5sbAekbzW,SscdxE99omdG9AiMVwmaEMQySQnCgeAh1sPj2Leutm2,202.88227916100004,202.1208941599998,203.72246830896285,1.0041412643402732,0.08148898732358513,0.9998166206341597,4369.854487582,7328.25014138,11714.85750165996
