0,1,2,3,4,5,6,7,8,9,10,11
BSCrK1Nx9PXU9mF7STWWBqeHLxmtJDr9h7jheEy4tAWX,FfSySSbVJPvEo5a5AvrP3nySoXpRE2QPn1uUMpJJ1x7v,HL7Vcj6838ZmvBHDbQxXfjBNckNi83WvPiZQoMQLFeRM,0.0009007949999999543,0.0009000449999999605,2.7882088568216914,3095.275680728504,0.0011152835427286766,3090.712409210323,0.84610637,0.957982003,5579.779334842735
JSoLLrxK5bYdHwTEWYaGgmeycBCNXKDiBCTw5hXGBg7,xG4wXczA7Dk4hccJ61CHKpDHW4NrNfQwgmWgkb9BuF2,BVR6WgfhsRr9Lob4QDnkEAiNGgAbv7ZieKcY9kSg3QYR,1.0880063850001136,0.942221556000014,182.4042898622057,167.6500178463444,0.0729617159448823,143.16103282668166,17.136986348,163.793804797,26321.906332425166
NorjjEePhxfwLF4vZjUHCrVVKLzQjEEGQFd3wgjEJmh,34M8pFVqgbV7aqHxvRT5tCv3vu2P1JJYT8J3VaxBK2oG,3AZWBSze3ucsY3xSeuLne3b2pauVqiaJ1SZSV5T9WGWw,0.0033180000004904286,0.0010839999999916472,0.0019696923827818894,0.5936384516246993,7.878769531127559e-07,1.0,38117.959616,2264.086194,24892.37271953506
AURHmCnNwiW4uA2Qj1XvEh4iKgRUZYXtiY7FKAapUV5Y,BKWm4TRnTeKwfWXRyuzjRHU7iZDkPuXBX5b5V5jSVfGJ,A5Ww74HVrkj9nPeC7pHKLfgeDMEhBCpW1efQdz3TGLEg,0.009427557999970304,0.008413775999997597,1.5100248858210863,160.17137055278184,0.0006040099543284346,143.1556633167764,289.889359136,1809.499207976,305472.03535046655
Lee1XZJfJ9Hm2K1qTyeCz1LXNc1YBZaKZszvNY4KCDw,9DgFSWkPDGijNKcLGbr3p5xoJbHsPgXUTr6QvGBJ5vGN,2hNHZg7XBhuhHVZ3JDEi4buq2fPQwuWBdQ9xkH7t1GQX,966.887310640981,817.7007257720043,164111.54820392007,169.73182541316547,16.411154820392007,143.16103282668166,7135.036345906,56486.101788101,9297651.415717516
MATgk4zXLXtYkwBH678J1xZbRDZ45LicNzkRBHkxTuY,y8dALFo1bJrSzPYjMX14HJX448pXqYmrfXHD1K8MXih,GN7Yuet3UyiWS5YVkEHv6oQKi4HGBJc3XDPt9zQhAqZz,713.4711950000001,711.7711479999998,715.0371263066115,1.002194806626512,0.28601485052264464,1.0,3826.315587,6238.418487,10073.132096805473
HEDSDjj84KS7LKhZY7ejkCACTdPen62rKhCby1wXtgxc,EnnjMSFttpCTywBrYNt1J5QQeoSVkvzPipJDa8Y7kJow,6bjVT6JN2rSvpyn9PdfLYC8wJn4LWh49jpY47fnLDXZk,4.359291678996669,4.409686615003011,4.21513706831051,0.9669316436473602,0.0016860548273242041,0.9968823272813667,39141.262225894,9082.32850187,46900.93779259408
STK75uPSyBnEhGTTzb1nwmP3n427XoXmfRhXxxhyady,6TYyD5fUmDe6N65avW1Ny2RxzRNobw2RRgKwH9CTzSAU,54zDfk4cx2vGrEajPtodWpArNe5eUurytyxd4X3aZAxK,326.6714279170001,366.89951847899556,46764.95198077703,143.15592973334344,4.676495198077703,160.86845802274325,2333.551920339,418.115184275,401323.33970737294
KwnjUuZhTMTSGAaavkLEmSyfobY16JNH4poL9oeeEvE,J63v6qEZmQpDqCD8bd4PXu2Pq5ZbyXrFcSa3Xt1HdAPQ,BnKQtTdLw9qPCDgZkWX3sURkBAoKCUYL1yahh6Mw7mRK,132.99926399999993,4789.5013070003715,2.326486387696547,0.01749247565532805,0.0002326486387696547,1.0,279867.380467,529.42243,5424.9957695394305
KZMu9QBEdL97EFgamLbN5DE1AoKBG4HdrKKJo4Vuon3,DD4ACBWyVqdaKWh7v5btsgqQCCMwbKnuL2xd9pv7Gyuw,GcYqiJ1MAuYbNTNYXm1F1gQYTfTgkErACAhNU5dpVj9T,17.40192023999998,17.311657660000037,17.49451468247595,1.0053209324717585,0.00699780587299038,0.999727544252365,2046.07487329,2645.22591871,4701.467111227592
KEN5P7p3asnb23Sw6yAmJRGvijfAzso3RqfyLAQhznt,9zj4aX38Uxf3h6AUjS4EipWS8mwbEofasHAf3a1uKGds,CwQDG1MWunn9cLNwcZLd8YBacweSR7ARo32w4mLua1Yr,63467.634980000206,63475.87597299914,63255.0978512201,0.9966512517939722,6.32550978512201,1.0,1050105.080174,1028017.17151,2074605.7141806267
ercAoEmXjQzEvAFbdjAo81KtMxRGn9AW1ju882upmPH,CMRhskR2Eg6V42RTSdRTXGdozyPbWB8U9dVpijPWb9T4,7TKLLgrWswt6ZJ1pXhVR3FyufHGjJFqiEXxvWJfDcgRm,11.691475192999974,11.74936182600004,1677.9939971562342,143.5228634074251,0.6711975988624937,140.78346278607376,370.213005904,918.988941572,182512.47613462704
HuonfMR5ivyhX5BZBw2Lr3XuNPSTVrSmZMWgBZrMQJU2,E7L8CZxreEeNwM1V8DLxa8AZQKu6oday6RvXxRo27CHi,48UJw19Ra8y5Kv989DsXPrfUHeUWUbHvXZmdPBbGuHdz,13.413171080000001,445.36596740000005,0.13466269666677044,0.010039586900338739,5.386507866670818e-05,0.999727544252365,4804.38711906,11.28525165,59.5162389029954
Cob4usZcpHEY7Qt4ZCwj6WVg9S44zvzYV2v9qYF65dTf,NhFM9UXE48PyNAyeyPYA3iXztqKVJwA4bTdLj4ysM8w,6TuFuynuBoeskxyR2cz4wxyidk8dpDK7kAWw3UkjQGx,9.28953899999999,664.2176739999923,0.13517158053568828,0.014550946019569801,5.406863221427532e-05,1.0,65152.923385,254.274999,1202.311670192302
ALBpShJ9NLpE739pcHDF2LNVk5J4VYPvvKuV6jMPitZi,D6d156U1bPiJpDYRLextvDRccgFk7QzkQbJg42ceKEu5,GNcM8U5g8RwTZffwwm3kSQqUNPSwv5d2fbN9sLxPJqt2,1634.1860410000008,1631.379283000002,1639.0606072459502,1.002982871058528,0.6556242428983801,1.0000410016810688,40998.515705,59301.835559,100425.07602488743
BUSD5rCfUDpCxKGMvYU2yThChxgHoioK74PTPociGnv2,CcFHbafgYDZ8yA8Me1PdtDiVb2eeaS61LbqyKKK5CsNZ,26R9s4nmF3CFDTkiePDwRmtscn8i7r2eygbSijditJ58,406.60093612000003,408.2991102699999,405.6508005324528,0.9976632233151899,0.04056508005324529,0.9992344565058373,81.317123,66.27940698,147.35577025408725
RajgMbScQbqqrdJfR2rxfHJiTiY5b6bJ2tTXiF4aPxy,725ZA3fhyBAKb5iopNRrcbSuQa3LXA1656Q3mBvYPxeg,GLA6i1dSZpUfk2f9Nj8uiG7xyDdAR2reff8oEiZH3617,844.414518370002,844.4137249199848,844.4165027487836,1.0000023500055226,0.33776660109951345,0.9992344565058373,78598.24066496,102787.46071099,181307.19781042082
Sid7E679i9ABqptiAVhkmQ27YHN8vaYT4fppPwmxFsJ,GP7KB8o1bv527HG8kTzzzf4wJ5aEGHvcMQvVhLziUfmT,9gYxhAZ1M9wu5pxr8SBoa5NDm21gi3s9vMHaYTME77sa,558.8505610000029,646.3680529999874,8.13006249543748,0.014547829174385381,0.003252024998174992,0.01725243276554427,104323.947082,27175.687999,1986.533691006712
MATSnbbiTCv7Dc3trJrkrqjx7ckKdr6fwPoVwv9q3sD,631WX9JizSHJm4w6VanZeJAst9T8DeUUnPLesdGkCVtK,211maUSfpnXbPuW1iBu8b4dtJv5EbN1j7JJiEX5TZKEP,10.90539599999829,10.903479000000516,10.908952318454107,1.0003261063106572,0.0043635809273816425,0.9998130349624621,21242.553864,24303.496123,45548.43341380459
daob129AwBGn9Y5r91uLoWZeYiGzbPmksauMhFZKTze,6VW5GQNyj4LStgmxEHLr5zUfW92vQnmbw8jTnCH7a38F,4VPCCUifPeBA1c7HWK358CHn2nyjm8pdTRk6Ps3KmnMQ,6.820785954000101,6.116624984999987,1084.3606870747974,158.9788470695032,0.433744274829919,143.5786460648539,49.489882113,222.573517068,39824.648630446456
B2izdXFYb2sNwbWWHmh75T4aQFtfXsUxem9u2p61HGzf,4DYwgJtxwuJdAjkj5RJSNH4e7U329V5cNp7d3a1nLrZv,EXNW64GEf1ACC6xY9BtKRiunrs6GoJSXBdxWN2eTPmrF,61901.894263000024,61399.59106699997,62380.66587357975,1.0077343612223817,6.238066587357975,1.0,10395.01916,29466.446347,39941.86434009702
BUSDgu5JdqP1rndBvXvanbEufS94FNh1w5FJcAj6vawb,Bgzr8cWubt89JQFXndVjtdKmDbGzuPxNhvjH1EhWCwbo,Dxaf8xPBBQsasRKW5Aa4Sw2YrbfGofY9xZueyyF23FBW,7619.001077080007,7588.35208711,7652.108229418916,1.004345340288572,3.0608432917675668,0.9992344565058373,5286.198419,9732.65232253,15034.370303827007
MARpDPs5A7XiyCWPNH8GsMWPLxmwNn9SBmKvPa9LzgA,6YjT74rmcfCpw8LSjPNx5JTmZoYLGrTKnf9arfSgZ4SR,F8GSmi3vA8M8TsybLya1LQ4n1aFHCRbZ6k437PeTdXtg,9522.228190000003,10082.18949799944,8935.194825180472,0.9383512605341658,3.574077930072189,1.0,319902.840071,15385.754524,315566.9877530825
SoN9GaFpSXfpyR5dth3x7PHPVhvJMpQqqDJfCSmPv1t,9kZ9iS68ViMPtoeqtnhAKuF2iqVyfHPdZHoUNdwCELr,BBhm5fJLjw3HRzjtKB8uMEYjGhY6EDm9co3cqpjrSzB9,0.7874192640000026,0.772450155,134.38461560779265,170.66462779324664,0.05375384624311706,167.93022969160958,3.837284056,5.811925487,1630.8866371366298
Lid8SLUxQ9RmF7XMqUA8c24RitTwzja8VSKngJxRcUa,4PgzyzLtds9bKZ2to9PMnKqJzKEUpjvNUaeN23phegax,AtymwxoVN9peZo7EXTcDz9jKVc4vRmisJKKrNfe3ewBa,166.0311953979915,141.0294200060007,28167.338777881105,169.6508822354829,2.8167338777881104,144.1345247877511,985.301168085,7679.015933552,1273968.5248533585
ALLwa5WNZbvQsRKAqe1jdRGemdYQnW8E5k4msbRFcYtu,CGoM82Hbz7QVqTgvQatYtjvDWBvoUJp5qm21P8iMs9yb,3dxNNww8TivyN5FMy5dCNdi3Zcxv6e4kUfSPxfFwpdNq,0.5056034449999993,0.5048093969999994,1567.2766429014239,3099.8140111593307,0.6269106571605696,3096.166945321692,2.077962107,6.552388838,26728.585787047174
C98Sspw7XqnMsgxea3SLQVdbMDL8pKUc3RE82UvX9eq2,CSqgQJurPCzGxb4Cgwx5R61hWQUiaoUHcShNc8r1cKEL,6S2CR5EnukPhC914XkAns8m5GixjMAoUuZMsS5ubHuWc,32.23817399999996,31.58606499999985,0.0,0.0,0.0,1.0,923.037981,1930.662612,1930.662612
MAR3XM1n9xWPQ3HJjAcC85o8DopWFP5p2WxGTaZ3fPB,6qG7GUhER8Cg9gDEgnebph9LdS6eu2eoWcA4R7z9uizK,4QV4CwRXVMY227KkFF9voNAfwWHVvVajXSXDKbUHkWZR,0.029129000000000002,1.3264529999999972,0.022732771120819503,0.7804171485742559,9.093108448327801e-06,0.01795261905283813,0.095142,25.10984,0.5250378403473688
moFiBS1R4Lf3E3zzmBPnw3NF4RhWPkhREFviuzUaCAU,44ALBrpqi9PfZkBRTvbtRNtFJGsatfY4QydjtMbFWq8S,2ho8qEEie1UjVwWNBo9y4oAJZMyMLx8zPj9bxyUz6uWs,2458.3899174219987,2460.0,2458.54294696919,1.0000622478745567,0.983417178787676,0.9996876256082509,31784.810940105,35329.161754533,67104.91530614812
SEQV6QiTpvTzrceiaYg9Avnwf7oc8ZALpnQMz6TyT4A,3dFMPj4r9mMmPHF32mz1gNDX7f8ftidWof7S8YiYTs1j,Fc1ED3YPeQfXQosHbd8DTaBd2AV5gHQtwiSAL5C5pUhi,33.95550146599999,33.823702690000005,34.12872385163238,1.0051014527294153,0.013651489540652952,1.0001380190466285,984.268658784,4640.708216745,5630.638581688588
heyk4SZTeCUV6a65WiVA5bzic3KcxgVf1qxobfeV4tQ,9ZDpBKPqMABtGfq66FbVribaArMvtk63xxy91onZAtDt,DaTP4s6N7xxSPinbNZ3FB52EpRDRt87QShTuN3VPCW52,61.44104882700083,53.58107579700004,10160.46594912922,165.369344161718,4.064186379651688,144.29939469289914,627.748447126,4470.771139851,748939.9182907456
vEnkoSUkpnbRrPgBz9DfcVxNz67zjwMYBZraAvDDNSf,DtfyjjsZ5yCjWKLKHvwsfXs5QVsmm1QkK6Sh9JZHoq1g,e5wrKCRv4GhHvEf1VD5Pq2KGaZDXP77nTL612Jyrxwy,837.494762,837.3863099999999,837.7670362867933,1.0003251056593394,0.08377670362867934,0.998569050550561,1044.907373,899.778528,1943.7380687111893
YAkoNb6HKmSxQN9L8hiBE5tPJRsniSSMzND1boHmZxe,CfWX7o2TswwbxusJ4hCaPobu2jLCb1hfXuXJQjVq3jQF,EnTrdMMpdhugeH6Ban6gYZWXughWxKtVGfCwFn78ZmY3,2177238.2704899986,2178271.0146189937,2177238.2704899986,1.0,217.72382704899988,0.9978127943547743,1237079.367298,262929.800174,1499434.0859287614
parEAJhzYzHW87y9VoZAQ22dzQ2MD2ekEtTReaxbMcz,3oyc6hpjYSJEquK6dSvG72NXyz3pqLZz5D8AC71pwgQb,Di2vordgFJVZ1aj1aBpvzXtLfZgJsuLLXawGtVFwX6Rz,6.084683347999999,7.141468590999466,857.5704150574932,140.9392019289503,0.3430281660229973,165.61457249247945,1104.480011869,142.23462934,179220.6587510648
BSC8REUo9LpiiWUuqMuLXs2D2yJsJfGd4HdiF3wCLxk5,AZjEH1zWVx1UJ6udMyRijGTzPteuLnaY18yNNmprJEsh,Caf8ypkSVR8xYnXNhjvfvdGCC7mrM3C11rz8Xi6NA6aK,2.8031116299998757,2.8043122129997755,2.8091265176538434,1.0021457895538637,0.0011236506070615372,0.9996876256082509,2680.176401096,3668.985453189,6353.766851709708
GokA1R67GqSavkd15zR62QD68Tuc5AEfvjssntVDEbM8,3YB7hfpBdbQEuZqLGWVDpRPmeZWCUsrrWyqGXegnQ6Cg,4DPCj6Z1DsG6HUtwSogBGqXEUxdEV5a8YVrrFtcnz7UW,2990.1559400000115,2988.944742000007,2991.2746767291083,1.0003741399283332,0.2991274676729108,1.0,15372.246646,27219.097975,42597.09599225846
BUSDTd9WiT6uBHJRgNvFXBsA7JrifsAtWzKfioN7ERcy,DyBxrn7gSc1EwnpWhDyhzvMHPtxpmBqRqotapLcKcfTM,Cds99GeBgoCpqBsoRWu1C6fF9LiUMd4pXQQD24s9LPff,4269.54047801,4288.230276739998,4258.25440054679,0.9973566060513215,0.42582544005467904,0.9991846653131046,387.63896213,261.66097969,648.0619180602853
AUSejoEUCh2DBs9mof6BNC8Pubs22w4cJa1ccV9h44R,4xkyD7AfGQDwsQMy9MosRRNGoVJ1zosNinesxg1TzHG7,Cbm5gsQe3nSiCsFrvepVzMCD9xLK3ri9g3ypS2hdmVJ7,4.115818999998737,4.116323000000193,4.1068455424884,0.9978197638160619,0.00041068455424884,1.0,15273.535153,13602.019939,28842.25517800278
SoNcU2iwHMw6dGzsYNQkYFkUjwN1UdAjrWVRnStrZu2,8ivTTid27jZnYNc4w3CTA1Z6QS2twsFb8WMwUabeDJgc,CyXm53PMvHCbeXJBykU46Rcbo28xk5srhMZFg7gv6EYB,2.519182618000002,2.4994661390000097,427.65921307921036,169.7611002963859,0.17106368523168414,139.4483673594322,22.238683653,27.508466443,7611.274140114608
wrmcMSHFi3sWpAEy4rGDvQb3ezh3PhXoV2xNjgLBkKU,8p4mGnARWPBu6P2Gcw4adodLkNDorrXniZMhaY7eJXUn,AyY89zccbsgp9LKFgH4CFZMJmpSgqmPSdTfukhP227rc,0.008021330000001409,0.032091580000005615,2.267193329565124,282.6455624646693,0.0009068773318260497,3103.1807602792865,27.14075843,0.09012827,7950.899245586322
FrnkTEL6yZ5Aycq2TrEgu29dCrwKG4LPUZydfiwqspkc,DjvZuMZ46fxKBoBpGMPcRcos4xdTtHFxwMh69DpA2ZFY,9rvDPJLAng4uVVqnnSoEXgNDFhBZQTny9AoQioYDZbQX,12.908953113999218,10.812027305000043,2221.889419075825,172.12003169074023,0.88875576763033,139.52354662158382,175.366984452,1440.527216783,231171.63721187107
SAMyS8Jr2HJrkFwYVKbpUwsNStnQmvz3f8Tup8bWUWF,6jPzm5TFfquvgm25sTyN3MMGBfufRaFHMxobDWv6hMFW,Cj9ECoDmxsHTDzCY5ZA6RWrPbg9uFzEC1Qc2kso2vJG6,962.5825012700047,66.7488491499999,967.2119646174496,1.004809419806964,0.3868847858469799,0.01796486494806064,426.95572045,111667.50043441,2435.1006941403075
7dwD9TF6uikvHXxPFK9AsSim54yJoujQjY9vU6gNFumk,CquVr6atkvwueDYficKjn6SSEWq4F4rH4VSiBbW4GBWU,8BCa6ge3b7ho3TfZuM64Vk1hgbrJ3J7EPiAb9uP86CGd,3.698299999999998e-05,3.713299999999996e-05,0.006290720307291555,170.09762072551058,2.516288122916622e-06,170.825994933301,0.003949481,0.003558723,1.279719718367632
DFWzVTzNBrQZLjoQ4yQwkj9HuoXmfkuZP9V5vbymZe23,DhgiEgiNdqZdRdo195UUHnoEJUtefK8buko8nU97XJUZ,2K2kkXsouBHtWVjtcgkyiXd8eP3oVBvq1bTJzcVdLLr2,1.062917152999944,1.1710859239938145,0.9055565810147418,0.851954057246068,0.00036222263240589674,0.9996876256082509,60959.853764401,7907.957109165,59840.48160958147
