0,1,2,3,4,5,6,7,8,9,10,11
KwnjUuZhTMTSGAaavkLEmSyfobY16JNH4poL9oeeEvE,J63v6qEZmQpDqCD8bd4PXu2Pq5ZbyXrFcSa3Xt1HdAPQ,BnKQtTdLw9qPCDgZkWX3sURkBAoKCUYL1yahh6Mw7mRK,388.8759679999995,19778.96992599999,7.551600836355056,0.019419047351249708,0.0007551600836355057,1.0,278412.587297,557.843024,5964.3502399043855
iLiUBQ7Z7im6Ew3b4ewwPcehzWgEQRJ1iQz7g6D62NW,GpugBvKWM3TVhYcZjemSdtehBWgfvuGr6uAm9iPjXT6v,92fMXJ3xy8tEyMUWLHKRLyhPw2nECBo77GtDiBBbYrjX,29.980872924999858,29.99273653199998,29.321471844838168,0.9780059412609083,0.011728588737935268,0.9998804083038845,1865.637227489,1097.929724622,2922.4027140657877
GokA1R67GqSavkd15zR62QD68Tuc5AEfvjssntVDEbM8,3YB7hfpBdbQEuZqLGWVDpRPmeZWCUsrrWyqGXegnQ6Cg,4DPCj6Z1DsG6HUtwSogBGqXEUxdEV5a8YVrrFtcnz7UW,1815.1589819999972,1814.3202559999918,1816.1669546598334,1.0005553081960488,0.18161669546598333,1.0,10585.297017,21999.336321,32590.51144019115
BSCuChvaSj9b5HUSqgDVRzcnr2sSn7cXaamt1jbKH6hn,GnKpRj5kBVPMJfiwZtEuD9GYApLzPdW5JFuZTcyX4BTc,3dmwD9okkomV9nDwyuh4UMhKdUR13QpuKxRo89ycZB5t,278.30590699899994,278.87077273,277.56755841901145,0.9973469891891616,0.11102702336760457,1.000080006400512,1877.242380295,1233.057428493,3105.418116944992
Cob4usZcpHEY7Qt4ZCwj6WVg9S44zvzYV2v9qYF65dTf,NhFM9UXE48PyNAyeyPYA3iXztqKVJwA4bTdLj4ysM8w,6TuFuynuBoeskxyR2cz4wxyidk8dpDK7kAWw3UkjQGx,203.57601,18218.27657199993,1.8694118167673475,0.009182868928256073,0.000747764726706939,1.0,70754.75135,190.464024,840.1956316983994
STK75uPSyBnEhGTTzb1nwmP3n427XoXmfRhXxxhyady,6TYyD5fUmDe6N65avW1Ny2RxzRNobw2RRgKwH9CTzSAU,54zDfk4cx2vGrEajPtodWpArNe5eUurytyxd4X3aZAxK,1069.9317754149986,1196.2035873899988,164835.20134054974,154.0614131930183,16.483520134054977,172.70730619261045,1844.324715365,329.118381361,340980.42109927366
parEAJhzYzHW87y9VoZAQ22dzQ2MD2ekEtTReaxbMcz,3oyc6hpjYSJEquK6dSvG72NXyz3pqLZz5D8AC71pwgQb,Di2vordgFJVZ1aj1aBpvzXtLfZgJsuLLXawGtVFwX6Rz,3.6925805629999786,4.29010481100002,556.418734048042,150.68560443160337,0.22256749361921682,176.78214076101176,1102.904802043,143.585835503,191575.28810954612
BUSD5rCfUDpCxKGMvYU2yThChxgHoioK74PTPociGnv2,CcFHbafgYDZ8yA8Me1PdtDiVb2eeaS61LbqyKKK5CsNZ,26R9s4nmF3CFDTkiePDwRmtscn8i7r2eygbSijditJ58,377.7787246299999,378.21440724,376.69961959870886,0.9971435526647301,0.037669961959870886,1.0,73.78503584,73.95703534,147.53130811099203
SEQV6QiTpvTzrceiaYg9Avnwf7oc8ZALpnQMz6TyT4A,3dFMPj4r9mMmPHF32mz1gNDX7f8ftidWof7S8YiYTs1j,Fc1ED3YPeQfXQosHbd8DTaBd2AV5gHQtwiSAL5C5pUhi,1003.1918670329999,1003.4861289269998,1004.7202867172454,1.0015235566938614,0.40188811468689817,1.0005486658691594,1534.716552992,4090.859621057,5630.158916776087
ercAoEmXjQzEvAFbdjAo81KtMxRGn9AW1ju882upmPH,CMRhskR2Eg6V42RTSdRTXGdozyPbWB8U9dVpijPWb9T4,7TKLLgrWswt6ZJ1pXhVR3FyufHGjJFqiEXxvWJfDcgRm,1.4843755890000239,1.5156696089999286,228.68035048259125,154.0582802474176,0.0914721401930365,150.22153921495726,311.427033726,910.540257134,184760.67218223453
SRMuKizofcAMicegrfSv7xs9q76tH1w8aAF7oX9FEWu,72Hj2KWntXPfbie4UgKeTPnm1XVkomDfCnRPKbvfTtPi,6aqJQ5wedqpUt4fFEDUqUmXhrdxCu4bEJsQdVPCADLko,627.6819090000004,632.0040869999975,30.366068450293657,0.04837811639126537,0.012146427380117463,0.04871814521446775,17968.753093,3895.828184,1059.0919517377918
BkMBnJpvHKtWhUvrgRrLesXfi9RUV3ELgdBaJcdH7hcY,5uerVwBnZQsuVhZ15igs7ZgmcqhHnYWbwoRtLyRqLvR,9YWiQh5d4jCtgMdzcGLv9bWgnLaFtzvDDh2nnhJdzhBX,8.67633855400004,8.649495480999576,8.708112025216801,1.0036620829188498,0.0034832448100867207,0.9998804083038845,1117.77278196,1755.675217475,2877.3314118698854
MAR3XM1n9xWPQ3HJjAcC85o8DopWFP5p2WxGTaZ3fPB,6qG7GUhER8Cg9gDEgnebph9LdS6eu2eoWcA4R7z9uizK,4QV4CwRXVMY227KkFF9voNAfwWHVvVajXSXDKbUHkWZR,0.007327,0.3310680000000019,0.006874802960471994,0.93828346669469,2.7499211841887976e-06,0.019731178478177614,0.105758,24.557672,0.5837827921112421
AUSejoEUCh2DBs9mof6BNC8Pubs22w4cJa1ccV9h44R,4xkyD7AfGQDwsQMy9MosRRNGoVJ1zosNinesxg1TzHG7,Cbm5gsQe3nSiCsFrvepVzMCD9xLK3ri9g3ypS2hdmVJ7,903.1024649999981,903.1227959999978,902.79641701463,0.9996611148820549,0.090279641701463,1.0,14599.651517,14275.579483,28870.283395373706
BSCNHw8CmxbZ8hCWWzMf5FaG2ajPT6JxfznKUNuRVrn4,7n9kgNL633yGzCYksgnzHyjG73ZLBAwvEae5sbAekbzW,SscdxE99omdG9AiMVwmaEMQySQnCgeAh1sPj2Leutm2,1084.2916099049999,1084.5351374459997,1087.870809303205,1.0033009564636572,0.43514832372128204,0.9998804083038845,4369.854487582,7328.25014138,11711.65293051406
MARpDPs5A7XiyCWPNH8GsMWPLxmwNn9SBmKvPa9LzgA,6YjT74rmcfCpw8LSjPNx5JTmZoYLGrTKnf9arfSgZ4SR,F8GSmi3vA8M8TsybLya1LQ4n1aFHCRbZ6k437PeTdXtg,49131.942436000056,51272.03022500124,47052.549132200715,0.9576773642420511,18.821019652880285,1.0,295049.218608,16815.229972,299377.1879701862
SAMyS8Jr2HJrkFwYVKbpUwsNStnQmvz3f8Tup8bWUWF,6jPzm5TFfquvgm25sTyN3MMGBfufRaFHMxobDWv6hMFW,Cj9ECoDmxsHTDzCY5ZA6RWrPbg9uFzEC1Qc2kso2vJG6,2562.867232089993,49.994471009999984,2541.672076146682,0.9917299048199125,1.0166688304586726,0.019849221214803252,457.59130786,110048.09387301,2638.175943743227
SUiuyGR7SFq3xeRVJonq84fjjeFwRSsFekcevJ53tzy,49GjCCPsv7fBqo6t3iKDrP1xxGDS8uWZbVCdfnp2gjMf,CEwj5xEbbJEjYqM8D6Ai8ByGz1mrh8mkAVsE5fzDSSSx,22.389005999999974,115.44324699999999,0.20674591164201597,0.009234260406291205,8.269836465680639e-05,0.9576782813888634,634.34844,1.765501,7.548520646754912
DFWzVTzNBrQZLjoQ4yQwkj9HuoXmfkuZP9V5vbymZe23,DhgiEgiNdqZdRdo195UUHnoEJUtefK8buko8nU97XJUZ,2K2kkXsouBHtWVjtcgkyiXd8eP3oVBvq1bTJzcVdLLr2,2895.7625686869997,3201.8096164779927,2638.00052721429,0.9109864723510172,1.055200210885716,0.9998804083038845,58032.815542331,10498.136008434,63363.9904300481
ALBpShJ9NLpE739pcHDF2LNVk5J4VYPvvKuV6jMPitZi,D6d156U1bPiJpDYRLextvDRccgFk7QzkQbJg42ceKEu5,GNcM8U5g8RwTZffwwm3kSQqUNPSwv5d2fbN9sLxPJqt2,1602.5240049999993,1601.094597000003,1601.3310133950201,0.9992555546118143,0.6405324053580082,0.99657179303197,42572.7391,57727.539089,100070.68315796243
Sid7E679i9ABqptiAVhkmQ27YHN8vaYT4fppPwmxFsJ,GP7KB8o1bv527HG8kTzzzf4wJ5aEGHvcMQvVhLziUfmT,9gYxhAZ1M9wu5pxr8SBoa5NDm21gi3s9vMHaYTME77sa,29534.202099999995,52806.93252299995,272.7265130834325,0.009234260406291205,0.10909060523337301,0.01976271461912822,127578.965382,11981.116172,1414.876768428457
NorBXypYWTkV5PMs6Q9JsvNkmRwe7H9Zr1Kz2TcJH2Y,C82XDu1d1UjtuUwnkSTwVuWyH3AqpJ3ftb9W7en8rEUu,F7cZoYpWQSFuYJzW2UUFw6sVbTtaihyD5upeeHRUPABk,0.00017724639999999736,0.00018213000000000257,0.0,0.0,0.0,0.0,0.2507724853,0.6546741169,0.0
FrnkTEL6yZ5Aycq2TrEgu29dCrwKG4LPUZydfiwqspkc,DjvZuMZ46fxKBoBpGMPcRcos4xdTtHFxwMh69DpA2ZFY,9rvDPJLAng4uVVqnnSoEXgNDFhBZQTny9AoQioYDZbQX,24.0094506179978,20.142800221999693,4417.572777634575,183.99308038823278,1.7670291110538299,154.26520935408695,175.095531659,1440.877045394,254493.5652933584
MiMuMS9C4vBqcrYeeQPph1E7oAW9aNKvW9k6Zw9XffM,Afy2q2hh6Y474pshJa5fnQ6PfEchGyTbKrQpCZw2hr3m,5pXz9ksgjeL8Wgb37bksUaBFMLdFfsNNY3FQnikkCPtS,1.0773314940002088,2.192652857999871,0.0,0.0,0.0,0.019934318811633923,25.994643869,7674.498231042,152.9858944569118
SoN9GaFpSXfpyR5dth3x7PHPVhvJMpQqqDJfCSmPv1t,9kZ9iS68ViMPtoeqtnhAKuF2iqVyfHPdZHoUNdwCELr,BBhm5fJLjw3HRzjtKB8uMEYjGhY6EDm9co3cqpjrSzB9,1.1886681420000027,1.1657654750000002,218.5432575382627,183.85556894841235,0.08741730301530509,179.14084052882376,3.701535402,5.951789986,1746.7565580604764
Lee1XZJfJ9Hm2K1qTyeCz1LXNc1YBZaKZszvNY4KCDw,9DgFSWkPDGijNKcLGbr3p5xoJbHsPgXUTr6QvGBJ5vGN,2hNHZg7XBhuhHVZ3JDEi4buq2fPQwuWBdQ9xkH7t1GQX,950.8203774392678,803.9066649849938,173419.8354332955,182.3896916264528,17.34198354332955,154.14281948796838,7125.178916851,56487.810646437,10006749.585172035
7dwD9TF6uikvHXxPFK9AsSim54yJoujQjY9vU6gNFumk,CquVr6atkvwueDYficKjn6SSEWq4F4rH4VSiBbW4GBWU,8BCa6ge3b7ho3TfZuM64Vk1hgbrJ3J7EPiAb9uP86CGd,5.965000000000137e-06,5.944999999999822e-06,0.0010830612667695446,181.56936576186416,4.3322450670781784e-07,182.24111374105286,0.003937636,0.003570527,1.365650888243584
AURHmCnNwiW4uA2Qj1XvEh4iKgRUZYXtiY7FKAapUV5Y,BKWm4TRnTeKwfWXRyuzjRHU7iZDkPuXBX5b5V5jSVfGJ,A5Ww74HVrkj9nPeC7pHKLfgeDMEhBCpW1efQdz3TGLEg,0.006417068000018844,0.0057271030000265455,1.0799808476706005,168.2981772465913,0.0004319923390682403,154.0614131930183,289.902320861,1809.484684945,327561.799894213
MATSnbbiTCv7Dc3trJrkrqjx7ckKdr6fwPoVwv9q3sD,631WX9JizSHJm4w6VanZeJAst9T8DeUUnPLesdGkCVtK,211maUSfpnXbPuW1iBu8b4dtJv5EbN1j7JJiEX5TZKEP,892.5218000000023,892.1448679999994,893.6173749016316,1.001227504921033,0.3574469499606527,1.0003771421826029,21521.203081,24025.976364,45582.658036853565
B2izdXFYb2sNwbWWHmh75T4aQFtfXsUxem9u2p61HGzf,4DYwgJtxwuJdAjkj5RJSNH4e7U329V5cNp7d3a1nLrZv,EXNW64GEf1ACC6xY9BtKRiunrs6GoJSXBdxWN2eTPmrF,5838.028684000028,5764.251392999999,5908.31398719166,1.012039218543797,0.590831398719166,1.0,9386.408792,30493.299176,39992.71299478831
RajgMbScQbqqrdJfR2rxfHJiTiY5b6bJ2tTXiF4aPxy,725ZA3fhyBAKb5iopNRrcbSuQa3LXA1656Q3mBvYPxeg,GLA6i1dSZpUfk2f9Nj8uiG7xyDdAR2reff8oEiZH3617,2994.786796979999,2992.9053335399803,2997.149659857341,1.000788992017637,1.1988598639429362,1.0,75910.28237468,105479.06562272,181449.24060425017
ALLwa5WNZbvQsRKAqe1jdRGemdYQnW8E5k4msbRFcYtu,CGoM82Hbz7QVqTgvQatYtjvDWBvoUJp5qm21P8iMs9yb,3dxNNww8TivyN5FMy5dCNdi3Zcxv6e4kUfSPxfFwpdNq,3.2860945810000013,3.276938817999999,10546.213232131973,3209.345614429218,4.218485292852789,3198.362438431523,1.685877714,6.947794698,27632.129839906742
MiMUFdSLMyCLpqpH6zkqdDrGYs7XBomwENbivdYjv9V,,,0.063704235,0.048782343000000006,0.0,0.0,0.0,3198.362438431523,1.685877714,6.947794698,22221.565592016887
heyk4SZTeCUV6a65WiVA5bzic3KcxgVf1qxobfeV4tQ,9ZDpBKPqMABtGfq66FbVribaArMvtk63xxy91onZAtDt,DaTP4s6N7xxSPinbNZ3FB52EpRDRt87QShTuN3VPCW52,64.98552727999959,56.50138711400007,11480.026802116327,176.65513049779474,4.592010720846531,154.16865094567822,634.196345028,4463.447872969,800157.7752341335
YAkoNb6HKmSxQN9L8hiBE5tPJRsniSSMzND1boHmZxe,CfWX7o2TswwbxusJ4hCaPobu2jLCb1hfXuXJQjVq3jQF,EnTrdMMpdhugeH6Ban6gYZWXughWxKtVGfCwFn78ZmY3,5289753.888675014,5291328.008362997,5289753.888675014,1.0,528.9753888675014,1.000239057134655,1114362.313631,283935.195491,1398365.385856262
KysFMBBoavfov2tLpvefWW6tPFt6rAeZWDJVy1mMQae,B8ka2V21TH3x64dFV8ETcjuQcwmrciJ2qzy1mJUttRew,7fSf7EYxBANyxzk2s5pymFgshA91tFYQNKKs5UnLWcYS,91.11837699999978,120.72345200003474,0.0,0.0,0.0,0.01973239984874721,134456.590963,2646.172984,52.215343389240545
BUSDgu5JdqP1rndBvXvanbEufS94FNh1w5FJcAj6vawb,Bgzr8cWubt89JQFXndVjtdKmDbGzuPxNhvjH1EhWCwbo,Dxaf8xPBBQsasRKW5Aa4Sw2YrbfGofY9xZueyyF23FBW,5222.672317029998,5193.523169930003,5256.961849516219,1.0065655148178472,2.1027847398064874,1.0,4811.12682824,10219.35789305,15062.072245771353
daob129AwBGn9Y5r91uLoWZeYiGzbPmksauMhFZKTze,6VW5GQNyj4LStgmxEHLr5zUfW92vQnmbw8jTnCH7a38F,4VPCCUifPeBA1c7HWK358CHn2nyjm8pdTRk6Ps3KmnMQ,23.02778996600007,20.61774879599998,3926.549923891295,170.5135373254986,1.570619969556518,154.10388666953608,48.478499609,223.740538908,42745.52710382275
C2ypsDADXcCRz8HbV2zX1AXPSja7a1P3xZtRC91xGhJh,J9bYNuDpY1d1T86gLaw7DGk5D3CsUAf2tzUwxMvb6FTv,A2NGvvPrMGzsJ4jb52KEnSBVmsA7C34dV1GC7PerdgvG,0.0002091250000000322,0.00021000000000004349,0.03221173596188783,154.0310147609462,1.2884694384755134e-05,154.14196413239807,1.308319405,0.911007483,341.94624835251955
TETFuZgEmET6d9vYmz9iMFCxK1jKdKYxf3oPz8hSzJK,Eu1Ze6Z84LWNkq7SNoAHBJbXx5t1P95EwyqYohrfCRFV,ASMbv7WNu3qe4pkhREmvyEdwFNDZQ6B6iSrjkj4u8bdC,206.92734360300003,206.707963,206.79646005546633,0.9993674903217005,0.08271858402218653,0.9989211651416471,111.865760876,240.652829629,352.1882096672106
4vezWG46exH6pf9nry3n1VJ7hZHvjBJNgNeF4qEFCML5,,,1.7707079999999973,1.780028999999999,0.0,0.0,0.0,0.9989211651416471,111.865760876,240.652829629,240.39320496763497
KEnkcdADoLR5jS2CLLLesy8TtFsyWL37BhXNfDMzWzP,3qsjFRuw1qeLMPo4DLwaQevenGAGBj9dA3Q6rb8ax2YR,77iEv8zPQAEyCcEbvBRSB6AFcUdfkhiqnAKtPxk76rNN,3.9529750000000043,25.514627000000008,0.03650280052955902,0.009234260406291205,1.4601120211823607e-05,0.9992765237967712,117.394877,0.313958,1.3977857234407125
NorjjEePhxfwLF4vZjUHCrVVKLzQjEEGQFd3wgjEJmh,34M8pFVqgbV7aqHxvRT5tCv3vu2P1JJYT8J3VaxBK2oG,3AZWBSze3ucsY3xSeuLne3b2pauVqiaJ1SZSV5T9WGWw,10.886466999999357,18.341366000000562,6.4500356970398744,0.5924819959533479,0.00258001427881595,1.0,38124.371737,2258.30739,24846.311251205167
JSoLLrxK5bYdHwTEWYaGgmeycBCNXKDiBCTw5hXGBg7,xG4wXczA7Dk4hccJ61CHKpDHW4NrNfQwgmWgkb9BuF2,BVR6WgfhsRr9Lob4QDnkEAiNGgAbv7ZieKcY9kSg3QYR,1.7900866970000493,1.5268621750000086,321.0272908402346,179.33616923595616,0.12841091633609386,154.02121673064707,17.246226623,163.667545368,28301.14669324172
C98Sspw7XqnMsgxea3SLQVdbMDL8pKUc3RE82UvX9eq2,CSqgQJurPCzGxb4Cgwx5R61hWQUiaoUHcShNc8r1cKEL,6S2CR5EnukPhC914XkAns8m5GixjMAoUuZMsS5ubHuWc,53.81802999999968,53.64965900000004,0.0,0.0,0.0,1.0,891.824849,1227.746083,1227.746083
Lid8SLUxQ9RmF7XMqUA8c24RitTwzja8VSKngJxRcUa,4PgzyzLtds9bKZ2to9PMnKqJzKEUpjvNUaeN23phegax,AtymwxoVN9peZo7EXTcDz9jKVc4vRmisJKKrNfe3ewBa,203.07048537201103,172.30753969699936,36852.536556552914,181.47657690895664,3.6852536556552917,153.8165500762853,982.736890692,7682.092160081,1359976.6403566734
BUSDTd9WiT6uBHJRgNvFXBsA7JrifsAtWzKfioN7ERcy,DyBxrn7gSc1EwnpWhDyhzvMHPtxpmBqRqotapLcKcfTM,Cds99GeBgoCpqBsoRWu1C6fF9LiUMd4pXQQD24s9LPff,1521.4675163899997,1525.97359892,1522.675043379651,1.0007936593957105,0.1522675043379651,0.9989211651416471,208.53486305,209.24247674,417.7171073656376
BSC8REUo9LpiiWUuqMuLXs2D2yJsJfGd4HdiF3wCLxk5,AZjEH1zWVx1UJ6udMyRijGTzPteuLnaY18yNNmprJEsh,Caf8ypkSVR8xYnXNhjvfvdGCC7mrM3C11rz8Xi6NA6aK,697.8996384769998,697.9876579639999,697.8584383105189,0.9999409654852797,0.2791433753242076,1.0,3285.347169795,3064.752251824,6349.905472743143
vEnkoSUkpnbRrPgBz9DfcVxNz67zjwMYBZraAvDDNSf,DtfyjjsZ5yCjWKLKHvwsfXs5QVsmm1QkK6Sh9JZHoq1g,e5wrKCRv4GhHvEf1VD5Pq2KGaZDXP77nTL612Jyrxwy,901.7618880000002,901.5762800000001,901.2382685659635,0.999419337364991,0.09012382685659635,1.0001720295890892,792.066651,1152.992626,1944.7977023390013
SoNcU2iwHMw6dGzsYNQkYFkUjwN1UdAjrWVRnStrZu2,8ivTTid27jZnYNc4w3CTA1Z6QS2twsFb8WMwUabeDJgc,CyXm53PMvHCbeXJBykU46Rcbo28xk5srhMZFg7gv6EYB,5.675261493000008,5.626713160999994,1032.8882854025499,181.99836019477465,0.41315531416102,180.28890575992403,21.841926134,27.916096359,9008.157205536103
BSCrK1Nx9PXU9mF7STWWBqeHLxmtJDr9h7jheEy4tAWX,FfSySSbVJPvEo5a5AvrP3nySoXpRE2QPn1uUMpJJ1x7v,HL7Vcj6838ZmvBHDbQxXfjBNckNi83WvPiZQoMQLFeRM,0.026290640999999892,0.02626589200000007,84.4755222959813,3213.1404592220347,0.033790208918392524,3206.258616820033,0.845156664,0.959032201,5790.512329743655
AyiATPCAx5HZstcZ1jdH9rENwFb3yd9zEhkgspvDrCs4,DvHVapj4g2Y1tJVSw2ubSPkPBsJPb8fW387ZWXwaKmZq,DKjqWWgrtDRPKrnMWtZ4UiJk4sGQVCQgFjSo7BvfngvK,0.0048503599999999425,0.004893900000000229,10.829113641437692,2232.6412145568206,0.004331645456575077,0.0,0.80222651,0.31854273,1791.0839696360795
MATgk4zXLXtYkwBH678J1xZbRDZ45LicNzkRBHkxTuY,y8dALFo1bJrSzPYjMX14HJX448pXqYmrfXHD1K8MXih,GN7Yuet3UyiWS5YVkEHv6oQKi4HGBJc3XDPt9zQhAqZz,5592.518377000002,5569.075763999999,5636.909035655791,1.0079375078745116,2.254763614262316,1.0,2262.630355,7813.04812,10093.638121259923
KEN5P7p3asnb23Sw6yAmJRGvijfAzso3RqfyLAQhznt,9zj4aX38Uxf3h6AUjS4EipWS8mwbEofasHAf3a1uKGds,CwQDG1MWunn9cLNwcZLd8YBacweSR7ARo32w4mLua1Yr,118253.38282100041,118255.772413,118251.25429842304,0.9999820003239941,11.825125429842304,1.0,1141361.44558,1129842.991665,2271183.893108774
KZMu9QBEdL97EFgamLbN5DE1AoKBG4HdrKKJo4Vuon3,DD4ACBWyVqdaKWh7v5btsgqQCCMwbKnuL2xd9pv7Gyuw,GcYqiJ1MAuYbNTNYXm1F1gQYTfTgkErACAhNU5dpVj9T,647.9252492699991,648.9971399799999,642.5668457889543,0.9917299048199125,0.2570267383155817,1.0,2040.9056504,1347.30234135,3371.329507767614
BkwbeSfcX1h4thMDd7obGkHrPevf3QwgzJ4pCEqG18Lu,35yX27bmurdebhfAb8EPmjLETDiUaEUCn9zHaDPbakH2,2CxECn1ZJFoESyUnQysQU8rRgT3iJ5GRs2Mdd6gZjx5g,0.011338340000003555,0.008482320000001597,25.31444518866612,2232.6412145568206,0.010125778075466448,1464.1288433382138,0.90449504,22.63315424,35157.26684317281
RoBgmK8CvjdHvPrqdDyVw54VwjZv2TqJ493xnqJAQHx,ExiHJxM7qPAcy27NDHAF6G7vnW7muNHi2sVJpnaNynGQ,6rkPHSqZb7StM4HwS9EuVrmfkV7tRdc7dnsFhyB6cefE,39.38727900000001,83.20499199999927,0.0,0.0,0.0,0.957522391661129,6323.211183,18.006255,17.24139235246016
WiiQFxXqp8P9Fs1rt9SVcDyA3KUdJmUsog6wnVQAwba,3S2jpqSYxho6wiz3cafhjXruVY8cg4HYa2v3BqBHYFSj,Dfe67M6TfrG74gKRtdqys4e6E9QirPD53BkF4FujFjuv,22026.503073513995,22035.457491321005,21986.306147587242,0.9981750654748692,2.198630614758724,0.9988361960178479,20209.05109228,6590.996425703,26755.496695037982
HEDSDjj84KS7LKhZY7ejkCACTdPen62rKhCby1wXtgxc,EnnjMSFttpCTywBrYNt1J5QQeoSVkvzPipJDa8Y7kJow,6bjVT6JN2rSvpyn9PdfLYC8wJn4LWh49jpY47fnLDXZk,16.444522699999652,16.980870778999815,15.916766386319495,0.9679068633788824,0.0063667065545277984,1.0,39118.113158846,9104.779845638,46967.470054516816
KEVpg4SYCVrqFxKijQH6hm4QxsRdoE51ud64bEEFUC9,2bPenuBYfqzD8p5dFjCcggwkHDsc2RQDnx9AoyYGUBjA,AE6n6iLuX8oYu61vt5hoDYkjswpnxFxrhSehxrnQTnbx,1302.2975837269996,1301.6727765490002,1302.9569750722453,1.0005063292395573,0.5211827900288981,1.0,3228.695513042,4405.893995593,7636.224291578881
wrmcMSHFi3sWpAEy4rGDvQb3ezh3PhXoV2xNjgLBkKU,8p4mGnARWPBu6P2Gcw4adodLkNDorrXniZMhaY7eJXUn,AyY89zccbsgp9LKFgH4CFZMJmpSgqmPSdTfukhP227rc,0.007332900000000017,0.061468839999996305,2.6626361655773483,363.10820624546113,0.0010650544662309394,3200.614517987454,27.02136424,0.10232811,10139.191933955866
