0,1,2,3,4,5,6,7,8,9,10,11
DFWzVTzNBrQZLjoQ4yQwkj9HuoXmfkuZP9V5vbymZe23,DhgiEgiNdqZdRdo195UUHnoEJUtefK8buko8nU97XJUZ,2K2kkXsouBHtWVjtcgkyiXd8eP3oVBvq1bTJzcVdLLr2,18.779648642996108,21.802394268008356,15.670624181889648,0.8344471443417567,0.00626824967275586,0.999604099799046,61551.58326261,7408.549551211,58767.15938815368
KZMu9QBEdL97EFgamLbN5DE1AoKBG4HdrKKJo4Vuon3,DD4ACBWyVqdaKWh7v5btsgqQCCMwbKnuL2xd9pv7Gyuw,GcYqiJ1MAuYbNTNYXm1F1gQYTfTgkErACAhNU5dpVj9T,106.53005712999857,106.06494953000083,107.05440317347806,1.004922047895268,0.042821761269391224,1.0,2082.7380449,2608.15897529,4701.148356600295
YAkoNb6HKmSxQN9L8hiBE5tPJRsniSSMzND1boHmZxe,CfWX7o2TswwbxusJ4hCaPobu2jLCb1hfXuXJQjVq3jQF,EnTrdMMpdhugeH6Ban6gYZWXughWxKtVGfCwFn78ZmY3,9092803.129778005,9096541.658093011,9092803.129778005,1.0,909.2803129778006,0.9953219866626855,1154678.668928,326107.568195,1479260.7015695844
SoN9GaFpSXfpyR5dth3x7PHPVhvJMpQqqDJfCSmPv1t,9kZ9iS68ViMPtoeqtnhAKuF2iqVyfHPdZHoUNdwCELr,BBhm5fJLjw3HRzjtKB8uMEYjGhY6EDm9co3cqpjrSzB9,4.677005766000006,4.58940633,725.9803580412131,155.22331901294734,0.29039214321648527,152.76586416212126,3.852287544,5.793936924,1483.080639467598
C98Sspw7XqnMsgxea3SLQVdbMDL8pKUc3RE82UvX9eq2,CSqgQJurPCzGxb4Cgwx5R61hWQUiaoUHcShNc8r1cKEL,6S2CR5EnukPhC914XkAns8m5GixjMAoUuZMsS5ubHuWc,23.158690999999862,22.563432999999804,0.0,0.0,0.0,1.0,958.646122,3891.157313,3891.157313
BSC8REUo9LpiiWUuqMuLXs2D2yJsJfGd4HdiF3wCLxk5,AZjEH1zWVx1UJ6udMyRijGTzPteuLnaY18yNNmprJEsh,Caf8ypkSVR8xYnXNhjvfvdGCC7mrM3C11rz8Xi6NA6aK,118.48961421100012,118.43682154399994,118.49100482143271,1.0000117361377354,0.04739640192857309,0.9996030995924821,3032.452240036,3315.871680636,6347.043439127843
moFiBS1R4Lf3E3zzmBPnw3NF4RhWPkhREFviuzUaCAU,44ALBrpqi9PfZkBRTvbtRNtFJGsatfY4QydjtMbFWq8S,2ho8qEEie1UjVwWNBo9y4oAJZMyMLx8zPj9bxyUz6uWs,940.990030982015,941.2739032680038,940.7984402020631,0.9997963944636566,0.3763193760808253,0.9996040987998376,33702.774360401,33409.534332194,67092.2197464061
JSoLLrxK5bYdHwTEWYaGgmeycBCNXKDiBCTw5hXGBg7,xG4wXczA7Dk4hccJ61CHKpDHW4NrNfQwgmWgkb9BuF2,BVR6WgfhsRr9Lob4QDnkEAiNGgAbv7ZieKcY9kSg3QYR,4.1110211569998505,3.521094660999978,624.4539142927135,151.8975189970632,0.24978156571708543,130.15271338472283,17.113799866,163.818182338,23920.92467330165
BSCrK1Nx9PXU9mF7STWWBqeHLxmtJDr9h7jheEy4tAWX,FfSySSbVJPvEo5a5AvrP3nySoXpRE2QPn1uUMpJJ1x7v,HL7Vcj6838ZmvBHDbQxXfjBNckNi83WvPiZQoMQLFeRM,1.3175683769999997,1.2990859060000002,3920.156075108375,2975.2961163459795,1.56806243004335,2958.2297952904983,0.84291808,0.961070228,5350.9974736580425
SEQV6QiTpvTzrceiaYg9Avnwf7oc8ZALpnQMz6TyT4A,3dFMPj4r9mMmPHF32mz1gNDX7f8ftidWof7S8YiYTs1j,Fc1ED3YPeQfXQosHbd8DTaBd2AV5gHQtwiSAL5C5pUhi,1188.7889932989997,1185.983319745,1189.4380196699367,1.0005459559052072,0.47577520786797467,0.9938885791269484,921.984823004,4703.190303947,5596.935314616155
STK75uPSyBnEhGTTzb1nwmP3n427XoXmfRhXxxhyady,6TYyD5fUmDe6N65avW1Ny2RxzRNobw2RRgKwH9CTzSAU,54zDfk4cx2vGrEajPtodWpArNe5eUurytyxd4X3aZAxK,1104.5720206369933,1240.127102261998,143317.7379509032,129.7495638792784,14.33177379509032,145.45198549960068,5247.230566588,940.889927882,817680.185735825
daob129AwBGn9Y5r91uLoWZeYiGzbPmksauMhFZKTze,6VW5GQNyj4LStgmxEHLr5zUfW92vQnmbw8jTnCH7a38F,4VPCCUifPeBA1c7HWK358CHn2nyjm8pdTRk6Ps3KmnMQ,46.675580480999905,41.93534650099997,6640.4448325675385,142.26807174408137,2.656177933027015,129.16197001453202,47.946048788,224.27189673,35788.59190935889
BUSD5rCfUDpCxKGMvYU2yThChxgHoioK74PTPociGnv2,CcFHbafgYDZ8yA8Me1PdtDiVb2eeaS61LbqyKKK5CsNZ,26R9s4nmF3CFDTkiePDwRmtscn8i7r2eygbSijditJ58,754.08245754,759.6871071399999,754.2676076096399,1.0002455302703155,0.075426760760964,1.0,72.5522467,74.88110835,147.45116882274425
HDSBGqAuMRr6X2AfmmbXQPpRgU6VEhtfNVVZ3wUTZXg,DCZ1d8kNLgDcdSd99y4udLgwq46mfDXNS9KXj96kQf5L,Fq8GGYQM5Pz3q7LmVMbrXHJgsxA5ev86kTq8yGgGuYsa,952.7614030639961,954.361078543996,947.2367799995085,0.9942014621428608,0.37889471199980335,0.9994463057471697,55565.720584457,54273.354272911,109486.82407865707
SAMyS8Jr2HJrkFwYVKbpUwsNStnQmvz3f8Tup8bWUWF,6jPzm5TFfquvgm25sTyN3MMGBfufRaFHMxobDWv6hMFW,Cj9ECoDmxsHTDzCY5ZA6RWrPbg9uFzEC1Qc2kso2vJG6,3969.787163709989,66.43728108000005,3989.32664626379,1.004922047895268,1.595730658505516,0.016279020589656405,404.66815872,112970.36477074,2245.7068489027806
ercAoEmXjQzEvAFbdjAo81KtMxRGn9AW1ju882upmPH,CMRhskR2Eg6V42RTSdRTXGdozyPbWB8U9dVpijPWb9T4,7TKLLgrWswt6ZJ1pXhVR3FyufHGjJFqiEXxvWJfDcgRm,272.758399078,272.6470400759998,35319.65917520161,129.49063821532894,14.127863670080647,119.44025043276189,645.144697711,918.995829525,193305.2906729626
vEnkoSUkpnbRrPgBz9DfcVxNz67zjwMYBZraAvDDNSf,DtfyjjsZ5yCjWKLKHvwsfXs5QVsmm1QkK6Sh9JZHoq1g,e5wrKCRv4GhHvEf1VD5Pq2KGaZDXP77nTL612Jyrxwy,2730.82811,2729.971197,2704.0365161975146,0.9901892053533589,0.27040365161975144,0.9943342832540186,707.952847,1236.304595,1930.307310351553
BerKDkt6v49dT1bHRedgnpsJS263C1DSJtEGvY9Mg35V,78XKqNb8wbfsMMrvo8WPUpdx7GEkfQutpNVH943aCGFa,DKYQwn4nDvFHCszi5tXbqfVMAP7DaXXp1KGTXEnYnKVH,0.0010395030003564898,0.0010395030003564898,0.0010582019968368675,1.0179884006818307,4.2328079873474703e-07,0.999603102590101,1338.317413093,5136.206757082,6496.559812882597
Lee1XZJfJ9Hm2K1qTyeCz1LXNc1YBZaKZszvNY4KCDw,9DgFSWkPDGijNKcLGbr3p5xoJbHsPgXUTr6QvGBJ5vGN,2hNHZg7XBhuhHVZ3JDEi4buq2fPQwuWBdQ9xkH7t1GQX,3090.0044614590224,2616.1973100139467,472600.0876769816,152.94479136571593,47.26000876769817,129.88359053314878,7145.946682815,56461.708620582,8426384.7677913
CZgvH45CRmoaNJ7395Ao5CQZXkGznvqU7cErD6n7FaRg,4ZjU6MKvtqVQKCiowhvZ5yUsPxXX5SCzd5eFsPeXyey5,BsyWeshjDbCvjDojry3vKDCesmFRM37WtwcR4Kfgzqr,42.70270556,49.589840000000095,49.86537850095252,1.1677334690395322,0.01994615140038101,1.0,241.37528389,1813.96985504,2095.831852637272
ALLwa5WNZbvQsRKAqe1jdRGemdYQnW8E5k4msbRFcYtu,CGoM82Hbz7QVqTgvQatYtjvDWBvoUJp5qm21P8iMs9yb,3dxNNww8TivyN5FMy5dCNdi3Zcxv6e4kUfSPxfFwpdNq,0.7629862150000029,0.7630409570000003,2263.919693193291,2967.182956501098,0.9055678772773164,2976.4207944662385,4.524989782,4.101838357,25635.269540806046
NorjjEePhxfwLF4vZjUHCrVVKLzQjEEGQFd3wgjEJmh,34M8pFVqgbV7aqHxvRT5tCv3vu2P1JJYT8J3VaxBK2oG,3AZWBSze3ucsY3xSeuLne3b2pauVqiaJ1SZSV5T9WGWw,0.012001999999938562,0.0010200000001532317,0.007116914382926143,0.5929773690187115,2.8467657531704575e-06,1.0,38120.278942,2260.702058,24865.164771286545
ALBpShJ9NLpE739pcHDF2LNVk5J4VYPvvKuV6jMPitZi,D6d156U1bPiJpDYRLextvDRccgFk7QzkQbJg42ceKEu5,GNcM8U5g8RwTZffwwm3kSQqUNPSwv5d2fbN9sLxPJqt2,37400.348303,37230.69335499999,37407.60537844341,1.0001940376433027,14.963042151377365,0.9970865132084049,41609.345101,58687.302055,100133.73625589118
Cob4usZcpHEY7Qt4ZCwj6WVg9S44zvzYV2v9qYF65dTf,NhFM9UXE48PyNAyeyPYA3iXztqKVJwA4bTdLj4ysM8w,6TuFuynuBoeskxyR2cz4wxyidk8dpDK7kAWw3UkjQGx,25.11968699999997,1822.9131340000022,0.3370915709658657,0.013419417645047331,0.00013483662838634626,1.0,66052.388295,241.678292,1128.0628769834407
MATgk4zXLXtYkwBH678J1xZbRDZ45LicNzkRBHkxTuY,y8dALFo1bJrSzPYjMX14HJX448pXqYmrfXHD1K8MXih,GN7Yuet3UyiWS5YVkEHv6oQKi4HGBJc3XDPt9zQhAqZz,27716.372924999985,27705.899769,27758.704950048806,1.0015273291769948,11.103481980019524,1.0,5173.562375,7155.988474,12337.45258176434
BUSDTd9WiT6uBHJRgNvFXBsA7JrifsAtWzKfioN7ERcy,DyBxrn7gSc1EwnpWhDyhzvMHPtxpmBqRqotapLcKcfTM,Cds99GeBgoCpqBsoRWu1C6fF9LiUMd4pXQQD24s9LPff,9736.395675560003,9767.59666092,9724.51203012383,0.9987794615346207,0.972451203012383,0.9498904301388834,481.05681147,388.74286791,849.7327931400212
BkwbeSfcX1h4thMDd7obGkHrPevf3QwgzJ4pCEqG18Lu,35yX27bmurdebhfAb8EPmjLETDiUaEUCn9zHaDPbakH2,2CxECn1ZJFoESyUnQysQU8rRgT3iJ5GRs2Mdd6gZjx5g,0.01154095999999838,0.01708008000000183,19.106284352026982,1655.5195020197336,0.007642513740810793,1076.4262648008612,0.90306211,22.63531303,25860.282392121255
AUSejoEUCh2DBs9mof6BNC8Pubs22w4cJa1ccV9h44R,4xkyD7AfGQDwsQMy9MosRRNGoVJ1zosNinesxg1TzHG7,Cbm5gsQe3nSiCsFrvepVzMCD9xLK3ri9g3ypS2hdmVJ7,513.4653309999994,513.4617400000025,513.4150163283992,0.999902009603059,0.05134150163283993,1.0,14458.101459,14416.193789,28872.87849289902
KEVpg4SYCVrqFxKijQH6hm4QxsRdoE51ud64bEEFUC9,2bPenuBYfqzD8p5dFjCcggwkHDsc2RQDnx9AoyYGUBjA,AE6n6iLuX8oYu61vt5hoDYkjswpnxFxrhSehxrnQTnbx,235.55979542500063,235.40862548199993,235.67816148211074,1.0005024883677478,0.0942712645928443,0.9996041027966709,2481.361348774,5149.851406131,7630.420798349691
iLiUBQ7Z7im6Ew3b4ewwPcehzWgEQRJ1iQz7g6D62NW,GpugBvKWM3TVhYcZjemSdtehBWgfvuGr6uAm9iPjXT6v,92fMXJ3xy8tEyMUWLHKRLyhPw2nECBo77GtDiBBbYrjX,0.003205474999958824,0.0010521069998503663,0.003133730763059307,0.9776182197956813,1.2534923052237229e-06,0.999603102590101,1865.637227489,1097.917861015,2921.363045382028
KwnjUuZhTMTSGAaavkLEmSyfobY16JNH4poL9oeeEvE,J63v6qEZmQpDqCD8bd4PXu2Pq5ZbyXrFcSa3Xt1HdAPQ,BnKQtTdLw9qPCDgZkWX3sURkBAoKCUYL1yahh6Mw7mRK,281.4366780000209,16735.674251000248,4.594452172697101,0.016324994330329468,0.0004594452172697101,1.0,281455.271116,502.13753,5096.893235210044
BSCNHw8CmxbZ8hCWWzMf5FaG2ajPT6JxfznKUNuRVrn4,7n9kgNL633yGzCYksgnzHyjG73ZLBAwvEae5sbAekbzW,SscdxE99omdG9AiMVwmaEMQySQnCgeAh1sPj2Leutm2,806.5126887349998,804.9795077070012,808.2903941304265,1.0022041877583043,0.32331615765217064,0.9964057393106096,4823.169332374,6867.542003929,11676.658770844188
heyk4SZTeCUV6a65WiVA5bzic3KcxgVf1qxobfeV4tQ,9ZDpBKPqMABtGfq66FbVribaArMvtk63xxy91onZAtDt,DaTP4s6N7xxSPinbNZ3FB52EpRDRt87QShTuN3VPCW52,191.07580836300133,165.90662753400056,28557.71816061443,149.4575289529125,11.423087264245773,129.73330335629137,623.425448382,4475.592785346,673809.0635220569
BkMBnJpvHKtWhUvrgRrLesXfi9RUV3ELgdBaJcdH7hcY,5uerVwBnZQsuVhZ15igs7ZgmcqhHnYWbwoRtLyRqLvR,9YWiQh5d4jCtgMdzcGLv9bWgnLaFtzvDDh2nnhJdzhBX,0.027809854000224732,0.02575304399988454,0.027901874129988565,1.003308903734737,1.1160749651995426e-05,0.9943632124884748,1114.122438073,1759.333019481,2867.2249950574696
SRMuKizofcAMicegrfSv7xs9q76tH1w8aAF7oX9FEWu,72Hj2KWntXPfbie4UgKeTPnm1XVkomDfCnRPKbvfTtPi,6aqJQ5wedqpUt4fFEDUqUmXhrdxCu4bEJsQdVPCADLko,0.025669999999990978,0.025669999999990978,0.0010661386836684698,0.04153247696411549,4.26455473467388e-07,0.04178346188851052,17971.450574,3892.848795,909.0555562400116
wrmcMSHFi3sWpAEy4rGDvQb3ezh3PhXoV2xNjgLBkKU,8p4mGnARWPBu6P2Gcw4adodLkNDorrXniZMhaY7eJXUn,AyY89zccbsgp9LKFgH4CFZMJmpSgqmPSdTfukhP227rc,0.009313809999999978,0.11212685000000633,2.4023983202987913,257.9393739295516,0.0009609593281195166,2958.579881656805,27.16778681,0.08770875,7267.135264018196
MARpDPs5A7XiyCWPNH8GsMWPLxmwNn9SBmKvPa9LzgA,6YjT74rmcfCpw8LSjPNx5JTmZoYLGrTKnf9arfSgZ4SR,F8GSmi3vA8M8TsybLya1LQ4n1aFHCRbZ6k437PeTdXtg,45541.63013899999,47758.52987699973,42937.02713590863,0.9428083053869237,17.174810854363454,1.0,318353.365175,16823.801865,316969.99859986623
WiiQFxXqp8P9Fs1rt9SVcDyA3KUdJmUsog6wnVQAwba,3S2jpqSYxho6wiz3cafhjXruVY8cg4HYa2v3BqBHYFSj,Dfe67M6TfrG74gKRtdqys4e6E9QirPD53BkF4FujFjuv,8620.970632470999,8613.262834067,8618.293428563762,0.9996894544684849,0.8618293428563762,0.9920993208249761,13491.771426189,13294.729248049,26677.273474401733
C2ypsDADXcCRz8HbV2zX1AXPSja7a1P3xZtRC91xGhJh,J9bYNuDpY1d1T86gLaw7DGk5D3CsUAf2tzUwxMvb6FTv,A2NGvvPrMGzsJ4jb52KEnSBVmsA7C34dV1GC7PerdgvG,0.3994825100000008,0.40083956899999995,51.36658587808378,128.5828154981896,0.020546634351233516,129.27213711016532,4.137743216,2.887357051,905.2974891046882
Lid8SLUxQ9RmF7XMqUA8c24RitTwzja8VSKngJxRcUa,4PgzyzLtds9bKZ2to9PMnKqJzKEUpjvNUaeN23phegax,AtymwxoVN9peZo7EXTcDz9jKVc4vRmisJKKrNfe3ewBa,306.9354859939949,260.68493517399907,46557.12561629031,151.68375030185067,4.655712561629031,128.948383380565,984.683745564,7679.631253777,1139636.5585218263
SoNcU2iwHMw6dGzsYNQkYFkUjwN1UdAjrWVRnStrZu2,8ivTTid27jZnYNc4w3CTA1Z6QS2twsFb8WMwUabeDJgc,CyXm53PMvHCbeXJBykU46Rcbo28xk5srhMZFg7gv6EYB,18.388640918000007,18.24284706,2801.2308835756535,152.3348515024634,1.1204923534302613,147.12455358732328,22.594833033,27.14305316,7435.390113966994
KEnkcdADoLR5jS2CLLLesy8TtFsyWL37BhXNfDMzWzP,3qsjFRuw1qeLMPo4DLwaQevenGAGBj9dA3Q6rb8ax2YR,77iEv8zPQAEyCcEbvBRSB6AFcUdfkhiqnAKtPxk76rNN,0.07002900000000001,5.9381329999999934,0.0009416738165019566,0.013446912229247262,3.7666952660078265e-07,0.9983457411069857,115.085978,0.335877,1.8828724174688725
TETFuZgEmET6d9vYmz9iMFCxK1jKdKYxf3oPz8hSzJK,Eu1Ze6Z84LWNkq7SNoAHBJbXx5t1P95EwyqYohrfCRFV,ASMbv7WNu3qe4pkhREmvyEdwFNDZQ6B6iSrjkj4u8bdC,231.416711206,231.50109899999998,232.45913654545802,1.0045045378703445,0.09298365461818321,0.9931453110630429,61.52424419,290.909653764,350.7169410565881
7dwD9TF6uikvHXxPFK9AsSim54yJoujQjY9vU6gNFumk,CquVr6atkvwueDYficKjn6SSEWq4F4rH4VSiBbW4GBWU,8BCa6ge3b7ho3TfZuM64Vk1hgbrJ3J7EPiAb9uP86CGd,4.204599999999914e-05,4.214100000000075e-05,0.006384827780788563,151.8533934450053,2.5539311123154253e-06,153.6576513673841,0.003905817,0.003602213,1.146619154930249
BUSDgu5JdqP1rndBvXvanbEufS94FNh1w5FJcAj6vawb,Bgzr8cWubt89JQFXndVjtdKmDbGzuPxNhvjH1EhWCwbo,Dxaf8xPBBQsasRKW5Aa4Sw2YrbfGofY9xZueyyF23FBW,19155.356282209985,19075.786652669998,19246.757787670587,1.0047715899466454,7.698703115068236,0.9997443853555523,5203.68917523,9804.34596208,15030.358873856858
ACUSESXyNnwRLAg1dpSGMLSzUDdLjUMybY8rkXiAKhCP,AhFPQdu8GKBsxuhiH46UmCu1YpaLgNpoP325HnYtsgas,A8wxWpT3aFEr2XqZp1kDmbxbFfcBE95UUmdsNTDBJYbT,0.0,0.002101544000197464,0.0,0.9969546435255628,0.0,0.9874875316614918,1044.554751969,1841.328673742,2859.662817403203
GokA1R67GqSavkd15zR62QD68Tuc5AEfvjssntVDEbM8,3YB7hfpBdbQEuZqLGWVDpRPmeZWCUsrrWyqGXegnQ6Cg,4DPCj6Z1DsG6HUtwSogBGqXEUxdEV5a8YVrrFtcnz7UW,30379.863256000033,30365.43175699999,30390.651937437822,1.0003551260697547,3.0390651937437823,1.0,23447.068596,39321.501928,62776.897189317766
SQDY9uoDoCbNq7F3HAHYYQZbrUzpKxDtdWLvYcqBLak,GiehZ4X2uQjhEKuxSm3ACmEFrabxh3RTvjbLfLjw1xGX,rxDQYV77NKRKYxCjq4cECX3QQsiSyLv1T1FT2X3zNA2,0.0032199070000160646,0.0010906050000016876,0.003225796384862854,1.0018290543319295,1.2903185539451418e-06,0.9996030985932757,168.702204443,237.867719244,406.78407915246027
FrnkTEL6yZ5Aycq2TrEgu29dCrwKG4LPUZydfiwqspkc,DjvZuMZ46fxKBoBpGMPcRcos4xdTtHFxwMh69DpA2ZFY,9rvDPJLAng4uVVqnnSoEXgNDFhBZQTny9AoQioYDZbQX,328.4001681309974,275.29292035400044,50838.17433010946,154.80556730357804,20.335269732043784,130.14017919261553,175.834538223,1442.42269227,214937.31308468693
HEDSDjj84KS7LKhZY7ejkCACTdPen62rKhCby1wXtgxc,EnnjMSFttpCTywBrYNt1J5QQeoSVkvzPipJDa8Y7kJow,6bjVT6JN2rSvpyn9PdfLYC8wJn4LWh49jpY47fnLDXZk,25.030035284002224,25.85011794500315,24.216091991300974,0.9674813365835934,0.009686436796520391,0.999604105794296,39151.86300302,9072.043279767,46947.14845829817
B2izdXFYb2sNwbWWHmh75T4aQFtfXsUxem9u2p61HGzf,4DYwgJtxwuJdAjkj5RJSNH4e7U329V5cNp7d3a1nLrZv,EXNW64GEf1ACC6xY9BtKRiunrs6GoJSXBdxWN2eTPmrF,147532.4682230003,146458.87904899957,142837.2645015692,0.9681751157695394,14.283726450156921,1.0,13163.541178,26644.17786,39388.790863947244
Sid7E679i9ABqptiAVhkmQ27YHN8vaYT4fppPwmxFsJ,GP7KB8o1bv527HG8kTzzzf4wJ5aEGHvcMQvVhLziUfmT,9gYxhAZ1M9wu5pxr8SBoa5NDm21gi3s9vMHaYTME77sa,1502.0273589999997,1799.4718890000076,20.202236018612613,0.013449978722133661,0.008080894407445046,0.016443228135205233,103324.938868,27988.489961,1849.9393548289859
KEN5P7p3asnb23Sw6yAmJRGvijfAzso3RqfyLAQhznt,9zj4aX38Uxf3h6AUjS4EipWS8mwbEofasHAf3a1uKGds,CwQDG1MWunn9cLNwcZLd8YBacweSR7ARo32w4mLua1Yr,870824.1089650013,871823.4704190001,858794.1209191657,0.9861855133292834,85.87941209191656,1.0,1061159.843081,1005767.135413,2052267.599986258
BSCuChvaSj9b5HUSqgDVRzcnr2sSn7cXaamt1jbKH6hn,GnKpRj5kBVPMJfiwZtEuD9GYApLzPdW5JFuZTcyX4BTc,3dmwD9okkomV9nDwyuh4UMhKdUR13QpuKxRo89ycZB5t,161.12948544000005,161.36818751300007,160.91125373581343,0.9986456128523549,0.06436450149432538,0.9963821364625047,1759.397918549,1349.202649418,3101.336430968502
ZUCKWFa4LTL833dPhhpeeRWZcaAEoMeYJPi2iKn4F8N,7eEYpq6ShaJ9opZWMxitRFrdCHh6vfyHhGfoSvFht3N2,H8VggnHmuwd1wvwpT8eg9cUJFEfZ7HAaeYjgXrSm7A2u,0.0010795400000915834,0.0010795400000915834,0.001080741195296802,1.001112691706761,4.3229647811872083e-07,0.9890635357828792,1817.011925129,2030.15371529,3826.984711056653
MATSnbbiTCv7Dc3trJrkrqjx7ckKdr6fwPoVwv9q3sD,631WX9JizSHJm4w6VanZeJAst9T8DeUUnPLesdGkCVtK,211maUSfpnXbPuW1iBu8b4dtJv5EbN1j7JJiEX5TZKEP,7032.837647999997,7028.931955999989,7023.033493243429,0.9986059460992455,2.809213397297372,0.9975470318486841,20898.802127,24644.74577,45453.96106390267
parEAJhzYzHW87y9VoZAQ22dzQ2MD2ekEtTReaxbMcz,3oyc6hpjYSJEquK6dSvG72NXyz3pqLZz5D8AC71pwgQb,Di2vordgFJVZ1aj1aBpvzXtLfZgJsuLLXawGtVFwX6Rz,22.607077806999968,26.63168893700049,2173.224414569077,96.13026650866696,0.8692897658276308,150.07880638123078,1105.800773923,141.094377763,127476.19890448169
RajgMbScQbqqrdJfR2rxfHJiTiY5b6bJ2tTXiF4aPxy,725ZA3fhyBAKb5iopNRrcbSuQa3LXA1656Q3mBvYPxeg,GLA6i1dSZpUfk2f9Nj8uiG7xyDdAR2reff8oEiZH3617,982.8563188400003,983.5822134100017,982.6628128788882,0.9998031187698518,0.3930651251515553,1.0,79155.6703148,102746.04423784,181886.1302868952
