0,1,2,3,4,5,6,7,8,9,10,11
Dg3mAgpwDfVNnbGWcsxL8sUcSkEbjSJQhKAWNigG44Ju,EATxwd8YA2wV93VJcKMmH2Kn2Y9XfJVUB9hHVu3udwEy,GiGvrRi7NMHfHKanG2B8xyCEqe8jaafWins8bhrLVEaa,0.02309060600000004,0.023126019999999997,4.266485960137404,184.77150232165394,0.0017065943840549615,182.3908226774535,0.197638876,0.261934611,84.29250122367183
parEAJhzYzHW87y9VoZAQ22dzQ2MD2ekEtTReaxbMcz,3oyc6hpjYSJEquK6dSvG72NXyz3pqLZz5D8AC71pwgQb,Di2vordgFJVZ1aj1aBpvzXtLfZgJsuLLXawGtVFwX6Rz,1.4735895850000134,1.6807956589995285,221.05911783047506,150.0140338128632,0.08842364713219003,178.5333308338667,1100.854525706,141.951632992,190486.72589767174
KEVpg4SYCVrqFxKijQH6hm4QxsRdoE51ud64bEEFUC9,2bPenuBYfqzD8p5dFjCcggwkHDsc2RQDnx9AoyYGUBjA,AE6n6iLuX8oYu61vt5hoDYkjswpnxFxrhSehxrnQTnbx,2128.236990540999,2128.174409837,2130.5538592046373,1.0010886328326853,0.8522215436818551,0.999984963226108,2714.138543003,4921.55738667,7638.57662565775
WiiQFxXqp8P9Fs1rt9SVcDyA3KUdJmUsog6wnVQAwba,3S2jpqSYxho6wiz3cafhjXruVY8cg4HYa2v3BqBHYFSj,Dfe67M6TfrG74gKRtdqys4e6E9QirPD53BkF4FujFjuv,25347.008163022,25368.833364284,25362.533914245203,1.0006125279608287,2.53625339142452,0.9999849652260477,10317.359799524,16481.315834309,26804.747512334136
vEnkoSUkpnbRrPgBz9DfcVxNz67zjwMYBZraAvDDNSf,DtfyjjsZ5yCjWKLKHvwsfXs5QVsmm1QkK6Sh9JZHoq1g,e5wrKCRv4GhHvEf1VD5Pq2KGaZDXP77nTL612Jyrxwy,776.8586989999999,776.9295059999998,775.5836394966674,0.9983586982999948,0.07755836394966674,0.9979731166001852,995.925215,949.190615,1941.5573175507388
STK75uPSyBnEhGTTzb1nwmP3n427XoXmfRhXxxhyady,6TYyD5fUmDe6N65avW1Ny2RxzRNobw2RRgKwH9CTzSAU,54zDfk4cx2vGrEajPtodWpArNe5eUurytyxd4X3aZAxK,346.6846578979999,389.6834631700033,54098.659270411306,156.0457263912959,5.409865927041131,175.08866489990533,1876.434220719,334.620526658,351397.802258234
7oAd7xG4m3oC2qeWB1szghTebAZyyGPAFDJ4wwwbRSNi,D9yh4KAysxt9GLacVe4Wwh2XqghhcjTCSTV9HuM7TBJd,HDYfJLpZKaMFb84jM4mRytn7XLR8UFZUnQpSfhJJaNEy,6.891136422999921,301.2480248369975,6.890915638062878,0.9999679610265287,0.0027563662552251515,0.022772700710578776,955.422501512,300133.903846281,7790.251456144805
C98Sspw7XqnMsgxea3SLQVdbMDL8pKUc3RE82UvX9eq2,CSqgQJurPCzGxb4Cgwx5R61hWQUiaoUHcShNc8r1cKEL,6S2CR5EnukPhC914XkAns8m5GixjMAoUuZMsS5ubHuWc,37.32901200000015,37.21892200000002,0.0,0.0,0.0,1.0,886.307407,1233.29765,1233.29765
KysFMBBoavfov2tLpvefWW6tPFt6rAeZWDJVy1mMQae,B8ka2V21TH3x64dFV8ETcjuQcwmrciJ2qzy1mJUttRew,7fSf7EYxBANyxzk2s5pymFgshA91tFYQNKKs5UnLWcYS,10.865540999999666,14.441882999992231,0.0,0.0,0.0,0.02020650727127123,134471.032846,2635.307443,53.250359009014694
heyk4SZTeCUV6a65WiVA5bzic3KcxgVf1qxobfeV4tQ,9ZDpBKPqMABtGfq66FbVribaArMvtk63xxy91onZAtDt,DaTP4s6N7xxSPinbNZ3FB52EpRDRt87QShTuN3VPCW52,48.2922686339989,42.00682360299959,8629.926950894449,178.702040616472,3.4519707803577795,156.16947511439415,630.435234311,4467.7935713,810393.0397972849
KZMu9QBEdL97EFgamLbN5DE1AoKBG4HdrKKJo4Vuon3,DD4ACBWyVqdaKWh7v5btsgqQCCMwbKnuL2xd9pv7Gyuw,GcYqiJ1MAuYbNTNYXm1F1gQYTfTgkErACAhNU5dpVj9T,446.8783324399999,454.4475605100006,434.99570272714146,0.9734096982326753,0.17399828109085658,1.0,2463.67376455,931.71038091,3329.8743166043746
SEQV6QiTpvTzrceiaYg9Avnwf7oc8ZALpnQMz6TyT4A,3dFMPj4r9mMmPHF32mz1gNDX7f8ftidWof7S8YiYTs1j,Fc1ED3YPeQfXQosHbd8DTaBd2AV5gHQtwiSAL5C5pUhi,139.64821182100013,139.93000600000005,139.93482563118377,1.0020523987127814,0.05597393025247351,0.9988612981201431,1395.068341171,4230.789627057,5623.903596594052
ALBpShJ9NLpE739pcHDF2LNVk5J4VYPvvKuV6jMPitZi,D6d156U1bPiJpDYRLextvDRccgFk7QzkQbJg42ceKEu5,GNcM8U5g8RwTZffwwm3kSQqUNPSwv5d2fbN9sLxPJqt2,2245.9070569999967,2243.559492000015,2251.102601804963,1.0023133391868433,0.900441040721985,0.9984773220838222,41130.479738,59174.042658,100309.56813858528
TETFuZgEmET6d9vYmz9iMFCxK1jKdKYxf3oPz8hSzJK,Eu1Ze6Z84LWNkq7SNoAHBJbXx5t1P95EwyqYohrfCRFV,ASMbv7WNu3qe4pkhREmvyEdwFNDZQ6B6iSrjkj4u8bdC,77.49094696200001,77.44489088800002,77.53125359999657,1.000520146411636,0.03101250143999863,0.9989241586811004,112.396515356,240.152574667,352.3491866044759
SAMyS8Jr2HJrkFwYVKbpUwsNStnQmvz3f8Tup8bWUWF,6jPzm5TFfquvgm25sTyN3MMGBfufRaFHMxobDWv6hMFW,Cj9ECoDmxsHTDzCY5ZA6RWrPbg9uFzEC1Qc2kso2vJG6,348.33513225000934,7.047254350000003,339.07279596732064,0.9734096982326753,0.13562911838692826,0.020091348958592672,466.23531965,109622.03804016,2656.2926016228967
BUSDgu5JdqP1rndBvXvanbEufS94FNh1w5FJcAj6vawb,Bgzr8cWubt89JQFXndVjtdKmDbGzuPxNhvjH1EhWCwbo,Dxaf8xPBBQsasRKW5Aa4Sw2YrbfGofY9xZueyyF23FBW,5358.973215899998,5325.643289419999,5393.634002472044,1.006467803658583,2.1574536009888177,1.0,4873.02369611,10159.76950234,15064.310958940061
B2izdXFYb2sNwbWWHmh75T4aQFtfXsUxem9u2p61HGzf,4DYwgJtxwuJdAjkj5RJSNH4e7U329V5cNp7d3a1nLrZv,EXNW64GEf1ACC6xY9BtKRiunrs6GoJSXBdxWN2eTPmrF,2508.8956160000052,2475.020487,2525.4702774307834,1.0066063575244328,0.25254702774307836,1.0,9280.678212,30600.789744,39942.77943433769
BkMBnJpvHKtWhUvrgRrLesXfi9RUV3ELgdBaJcdH7hcY,5uerVwBnZQsuVhZ15igs7ZgmcqhHnYWbwoRtLyRqLvR,9YWiQh5d4jCtgMdzcGLv9bWgnLaFtzvDDh2nnhJdzhBX,10.280839572000104,10.247164445999942,10.318489190389005,1.0036621151536533,0.004127395676155602,0.9999097371481179,1117.77178196,1755.680333903,2877.3870521301105
4Fss9Dy3vAUBuQ4SyEZz4vcLxeQqoFLZjdXhEUr3wqz3,,,5.4570000000000096e-05,6.413899999999995e-05,0.0,0.0,0.0,0.9999097371481179,1117.77178196,1755.680333903,1755.5218611890687
YakoMPuYrybnr9R7VC7hVGxMz94fJvPFCdZ4gmW61Ed,,,0.032194999999999974,0.032246999999999915,0.0,0.0,0.0,0.9999097371481179,1117.77178196,1755.680333903,1755.5218611890687
GokA1R67GqSavkd15zR62QD68Tuc5AEfvjssntVDEbM8,3YB7hfpBdbQEuZqLGWVDpRPmeZWCUsrrWyqGXegnQ6Cg,4DPCj6Z1DsG6HUtwSogBGqXEUxdEV5a8YVrrFtcnz7UW,9659.986274999985,9659.119106000002,9661.271224072787,1.000133017691353,0.9661271224072787,1.0,15570.763346,17013.742356,32586.576888992888
RajgMbScQbqqrdJfR2rxfHJiTiY5b6bJ2tTXiF4aPxy,725ZA3fhyBAKb5iopNRrcbSuQa3LXA1656Q3mBvYPxeg,GLA6i1dSZpUfk2f9Nj8uiG7xyDdAR2reff8oEiZH3617,1753.9028803499968,1753.4615401699994,1754.9130960737516,1.0005759815637871,0.7019652384295008,1.0,71498.95109007,109895.93443737,181436.067605098
AURHmCnNwiW4uA2Qj1XvEh4iKgRUZYXtiY7FKAapUV5Y,BKWm4TRnTeKwfWXRyuzjRHU7iZDkPuXBX5b5V5jSVfGJ,A5Ww74HVrkj9nPeC7pHKLfgeDMEhBCpW1efQdz3TGLEg,0.00841586699993968,0.007509679999998298,1.4683079664014005,174.46900793607176,0.0005873231865605602,156.4752754981938,289.906469003,1809.480038588,333718.5815877426
FrnkTEL6yZ5Aycq2TrEgu29dCrwKG4LPUZydfiwqspkc,DjvZuMZ46fxKBoBpGMPcRcos4xdTtHFxwMh69DpA2ZFY,9rvDPJLAng4uVVqnnSoEXgNDFhBZQTny9AoQioYDZbQX,63.71435137599809,53.30666299800001,11855.641488747695,186.07489886829245,4.742256595499078,156.6982058368828,174.916519136,1441.125749195,258369.39289281503
RoBgmK8CvjdHvPrqdDyVw54VwjZv2TqJ493xnqJAQHx,ExiHJxM7qPAcy27NDHAF6G7vnW7muNHi2sVJpnaNynGQ,6rkPHSqZb7StM4HwS9EuVrmfkV7tRdc7dnsFhyB6cefE,14.441883000000416,0.23047800000000151,0.0,0.0,0.0,0.9381417475892103,6308.7693,18.236733,17.108640566937822
SoNcU2iwHMw6dGzsYNQkYFkUjwN1UdAjrWVRnStrZu2,8ivTTid27jZnYNc4w3CTA1Z6QS2twsFb8WMwUabeDJgc,CyXm53PMvHCbeXJBykU46Rcbo28xk5srhMZFg7gv6EYB,2.4974795569999984,2.4765183000000093,462.64314629553616,185.24401731290587,0.18505725851821447,166.35339549737918,21.984739489,27.772932531,8692.663091971512
ALLwa5WNZbvQsRKAqe1jdRGemdYQnW8E5k4msbRFcYtu,CGoM82Hbz7QVqTgvQatYtjvDWBvoUJp5qm21P8iMs9yb,3dxNNww8TivyN5FMy5dCNdi3Zcxv6e4kUfSPxfFwpdNq,5.320545388999996,5.311882640999999,17034.466891848613,3201.639239290517,6.813786756739446,3222.5423280934792,2.65837918,5.975258645,27766.69500041994
2jQoGQRixdcfuRPt9Zui7pk6ivnrQv79mf8h13Tyoa9K,,,8.168500000000018e-05,9.735700000000017e-05,0.0,0.0,0.0,3222.5423280934792,2.65837918,5.975258645,19255.52390481899
YAkoNb6HKmSxQN9L8hiBE5tPJRsniSSMzND1boHmZxe,CfWX7o2TswwbxusJ4hCaPobu2jLCb1hfXuXJQjVq3jQF,EnTrdMMpdhugeH6Ban6gYZWXughWxKtVGfCwFn78ZmY3,5829175.516621011,5831284.077034985,5829175.516621011,1.0,582.9175516621011,0.9994153420249153,1077290.515563,318304.709041,1395409.125217352
BUSD5rCfUDpCxKGMvYU2yThChxgHoioK74PTPociGnv2,CcFHbafgYDZ8yA8Me1PdtDiVb2eeaS61LbqyKKK5CsNZ,26R9s4nmF3CFDTkiePDwRmtscn8i7r2eygbSijditJ58,34.51213873999999,34.641877580000006,34.51925522965813,1.0002062025107095,0.0034519255229658137,1.0,82.64143335,65.11595586,147.7744300810454
BUSDTd9WiT6uBHJRgNvFXBsA7JrifsAtWzKfioN7ERcy,DyBxrn7gSc1EwnpWhDyhzvMHPtxpmBqRqotapLcKcfTM,Cds99GeBgoCpqBsoRWu1C6fF9LiUMd4pXQQD24s9LPff,1038.6309892200002,1040.05747337,1039.7534342448705,1.0010806966444485,0.10397534342448705,1.0001743804032233,192.77881147,225.16136673,418.18777734459707
JSoLLrxK5bYdHwTEWYaGgmeycBCNXKDiBCTw5hXGBg7,xG4wXczA7Dk4hccJ61CHKpDHW4NrNfQwgmWgkb9BuF2,BVR6WgfhsRr9Lob4QDnkEAiNGgAbv7ZieKcY9kSg3QYR,1.882855740000025,1.604483861999995,343.0835203612848,182.21444854892613,0.13723340814451393,155.7844721827352,17.240793909,163.674739137,28639.50460077853
AUSejoEUCh2DBs9mof6BNC8Pubs22w4cJa1ccV9h44R,4xkyD7AfGQDwsQMy9MosRRNGoVJ1zosNinesxg1TzHG7,Cbm5gsQe3nSiCsFrvepVzMCD9xLK3ri9g3ypS2hdmVJ7,1499.7057640000003,1500.780611000002,1500.4289707639084,1.000482232436034,0.15004289707639085,1.0,14297.155714,14578.216519,28882.26678522832
wrmcMSHFi3sWpAEy4rGDvQb3ezh3PhXoV2xNjgLBkKU,8p4mGnARWPBu6P2Gcw4adodLkNDorrXniZMhaY7eJXUn,AyY89zccbsgp9LKFgH4CFZMJmpSgqmPSdTfukhP227rc,0.007131310000000002,0.06538275000000127,2.3543446682073297,330.1419610432486,0.000941737867282932,3221.6494845360826,27.07472449,0.09655161,9249.5580824219
NorjjEePhxfwLF4vZjUHCrVVKLzQjEEGQFd3wgjEJmh,34M8pFVqgbV7aqHxvRT5tCv3vu2P1JJYT8J3VaxBK2oG,3AZWBSze3ucsY3xSeuLne3b2pauVqiaJ1SZSV5T9WGWw,0.001243000000158645,0.001243000000158645,0.0007364551210640058,0.5924819959533479,2.945820484256023e-07,1.0,38124.371737,2258.308633,24846.31249420517
HEDSDjj84KS7LKhZY7ejkCACTdPen62rKhCby1wXtgxc,EnnjMSFttpCTywBrYNt1J5QQeoSVkvzPipJDa8Y7kJow,6bjVT6JN2rSvpyn9PdfLYC8wJn4LWh49jpY47fnLDXZk,0.00011342400102876127,0.00010989499969582539,0.00010989288057158326,0.9688679607036379,4.39571522286333e-08,0.9998984083219177,39118.113045422,9104.779955533,47004.14139855113
daob129AwBGn9Y5r91uLoWZeYiGzbPmksauMhFZKTze,6VW5GQNyj4LStgmxEHLr5zUfW92vQnmbw8jTnCH7a38F,4VPCCUifPeBA1c7HWK358CHn2nyjm8pdTRk6Ps3KmnMQ,18.863746593999934,16.87340294400002,3295.186505974079,174.68356508893052,1.3180746023896317,156.4193239181414,47.884641839,224.413435293,43467.25777612171
MATgk4zXLXtYkwBH678J1xZbRDZ45LicNzkRBHkxTuY,y8dALFo1bJrSzPYjMX14HJX448pXqYmrfXHD1K8MXih,GN7Yuet3UyiWS5YVkEHv6oQKi4HGBJc3XDPt9zQhAqZz,1642.2840739999992,1635.5106659999992,1647.9497251550824,1.0034498606208144,0.659179890062033,1.0,3262.630355,6809.025993,10082.911967981989
BSCrK1Nx9PXU9mF7STWWBqeHLxmtJDr9h7jheEy4tAWX,FfSySSbVJPvEo5a5AvrP3nySoXpRE2QPn1uUMpJJ1x7v,HL7Vcj6838ZmvBHDbQxXfjBNckNi83WvPiZQoMQLFeRM,0.006835692999999865,0.00683845499999991,22.085960116831657,3230.976013234078,0.008834384046732664,3201.741747510646,0.84511932,0.95907308,5801.264570390313
DFWzVTzNBrQZLjoQ4yQwkj9HuoXmfkuZP9V5vbymZe23,DhgiEgiNdqZdRdo195UUHnoEJUtefK8buko8nU97XJUZ,2K2kkXsouBHtWVjtcgkyiXd8eP3oVBvq1bTJzcVdLLr2,605.8120656640003,669.0370634030041,545.7963675012899,0.9009334716750313,0.21831854700051595,0.9999064097599529,58680.699852826,9911.59688677,62778.07589676515
SRMuKizofcAMicegrfSv7xs9q76tH1w8aAF7oX9FEWu,72Hj2KWntXPfbie4UgKeTPnm1XVkomDfCnRPKbvfTtPi,6aqJQ5wedqpUt4fFEDUqUmXhrdxCu4bEJsQdVPCADLko,104.69612899999993,103.9823620000002,4.957946769666962,0.04735558818671286,0.0019831787078667847,0.0476057429473639,17864.056964,3999.810546,1036.3768776221953
ercAoEmXjQzEvAFbdjAo81KtMxRGn9AW1ju882upmPH,CMRhskR2Eg6V42RTSdRTXGdozyPbWB8U9dVpijPWb9T4,7TKLLgrWswt6ZJ1pXhVR3FyufHGjJFqiEXxvWJfDcgRm,44.74613128799996,44.650604810999994,7028.458259285979,157.07409907794363,2.811383303714392,153.070182219337,317.511111465,884.91832688,185327.38132535384
KEN5P7p3asnb23Sw6yAmJRGvijfAzso3RqfyLAQhznt,9zj4aX38Uxf3h6AUjS4EipWS8mwbEofasHAf3a1uKGds,CwQDG1MWunn9cLNwcZLd8YBacweSR7ARo32w4mLua1Yr,114937.92086900026,114944.49413399887,114821.60658153317,0.9989880251305429,11.482160658153317,1.0,1143070.240462,1127975.930004,2269889.412108628
iLiUBQ7Z7im6Ew3b4ewwPcehzWgEQRJ1iQz7g6D62NW,GpugBvKWM3TVhYcZjemSdtehBWgfvuGr6uAm9iPjXT6v,92fMXJ3xy8tEyMUWLHKRLyhPw2nECBo77GtDiBBbYrjX,68.25840760699975,69.31786146899981,66.91814247545452,0.980364834479265,0.026767256990181808,0.9997984096468646,1832.014987429,1130.86535494,2926.6804533081136
MATSnbbiTCv7Dc3trJrkrqjx7ckKdr6fwPoVwv9q3sD,631WX9JizSHJm4w6VanZeJAst9T8DeUUnPLesdGkCVtK,211maUSfpnXbPuW1iBu8b4dtJv5EbN1j7JJiEX5TZKEP,1335.2952650000116,1335.1227469999903,1330.9430811247335,0.9967406580481823,0.5323772324498934,0.9996261398237059,22054.053165,23493.515821,45466.90399534509
Sid7E679i9ABqptiAVhkmQ27YHN8vaYT4fppPwmxFsJ,GP7KB8o1bv527HG8kTzzzf4wJ5aEGHvcMQvVhLziUfmT,9gYxhAZ1M9wu5pxr8SBoa5NDm21gi3s9vMHaYTME77sa,561.1063190000004,1235.5728590000217,5.174253963928639,0.009221521463437013,0.0020697015855714557,0.020214706870376468,128133.262515,11727.152959,1418.6445899525347
Cob4usZcpHEY7Qt4ZCwj6WVg9S44zvzYV2v9qYF65dTf,NhFM9UXE48PyNAyeyPYA3iXztqKVJwA4bTdLj4ysM8w,6TuFuynuBoeskxyR2cz4wxyidk8dpDK7kAWw3UkjQGx,113.45906400001283,555.5717309999891,1.046265193897592,0.009221521463437013,0.0004185060775590368,1.0,70773.162967,190.297338,842.933579335516
Lee1XZJfJ9Hm2K1qTyeCz1LXNc1YBZaKZszvNY4KCDw,9DgFSWkPDGijNKcLGbr3p5xoJbHsPgXUTr6QvGBJ5vGN,2hNHZg7XBhuhHVZ3JDEi4buq2fPQwuWBdQ9xkH7t1GQX,800.2149009451477,676.329991693,148739.57563451485,185.87453877556635,14.873957563451485,157.41053375550837,6929.613313254,54972.172774701,9941237.736659821
BSC8REUo9LpiiWUuqMuLXs2D2yJsJfGd4HdiF3wCLxk5,AZjEH1zWVx1UJ6udMyRijGTzPteuLnaY18yNNmprJEsh,Caf8ypkSVR8xYnXNhjvfvdGCC7mrM3C11rz8Xi6NA6aK,149.96210618099985,150.0,149.99804976367056,1.000239684434862,0.05999921990546823,0.9998984093217146,3135.385063614,3214.752251824,6350.562229573265
SoN9GaFpSXfpyR5dth3x7PHPVhvJMpQqqDJfCSmPv1t,9kZ9iS68ViMPtoeqtnhAKuF2iqVyfHPdZHoUNdwCELr,BBhm5fJLjw3HRzjtKB8uMEYjGhY6EDm9co3cqpjrSzB9,0.29288587099999885,0.28748326499999965,54.53651981750497,186.20399690603438,0.02181460792700199,182.1597810876615,3.672653768,5.981392537,1773.4319659928994
KwnjUuZhTMTSGAaavkLEmSyfobY16JNH4poL9oeeEvE,J63v6qEZmQpDqCD8bd4PXu2Pq5ZbyXrFcSa3Xt1HdAPQ,BnKQtTdLw9qPCDgZkWX3sURkBAoKCUYL1yahh6Mw7mRK,102.13550300001077,3670.1194650001266,2.0545587826822955,0.02011600983334932,0.00020545587826822958,1.0,277956.14712,566.988938,6158.3575267058095
MARpDPs5A7XiyCWPNH8GsMWPLxmwNn9SBmKvPa9LzgA,6YjT74rmcfCpw8LSjPNx5JTmZoYLGrTKnf9arfSgZ4SR,F8GSmi3vA8M8TsybLya1LQ4n1aFHCRbZ6k437PeTdXtg,26773.43429999998,28097.541003000166,25328.638124123714,0.9460362029134131,10.131455249649486,1.0,296712.479066,15239.472493,295940.2195456242
Lid8SLUxQ9RmF7XMqUA8c24RitTwzja8VSKngJxRcUa,4PgzyzLtds9bKZ2to9PMnKqJzKEUpjvNUaeN23phegax,AtymwxoVN9peZo7EXTcDz9jKVc4vRmisJKKrNfe3ewBa,125.9086062070046,106.82903623500056,23375.791725536204,185.65682227555112,2.3375791725536206,157.32972439922858,982.30002821,7682.621423381,1391075.4129627948
BSCuChvaSj9b5HUSqgDVRzcnr2sSn7cXaamt1jbKH6hn,GnKpRj5kBVPMJfiwZtEuD9GYApLzPdW5JFuZTcyX4BTc,3dmwD9okkomV9nDwyuh4UMhKdUR13QpuKxRo89ycZB5t,210.23780064599987,209.91422399999988,210.127764510453,0.9994766110794122,0.08405110580418121,0.9978486383357481,1667.004579649,1442.971652493,3105.999386518667
