0,1,2,3,4,5,6,7,8,9,10,11
C2ypsDADXcCRz8HbV2zX1AXPSja7a1P3xZtRC91xGhJh,J9bYNuDpY1d1T86gLaw7DGk5D3CsUAf2tzUwxMvb6FTv,A2NGvvPrMGzsJ4jb52KEnSBVmsA7C34dV1GC7PerdgvG,0.0009958180000000372,0.001000000000000112,0.15631087879251276,156.96731610847257,6.25243515170051e-05,156.80150027675464,1.309319405,0.910011665,348.2115472729397
Lid8SLUxQ9RmF7XMqUA8c24RitTwzja8VSKngJxRcUa,4PgzyzLtds9bKZ2to9PMnKqJzKEUpjvNUaeN23phegax,AtymwxoVN9peZo7EXTcDz9jKVc4vRmisJKKrNfe3ewBa,115.50218154099889,98.02483261599969,21367.470359623254,184.99624920104745,2.1367470359623257,156.997405774867,982.323611939,7682.59912864,1387874.3165150739
MARpDPs5A7XiyCWPNH8GsMWPLxmwNn9SBmKvPa9LzgA,6YjT74rmcfCpw8LSjPNx5JTmZoYLGrTKnf9arfSgZ4SR,F8GSmi3vA8M8TsybLya1LQ4n1aFHCRbZ6k437PeTdXtg,29739.620982,31324.305832000566,27940.320239233824,0.939498195223967,11.17612809569353,1.0,297443.062189,14552.677221,293999.8973294557
BUSDTd9WiT6uBHJRgNvFXBsA7JrifsAtWzKfioN7ERcy,DyBxrn7gSc1EwnpWhDyhzvMHPtxpmBqRqotapLcKcfTM,Cds99GeBgoCpqBsoRWu1C6fF9LiUMd4pXQQD24s9LPff,1887.4374694399999,1891.09804982,1890.4216701843363,1.0015810858863694,0.18904216701843365,0.9976694441783993,190.88918732,227.1989806,417.8604802130331
SoNcU2iwHMw6dGzsYNQkYFkUjwN1UdAjrWVRnStrZu2,8ivTTid27jZnYNc4w3CTA1Z6QS2twsFb8WMwUabeDJgc,CyXm53PMvHCbeXJBykU46Rcbo28xk5srhMZFg7gv6EYB,5.167509510000006,5.114219302000006,957.2844460598311,185.2506404114639,0.3829137784239325,182.27785342308695,20.242027273,28.668474488,8975.47650613674
KZMu9QBEdL97EFgamLbN5DE1AoKBG4HdrKKJo4Vuon3,DD4ACBWyVqdaKWh7v5btsgqQCCMwbKnuL2xd9pv7Gyuw,GcYqiJ1MAuYbNTNYXm1F1gQYTfTgkErACAhNU5dpVj9T,401.85547849000034,409.19787029999975,391.2154396050406,0.9735227228332424,0.15648617584201627,1.0,2461.99244016,933.3507993,3330.1563832394218
vEnkoSUkpnbRrPgBz9DfcVxNz67zjwMYBZraAvDDNSf,DtfyjjsZ5yCjWKLKHvwsfXs5QVsmm1QkK6Sh9JZHoq1g,e5wrKCRv4GhHvEf1VD5Pq2KGaZDXP77nTL612Jyrxwy,1133.083105,1133.1195340000004,1130.0962605832783,0.9973639670351262,0.11300962605832784,0.9974853394592234,891.205709,1054.019303,1940.225263622121
BSCNHw8CmxbZ8hCWWzMf5FaG2ajPT6JxfznKUNuRVrn4,7n9kgNL633yGzCYksgnzHyjG73ZLBAwvEae5sbAekbzW,SscdxE99omdG9AiMVwmaEMQySQnCgeAh1sPj2Leutm2,53.75060606900024,53.53277440399961,53.98744629653081,1.004406280130619,0.021594978518612324,1.0,4316.328275109,7382.00730938,11717.354536004841
YAkoNb6HKmSxQN9L8hiBE5tPJRsniSSMzND1boHmZxe,CfWX7o2TswwbxusJ4hCaPobu2jLCb1hfXuXJQjVq3jQF,EnTrdMMpdhugeH6Ban6gYZWXughWxKtVGfCwFn78ZmY3,6752405.833416006,6754731.7220290275,6752405.833416006,1.0,675.2405833416005,0.9992166141744873,996203.189442,401001.445249,1396890.4958427818
KEN5P7p3asnb23Sw6yAmJRGvijfAzso3RqfyLAQhznt,9zj4aX38Uxf3h6AUjS4EipWS8mwbEofasHAf3a1uKGds,CwQDG1MWunn9cLNwcZLd8YBacweSR7ARo32w4mLua1Yr,134367.15538100037,134371.1753929993,133821.43158300486,0.9959385625419539,13.382143158300487,1.0,1132790.907096,1068707.277042,2196897.4247157862
C98Sspw7XqnMsgxea3SLQVdbMDL8pKUc3RE82UvX9eq2,CSqgQJurPCzGxb4Cgwx5R61hWQUiaoUHcShNc8r1cKEL,6S2CR5EnukPhC914XkAns8m5GixjMAoUuZMsS5ubHuWc,38.553229000000215,38.445246,0.0,0.0,0.0,1.0,879.799529,1239.8367,1239.8367
NorjjEePhxfwLF4vZjUHCrVVKLzQjEEGQFd3wgjEJmh,34M8pFVqgbV7aqHxvRT5tCv3vu2P1JJYT8J3VaxBK2oG,3AZWBSze3ucsY3xSeuLne3b2pauVqiaJ1SZSV5T9WGWw,0.001243000000158645,0.001243000000158645,0.0007364551210640058,0.5924819959533479,2.945820484256023e-07,1.0,38124.371737,2258.308633,24846.31249420517
JSoLLrxK5bYdHwTEWYaGgmeycBCNXKDiBCTw5hXGBg7,xG4wXczA7Dk4hccJ61CHKpDHW4NrNfQwgmWgkb9BuF2,BVR6WgfhsRr9Lob4QDnkEAiNGgAbv7ZieKcY9kSg3QYR,2.584810311000126,2.2061644539999854,469.60613432377403,181.67914772131653,0.1878424537295096,157.00041291108596,17.434846963,163.448374863,28829.010480026387
BSCrK1Nx9PXU9mF7STWWBqeHLxmtJDr9h7jheEy4tAWX,FfSySSbVJPvEo5a5AvrP3nySoXpRE2QPn1uUMpJJ1x7v,HL7Vcj6838ZmvBHDbQxXfjBNckNi83WvPiZQoMQLFeRM,0.07641170800000008,0.07632478799999998,247.24387323898114,3235.6804959651063,0.09889754929559245,3214.813862277374,0.844793556,0.959429692,5817.8699059883165
WiiQFxXqp8P9Fs1rt9SVcDyA3KUdJmUsog6wnVQAwba,3S2jpqSYxho6wiz3cafhjXruVY8cg4HYa2v3BqBHYFSj,Dfe67M6TfrG74gKRtdqys4e6E9QirPD53BkF4FujFjuv,16130.866869789,16124.963618658001,16130.120271042137,0.9999537161422948,1.6130120271042139,1.0,14350.12863318,12448.270434214,26797.73488808229
wrmcMSHFi3sWpAEy4rGDvQb3ezh3PhXoV2xNjgLBkKU,8p4mGnARWPBu6P2Gcw4adodLkNDorrXniZMhaY7eJXUn,AyY89zccbsgp9LKFgH4CFZMJmpSgqmPSdTfukhP227rc,0.01157327000000001,0.11194535000000272,3.6462728418399526,315.05986137366097,0.001458509136735981,3230.495881117751,27.09983814,0.09402698,8841.82501924099
Cob4usZcpHEY7Qt4ZCwj6WVg9S44zvzYV2v9qYF65dTf,NhFM9UXE48PyNAyeyPYA3iXztqKVJwA4bTdLj4ysM8w,6TuFuynuBoeskxyR2cz4wxyidk8dpDK7kAWw3UkjQGx,111.69980000000666,559.0557529999933,1.0300056489963947,0.009221195105061364,0.00041200225959855794,1.0,70773.696903,190.293237,842.9113044490402
Sid7E679i9ABqptiAVhkmQ27YHN8vaYT4fppPwmxFsJ,GP7KB8o1bv527HG8kTzzzf4wJ5aEGHvcMQvVhLziUfmT,9gYxhAZ1M9wu5pxr8SBoa5NDm21gi3s9vMHaYTME77sa,560.011058,1237.2935160000343,5.163971226809836,0.009221195105061364,0.0020655884907239343,0.02014469734657068,128132.728579,11727.434682,1417.7825118913975
YakoMPuYrybnr9R7VC7hVGxMz94fJvPFCdZ4gmW61Ed,,,0.032194999999999974,0.032246999999999915,0.0,0.0,0.0,0.02014469734657068,128132.728579,11727.434682,236.24562232056635
Dg3mAgpwDfVNnbGWcsxL8sUcSkEbjSJQhKAWNigG44Ju,EATxwd8YA2wV93VJcKMmH2Kn2Y9XfJVUB9hHVu3udwEy,GiGvrRi7NMHfHKanG2B8xyCEqe8jaafWins8bhrLVEaa,0.010399183000000034,0.010267529999999997,1.9438873398877454,186.9269287681291,0.0007775549359550982,185.52452328082308,0.197638876,0.261934611,85.53932193238794
KysFMBBoavfov2tLpvefWW6tPFt6rAeZWDJVy1mMQae,B8ka2V21TH3x64dFV8ETcjuQcwmrciJ2qzy1mJUttRew,7fSf7EYxBANyxzk2s5pymFgshA91tFYQNKKs5UnLWcYS,10.865540999999666,14.441882999992231,0.0,0.0,0.0,0.02023381877232195,134471.032846,2635.307443,53.32233321101316
BkwbeSfcX1h4thMDd7obGkHrPevf3QwgzJ4pCEqG18Lu,35yX27bmurdebhfAb8EPmjLETDiUaEUCn9zHaDPbakH2,2CxECn1ZJFoESyUnQysQU8rRgT3iJ5GRs2Mdd6gZjx5g,0.018188019999993088,0.011937430000000138,38.788696950294494,2132.6508850501173,0.015515478780117798,1398.6013986013986,0.90449504,22.63316422,33583.74728044658
ZUCKWFa4LTL833dPhhpeeRWZcaAEoMeYJPi2iKn4F8N,7eEYpq6ShaJ9opZWMxitRFrdCHh6vfyHhGfoSvFht3N2,H8VggnHmuwd1wvwpT8eg9cUJFEfZ7HAaeYjgXrSm7A2u,0.001264695999907417,0.001264695999907417,0.0012666059403369698,1.0015101972566471,5.06642376134788e-07,0.9959705422191117,1817.011925129,2030.157130782,3841.7326698885695
daob129AwBGn9Y5r91uLoWZeYiGzbPmksauMhFZKTze,6VW5GQNyj4LStgmxEHLr5zUfW92vQnmbw8jTnCH7a38F,4VPCCUifPeBA1c7HWK358CHn2nyjm8pdTRk6Ps3KmnMQ,33.31762566899974,29.57816198200007,5991.250508941884,179.8222528959025,2.3965002035767533,157.16131461667806,42.771462153,230.226673739,43873.98738865056
2jQoGQRixdcfuRPt9Zui7pk6ivnrQv79mf8h13Tyoa9K,,,8.168500000000018e-05,9.735700000000017e-05,0.0,0.0,0.0,157.16131461667806,42.771462153,230.226673739,36182.72670464627
SEQV6QiTpvTzrceiaYg9Avnwf7oc8ZALpnQMz6TyT4A,3dFMPj4r9mMmPHF32mz1gNDX7f8ftidWof7S8YiYTs1j,Fc1ED3YPeQfXQosHbd8DTaBd2AV5gHQtwiSAL5C5pUhi,139.64821182100013,139.93000600000005,139.7427345053332,1.0006768628334048,0.05589709380213329,0.9976475470839758,1395.068341171,4230.789627057,5616.849504742944
MATSnbbiTCv7Dc3trJrkrqjx7ckKdr6fwPoVwv9q3sD,631WX9JizSHJm4w6VanZeJAst9T8DeUUnPLesdGkCVtK,211maUSfpnXbPuW1iBu8b4dtJv5EbN1j7JJiEX5TZKEP,1195.3797569999988,1195.2419269999991,1194.5232838055101,0.9992835137206622,0.47780931352220407,0.9989980050009839,22068.353443,23479.258178,45508.273849275545
AURHmCnNwiW4uA2Qj1XvEh4iKgRUZYXtiY7FKAapUV5Y,BKWm4TRnTeKwfWXRyuzjRHU7iZDkPuXBX5b5V5jSVfGJ,A5Ww74HVrkj9nPeC7pHKLfgeDMEhBCpW1efQdz3TGLEg,0.19000545700009752,0.16950594599990154,33.33857207629077,175.4611293941608,0.013335428830516308,157.2565648718713,289.906750415,1809.4797958,335419.94273937005
TETFuZgEmET6d9vYmz9iMFCxK1jKdKYxf3oPz8hSzJK,Eu1Ze6Z84LWNkq7SNoAHBJbXx5t1P95EwyqYohrfCRFV,ASMbv7WNu3qe4pkhREmvyEdwFNDZQ6B6iSrjkj4u8bdC,77.49094696200001,77.44489088800002,77.4289745916033,0.9992002630910279,0.03097158983664132,0.9980288929364505,112.396515356,240.152574667,351.98583594497427
CZgvH45CRmoaNJ7395Ao5CQZXkGznvqU7cErD6n7FaRg,4ZjU6MKvtqVQKCiowhvZ5yUsPxXX5SCzd5eFsPeXyey5,BsyWeshjDbCvjDojry3vKDCesmFRM37WtwcR4Kfgzqr,27.903508819999985,28.63855799999999,28.76094032696601,1.030728447540313,0.011504376130786406,1.0,213.47177507,591.6030396,811.6344709115759
AUSejoEUCh2DBs9mof6BNC8Pubs22w4cJa1ccV9h44R,4xkyD7AfGQDwsQMy9MosRRNGoVJ1zosNinesxg1TzHG7,Cbm5gsQe3nSiCsFrvepVzMCD9xLK3ri9g3ypS2hdmVJ7,296.13150400000086,296.0734889999985,296.1913346496001,1.000202040812244,0.029619133464960007,1.0,14359.961275,14515.398618,28878.26119123979
heyk4SZTeCUV6a65WiVA5bzic3KcxgVf1qxobfeV4tQ,9ZDpBKPqMABtGfq66FbVribaArMvtk63xxy91onZAtDt,DaTP4s6N7xxSPinbNZ3FB52EpRDRt87QShTuN3VPCW52,37.19319625300329,32.384570941999414,6693.301326722421,179.96036912751072,2.6773205306889682,157.19950960040984,632.371570586,4465.575628129,815788.1200938212
BUSDgu5JdqP1rndBvXvanbEufS94FNh1w5FJcAj6vawb,Bgzr8cWubt89JQFXndVjtdKmDbGzuPxNhvjH1EhWCwbo,Dxaf8xPBBQsasRKW5Aa4Sw2YrbfGofY9xZueyyF23FBW,8354.184375880002,8305.789642619999,8405.925960358614,1.0061934932425,3.3623703841434462,1.0,4836.5629548,10198.4761713,15064.994346077481
ALBpShJ9NLpE739pcHDF2LNVk5J4VYPvvKuV6jMPitZi,D6d156U1bPiJpDYRLextvDRccgFk7QzkQbJg42ceKEu5,GNcM8U5g8RwTZffwwm3kSQqUNPSwv5d2fbN9sLxPJqt2,1279.7789789999952,1277.5854880000115,1281.011311882026,1.0009629263351345,0.5124045247528104,0.999783047078784,41179.738613,59124.678516,100331.24291206441
SRMuKizofcAMicegrfSv7xs9q76tH1w8aAF7oX9FEWu,72Hj2KWntXPfbie4UgKeTPnm1XVkomDfCnRPKbvfTtPi,6aqJQ5wedqpUt4fFEDUqUmXhrdxCu4bEJsQdVPCADLko,104.69612899999993,103.9823620000002,4.768561320591433,0.04554668225213404,0.001907424528236573,0.04515541137934429,17864.056964,3999.810546,994.2616169174
HEDSDjj84KS7LKhZY7ejkCACTdPen62rKhCby1wXtgxc,EnnjMSFttpCTywBrYNt1J5QQeoSVkvzPipJDa8Y7kJow,6bjVT6JN2rSvpyn9PdfLYC8wJn4LWh49jpY47fnLDXZk,3.134507102999123,3.2364480889864353,3.036969368230507,0.9688825925213916,0.0012147877472922029,1.0,39118.088063346,9104.805404462,47005.63998175677
BUSD5rCfUDpCxKGMvYU2yThChxgHoioK74PTPociGnv2,CcFHbafgYDZ8yA8Me1PdtDiVb2eeaS61LbqyKKK5CsNZ,26R9s4nmF3CFDTkiePDwRmtscn8i7r2eygbSijditJ58,217.88952071,218.62000443999995,217.82956530044672,0.9997248357362121,0.021782956530044674,1.0,87.70083055,60.08928369,147.7659821055281
BSC8REUo9LpiiWUuqMuLXs2D2yJsJfGd4HdiF3wCLxk5,AZjEH1zWVx1UJ6udMyRijGTzPteuLnaY18yNNmprJEsh,Caf8ypkSVR8xYnXNhjvfvdGCC7mrM3C11rz8Xi6NA6aK,40.13464387099975,40.14667343600058,40.164177032177456,1.0007358520801288,0.016065670812870986,1.0,3095.257441682,3254.905947199,6352.441040507996
B2izdXFYb2sNwbWWHmh75T4aQFtfXsUxem9u2p61HGzf,4DYwgJtxwuJdAjkj5RJSNH4e7U329V5cNp7d3a1nLrZv,EXNW64GEf1ACC6xY9BtKRiunrs6GoJSXBdxWN2eTPmrF,3549.1102180000107,3500.3211770000034,3294.7642984523823,0.9283352998569435,0.32947642984523823,1.0,9181.714399,30701.36957,39225.07915979648
iLiUBQ7Z7im6Ew3b4ewwPcehzWgEQRJ1iQz7g6D62NW,GpugBvKWM3TVhYcZjemSdtehBWgfvuGr6uAm9iPjXT6v,92fMXJ3xy8tEyMUWLHKRLyhPw2nECBo77GtDiBBbYrjX,31.45927777299994,30.806100000000015,30.841569646764306,0.980364834479265,0.012336627858705724,1.0,1832.014987429,1130.86535494,2926.9084248543645
SoN9GaFpSXfpyR5dth3x7PHPVhvJMpQqqDJfCSmPv1t,9kZ9iS68ViMPtoeqtnhAKuF2iqVyfHPdZHoUNdwCELr,BBhm5fJLjw3HRzjtKB8uMEYjGhY6EDm9co3cqpjrSzB9,1.025495015999999,1.0038011900000003,192.07400401044208,187.29881765748365,0.07682960160417683,182.35360515812704,3.521120724,6.13666718,1778.54513236302
KEVpg4SYCVrqFxKijQH6hm4QxsRdoE51ud64bEEFUC9,2bPenuBYfqzD8p5dFjCcggwkHDsc2RQDnx9AoyYGUBjA,AE6n6iLuX8oYu61vt5hoDYkjswpnxFxrhSehxrnQTnbx,699.7101398299997,699.5653592989997,700.2650859052778,1.000793108522642,0.2801060343621112,1.0,2714.138543003,4921.55738667,7637.848536083086
parEAJhzYzHW87y9VoZAQ22dzQ2MD2ekEtTReaxbMcz,3oyc6hpjYSJEquK6dSvG72NXyz3pqLZz5D8AC71pwgQb,Di2vordgFJVZ1aj1aBpvzXtLfZgJsuLLXawGtVFwX6Rz,1.0613320509997664,1.243953717999858,162.78346112920525,153.37656200607955,0.0651133844516821,175.65968114957317,1101.149988656,141.701026341,193781.7566187181
RoBgmK8CvjdHvPrqdDyVw54VwjZv2TqJ493xnqJAQHx,ExiHJxM7qPAcy27NDHAF6G7vnW7muNHi2sVJpnaNynGQ,6rkPHSqZb7StM4HwS9EuVrmfkV7tRdc7dnsFhyB6cefE,14.441883000000416,0.23047800000000151,0.0,0.0,0.0,0.9177317708644025,6308.7693,18.236733,16.736429270871287
ercAoEmXjQzEvAFbdjAo81KtMxRGn9AW1ju882upmPH,CMRhskR2Eg6V42RTSdRTXGdozyPbWB8U9dVpijPWb9T4,7TKLLgrWswt6ZJ1pXhVR3FyufHGjJFqiEXxvWJfDcgRm,15.215903341000057,15.522534861999986,2377.871672720525,156.27541917364996,0.95114866908821,153.13239198768449,302.295274712,884.921513523,182751.46885697055
Lee1XZJfJ9Hm2K1qTyeCz1LXNc1YBZaKZszvNY4KCDw,9DgFSWkPDGijNKcLGbr3p5xoJbHsPgXUTr6QvGBJ5vGN,2hNHZg7XBhuhHVZ3JDEi4buq2fPQwuWBdQ9xkH7t1GQX,707.3868225101614,597.9163202939872,130795.35978641933,184.8993444948439,13.079535978641934,157.15701699008795,6930.021367478,54971.732769212,9920549.948967569
ALLwa5WNZbvQsRKAqe1jdRGemdYQnW8E5k4msbRFcYtu,CGoM82Hbz7QVqTgvQatYtjvDWBvoUJp5qm21P8iMs9yb,3dxNNww8TivyN5FMy5dCNdi3Zcxv6e4kUfSPxfFwpdNq,4.892859753999998,4.886395036999999,15759.52508777015,3220.9231165652077,6.30381003510806,3222.8435148331373,2.020482253,6.614893608,27826.584961151428
DFWzVTzNBrQZLjoQ4yQwkj9HuoXmfkuZP9V5vbymZe23,DhgiEgiNdqZdRdo195UUHnoEJUtefK8buko8nU97XJUZ,2K2kkXsouBHtWVjtcgkyiXd8eP3oVBvq1bTJzcVdLLr2,634.8852479790003,700.5088506930115,578.4114992756475,0.9110488881524293,0.23136459971025905,1.0,58028.971561196,10502.141710899,63369.371732355554
BSCuChvaSj9b5HUSqgDVRzcnr2sSn7cXaamt1jbKH6hn,GnKpRj5kBVPMJfiwZtEuD9GYApLzPdW5JFuZTcyX4BTc,3dmwD9okkomV9nDwyuh4UMhKdUR13QpuKxRo89ycZB5t,80.28390307200016,80.27506128899995,80.2926645272607,1.0001091309082555,0.03211706581090429,0.9998700168978033,1586.716446288,1523.242483493,3109.934093804525
FrnkTEL6yZ5Aycq2TrEgu29dCrwKG4LPUZydfiwqspkc,DjvZuMZ46fxKBoBpGMPcRcos4xdTtHFxwMh69DpA2ZFY,9rvDPJLAng4uVVqnnSoEXgNDFhBZQTny9AoQioYDZbQX,65.21291711700135,54.55993152299979,12177.448754113062,186.73369161304296,4.870979501645225,157.00455407409547,174.774157131,1441.311559194,258928.70219272288
KwnjUuZhTMTSGAaavkLEmSyfobY16JNH4poL9oeeEvE,J63v6qEZmQpDqCD8bd4PXu2Pq5ZbyXrFcSa3Xt1HdAPQ,BnKQtTdLw9qPCDgZkWX3sURkBAoKCUYL1yahh6Mw7mRK,118.87405399998443,4943.80386099993,2.417192949593118,0.020334066756009135,0.0002417192949593118,1.0,277964.176173,566.832489,6218.9746030808665
4Fss9Dy3vAUBuQ4SyEZz4vcLxeQqoFLZjdXhEUr3wqz3,,,5.4570000000000096e-05,6.413899999999995e-05,0.0,0.0,0.0,1.0,277964.176173,566.832489,566.832489
SAMyS8Jr2HJrkFwYVKbpUwsNStnQmvz3f8Tup8bWUWF,6jPzm5TFfquvgm25sTyN3MMGBfufRaFHMxobDWv6hMFW,Cj9ECoDmxsHTDzCY5ZA6RWrPbg9uFzEC1Qc2kso2vJG6,970.1340223400184,19.992711620000023,944.4475149416203,0.9735227228332424,0.37777900597664815,0.020212827465940907,467.91664404,109540.85854667,2669.6579596396928
RajgMbScQbqqrdJfR2rxfHJiTiY5b6bJ2tTXiF4aPxy,725ZA3fhyBAKb5iopNRrcbSuQa3LXA1656Q3mBvYPxeg,GLA6i1dSZpUfk2f9Nj8uiG7xyDdAR2reff8oEiZH3617,3233.9465315900015,3232.6027034899744,3235.1920805410095,1.0003851482820885,1.2940768322164038,1.0,72601.25958932,108794.07380559,181423.29564531829
STK75uPSyBnEhGTTzb1nwmP3n427XoXmfRhXxxhyady,6TYyD5fUmDe6N65avW1Ny2RxzRNobw2RRgKwH9CTzSAU,54zDfk4cx2vGrEajPtodWpArNe5eUurytyxd4X3aZAxK,343.26146101200067,385.95342121300695,53817.67588024837,156.78333280288305,5.381767588024838,176.4783325197682,1700.825388041,303.105491452,320152.62456185865
MATgk4zXLXtYkwBH678J1xZbRDZ45LicNzkRBHkxTuY,y8dALFo1bJrSzPYjMX14HJX448pXqYmrfXHD1K8MXih,GN7Yuet3UyiWS5YVkEHv6oQKi4HGBJc3XDPt9zQhAqZz,640.0622319999993,637.7919679999995,642.2671350747108,1.00344482608796,0.25690685402988434,1.0,3264.911657,6806.738659,10082.897368850918
GokA1R67GqSavkd15zR62QD68Tuc5AEfvjssntVDEbM8,3YB7hfpBdbQEuZqLGWVDpRPmeZWCUsrrWyqGXegnQ6Cg,4DPCj6Z1DsG6HUtwSogBGqXEUxdEV5a8YVrrFtcnz7UW,4488.514590999981,4488.184120000002,4489.497791016213,1.0002190479715056,0.4489497791016213,1.0,14412.182717,18172.57477,32587.914446389128
