0,1,2,3,4,5,6,7,8,9,10,11
Sid7E679i9ABqptiAVhkmQ27YHN8vaYT4fppPwmxFsJ,GP7KB8o1bv527HG8kTzzzf4wJ5aEGHvcMQvVhLziUfmT,9gYxhAZ1M9wu5pxr8SBoa5NDm21gi3s9vMHaYTME77sa,561.1063190000004,1235.5728590000217,5.162111132662346,0.009199880589229903,0.0020648444530649386,0.01999269426965998,128133.262515,11727.152959,1413.2680984092735
SoN9GaFpSXfpyR5dth3x7PHPVhvJMpQqqDJfCSmPv1t,9kZ9iS68ViMPtoeqtnhAKuF2iqVyfHPdZHoUNdwCELr,BBhm5fJLjw3HRzjtKB8uMEYjGhY6EDm9co3cqpjrSzB9,0.2199131749999994,0.21559149700000058,40.453920428833584,183.95405563506458,0.016181568171533434,179.33848489109133,3.755602427,5.896756245,1748.3736285499224
YAkoNb6HKmSxQN9L8hiBE5tPJRsniSSMzND1boHmZxe,CfWX7o2TswwbxusJ4hCaPobu2jLCb1hfXuXJQjVq3jQF,EnTrdMMpdhugeH6Ban6gYZWXughWxKtVGfCwFn78ZmY3,5999381.12476403,6001602.548048985,5999381.12476403,1.0,599.938112476403,1.000035001225043,1065925.145638,331809.002501,1397745.7618605678
KZMu9QBEdL97EFgamLbN5DE1AoKBG4HdrKKJo4Vuon3,DD4ACBWyVqdaKWh7v5btsgqQCCMwbKnuL2xd9pv7Gyuw,GcYqiJ1MAuYbNTNYXm1F1gQYTfTgkErACAhNU5dpVj9T,60.7170846099998,61.28977015000055,60.14730021298714,0.9906157484228283,0.02405892008519486,1.0,2078.42869765,1310.15007474,3369.0742746060387
heyk4SZTeCUV6a65WiVA5bzic3KcxgVf1qxobfeV4tQ,9ZDpBKPqMABtGfq66FbVribaArMvtk63xxy91onZAtDt,DaTP4s6N7xxSPinbNZ3FB52EpRDRt87QShTuN3VPCW52,50.51309449699875,44.18484250199958,8970.45586996082,177.5867418000654,3.5881823479843287,155.0426297462619,628.727876898,4469.757247348,804656.6530934352
FrnkTEL6yZ5Aycq2TrEgu29dCrwKG4LPUZydfiwqspkc,DjvZuMZ46fxKBoBpGMPcRcos4xdTtHFxwMh69DpA2ZFY,9rvDPJLAng4uVVqnnSoEXgNDFhBZQTny9AoQioYDZbQX,79.61832897899694,66.61211964699979,14693.119939491007,184.5444400543373,5.8772479757964025,155.01568758758384,175.099634235,1440.90384594,255676.36437960042
B2izdXFYb2sNwbWWHmh75T4aQFtfXsUxem9u2p61HGzf,4DYwgJtxwuJdAjkj5RJSNH4e7U329V5cNp7d3a1nLrZv,EXNW64GEf1ACC6xY9BtKRiunrs6GoJSXBdxWN2eTPmrF,2290.202632000004,2259.219658999995,2320.783597463784,1.013352951846481,0.23207835974637842,1.0,9379.619341,30500.409288,40005.27423439869
wrmcMSHFi3sWpAEy4rGDvQb3ezh3PhXoV2xNjgLBkKU,8p4mGnARWPBu6P2Gcw4adodLkNDorrXniZMhaY7eJXUn,AyY89zccbsgp9LKFgH4CFZMJmpSgqmPSdTfukhP227rc,0.005528290000000005,0.04992975000000044,1.8538866532528522,335.345405767941,0.0007415546613011409,3176.216490916021,27.06012449,0.09807513,9385.99627248478
AUSejoEUCh2DBs9mof6BNC8Pubs22w4cJa1ccV9h44R,4xkyD7AfGQDwsQMy9MosRRNGoVJ1zosNinesxg1TzHG7,Cbm5gsQe3nSiCsFrvepVzMCD9xLK3ri9g3ypS2hdmVJ7,1499.7057640000003,1500.780611000002,1500.4289707639084,1.000482232436034,0.15004289707639085,1.0,14297.155714,14578.216519,28882.26678522832
TETFuZgEmET6d9vYmz9iMFCxK1jKdKYxf3oPz8hSzJK,Eu1Ze6Z84LWNkq7SNoAHBJbXx5t1P95EwyqYohrfCRFV,ASMbv7WNu3qe4pkhREmvyEdwFNDZQ6B6iSrjkj4u8bdC,77.49094696200001,77.44489088800002,77.55880610869914,1.0008757041868699,0.031023522443479657,1.0003951560866542,112.396515356,240.152574667,352.74241387369216
parEAJhzYzHW87y9VoZAQ22dzQ2MD2ekEtTReaxbMcz,3oyc6hpjYSJEquK6dSvG72NXyz3pqLZz5D8AC71pwgQb,Di2vordgFJVZ1aj1aBpvzXtLfZgJsuLLXawGtVFwX6Rz,2.2529886429999806,2.646024648999628,340.45892568271285,151.11435503259915,0.13618357027308514,177.4782260838329,1100.854525706,141.951632992,191548.2456499035
GokA1R67GqSavkd15zR62QD68Tuc5AEfvjssntVDEbM8,3YB7hfpBdbQEuZqLGWVDpRPmeZWCUsrrWyqGXegnQ6Cg,4DPCj6Z1DsG6HUtwSogBGqXEUxdEV5a8YVrrFtcnz7UW,9893.116367999986,9892.279988000002,9894.55107790628,1.000145021028049,0.9894551077906282,1.0,15553.83608,17030.664694,32586.756407298424
4Fss9Dy3vAUBuQ4SyEZz4vcLxeQqoFLZjdXhEUr3wqz3,,,5.4570000000000096e-05,6.413899999999995e-05,0.0,0.0,0.0,1.0,15553.83608,17030.664694,17030.664694
BUSDTd9WiT6uBHJRgNvFXBsA7JrifsAtWzKfioN7ERcy,DyBxrn7gSc1EwnpWhDyhzvMHPtxpmBqRqotapLcKcfTM,Cds99GeBgoCpqBsoRWu1C6fF9LiUMd4pXQQD24s9LPff,1378.78616818,1380.2923626500008,1378.9447744079523,1.0001150332311222,0.13789447744079525,1.0000430018490796,215.35026575,202.56688319,417.95063212743173
ALLwa5WNZbvQsRKAqe1jdRGemdYQnW8E5k4msbRFcYtu,CGoM82Hbz7QVqTgvQatYtjvDWBvoUJp5qm21P8iMs9yb,3dxNNww8TivyN5FMy5dCNdi3Zcxv6e4kUfSPxfFwpdNq,4.373465718999994,4.365665249000003,13880.933503665836,3173.897863966738,5.552373401466334,3173.8575699676903,2.741265285,5.891857334,27400.412033313223
iLiUBQ7Z7im6Ew3b4ewwPcehzWgEQRJ1iQz7g6D62NW,GpugBvKWM3TVhYcZjemSdtehBWgfvuGr6uAm9iPjXT6v,92fMXJ3xy8tEyMUWLHKRLyhPw2nECBo77GtDiBBbYrjX,37.45230760699974,37.85858369599987,36.634434228003364,0.9781622700641411,0.014653773691201346,0.9998366516870305,1863.474265202,1100.05925494,2922.6597795726348
ALBpShJ9NLpE739pcHDF2LNVk5J4VYPvvKuV6jMPitZi,D6d156U1bPiJpDYRLextvDRccgFk7QzkQbJg42ceKEu5,GNcM8U5g8RwTZffwwm3kSQqUNPSwv5d2fbN9sLxPJqt2,2207.2725779999964,2205.00793900001,2212.25457530358,1.0022570829508053,0.8849018301214322,1.000273074549352,41091.928185,59212.677137,100413.52268764719
SoNcU2iwHMw6dGzsYNQkYFkUjwN1UdAjrWVRnStrZu2,8ivTTid27jZnYNc4w3CTA1Z6QS2twsFb8WMwUabeDJgc,CyXm53PMvHCbeXJBykU46Rcbo28xk5srhMZFg7gv6EYB,0.3293975559999964,0.3263087330000083,60.512055564219665,183.70523539713307,0.02420482222568787,181.59066522289982,21.863174051,27.894774821,9081.810251555831
BkMBnJpvHKtWhUvrgRrLesXfi9RUV3ELgdBaJcdH7hcY,5uerVwBnZQsuVhZ15igs7ZgmcqhHnYWbwoRtLyRqLvR,9YWiQh5d4jCtgMdzcGLv9bWgnLaFtzvDDh2nnhJdzhBX,10.280839572000104,10.247164445999942,10.318489190389005,1.0036621151536533,0.004127395676155602,1.0,1117.77178196,1755.680333903,2877.545524844042
RoBgmK8CvjdHvPrqdDyVw54VwjZv2TqJ493xnqJAQHx,ExiHJxM7qPAcy27NDHAF6G7vnW7muNHi2sVJpnaNynGQ,6rkPHSqZb7StM4HwS9EuVrmfkV7tRdc7dnsFhyB6cefE,14.441883000000416,0.23047800000000151,0.0,0.0,0.0,0.9373476810018372,6308.7693,18.236733,17.094159386599678
MATgk4zXLXtYkwBH678J1xZbRDZ45LicNzkRBHkxTuY,y8dALFo1bJrSzPYjMX14HJX448pXqYmrfXHD1K8MXih,GN7Yuet3UyiWS5YVkEHv6oQKi4HGBJc3XDPt9zQhAqZz,1546.2923370000008,1537.1322919999998,1551.6268300416841,1.0034498606208144,0.6206507320166738,1.0,3262.630355,6808.755783,10082.641757981988
AURHmCnNwiW4uA2Qj1XvEh4iKgRUZYXtiY7FKAapUV5Y,BKWm4TRnTeKwfWXRyuzjRHU7iZDkPuXBX5b5V5jSVfGJ,A5Ww74HVrkj9nPeC7pHKLfgeDMEhBCpW1efQdz3TGLEg,0.007095460999835268,0.006332179999958498,1.2288736229907002,173.19151257673468,0.0004915494491962801,155.05101953797896,289.907646503,1809.478718182,330771.06389181025
ercAoEmXjQzEvAFbdjAo81KtMxRGn9AW1ju882upmPH,CMRhskR2Eg6V42RTSdRTXGdozyPbWB8U9dVpijPWb9T4,7TKLLgrWswt6ZJ1pXhVR3FyufHGjJFqiEXxvWJfDcgRm,44.74613128799996,44.650604810999994,6946.190742589474,155.23555987179404,2.77847629703579,151.7578260752118,317.511111465,884.91832688,183582.29669520733
daob129AwBGn9Y5r91uLoWZeYiGzbPmksauMhFZKTze,6VW5GQNyj4LStgmxEHLr5zUfW92vQnmbw8jTnCH7a38F,4VPCCUifPeBA1c7HWK358CHn2nyjm8pdTRk6Ps3KmnMQ,15.075313404000028,13.510564636999952,2608.558941564827,173.0351384185938,1.0434235766259308,155.25970990344243,48.572147594,223.64197458,43127.27637774
BSCrK1Nx9PXU9mF7STWWBqeHLxmtJDr9h7jheEy4tAWX,FfSySSbVJPvEo5a5AvrP3nySoXpRE2QPn1uUMpJJ1x7v,HL7Vcj6838ZmvBHDbQxXfjBNckNi83WvPiZQoMQLFeRM,0.008757500999999945,0.008749915999999858,27.874329201917206,3182.9090515567605,0.011149731680766883,3174.7039588558364,0.84511932,0.95907308,5734.711037181554
SRMuKizofcAMicegrfSv7xs9q76tH1w8aAF7oX9FEWu,72Hj2KWntXPfbie4UgKeTPnm1XVkomDfCnRPKbvfTtPi,6aqJQ5wedqpUt4fFEDUqUmXhrdxCu4bEJsQdVPCADLko,104.69612899999993,103.9823620000002,5.0083436732904545,0.04783695176820203,0.002003337469316182,0.04789109411945734,17864.056964,3999.810546,1046.1173346897656
KEN5P7p3asnb23Sw6yAmJRGvijfAzso3RqfyLAQhznt,9zj4aX38Uxf3h6AUjS4EipWS8mwbEofasHAf3a1uKGds,CwQDG1MWunn9cLNwcZLd8YBacweSR7ARo32w4mLua1Yr,91582.97386300052,91588.26254700124,91580.31803377753,0.9999710008409756,9.158031803377755,1.0,1143477.975518,1127565.583637,2271010.3992553474
MATSnbbiTCv7Dc3trJrkrqjx7ckKdr6fwPoVwv9q3sD,631WX9JizSHJm4w6VanZeJAst9T8DeUUnPLesdGkCVtK,211maUSfpnXbPuW1iBu8b4dtJv5EbN1j7JJiEX5TZKEP,1348.9054000000106,1348.7322179999865,1350.3056669766654,1.0010380764853153,0.5401222667906661,1.000268071843254,22047.449397,23500.117234,45576.75328952381
Lee1XZJfJ9Hm2K1qTyeCz1LXNc1YBZaKZszvNY4KCDw,9DgFSWkPDGijNKcLGbr3p5xoJbHsPgXUTr6QvGBJ5vGN,2hNHZg7XBhuhHVZ3JDEi4buq2fPQwuWBdQ9xkH7t1GQX,848.7351943431968,717.3691272990045,155898.48307775272,183.68330206737392,15.589848307775274,155.12647228595765,6923.331379562,54979.598461743,9800491.526173271
MARpDPs5A7XiyCWPNH8GsMWPLxmwNn9SBmKvPa9LzgA,6YjT74rmcfCpw8LSjPNx5JTmZoYLGrTKnf9arfSgZ4SR,F8GSmi3vA8M8TsybLya1LQ4n1aFHCRbZ6k437PeTdXtg,27016.317966999974,28327.769782000047,24031.487110446917,0.8895174812423002,9.612594844178767,1.0,296578.354141,15364.955573,279176.58613948926
WiiQFxXqp8P9Fs1rt9SVcDyA3KUdJmUsog6wnVQAwba,3S2jpqSYxho6wiz3cafhjXruVY8cg4HYa2v3BqBHYFSj,Dfe67M6TfrG74gKRtdqys4e6E9QirPD53BkF4FujFjuv,24065.016515632,24087.553575284,24083.479802337224,1.0007672251832127,2.4083479802337227,1.0,9036.080010524,17763.307481699,26806.3202003646
Cob4usZcpHEY7Qt4ZCwj6WVg9S44zvzYV2v9qYF65dTf,NhFM9UXE48PyNAyeyPYA3iXztqKVJwA4bTdLj4ysM8w,6TuFuynuBoeskxyR2cz4wxyidk8dpDK7kAWw3UkjQGx,113.45906400001283,555.5717309999891,1.0438098405659113,0.009199880589229903,0.00041752393622636455,1.0,70773.162967,190.297338,841.4019862185079
2jQoGQRixdcfuRPt9Zui7pk6ivnrQv79mf8h13Tyoa9K,,,8.168500000000018e-05,9.735700000000017e-05,0.0,0.0,0.0,1.0,70773.162967,190.297338,190.297338
BSC8REUo9LpiiWUuqMuLXs2D2yJsJfGd4HdiF3wCLxk5,AZjEH1zWVx1UJ6udMyRijGTzPteuLnaY18yNNmprJEsh,Caf8ypkSVR8xYnXNhjvfvdGCC7mrM3C11rz8Xi6NA6aK,227.78751167500013,227.73210618099984,227.83620893062454,1.000213783693699,0.09113448357224982,1.0,3135.385063614,3214.752251824,6350.807609638068
BUSD5rCfUDpCxKGMvYU2yThChxgHoioK74PTPociGnv2,CcFHbafgYDZ8yA8Me1PdtDiVb2eeaS61LbqyKKK5CsNZ,26R9s4nmF3CFDTkiePDwRmtscn8i7r2eygbSijditJ58,82.90107948000002,83.34632146999999,82.91857198194533,1.0002110045135122,0.008291857198194533,1.0,82.64143335,65.11595586,147.77482692543998
Dg3mAgpwDfVNnbGWcsxL8sUcSkEbjSJQhKAWNigG44Ju,EATxwd8YA2wV93VJcKMmH2Kn2Y9XfJVUB9hHVu3udwEy,GiGvrRi7NMHfHKanG2B8xyCEqe8jaafWins8bhrLVEaa,0.02309060600000004,0.023126019999999997,4.155390987915138,179.96023958466617,0.001662156395166055,183.2147445363531,0.197638876,0.261934611,83.55742231579815
SAMyS8Jr2HJrkFwYVKbpUwsNStnQmvz3f8Tup8bWUWF,6jPzm5TFfquvgm25sTyN3MMGBfufRaFHMxobDWv6hMFW,Cj9ECoDmxsHTDzCY5ZA6RWrPbg9uFzEC1Qc2kso2vJG6,154.76638077000098,3.109271720000038,153.31401411716695,0.9906157484228283,0.061325605646866774,0.0200486703325373,460.70057958,109893.32749224,2659.59234407695
7oAd7xG4m3oC2qeWB1szghTebAZyyGPAFDJ4wwwbRSNi,D9yh4KAysxt9GLacVe4Wwh2XqghhcjTCSTV9HuM7TBJd,HDYfJLpZKaMFb84jM4mRytn7XLR8UFZUnQpSfhJJaNEy,6.891136422999921,301.2480248369975,6.891136422999921,1.0,0.0027564545691999686,0.022772700710578776,955.422501512,300133.903846281,7790.282066900985
BUSDgu5JdqP1rndBvXvanbEufS94FNh1w5FJcAj6vawb,Bgzr8cWubt89JQFXndVjtdKmDbGzuPxNhvjH1EhWCwbo,Dxaf8xPBBQsasRKW5Aa4Sw2YrbfGofY9xZueyyF23FBW,5011.439594079999,4982.450632299998,5051.554595307891,1.008004686173466,2.0206218381231564,1.0,4484.90369754,10549.81666623,15070.620610387024
KysFMBBoavfov2tLpvefWW6tPFt6rAeZWDJVy1mMQae,B8ka2V21TH3x64dFV8ETcjuQcwmrciJ2qzy1mJUttRew,7fSf7EYxBANyxzk2s5pymFgshA91tFYQNKKs5UnLWcYS,10.865540999999666,14.441882999992231,0.0,0.0,0.0,0.020199309005878078,134471.032846,2635.307443,53.231389366647434
BSCuChvaSj9b5HUSqgDVRzcnr2sSn7cXaamt1jbKH6hn,GnKpRj5kBVPMJfiwZtEuD9GYApLzPdW5JFuZTcyX4BTc,3dmwD9okkomV9nDwyuh4UMhKdUR13QpuKxRo89ycZB5t,210.23780064599987,209.91422399999988,210.03576703165638,0.9990390233643869,0.08401430681266255,0.9943985529512257,1667.004579649,1442.971652493,3100.2915503851755
YakoMPuYrybnr9R7VC7hVGxMz94fJvPFCdZ4gmW61Ed,,,0.032194999999999974,0.032246999999999915,0.0,0.0,0.0,0.9943985529512257,1667.004579649,1442.971652493,1434.888923188678
STK75uPSyBnEhGTTzb1nwmP3n427XoXmfRhXxxhyady,6TYyD5fUmDe6N65avW1Ny2RxzRNobw2RRgKwH9CTzSAU,54zDfk4cx2vGrEajPtodWpArNe5eUurytyxd4X3aZAxK,337.69541625500017,379.5720292090041,52252.758278275345,154.73339513385133,5.225275827827534,174.00113344338325,1876.539516058,334.523589211,348570.8141087514
JSoLLrxK5bYdHwTEWYaGgmeycBCNXKDiBCTw5hXGBg7,xG4wXczA7Dk4hccJ61CHKpDHW4NrNfQwgmWgkb9BuF2,BVR6WgfhsRr9Lob4QDnkEAiNGgAbv7ZieKcY9kSg3QYR,0.8628611200000407,0.7382711180000214,155.31470960835327,179.99966160063622,0.06212588384334131,154.67463880378347,17.182029608,163.743131629,28419.66925636806
SEQV6QiTpvTzrceiaYg9Avnwf7oc8ZALpnQMz6TyT4A,3dFMPj4r9mMmPHF32mz1gNDX7f8ftidWof7S8YiYTs1j,Fc1ED3YPeQfXQosHbd8DTaBd2AV5gHQtwiSAL5C5pUhi,139.64821182100013,139.93000600000005,139.96137904561056,1.0022425437499467,0.05598455161824423,1.0002570660659789,1395.068341171,4230.789627057,5630.074062462653
vEnkoSUkpnbRrPgBz9DfcVxNz67zjwMYBZraAvDDNSf,DtfyjjsZ5yCjWKLKHvwsfXs5QVsmm1QkK6Sh9JZHoq1g,e5wrKCRv4GhHvEf1VD5Pq2KGaZDXP77nTL612Jyrxwy,906.2376989999998,906.273372,906.517813004218,1.0003090955105127,0.09065178130042181,0.9998980104029389,995.925215,949.190615,1945.326858444405
DFWzVTzNBrQZLjoQ4yQwkj9HuoXmfkuZP9V5vbymZe23,DhgiEgiNdqZdRdo195UUHnoEJUtefK8buko8nU97XJUZ,2K2kkXsouBHtWVjtcgkyiXd8eP3oVBvq1bTJzcVdLLr2,621.1356044640052,681.8349541560056,559.668554774952,0.9010408528390597,0.22386742190998082,1.0,58674.224799579,9917.426100878,62785.29965396137
KwnjUuZhTMTSGAaavkLEmSyfobY16JNH4poL9oeeEvE,J63v6qEZmQpDqCD8bd4PXu2Pq5ZbyXrFcSa3Xt1HdAPQ,BnKQtTdLw9qPCDgZkWX3sURkBAoKCUYL1yahh6Mw7mRK,111.15718700000491,4199.394379000151,2.1665272694451407,0.01949066297840953,0.0002166527269445141,1.0,278046.044501,565.167724,5984.469469848849
RajgMbScQbqqrdJfR2rxfHJiTiY5b6bJ2tTXiF4aPxy,725ZA3fhyBAKb5iopNRrcbSuQa3LXA1656Q3mBvYPxeg,GLA6i1dSZpUfk2f9Nj8uiG7xyDdAR2reff8oEiZH3617,7749.297422759992,7742.941758500005,7752.956973510628,1.0004722429080974,3.1011827894042514,0.9999122776958778,71323.6255846,110071.29869094,181418.95064396324
KEVpg4SYCVrqFxKijQH6hm4QxsRdoE51ud64bEEFUC9,2bPenuBYfqzD8p5dFjCcggwkHDsc2RQDnx9AoyYGUBjA,AE6n6iLuX8oYu61vt5hoDYkjswpnxFxrhSehxrnQTnbx,2128.236990540999,2128.174409837,2130.5538592046373,1.0010886328326853,0.8522215436818551,1.0,2714.138543003,4921.55738667,7638.650630003369
C98Sspw7XqnMsgxea3SLQVdbMDL8pKUc3RE82UvX9eq2,CSqgQJurPCzGxb4Cgwx5R61hWQUiaoUHcShNc8r1cKEL,6S2CR5EnukPhC914XkAns8m5GixjMAoUuZMsS5ubHuWc,32.5338720000002,32.43865200000005,0.0,0.0,0.0,1.0,879.972527,1239.652129,1239.652129
Lid8SLUxQ9RmF7XMqUA8c24RitTwzja8VSKngJxRcUa,4PgzyzLtds9bKZ2to9PMnKqJzKEUpjvNUaeN23phegax,AtymwxoVN9peZo7EXTcDz9jKVc4vRmisJKKrNfe3ewBa,138.40181977901102,117.43131430599976,25025.820155141955,180.82002241806637,2.5025820155141956,154.15436771736228,982.384683253,7682.520929972,1361928.9768842082
