0,1,2,3,4,5,6,7,8,9,10,11
ALBpShJ9NLpE739pcHDF2LNVk5J4VYPvvKuV6jMPitZi,D6d156U1bPiJpDYRLextvDRccgFk7QzkQbJg42ceKEu5,GNcM8U5g8RwTZffwwm3kSQqUNPSwv5d2fbN9sLxPJqt2,29461.346954999986,29319.317277999988,29520.091937956524,1.0019939679963128,11.80803677518261,0.9994682828735113,42267.858387,58023.566913,100344.85393262876
WiiQFxXqp8P9Fs1rt9SVcDyA3KUdJmUsog6wnVQAwba,3S2jpqSYxho6wiz3cafhjXruVY8cg4HYa2v3BqBHYFSj,Dfe67M6TfrG74gKRtdqys4e6E9QirPD53BkF4FujFjuv,24477.105360404996,24457.564813496996,24489.64432768686,1.0005122732895593,2.4489644327686864,0.9999674690582965,10656.513735508,16130.285403824,26791.73345330439
BSCrK1Nx9PXU9mF7STWWBqeHLxmtJDr9h7jheEy4tAWX,FfSySSbVJPvEo5a5AvrP3nySoXpRE2QPn1uUMpJJ1x7v,HL7Vcj6838ZmvBHDbQxXfjBNckNi83WvPiZQoMQLFeRM,1.3175683769999997,1.2990859060000002,4067.1213899418426,3086.838953438121,1.6268485559767372,3077.491229149997,0.84291808,0.961070228,5559.637561168458
NorjjEePhxfwLF4vZjUHCrVVKLzQjEEGQFd3wgjEJmh,34M8pFVqgbV7aqHxvRT5tCv3vu2P1JJYT8J3VaxBK2oG,3AZWBSze3ucsY3xSeuLne3b2pauVqiaJ1SZSV5T9WGWw,0.011885000000347645,0.0010809999998855346,0.007047536030993532,0.5929773690187115,2.8190144123974124e-06,1.0,38120.278942,2260.699896,24865.162609286548
C2ypsDADXcCRz8HbV2zX1AXPSja7a1P3xZtRC91xGhJh,J9bYNuDpY1d1T86gLaw7DGk5D3CsUAf2tzUwxMvb6FTv,A2NGvvPrMGzsJ4jb52KEnSBVmsA7C34dV1GC7PerdgvG,1.249253066,1.2490937139999998,174.29467384408767,139.5191083277979,0.06971786953763508,139.55760240039075,4.026985079,2.997632594,980.1837851673308
MATSnbbiTCv7Dc3trJrkrqjx7ckKdr6fwPoVwv9q3sD,631WX9JizSHJm4w6VanZeJAst9T8DeUUnPLesdGkCVtK,211maUSfpnXbPuW1iBu8b4dtJv5EbN1j7JJiEX5TZKEP,13216.70755,13199.459926999989,13218.756457250873,1.0001550240287245,5.287502582900349,0.9972545582012718,20197.244015,25345.743161,45476.5329714423
BUSDgu5JdqP1rndBvXvanbEufS94FNh1w5FJcAj6vawb,Bgzr8cWubt89JQFXndVjtdKmDbGzuPxNhvjH1EhWCwbo,Dxaf8xPBBQsasRKW5Aa4Sw2YrbfGofY9xZueyyF23FBW,8890.880549949998,8851.063986400002,8931.787242341195,1.0046009719916245,3.5727148969364784,1.0,5257.39617806,9745.22413952,15026.809450144126
AUSejoEUCh2DBs9mof6BNC8Pubs22w4cJa1ccV9h44R,4xkyD7AfGQDwsQMy9MosRRNGoVJ1zosNinesxg1TzHG7,Cbm5gsQe3nSiCsFrvepVzMCD9xLK3ri9g3ypS2hdmVJ7,1386.6242769999972,1386.454198000003,1386.6173439132776,0.9999950000249999,0.13866173439132778,1.0,14393.828959,14480.461815,28874.218805215052
AURHmCnNwiW4uA2Qj1XvEh4iKgRUZYXtiY7FKAapUV5Y,BKWm4TRnTeKwfWXRyuzjRHU7iZDkPuXBX5b5V5jSVfGJ,A5Ww74HVrkj9nPeC7pHKLfgeDMEhBCpW1efQdz3TGLEg,0.022100956999963728,0.024783607000017582,3.4151792736898456,154.52630733119162,0.0013660717094759382,139.5191083277979,289.875145248,1809.515001205,297255.255256162
HEDSDjj84KS7LKhZY7ejkCACTdPen62rKhCby1wXtgxc,EnnjMSFttpCTywBrYNt1J5QQeoSVkvzPipJDa8Y7kJow,6bjVT6JN2rSvpyn9PdfLYC8wJn4LWh49jpY47fnLDXZk,19.521904249999352,20.16150748099608,17.642519573961188,0.9037294388923034,0.0070570078295844755,0.9999674690582965,39147.706771352,9076.063836992,44454.703658482795
7dwD9TF6uikvHXxPFK9AsSim54yJoujQjY9vU6gNFumk,CquVr6atkvwueDYficKjn6SSEWq4F4rH4VSiBbW4GBWU,8BCa6ge3b7ho3TfZuM64Vk1hgbrJ3J7EPiAb9uP86CGd,4.204599999999914e-05,4.214100000000075e-05,0.0069080060152192915,164.29639003042934,2.7632024060877163e-06,165.11385343206481,0.003905817,0.003602213,1.23648690253256
heyk4SZTeCUV6a65WiVA5bzic3KcxgVf1qxobfeV4tQ,9ZDpBKPqMABtGfq66FbVribaArMvtk63xxy91onZAtDt,DaTP4s6N7xxSPinbNZ3FB52EpRDRt87QShTuN3VPCW52,195.56752925200408,169.633826028999,31193.63028326223,159.50311589336897,12.477452113304894,139.5212690408164,634.386176498,4462.948703236,723862.8385706644
Sid7E679i9ABqptiAVhkmQ27YHN8vaYT4fppPwmxFsJ,GP7KB8o1bv527HG8kTzzzf4wJ5aEGHvcMQvVhLziUfmT,9gYxhAZ1M9wu5pxr8SBoa5NDm21gi3s9vMHaYTME77sa,2079.566667000003,2546.8257340000127,29.267994912049968,0.014074083498497396,0.011707197964819989,0.017075843434391988,103887.560956,27528.443745,1932.1936027320694
YAkoNb6HKmSxQN9L8hiBE5tPJRsniSSMzND1boHmZxe,CfWX7o2TswwbxusJ4hCaPobu2jLCb1hfXuXJQjVq3jQF,EnTrdMMpdhugeH6Ban6gYZWXughWxKtVGfCwFn78ZmY3,9474358.198025005,9477863.844700031,9474358.198025005,1.0,947.4358198025005,0.9990818437855612,1142671.050906,337694.311665,1480055.306440164
SRMuKizofcAMicegrfSv7xs9q76tH1w8aAF7oX9FEWu,72Hj2KWntXPfbie4UgKeTPnm1XVkomDfCnRPKbvfTtPi,6aqJQ5wedqpUt4fFEDUqUmXhrdxCu4bEJsQdVPCADLko,0.025669999999990978,0.025669999999990978,0.0010928337353300153,0.04257240885587844,4.371334941320062e-07,0.04275556540643783,17971.450574,3892.848795,931.5288928415343
DFWzVTzNBrQZLjoQ4yQwkj9HuoXmfkuZP9V5vbymZe23,DhgiEgiNdqZdRdo195UUHnoEJUtefK8buko8nU97XJUZ,2K2kkXsouBHtWVjtcgkyiXd8eP3oVBvq1bTJzcVdLLr2,18.777443228995253,21.802394268008356,15.674494602635392,0.834751271058648,0.006269797841054157,0.9999674690582965,61551.58326261,7408.548448504,58788.569805582214
RajgMbScQbqqrdJfR2rxfHJiTiY5b6bJ2tTXiF4aPxy,725ZA3fhyBAKb5iopNRrcbSuQa3LXA1656Q3mBvYPxeg,GLA6i1dSZpUfk2f9Nj8uiG7xyDdAR2reff8oEiZH3617,13618.637027809993,13611.32581287001,13623.693052775738,1.0003712577811876,5.449477221110295,1.0,79155.6703148,102746.04423784,181931.1017111695
Lid8SLUxQ9RmF7XMqUA8c24RitTwzja8VSKngJxRcUa,4PgzyzLtds9bKZ2to9PMnKqJzKEUpjvNUaeN23phegax,AtymwxoVN9peZo7EXTcDz9jKVc4vRmisJKKrNfe3ewBa,554.8891600579982,471.34262919299636,91166.2858645462,164.29639003042934,9.11662858645462,139.637286562662,985.420168863,7678.756690947,1234141.7249060916
SAMyS8Jr2HJrkFwYVKbpUwsNStnQmvz3f8Tup8bWUWF,6jPzm5TFfquvgm25sTyN3MMGBfufRaFHMxobDWv6hMFW,Cj9ECoDmxsHTDzCY5ZA6RWrPbg9uFzEC1Qc2kso2vJG6,4213.54868794998,119.05903113000647,4235.2757797584145,1.0051564829120332,1.6941103119033658,0.017273351987056457,417.57407222,112199.37363528,2357.786559317364
C98Sspw7XqnMsgxea3SLQVdbMDL8pKUc3RE82UvX9eq2,CSqgQJurPCzGxb4Cgwx5R61hWQUiaoUHcShNc8r1cKEL,6S2CR5EnukPhC914XkAns8m5GixjMAoUuZMsS5ubHuWc,37.023472999999626,36.04318499999988,0.0,0.0,0.0,1.0,953.176903,3896.786662,3896.786662
KZMu9QBEdL97EFgamLbN5DE1AoKBG4HdrKKJo4Vuon3,DD4ACBWyVqdaKWh7v5btsgqQCCMwbKnuL2xd9pv7Gyuw,GcYqiJ1MAuYbNTNYXm1F1gQYTfTgkErACAhNU5dpVj9T,111.37817046999953,110.90409118999924,111.9524901028016,1.0051564829120332,0.044780996041120645,1.0,2069.8321314,2621.1150728,4701.6202582163405
CZgvH45CRmoaNJ7395Ao5CQZXkGznvqU7cErD6n7FaRg,4ZjU6MKvtqVQKCiowhvZ5yUsPxXX5SCzd5eFsPeXyey5,BsyWeshjDbCvjDojry3vKDCesmFRM37WtwcR4Kfgzqr,42.70270556,49.589840000000095,49.86537850095252,1.1677334690395322,0.01994615140038101,1.0,241.37528389,1813.96985504,2095.831852637272
STK75uPSyBnEhGTTzb1nwmP3n427XoXmfRhXxxhyady,6TYyD5fUmDe6N65avW1Ny2RxzRNobw2RRgKwH9CTzSAU,54zDfk4cx2vGrEajPtodWpArNe5eUurytyxd4X3aZAxK,1029.0439501159915,1154.9609868599796,143520.6139401785,139.4698583320967,14.35206139401785,156.65453586159134,5900.432851169,1058.042824626,988679.7414640628
BSCuChvaSj9b5HUSqgDVRzcnr2sSn7cXaamt1jbKH6hn,GnKpRj5kBVPMJfiwZtEuD9GYApLzPdW5JFuZTcyX4BTc,3dmwD9okkomV9nDwyuh4UMhKdUR13QpuKxRo89ycZB5t,115.87020240399988,116.01695889500002,115.78514570968039,0.9992659312527743,0.04631405828387215,0.9993923694393809,1712.677345165,1395.830225285,3106.4021984345136
KEN5P7p3asnb23Sw6yAmJRGvijfAzso3RqfyLAQhznt,9zj4aX38Uxf3h6AUjS4EipWS8mwbEofasHAf3a1uKGds,CwQDG1MWunn9cLNwcZLd8YBacweSR7ARo32w4mLua1Yr,502401.5470850009,502980.8685779993,500758.05913492007,0.9967287362875044,50.07580591349201,1.0,1393103.833488,674134.27324,2062680.8967097723
SERgf3DMJpQxUifu7VoFKmfne73d2fDJxSrxUMrcNJB,AJfM2GZ2tTB8UtN2krcyR9xufRJEx2mhSCbJyMgPo3GU,F4yRYkufQvERZcEKnKjJwRLU1btiMBUuEwq46hfm11QD,0.00025199800000308414,8.467800000033776e-05,0.035075197226905636,139.18839525105898,1.4030078890762256e-05,139.4000806011266,29.284890014,27.959719666,7973.704021177727
BerKDkt6v49dT1bHRedgnpsJS263C1DSJtEGvY9Mg35V,78XKqNb8wbfsMMrvo8WPUpdx7GEkfQutpNVH943aCGFa,DKYQwn4nDvFHCszi5tXbqfVMAP7DaXXp1KGTXEnYnKVH,0.0010395030003564898,0.0010395030003564898,0.0010585877172594707,1.018359463028424,4.234350869037883e-07,0.9999674690582965,1338.317413093,5136.206757082,6498.927873598385
Cob4usZcpHEY7Qt4ZCwj6WVg9S44zvzYV2v9qYF65dTf,NhFM9UXE48PyNAyeyPYA3iXztqKVJwA4bTdLj4ysM8w,6TuFuynuBoeskxyR2cz4wxyidk8dpDK7kAWw3UkjQGx,129.07664300000428,2375.0749520000136,1.8157022066279562,0.01406685333943722,0.0007262808826511824,1.0,65495.70434,249.332673,1170.6511403139218
FrnkTEL6yZ5Aycq2TrEgu29dCrwKG4LPUZydfiwqspkc,DjvZuMZ46fxKBoBpGMPcRcos4xdTtHFxwMh69DpA2ZFY,9rvDPJLAng4uVVqnnSoEXgNDFhBZQTny9AoQioYDZbQX,586.2980160909943,491.5006339070004,94856.59926065548,161.78905037593304,37.9426397042622,139.42785500841586,175.945415107,1442.285324442,229560.79072522608
ACUSESXyNnwRLAg1dpSGMLSzUDdLjUMybY8rkXiAKhCP,AhFPQdu8GKBsxuhiH46UmCu1YpaLgNpoP325HnYtsgas,A8wxWpT3aFEr2XqZp1kDmbxbFfcBE95UUmdsNTDBJYbT,0.0,0.002101544000197464,0.0,0.9997864955938659,0.0,0.9878474707790519,1044.554751969,1841.328673742,2863.283608155987
Lee1XZJfJ9Hm2K1qTyeCz1LXNc1YBZaKZszvNY4KCDw,9DgFSWkPDGijNKcLGbr3p5xoJbHsPgXUTr6QvGBJ5vGN,2hNHZg7XBhuhHVZ3JDEi4buq2fPQwuWBdQ9xkH7t1GQX,4173.356542798705,3534.5950183709674,687107.9954556794,164.64157529059239,68.71079954556794,139.3242384328141,7146.96026545,56460.430605822,9042993.292387858
ZUCKWFa4LTL833dPhhpeeRWZcaAEoMeYJPi2iKn4F8N,7eEYpq6ShaJ9opZWMxitRFrdCHh6vfyHhGfoSvFht3N2,H8VggnHmuwd1wvwpT8eg9cUJFEfZ7HAaeYjgXrSm7A2u,0.003222958000151266,0.0010638779999680992,0.003227720249617397,1.0014776020866258,1.2910880998469588e-06,0.9999674690582965,1817.011925129,2030.15371529,3849.7844182188337
MATgk4zXLXtYkwBH678J1xZbRDZ45LicNzkRBHkxTuY,y8dALFo1bJrSzPYjMX14HJX448pXqYmrfXHD1K8MXih,GN7Yuet3UyiWS5YVkEHv6oQKi4HGBJc3XDPt9zQhAqZz,27385.00770199998,27394.334677999992,27393.554491001174,1.0003120973743809,10.957421796400471,1.0,6170.626218,6153.450308,12326.002362240924
BUSDTd9WiT6uBHJRgNvFXBsA7JrifsAtWzKfioN7ERcy,DyBxrn7gSc1EwnpWhDyhzvMHPtxpmBqRqotapLcKcfTM,Cds99GeBgoCpqBsoRWu1C6fF9LiUMd4pXQQD24s9LPff,7059.064000250002,7057.406937479996,7052.028332623111,0.999003314373316,0.7052028332623111,1.0003281076192991,474.58993885,394.68557423,868.9319954535117
SEQV6QiTpvTzrceiaYg9Avnwf7oc8ZALpnQMz6TyT4A,3dFMPj4r9mMmPHF32mz1gNDX7f8ftidWof7S8YiYTs1j,Fc1ED3YPeQfXQosHbd8DTaBd2AV5gHQtwiSAL5C5pUhi,719.9886233029997,718.7034465290001,719.7993642967472,0.9997371361155898,0.2879197457186989,0.9997725537435683,1351.44210988,4272.269853802,5622.385006574728
SQDY9uoDoCbNq7F3HAHYYQZbrUzpKxDtdWLvYcqBLak,GiehZ4X2uQjhEKuxSm3ACmEFrabxh3RTvjbLfLjw1xGX,rxDQYV77NKRKYxCjq4cECX3QQsiSyLv1T1FT2X3zNA2,0.0010622399999817844,0.0010622399999817844,0.0010645696669810674,1.0021931644443092,4.25827866792427e-07,0.9996885050593315,168.702204443,237.865563988,406.86366618771945
BUSD5rCfUDpCxKGMvYU2yThChxgHoioK74PTPociGnv2,CcFHbafgYDZ8yA8Me1PdtDiVb2eeaS61LbqyKKK5CsNZ,26R9s4nmF3CFDTkiePDwRmtscn8i7r2eygbSijditJ58,284.35810251000004,284.8035845200001,283.9021244688694,0.9983964654528715,0.028390212446886935,0.999572362951682,79.09924232,68.26951309,147.2127224692203
KwnjUuZhTMTSGAaavkLEmSyfobY16JNH4poL9oeeEvE,J63v6qEZmQpDqCD8bd4PXu2Pq5ZbyXrFcSa3Xt1HdAPQ,BnKQtTdLw9qPCDgZkWX3sURkBAoKCUYL1yahh6Mw7mRK,317.04548399999965,18961.28388600005,5.439655296804459,0.01715733410921086,0.000543965529680446,1.0,280506.127643,518.095523,5330.832874651898
daob129AwBGn9Y5r91uLoWZeYiGzbPmksauMhFZKTze,6VW5GQNyj4LStgmxEHLr5zUfW92vQnmbw8jTnCH7a38F,4VPCCUifPeBA1c7HWK358CHn2nyjm8pdTRk6Ps3KmnMQ,58.323094584999964,52.34223196200003,9033.921191429192,154.89440770779356,3.6135684765716767,139.263624090713,48.639162341,223.493256808,38658.41514513091
ALLwa5WNZbvQsRKAqe1jdRGemdYQnW8E5k4msbRFcYtu,CGoM82Hbz7QVqTgvQatYtjvDWBvoUJp5qm21P8iMs9yb,3dxNNww8TivyN5FMy5dCNdi3Zcxv6e4kUfSPxfFwpdNq,0.9575871269999996,0.9577326269999982,2943.16181153184,3073.5185640521267,1.1772647246127361,3078.978887441769,4.667958662,3.958722557,26535.880778127423
iLiUBQ7Z7im6Ew3b4ewwPcehzWgEQRJ1iQz7g6D62NW,GpugBvKWM3TVhYcZjemSdtehBWgfvuGr6uAm9iPjXT6v,92fMXJ3xy8tEyMUWLHKRLyhPw2nECBo77GtDiBBbYrjX,0.0010521069998503663,0.0010521069998503663,0.0010289327971331026,0.9779735305244052,4.11573118853241e-07,0.9999674690582965,1865.637227489,1097.916784331,2922.4248941092737
BkMBnJpvHKtWhUvrgRrLesXfi9RUV3ELgdBaJcdH7hcY,5uerVwBnZQsuVhZ15igs7ZgmcqhHnYWbwoRtLyRqLvR,9YWiQh5d4jCtgMdzcGLv9bWgnLaFtzvDDh2nnhJdzhBX,0.027809854000224732,0.02575304399988454,0.027912044629010948,1.0036746193915793,1.1164817851604379e-05,0.9997864945942928,1114.122438073,1759.333019481,2877.1738063594385
BSCNHw8CmxbZ8hCWWzMf5FaG2ajPT6JxfznKUNuRVrn4,7n9kgNL633yGzCYksgnzHyjG73ZLBAwvEae5sbAekbzW,SscdxE99omdG9AiMVwmaEMQySQnCgeAh1sPj2Leutm2,806.5126887349998,804.9795077070012,807.521378223924,1.001250680247209,0.3230085512895696,0.9997864935947199,5233.841250981,6455.912452929,11694.921187119002
GokA1R67GqSavkd15zR62QD68Tuc5AEfvjssntVDEbM8,3YB7hfpBdbQEuZqLGWVDpRPmeZWCUsrrWyqGXegnQ6Cg,4DPCj6Z1DsG6HUtwSogBGqXEUxdEV5a8YVrrFtcnz7UW,40753.910333000014,40736.25704699998,40772.42101213952,1.0004542062096191,4.077242101213953,1.0,21207.831528,41560.643539,62778.107795772565
BkwbeSfcX1h4thMDd7obGkHrPevf3QwgzJ4pCEqG18Lu,35yX27bmurdebhfAb8EPmjLETDiUaEUCn9zHaDPbakH2,2CxECn1ZJFoESyUnQysQU8rRgT3iJ5GRs2Mdd6gZjx5g,0.08739465000000379,0.05761319000000009,152.39354467462474,1743.7399734951523,0.0609574178698499,1131.2217194570135,0.90338103,22.63482703,27180.26956579691
moFiBS1R4Lf3E3zzmBPnw3NF4RhWPkhREFviuzUaCAU,44ALBrpqi9PfZkBRTvbtRNtFJGsatfY4QydjtMbFWq8S,2ho8qEEie1UjVwWNBo9y4oAJZMyMLx8zPj9bxyUz6uWs,264.663089436006,264.71697370400216,264.6887989237342,1.0000971404353476,0.10587551956949369,0.9983560649724615,33026.217430837,34085.857952611,67059.24862875513
JSoLLrxK5bYdHwTEWYaGgmeycBCNXKDiBCTw5hXGBg7,xG4wXczA7Dk4hccJ61CHKpDHW4NrNfQwgmWgkb9BuF2,BVR6WgfhsRr9Lob4QDnkEAiNGgAbv7ZieKcY9kSg3QYR,4.286889128999899,3.664185206000006,689.371619828799,160.8092952918576,0.27574864793151965,138.15851008757454,17.280348226,163.62269528,25384.708417018977
MARpDPs5A7XiyCWPNH8GsMWPLxmwNn9SBmKvPa9LzgA,6YjT74rmcfCpw8LSjPNx5JTmZoYLGrTKnf9arfSgZ4SR,F8GSmi3vA8M8TsybLya1LQ4n1aFHCRbZ6k437PeTdXtg,49684.13199599997,52182.06368899968,47087.224478771255,0.9477316516782907,18.834889791508502,1.0,317693.806165,17447.898458,318536.37410271814
TETFuZgEmET6d9vYmz9iMFCxK1jKdKYxf3oPz8hSzJK,Eu1Ze6Z84LWNkq7SNoAHBJbXx5t1P95EwyqYohrfCRFV,ASMbv7WNu3qe4pkhREmvyEdwFNDZQ6B6iSrjkj4u8bdC,231.416711206,231.50109899999998,232.3784484545083,1.0041558677568976,0.09295137938180333,0.9977162275551263,61.52424419,290.909653764,352.0252131254827
BSC8REUo9LpiiWUuqMuLXs2D2yJsJfGd4HdiF3wCLxk5,AZjEH1zWVx1UJ6udMyRijGTzPteuLnaY18yNNmprJEsh,Caf8ypkSVR8xYnXNhjvfvdGCC7mrM3C11rz8Xi6NA6aK,136.02365241400003,135.95710795500008,136.09868021393495,1.0005515790717527,0.05443947208557398,0.9968638941013462,3031.058095246,3317.266099433,6339.592765107768
SoNcU2iwHMw6dGzsYNQkYFkUjwN1UdAjrWVRnStrZu2,8ivTTid27jZnYNc4w3CTA1Z6QS2twsFb8WMwUabeDJgc,CyXm53PMvHCbeXJBykU46Rcbo28xk5srhMZFg7gv6EYB,17.47458723,17.331147534000007,2856.8801232958863,163.48770278197216,1.1427520493183547,162.24263450887855,21.882898994,27.859539844,8097.590027234621
SoN9GaFpSXfpyR5dth3x7PHPVhvJMpQqqDJfCSmPv1t,9kZ9iS68ViMPtoeqtnhAKuF2iqVyfHPdZHoUNdwCELr,BBhm5fJLjw3HRzjtKB8uMEYjGhY6EDm9co3cqpjrSzB9,4.501741081000003,4.417250138,744.5487168282987,165.39127938093384,0.29781948673131947,162.1507414910182,3.730289992,5.917641371,1576.5073704243491
ercAoEmXjQzEvAFbdjAo81KtMxRGn9AW1ju882upmPH,CMRhskR2Eg6V42RTSdRTXGdozyPbWB8U9dVpijPWb9T4,7TKLLgrWswt6ZJ1pXhVR3FyufHGjJFqiEXxvWJfDcgRm,169.46939821499996,169.75187692999998,23474.927465998146,138.52015592936914,9.389970986399259,139.11487327191503,947.244956261,664.804046411,223696.64971170475
KEVpg4SYCVrqFxKijQH6hm4QxsRdoE51ud64bEEFUC9,2bPenuBYfqzD8p5dFjCcggwkHDsc2RQDnx9AoyYGUBjA,AE6n6iLuX8oYu61vt5hoDYkjswpnxFxrhSehxrnQTnbx,1662.2573944190003,1663.6083629930004,1663.1719627022587,1.0005501965497816,0.6652687850809035,0.998020083844785,2325.896812285,5305.40819361,7622.080442903729
vEnkoSUkpnbRrPgBz9DfcVxNz67zjwMYBZraAvDDNSf,DtfyjjsZ5yCjWKLKHvwsfXs5QVsmm1QkK6Sh9JZHoq1g,e5wrKCRv4GhHvEf1VD5Pq2KGaZDXP77nTL612Jyrxwy,1424.333314,1423.723909,1419.9145399516703,0.9968976544991985,0.14199145399516705,0.999577178853345,789.194212,1154.843638,1941.1012045759169
parEAJhzYzHW87y9VoZAQ22dzQ2MD2ekEtTReaxbMcz,3oyc6hpjYSJEquK6dSvG72NXyz3pqLZz5D8AC71pwgQb,Di2vordgFJVZ1aj1aBpvzXtLfZgJsuLLXawGtVFwX6Rz,21.315378427999946,25.120489161000705,2891.7370542628855,135.6643544486309,1.156694821705154,159.49917259804215,1103.183286952,143.316109873,172521.44940757542
wrmcMSHFi3sWpAEy4rGDvQb3ezh3PhXoV2xNjgLBkKU,8p4mGnARWPBu6P2Gcw4adodLkNDorrXniZMhaY7eJXUn,AyY89zccbsgp9LKFgH4CFZMJmpSgqmPSdTfukhP227rc,0.05931282000000061,0.579922240000013,15.096161873250345,254.51768897938405,0.006038464749300138,3063.725490196078,27.19473399,0.08541653,7183.233647789001
HDSBGqAuMRr6X2AfmmbXQPpRgU6VEhtfNVVZ3wUTZXg,DCZ1d8kNLgDcdSd99y4udLgwq46mfDXNS9KXj96kQf5L,Fq8GGYQM5Pz3q7LmVMbrXHJgsxA5ev86kTq8yGgGuYsa,952.7614030639961,954.361078543996,950.1363170401889,0.9972447603194619,0.3800545268160756,0.9999674690582965,55565.720584457,54273.354272911,109684.2124158121
B2izdXFYb2sNwbWWHmh75T4aQFtfXsUxem9u2p61HGzf,4DYwgJtxwuJdAjkj5RJSNH4e7U329V5cNp7d3a1nLrZv,EXNW64GEf1ACC6xY9BtKRiunrs6GoJSXBdxWN2eTPmrF,161718.85391900002,160527.86699,160321.17392472425,0.9913573466518888,16.032117392472426,1.0,11511.214212,28302.296516,39714.02329394983
