0,1,2,3,4,5,6,7,8,9,10,11
WiiQFxXqp8P9Fs1rt9SVcDyA3KUdJmUsog6wnVQAwba,3S2jpqSYxho6wiz3cafhjXruVY8cg4HYa2v3BqBHYFSj,Dfe67M6TfrG74gKRtdqys4e6E9QirPD53BkF4FujFjuv,23714.302019375005,23737.608447368002,23736.299563786844,1.0009276066566861,2.3736299563786845,0.9999354161713402,8422.748072364,18377.002111143,26806.376323530887
iLiUBQ7Z7im6Ew3b4ewwPcehzWgEQRJ1iQz7g6D62NW,GpugBvKWM3TVhYcZjemSdtehBWgfvuGr6uAm9iPjXT6v,92fMXJ3xy8tEyMUWLHKRLyhPw2nECBo77GtDiBBbYrjX,37.45230760699974,37.85858369599987,36.634434228003364,0.9781622700641411,0.014653773691201346,0.9998013984504103,1863.474265202,1100.05925494,2922.620998923424
JSoLLrxK5bYdHwTEWYaGgmeycBCNXKDiBCTw5hXGBg7,xG4wXczA7Dk4hccJ61CHKpDHW4NrNfQwgmWgkb9BuF2,BVR6WgfhsRr9Lob4QDnkEAiNGgAbv7ZieKcY9kSg3QYR,1.0660279180001737,0.9093527189999975,196.78534234956535,184.59679997755302,0.07871413693982615,157.82454645170964,17.185188991,163.739370896,29014.42284269754
C2ypsDADXcCRz8HbV2zX1AXPSja7a1P3xZtRC91xGhJh,J9bYNuDpY1d1T86gLaw7DGk5D3CsUAf2tzUwxMvb6FTv,A2NGvvPrMGzsJ4jb52KEnSBVmsA7C34dV1GC7PerdgvG,0.0002091250000000322,0.00021000000000004349,0.03299162970999899,157.76033334127393,1.3196651883999597e-05,153.20871132475895,1.308319405,0.911007483,345.97518792729943
RoBgmK8CvjdHvPrqdDyVw54VwjZv2TqJ493xnqJAQHx,ExiHJxM7qPAcy27NDHAF6G7vnW7muNHi2sVJpnaNynGQ,6rkPHSqZb7StM4HwS9EuVrmfkV7tRdc7dnsFhyB6cefE,13.976845999999963,19.30280499999994,0.0,0.0,0.0,0.949999620000152,6323.211183,18.006255,17.105935407625836
ALLwa5WNZbvQsRKAqe1jdRGemdYQnW8E5k4msbRFcYtu,CGoM82Hbz7QVqTgvQatYtjvDWBvoUJp5qm21P8iMs9yb,3dxNNww8TivyN5FMy5dCNdi3Zcxv6e4kUfSPxfFwpdNq,3.9916497519999976,3.981570603000001,12767.150973932507,3198.4647369262757,5.1068603895730025,3196.0011633444237,2.580031848,6.052519954,27596.00170012407
BSCNHw8CmxbZ8hCWWzMf5FaG2ajPT6JxfznKUNuRVrn4,7n9kgNL633yGzCYksgnzHyjG73ZLBAwvEae5sbAekbzW,SscdxE99omdG9AiMVwmaEMQySQnCgeAh1sPj2Leutm2,202.88227916100004,202.1208941599998,203.73995550959043,1.0042274581700148,0.08149598220383618,1.0,4369.854487582,7328.25014138,11716.578006017304
KysFMBBoavfov2tLpvefWW6tPFt6rAeZWDJVy1mMQae,B8ka2V21TH3x64dFV8ETcjuQcwmrciJ2qzy1mJUttRew,7fSf7EYxBANyxzk2s5pymFgshA91tFYQNKKs5UnLWcYS,24.739344000000074,32.77439899998717,0.0,0.0,0.0,0.020512011813606037,134456.590963,2646.172984,54.27833150865313
MATgk4zXLXtYkwBH678J1xZbRDZ45LicNzkRBHkxTuY,y8dALFo1bJrSzPYjMX14HJX448pXqYmrfXHD1K8MXih,GN7Yuet3UyiWS5YVkEHv6oQKi4HGBJc3XDPt9zQhAqZz,4965.593488000002,4938.885725999999,4982.724093433226,1.0034498606208144,1.9930896373732905,1.0,3262.630355,6808.755783,10082.641757981988
heyk4SZTeCUV6a65WiVA5bzic3KcxgVf1qxobfeV4tQ,9ZDpBKPqMABtGfq66FbVribaArMvtk63xxy91onZAtDt,DaTP4s6N7xxSPinbNZ3FB52EpRDRt87QShTuN3VPCW52,65.95157159399878,57.40302911499998,11903.788562346981,180.49287188525707,4.761515424938793,156.7596648603773,633.979971052,4463.711849392,814158.8392368925
Lee1XZJfJ9Hm2K1qTyeCz1LXNc1YBZaKZszvNY4KCDw,9DgFSWkPDGijNKcLGbr3p5xoJbHsPgXUTr6QvGBJ5vGN,2hNHZg7XBhuhHVZ3JDEi4buq2fPQwuWBdQ9xkH7t1GQX,972.5681457634055,822.1025771790173,180466.613281376,185.55677981795395,18.0466613281376,156.8076471953384,7117.419860812,56493.47656339,10179294.651774801
B2izdXFYb2sNwbWWHmh75T4aQFtfXsUxem9u2p61HGzf,4DYwgJtxwuJdAjkj5RJSNH4e7U329V5cNp7d3a1nLrZv,EXNW64GEf1ACC6xY9BtKRiunrs6GoJSXBdxWN2eTPmrF,3599.087345000018,3550.960663999991,3619.6323783797015,1.0057084008834143,0.36196323783797013,1.0,9163.749883,30719.229002,39935.28924292751
daob129AwBGn9Y5r91uLoWZeYiGzbPmksauMhFZKTze,6VW5GQNyj4LStgmxEHLr5zUfW92vQnmbw8jTnCH7a38F,4VPCCUifPeBA1c7HWK358CHn2nyjm8pdTRk6Ps3KmnMQ,16.78449274200014,15.026832474999978,2929.9006827040985,174.5599779356188,1.1719602730816394,156.4778708994974,47.909703487,224.380975114,43473.77403978459
MiMuMS9C4vBqcrYeeQPph1E7oAW9aNKvW9k6Zw9XffM,Afy2q2hh6Y474pshJa5fnQ6PfEchGyTbKrQpCZw2hr3m,5pXz9ksgjeL8Wgb37bksUaBFMLdFfsNNY3FQnikkCPtS,1.044368009000209,0.01581885799999938,0.0,0.0,0.0,0.02050079380098637,25.994643869,7674.498231042,157.3333057606267
MARpDPs5A7XiyCWPNH8GsMWPLxmwNn9SBmKvPa9LzgA,6YjT74rmcfCpw8LSjPNx5JTmZoYLGrTKnf9arfSgZ4SR,F8GSmi3vA8M8TsybLya1LQ4n1aFHCRbZ6k437PeTdXtg,32435.696614999964,33904.6025910003,30685.604531741174,0.9460442578424705,12.27424181269647,1.0,296422.986438,15509.846398,295939.1106101864
BUSDgu5JdqP1rndBvXvanbEufS94FNh1w5FJcAj6vawb,Bgzr8cWubt89JQFXndVjtdKmDbGzuPxNhvjH1EhWCwbo,Dxaf8xPBBQsasRKW5Aa4Sw2YrbfGofY9xZueyyF23FBW,5537.420899639994,5505.437316319998,5575.066424167859,1.0067983859652627,2.2300265696671437,1.0,4782.71084096,10249.32450887,15064.550064087092
BSCuChvaSj9b5HUSqgDVRzcnr2sSn7cXaamt1jbKH6hn,GnKpRj5kBVPMJfiwZtEuD9GYApLzPdW5JFuZTcyX4BTc,3dmwD9okkomV9nDwyuh4UMhKdUR13QpuKxRo89ycZB5t,488.2201309989998,489.10857337599987,487.94919233046636,0.9994450481425683,0.19517967693218655,0.998932141540693,1667.004579649,1442.971652493,3107.510235368522
STK75uPSyBnEhGTTzb1nwmP3n427XoXmfRhXxxhyady,6TYyD5fUmDe6N65avW1Ny2RxzRNobw2RRgKwH9CTzSAU,54zDfk4cx2vGrEajPtodWpArNe5eUurytyxd4X3aZAxK,926.7870079770048,1032.9789854370047,144834.0281562993,156.27541917364996,14.483402815629931,176.40784930253628,1876.526270323,334.527599259,352268.22380271374
BkMBnJpvHKtWhUvrgRrLesXfi9RUV3ELgdBaJcdH7hcY,5uerVwBnZQsuVhZ15igs7ZgmcqhHnYWbwoRtLyRqLvR,9YWiQh5d4jCtgMdzcGLv9bWgnLaFtzvDDh2nnhJdzhBX,12.766277958000046,12.725493848999804,12.813029537965788,1.0036621151536533,0.005125211815186315,1.0,1117.77178196,1755.680333903,2877.545524844042
KEVpg4SYCVrqFxKijQH6hm4QxsRdoE51ud64bEEFUC9,2bPenuBYfqzD8p5dFjCcggwkHDsc2RQDnx9AoyYGUBjA,AE6n6iLuX8oYu61vt5hoDYkjswpnxFxrhSehxrnQTnbx,2128.236990540999,2128.174409837,2130.5538592046373,1.0010886328326853,0.8522215436818551,1.0,2714.138543003,4921.55738667,7638.650630003369
DFWzVTzNBrQZLjoQ4yQwkj9HuoXmfkuZP9V5vbymZe23,DhgiEgiNdqZdRdo195UUHnoEJUtefK8buko8nU97XJUZ,2K2kkXsouBHtWVjtcgkyiXd8eP3oVBvq1bTJzcVdLLr2,1249.717153675996,1316.0599641000117,1126.0462099558217,0.9010408528390597,0.4504184839823287,1.0,58674.224799579,9917.426100878,62785.29965396137
KwnjUuZhTMTSGAaavkLEmSyfobY16JNH4poL9oeeEvE,J63v6qEZmQpDqCD8bd4PXu2Pq5ZbyXrFcSa3Xt1HdAPQ,BnKQtTdLw9qPCDgZkWX3sURkBAoKCUYL1yahh6Mw7mRK,264.4447589999654,11634.530209000051,5.380751604871552,0.02034735581533025,0.0005380751604871552,1.0,277750.321367,571.194491,6222.679107676673
SUiuyGR7SFq3xeRVJonq84fjjeFwRSsFekcevJ53tzy,49GjCCPsv7fBqo6t3iKDrP1xxGDS8uWZbVCdfnp2gjMf,CEwj5xEbbJEjYqM8D6Ai8ByGz1mrh8mkAVsE5fzDSSSx,0.08396000000000003,8.456686999999988,0.0007928300963592634,0.009442950171025049,3.171320385437054e-07,0.929533030491472,634.34844,1.765501,7.631212204853197
KEN5P7p3asnb23Sw6yAmJRGvijfAzso3RqfyLAQhznt,9zj4aX38Uxf3h6AUjS4EipWS8mwbEofasHAf3a1uKGds,CwQDG1MWunn9cLNwcZLd8YBacweSR7ARo32w4mLua1Yr,109170.62570200069,109177.79878900037,108999.60532125166,0.9984334579045478,10.899960532125167,1.0,1158281.001913,1112745.520655,2269212.0266201403
KZMu9QBEdL97EFgamLbN5DE1AoKBG4HdrKKJo4Vuon3,DD4ACBWyVqdaKWh7v5btsgqQCCMwbKnuL2xd9pv7Gyuw,GcYqiJ1MAuYbNTNYXm1F1gQYTfTgkErACAhNU5dpVj9T,72.40383049999991,72.92450969000015,71.7174962127686,0.9905207461747302,0.028686998485107442,1.0,2081.53796937,1307.07017674,3368.8767193514054
BSC8REUo9LpiiWUuqMuLXs2D2yJsJfGd4HdiF3wCLxk5,AZjEH1zWVx1UJ6udMyRijGTzPteuLnaY18yNNmprJEsh,Caf8ypkSVR8xYnXNhjvfvdGCC7mrM3C11rz8Xi6NA6aK,848.0621950340001,847.9672758199999,848.243496902541,1.000213783693699,0.3392973987610164,1.0,3135.385063614,3214.752251824,6350.807609638068
BUSDTd9WiT6uBHJRgNvFXBsA7JrifsAtWzKfioN7ERcy,DyBxrn7gSc1EwnpWhDyhzvMHPtxpmBqRqotapLcKcfTM,Cds99GeBgoCpqBsoRWu1C6fF9LiUMd4pXQQD24s9LPff,1764.029527849999,1765.5302600500006,1763.3829834791065,0.9996334843829511,0.17633829834791068,0.9994862640602731,213.46386678,204.42871105,417.70931761317104
GokA1R67GqSavkd15zR62QD68Tuc5AEfvjssntVDEbM8,3YB7hfpBdbQEuZqLGWVDpRPmeZWCUsrrWyqGXegnQ6Cg,4DPCj6Z1DsG6HUtwSogBGqXEUxdEV5a8YVrrFtcnz7UW,7384.093884999989,7382.778332999993,7385.1573476580525,1.0001440207389865,0.7385157347658052,1.0,15583.529027,17000.669628,32586.443006366484
7oAd7xG4m3oC2qeWB1szghTebAZyyGPAFDJ4wwwbRSNi,D9yh4KAysxt9GLacVe4Wwh2XqghhcjTCSTV9HuM7TBJd,HDYfJLpZKaMFb84jM4mRytn7XLR8UFZUnQpSfhJJaNEy,6.891136422999921,301.2480248369975,6.891136422999921,1.0,0.0027564545691999686,0.022772700710578776,955.422501512,300133.903846281,7790.282066900985
SAMyS8Jr2HJrkFwYVKbpUwsNStnQmvz3f8Tup8bWUWF,6jPzm5TFfquvgm25sTyN3MMGBfufRaFHMxobDWv6hMFW,Cj9ECoDmxsHTDzCY5ZA6RWrPbg9uFzEC1Qc2kso2vJG6,460.0839795899956,9.042411629999947,455.72272676652176,0.9905207461747302,0.1822890907066087,0.019825063952880802,457.59130786,110048.09387301,2634.964182629611
AUSejoEUCh2DBs9mof6BNC8Pubs22w4cJa1ccV9h44R,4xkyD7AfGQDwsQMy9MosRRNGoVJ1zosNinesxg1TzHG7,Cbm5gsQe3nSiCsFrvepVzMCD9xLK3ri9g3ypS2hdmVJ7,1648.5804659999994,1649.6166750000011,1649.3754649741168,1.000482232436034,0.16493754649741169,1.0,14297.155714,14578.216519,28882.26678522832
ALBpShJ9NLpE739pcHDF2LNVk5J4VYPvvKuV6jMPitZi,D6d156U1bPiJpDYRLextvDRccgFk7QzkQbJg42ceKEu5,GNcM8U5g8RwTZffwwm3kSQqUNPSwv5d2fbN9sLxPJqt2,1014.8469259999983,1015.8781730000046,1015.8922791552491,1.0010300599316697,0.4063569116620997,0.9990838401186112,42281.057951,58020.251485,100291.70563294529
ercAoEmXjQzEvAFbdjAo81KtMxRGn9AW1ju882upmPH,CMRhskR2Eg6V42RTSdRTXGdozyPbWB8U9dVpijPWb9T4,7TKLLgrWswt6ZJ1pXhVR3FyufHGjJFqiEXxvWJfDcgRm,45.175545582999916,44.23107812300003,7112.433435669256,157.43990125369393,2.8449733742677026,151.23067744538116,317.201031481,885.020208075,183782.30469397295
AURHmCnNwiW4uA2Qj1XvEh4iKgRUZYXtiY7FKAapUV5Y,BKWm4TRnTeKwfWXRyuzjRHU7iZDkPuXBX5b5V5jSVfGJ,A5Ww74HVrkj9nPeC7pHKLfgeDMEhBCpW1efQdz3TGLEg,0.012665726000022914,0.011303929999996853,2.2338799044033424,176.37203776548623,0.0008935519617613369,157.3557684893815,289.908149772,1809.478153833,335863.5166012484
FrnkTEL6yZ5Aycq2TrEgu29dCrwKG4LPUZydfiwqspkc,DjvZuMZ46fxKBoBpGMPcRcos4xdTtHFxwMh69DpA2ZFY,9rvDPJLAng4uVVqnnSoEXgNDFhBZQTny9AoQioYDZbQX,75.82855428299717,63.408030706999824,14258.590721754023,188.0372223442375,5.703436288701609,157.2632668864578,174.925043061,1441.10819127,259525.80131159106
wrmcMSHFi3sWpAEy4rGDvQb3ezh3PhXoV2xNjgLBkKU,8p4mGnARWPBu6P2Gcw4adodLkNDorrXniZMhaY7eJXUn,AyY89zccbsgp9LKFgH4CFZMJmpSgqmPSdTfukhP227rc,0.004713660000000008,0.04157058999999563,1.6726969481902088,354.86160397444996,0.0006690787792760836,3196.42000958926,27.03037449,0.1013119,9915.87743192096
SRMuKizofcAMicegrfSv7xs9q76tH1w8aAF7oX9FEWu,72Hj2KWntXPfbie4UgKeTPnm1XVkomDfCnRPKbvfTtPi,6aqJQ5wedqpUt4fFEDUqUmXhrdxCu4bEJsQdVPCADLko,627.6819090000004,632.0040869999975,30.845100453402154,0.049141292764902894,0.012338040181360862,0.04943450143599811,17968.753093,3895.828184,1075.5960803197172
BSCrK1Nx9PXU9mF7STWWBqeHLxmtJDr9h7jheEy4tAWX,FfSySSbVJPvEo5a5AvrP3nySoXpRE2QPn1uUMpJJ1x7v,HL7Vcj6838ZmvBHDbQxXfjBNckNi83WvPiZQoMQLFeRM,0.008757500999999945,0.008749915999999858,28.049135225161574,3202.8697713150987,0.01121965409006463,3195.602850477743,0.84511932,0.95907308,5771.62379144684
AyiATPCAx5HZstcZ1jdH9rENwFb3yd9zEhkgspvDrCs4,DvHVapj4g2Y1tJVSw2ubSPkPBsJPb8fW387ZWXwaKmZq,DKjqWWgrtDRPKrnMWtZ4UiJk4sGQVCQgFjSo7BvfngvK,0.0013396900000000045,0.0013402200000000586,2.9823245252777193,2226.130317668796,0.0011929298101110877,0.0,0.80222651,0.31854273,1785.8607555486296
parEAJhzYzHW87y9VoZAQ22dzQ2MD2ekEtTReaxbMcz,3oyc6hpjYSJEquK6dSvG72NXyz3pqLZz5D8AC71pwgQb,Di2vordgFJVZ1aj1aBpvzXtLfZgJsuLLXawGtVFwX6Rz,3.7414484370000594,4.284637804000056,575.9022251851155,153.924939734538,0.2303608900740462,178.65194955726474,1100.336427522,142.392198202,194807.86210457238
C98Sspw7XqnMsgxea3SLQVdbMDL8pKUc3RE82UvX9eq2,CSqgQJurPCzGxb4Cgwx5R61hWQUiaoUHcShNc8r1cKEL,6S2CR5EnukPhC914XkAns8m5GixjMAoUuZMsS5ubHuWc,29.789437000000135,29.685539000000063,0.0,0.0,0.0,1.0,880.283699,1239.334748,1239.334748
vEnkoSUkpnbRrPgBz9DfcVxNz67zjwMYBZraAvDDNSf,DtfyjjsZ5yCjWKLKHvwsfXs5QVsmm1QkK6Sh9JZHoq1g,e5wrKCRv4GhHvEf1VD5Pq2KGaZDXP77nTL612Jyrxwy,1171.6857089999999,1171.6290209999997,1171.1621994968248,0.9995531997197252,0.11711621994968248,0.9985082287063126,986.015271,959.090226,1943.234201833359
Dg3mAgpwDfVNnbGWcsxL8sUcSkEbjSJQhKAWNigG44Ju,EATxwd8YA2wV93VJcKMmH2Kn2Y9XfJVUB9hHVu3udwEy,GiGvrRi7NMHfHKanG2B8xyCEqe8jaafWins8bhrLVEaa,0.02309060600000004,0.023126019999999997,4.333531267981626,187.67507738781816,0.0017334125071926504,186.14763741418594,0.197638876,0.261934611,85.85040034279524
YAkoNb6HKmSxQN9L8hiBE5tPJRsniSSMzND1boHmZxe,CfWX7o2TswwbxusJ4hCaPobu2jLCb1hfXuXJQjVq3jQF,EnTrdMMpdhugeH6Ban6gYZWXughWxKtVGfCwFn78ZmY3,6204838.5598770045,6207060.564802022,6204838.5598770045,1.0,620.4838559877005,1.0000280007840219,1053292.527322,346288.881332,1399591.1050141752
Cob4usZcpHEY7Qt4ZCwj6WVg9S44zvzYV2v9qYF65dTf,NhFM9UXE48PyNAyeyPYA3iXztqKVJwA4bTdLj4ysM8w,6TuFuynuBoeskxyR2cz4wxyidk8dpDK7kAWw3UkjQGx,117.20215799999428,1822.5723449999932,1.107309975336582,0.009447863369005851,0.0004429239901346328,1.0,70432.525104,193.464024,858.9008979166666
NorjjEePhxfwLF4vZjUHCrVVKLzQjEEGQFd3wgjEJmh,34M8pFVqgbV7aqHxvRT5tCv3vu2P1JJYT8J3VaxBK2oG,3AZWBSze3ucsY3xSeuLne3b2pauVqiaJ1SZSV5T9WGWw,1.9960089999999582,3.3710060000012163,1.1825993962608212,0.5924819959533479,0.00047303975850432854,1.0,38124.371737,2258.30739,24846.311251205167
HEDSDjj84KS7LKhZY7ejkCACTdPen62rKhCby1wXtgxc,EnnjMSFttpCTywBrYNt1J5QQeoSVkvzPipJDa8Y7kJow,6bjVT6JN2rSvpyn9PdfLYC8wJn4LWh49jpY47fnLDXZk,10.464433026003462,10.773272293992704,10.138805123248153,0.9688824132233305,0.0040555220492992615,1.0,39118.113158846,9104.779845638,47005.63172372403
RajgMbScQbqqrdJfR2rxfHJiTiY5b6bJ2tTXiF4aPxy,725ZA3fhyBAKb5iopNRrcbSuQa3LXA1656Q3mBvYPxeg,GLA6i1dSZpUfk2f9Nj8uiG7xyDdAR2reff8oEiZH3617,8961.017119259996,8953.725363460006,8964.169907458147,1.0003518337434458,3.5856679629832593,1.0,71029.30745283,110365.68452508,181419.9824850455
MiMUFdSLMyCLpqpH6zkqdDrGYs7XBomwENbivdYjv9V,,,0.015818858000000005,0.019993999999999956,0.0,0.0,0.0,1.0,71029.30745283,110365.68452508,110365.68452508
SoNcU2iwHMw6dGzsYNQkYFkUjwN1UdAjrWVRnStrZu2,8ivTTid27jZnYNc4w3CTA1Z6QS2twsFb8WMwUabeDJgc,CyXm53PMvHCbeXJBykU46Rcbo28xk5srhMZFg7gv6EYB,2.1280674889999958,2.124397548000001,396.09971214812987,186.13117967149708,0.15843988485925195,159.74928308515484,21.967837495,27.789062169,8528.182266882643
Lid8SLUxQ9RmF7XMqUA8c24RitTwzja8VSKngJxRcUa,4PgzyzLtds9bKZ2to9PMnKqJzKEUpjvNUaeN23phegax,AtymwxoVN9peZo7EXTcDz9jKVc4vRmisJKKrNfe3ewBa,175.95498128502004,149.29530113200008,32613.849842453346,185.3533762117477,3.2613849842453346,157.3140575369873,982.131385463,7682.815222449,1390656.2041294724
Sid7E679i9ABqptiAVhkmQ27YHN8vaYT4fppPwmxFsJ,GP7KB8o1bv527HG8kTzzzf4wJ5aEGHvcMQvVhLziUfmT,9gYxhAZ1M9wu5pxr8SBoa5NDm21gi3s9vMHaYTME77sa,2821.0288180000025,5911.1904319999885,26.651716834381684,0.00944751668764472,0.010660686733752674,0.020506150019958636,127901.191628,11832.745516,1450.9926969742642
BkwbeSfcX1h4thMDd7obGkHrPevf3QwgzJ4pCEqG18Lu,35yX27bmurdebhfAb8EPmjLETDiUaEUCn9zHaDPbakH2,2CxECn1ZJFoESyUnQysQU8rRgT3iJ5GRs2Mdd6gZjx5g,0.004517010000001598,0.0030310900000009022,10.055452906216686,2226.130317668796,0.004022181162486675,1447.178002894356,0.90449504,22.63315424,34767.72678296817
BUSD5rCfUDpCxKGMvYU2yThChxgHoioK74PTPociGnv2,CcFHbafgYDZ8yA8Me1PdtDiVb2eeaS61LbqyKKK5CsNZ,26R9s4nmF3CFDTkiePDwRmtscn8i7r2eygbSijditJ58,182.96503840000003,183.24085241,182.9691222708091,1.0000223204981935,0.01829691222708091,1.0,82.64143335,65.11595586,147.7592338079638
SoN9GaFpSXfpyR5dth3x7PHPVhvJMpQqqDJfCSmPv1t,9kZ9iS68ViMPtoeqtnhAKuF2iqVyfHPdZHoUNdwCELr,BBhm5fJLjw3HRzjtKB8uMEYjGhY6EDm9co3cqpjrSzB9,0.6200037930000013,0.6077203890000016,115.92814836019726,186.97974055813077,0.0463712593440789,184.1858744905879,3.690790694,5.962813471,1788.3690999988762
KEnkcdADoLR5jS2CLLLesy8TtFsyWL37BhXNfDMzWzP,3qsjFRuw1qeLMPo4DLwaQevenGAGBj9dA3Q6rb8ax2YR,77iEv8zPQAEyCcEbvBRSB6AFcUdfkhiqnAKtPxk76rNN,0.013873999999999997,1.4709019999999953,0.00013112345296724414,0.009451020107196494,5.2449381186897655e-08,0.9997300728803223,117.394877,0.313958,1.4233745972302194
MATSnbbiTCv7Dc3trJrkrqjx7ckKdr6fwPoVwv9q3sD,631WX9JizSHJm4w6VanZeJAst9T8DeUUnPLesdGkCVtK,211maUSfpnXbPuW1iBu8b4dtJv5EbN1j7JJiEX5TZKEP,1443.8140280000007,1443.4703429999972,1442.2938502818035,0.9989471097463273,0.5769175401127214,1.0001610259251739,22050.619637,23496.702666,45527.88899878209
