0,1,2,3,4,5,6,7,8,9,10,11
Lid8SLUxQ9RmF7XMqUA8c24RitTwzja8VSKngJxRcUa,4PgzyzLtds9bKZ2to9PMnKqJzKEUpjvNUaeN23phegax,AtymwxoVN9peZo7EXTcDz9jKVc4vRmisJKKrNfe3ewBa,225.12872630401807,191.04488656599938,40663.113653624474,180.62161289320423,4.066311365362448,152.55753554895693,982.603193652,7682.253529923,1349465.0396587658
daob129AwBGn9Y5r91uLoWZeYiGzbPmksauMhFZKTze,6VW5GQNyj4LStgmxEHLr5zUfW92vQnmbw8jTnCH7a38F,4VPCCUifPeBA1c7HWK358CHn2nyjm8pdTRk6Ps3KmnMQ,20.821484962000177,18.633769360999963,3548.9520109208866,170.4466332443545,1.4195808043683549,152.98578532575644,48.549599506,223.662540194,42492.30514069213
YAkoNb6HKmSxQN9L8hiBE5tPJRsniSSMzND1boHmZxe,CfWX7o2TswwbxusJ4hCaPobu2jLCb1hfXuXJQjVq3jQF,EnTrdMMpdhugeH6Ban6gYZWXughWxKtVGfCwFn78ZmY3,6005325.689224979,6007262.841977017,6005325.689224979,1.0,600.532568922498,0.9955161950574611,1069451.677479,328994.233164,1396970.7646742724
SoNcU2iwHMw6dGzsYNQkYFkUjwN1UdAjrWVRnStrZu2,8ivTTid27jZnYNc4w3CTA1Z6QS2twsFb8WMwUabeDJgc,CyXm53PMvHCbeXJBykU46Rcbo28xk5srhMZFg7gv6EYB,2.997078465999998,2.9729438499999965,543.8385478711461,181.45622613510398,0.21753541914845848,178.4829838785245,21.875862647,27.88184619,8945.946583407776
FrnkTEL6yZ5Aycq2TrEgu29dCrwKG4LPUZydfiwqspkc,DjvZuMZ46fxKBoBpGMPcRcos4xdTtHFxwMh69DpA2ZFY,9rvDPJLAng4uVVqnnSoEXgNDFhBZQTny9AoQioYDZbQX,51.77986932699716,43.319243213999954,9420.038412859087,181.9247235517382,3.7680153651436346,153.38326674454447,174.924378502,1441.093530521,252862.70259717584
7dwD9TF6uikvHXxPFK9AsSim54yJoujQjY9vU6gNFumk,CquVr6atkvwueDYficKjn6SSEWq4F4rH4VSiBbW4GBWU,8BCa6ge3b7ho3TfZuM64Vk1hgbrJ3J7EPiAb9uP86CGd,5.965000000000137e-06,5.944999999999822e-06,0.0010792750600793683,180.934628680527,4.3171002403174735e-07,181.28730666161962,0.003937636,0.003570527,1.3597459307316684
BUSD5rCfUDpCxKGMvYU2yThChxgHoioK74PTPociGnv2,CcFHbafgYDZ8yA8Me1PdtDiVb2eeaS61LbqyKKK5CsNZ,26R9s4nmF3CFDTkiePDwRmtscn8i7r2eygbSijditJ58,280.2152145299999,280.72130961999994,279.95967014269036,0.9990880424257541,0.027995967014269034,1.0,82.64143335,65.11595586,147.68202372890994
Cob4usZcpHEY7Qt4ZCwj6WVg9S44zvzYV2v9qYF65dTf,NhFM9UXE48PyNAyeyPYA3iXztqKVJwA4bTdLj4ysM8w,6TuFuynuBoeskxyR2cz4wxyidk8dpDK7kAWw3UkjQGx,21.885632000000015,2225.0912079999835,0.2013601357877971,0.009200562989809797,8.054405431511884e-05,1.0,70754.75135,190.464024,841.4475706240048
Lee1XZJfJ9Hm2K1qTyeCz1LXNc1YBZaKZszvNY4KCDw,9DgFSWkPDGijNKcLGbr3p5xoJbHsPgXUTr6QvGBJ5vGN,2hNHZg7XBhuhHVZ3JDEi4buq2fPQwuWBdQ9xkH7t1GQX,1067.8328347483584,902.8578198360074,193901.18620521342,181.58383961934217,19.390118620521342,152.60717143828597,7123.159957548,56490.225221895,9914264.220339434
WiiQFxXqp8P9Fs1rt9SVcDyA3KUdJmUsog6wnVQAwba,3S2jpqSYxho6wiz3cafhjXruVY8cg4HYa2v3BqBHYFSj,Dfe67M6TfrG74gKRtdqys4e6E9QirPD53BkF4FujFjuv,12673.981485070002,12690.412007678,12655.583418020473,0.9985483593240844,1.2655583418020473,0.9998809311790724,19020.134569809,7778.232454703,26769.830478541797
KEnkcdADoLR5jS2CLLLesy8TtFsyWL37BhXNfDMzWzP,3qsjFRuw1qeLMPo4DLwaQevenGAGBj9dA3Q6rb8ax2YR,77iEv8zPQAEyCcEbvBRSB6AFcUdfkhiqnAKtPxk76rNN,0.03264699999999998,3.3117230000000006,0.0003003707799283203,0.009200562989809797,1.201483119713281e-07,0.999520230289461,117.394877,0.313958,1.3939063329806918
KwnjUuZhTMTSGAaavkLEmSyfobY16JNH4poL9oeeEvE,J63v6qEZmQpDqCD8bd4PXu2Pq5ZbyXrFcSa3Xt1HdAPQ,BnKQtTdLw9qPCDgZkWX3sURkBAoKCUYL1yahh6Mw7mRK,221.09590699999944,11164.557813999825,4.347892915255588,0.019665189529065315,0.0004347892915255588,1.0,278382.102872,558.446798,6032.883612477638
DFWzVTzNBrQZLjoQ4yQwkj9HuoXmfkuZP9V5vbymZe23,DhgiEgiNdqZdRdo195UUHnoEJUtefK8buko8nU97XJUZ,2K2kkXsouBHtWVjtcgkyiXd8eP3oVBvq1bTJzcVdLLr2,2440.429638812995,2628.916536056002,2223.945463290827,0.9112925969758897,0.8895781853163308,0.9998809311790724,58011.662789423,10517.408952434,63381.75549521369
MATSnbbiTCv7Dc3trJrkrqjx7ckKdr6fwPoVwv9q3sD,631WX9JizSHJm4w6VanZeJAst9T8DeUUnPLesdGkCVtK,211maUSfpnXbPuW1iBu8b4dtJv5EbN1j7JJiEX5TZKEP,904.3844270000045,904.0012879999995,904.254214393132,0.9998560207330145,0.3617016857572528,0.9985451197605089,21537.919522,24009.261792,45509.14969958888
BkwbeSfcX1h4thMDd7obGkHrPevf3QwgzJ4pCEqG18Lu,35yX27bmurdebhfAb8EPmjLETDiUaEUCn9zHaDPbakH2,2CxECn1ZJFoESyUnQysQU8rRgT3iJ5GRs2Mdd6gZjx5g,0.0050244900000022685,0.0033039000000018026,11.104090698141988,2209.993591018586,0.004441636279256796,1445.086705202312,0.90449504,22.63315424,34705.79853052543
KEN5P7p3asnb23Sw6yAmJRGvijfAzso3RqfyLAQhznt,9zj4aX38Uxf3h6AUjS4EipWS8mwbEofasHAf3a1uKGds,CwQDG1MWunn9cLNwcZLd8YBacweSR7ARo32w4mLua1Yr,99084.08778600069,99087.48512599966,99009.13786863413,0.9992435726155301,9.900913786863415,1.0,1144420.212484,1126798.925125,2270353.4668209367
MiMUFdSLMyCLpqpH6zkqdDrGYs7XBomwENbivdYjv9V,,,0.063704235,0.048782343000000006,0.0,0.0,0.0,1.0,1144420.212484,1126798.925125,1126798.925125
7oAd7xG4m3oC2qeWB1szghTebAZyyGPAFDJ4wwwbRSNi,D9yh4KAysxt9GLacVe4Wwh2XqghhcjTCSTV9HuM7TBJd,HDYfJLpZKaMFb84jM4mRytn7XLR8UFZUnQpSfhJJaNEy,6.891136422999921,301.2480248369975,6.8903159035111825,0.9998809311790724,0.0027561263614044734,0.022772700710578776,955.422501512,300133.903846281,7790.168305870243
SRMuKizofcAMicegrfSv7xs9q76tH1w8aAF7oX9FEWu,72Hj2KWntXPfbie4UgKeTPnm1XVkomDfCnRPKbvfTtPi,6aqJQ5wedqpUt4fFEDUqUmXhrdxCu4bEJsQdVPCADLko,627.6819090000004,632.0040869999975,30.14089215578562,0.0480193737044373,0.012056356862314248,0.0474265297842164,17968.753093,3895.828184,1047.6138811781962
KZMu9QBEdL97EFgamLbN5DE1AoKBG4HdrKKJo4Vuon3,DD4ACBWyVqdaKWh7v5btsgqQCCMwbKnuL2xd9pv7Gyuw,GcYqiJ1MAuYbNTNYXm1F1gQYTfTgkErACAhNU5dpVj9T,611.9559570599997,613.20856329,606.895023049092,0.9917299048199125,0.2427580092196368,1.0,2040.9056504,1347.30234135,3371.329507767614
NorjjEePhxfwLF4vZjUHCrVVKLzQjEEGQFd3wgjEJmh,34M8pFVqgbV7aqHxvRT5tCv3vu2P1JJYT8J3VaxBK2oG,3AZWBSze3ucsY3xSeuLne3b2pauVqiaJ1SZSV5T9WGWw,1.9960089999999582,3.3710060000012163,1.1825993962608212,0.5924819959533479,0.00047303975850432854,1.0,38124.371737,2258.30739,24846.311251205167
vEnkoSUkpnbRrPgBz9DfcVxNz67zjwMYBZraAvDDNSf,DtfyjjsZ5yCjWKLKHvwsfXs5QVsmm1QkK6Sh9JZHoq1g,e5wrKCRv4GhHvEf1VD5Pq2KGaZDXP77nTL612Jyrxwy,743.268217,743.0688340000002,741.5759407033152,0.9977231956674869,0.07415759407033151,0.999520230289461,921.418576,1023.621685,1942.4512685145912
ercAoEmXjQzEvAFbdjAo81KtMxRGn9AW1ju882upmPH,CMRhskR2Eg6V42RTSdRTXGdozyPbWB8U9dVpijPWb9T4,7TKLLgrWswt6ZJ1pXhVR3FyufHGjJFqiEXxvWJfDcgRm,1.4843755890000239,1.5156696089999286,228.14890926613103,153.70025683312915,0.09125956370645241,148.32712955113988,311.42711371,910.540257134,182924.25004347015
MATgk4zXLXtYkwBH678J1xZbRDZ45LicNzkRBHkxTuY,y8dALFo1bJrSzPYjMX14HJX448pXqYmrfXHD1K8MXih,GN7Yuet3UyiWS5YVkEHv6oQKi4HGBJc3XDPt9zQhAqZz,6383.471116000003,6352.766584999999,6405.493201627198,1.0034498606208144,2.5621972806508793,1.0,3262.630355,6808.755783,10082.641757981988
SAMyS8Jr2HJrkFwYVKbpUwsNStnQmvz3f8Tup8bWUWF,6jPzm5TFfquvgm25sTyN3MMGBfufRaFHMxobDWv6hMFW,Cj9ECoDmxsHTDzCY5ZA6RWrPbg9uFzEC1Qc2kso2vJG6,730.1767313500022,14.214912589999983,724.1381002834526,0.9917299048199125,0.289655240113381,0.019800709423777377,457.59130786,110048.09387301,2632.8373136104638
GokA1R67GqSavkd15zR62QD68Tuc5AEfvjssntVDEbM8,3YB7hfpBdbQEuZqLGWVDpRPmeZWCUsrrWyqGXegnQ6Cg,4DPCj6Z1DsG6HUtwSogBGqXEUxdEV5a8YVrrFtcnz7UW,1883.3254149999957,1882.4805219999926,1884.3618139976945,1.0005503026664666,0.18843618139976948,1.0,10616.585743,21968.110976,32590.539054443143
ALLwa5WNZbvQsRKAqe1jdRGemdYQnW8E5k4msbRFcYtu,CGoM82Hbz7QVqTgvQatYtjvDWBvoUJp5qm21P8iMs9yb,3dxNNww8TivyN5FMy5dCNdi3Zcxv6e4kUfSPxfFwpdNq,2.6742844310000002,2.6658689219999987,8507.887987147267,3181.3698978780267,3.403155194858907,3174.9257067384624,1.687673447,6.94611182,27422.502480931733
KEVpg4SYCVrqFxKijQH6hm4QxsRdoE51ud64bEEFUC9,2bPenuBYfqzD8p5dFjCcggwkHDsc2RQDnx9AoyYGUBjA,AE6n6iLuX8oYu61vt5hoDYkjswpnxFxrhSehxrnQTnbx,989.4042232430002,989.107416067,989.9040733250174,1.0005052031012955,0.395961629330007,0.9997352001375395,3228.695513042,4405.893995593,7635.053975497279
SoN9GaFpSXfpyR5dth3x7PHPVhvJMpQqqDJfCSmPv1t,9kZ9iS68ViMPtoeqtnhAKuF2iqVyfHPdZHoUNdwCELr,BBhm5fJLjw3HRzjtKB8uMEYjGhY6EDm9co3cqpjrSzB9,0.9161125590000023,0.898890347,165.39549110738398,180.54057821008823,0.06615819644295359,170.76750601742,3.699911138,5.953452786,1684.6403806381463
MARpDPs5A7XiyCWPNH8GsMWPLxmwNn9SBmKvPa9LzgA,6YjT74rmcfCpw8LSjPNx5JTmZoYLGrTKnf9arfSgZ4SR,F8GSmi3vA8M8TsybLya1LQ4n1aFHCRbZ6k437PeTdXtg,31573.77360900006,32973.863305000545,29101.40550178492,0.921695514200102,11.640562200713969,1.0,295827.542885,16073.140732,288736.0599859428
SUiuyGR7SFq3xeRVJonq84fjjeFwRSsFekcevJ53tzy,49GjCCPsv7fBqo6t3iKDrP1xxGDS8uWZbVCdfnp2gjMf,CEwj5xEbbJEjYqM8D6Ai8ByGz1mrh8mkAVsE5fzDSSSx,0.1405590000000001,13.823064999999929,0.0012932219332846763,0.009200562989809797,5.172887733138705e-07,0.9259447877641951,634.34844,1.765501,7.471119228450055
Sid7E679i9ABqptiAVhkmQ27YHN8vaYT4fppPwmxFsJ,GP7KB8o1bv527HG8kTzzzf4wJ5aEGHvcMQvVhLziUfmT,9gYxhAZ1M9wu5pxr8SBoa5NDm21gi3s9vMHaYTME77sa,4027.803963000013,7606.29117699997,37.05806407218715,0.009200562989809797,0.01482322562887486,0.019781090582954672,127578.965382,11981.116172,1410.7978514550896
STK75uPSyBnEhGTTzb1nwmP3n427XoXmfRhXxxhyady,6TYyD5fUmDe6N65avW1Ny2RxzRNobw2RRgKwH9CTzSAU,54zDfk4cx2vGrEajPtodWpArNe5eUurytyxd4X3aZAxK,1084.4766624929994,1212.557255916,166789.75525795054,153.79745920445495,16.678975525795053,172.97093846074546,1844.771306172,328.728163752,340581.5586851983
BUSDgu5JdqP1rndBvXvanbEufS94FNh1w5FJcAj6vawb,Bgzr8cWubt89JQFXndVjtdKmDbGzuPxNhvjH1EhWCwbo,Dxaf8xPBBQsasRKW5Aa4Sw2YrbfGofY9xZueyyF23FBW,6090.838310039998,6057.45964362,6132.72920474615,1.0068776895024614,2.4530916818984596,1.0,4761.68753068,10270.2057471,15064.64268612376
MiMuMS9C4vBqcrYeeQPph1E7oAW9aNKvW9k6Zw9XffM,Afy2q2hh6Y474pshJa5fnQ6PfEchGyTbKrQpCZw2hr3m,5pXz9ksgjeL8Wgb37bksUaBFMLdFfsNNY3FQnikkCPtS,1.0773314940002088,2.192652857999871,0.0,0.0,0.0,0.019800709423777377,25.994643869,7674.498231042,151.96050944615615
BSCuChvaSj9b5HUSqgDVRzcnr2sSn7cXaamt1jbKH6hn,GnKpRj5kBVPMJfiwZtEuD9GYApLzPdW5JFuZTcyX4BTc,3dmwD9okkomV9nDwyuh4UMhKdUR13QpuKxRo89ycZB5t,488.2201309989998,489.10857337599987,487.9492176897447,0.9994451000848721,0.1951796870758979,0.9959951036880702,1667.004579649,1442.971652493,3103.2722595929463
C98Sspw7XqnMsgxea3SLQVdbMDL8pKUc3RE82UvX9eq2,CSqgQJurPCzGxb4Cgwx5R61hWQUiaoUHcShNc8r1cKEL,6S2CR5EnukPhC914XkAns8m5GixjMAoUuZMsS5ubHuWc,39.16702599999985,39.07217600000013,0.0,0.0,0.0,1.0,891.824849,1227.746083,1227.746083
parEAJhzYzHW87y9VoZAQ22dzQ2MD2ekEtTReaxbMcz,3oyc6hpjYSJEquK6dSvG72NXyz3pqLZz5D8AC71pwgQb,Di2vordgFJVZ1aj1aBpvzXtLfZgJsuLLXawGtVFwX6Rz,4.131076387999997,4.854042843000116,619.7756828583503,150.02765009591266,0.2479102731433401,176.19847560126848,1099.730893375,142.907463471,190170.1188865641
heyk4SZTeCUV6a65WiVA5bzic3KcxgVf1qxobfeV4tQ,9ZDpBKPqMABtGfq66FbVribaArMvtk63xxy91onZAtDt,DaTP4s6N7xxSPinbNZ3FB52EpRDRt87QShTuN3VPCW52,63.367363794000084,55.10074731199995,11165.232903373828,176.19847560126848,4.466093161349531,154.15852645414267,633.47982038,4464.274381267,799824.1389782216
JSoLLrxK5bYdHwTEWYaGgmeycBCNXKDiBCTw5hXGBg7,xG4wXczA7Dk4hccJ61CHKpDHW4NrNfQwgmWgkb9BuF2,BVR6WgfhsRr9Lob4QDnkEAiNGgAbv7ZieKcY9kSg3QYR,0.8395301220000988,0.7159445069999997,144.88148739888624,172.57449566397952,0.0579525949595545,154.2260006221477,17.198049953,163.724080549,28218.45494565354
4vezWG46exH6pf9nry3n1VJ7hZHvjBJNgNeF4qEFCML5,,,1.3941169999999996,1.396862999999998,0.0,0.0,0.0,154.2260006221477,17.198049953,163.724080549,25250.510148610636
AyiATPCAx5HZstcZ1jdH9rENwFb3yd9zEhkgspvDrCs4,DvHVapj4g2Y1tJVSw2ubSPkPBsJPb8fW387ZWXwaKmZq,DKjqWWgrtDRPKrnMWtZ4UiJk4sGQVCQgFjSo7BvfngvK,0.0017240199999999373,0.0017390200000001466,3.8100731507877237,2209.993591018586,0.0015240292603150897,0.0,0.80222651,0.31854273,1772.9154456452075
BSCrK1Nx9PXU9mF7STWWBqeHLxmtJDr9h7jheEy4tAWX,FfSySSbVJPvEo5a5AvrP3nySoXpRE2QPn1uUMpJJ1x7v,HL7Vcj6838ZmvBHDbQxXfjBNckNi83WvPiZQoMQLFeRM,0.028208091999999962,0.028181710000000026,90.1418592017383,3195.602850477743,0.036056743680695315,3191.014104282341,0.845148488,0.95904115,5761.07275356691
BUSDTd9WiT6uBHJRgNvFXBsA7JrifsAtWzKfioN7ERcy,DyBxrn7gSc1EwnpWhDyhzvMHPtxpmBqRqotapLcKcfTM,Cds99GeBgoCpqBsoRWu1C6fF9LiUMd4pXQQD24s9LPff,1928.53906324,1933.2318122300017,1933.8200162932942,1.002738317908076,0.19338200162932942,0.9983895975791048,149.53846475,268.45055646,417.9661916399573
HEDSDjj84KS7LKhZY7ejkCACTdPen62rKhCby1wXtgxc,EnnjMSFttpCTywBrYNt1J5QQeoSVkvzPipJDa8Y7kJow,6bjVT6JN2rSvpyn9PdfLYC8wJn4LWh49jpY47fnLDXZk,16.444522699999652,16.980870778999815,15.755097273274986,0.9580756803160556,0.006302038909309995,0.9997252045333047,39118.113158846,9104.779845638,46580.39077075299
BkMBnJpvHKtWhUvrgRrLesXfi9RUV3ELgdBaJcdH7hcY,5uerVwBnZQsuVhZ15igs7ZgmcqhHnYWbwoRtLyRqLvR,9YWiQh5d4jCtgMdzcGLv9bWgnLaFtzvDDh2nnhJdzhBX,8.67633855400004,8.649495480999576,8.708112025216801,1.0036620829188498,0.0034832448100867207,0.9998809311790724,1117.77278196,1755.675217475,2877.3323298688947
RoBgmK8CvjdHvPrqdDyVw54VwjZv2TqJ493xnqJAQHx,ExiHJxM7qPAcy27NDHAF6G7vnW7muNHi2sVJpnaNynGQ,6rkPHSqZb7StM4HwS9EuVrmfkV7tRdc7dnsFhyB6cefE,4.174204999999418,32.8294759999999,0.0,0.0,0.0,0.8949434798445305,6323.211183,18.006255,16.114580508667977
AURHmCnNwiW4uA2Qj1XvEh4iKgRUZYXtiY7FKAapUV5Y,BKWm4TRnTeKwfWXRyuzjRHU7iZDkPuXBX5b5V5jSVfGJ,A5Ww74HVrkj9nPeC7pHKLfgeDMEhBCpW1efQdz3TGLEg,0.006417068000018844,0.0057271030000265455,1.1043037100767712,172.08851613751457,0.00044172148403070853,153.1866265011332,289.902320861,1809.484684945,327077.7148139815
BSC8REUo9LpiiWUuqMuLXs2D2yJsJfGd4HdiF3wCLxk5,AZjEH1zWVx1UJ6udMyRijGTzPteuLnaY18yNNmprJEsh,Caf8ypkSVR8xYnXNhjvfvdGCC7mrM3C11rz8Xi6NA6aK,925.6696384769998,925.7372758199999,925.8675797068654,1.0002138357159378,0.37034703188274615,0.9998809311790724,3135.385063614,3214.752251824,6350.42499598762
NorBXypYWTkV5PMs6Q9JsvNkmRwe7H9Zr1Kz2TcJH2Y,C82XDu1d1UjtuUwnkSTwVuWyH3AqpJ3ftb9W7en8rEUu,F7cZoYpWQSFuYJzW2UUFw6sVbTtaihyD5upeeHRUPABk,0.00017724639999999736,0.00018213000000000257,0.0,0.0,0.0,0.0,0.2507724853,0.6546741169,0.0
BSCNHw8CmxbZ8hCWWzMf5FaG2ajPT6JxfznKUNuRVrn4,7n9kgNL633yGzCYksgnzHyjG73ZLBAwvEae5sbAekbzW,SscdxE99omdG9AiMVwmaEMQySQnCgeAh1sPj2Leutm2,1109.30436096,1109.4615486849998,1113.9938987437733,1.0042274581700148,0.44559755949750934,0.99962422326124,4369.854487582,7328.25014138,11713.824220078359
RajgMbScQbqqrdJfR2rxfHJiTiY5b6bJ2tTXiF4aPxy,725ZA3fhyBAKb5iopNRrcbSuQa3LXA1656Q3mBvYPxeg,GLA6i1dSZpUfk2f9Nj8uiG7xyDdAR2reff8oEiZH3617,9165.558491980002,9157.698158319981,9169.628615033356,1.0004440671080672,3.667851446013343,1.0,69745.4895499,111649.83731772,181426.29854546516
iLiUBQ7Z7im6Ew3b4ewwPcehzWgEQRJ1iQz7g6D62NW,GpugBvKWM3TVhYcZjemSdtehBWgfvuGr6uAm9iPjXT6v,92fMXJ3xy8tEyMUWLHKRLyhPw2nECBo77GtDiBBbYrjX,52.057878074999735,53.23388615299973,50.92105219256402,0.9781622700641411,0.02036842087702561,0.9997332031995285,1863.474265202,1100.05925494,2922.545980106549
ALBpShJ9NLpE739pcHDF2LNVk5J4VYPvvKuV6jMPitZi,D6d156U1bPiJpDYRLextvDRccgFk7QzkQbJg42ceKEu5,GNcM8U5g8RwTZffwwm3kSQqUNPSwv5d2fbN9sLxPJqt2,652.9316180000023,654.6277039999986,652.3946971642362,0.9991776767720166,0.2609578788656945,0.9970686182623089,42281.057951,58020.251485,100096.46123432381
KysFMBBoavfov2tLpvefWW6tPFt6rAeZWDJVy1mMQae,B8ka2V21TH3x64dFV8ETcjuQcwmrciJ2qzy1mJUttRew,7fSf7EYxBANyxzk2s5pymFgshA91tFYQNKKs5UnLWcYS,27.515764000000217,36.44335200000205,0.0,0.0,0.0,0.019904893225873185,134456.590963,2646.172984,52.67179070371023
wrmcMSHFi3sWpAEy4rGDvQb3ezh3PhXoV2xNjgLBkKU,8p4mGnARWPBu6P2Gcw4adodLkNDorrXniZMhaY7eJXUn,AyY89zccbsgp9LKFgH4CFZMJmpSgqmPSdTfukhP227rc,0.006919390000000011,0.05916383999999297,2.4510768685795292,354.23308537017357,0.0009804307474318118,3183.800821420612,27.03194824,0.10113537,9897.60530270271
MAR3XM1n9xWPQ3HJjAcC85o8DopWFP5p2WxGTaZ3fPB,6qG7GUhER8Cg9gDEgnebph9LdS6eu2eoWcA4R7z9uizK,4QV4CwRXVMY227KkFF9voNAfwWHVvVajXSXDKbUHkWZR,0.007327,0.3310680000000019,0.0069835557135627,0.9531262063003548,2.79342228542508e-06,0.019494470939163292,0.105758,24.557672,0.579539544463417
C2ypsDADXcCRz8HbV2zX1AXPSja7a1P3xZtRC91xGhJh,J9bYNuDpY1d1T86gLaw7DGk5D3CsUAf2tzUwxMvb6FTv,A2NGvvPrMGzsJ4jb52KEnSBVmsA7C34dV1GC7PerdgvG,0.0002091250000000322,0.00021000000000004349,0.03216675739243725,153.81593493093743,1.2866702956974899e-05,150.9706734937618,1.308319405,0.911007483,338.77578573472954
B2izdXFYb2sNwbWWHmh75T4aQFtfXsUxem9u2p61HGzf,4DYwgJtxwuJdAjkj5RJSNH4e7U329V5cNp7d3a1nLrZv,EXNW64GEf1ACC6xY9BtKRiunrs6GoJSXBdxWN2eTPmrF,5302.439822000024,5235.112991000004,5332.9228087749825,1.0057488604865412,0.5332922808774984,1.0,9439.907345,30439.14144,39933.31749533228
AUSejoEUCh2DBs9mof6BNC8Pubs22w4cJa1ccV9h44R,4xkyD7AfGQDwsQMy9MosRRNGoVJ1zosNinesxg1TzHG7,Cbm5gsQe3nSiCsFrvepVzMCD9xLK3ri9g3ypS2hdmVJ7,623.3480189999991,623.5711839999985,623.1367756330594,0.9996611148820549,0.06231367756330595,1.0,14599.651517,14275.579483,28870.283395373706
