0,1,2,3,4,5,6,7,8,9,10,11
ercAoEmXjQzEvAFbdjAo81KtMxRGn9AW1ju882upmPH,CMRhskR2Eg6V42RTSdRTXGdozyPbWB8U9dVpijPWb9T4,7TKLLgrWswt6ZJ1pXhVR3FyufHGjJFqiEXxvWJfDcgRm,41.04265050899994,40.21583675300002,6166.597127999702,150.2485110372556,2.466638851199881,152.41105138630044,302.295274712,884.921513523,180291.23318947287
C98Sspw7XqnMsgxea3SLQVdbMDL8pKUc3RE82UvX9eq2,CSqgQJurPCzGxb4Cgwx5R61hWQUiaoUHcShNc8r1cKEL,6S2CR5EnukPhC914XkAns8m5GixjMAoUuZMsS5ubHuWc,30.848740000000134,30.75055999999995,0.0,0.0,0.0,1.0,888.534507,1231.063869,1231.063869
BSCuChvaSj9b5HUSqgDVRzcnr2sSn7cXaamt1jbKH6hn,GnKpRj5kBVPMJfiwZtEuD9GYApLzPdW5JFuZTcyX4BTc,3dmwD9okkomV9nDwyuh4UMhKdUR13QpuKxRo89ycZB5t,80.28390307200016,80.27506128899995,80.28369907112082,0.9999974590064566,0.03211347962844833,0.8228563152987914,1586.716446288,1523.242483493,2840.1221117253854
KEN5P7p3asnb23Sw6yAmJRGvijfAzso3RqfyLAQhznt,9zj4aX38Uxf3h6AUjS4EipWS8mwbEofasHAf3a1uKGds,CwQDG1MWunn9cLNwcZLd8YBacweSR7ARo32w4mLua1Yr,134122.1065840004,134126.06996899913,133985.70913210392,0.9989830352700951,13.398570913210394,1.0,1137665.997857,1063357.641668,2199866.673330767
SEQV6QiTpvTzrceiaYg9Avnwf7oc8ZALpnQMz6TyT4A,3dFMPj4r9mMmPHF32mz1gNDX7f8ftidWof7S8YiYTs1j,Fc1ED3YPeQfXQosHbd8DTaBd2AV5gHQtwiSAL5C5pUhi,139.64821182100013,139.93000600000005,119.05061187299421,0.852503661311412,0.04762024474919769,1.0001840338622305,1395.068341171,4230.789627057,5420.869104240268
C2ypsDADXcCRz8HbV2zX1AXPSja7a1P3xZtRC91xGhJh,J9bYNuDpY1d1T86gLaw7DGk5D3CsUAf2tzUwxMvb6FTv,A2NGvvPrMGzsJ4jb52KEnSBVmsA7C34dV1GC7PerdgvG,0.0009958180000000372,0.001000000000000112,0.15592322164936123,156.5780309748924,6.236928865974449e-05,155.4429112591964,1.309319405,0.910011665,346.46551683954624
BSCNHw8CmxbZ8hCWWzMf5FaG2ajPT6JxfznKUNuRVrn4,7n9kgNL633yGzCYksgnzHyjG73ZLBAwvEae5sbAekbzW,SscdxE99omdG9AiMVwmaEMQySQnCgeAh1sPj2Leutm2,33.077920069000356,32.950032578999526,33.221550786099996,1.0043421931245988,0.01328862031444,0.9998771280993591,4335.345984889,7362.90644438,11716.17264448828
ALLwa5WNZbvQsRKAqe1jdRGemdYQnW8E5k4msbRFcYtu,CGoM82Hbz7QVqTgvQatYtjvDWBvoUJp5qm21P8iMs9yb,3dxNNww8TivyN5FMy5dCNdi3Zcxv6e4kUfSPxfFwpdNq,4.629649425999998,4.623469841999997,14833.865511054142,3204.1012495994873,5.933546204421657,3200.9526034948,2.303892173,6.330739935,27646.302267438532
daob129AwBGn9Y5r91uLoWZeYiGzbPmksauMhFZKTze,6VW5GQNyj4LStgmxEHLr5zUfW92vQnmbw8jTnCH7a38F,4VPCCUifPeBA1c7HWK358CHn2nyjm8pdTRk6Ps3KmnMQ,29.3461599139998,26.152016715000016,5168.632162926705,176.12635445569734,2.067452865170682,156.45245926056185,46.221036443,226.29015607,43544.39407147738
RajgMbScQbqqrdJfR2rxfHJiTiY5b6bJ2tTXiF4aPxy,725ZA3fhyBAKb5iopNRrcbSuQa3LXA1656Q3mBvYPxeg,GLA6i1dSZpUfk2f9Nj8uiG7xyDdAR2reff8oEiZH3617,2246.0104286699934,2244.994714630011,2247.50636890914,1.000666043318433,0.8990025475636559,1.0,71392.79881935,110002.59832426,181442.94784024786
Sid7E679i9ABqptiAVhkmQ27YHN8vaYT4fppPwmxFsJ,GP7KB8o1bv527HG8kTzzzf4wJ5aEGHvcMQvVhLziUfmT,9gYxhAZ1M9wu5pxr8SBoa5NDm21gi3s9vMHaYTME77sa,659.533974,1452.9907490000332,6.079828525771825,0.009218370494090461,0.00243193141030873,0.020148360031287182,128132.728579,11727.434682,1417.463540676295
HEDSDjj84KS7LKhZY7ejkCACTdPen62rKhCby1wXtgxc,EnnjMSFttpCTywBrYNt1J5QQeoSVkvzPipJDa8Y7kJow,6bjVT6JN2rSvpyn9PdfLYC8wJn4LWh49jpY47fnLDXZk,1.5800347280001006,1.630770029993073,1.5216220861435226,0.9630307860824598,0.000608648834457409,1.0,39116.482385287,9106.359876837,46776.73665712064
Lee1XZJfJ9Hm2K1qTyeCz1LXNc1YBZaKZszvNY4KCDw,9DgFSWkPDGijNKcLGbr3p5xoJbHsPgXUTr6QvGBJ5vGN,2hNHZg7XBhuhHVZ3JDEi4buq2fPQwuWBdQ9xkH7t1GQX,682.3839062571496,576.7733559539856,126279.81265902623,185.0568448363126,12.627981265902621,156.4865391843859,6930.11753984,54971.848722952,9884820.04548994
ZUCKWFa4LTL833dPhhpeeRWZcaAEoMeYJPi2iKn4F8N,7eEYpq6ShaJ9opZWMxitRFrdCHh6vfyHhGfoSvFht3N2,H8VggnHmuwd1wvwpT8eg9cUJFEfZ7HAaeYjgXrSm7A2u,0.001264695999907417,0.001264695999907417,0.0012666059403369698,1.0015101972566471,5.06642376134788e-07,1.0,1817.011925129,2030.157130782,3849.913102335625
BUSD5rCfUDpCxKGMvYU2yThChxgHoioK74PTPociGnv2,CcFHbafgYDZ8yA8Me1PdtDiVb2eeaS61LbqyKKK5CsNZ,26R9s4nmF3CFDTkiePDwRmtscn8i7r2eygbSijditJ58,217.88952071,218.62000443999995,217.78383457075952,0.999514955382452,0.021778383457075952,1.0,87.70083055,60.08928369,147.74757542418723
iLiUBQ7Z7im6Ew3b4ewwPcehzWgEQRJ1iQz7g6D62NW,GpugBvKWM3TVhYcZjemSdtehBWgfvuGr6uAm9iPjXT6v,92fMXJ3xy8tEyMUWLHKRLyhPw2nECBo77GtDiBBbYrjX,31.45927777299994,30.806100000000015,30.841569646764306,0.980364834479265,0.012336627858705724,1.0,1832.014987429,1130.86535494,2926.9084248543645
BSC8REUo9LpiiWUuqMuLXs2D2yJsJfGd4HdiF3wCLxk5,AZjEH1zWVx1UJ6udMyRijGTzPteuLnaY18yNNmprJEsh,Caf8ypkSVR8xYnXNhjvfvdGCC7mrM3C11rz8Xi6NA6aK,37.015572496000004,37.02986868100061,37.03807175418201,1.0006078322355934,0.014815228701672808,1.0,3098.374246437,3251.786875824,6352.044414005917
NorjjEePhxfwLF4vZjUHCrVVKLzQjEEGQFd3wgjEJmh,34M8pFVqgbV7aqHxvRT5tCv3vu2P1JJYT8J3VaxBK2oG,3AZWBSze3ucsY3xSeuLne3b2pauVqiaJ1SZSV5T9WGWw,0.001243000000158645,0.001243000000158645,0.0007364551210640058,0.5924819959533479,2.945820484256023e-07,1.0,38124.371737,2258.308633,24846.31249420517
KwnjUuZhTMTSGAaavkLEmSyfobY16JNH4poL9oeeEvE,J63v6qEZmQpDqCD8bd4PXu2Pq5ZbyXrFcSa3Xt1HdAPQ,BnKQtTdLw9qPCDgZkWX3sURkBAoKCUYL1yahh6Mw7mRK,107.82723200000021,5295.2001649999875,2.1721824420623035,0.020145026462909662,0.00021721824420623038,1.0,278006.099605,565.981358,6166.421591393024
AURHmCnNwiW4uA2Qj1XvEh4iKgRUZYXtiY7FKAapUV5Y,BKWm4TRnTeKwfWXRyuzjRHU7iZDkPuXBX5b5V5jSVfGJ,A5Ww74HVrkj9nPeC7pHKLfgeDMEhBCpW1efQdz3TGLEg,0.19000545700009752,0.16950594599990154,32.38564140308594,170.4458488424852,0.012954256561234377,156.43121578653773,289.906750415,1809.4797958,332472.5265578212
STK75uPSyBnEhGTTzb1nwmP3n427XoXmfRhXxxhyady,6TYyD5fUmDe6N65avW1Ny2RxzRNobw2RRgKwH9CTzSAU,54zDfk4cx2vGrEajPtodWpArNe5eUurytyxd4X3aZAxK,344.4844954550006,387.32280920700623,53760.16541319483,156.05975340686246,5.3760165413194825,175.89335796778442,1922.865773102,342.776166235,360374.00929519173
Cob4usZcpHEY7Qt4ZCwj6WVg9S44zvzYV2v9qYF65dTf,NhFM9UXE48PyNAyeyPYA3iXztqKVJwA4bTdLj4ysM8w,6TuFuynuBoeskxyR2cz4wxyidk8dpDK7kAWw3UkjQGx,115.46316500001282,772.9896209999861,1.0647083719130108,0.009221195105061364,0.0004258833487652043,1.0,70773.696903,190.293237,842.9113044490402
SAMyS8Jr2HJrkFwYVKbpUwsNStnQmvz3f8Tup8bWUWF,6jPzm5TFfquvgm25sTyN3MMGBfufRaFHMxobDWv6hMFW,Cj9ECoDmxsHTDzCY5ZA6RWrPbg9uFzEC1Qc2kso2vJG6,893.2157303400163,18.39537329000001,869.6610732275867,0.9736293749512638,0.34786442929103467,0.020278166560926167,469.51398237,109463.94025467,2676.8606180852507
YakoMPuYrybnr9R7VC7hVGxMz94fJvPFCdZ4gmW61Ed,,,0.032194999999999974,0.032246999999999915,0.0,0.0,0.0,0.020278166560926167,469.51398237,109463.94025467,2219.728012899469
BkwbeSfcX1h4thMDd7obGkHrPevf3QwgzJ4pCEqG18Lu,35yX27bmurdebhfAb8EPmjLETDiUaEUCn9zHaDPbakH2,2CxECn1ZJFoESyUnQysQU8rRgT3iJ5GRs2Mdd6gZjx5g,0.011375449999995624,0.007466560000000122,24.534562708930494,2156.799309824221,0.009813825083572198,1410.4372355430182,0.90449504,22.63315879,33873.464193385196
vEnkoSUkpnbRrPgBz9DfcVxNz67zjwMYBZraAvDDNSf,DtfyjjsZ5yCjWKLKHvwsfXs5QVsmm1QkK6Sh9JZHoq1g,e5wrKCRv4GhHvEf1VD5Pq2KGaZDXP77nTL612Jyrxwy,1153.4658999999997,1153.5095840000001,1146.4644416548135,0.9939300690682004,0.11464644416548136,0.9995242264682012,878.581409,1066.64305,1939.3840499983396
2jQoGQRixdcfuRPt9Zui7pk6ivnrQv79mf8h13Tyoa9K,,,8.168500000000018e-05,9.735700000000017e-05,0.0,0.0,0.0,0.9995242264682012,878.581409,1066.64305,1066.1355694689328
MATgk4zXLXtYkwBH678J1xZbRDZ45LicNzkRBHkxTuY,y8dALFo1bJrSzPYjMX14HJX448pXqYmrfXHD1K8MXih,GN7Yuet3UyiWS5YVkEHv6oQKi4HGBJc3XDPt9zQhAqZz,640.0622319999993,637.7919679999995,642.2671350747108,1.00344482608796,0.25690685402988434,1.0,3264.911657,6806.738659,10082.897368850918
RoBgmK8CvjdHvPrqdDyVw54VwjZv2TqJ493xnqJAQHx,ExiHJxM7qPAcy27NDHAF6G7vnW7muNHi2sVJpnaNynGQ,6rkPHSqZb7StM4HwS9EuVrmfkV7tRdc7dnsFhyB6cefE,14.441883000000416,0.23047800000000151,0.0,0.0,0.0,0.9423392063053802,6308.7693,18.236733,17.185188500823134
BSCrK1Nx9PXU9mF7STWWBqeHLxmtJDr9h7jheEy4tAWX,FfSySSbVJPvEo5a5AvrP3nySoXpRE2QPn1uUMpJJ1x7v,HL7Vcj6838ZmvBHDbQxXfjBNckNi83WvPiZQoMQLFeRM,0.08324740099999994,0.08316324299999989,266.88702551936376,3205.950243652219,0.10675481020774552,3195.602850477743,0.844793556,0.959429692,5774.322365282207
B2izdXFYb2sNwbWWHmh75T4aQFtfXsUxem9u2p61HGzf,4DYwgJtxwuJdAjkj5RJSNH4e7U329V5cNp7d3a1nLrZv,EXNW64GEf1ACC6xY9BtKRiunrs6GoJSXBdxWN2eTPmrF,4295.253925000008,4237.110045000001,4345.6284499923195,1.011727950401049,0.4345628449992319,1.0,9171.689757,30711.514025,39990.768904563905
SRMuKizofcAMicegrfSv7xs9q76tH1w8aAF7oX9FEWu,72Hj2KWntXPfbie4UgKeTPnm1XVkomDfCnRPKbvfTtPi,6aqJQ5wedqpUt4fFEDUqUmXhrdxCu4bEJsQdVPCADLko,104.69612899999993,103.9823620000002,4.844104925063734,0.04626823332755443,0.0019376419700254937,0.04640593892068882,17864.056964,3999.810546,1012.1533196790785
SoN9GaFpSXfpyR5dth3x7PHPVhvJMpQqqDJfCSmPv1t,9kZ9iS68ViMPtoeqtnhAKuF2iqVyfHPdZHoUNdwCELr,BBhm5fJLjw3HRzjtKB8uMEYjGhY6EDm9co3cqpjrSzB9,1.0178852729999988,0.9968691240000003,182.46645241471714,179.2603324311161,0.07298658096588687,177.62361626762336,3.567434705,6.089235079,1721.091486180248
BUSDTd9WiT6uBHJRgNvFXBsA7JrifsAtWzKfioN7ERcy,DyBxrn7gSc1EwnpWhDyhzvMHPtxpmBqRqotapLcKcfTM,Cds99GeBgoCpqBsoRWu1C6fF9LiUMd4pXQQD24s9LPff,1547.84603299,1550.5239655399996,1548.341579712587,1.0003201524647964,0.15483415797125874,0.9986228990222483,208.59673493,209.43000094,417.80511236977134
YAkoNb6HKmSxQN9L8hiBE5tPJRsniSSMzND1boHmZxe,CfWX7o2TswwbxusJ4hCaPobu2jLCb1hfXuXJQjVq3jQF,EnTrdMMpdhugeH6Ban6gYZWXughWxKtVGfCwFn78ZmY3,6639385.41158002,6641669.673812003,6639385.41158002,1.0,663.938541158002,0.9990449130631117,970512.628613,426566.642412,1396671.8627971201
FrnkTEL6yZ5Aycq2TrEgu29dCrwKG4LPUZydfiwqspkc,DjvZuMZ46fxKBoBpGMPcRcos4xdTtHFxwMh69DpA2ZFY,9rvDPJLAng4uVVqnnSoEXgNDFhBZQTny9AoQioYDZbQX,66.57989502400002,55.68858236499986,12426.77839163116,186.6446077626239,4.9707113566524646,156.2953989291577,174.968606133,1441.075860057,257890.47329725465
MARpDPs5A7XiyCWPNH8GsMWPLxmwNn9SBmKvPa9LzgA,6YjT74rmcfCpw8LSjPNx5JTmZoYLGrTKnf9arfSgZ4SR,F8GSmi3vA8M8TsybLya1LQ4n1aFHCRbZ6k437PeTdXtg,28350.438192999994,29843.03609200038,26719.027793956593,0.9424555490840274,10.687611117582637,1.0,297554.379809,14445.969826,294877.7462312483
KEVpg4SYCVrqFxKijQH6hm4QxsRdoE51ud64bEEFUC9,2bPenuBYfqzD8p5dFjCcggwkHDsc2RQDnx9AoyYGUBjA,AE6n6iLuX8oYu61vt5hoDYkjswpnxFxrhSehxrnQTnbx,2128.236990540999,2128.174409837,2130.067756086475,1.000860226353368,0.85202710243459,0.999479302267377,2714.138543003,4921.55738667,7635.468059402169
wrmcMSHFi3sWpAEy4rGDvQb3ezh3PhXoV2xNjgLBkKU,8p4mGnARWPBu6P2Gcw4adodLkNDorrXniZMhaY7eJXUn,AyY89zccbsgp9LKFgH4CFZMJmpSgqmPSdTfukhP227rc,0.008963239999998443,0.06330190000000428,2.881144326582592,321.44005143040823,0.0011524577306330369,3202.664616961312,27.08439449,0.09556504,9012.071930053558
DFWzVTzNBrQZLjoQ4yQwkj9HuoXmfkuZP9V5vbymZe23,DhgiEgiNdqZdRdo195UUHnoEJUtefK8buko8nU97XJUZ,2K2kkXsouBHtWVjtcgkyiXd8eP3oVBvq1bTJzcVdLLr2,1230.2328555349995,1357.9828000660127,1120.7115215756683,0.9109751186805175,0.4482846086302673,1.0,58034.059621979,10497.506466899,63365.090818543555
Dg3mAgpwDfVNnbGWcsxL8sUcSkEbjSJQhKAWNigG44Ju,EATxwd8YA2wV93VJcKMmH2Kn2Y9XfJVUB9hHVu3udwEy,GiGvrRi7NMHfHKanG2B8xyCEqe8jaafWins8bhrLVEaa,0.02309060600000004,0.023126019999999997,4.293442491879125,185.93892650020175,0.00171737699675165,185.06790696710345,0.197638876,0.261934611,85.22445065815891
AUSejoEUCh2DBs9mof6BNC8Pubs22w4cJa1ccV9h44R,4xkyD7AfGQDwsQMy9MosRRNGoVJ1zosNinesxg1TzHG7,Cbm5gsQe3nSiCsFrvepVzMCD9xLK3ri9g3ypS2hdmVJ7,1447.1955639999996,1448.2795000000006,1447.5820684122657,1.0002670713080393,0.1447582068412266,1.0,14356.841407,14518.518847,28879.19455441388
SoNcU2iwHMw6dGzsYNQkYFkUjwN1UdAjrWVRnStrZu2,8ivTTid27jZnYNc4w3CTA1Z6QS2twsFb8WMwUabeDJgc,CyXm53PMvHCbeXJBykU46Rcbo28xk5srhMZFg7gv6EYB,4.664616331000012,4.619191140000002,863.554454965312,185.12872092530299,0.34542178198612483,177.52889016394082,21.051939202,28.716712618,8995.364697693878
KZMu9QBEdL97EFgamLbN5DE1AoKBG4HdrKKJo4Vuon3,DD4ACBWyVqdaKWh7v5btsgqQCCMwbKnuL2xd9pv7Gyuw,GcYqiJ1MAuYbNTNYXm1F1gQYTfTgkErACAhNU5dpVj9T,400.3016467700003,407.60053196999957,389.74544213663694,0.9736293749512638,0.1558981768546548,1.0,2460.39510183,934.90463102,3330.417576147894
WiiQFxXqp8P9Fs1rt9SVcDyA3KUdJmUsog6wnVQAwba,3S2jpqSYxho6wiz3cafhjXruVY8cg4HYa2v3BqBHYFSj,Dfe67M6TfrG74gKRtdqys4e6E9QirPD53BkF4FujFjuv,24524.250023149005,24542.889450668008,24526.426964279926,1.0000887668788594,2.4526426964279926,1.0,13012.91518518,13785.293525545,26799.363826590852
TETFuZgEmET6d9vYmz9iMFCxK1jKdKYxf3oPz8hSzJK,Eu1Ze6Z84LWNkq7SNoAHBJbXx5t1P95EwyqYohrfCRFV,ASMbv7WNu3qe4pkhREmvyEdwFNDZQ6B6iSrjkj4u8bdC,77.49094696200001,77.44489088800002,77.58050644169985,1.0011557411957266,0.03103220257667994,1.0000590034812054,112.396515356,240.152574667,352.69316114397884
4Fss9Dy3vAUBuQ4SyEZz4vcLxeQqoFLZjdXhEUr3wqz3,,,5.4570000000000096e-05,6.413899999999995e-05,0.0,0.0,0.0,1.0000590034812054,112.396515356,240.152574667,240.1667445049258
MATSnbbiTCv7Dc3trJrkrqjx7ckKdr6fwPoVwv9q3sD,631WX9JizSHJm4w6VanZeJAst9T8DeUUnPLesdGkCVtK,211maUSfpnXbPuW1iBu8b4dtJv5EbN1j7JJiEX5TZKEP,1177.8288480000047,1177.7303349999966,1178.4156990181157,1.0004982481275675,0.4713662796072463,0.9994283269969577,22065.435774,23482.1477,45545.15342616482
ALBpShJ9NLpE739pcHDF2LNVk5J4VYPvvKuV6jMPitZi,D6d156U1bPiJpDYRLextvDRccgFk7QzkQbJg42ceKEu5,GNcM8U5g8RwTZffwwm3kSQqUNPSwv5d2fbN9sLxPJqt2,1276.6691879999926,1274.4823050000123,1279.0392477260289,1.001856439983289,0.5116156990904115,0.9998450240212768,41176.63543,59127.788307,100371.70230252694
GokA1R67GqSavkd15zR62QD68Tuc5AEfvjssntVDEbM8,3YB7hfpBdbQEuZqLGWVDpRPmeZWCUsrrWyqGXegnQ6Cg,4DPCj6Z1DsG6HUtwSogBGqXEUxdEV5a8YVrrFtcnz7UW,8132.011326999982,8131.516250000004,8133.760085418346,1.0002150462349404,0.8133760085418347,1.0,14462.175844,18122.550535,32587.8364154643
parEAJhzYzHW87y9VoZAQ22dzQ2MD2ekEtTReaxbMcz,3oyc6hpjYSJEquK6dSvG72NXyz3pqLZz5D8AC71pwgQb,Di2vordgFJVZ1aj1aBpvzXtLfZgJsuLLXawGtVFwX6Rz,1.718756864999989,2.019620538999561,248.06626211280008,144.32888511709402,0.09922650484512004,178.3400323794163,1101.184222763,141.6719209,184198.4661404776
BUSDgu5JdqP1rndBvXvanbEufS94FNh1w5FJcAj6vawb,Bgzr8cWubt89JQFXndVjtdKmDbGzuPxNhvjH1EhWCwbo,Dxaf8xPBBQsasRKW5Aa4Sw2YrbfGofY9xZueyyF23FBW,7016.179628679998,6975.0177661200005,7060.80987819046,1.0063610471613393,2.824323951276184,1.0,4903.40237249,10130.4640901,15065.057236332432
KysFMBBoavfov2tLpvefWW6tPFt6rAeZWDJVy1mMQae,B8ka2V21TH3x64dFV8ETcjuQcwmrciJ2qzy1mJUttRew,7fSf7EYxBANyxzk2s5pymFgshA91tFYQNKKs5UnLWcYS,10.865540999999666,14.441882999992231,0.0,0.0,0.0,0.020240113321965677,134471.032846,2635.307443,53.33892128453961
Lid8SLUxQ9RmF7XMqUA8c24RitTwzja8VSKngJxRcUa,4PgzyzLtds9bKZ2to9PMnKqJzKEUpjvNUaeN23phegax,AtymwxoVN9peZo7EXTcDz9jKVc4vRmisJKKrNfe3ewBa,104.31594288999372,88.51810532899981,19226.28922978018,184.3082533420155,1.9226289229780182,156.36233656617677,982.298736118,7682.625795239,1382319.0846211298
heyk4SZTeCUV6a65WiVA5bzic3KcxgVf1qxobfeV4tQ,9ZDpBKPqMABtGfq66FbVribaArMvtk63xxy91onZAtDt,DaTP4s6N7xxSPinbNZ3FB52EpRDRt87QShTuN3VPCW52,52.847728512002504,45.964952364999704,9461.498284504265,179.03320636298338,3.7845993138017064,156.42840170375558,631.505504427,4466.569576193,811758.7951959309
JSoLLrxK5bYdHwTEWYaGgmeycBCNXKDiBCTw5hXGBg7,xG4wXczA7Dk4hccJ61CHKpDHW4NrNfQwgmWgkb9BuF2,BVR6WgfhsRr9Lob4QDnkEAiNGgAbv7ZieKcY9kSg3QYR,2.7170396600001823,2.31750942399999,483.5193250973444,177.95814033031522,0.19340773003893777,156.36233656617677,17.385058084,163.506288094,28660.037855803443
