0,1,2,3,4,5,6,7,8,9,10,11
STK75uPSyBnEhGTTzb1nwmP3n427XoXmfRhXxxhyady,6TYyD5fUmDe6N65avW1Ny2RxzRNobw2RRgKwH9CTzSAU,54zDfk4cx2vGrEajPtodWpArNe5eUurytyxd4X3aZAxK,1078.314408937003,1205.6202200140026,166852.56621744158,154.73461620708937,16.68525662174416,173.88942475813286,1870.746698528,333.485779405,347458.9227631627
BSCrK1Nx9PXU9mF7STWWBqeHLxmtJDr9h7jheEy4tAWX,FfSySSbVJPvEo5a5AvrP3nySoXpRE2QPn1uUMpJJ1x7v,HL7Vcj6838ZmvBHDbQxXfjBNckNi83WvPiZQoMQLFeRM,0.00191745100000007,0.001915817999999958,6.127607695257797,3195.7049725169372,0.002451043078103119,3188.877196339169,0.845148488,0.95904115,5759.109679202664
ercAoEmXjQzEvAFbdjAo81KtMxRGn9AW1ju882upmPH,CMRhskR2Eg6V42RTSdRTXGdozyPbWB8U9dVpijPWb9T4,7TKLLgrWswt6ZJ1pXhVR3FyufHGjJFqiEXxvWJfDcgRm,1.4843755890000239,1.5156696089999286,229.6643863339125,154.72120939999425,0.09186575453356499,149.97137796251585,292.201031481,910.540257134,181764.67403139558
KEnkcdADoLR5jS2CLLLesy8TtFsyWL37BhXNfDMzWzP,3qsjFRuw1qeLMPo4DLwaQevenGAGBj9dA3Q6rb8ax2YR,77iEv8zPQAEyCcEbvBRSB6AFcUdfkhiqnAKtPxk76rNN,0.03264699999999998,3.3117230000000006,0.00029864904371107047,0.009147825028672486,1.194596174844282e-07,0.9963732015463711,117.394877,0.313958,1.3867271316696237
FrnkTEL6yZ5Aycq2TrEgu29dCrwKG4LPUZydfiwqspkc,DjvZuMZ46fxKBoBpGMPcRcos4xdTtHFxwMh69DpA2ZFY,9rvDPJLAng4uVVqnnSoEXgNDFhBZQTny9AoQioYDZbQX,63.2373305419961,52.8906454590001,11624.849061212653,183.8289023521092,4.649939624485062,154.76440678648115,174.972981315,1441.042804674,255187.2259157112
BUSDgu5JdqP1rndBvXvanbEufS94FNh1w5FJcAj6vawb,Bgzr8cWubt89JQFXndVjtdKmDbGzuPxNhvjH1EhWCwbo,Dxaf8xPBBQsasRKW5Aa4Sw2YrbfGofY9xZueyyF23FBW,6464.864898839997,6427.632188649996,6502.5587362455035,1.0058305684643571,2.6010234944982016,0.9995174629544095,4697.76441598,10334.59068629,15054.75891646964
7oAd7xG4m3oC2qeWB1szghTebAZyyGPAFDJ4wwwbRSNi,D9yh4KAysxt9GLacVe4Wwh2XqghhcjTCSTV9HuM7TBJd,HDYfJLpZKaMFb84jM4mRytn7XLR8UFZUnQpSfhJJaNEy,6.891136422999921,301.2480248369975,6.891136422999921,1.0,0.0027564545691999686,0.022772700710578776,955.422501512,300133.903846281,7790.282066900985
Lid8SLUxQ9RmF7XMqUA8c24RitTwzja8VSKngJxRcUa,4PgzyzLtds9bKZ2to9PMnKqJzKEUpjvNUaeN23phegax,AtymwxoVN9peZo7EXTcDz9jKVc4vRmisJKKrNfe3ewBa,225.22023233902598,191.21892188300058,41003.89945170878,182.06134957708971,4.100389945170878,154.5441943077973,982.003182092,7682.96370161,1366142.2597820354
Lee1XZJfJ9Hm2K1qTyeCz1LXNc1YBZaKZszvNY4KCDw,9DgFSWkPDGijNKcLGbr3p5xoJbHsPgXUTr6QvGBJ5vGN,2hNHZg7XBhuhHVZ3JDEi4buq2fPQwuWBdQ9xkH7t1GQX,1114.0511094324202,941.8793111860059,203047.93213779072,182.26087691904758,20.304793213779075,154.28839185054886,7113.045195323,56502.223518858,10014067.05756925
SRMuKizofcAMicegrfSv7xs9q76tH1w8aAF7oX9FEWu,72Hj2KWntXPfbie4UgKeTPnm1XVkomDfCnRPKbvfTtPi,6aqJQ5wedqpUt4fFEDUqUmXhrdxCu4bEJsQdVPCADLko,627.6819090000004,632.0040869999975,30.395653126837757,0.048425249622476754,0.012158261250735101,0.04860595921697549,17968.753093,3895.828184,1059.5018197610239
AURHmCnNwiW4uA2Qj1XvEh4iKgRUZYXtiY7FKAapUV5Y,BKWm4TRnTeKwfWXRyuzjRHU7iZDkPuXBX5b5V5jSVfGJ,A5Ww74HVrkj9nPeC7pHKLfgeDMEhBCpW1efQdz3TGLEg,0.006417068000018844,0.0057271030000265455,1.1041317524793826,172.06171922693358,0.00044165270099175304,154.62725939418584,289.902320861,1809.484684945,329676.74948401895
MARpDPs5A7XiyCWPNH8GsMWPLxmwNn9SBmKvPa9LzgA,6YjT74rmcfCpw8LSjPNx5JTmZoYLGrTKnf9arfSgZ4SR,F8GSmi3vA8M8TsybLya1LQ4n1aFHCRbZ6k437PeTdXtg,34579.52693599999,36126.40900500053,32123.672196572057,0.9289795160016723,12.849468878628823,1.0,296182.830794,15737.138705,290884.92150401534
RajgMbScQbqqrdJfR2rxfHJiTiY5b6bJ2tTXiF4aPxy,725ZA3fhyBAKb5iopNRrcbSuQa3LXA1656Q3mBvYPxeg,GLA6i1dSZpUfk2f9Nj8uiG7xyDdAR2reff8oEiZH3617,9787.771273749997,9779.740565079977,9789.897051995866,1.0002171871600198,3.915958820798347,0.9995693055776128,70367.53195666,111027.62453595,181362.62043841474
HEDSDjj84KS7LKhZY7ejkCACTdPen62rKhCby1wXtgxc,EnnjMSFttpCTywBrYNt1J5QQeoSVkvzPipJDa8Y7kJow,6bjVT6JN2rSvpyn9PdfLYC8wJn4LWh49jpY47fnLDXZk,10.464433026003462,10.773272293992704,9.982531679764858,0.9539486425073285,0.003993012671905943,0.9973739910792856,39118.113158846,9104.779845638,46397.54155787142
AUSejoEUCh2DBs9mof6BNC8Pubs22w4cJa1ccV9h44R,4xkyD7AfGQDwsQMy9MosRRNGoVJ1zosNinesxg1TzHG7,Cbm5gsQe3nSiCsFrvepVzMCD9xLK3ri9g3ypS2hdmVJ7,261.082574,261.022868,261.0068820042188,0.9997100840756181,0.026100688200421884,1.0,14487.443645,14387.766287,28871.00979138373
MiMuMS9C4vBqcrYeeQPph1E7oAW9aNKvW9k6Zw9XffM,Afy2q2hh6Y474pshJa5fnQ6PfEchGyTbKrQpCZw2hr3m,5pXz9ksgjeL8Wgb37bksUaBFMLdFfsNNY3FQnikkCPtS,1.044368009000209,0.01581885799999938,0.0,0.0,0.0,0.019885819996460722,25.994643869,7674.498231042,152.61369038565743
wrmcMSHFi3sWpAEy4rGDvQb3ezh3PhXoV2xNjgLBkKU,8p4mGnARWPBu6P2Gcw4adodLkNDorrXniZMhaY7eJXUn,AyY89zccbsgp9LKFgH4CFZMJmpSgqmPSdTfukhP227rc,0.005031580000000008,0.043782839999995105,1.7810902654867284,353.98230088495575,0.0007124361061946913,3186.641598419426,27.03492824,0.10080387,9891.111908078532
SoNcU2iwHMw6dGzsYNQkYFkUjwN1UdAjrWVRnStrZu2,8ivTTid27jZnYNc4w3CTA1Z6QS2twsFb8WMwUabeDJgc,CyXm53PMvHCbeXJBykU46Rcbo28xk5srhMZFg7gv6EYB,2.745319192,2.724130407999997,501.98359975293215,182.8507232294656,0.20079343990117285,181.03866225463378,21.875862647,27.88184619,9047.709441699459
vEnkoSUkpnbRrPgBz9DfcVxNz67zjwMYBZraAvDDNSf,DtfyjjsZ5yCjWKLKHvwsfXs5QVsmm1QkK6Sh9JZHoq1g,e5wrKCRv4GhHvEf1VD5Pq2KGaZDXP77nTL612Jyrxwy,1352.040207,1351.878737,1352.4621751986622,1.0003120973743809,0.1352462175198662,0.9997300728803223,941.774151,1003.326752,1945.1240031395241
BSCNHw8CmxbZ8hCWWzMf5FaG2ajPT6JxfznKUNuRVrn4,7n9kgNL633yGzCYksgnzHyjG73ZLBAwvEae5sbAekbzW,SscdxE99omdG9AiMVwmaEMQySQnCgeAh1sPj2Leutm2,592.4499247189997,589.7927366849999,594.9544819935777,1.0042274581700148,0.2379817927974311,1.0,4369.854487582,7328.25014138,11716.578006017304
Cob4usZcpHEY7Qt4ZCwj6WVg9S44zvzYV2v9qYF65dTf,NhFM9UXE48PyNAyeyPYA3iXztqKVJwA4bTdLj4ysM8w,6TuFuynuBoeskxyR2cz4wxyidk8dpDK7kAWw3UkjQGx,21.885632000000015,2225.0912079999835,0.2014308994894085,0.009203796330369092,8.05723597957634e-05,1.0,70754.75135,190.464024,841.6763448313076
BUSDTd9WiT6uBHJRgNvFXBsA7JrifsAtWzKfioN7ERcy,DyBxrn7gSc1EwnpWhDyhzvMHPtxpmBqRqotapLcKcfTM,Cds99GeBgoCpqBsoRWu1C6fF9LiUMd4pXQQD24s9LPff,1984.4550830199996,1988.063121140001,1987.548204913897,1.0015586756890411,0.1987548204913897,0.9998490227975576,191.46377361,226.41742197,418.14544164030474
GokA1R67GqSavkd15zR62QD68Tuc5AEfvjssntVDEbM8,3YB7hfpBdbQEuZqLGWVDpRPmeZWCUsrrWyqGXegnQ6Cg,4DPCj6Z1DsG6HUtwSogBGqXEUxdEV5a8YVrrFtcnz7UW,3464.551953999997,3463.4248559999905,3465.095974067925,1.0001570246528704,0.3465095974067925,1.0,12806.56635,19777.615423,32586.19271963557
MAR3XM1n9xWPQ3HJjAcC85o8DopWFP5p2WxGTaZ3fPB,6qG7GUhER8Cg9gDEgnebph9LdS6eu2eoWcA4R7z9uizK,4QV4CwRXVMY227KkFF9voNAfwWHVvVajXSXDKbUHkWZR,0.007327,0.3310680000000019,0.006948705522641855,0.9483697997327494,2.7794822090567423e-06,0.019574087814721235,0.105758,24.557672,0.580991721533257
C98Sspw7XqnMsgxea3SLQVdbMDL8pKUc3RE82UvX9eq2,CSqgQJurPCzGxb4Cgwx5R61hWQUiaoUHcShNc8r1cKEL,6S2CR5EnukPhC914XkAns8m5GixjMAoUuZMsS5ubHuWc,31.42088899999999,31.319029,0.0,0.0,0.0,1.0,889.762996,1229.818908,1229.818908
C2ypsDADXcCRz8HbV2zX1AXPSja7a1P3xZtRC91xGhJh,J9bYNuDpY1d1T86gLaw7DGk5D3CsUAf2tzUwxMvb6FTv,A2NGvvPrMGzsJ4jb52KEnSBVmsA7C34dV1GC7PerdgvG,0.0002091250000000322,0.00021000000000004349,0.03229217044769297,154.4156387217597,1.2916868179077189e-05,154.10281801659193,1.308319405,0.911007483,342.41379693965007
ALBpShJ9NLpE739pcHDF2LNVk5J4VYPvvKuV6jMPitZi,D6d156U1bPiJpDYRLextvDRccgFk7QzkQbJg42ceKEu5,GNcM8U5g8RwTZffwwm3kSQqUNPSwv5d2fbN9sLxPJqt2,1014.8469259999983,1015.8781730000046,1016.0031375705535,1.001139296519439,0.40640125502822144,0.999460291442621,42281.057951,58020.251485,100318.16607193404
ALLwa5WNZbvQsRKAqe1jdRGemdYQnW8E5k4msbRFcYtu,CGoM82Hbz7QVqTgvQatYtjvDWBvoUJp5qm21P8iMs9yb,3dxNNww8TivyN5FMy5dCNdi3Zcxv6e4kUfSPxfFwpdNq,3.6629693190000006,3.652194856999999,11659.195082280296,3182.9901009007863,4.663678032912119,3185.738087728855,2.610367735,6.021840194,27492.780324458126
RoBgmK8CvjdHvPrqdDyVw54VwjZv2TqJ493xnqJAQHx,ExiHJxM7qPAcy27NDHAF6G7vnW7muNHi2sVJpnaNynGQ,6rkPHSqZb7StM4HwS9EuVrmfkV7tRdc7dnsFhyB6cefE,4.174204999999418,32.8294759999999,0.0,0.0,0.0,0.9510142091032981,6323.211183,18.006255,17.12420435773731
MATgk4zXLXtYkwBH678J1xZbRDZ45LicNzkRBHkxTuY,y8dALFo1bJrSzPYjMX14HJX448pXqYmrfXHD1K8MXih,GN7Yuet3UyiWS5YVkEHv6oQKi4HGBJc3XDPt9zQhAqZz,4984.031012000003,4957.292952999998,5001.22522432122,1.0034498606208144,2.000490089728488,1.0,3262.630355,6808.755783,10082.641757981988
WiiQFxXqp8P9Fs1rt9SVcDyA3KUdJmUsog6wnVQAwba,3S2jpqSYxho6wiz3cafhjXruVY8cg4HYa2v3BqBHYFSj,Dfe67M6TfrG74gKRtdqys4e6E9QirPD53BkF4FujFjuv,4276.597360685004,4277.250633265994,4268.72073000017,0.9981582014811017,0.42687207300001695,1.0,20241.060554874,6559.3979272,26763.1785267231
Sid7E679i9ABqptiAVhkmQ27YHN8vaYT4fppPwmxFsJ,GP7KB8o1bv527HG8kTzzzf4wJ5aEGHvcMQvVhLziUfmT,9gYxhAZ1M9wu5pxr8SBoa5NDm21gi3s9vMHaYTME77sa,4027.803963000013,7606.29117699997,37.19379065983382,0.009234260406291205,0.014877516263933532,0.019550396405792564,127578.965382,11981.116172,1412.3329592490509
heyk4SZTeCUV6a65WiVA5bzic3KcxgVf1qxobfeV4tQ,9ZDpBKPqMABtGfq66FbVribaArMvtk63xxy91onZAtDt,DaTP4s6N7xxSPinbNZ3FB52EpRDRt87QShTuN3VPCW52,66.9844409999987,58.26865643599979,11781.220979805938,175.87996262902556,4.712488391922375,154.3091525233327,635.660684854,4461.773315423,800292.4365510058
SUiuyGR7SFq3xeRVJonq84fjjeFwRSsFekcevJ53tzy,49GjCCPsv7fBqo6t3iKDrP1xxGDS8uWZbVCdfnp2gjMf,CEwj5xEbbJEjYqM8D6Ai8ByGz1mrh8mkAVsE5fzDSSSx,0.1405590000000001,13.823064999999929,0.0012979584084478863,0.009234260406291205,5.191833633791545e-07,0.9495251424762476,634.34844,1.765501,7.53412627185155
daob129AwBGn9Y5r91uLoWZeYiGzbPmksauMhFZKTze,6VW5GQNyj4LStgmxEHLr5zUfW92vQnmbw8jTnCH7a38F,4VPCCUifPeBA1c7HWK358CHn2nyjm8pdTRk6Ps3KmnMQ,20.333652470000203,18.195855943999952,3438.7314713064125,169.11528690577538,1.375492588522565,154.50565529324788,48.665428015,223.534193467,42767.36486321557
B2izdXFYb2sNwbWWHmh75T4aQFtfXsUxem9u2p61HGzf,4DYwgJtxwuJdAjkj5RJSNH4e7U329V5cNp7d3a1nLrZv,EXNW64GEf1ACC6xY9BtKRiunrs6GoJSXBdxWN2eTPmrF,4724.3597780000255,4664.150403999996,4747.279644121846,1.0048514226686442,0.4747279644121846,1.0,9361.996256,30518.13288,39925.548136860125
iLiUBQ7Z7im6Ew3b4ewwPcehzWgEQRJ1iQz7g6D62NW,GpugBvKWM3TVhYcZjemSdtehBWgfvuGr6uAm9iPjXT6v,92fMXJ3xy8tEyMUWLHKRLyhPw2nECBo77GtDiBBbYrjX,52.057878074999735,53.23388615299973,50.92105219256402,0.9781622700641411,0.02036842087702561,1.0,1863.474265202,1100.05925494,2922.8394723960955
BSC8REUo9LpiiWUuqMuLXs2D2yJsJfGd4HdiF3wCLxk5,AZjEH1zWVx1UJ6udMyRijGTzPteuLnaY18yNNmprJEsh,Caf8ypkSVR8xYnXNhjvfvdGCC7mrM3C11rz8Xi6NA6aK,848.0621950340001,847.9672758199999,848.243541020635,1.0002138357159378,0.33929741640825395,1.0,3135.385063614,3214.752251824,6350.8077727478185
BSCuChvaSj9b5HUSqgDVRzcnr2sSn7cXaamt1jbKH6hn,GnKpRj5kBVPMJfiwZtEuD9GYApLzPdW5JFuZTcyX4BTc,3dmwD9okkomV9nDwyuh4UMhKdUR13QpuKxRo89ycZB5t,488.2201309989998,489.10857337599987,487.9492176897447,0.9994451000848721,0.1951796870758979,0.9995483440852415,1667.004579649,1442.971652493,3108.3994847605577
SoN9GaFpSXfpyR5dth3x7PHPVhvJMpQqqDJfCSmPv1t,9kZ9iS68ViMPtoeqtnhAKuF2iqVyfHPdZHoUNdwCELr,BBhm5fJLjw3HRzjtKB8uMEYjGhY6EDm9co3cqpjrSzB9,0.9341727600000036,0.9162230410000003,172.1972359159869,184.33125358524288,0.06887889436639476,178.60648009314684,3.711851642,5.941305733,1745.3659704206661
KysFMBBoavfov2tLpvefWW6tPFt6rAeZWDJVy1mMQae,B8ka2V21TH3x64dFV8ETcjuQcwmrciJ2qzy1mJUttRew,7fSf7EYxBANyxzk2s5pymFgshA91tFYQNKKs5UnLWcYS,27.515764000000217,36.44335200000205,0.0,0.0,0.0,0.019581341902702935,134456.590963,2646.172984,51.81561793339966
BkwbeSfcX1h4thMDd7obGkHrPevf3QwgzJ4pCEqG18Lu,35yX27bmurdebhfAb8EPmjLETDiUaEUCn9zHaDPbakH2,2CxECn1ZJFoESyUnQysQU8rRgT3iJ5GRs2Mdd6gZjx5g,0.004517010000001598,0.0030310900000009022,10.070024077050112,2229.356161940432,0.004028009630820045,1457.725947521866,0.90449504,22.63315424,35009.37780078109
SAMyS8Jr2HJrkFwYVKbpUwsNStnQmvz3f8Tup8bWUWF,6jPzm5TFfquvgm25sTyN3MMGBfufRaFHMxobDWv6hMFW,Cj9ECoDmxsHTDzCY5ZA6RWrPbg9uFzEC1Qc2kso2vJG6,683.5802157199942,13.329562309999972,676.8087643370648,0.9900941378535989,0.27072350573482595,0.019825063952880802,457.59130786,110048.09387301,2634.7689703700007
DFWzVTzNBrQZLjoQ4yQwkj9HuoXmfkuZP9V5vbymZe23,DhgiEgiNdqZdRdo195UUHnoEJUtefK8buko8nU97XJUZ,2K2kkXsouBHtWVjtcgkyiXd8eP3oVBvq1bTJzcVdLLr2,1410.0503901779994,1555.5116959389998,1284.9684819321756,0.9112925969758897,0.5139873927728703,1.0,58011.662789423,10517.408952434,63383.00779069687
JSoLLrxK5bYdHwTEWYaGgmeycBCNXKDiBCTw5hXGBg7,xG4wXczA7Dk4hccJ61CHKpDHW4NrNfQwgmWgkb9BuF2,BVR6WgfhsRr9Lob4QDnkEAiNGgAbv7ZieKcY9kSg3QYR,0.7868725550001443,0.6710251870000015,142.32917822791268,180.87958122759355,0.05693167129116507,154.44752498613445,17.214659778,163.704619112,28397.55370226638
BUSD5rCfUDpCxKGMvYU2yThChxgHoioK74PTPociGnv2,CcFHbafgYDZ8yA8Me1PdtDiVb2eeaS61LbqyKKK5CsNZ,26R9s4nmF3CFDTkiePDwRmtscn8i7r2eygbSijditJ58,257.23290936,257.77743204,256.776281530791,0.9982248467727356,0.025677628153079102,0.9995692955862248,82.64143335,65.11595586,147.5826422732869
MiMUFdSLMyCLpqpH6zkqdDrGYs7XBomwENbivdYjv9V,,,0.015818858000000005,0.019993999999999956,0.0,0.0,0.0,0.9995692955862248,82.64143335,65.11595586,65.0879101304039
BkMBnJpvHKtWhUvrgRrLesXfi9RUV3ELgdBaJcdH7hcY,5uerVwBnZQsuVhZ15igs7ZgmcqhHnYWbwoRtLyRqLvR,9YWiQh5d4jCtgMdzcGLv9bWgnLaFtzvDDh2nnhJdzhBX,4.985014182999748,4.98708140299982,5.003269878980489,1.0036621151536533,0.0020013079515921956,0.9997320068395865,1117.77178196,1755.680333903,2877.0750145226834
NorjjEePhxfwLF4vZjUHCrVVKLzQjEEGQFd3wgjEJmh,34M8pFVqgbV7aqHxvRT5tCv3vu2P1JJYT8J3VaxBK2oG,3AZWBSze3ucsY3xSeuLne3b2pauVqiaJ1SZSV5T9WGWw,1.9960089999999582,3.3710060000012163,1.1825993962608212,0.5924819959533479,0.00047303975850432854,1.0,38124.371737,2258.30739,24846.311251205167
KZMu9QBEdL97EFgamLbN5DE1AoKBG4HdrKKJo4Vuon3,DD4ACBWyVqdaKWh7v5btsgqQCCMwbKnuL2xd9pv7Gyuw,GcYqiJ1MAuYbNTNYXm1F1gQYTfTgkErACAhNU5dpVj9T,100.81318152999961,101.66779311000005,99.83301994188002,0.9902774461311102,0.03993320797675202,0.9997543703487489,2081.53796937,1307.07017674,3368.0492258809873
KwnjUuZhTMTSGAaavkLEmSyfobY16JNH4poL9oeeEvE,J63v6qEZmQpDqCD8bd4PXu2Pq5ZbyXrFcSa3Xt1HdAPQ,BnKQtTdLw9qPCDgZkWX3sURkBAoKCUYL1yahh6Mw7mRK,299.61923100000126,10746.513075999957,5.867246691763814,0.019582343470348835,0.0005867246691763815,1.0,278269.54117,560.681648,6009.851380527315
YAkoNb6HKmSxQN9L8hiBE5tPJRsniSSMzND1boHmZxe,CfWX7o2TswwbxusJ4hCaPobu2jLCb1hfXuXJQjVq3jQF,EnTrdMMpdhugeH6Ban6gYZWXughWxKtVGfCwFn78ZmY3,6152085.248216987,6154203.907372036,6152085.248216987,1.0,615.2085248216987,0.9987575456132571,990711.902835,407855.761134,1398060.9217894208
MATSnbbiTCv7Dc3trJrkrqjx7ckKdr6fwPoVwv9q3sD,631WX9JizSHJm4w6VanZeJAst9T8DeUUnPLesdGkCVtK,211maUSfpnXbPuW1iBu8b4dtJv5EbN1j7JJiEX5TZKEP,935.2664230000082,934.8557719999917,935.4273164984459,1.0001720295890892,0.37417092659937834,0.99973107234154,21533.360257,24013.902538,45544.509167536686
KEN5P7p3asnb23Sw6yAmJRGvijfAzso3RqfyLAQhznt,9zj4aX38Uxf3h6AUjS4EipWS8mwbEofasHAf3a1uKGds,CwQDG1MWunn9cLNwcZLd8YBacweSR7ARo32w4mLua1Yr,117622.32939600083,117629.48898200039,117615.27247965206,0.9999400035997841,11.761527247965207,1.0,1163247.587029,1107778.651638,2270956.4479992185
AyiATPCAx5HZstcZ1jdH9rENwFb3yd9zEhkgspvDrCs4,DvHVapj4g2Y1tJVSw2ubSPkPBsJPb8fW387ZWXwaKmZq,DKjqWWgrtDRPKrnMWtZ4UiJk4sGQVCQgFjSo7BvfngvK,0.0013396900000000045,0.0013402200000000586,2.986646156589987,2229.356161940432,0.0011946584626359948,0.0,0.80222651,0.31854273,1788.4486133404673
parEAJhzYzHW87y9VoZAQ22dzQ2MD2ekEtTReaxbMcz,3oyc6hpjYSJEquK6dSvG72NXyz3pqLZz5D8AC71pwgQb,Di2vordgFJVZ1aj1aBpvzXtLfZgJsuLLXawGtVFwX6Rz,3.760880634999978,4.2866602300001375,564.6737302920928,150.144018142202,0.22586949211683716,176.9779005925751,1099.528149642,143.080351505,190409.63467311283
