0,1,2,3,4,5,6,7,8,9,10,11
RoBgmK8CvjdHvPrqdDyVw54VwjZv2TqJ493xnqJAQHx,ExiHJxM7qPAcy27NDHAF6G7vnW7muNHi2sVJpnaNynGQ,6rkPHSqZb7StM4HwS9EuVrmfkV7tRdc7dnsFhyB6cefE,0.5634380000000014,40.633012000000235,0.0,0.0,0.0,0.9305268643105727,6434.0409,16.388754,15.250175869577355
GokA1R67GqSavkd15zR62QD68Tuc5AEfvjssntVDEbM8,3YB7hfpBdbQEuZqLGWVDpRPmeZWCUsrrWyqGXegnQ6Cg,4DPCj6Z1DsG6HUtwSogBGqXEUxdEV5a8YVrrFtcnz7UW,34271.75035300004,34265.09732100001,34285.15584893697,1.0003911529407998,3.4285155848936975,1.0,22626.645165,38142.642048,60778.13769179673
YAkoNb6HKmSxQN9L8hiBE5tPJRsniSSMzND1boHmZxe,CfWX7o2TswwbxusJ4hCaPobu2jLCb1hfXuXJQjVq3jQF,EnTrdMMpdhugeH6Ban6gYZWXughWxKtVGfCwFn78ZmY3,10407509.414333006,10409454.526981026,10407509.414333006,1.0,1040.7509414333008,0.9991267632089553,1032771.438355,478947.619262,1511300.8229348771
KEVpg4SYCVrqFxKijQH6hm4QxsRdoE51ud64bEEFUC9,2bPenuBYfqzD8p5dFjCcggwkHDsc2RQDnx9AoyYGUBjA,AE6n6iLuX8oYu61vt5hoDYkjswpnxFxrhSehxrnQTnbx,473.7308541229995,473.5237801059998,473.9156148646107,1.000390012050098,0.18956624594584429,1.0,2799.420592391,4831.680539194,7632.192939349325
BSCuChvaSj9b5HUSqgDVRzcnr2sSn7cXaamt1jbKH6hn,GnKpRj5kBVPMJfiwZtEuD9GYApLzPdW5JFuZTcyX4BTc,3dmwD9okkomV9nDwyuh4UMhKdUR13QpuKxRo89ycZB5t,115.8891178670001,116.05758676699998,115.77913162844354,0.9990509355789318,0.04631165265137742,0.9989411224102451,1690.060905166,1418.464191418,3105.4191399653064
BSCrK1Nx9PXU9mF7STWWBqeHLxmtJDr9h7jheEy4tAWX,FfSySSbVJPvEo5a5AvrP3nySoXpRE2QPn1uUMpJJ1x7v,HL7Vcj6838ZmvBHDbQxXfjBNckNi83WvPiZQoMQLFeRM,0.25599981000000005,0.255532427,770.1558664259929,3008.4235860409144,0.30806234657039716,3001.7410097856755,0.846110211,0.957977798,5421.059157883233
MARpDPs5A7XiyCWPNH8GsMWPLxmwNn9SBmKvPa9LzgA,6YjT74rmcfCpw8LSjPNx5JTmZoYLGrTKnf9arfSgZ4SR,F8GSmi3vA8M8TsybLya1LQ4n1aFHCRbZ6k437PeTdXtg,56505.10545099997,59362.93316799932,53381.538128924105,0.9447206177717065,21.35261525156964,1.0,319744.447932,15521.32688,317590.49925939227
AUSejoEUCh2DBs9mof6BNC8Pubs22w4cJa1ccV9h44R,4xkyD7AfGQDwsQMy9MosRRNGoVJ1zosNinesxg1TzHG7,Cbm5gsQe3nSiCsFrvepVzMCD9xLK3ri9g3ypS2hdmVJ7,421.57606699999815,421.71692600000097,421.5094685039745,0.9998420249600563,0.04215094685039745,1.0,14530.864395,14343.478615,28872.047496116786
heyk4SZTeCUV6a65WiVA5bzic3KcxgVf1qxobfeV4tQ,9ZDpBKPqMABtGfq66FbVribaArMvtk63xxy91onZAtDt,DaTP4s6N7xxSPinbNZ3FB52EpRDRt87QShTuN3VPCW52,206.36256906899268,179.06113895900023,30996.14026089435,150.2023375689391,12.398456104357741,132.50670351413078,626.617835772,4471.973708961,686685.958071627
KysFMBBoavfov2tLpvefWW6tPFt6rAeZWDJVy1mMQae,B8ka2V21TH3x64dFV8ETcjuQcwmrciJ2qzy1mJUttRew,7fSf7EYxBANyxzk2s5pymFgshA91tFYQNKKs5UnLWcYS,40.63301199997659,31.004997000000003,0.0,0.0,0.0,0.016676489674968212,134345.761246,2730.218324,45.530457690595014
moFiBS1R4Lf3E3zzmBPnw3NF4RhWPkhREFviuzUaCAU,44ALBrpqi9PfZkBRTvbtRNtFJGsatfY4QydjtMbFWq8S,2ho8qEEie1UjVwWNBo9y4oAJZMyMLx8zPj9bxyUz6uWs,1.29994008000358,1.3005170569958864,1.2996767278079013,0.9997974120501938,0.0005198706911231605,1.0,33704.074877458,33408.234392114,67105.48123014247
STK75uPSyBnEhGTTzb1nwmP3n427XoXmfRhXxxhyady,6TYyD5fUmDe6N65avW1Ny2RxzRNobw2RRgKwH9CTzSAU,54zDfk4cx2vGrEajPtodWpArNe5eUurytyxd4X3aZAxK,1265.3900166480016,1421.0356818730233,165839.58316296898,131.05807773185649,16.583958316296897,148.6172281549394,4419.911823217,793.00093937,697118.7488285578
BkwbeSfcX1h4thMDd7obGkHrPevf3QwgzJ4pCEqG18Lu,35yX27bmurdebhfAb8EPmjLETDiUaEUCn9zHaDPbakH2,2CxECn1ZJFoESyUnQysQU8rRgT3iJ5GRs2Mdd6gZjx5g,0.002701860000000389,0.002051689999998607,4.509789521123649,1669.1425614661748,0.0018039158084494594,1098.901098901099,0.9046278,22.63293009,26381.304510518257
C98Sspw7XqnMsgxea3SLQVdbMDL8pKUc3RE82UvX9eq2,CSqgQJurPCzGxb4Cgwx5R61hWQUiaoUHcShNc8r1cKEL,6S2CR5EnukPhC914XkAns8m5GixjMAoUuZMsS5ubHuWc,44.397715999999946,43.142949999999814,0.0,0.0,0.0,1.0,973.458262,3875.932476,3875.932476
wrmcMSHFi3sWpAEy4rGDvQb3ezh3PhXoV2xNjgLBkKU,8p4mGnARWPBu6P2Gcw4adodLkNDorrXniZMhaY7eJXUn,AyY89zccbsgp9LKFgH4CFZMJmpSgqmPSdTfukhP227rc,0.012566069999999999,0.14741240999999405,3.2410167130919216,257.91808521613535,0.0012964066852367688,2998.8604330354465,27.17628345,0.08697949,7270.094341761551
C2ypsDADXcCRz8HbV2zX1AXPSja7a1P3xZtRC91xGhJh,J9bYNuDpY1d1T86gLaw7DGk5D3CsUAf2tzUwxMvb6FTv,A2NGvvPrMGzsJ4jb52KEnSBVmsA7C34dV1GC7PerdgvG,0.4765159310000002,0.47756465400000003,63.02022094560766,132.25207563020098,0.025208088378243065,131.90196834669325,4.050813005,2.974108984,928.0192569682458
WiiQFxXqp8P9Fs1rt9SVcDyA3KUdJmUsog6wnVQAwba,3S2jpqSYxho6wiz3cafhjXruVY8cg4HYa2v3BqBHYFSj,Dfe67M6TfrG74gKRtdqys4e6E9QirPD53BkF4FujFjuv,5351.474643131998,5351.938935507998,5349.911345537718,0.9997078753617405,0.5349911345537719,1.0,15849.585095594,10937.63178132,26782.586822601388
Lee1XZJfJ9Hm2K1qTyeCz1LXNc1YBZaKZszvNY4KCDw,9DgFSWkPDGijNKcLGbr3p5xoJbHsPgXUTr6QvGBJ5vGN,2hNHZg7XBhuhHVZ3JDEi4buq2fPQwuWBdQ9xkH7t1GQX,2316.042128258072,1959.5506539589915,362271.64721547405,156.41841864419956,36.2271647215474,131.56144623392862,7140.742027263,56468.042145902,8545960.866563955
AURHmCnNwiW4uA2Qj1XvEh4iKgRUZYXtiY7FKAapUV5Y,BKWm4TRnTeKwfWXRyuzjRHU7iZDkPuXBX5b5V5jSVfGJ,A5Ww74HVrkj9nPeC7pHKLfgeDMEhBCpW1efQdz3TGLEg,8.527199997843127e-05,8.527199997843127e-05,0.012613333547090513,147.91881919365014,5.045333418836205e-06,132.33494556997522,289.875145248,1809.515086477,282340.0696756548
KEnkcdADoLR5jS2CLLLesy8TtFsyWL37BhXNfDMzWzP,3qsjFRuw1qeLMPo4DLwaQevenGAGBj9dA3Q6rb8ax2YR,77iEv8zPQAEyCcEbvBRSB6AFcUdfkhiqnAKtPxk76rNN,0.13669800000000004,11.624393999999995,0.001862702051964616,0.01362640310732136,7.450808207858464e-07,0.9984484111690433,109.399717,0.402546,1.892646057791331
parEAJhzYzHW87y9VoZAQ22dzQ2MD2ekEtTReaxbMcz,3oyc6hpjYSJEquK6dSvG72NXyz3pqLZz5D8AC71pwgQb,Di2vordgFJVZ1aj1aBpvzXtLfZgJsuLLXawGtVFwX6Rz,28.40990098100005,33.452094207999835,3362.680763185613,118.36298779902485,1.3450723052742453,152.2770907035445,1104.731245166,142.010744919,152384.2739776933
BSCNHw8CmxbZ8hCWWzMf5FaG2ajPT6JxfznKUNuRVrn4,7n9kgNL633yGzCYksgnzHyjG73ZLBAwvEae5sbAekbzW,SscdxE99omdG9AiMVwmaEMQySQnCgeAh1sPj2Leutm2,960.1102581519999,960.3221528909999,961.167330759022,1.0011009908477144,0.3844669323036088,1.0,5371.861934265,6318.103664384,11695.879969473812
SQDY9uoDoCbNq7F3HAHYYQZbrUzpKxDtdWLvYcqBLak,GiehZ4X2uQjhEKuxSm3ACmEFrabxh3RTvjbLfLjw1xGX,rxDQYV77NKRKYxCjq4cECX3QQsiSyLv1T1FT2X3zNA2,0.007384437000041544,0.0010906050000016876,0.007400873793071294,1.0022258694914261,2.960349517228518e-06,1.0,168.702204443,237.869801509,406.947515042006
ZUCKWFa4LTL833dPhhpeeRWZcaAEoMeYJPi2iKn4F8N,7eEYpq6ShaJ9opZWMxitRFrdCHh6vfyHhGfoSvFht3N2,H8VggnHmuwd1wvwpT8eg9cUJFEfZ7HAaeYjgXrSm7A2u,0.0010603959999571089,0.0010603959999571089,0.0010619973964511914,1.0015101872264205,4.247989585804766e-07,1.0,1817.011925129,2030.154775686,3849.9107290145835
daob129AwBGn9Y5r91uLoWZeYiGzbPmksauMhFZKTze,6VW5GQNyj4LStgmxEHLr5zUfW92vQnmbw8jTnCH7a38F,4VPCCUifPeBA1c7HWK358CHn2nyjm8pdTRk6Ps3KmnMQ,35.541161434000074,31.85109193299993,5244.113539758359,147.55042683387475,2.0976454159033437,132.46520933741962,48.585646372,223.567880788,36783.79898989399
MATgk4zXLXtYkwBH678J1xZbRDZ45LicNzkRBHkxTuY,y8dALFo1bJrSzPYjMX14HJX448pXqYmrfXHD1K8MXih,GN7Yuet3UyiWS5YVkEHv6oQKi4HGBJc3XDPt9zQhAqZz,14755.471579000017,14736.491376999998,14779.91756264864,1.001656740248371,5.9119670250594565,1.0,5073.166597,7258.293788,12339.865304287941
HDSBGqAuMRr6X2AfmmbXQPpRgU6VEhtfNVVZ3wUTZXg,DCZ1d8kNLgDcdSd99y4udLgwq46mfDXNS9KXj96kQf5L,Fq8GGYQM5Pz3q7LmVMbrXHJgsxA5ev86kTq8yGgGuYsa,50.53004811700521,50.655375718997675,50.26783875444155,0.994810823018484,0.02010713550177662,1.0,59243.364528041,57855.385292784,116791.32551730852
KEN5P7p3asnb23Sw6yAmJRGvijfAzso3RqfyLAQhznt,9zj4aX38Uxf3h6AUjS4EipWS8mwbEofasHAf3a1uKGds,CwQDG1MWunn9cLNwcZLd8YBacweSR7ARo32w4mLua1Yr,202802.04325999937,202823.8627600011,202731.49270053956,0.9996521210618704,20.273149270053956,1.0,1049893.696021,1016936.673712,2066465.133828879
FrnkTEL6yZ5Aycq2TrEgu29dCrwKG4LPUZydfiwqspkc,DjvZuMZ46fxKBoBpGMPcRcos4xdTtHFxwMh69DpA2ZFY,9rvDPJLAng4uVVqnnSoEXgNDFhBZQTny9AoQioYDZbQX,68.46612060299935,57.325128194000285,10581.83296062203,154.55575498399807,4.232733184248812,132.451366176239,175.552392437,1440.29075749,217901.11107290827
HEDSDjj84KS7LKhZY7ejkCACTdPen62rKhCby1wXtgxc,EnnjMSFttpCTywBrYNt1J5QQeoSVkvzPipJDa8Y7kJow,6bjVT6JN2rSvpyn9PdfLYC8wJn4LWh49jpY47fnLDXZk,29.62561795500187,30.59923827298917,28.696440331346114,0.9686360087047947,0.011478576132538446,1.0,39153.509268104,9070.459527604,46995.95847184644
SERgf3DMJpQxUifu7VoFKmfne73d2fDJxSrxUMrcNJB,AJfM2GZ2tTB8UtN2krcyR9xufRJEx2mhSCbJyMgPo3GU,F4yRYkufQvERZcEKnKjJwRLU1btiMBUuEwq46hfm11QD,8.580799999791111e-05,8.580799999791111e-05,0.01129458642210741,131.62626354631692,4.517834568842964e-06,132.25216308331636,29.284890014,27.959805474,7552.405404232917
DFWzVTzNBrQZLjoQ4yQwkj9HuoXmfkuZP9V5vbymZe23,DhgiEgiNdqZdRdo195UUHnoEJUtefK8buko8nU97XJUZ,2K2kkXsouBHtWVjtcgkyiXd8eP3oVBvq1bTJzcVdLLr2,817.9703829320024,961.2657949119939,704.403373147179,0.8611599977767603,0.2817613492588716,1.0,60610.580565055,8206.911021378,60402.31844602892
vEnkoSUkpnbRrPgBz9DfcVxNz67zjwMYBZraAvDDNSf,DtfyjjsZ5yCjWKLKHvwsfXs5QVsmm1QkK6Sh9JZHoq1g,e5wrKCRv4GhHvEf1VD5Pq2KGaZDXP77nTL612Jyrxwy,4262.420623999999,4261.291086999998,4250.9939522563345,0.997319205974341,0.42509939522563345,0.9962491220554611,810.449055,1134.039526,1938.0622901689462
B2izdXFYb2sNwbWWHmh75T4aQFtfXsUxem9u2p61HGzf,4DYwgJtxwuJdAjkj5RJSNH4e7U329V5cNp7d3a1nLrZv,EXNW64GEf1ACC6xY9BtKRiunrs6GoJSXBdxWN2eTPmrF,184869.86809400038,183603.00804400013,177574.57195439786,0.9605382087691375,17.757457195439788,1.0,11950.081585,27881.810309,39360.32026930096
BUSDgu5JdqP1rndBvXvanbEufS94FNh1w5FJcAj6vawb,Bgzr8cWubt89JQFXndVjtdKmDbGzuPxNhvjH1EhWCwbo,Dxaf8xPBBQsasRKW5Aa4Sw2YrbfGofY9xZueyyF23FBW,20439.948383069986,20355.10398408002,20542.533481343788,1.0050188530984143,8.217013392537513,0.9998601095720698,5226.69140334,9785.31280461,15036.86733269844
ercAoEmXjQzEvAFbdjAo81KtMxRGn9AW1ju882upmPH,CMRhskR2Eg6V42RTSdRTXGdozyPbWB8U9dVpijPWb9T4,7TKLLgrWswt6ZJ1pXhVR3FyufHGjJFqiEXxvWJfDcgRm,273.22261383800003,273.02788627799976,36329.73631847213,132.96753079162352,14.531894527388852,131.713468413398,650.842080464,918.995829525,207584.99253876682
KZMu9QBEdL97EFgamLbN5DE1AoKBG4HdrKKJo4Vuon3,DD4ACBWyVqdaKWh7v5btsgqQCCMwbKnuL2xd9pv7Gyuw,GcYqiJ1MAuYbNTNYXm1F1gQYTfTgkErACAhNU5dpVj9T,85.02211940999905,84.61874000999978,85.46955509500808,1.0052625797629364,0.03418782203800323,1.0,2064.0425797,2626.9717436,4701.876512009769
iLiUBQ7Z7im6Ew3b4ewwPcehzWgEQRJ1iQz7g6D62NW,GpugBvKWM3TVhYcZjemSdtehBWgfvuGr6uAm9iPjXT6v,92fMXJ3xy8tEyMUWLHKRLyhPw2nECBo77GtDiBBbYrjX,0.0010766840000542288,0.0010766840000542288,0.001053002760873268,0.9780053951022137,4.212011043493072e-07,1.0,1865.637227489,1097.917861015,2922.521134802778
Cob4usZcpHEY7Qt4ZCwj6WVg9S44zvzYV2v9qYF65dTf,NhFM9UXE48PyNAyeyPYA3iXztqKVJwA4bTdLj4ysM8w,6TuFuynuBoeskxyR2cz4wxyidk8dpDK7kAWw3UkjQGx,36.85598700000003,2694.372155999983,0.502214535780196,0.01362640310732136,0.00020088581431207842,1.0,65922.334514,243.445895,1141.7301988634479
7oAd7xG4m3oC2qeWB1szghTebAZyyGPAFDJ4wwwbRSNi,D9yh4KAysxt9GLacVe4Wwh2XqghhcjTCSTV9HuM7TBJd,HDYfJLpZKaMFb84jM4mRytn7XLR8UFZUnQpSfhJJaNEy,0.0,0.002167972000052032,0.0,1.0,0.0,0.02286317745199414,957.621534997,300037.026752135,7817.421319799775
SRMuKizofcAMicegrfSv7xs9q76tH1w8aAF7oX9FEWu,72Hj2KWntXPfbie4UgKeTPnm1XVkomDfCnRPKbvfTtPi,6aqJQ5wedqpUt4fFEDUqUmXhrdxCu4bEJsQdVPCADLko,0.025744999999915308,0.025744999999915308,0.0010446715259717356,0.04057764715382296,4.1786861038869427e-07,0.040630319270611004,17971.450574,3892.87454,887.4079156747741
7dwD9TF6uikvHXxPFK9AsSim54yJoujQjY9vU6gNFumk,CquVr6atkvwueDYficKjn6SSEWq4F4rH4VSiBbW4GBWU,8BCa6ge3b7ho3TfZuM64Vk1hgbrJ3J7EPiAb9uP86CGd,6.50699999999978e-06,6.531000000000592e-06,0.0010222569869544457,157.10111986391274,4.0890279478177826e-07,156.8607274384863,0.003912348,0.003595706,1.1786593109122692
BkMBnJpvHKtWhUvrgRrLesXfi9RUV3ELgdBaJcdH7hcY,5uerVwBnZQsuVhZ15igs7ZgmcqhHnYWbwoRtLyRqLvR,9YWiQh5d4jCtgMdzcGLv9bWgnLaFtzvDDh2nnhJdzhBX,0.001032548000011957,0.001032548000011957,0.0010363759405676465,1.0037072761320978,4.145503762270586e-07,1.0,1114.122438073,1759.334052029,2877.5868496249027
SEQV6QiTpvTzrceiaYg9Avnwf7oc8ZALpnQMz6TyT4A,3dFMPj4r9mMmPHF32mz1gNDX7f8ftidWof7S8YiYTs1j,Fc1ED3YPeQfXQosHbd8DTaBd2AV5gHQtwiSAL5C5pUhi,449.0971646190002,447.73427076199994,450.5410870789593,1.003215167170303,0.18021643483158373,0.9965598753104284,921.984823004,4703.190303947,5611.959901201078
HuonfMR5ivyhX5BZBw2Lr3XuNPSTVrSmZMWgBZrMQJU2,E7L8CZxreEeNwM1V8DLxa8AZQKu6oday6RvXxRo27CHi,48UJw19Ra8y5Kv989DsXPrfUHeUWUbHvXZmdPBbGuHdz,395.03748586999995,941.3414918499998,26.4992519709417,0.0670803478626384,0.01059970078837668,0.999506833333365,3802.31369241,36.85660128,291.89895000253915
ALBpShJ9NLpE739pcHDF2LNVk5J4VYPvvKuV6jMPitZi,D6d156U1bPiJpDYRLextvDRccgFk7QzkQbJg42ceKEu5,GNcM8U5g8RwTZffwwm3kSQqUNPSwv5d2fbN9sLxPJqt2,9644.757710000027,9616.262386999988,9355.604055457987,0.9700196040961988,3.742241622183195,0.9900441163658252,41678.11405,58618.522585,98463.51108559372
SoN9GaFpSXfpyR5dth3x7PHPVhvJMpQqqDJfCSmPv1t,9kZ9iS68ViMPtoeqtnhAKuF2iqVyfHPdZHoUNdwCELr,BBhm5fJLjw3HRzjtKB8uMEYjGhY6EDm9co3cqpjrSzB9,3.4324598360000014,3.3696072279999982,541.8471665284343,157.8597252167335,0.21673886661137376,155.43865877577133,3.721907719,5.927704037,1508.9336949343847
BUSD5rCfUDpCxKGMvYU2yThChxgHoioK74PTPociGnv2,CcFHbafgYDZ8yA8Me1PdtDiVb2eeaS61LbqyKKK5CsNZ,26R9s4nmF3CFDTkiePDwRmtscn8i7r2eygbSijditJ58,1092.3254670699998,1098.1067180700002,1091.6999993893498,0.9994273980608291,0.10916999993893499,0.999506833333365,73.12957975,74.35867553,147.40970992067787
ALLwa5WNZbvQsRKAqe1jdRGemdYQnW8E5k4msbRFcYtu,CGoM82Hbz7QVqTgvQatYtjvDWBvoUJp5qm21P8iMs9yb,3dxNNww8TivyN5FMy5dCNdi3Zcxv6e4kUfSPxfFwpdNq,2.9714205989999987,2.968909606000003,8924.52500075086,3003.453972067878,3.5698100003003437,3011.676268894504,2.392813857,6.236408249,25968.749009876938
ionytDfEj1mXodptgrsKEZro7DGsfpzANUfarJdm6Qb,3gkSjY95an9xNFSjCfsay6JZez7uv7yfW3Ad4ubc4fMK,9wXqANaSuEqkKL9yHzCPEDGHwbkStVAqV5rB3QDs3Jr6,0.011744524000000034,0.002891149999999995,8.968797704750054,763.6578293637126,0.0035875190819000214,3001.5608116220437,3.165112406,0.080839916,2659.7087935385357
MATSnbbiTCv7Dc3trJrkrqjx7ckKdr6fwPoVwv9q3sD,631WX9JizSHJm4w6VanZeJAst9T8DeUUnPLesdGkCVtK,211maUSfpnXbPuW1iBu8b4dtJv5EbN1j7JJiEX5TZKEP,7519.568904000003,7513.335140999992,7499.290821618347,0.9973032918987058,2.999716328647339,0.977324125636971,21117.373113,24428.642427,44935.12732231411
Lid8SLUxQ9RmF7XMqUA8c24RitTwzja8VSKngJxRcUa,4PgzyzLtds9bKZ2to9PMnKqJzKEUpjvNUaeN23phegax,AtymwxoVN9peZo7EXTcDz9jKVc4vRmisJKKrNfe3ewBa,456.1131995049873,387.37163140399844,71822.05266950124,157.46541154136435,7.182205266950125,133.57576444074232,985.658796426,7678.522952253,1180871.7411415658
ACUSESXyNnwRLAg1dpSGMLSzUDdLjUMybY8rkXiAKhCP,AhFPQdu8GKBsxuhiH46UmCu1YpaLgNpoP325HnYtsgas,A8wxWpT3aFEr2XqZp1kDmbxbFfcBE95UUmdsNTDBJYbT,0.0,0.00208552599997347,0.0,1.0,0.0,0.987879634623352,1044.555794732,1841.328673742,2863.566892169749
JSoLLrxK5bYdHwTEWYaGgmeycBCNXKDiBCTw5hXGBg7,xG4wXczA7Dk4hccJ61CHKpDHW4NrNfQwgmWgkb9BuF2,BVR6WgfhsRr9Lob4QDnkEAiNGgAbv7ZieKcY9kSg3QYR,2.119029380000086,1.8098161399999668,329.9598245616081,155.7127181321076,0.13198392982464324,133.79227651973645,17.207428799,163.709105645,24582.429441611584
KwnjUuZhTMTSGAaavkLEmSyfobY16JNH4poL9oeeEvE,J63v6qEZmQpDqCD8bd4PXu2Pq5ZbyXrFcSa3Xt1HdAPQ,BnKQtTdLw9qPCDgZkWX3sURkBAoKCUYL1yahh6Mw7mRK,288.5581980000476,14311.212727000262,4.786863679785877,0.016588902041123392,0.00047868636797858774,1.0,280961.88888,510.347004,5171.196255919315
SoNcU2iwHMw6dGzsYNQkYFkUjwN1UdAjrWVRnStrZu2,8ivTTid27jZnYNc4w3CTA1Z6QS2twsFb8WMwUabeDJgc,CyXm53PMvHCbeXJBykU46Rcbo28xk5srhMZFg7gv6EYB,6.351221803999998,6.3040831220000015,1005.634396657059,158.33715585617097,0.40225375866282365,152.72867338805196,22.45796528,27.283197591,7722.856922609361
RajgMbScQbqqrdJfR2rxfHJiTiY5b6bJ2tTXiF4aPxy,725ZA3fhyBAKb5iopNRrcbSuQa3LXA1656Q3mBvYPxeg,GLA6i1dSZpUfk2f9Nj8uiG7xyDdAR2reff8oEiZH3617,5235.173054819985,5232.720359520012,5236.613437712162,1.0002751356788198,2.094645375084865,0.9998514720638249,77888.7593021,104015.52854428,181910.2686112582
NorjjEePhxfwLF4vZjUHCrVVKLzQjEEGQFd3wgjEJmh,34M8pFVqgbV7aqHxvRT5tCv3vu2P1JJYT8J3VaxBK2oG,3AZWBSze3ucsY3xSeuLne3b2pauVqiaJ1SZSV5T9WGWw,0.007375000000138243,0.0010529999999562278,0.004373213283027985,0.5929780722638657,1.7492853132111938e-06,1.0,38120.278942,2260.705219,24865.19474018799
Sid7E679i9ABqptiAVhkmQ27YHN8vaYT4fppPwmxFsJ,GP7KB8o1bv527HG8kTzzzf4wJ5aEGHvcMQvVhLziUfmT,9gYxhAZ1M9wu5pxr8SBoa5NDm21gi3s9vMHaYTME77sa,2131.8113530000046,2579.514185,28.857402173244076,0.013536564636750958,0.01154296086929763,0.01635932806023112,103648.62723,27724.324157,1856.597656141954
BSC8REUo9LpiiWUuqMuLXs2D2yJsJfGd4HdiF3wCLxk5,AZjEH1zWVx1UJ6udMyRijGTzPteuLnaY18yNNmprJEsh,Caf8ypkSVR8xYnXNhjvfvdGCC7mrM3C11rz8Xi6NA6aK,149.67851266700018,149.69549422299997,149.68091908713635,1.000016077258474,0.05987236763485454,1.0,3179.510587563,3168.831303905,6348.393009281537
BUSDTd9WiT6uBHJRgNvFXBsA7JrifsAtWzKfioN7ERcy,DyBxrn7gSc1EwnpWhDyhzvMHPtxpmBqRqotapLcKcfTM,Cds99GeBgoCpqBsoRWu1C6fF9LiUMd4pXQQD24s9LPff,9399.151492420002,9435.650675630002,9388.402616380481,0.9988563993198547,0.9388402616380482,0.9958909539241091,478.99203794,391.37756455,868.2136384238217
SAMyS8Jr2HJrkFwYVKbpUwsNStnQmvz3f8Tup8bWUWF,6jPzm5TFfquvgm25sTyN3MMGBfufRaFHMxobDWv6hMFW,Cj9ECoDmxsHTDzCY5ZA6RWrPbg9uFzEC1Qc2kso2vJG6,4238.115491579986,120.38813715000344,4259.851725799013,1.0051287498564425,1.7039406903196055,0.016840645409651814,410.68014088,112608.02440968,2309.178225958419
