0,1,2,3,4,5,6,7,8,9,10,11
KEN5P7p3asnb23Sw6yAmJRGvijfAzso3RqfyLAQhznt,9zj4aX38Uxf3h6AUjS4EipWS8mwbEofasHAf3a1uKGds,CwQDG1MWunn9cLNwcZLd8YBacweSR7ARo32w4mLua1Yr,112920.01941700024,112921.71785300039,112727.25580956586,0.9982929191083246,11.272725580956587,1.0,1141361.475355,1129856.393548,2269269.472537927
KwnjUuZhTMTSGAaavkLEmSyfobY16JNH4poL9oeeEvE,J63v6qEZmQpDqCD8bd4PXu2Pq5ZbyXrFcSa3Xt1HdAPQ,BnKQtTdLw9qPCDgZkWX3sURkBAoKCUYL1yahh6Mw7mRK,301.82410199999947,15390.725422999822,5.846036979448627,0.01936901970621497,0.0005846036979448627,1.0,278376.135344,558.564191,5950.437042217902
FrnkTEL6yZ5Aycq2TrEgu29dCrwKG4LPUZydfiwqspkc,DjvZuMZ46fxKBoBpGMPcRcos4xdTtHFxwMh69DpA2ZFY,9rvDPJLAng4uVVqnnSoEXgNDFhBZQTny9AoQioYDZbQX,32.518793438997335,27.20534758899973,5903.748881477179,181.5488293731482,2.3614995525908715,153.0600843483513,175.115796303,1440.855651279,252329.55534211872
GokA1R67GqSavkd15zR62QD68Tuc5AEfvjssntVDEbM8,3YB7hfpBdbQEuZqLGWVDpRPmeZWCUsrrWyqGXegnQ6Cg,4DPCj6Z1DsG6HUtwSogBGqXEUxdEV5a8YVrrFtcnz7UW,2075.3435589999954,2074.470137999995,2076.4586172774734,1.0005372885239374,0.20764586172774738,1.0,10315.324939,22269.46285,32590.33009471041
MATgk4zXLXtYkwBH678J1xZbRDZ45LicNzkRBHkxTuY,y8dALFo1bJrSzPYjMX14HJX448pXqYmrfXHD1K8MXih,GN7Yuet3UyiWS5YVkEHv6oQKi4HGBJc3XDPt9zQhAqZz,4837.178779000003,4815.634292999999,4875.573923648736,1.0079375078745116,1.9502295694594942,1.0,2262.630355,7813.04812,10093.638121259923
ALLwa5WNZbvQsRKAqe1jdRGemdYQnW8E5k4msbRFcYtu,CGoM82Hbz7QVqTgvQatYtjvDWBvoUJp5qm21P8iMs9yb,3dxNNww8TivyN5FMy5dCNdi3Zcxv6e4kUfSPxfFwpdNq,3.317347830000001,3.3080418589999976,10596.524084839972,3194.275857663068,4.238609633935988,3183.314339557774,1.686310342,6.947362464,27502.178967734784
BUSD5rCfUDpCxKGMvYU2yThChxgHoioK74PTPociGnv2,CcFHbafgYDZ8yA8Me1PdtDiVb2eeaS61LbqyKKK5CsNZ,26R9s4nmF3CFDTkiePDwRmtscn8i7r2eygbSijditJ58,377.7787246299999,378.21440724,376.78897159153354,0.9973800720529307,0.03767889715915335,1.0,73.78503584,73.95703534,147.54875970252726
SUiuyGR7SFq3xeRVJonq84fjjeFwRSsFekcevJ53tzy,49GjCCPsv7fBqo6t3iKDrP1xxGDS8uWZbVCdfnp2gjMf,CEwj5xEbbJEjYqM8D6Ai8ByGz1mrh8mkAVsE5fzDSSSx,0.9201970000000004,83.30346699999996,0.008469500182994083,0.009204007601626695,3.3878000731976333e-06,0.9544152202504003,634.34844,1.765501,7.523568889607337
AyiATPCAx5HZstcZ1jdH9rENwFb3yd9zEhkgspvDrCs4,DvHVapj4g2Y1tJVSw2ubSPkPBsJPb8fW387ZWXwaKmZq,DKjqWWgrtDRPKrnMWtZ4UiJk4sGQVCQgFjSo7BvfngvK,0.0017240199999999373,0.0017390200000001466,3.837893190267218,2226.130317668796,0.0015351572761068875,0.0,0.80222651,0.31854273,1785.8607555486296
KEVpg4SYCVrqFxKijQH6hm4QxsRdoE51ud64bEEFUC9,2bPenuBYfqzD8p5dFjCcggwkHDsc2RQDnx9AoyYGUBjA,AE6n6iLuX8oYu61vt5hoDYkjswpnxFxrhSehxrnQTnbx,1030.4494846469997,1030.118660617,1030.9712313509633,1.0005063292395573,0.41238849254038534,1.0,3228.695513042,4405.893995593,7636.224291578881
4vezWG46exH6pf9nry3n1VJ7hZHvjBJNgNeF4qEFCML5,,,1.7707079999999973,1.780028999999999,0.0,0.0,0.0,1.0,3228.695513042,4405.893995593,4405.893995593
Sid7E679i9ABqptiAVhkmQ27YHN8vaYT4fppPwmxFsJ,GP7KB8o1bv527HG8kTzzzf4wJ5aEGHvcMQvVhLziUfmT,9gYxhAZ1M9wu5pxr8SBoa5NDm21gi3s9vMHaYTME77sa,15926.074111999997,29993.42540799998,146.5837071909181,0.009204007601626695,0.058633482876367236,0.019595452663578528,127578.965382,11981.116172,1409.013161988858
NorjjEePhxfwLF4vZjUHCrVVKLzQjEEGQFd3wgjEJmh,34M8pFVqgbV7aqHxvRT5tCv3vu2P1JJYT8J3VaxBK2oG,3AZWBSze3ucsY3xSeuLne3b2pauVqiaJ1SZSV5T9WGWw,5.895585999999184,9.941582000004473,3.4930285605941314,0.5924819959533479,0.0013972114242376526,1.0,38124.371737,2258.30739,24846.311251205167
B2izdXFYb2sNwbWWHmh75T4aQFtfXsUxem9u2p61HGzf,4DYwgJtxwuJdAjkj5RJSNH4e7U329V5cNp7d3a1nLrZv,EXNW64GEf1ACC6xY9BtKRiunrs6GoJSXBdxWN2eTPmrF,5436.966536000022,5367.348354,5506.4022686071585,1.012771042850343,0.5506402268607159,1.0,9441.362611,30437.614845,39999.553502470706
KEnkcdADoLR5jS2CLLLesy8TtFsyWL37BhXNfDMzWzP,3qsjFRuw1qeLMPo4DLwaQevenGAGBj9dA3Q6rb8ax2YR,77iEv8zPQAEyCcEbvBRSB6AFcUdfkhiqnAKtPxk76rNN,4.964424999999999,17.123754000000005,0.0456926054377056,0.009204007601626695,1.827704217508224e-05,1.0005913494875471,117.394877,0.313958,1.3946469992024422
KysFMBBoavfov2tLpvefWW6tPFt6rAeZWDJVy1mMQae,B8ka2V21TH3x64dFV8ETcjuQcwmrciJ2qzy1mJUttRew,7fSf7EYxBANyxzk2s5pymFgshA91tFYQNKKs5UnLWcYS,63.51120099999389,81.47834500002182,0.0,0.0,0.0,0.018927948982969123,134456.590963,2646.172984,50.086627241263166
BSC8REUo9LpiiWUuqMuLXs2D2yJsJfGd4HdiF3wCLxk5,AZjEH1zWVx1UJ6udMyRijGTzPteuLnaY18yNNmprJEsh,Caf8ypkSVR8xYnXNhjvfvdGCC7mrM3C11rz8Xi6NA6aK,775.6696384769998,775.7751696390001,775.623847196309,0.9999409654852797,0.31024953887852363,1.0,3285.347169795,3064.752251824,6349.905472743143
JSoLLrxK5bYdHwTEWYaGgmeycBCNXKDiBCTw5hXGBg7,xG4wXczA7Dk4hccJ61CHKpDHW4NrNfQwgmWgkb9BuF2,BVR6WgfhsRr9Lob4QDnkEAiNGgAbv7ZieKcY9kSg3QYR,1.776580386000063,1.5152686590000037,315.0472985805803,177.33354542425366,0.12601891943223212,152.9377740549325,17.221875563,163.696086486,28089.331341114666
KZMu9QBEdL97EFgamLbN5DE1AoKBG4HdrKKJo4Vuon3,DD4ACBWyVqdaKWh7v5btsgqQCCMwbKnuL2xd9pv7Gyuw,GcYqiJ1MAuYbNTNYXm1F1gQYTfTgkErACAhNU5dpVj9T,636.2390175399994,637.3637953999998,630.9772603076583,0.9917299048199125,0.2523909041230633,1.0,2040.9056504,1347.30234135,3371.329507767614
BSCNHw8CmxbZ8hCWWzMf5FaG2ajPT6JxfznKUNuRVrn4,7n9kgNL633yGzCYksgnzHyjG73ZLBAwvEae5sbAekbzW,SscdxE99omdG9AiMVwmaEMQySQnCgeAh1sPj2Leutm2,1109.30436096,1109.4615486849998,1113.9938987437733,1.0042274581700148,0.44559755949750934,1.0,4369.854487582,7328.25014138,11716.578006017304
ercAoEmXjQzEvAFbdjAo81KtMxRGn9AW1ju882upmPH,CMRhskR2Eg6V42RTSdRTXGdozyPbWB8U9dVpijPWb9T4,7TKLLgrWswt6ZJ1pXhVR3FyufHGjJFqiEXxvWJfDcgRm,1.4843755890000239,1.5156696089999286,227.30114635531592,153.1291325724653,0.09092045854212637,149.8499776948308,311.42711371,910.540257134,184133.00100373424
SoNcU2iwHMw6dGzsYNQkYFkUjwN1UdAjrWVRnStrZu2,8ivTTid27jZnYNc4w3CTA1Z6QS2twsFb8WMwUabeDJgc,CyXm53PMvHCbeXJBykU46Rcbo28xk5srhMZFg7gv6EYB,5.438503187000009,5.392760934999998,985.6189046977684,181.2298109990547,0.39424756187910737,179.35424579925453,21.841926134,27.916096359,8965.278553247894
Lid8SLUxQ9RmF7XMqUA8c24RitTwzja8VSKngJxRcUa,4PgzyzLtds9bKZ2to9PMnKqJzKEUpjvNUaeN23phegax,AtymwxoVN9peZo7EXTcDz9jKVc4vRmisJKKrNfe3ewBa,203.95450778201575,173.0543685679993,36836.6426787397,180.6120545181099,3.6836642678739695,153.13644886375818,982.683338312,7682.155876093,1353902.5271559802
BkwbeSfcX1h4thMDd7obGkHrPevf3QwgzJ4pCEqG18Lu,35yX27bmurdebhfAb8EPmjLETDiUaEUCn9zHaDPbakH2,2CxECn1ZJFoESyUnQysQU8rRgT3iJ5GRs2Mdd6gZjx5g,0.005999840000004419,0.003944990000000925,13.356425725171787,2226.130317668796,0.005342570290068716,1457.725947521866,0.90449504,22.63315424,35006.46004063758
MATSnbbiTCv7Dc3trJrkrqjx7ckKdr6fwPoVwv9q3sD,631WX9JizSHJm4w6VanZeJAst9T8DeUUnPLesdGkCVtK,211maUSfpnXbPuW1iBu8b4dtJv5EbN1j7JJiEX5TZKEP,907.7756460000019,907.3992429999998,908.1670660054501,1.0004311858410975,0.3632668264021801,1.0004902402177067,21539.526369,24007.65372,45568.23714518058
parEAJhzYzHW87y9VoZAQ22dzQ2MD2ekEtTReaxbMcz,3oyc6hpjYSJEquK6dSvG72NXyz3pqLZz5D8AC71pwgQb,Di2vordgFJVZ1aj1aBpvzXtLfZgJsuLLXawGtVFwX6Rz,3.8039532790000123,4.47029432599993,564.613788293354,148.42816062183087,0.22584551531734165,175.96528838335234,1103.511577183,143.069083589,188967.38617864856
BkMBnJpvHKtWhUvrgRrLesXfi9RUV3ELgdBaJcdH7hcY,5uerVwBnZQsuVhZ15igs7ZgmcqhHnYWbwoRtLyRqLvR,9YWiQh5d4jCtgMdzcGLv9bWgnLaFtzvDDh2nnhJdzhBX,8.67633855400004,8.649495480999576,8.708112025216801,1.0036620829188498,0.0034832448100867207,1.0,1117.77278196,1755.675217475,2877.541376046971
DFWzVTzNBrQZLjoQ4yQwkj9HuoXmfkuZP9V5vbymZe23,DhgiEgiNdqZdRdo195UUHnoEJUtefK8buko8nU97XJUZ,2K2kkXsouBHtWVjtcgkyiXd8eP3oVBvq1bTJzcVdLLr2,2895.7625686869997,3201.8096164779927,2638.00052721429,0.9109864723510172,1.055200210885716,0.9996984329701072,58032.815542331,10498.136008434,63362.08002824393
MARpDPs5A7XiyCWPNH8GsMWPLxmwNn9SBmKvPa9LzgA,6YjT74rmcfCpw8LSjPNx5JTmZoYLGrTKnf9arfSgZ4SR,F8GSmi3vA8M8TsybLya1LQ4n1aFHCRbZ6k437PeTdXtg,48194.02679700007,50284.95712600105,45925.88510911615,0.9529372862442549,18.37035404364646,1.0,295661.599891,16229.123635,297976.08628176426
AURHmCnNwiW4uA2Qj1XvEh4iKgRUZYXtiY7FKAapUV5Y,BKWm4TRnTeKwfWXRyuzjRHU7iZDkPuXBX5b5V5jSVfGJ,A5Ww74HVrkj9nPeC7pHKLfgeDMEhBCpW1efQdz3TGLEg,0.006417068000018844,0.0057271030000265455,1.1004372892898155,171.4859947388097,0.00044017491571592625,153.2977018375029,289.902320861,1809.484684945,327104.03158216464
SAMyS8Jr2HJrkFwYVKbpUwsNStnQmvz3f8Tup8bWUWF,6jPzm5TFfquvgm25sTyN3MMGBfufRaFHMxobDWv6hMFW,Cj9ECoDmxsHTDzCY5ZA6RWrPbg9uFzEC1Qc2kso2vJG6,1596.6378807099818,418.09927651000413,1583.4335334683772,0.9917299048199125,0.6333734133873509,0.019808137979369072,457.59130786,110048.09387301,2633.654811993559
WiiQFxXqp8P9Fs1rt9SVcDyA3KUdJmUsog6wnVQAwba,3S2jpqSYxho6wiz3cafhjXruVY8cg4HYa2v3BqBHYFSj,Dfe67M6TfrG74gKRtdqys4e6E9QirPD53BkF4FujFjuv,13210.895572070003,13225.508081703003,13186.786552632635,0.9981750654748692,1.3186786552632637,0.999698433969504,20209.05109228,6590.996425703,26761.17970229545
MiMuMS9C4vBqcrYeeQPph1E7oAW9aNKvW9k6Zw9XffM,Afy2q2hh6Y474pshJa5fnQ6PfEchGyTbKrQpCZw2hr3m,5pXz9ksgjeL8Wgb37bksUaBFMLdFfsNNY3FQnikkCPtS,1.0773314940002088,2.192652857999871,0.0,0.0,0.0,0.019808137979369072,25.994643869,7674.498231042,152.0175198829038
vEnkoSUkpnbRrPgBz9DfcVxNz67zjwMYBZraAvDDNSf,DtfyjjsZ5yCjWKLKHvwsfXs5QVsmm1QkK6Sh9JZHoq1g,e5wrKCRv4GhHvEf1VD5Pq2KGaZDXP77nTL612Jyrxwy,901.7618880000002,901.5762800000001,900.0733503946598,0.9981275127860134,0.090007335039466,0.9990688678151963,792.066651,1152.992626,1942.5025537804675
MiMUFdSLMyCLpqpH6zkqdDrGYs7XBomwENbivdYjv9V,,,0.063704235,0.048782343000000006,0.0,0.0,0.0,0.9990688678151963,792.066651,1152.992626,1151.91903745709
BSCuChvaSj9b5HUSqgDVRzcnr2sSn7cXaamt1jbKH6hn,GnKpRj5kBVPMJfiwZtEuD9GYApLzPdW5JFuZTcyX4BTc,3dmwD9okkomV9nDwyuh4UMhKdUR13QpuKxRo89ycZB5t,278.30590699899994,278.87077273,277.6149148698266,0.9975171488933727,0.11104596594793063,0.999793042840132,1877.242380295,1233.057428493,3105.383705403322
HEDSDjj84KS7LKhZY7ejkCACTdPen62rKhCby1wXtgxc,EnnjMSFttpCTywBrYNt1J5QQeoSVkvzPipJDa8Y7kJow,6bjVT6JN2rSvpyn9PdfLYC8wJn4LWh49jpY47fnLDXZk,16.444522699999652,16.980870778999815,15.922666200137872,0.9682656341334984,0.00636906648005515,0.9996984329701072,39118.113158846,9104.779845638,46978.75878807809
MAR3XM1n9xWPQ3HJjAcC85o8DopWFP5p2WxGTaZ3fPB,6qG7GUhER8Cg9gDEgnebph9LdS6eu2eoWcA4R7z9uizK,4QV4CwRXVMY227KkFF9voNAfwWHVvVajXSXDKbUHkWZR,0.007327,0.3310680000000019,0.006986778806039888,0.9535660988180549,2.7947115224159556e-06,0.01964487681159406,0.105758,24.557672,0.5832796846983326
7dwD9TF6uikvHXxPFK9AsSim54yJoujQjY9vU6gNFumk,CquVr6atkvwueDYficKjn6SSEWq4F4rH4VSiBbW4GBWU,8BCa6ge3b7ho3TfZuM64Vk1hgbrJ3J7EPiAb9uP86CGd,5.965000000000137e-06,5.944999999999822e-06,0.0010767991571903172,180.519556947241,4.307196628761269e-07,181.27133563620438,0.003937636,0.003570527,1.3580545043546361
TETFuZgEmET6d9vYmz9iMFCxK1jKdKYxf3oPz8hSzJK,Eu1Ze6Z84LWNkq7SNoAHBJbXx5t1P95EwyqYohrfCRFV,ASMbv7WNu3qe4pkhREmvyEdwFNDZQ6B6iSrjkj4u8bdC,206.92734360300003,206.707963,207.04609489072462,1.0005738791483856,0.08281843795628985,0.9996880973136381,111.865760876,240.652829629,352.5077276685431
wrmcMSHFi3sWpAEy4rGDvQb3ezh3PhXoV2xNjgLBkKU,8p4mGnARWPBu6P2Gcw4adodLkNDorrXniZMhaY7eJXUn,AyY89zccbsgp9LKFgH4CFZMJmpSgqmPSdTfukhP227rc,0.007332900000000017,0.061468839999996305,2.6501264907842494,361.40224069389234,0.0010600505963137,3197.646532152336,27.02136424,0.10232811,10092.790709025017
ALBpShJ9NLpE739pcHDF2LNVk5J4VYPvvKuV6jMPitZi,D6d156U1bPiJpDYRLextvDRccgFk7QzkQbJg42ceKEu5,GNcM8U5g8RwTZffwwm3kSQqUNPSwv5d2fbN9sLxPJqt2,1602.5240049999993,1601.094597000003,1606.5323030962245,1.0025012405952853,0.6426129212384899,0.9988263790046696,42572.7391,57727.539089,100339.01260040581
iLiUBQ7Z7im6Ew3b4ewwPcehzWgEQRJ1iQz7g6D62NW,GpugBvKWM3TVhYcZjemSdtehBWgfvuGr6uAm9iPjXT6v,92fMXJ3xy8tEyMUWLHKRLyhPw2nECBo77GtDiBBbYrjX,29.980872924999858,29.99273653199998,29.321471844838168,0.9780059412609083,0.011728588737935268,1.0,1865.637227489,1097.929724622,2922.5340173437708
AUSejoEUCh2DBs9mof6BNC8Pubs22w4cJa1ccV9h44R,4xkyD7AfGQDwsQMy9MosRRNGoVJ1zosNinesxg1TzHG7,Cbm5gsQe3nSiCsFrvepVzMCD9xLK3ri9g3ypS2hdmVJ7,627.8635609999983,628.0851429999984,627.6507873830753,0.9996611148820549,0.06276507873830754,1.0,14599.651517,14275.579483,28870.283395373706
RoBgmK8CvjdHvPrqdDyVw54VwjZv2TqJ493xnqJAQHx,ExiHJxM7qPAcy27NDHAF6G7vnW7muNHi2sVJpnaNynGQ,6rkPHSqZb7StM4HwS9EuVrmfkV7tRdc7dnsFhyB6cefE,1.2751610000000007,82.61133399999926,0.0,0.0,0.0,0.9560211165944232,6323.211183,18.006255,17.214360010783917
SEQV6QiTpvTzrceiaYg9Avnwf7oc8ZALpnQMz6TyT4A,3dFMPj4r9mMmPHF32mz1gNDX7f8ftidWof7S8YiYTs1j,Fc1ED3YPeQfXQosHbd8DTaBd2AV5gHQtwiSAL5C5pUhi,1003.1918670329999,1003.4861289269998,1003.5349836721972,1.0003420249410635,0.4014139934688789,1.0004401936852214,1534.716552992,4090.859621057,5627.901855959903
BUSDTd9WiT6uBHJRgNvFXBsA7JrifsAtWzKfioN7ERcy,DyBxrn7gSc1EwnpWhDyhzvMHPtxpmBqRqotapLcKcfTM,Cds99GeBgoCpqBsoRWu1C6fF9LiUMd4pXQQD24s9LPff,1556.5266023399997,1561.0414877600003,1556.7341617057803,1.0001333477792596,0.15567341617057803,0.9999550020249088,217.31953172,200.46185826,417.8013486792399
daob129AwBGn9Y5r91uLoWZeYiGzbPmksauMhFZKTze,6VW5GQNyj4LStgmxEHLr5zUfW92vQnmbw8jTnCH7a38F,4VPCCUifPeBA1c7HWK358CHn2nyjm8pdTRk6Ps3KmnMQ,21.969909744000034,19.652797387999982,3759.097454274684,171.10208908806695,1.5036389817098736,153.19495743478106,48.41182028,223.815198711,42570.723426252756
SRMuKizofcAMicegrfSv7xs9q76tH1w8aAF7oX9FEWu,72Hj2KWntXPfbie4UgKeTPnm1XVkomDfCnRPKbvfTtPi,6aqJQ5wedqpUt4fFEDUqUmXhrdxCu4bEJsQdVPCADLko,627.6819090000004,632.0040869999975,30.38244988058198,0.048404214690504904,0.012152979952232792,0.04862553601143984,17968.753093,3895.828184,1059.2001160897203
heyk4SZTeCUV6a65WiVA5bzic3KcxgVf1qxobfeV4tQ,9ZDpBKPqMABtGfq66FbVribaArMvtk63xxy91onZAtDt,DaTP4s6N7xxSPinbNZ3FB52EpRDRt87QShTuN3VPCW52,62.13419668200015,54.129858446999606,10946.700880856593,176.17836015296513,4.378680352342638,153.52113778813808,633.20053123,4464.59251915,796965.5545404054
Cob4usZcpHEY7Qt4ZCwj6WVg9S44zvzYV2v9qYF65dTf,NhFM9UXE48PyNAyeyPYA3iXztqKVJwA4bTdLj4ysM8w,6TuFuynuBoeskxyR2cz4wxyidk8dpDK7kAWw3UkjQGx,160.03000499999465,10378.598287999961,1.4777587389900342,0.009234260406291205,0.0005911034955960137,1.0,70754.75135,190.464024,843.8318229482842
STK75uPSyBnEhGTTzb1nwmP3n427XoXmfRhXxxhyady,6TYyD5fUmDe6N65avW1Ny2RxzRNobw2RRgKwH9CTzSAU,54zDfk4cx2vGrEajPtodWpArNe5eUurytyxd4X3aZAxK,1080.061510343998,1207.5918403449978,165966.47304665865,153.66390845073127,16.596647304665865,172.7649826112045,1844.344115986,329.102554441,340266.52248581994
Lee1XZJfJ9Hm2K1qTyeCz1LXNc1YBZaKZszvNY4KCDw,9DgFSWkPDGijNKcLGbr3p5xoJbHsPgXUTr6QvGBJ5vGN,2hNHZg7XBhuhHVZ3JDEi4buq2fPQwuWBdQ9xkH7t1GQX,931.8952617352825,788.0332572710031,169258.4577868427,181.62819872231827,16.92584577868427,153.73196647167305,7126.467763265,56486.289009507,9978115.791213255
RajgMbScQbqqrdJfR2rxfHJiTiY5b6bJ2tTXiF4aPxy,725ZA3fhyBAKb5iopNRrcbSuQa3LXA1656Q3mBvYPxeg,GLA6i1dSZpUfk2f9Nj8uiG7xyDdAR2reff8oEiZH3617,2994.786796979999,2992.9053335399803,2997.050349226756,1.000755830848807,1.1988201396907026,1.0,75910.28237468,105479.06562272,181446.72333056043
C2ypsDADXcCRz8HbV2zX1AXPSja7a1P3xZtRC91xGhJh,J9bYNuDpY1d1T86gLaw7DGk5D3CsUAf2tzUwxMvb6FTv,A2NGvvPrMGzsJ4jb52KEnSBVmsA7C34dV1GC7PerdgvG,0.0002091250000000322,0.00021000000000004349,0.03212985979013647,153.6394969043946,1.2851943916054588e-05,153.34069573127104,1.308319405,0.911007483,340.70405643407094
YAkoNb6HKmSxQN9L8hiBE5tPJRsniSSMzND1boHmZxe,CfWX7o2TswwbxusJ4hCaPobu2jLCb1hfXuXJQjVq3jQF,EnTrdMMpdhugeH6Ban6gYZWXughWxKtVGfCwFn78ZmY3,5241780.178599001,5243356.356488995,5241780.178599001,1.0,524.1780178599001,0.997059671030132,1104143.33548,294160.437806,1397438.8448289298
NorBXypYWTkV5PMs6Q9JsvNkmRwe7H9Zr1Kz2TcJH2Y,C82XDu1d1UjtuUwnkSTwVuWyH3AqpJ3ftb9W7en8rEUu,F7cZoYpWQSFuYJzW2UUFw6sVbTtaihyD5upeeHRUPABk,0.00017724639999999736,0.00018213000000000257,0.0,0.0,0.0,0.0,0.2507724853,0.6546741169,0.0
BSCrK1Nx9PXU9mF7STWWBqeHLxmtJDr9h7jheEy4tAWX,FfSySSbVJPvEo5a5AvrP3nySoXpRE2QPn1uUMpJJ1x7v,HL7Vcj6838ZmvBHDbQxXfjBNckNi83WvPiZQoMQLFeRM,0.026290640999999892,0.02626589200000007,84.30756921774454,3206.7521373002996,0.03372302768709782,3201.946783644456,0.845156664,0.959032201,5780.978010039005
C98Sspw7XqnMsgxea3SLQVdbMDL8pKUc3RE82UvX9eq2,CSqgQJurPCzGxb4Cgwx5R61hWQUiaoUHcShNc8r1cKEL,6S2CR5EnukPhC914XkAns8m5GixjMAoUuZMsS5ubHuWc,45.71392899999978,45.55945499999996,0.0,0.0,0.0,1.0,891.824849,1227.746083,1227.746083
SoN9GaFpSXfpyR5dth3x7PHPVhvJMpQqqDJfCSmPv1t,9kZ9iS68ViMPtoeqtnhAKuF2iqVyfHPdZHoUNdwCELr,BBhm5fJLjw3HRzjtKB8uMEYjGhY6EDm9co3cqpjrSzB9,1.1886681420000027,1.1657654750000002,218.1815906115714,183.55130662833136,0.08727263624462857,179.8966242038675,3.701535402,5.951789986,1750.1285860199096
BUSDgu5JdqP1rndBvXvanbEufS94FNh1w5FJcAj6vawb,Bgzr8cWubt89JQFXndVjtdKmDbGzuPxNhvjH1EhWCwbo,Dxaf8xPBBQsasRKW5Aa4Sw2YrbfGofY9xZueyyF23FBW,5300.442317029999,5270.787290570003,5332.248164202315,1.0060006024535209,2.132899265680926,1.0,4811.12682824,10219.35789305,15059.354380739736
