0,1,2,3,4,5,6,7,8,9,10,11
BUSDTd9WiT6uBHJRgNvFXBsA7JrifsAtWzKfioN7ERcy,DyBxrn7gSc1EwnpWhDyhzvMHPtxpmBqRqotapLcKcfTM,Cds99GeBgoCpqBsoRWu1C6fF9LiUMd4pXQQD24s9LPff,2598.21032889,2602.07808521,2600.6287836273336,1.0009308156119783,0.2600628783627334,0.9963732015463711,316.27999265,333.06361352,648.4300499264407
BUSDgu5JdqP1rndBvXvanbEufS94FNh1w5FJcAj6vawb,Bgzr8cWubt89JQFXndVjtdKmDbGzuPxNhvjH1EhWCwbo,Dxaf8xPBBQsasRKW5Aa4Sw2YrbfGofY9xZueyyF23FBW,11030.725482799995,10980.92896004,11084.06644415585,1.0048356711840059,4.43362657766234,1.0,5188.67665185,9832.56672889,15046.334114908475
STK75uPSyBnEhGTTzb1nwmP3n427XoXmfRhXxxhyady,6TYyD5fUmDe6N65avW1Ny2RxzRNobw2RRgKwH9CTzSAU,54zDfk4cx2vGrEajPtodWpArNe5eUurytyxd4X3aZAxK,953.962424545999,1071.2609399949986,134593.80902587195,141.08921437857114,13.459380902587196,158.57201460828827,1754.279063741,314.318465123,297351.96714713215
vEnkoSUkpnbRrPgBz9DfcVxNz67zjwMYBZraAvDDNSf,DtfyjjsZ5yCjWKLKHvwsfXs5QVsmm1QkK6Sh9JZHoq1g,e5wrKCRv4GhHvEf1VD5Pq2KGaZDXP77nTL612Jyrxwy,1530.4676249999998,1530.3564809999998,1527.1643684709973,0.9978416684710971,0.15271643684709973,0.9998990101999699,997.816746,946.93252,1942.500016131204
HEDSDjj84KS7LKhZY7ejkCACTdPen62rKhCby1wXtgxc,EnnjMSFttpCTywBrYNt1J5QQeoSVkvzPipJDa8Y7kJow,6bjVT6JN2rSvpyn9PdfLYC8wJn4LWh49jpY47fnLDXZk,17.736206483999922,18.31436319200293,16.92537587309452,0.9542838762259076,0.00677015034923781,0.9952518881212191,39140.210468291,9083.347718765,46391.090729541014
moFiBS1R4Lf3E3zzmBPnw3NF4RhWPkhREFviuzUaCAU,44ALBrpqi9PfZkBRTvbtRNtFJGsatfY4QydjtMbFWq8S,2ho8qEEie1UjVwWNBo9y4oAJZMyMLx8zPj9bxyUz6uWs,311.1265799909961,311.0720445810002,311.1578404634383,1.0001004750942304,0.12446313618537531,0.9954489596601247,31784.810940105,35329.161754533,66956.38183619344
BkwbeSfcX1h4thMDd7obGkHrPevf3QwgzJ4pCEqG18Lu,35yX27bmurdebhfAb8EPmjLETDiUaEUCn9zHaDPbakH2,2CxECn1ZJFoESyUnQysQU8rRgT3iJ5GRs2Mdd6gZjx5g,0.003222070000001409,0.002824040000001249,7.194690067884532,2232.9403358342265,0.002877876027153813,1424.5014245014245,0.91431954,22.61824188,34261.33875848517
MATSnbbiTCv7Dc3trJrkrqjx7ckKdr6fwPoVwv9q3sD,631WX9JizSHJm4w6VanZeJAst9T8DeUUnPLesdGkCVtK,211maUSfpnXbPuW1iBu8b4dtJv5EbN1j7JJiEX5TZKEP,346.48470099999395,346.2360630000003,346.4524809192685,0.9999070086481958,0.1385809923677074,0.999745065008423,22032.86569,23513.409573,45538.232006163926
RoBgmK8CvjdHvPrqdDyVw54VwjZv2TqJ493xnqJAQHx,ExiHJxM7qPAcy27NDHAF6G7vnW7muNHi2sVJpnaNynGQ,6rkPHSqZb7StM4HwS9EuVrmfkV7tRdc7dnsFhyB6cefE,45.56423900000027,0.6341580000000029,0.0,0.0,0.0,0.9440624138543047,6388.476661,17.022912,16.07069139354941
KZMu9QBEdL97EFgamLbN5DE1AoKBG4HdrKKJo4Vuon3,DD4ACBWyVqdaKWh7v5btsgqQCCMwbKnuL2xd9pv7Gyuw,GcYqiJ1MAuYbNTNYXm1F1gQYTfTgkErACAhNU5dpVj9T,103.42694475999906,102.89387087999967,103.99477599594437,1.0054901673569006,0.04159791039837774,1.0,2051.75157849,2639.54108374,4702.557121770695
SoNcU2iwHMw6dGzsYNQkYFkUjwN1UdAjrWVRnStrZu2,8ivTTid27jZnYNc4w3CTA1Z6QS2twsFb8WMwUabeDJgc,CyXm53PMvHCbeXJBykU46Rcbo28xk5srhMZFg7gv6EYB,9.153694465000001,9.091490446999995,1528.0374288184394,166.9312248361612,0.6112149715273758,164.2835152335175,22.012454431,27.737294641,8231.3462465083
7oAd7xG4m3oC2qeWB1szghTebAZyyGPAFDJ4wwwbRSNi,D9yh4KAysxt9GLacVe4Wwh2XqghhcjTCSTV9HuM7TBJd,HDYfJLpZKaMFb84jM4mRytn7XLR8UFZUnQpSfhJJaNEy,204.5151997130015,4.654253709999921,204.5095354123992,0.9999723037671027,0.08180381416495967,0.02277249104159482,955.432038947,300133.235258402,7790.186988285563
Cob4usZcpHEY7Qt4ZCwj6WVg9S44zvzYV2v9qYF65dTf,NhFM9UXE48PyNAyeyPYA3iXztqKVJwA4bTdLj4ysM8w,6TuFuynuBoeskxyR2cz4wxyidk8dpDK7kAWw3UkjQGx,33.640855000000016,2356.144856999992,0.4800880685192136,0.014270982961616564,0.00019203522740768544,1.0,65277.743511,252.474108,1184.0516734182572
KEnkcdADoLR5jS2CLLLesy8TtFsyWL37BhXNfDMzWzP,3qsjFRuw1qeLMPo4DLwaQevenGAGBj9dA3Q6rb8ax2YR,77iEv8zPQAEyCcEbvBRSB6AFcUdfkhiqnAKtPxk76rNN,0.053769999999999984,3.5441390000000013,0.0007678110421166415,0.014279543279089488,3.0712441684665664e-07,0.9937483292606214,109.086813,0.406854,1.9620203501644427
SoN9GaFpSXfpyR5dth3x7PHPVhvJMpQqqDJfCSmPv1t,9kZ9iS68ViMPtoeqtnhAKuF2iqVyfHPdZHoUNdwCELr,BBhm5fJLjw3HRzjtKB8uMEYjGhY6EDm9co3cqpjrSzB9,4.089066743,4.018206900000001,684.6942674828613,167.44511902501398,0.2738777069931445,164.9580313776569,3.774378042,5.876407489,1601.3617914464494
RajgMbScQbqqrdJfR2rxfHJiTiY5b6bJ2tTXiF4aPxy,725ZA3fhyBAKb5iopNRrcbSuQa3LXA1656Q3mBvYPxeg,GLA6i1dSZpUfk2f9Nj8uiG7xyDdAR2reff8oEiZH3617,1283.3199519399932,1282.3664423400041,1283.7340588727043,1.000322684091434,0.5134936235490817,1.0,77382.77170601,104003.88802899,181411.6299243806
BSCNHw8CmxbZ8hCWWzMf5FaG2ajPT6JxfznKUNuRVrn4,7n9kgNL633yGzCYksgnzHyjG73ZLBAwvEae5sbAekbzW,SscdxE99omdG9AiMVwmaEMQySQnCgeAh1sPj2Leutm2,5275.987997863999,5043.154676123999,5315.2101721684,1.0074340908888118,2.12608406886736,0.9999723037671027,3492.129016031,8210.068659524,11727.931092081935
KwnjUuZhTMTSGAaavkLEmSyfobY16JNH4poL9oeeEvE,J63v6qEZmQpDqCD8bd4PXu2Pq5ZbyXrFcSa3Xt1HdAPQ,BnKQtTdLw9qPCDgZkWX3sURkBAoKCUYL1yahh6Mw7mRK,451.1003319999629,22628.23571199984,7.895809764579593,0.01750344480921429,0.0007895809764579593,1.0,280223.316798,523.116356,5427.989715828764
C2ypsDADXcCRz8HbV2zX1AXPSja7a1P3xZtRC91xGhJh,J9bYNuDpY1d1T86gLaw7DGk5D3CsUAf2tzUwxMvb6FTv,A2NGvvPrMGzsJ4jb52KEnSBVmsA7C34dV1GC7PerdgvG,0.6881234059999994,0.6899007839999998,96.25775638229737,139.88443866752797,0.03850310255291895,140.3712285584703,4.050259059,2.975004191,984.1732081835532
AURHmCnNwiW4uA2Qj1XvEh4iKgRUZYXtiY7FKAapUV5Y,BKWm4TRnTeKwfWXRyuzjRHU7iZDkPuXBX5b5V5jSVfGJ,A5Ww74HVrkj9nPeC7pHKLfgeDMEhBCpW1efQdz3TGLEg,0.006498935000081474,0.005800111999974433,1.0216311615368407,157.1997814294239,0.0004086524646147363,140.35416689766623,289.889359136,1809.499207976,299541.2977323533
Lee1XZJfJ9Hm2K1qTyeCz1LXNc1YBZaKZszvNY4KCDw,9DgFSWkPDGijNKcLGbr3p5xoJbHsPgXUTr6QvGBJ5vGN,2hNHZg7XBhuhHVZ3JDEi4buq2fPQwuWBdQ9xkH7t1GQX,3258.275394003962,2756.2500266660118,540107.9816345591,165.76498801436253,54.01079816345592,140.32680991414526,7145.429797882,56499.246762725,9112821.145568676
ZUCKWFa4LTL833dPhhpeeRWZcaAEoMeYJPi2iKn4F8N,7eEYpq6ShaJ9opZWMxitRFrdCHh6vfyHhGfoSvFht3N2,H8VggnHmuwd1wvwpT8eg9cUJFEfZ7HAaeYjgXrSm7A2u,0.0010904000000664382,0.0010904000000664382,0.0010920164672702634,1.0014824534150097,4.3680658690810535e-07,0.9999723037671027,1817.011925129,2030.155866086,3849.805199078836
MARpDPs5A7XiyCWPNH8GsMWPLxmwNn9SBmKvPa9LzgA,6YjT74rmcfCpw8LSjPNx5JTmZoYLGrTKnf9arfSgZ4SR,F8GSmi3vA8M8TsybLya1LQ4n1aFHCRbZ6k437PeTdXtg,46045.87930099999,48496.524644999765,43315.81352214007,0.9407098784885051,17.32632540885603,1.0,295831.784337,16029.111584,294320.9934806969
KEN5P7p3asnb23Sw6yAmJRGvijfAzso3RqfyLAQhznt,9zj4aX38Uxf3h6AUjS4EipWS8mwbEofasHAf3a1uKGds,CwQDG1MWunn9cLNwcZLd8YBacweSR7ARo32w4mLua1Yr,74660.68398099905,74667.25005899952,74570.00685266619,0.998785476860138,7.45700068526662,1.0,1050131.704431,1007350.061254,2056206.3564300658
parEAJhzYzHW87y9VoZAQ22dzQ2MD2ekEtTReaxbMcz,3oyc6hpjYSJEquK6dSvG72NXyz3pqLZz5D8AC71pwgQb,Di2vordgFJVZ1aj1aBpvzXtLfZgJsuLLXawGtVFwX6Rz,22.145275699000308,26.03958705600087,2988.474268133222,134.94861426665955,1.1953897072532889,160.8078213064896,1105.682716173,141.216637483,171919.09017201216
BUSD5rCfUDpCxKGMvYU2yThChxgHoioK74PTPociGnv2,CcFHbafgYDZ8yA8Me1PdtDiVb2eeaS61LbqyKKK5CsNZ,26R9s4nmF3CFDTkiePDwRmtscn8i7r2eygbSijditJ58,625.01993211,626.7093906899999,624.4219918548197,0.9990433261013585,0.06244219918548197,1.0,79.16463098,68.4583071,147.54720334384587
wrmcMSHFi3sWpAEy4rGDvQb3ezh3PhXoV2xNjgLBkKU,8p4mGnARWPBu6P2Gcw4adodLkNDorrXniZMhaY7eJXUn,AyY89zccbsgp9LKFgH4CFZMJmpSgqmPSdTfukhP227rc,0.012708950000000024,0.13777613000000244,3.4733397103033683,273.2987154960372,0.0013893358841213475,3023.4315948601666,27.14528939,0.08971747,7690.027355464125
GokA1R67GqSavkd15zR62QD68Tuc5AEfvjssntVDEbM8,3YB7hfpBdbQEuZqLGWVDpRPmeZWCUsrrWyqGXegnQ6Cg,4DPCj6Z1DsG6HUtwSogBGqXEUxdEV5a8YVrrFtcnz7UW,19374.624934999996,19370.727795,19377.899800066207,1.0001690285658276,1.9377899800066207,1.0,14624.461742,17957.808891,32584.74258479425
SEQV6QiTpvTzrceiaYg9Avnwf7oc8ZALpnQMz6TyT4A,3dFMPj4r9mMmPHF32mz1gNDX7f8ftidWof7S8YiYTs1j,Fc1ED3YPeQfXQosHbd8DTaBd2AV5gHQtwiSAL5C5pUhi,1188.3466047330003,1186.155476432,1190.2325961248182,1.0015870718057394,0.4760930384499273,0.997616693718706,1463.772682245,4160.437480586,5616.61767840459
SUiuyGR7SFq3xeRVJonq84fjjeFwRSsFekcevJ53tzy,49GjCCPsv7fBqo6t3iKDrP1xxGDS8uWZbVCdfnp2gjMf,CEwj5xEbbJEjYqM8D6Ai8ByGz1mrh8mkAVsE5fzDSSSx,3.587194999999973,2.947931000000091,0.050904449963609946,0.014190600166316672,2.036177998544398e-05,0.9465054073853923,585.573907,2.351166,10.535036514725586
AyiATPCAx5HZstcZ1jdH9rENwFb3yd9zEhkgspvDrCs4,DvHVapj4g2Y1tJVSw2ubSPkPBsJPb8fW387ZWXwaKmZq,DKjqWWgrtDRPKrnMWtZ4UiJk4sGQVCQgFjSo7BvfngvK,0.0001292800000000094,0.00013044999999989315,0.24704286178366433,1910.9132254304332,9.881714471346574e-05,2242.102195018049,0.80222314,0.31854276,2247.184229375437
KEVpg4SYCVrqFxKijQH6hm4QxsRdoE51ud64bEEFUC9,2bPenuBYfqzD8p5dFjCcggwkHDsc2RQDnx9AoyYGUBjA,AE6n6iLuX8oYu61vt5hoDYkjswpnxFxrhSehxrnQTnbx,4297.514106461002,4301.325702334001,4298.030351482578,1.0001201264286255,1.7192121405930314,0.9999723047670471,4284.586075698,3348.503949339,7633.511979463492
DA1mL7dfBow33EH5yjUuZE6SH2KeUK5zEXzsyhE5r5j5,B4UtLRZND3D83CitRCBUyeiNr7H8m7YFRqBmiPmXjhW4,AAmpYbuixWiSqDaJBCqYEs1pb5SrbdPr9mgXrB58Q2e,0.0010685140000532556,0.0010685140000532556,0.001294419712532635,1.2114204516441713,5.177678850130541e-07,0.9999723047670471,167.457062883,2970.78485539,3173.563489560107
WiiQFxXqp8P9Fs1rt9SVcDyA3KUdJmUsog6wnVQAwba,3S2jpqSYxho6wiz3cafhjXruVY8cg4HYa2v3BqBHYFSj,Dfe67M6TfrG74gKRtdqys4e6E9QirPD53BkF4FujFjuv,29178.342084512005,29233.279182960003,29126.122354886007,0.9982103256766698,2.9126122354886013,0.9999723047670471,20212.687360789,6583.007571756,26759.338487041667
HDSBGqAuMRr6X2AfmmbXQPpRgU6VEhtfNVVZ3wUTZXg,DCZ1d8kNLgDcdSd99y4udLgwq46mfDXNS9KXj96kQf5L,Fq8GGYQM5Pz3q7LmVMbrXHJgsxA5ev86kTq8yGgGuYsa,1851.1784177990012,1881.9056636339992,1839.992569371944,0.9939574444475445,0.7359970277487776,0.9999713038234941,14003.253548794,13208.567441367,27126.826517294605
DEDaBEWzMCXohXYXoLzB4jK1xqMsd3SS9izXp2xvg9pe,GC5zHpW5GuVdw3C7covC6viyGdLS8ZAaVGDKMeru7p78,F8juxtAFueW19vxkdDArUkjVWAv9QV6yy1wCXUWQiXvh,0.08126519999999715,7889.383904419839,0.08126519999999715,1.0,3.2506079999998864e-05,0.0,41.92786763,8572786.90058816,41.92786763
heyk4SZTeCUV6a65WiVA5bzic3KcxgVf1qxobfeV4tQ,9ZDpBKPqMABtGfq66FbVribaArMvtk63xxy91onZAtDt,DaTP4s6N7xxSPinbNZ3FB52EpRDRt87QShTuN3VPCW52,203.74220227399746,177.00557083999968,32693.453529070037,160.46480878371526,13.077381411628016,140.17896367935015,621.789392433,4477.669138713,727450.3355243006
Sid7E679i9ABqptiAVhkmQ27YHN8vaYT4fppPwmxFsJ,GP7KB8o1bv527HG8kTzzzf4wJ5aEGHvcMQvVhLziUfmT,9gYxhAZ1M9wu5pxr8SBoa5NDm21gi3s9vMHaYTME77sa,1930.2882269999936,2334.9772480000065,27.47511630736161,0.014233685893667164,0.010990046522944646,0.017470351459620788,104131.951636,27331.818458,1959.6779655731752
MATgk4zXLXtYkwBH678J1xZbRDZ45LicNzkRBHkxTuY,y8dALFo1bJrSzPYjMX14HJX448pXqYmrfXHD1K8MXih,GN7Yuet3UyiWS5YVkEHv6oQKi4HGBJc3XDPt9zQhAqZz,1114.224913000001,1112.5771969999992,1116.981623647162,1.0024741060938396,0.4467926494588648,1.0,3681.212886,6383.861913,10074.182510233974
ercAoEmXjQzEvAFbdjAo81KtMxRGn9AW1ju882upmPH,CMRhskR2Eg6V42RTSdRTXGdozyPbWB8U9dVpijPWb9T4,7TKLLgrWswt6ZJ1pXhVR3FyufHGjJFqiEXxvWJfDcgRm,110.73805594300012,110.77980254599998,15515.361856983533,140.10867108746888,6.2061447427934135,137.36575073473506,316.729260507,918.420105826,170535.9831108158
BSCuChvaSj9b5HUSqgDVRzcnr2sSn7cXaamt1jbKH6hn,GnKpRj5kBVPMJfiwZtEuD9GYApLzPdW5JFuZTcyX4BTc,3dmwD9okkomV9nDwyuh4UMhKdUR13QpuKxRo89ycZB5t,2712.0647999930006,2707.0625908799993,2715.4241435253766,1.0012386663963135,1.0861696574101507,0.9996880973136381,1507.372451205,1602.327632879,3111.0674453929096
C98Sspw7XqnMsgxea3SLQVdbMDL8pKUc3RE82UvX9eq2,CSqgQJurPCzGxb4Cgwx5R61hWQUiaoUHcShNc8r1cKEL,6S2CR5EnukPhC914XkAns8m5GixjMAoUuZMsS5ubHuWc,98.99749799999927,97.39274900000032,0.0,0.0,0.0,1.0,918.705067,1200.728505,1200.728505
B2izdXFYb2sNwbWWHmh75T4aQFtfXsUxem9u2p61HGzf,4DYwgJtxwuJdAjkj5RJSNH4e7U329V5cNp7d3a1nLrZv,EXNW64GEf1ACC6xY9BtKRiunrs6GoJSXBdxWN2eTPmrF,74472.38924699998,73836.60216000007,75062.60652208312,1.007925316765729,7.506260652208313,1.0,11062.192095,28795.715093,39945.578564476215
YAkoNb6HKmSxQN9L8hiBE5tPJRsniSSMzND1boHmZxe,CfWX7o2TswwbxusJ4hCaPobu2jLCb1hfXuXJQjVq3jQF,EnTrdMMpdhugeH6Ban6gYZWXughWxKtVGfCwFn78ZmY3,9412670.907256033,9415958.55937893,9412670.907256033,1.0,941.2670907256033,0.9983457411069857,1234422.283884,361345.655342,1595170.1799621985
DFWzVTzNBrQZLjoQ4yQwkj9HuoXmfkuZP9V5vbymZe23,DhgiEgiNdqZdRdo195UUHnoEJUtefK8buko8nU97XJUZ,2K2kkXsouBHtWVjtcgkyiXd8eP3oVBvq1bTJzcVdLLr2,308.4937698170006,360.43095355400146,262.89499987822694,0.8521890086602949,0.10515799995129078,0.9999723047670471,60952.221983386,7914.460101165,59857.05453601275
NorjjEePhxfwLF4vZjUHCrVVKLzQjEEGQFd3wgjEJmh,34M8pFVqgbV7aqHxvRT5tCv3vu2P1JJYT8J3VaxBK2oG,3AZWBSze3ucsY3xSeuLne3b2pauVqiaJ1SZSV5T9WGWw,2.321633999997175,1.375402000000122,1.37821121299758,0.5936384516246993,0.0005512844851990321,1.0,38117.959616,2264.086194,24892.37271953506
ALBpShJ9NLpE739pcHDF2LNVk5J4VYPvvKuV6jMPitZi,D6d156U1bPiJpDYRLextvDRccgFk7QzkQbJg42ceKEu5,GNcM8U5g8RwTZffwwm3kSQqUNPSwv5d2fbN9sLxPJqt2,5029.085288999995,5017.068382999998,5031.545714854559,1.0004892392379874,2.0126182859418233,0.9979273049875408,41174.426866,59126.176142,100198.19662282919
Lid8SLUxQ9RmF7XMqUA8c24RitTwzja8VSKngJxRcUa,4PgzyzLtds9bKZ2to9PMnKqJzKEUpjvNUaeN23phegax,AtymwxoVN9peZo7EXTcDz9jKVc4vRmisJKKrNfe3ewBa,356.40220824802566,302.6576552620021,58927.55299859455,165.34003335239152,5.892755299859455,140.64487927465498,985.054314548,7679.314956057,1242925.2381279725
SAMyS8Jr2HJrkFwYVKbpUwsNStnQmvz3f8Tup8bWUWF,6jPzm5TFfquvgm25sTyN3MMGBfufRaFHMxobDWv6hMFW,Cj9ECoDmxsHTDzCY5ZA6RWrPbg9uFzEC1Qc2kso2vJG6,5758.809006600001,150.71275578999285,5787.43016373172,1.0049699785318313,2.314972065492688,0.017555736566903384,421.34800139,111986.70064608,2389.4511074505876
BerKDkt6v49dT1bHRedgnpsJS263C1DSJtEGvY9Mg35V,78XKqNb8wbfsMMrvo8WPUpdx7GEkfQutpNVH943aCGFa,DKYQwn4nDvFHCszi5tXbqfVMAP7DaXXp1KGTXEnYnKVH,0.0011052549998566974,0.0011052549998566974,0.0011076613709241412,1.0021772089407022,4.430645483696565e-07,0.9999713038234941,1338.317413093,1742.591761445,3083.772965454519
KysFMBBoavfov2tLpvefWW6tPFt6rAeZWDJVy1mMQae,B8ka2V21TH3x64dFV8ETcjuQcwmrciJ2qzy1mJUttRew,7fSf7EYxBANyxzk2s5pymFgshA91tFYQNKKs5UnLWcYS,34.72859699999981,45.56423899999936,0.0,0.0,0.0,0.01733826193078746,134391.325485,2695.489727,46.73510691847279
CZgvH45CRmoaNJ7395Ao5CQZXkGznvqU7cErD6n7FaRg,4ZjU6MKvtqVQKCiowhvZ5yUsPxXX5SCzd5eFsPeXyey5,BsyWeshjDbCvjDojry3vKDCesmFRM37WtwcR4Kfgzqr,1266.3697801399999,470.10606336,1334.968146261099,1.054169301255369,0.5339872585044396,0.9989622680063722,241.37528389,945.78866795,1199.2576071486953
daob129AwBGn9Y5r91uLoWZeYiGzbPmksauMhFZKTze,6VW5GQNyj4LStgmxEHLr5zUfW92vQnmbw8jTnCH7a38F,4VPCCUifPeBA1c7HWK358CHn2nyjm8pdTRk6Ps3KmnMQ,61.22447193299966,54.88037869399998,9542.823046712567,155.8661552386381,3.817129218685027,140.4681804454246,48.109445827,224.130318902,38981.81243053273
ALLwa5WNZbvQsRKAqe1jdRGemdYQnW8E5k4msbRFcYtu,CGoM82Hbz7QVqTgvQatYtjvDWBvoUJp5qm21P8iMs9yb,3dxNNww8TivyN5FMy5dCNdi3Zcxv6e4kUfSPxfFwpdNq,0.7005851610000011,0.6989823690000008,2123.6288602606883,3031.221582297666,0.8494515441042754,3031.047014570243,2.106758381,6.523761585,26159.879549155972
BSC8REUo9LpiiWUuqMuLXs2D2yJsJfGd4HdiF3wCLxk5,AZjEH1zWVx1UJ6udMyRijGTzPteuLnaY18yNNmprJEsh,Caf8ypkSVR8xYnXNhjvfvdGCC7mrM3C11rz8Xi6NA6aK,2174.138346790999,2168.1945347660003,2186.1678138889642,1.005532981429503,0.8744671255555857,0.9999713048234368,2072.244316053,4280.105373248,6363.6925602397205
FrnkTEL6yZ5Aycq2TrEgu29dCrwKG4LPUZydfiwqspkc,DjvZuMZ46fxKBoBpGMPcRcos4xdTtHFxwMh69DpA2ZFY,9rvDPJLAng4uVVqnnSoEXgNDFhBZQTny9AoQioYDZbQX,32.555317272998394,27.261633743999965,5407.492625999063,166.10167182993715,2.1629970503996256,140.56493045550067,175.415618874,1440.474414859,231617.01350763784
HuonfMR5ivyhX5BZBw2Lr3XuNPSTVrSmZMWgBZrMQJU2,E7L8CZxreEeNwM1V8DLxa8AZQKu6oday6RvXxRo27CHi,48UJw19Ra8y5Kv989DsXPrfUHeUWUbHvXZmdPBbGuHdz,1.1265401200000014,111.34149185000024,0.01130042657383435,0.010031091102049998,4.5201706295337405e-06,0.9988215902877784,4804.38711906,11.28525165,59.465197880657165
AUSejoEUCh2DBs9mof6BNC8Pubs22w4cJa1ccV9h44R,4xkyD7AfGQDwsQMy9MosRRNGoVJ1zosNinesxg1TzHG7,Cbm5gsQe3nSiCsFrvepVzMCD9xLK3ri9g3ypS2hdmVJ7,4542.977998,4552.999411000004,4541.996926663841,0.9997840466459245,0.4541996926663841,1.0,14431.578121,14443.284555,28871.74612830017
JSoLLrxK5bYdHwTEWYaGgmeycBCNXKDiBCTw5hXGBg7,xG4wXczA7Dk4hccJ61CHKpDHW4NrNfQwgmWgkb9BuF2,BVR6WgfhsRr9Lob4QDnkEAiNGgAbv7ZieKcY9kSg3QYR,4.7079872710000785,4.020888843999995,772.5357341406713,164.0904466541958,0.30901429365626853,140.75110419241238,17.199949958,163.720376422,25866.171231231932
