0,1,2,3,4,5,6,7,8,9,10,11
BUSD5rCfUDpCxKGMvYU2yThChxgHoioK74PTPociGnv2,CcFHbafgYDZ8yA8Me1PdtDiVb2eeaS61LbqyKKK5CsNZ,26R9s4nmF3CFDTkiePDwRmtscn8i7r2eygbSijditJ58,894.88030667,897.8984104599998,894.4506483565553,0.9995198706349417,0.08944506483565555,0.9976599486839637,62.77351548,84.76830774,147.31332162178495
7dwD9TF6uikvHXxPFK9AsSim54yJoujQjY9vU6gNFumk,CquVr6atkvwueDYficKjn6SSEWq4F4rH4VSiBbW4GBWU,8BCa6ge3b7ho3TfZuM64Vk1hgbrJ3J7EPiAb9uP86CGd,6.50699999999978e-06,6.531000000000592e-06,0.0010561372579157592,162.30786198183418,4.224549031663037e-07,164.44798921221192,0.003912348,0.003595706,1.2263114607071908
Cob4usZcpHEY7Qt4ZCwj6WVg9S44zvzYV2v9qYF65dTf,NhFM9UXE48PyNAyeyPYA3iXztqKVJwA4bTdLj4ysM8w,6TuFuynuBoeskxyR2cz4wxyidk8dpDK7kAWw3UkjQGx,135.3901269999933,2826.241787999975,1.9272145730137387,0.01423452814261585,0.0007708858292054955,1.0,65357.878899,251.309777,1181.6483435294942
B2izdXFYb2sNwbWWHmh75T4aQFtfXsUxem9u2p61HGzf,4DYwgJtxwuJdAjkj5RJSNH4e7U329V5cNp7d3a1nLrZv,EXNW64GEf1ACC6xY9BtKRiunrs6GoJSXBdxWN2eTPmrF,192999.9531840004,191608.80756100017,194093.08544120524,1.0056638990796163,19.409308544120524,1.0,11217.322362,28627.461959,39908.31810280189
AUSejoEUCh2DBs9mof6BNC8Pubs22w4cJa1ccV9h44R,4xkyD7AfGQDwsQMy9MosRRNGoVJ1zosNinesxg1TzHG7,Cbm5gsQe3nSiCsFrvepVzMCD9xLK3ri9g3ypS2hdmVJ7,169.22849099999803,169.25036499999806,169.2017571223727,0.9998420249600563,0.01692017571223727,1.0,14530.893215,14343.450351,28872.04804756394
SERgf3DMJpQxUifu7VoFKmfne73d2fDJxSrxUMrcNJB,AJfM2GZ2tTB8UtN2krcyR9xufRJEx2mhSCbJyMgPo3GU,F4yRYkufQvERZcEKnKjJwRLU1btiMBUuEwq46hfm11QD,8.580799999791111e-05,8.580799999791111e-05,0.011882600329429074,138.47893354603698,4.75304013177163e-06,138.67115591422078,29.284890014,27.959805474,7932.558882368045
HuonfMR5ivyhX5BZBw2Lr3XuNPSTVrSmZMWgBZrMQJU2,E7L8CZxreEeNwM1V8DLxa8AZQKu6oday6RvXxRo27CHi,48UJw19Ra8y5Kv989DsXPrfUHeUWUbHvXZmdPBbGuHdz,409.58261168999996,1275.3659673999996,9.734575132208992,0.0237670615264712,0.0038938300528835964,0.9987914523547361,4247.67965981,19.46904937,120.40038391567289
heyk4SZTeCUV6a65WiVA5bzic3KcxgVf1qxobfeV4tQ,9ZDpBKPqMABtGfq66FbVribaArMvtk63xxy91onZAtDt,DaTP4s6N7xxSPinbNZ3FB52EpRDRt87QShTuN3VPCW52,182.38771224999437,158.4849236980009,28988.400719481193,158.93834273082774,11.595360287792477,139.1626527518858,633.29051648,4464.320194685,721920.7861826611
WiiQFxXqp8P9Fs1rt9SVcDyA3KUdJmUsog6wnVQAwba,3S2jpqSYxho6wiz3cafhjXruVY8cg4HYa2v3BqBHYFSj,Dfe67M6TfrG74gKRtdqys4e6E9QirPD53BkF4FujFjuv,2513.313134729,2514.076114189,2512.5789340386846,0.9997078753617405,0.25125789340386845,1.0,15849.585095594,10937.63178132,26782.586822601388
FrnkTEL6yZ5Aycq2TrEgu29dCrwKG4LPUZydfiwqspkc,DjvZuMZ46fxKBoBpGMPcRcos4xdTtHFxwMh69DpA2ZFY,9rvDPJLAng4uVVqnnSoEXgNDFhBZQTny9AoQioYDZbQX,55.01391501099852,46.077111756000335,9139.718931860114,166.13467574581594,3.6558875727440463,139.26368227380829,175.264937583,1440.639428164,229746.33516991453
ALLwa5WNZbvQsRKAqe1jdRGemdYQnW8E5k4msbRFcYtu,CGoM82Hbz7QVqTgvQatYtjvDWBvoUJp5qm21P8iMs9yb,3dxNNww8TivyN5FMy5dCNdi3Zcxv6e4kUfSPxfFwpdNq,2.9472245569999966,2.943928515000002,9022.57632634317,3061.380682687892,3.6090305305372685,3059.8257123274257,2.407232652,6.222196623,26408.292753780624
KZMu9QBEdL97EFgamLbN5DE1AoKBG4HdrKKJo4Vuon3,DD4ACBWyVqdaKWh7v5btsgqQCCMwbKnuL2xd9pv7Gyuw,GcYqiJ1MAuYbNTNYXm1F1gQYTfTgkErACAhNU5dpVj9T,84.85589123999898,84.43541389999973,85.18879713276222,1.0039231912822844,0.03407551885310489,0.9984475338984918,2051.98600632,2639.09622483,4695.035457333697
STK75uPSyBnEhGTTzb1nwmP3n427XoXmfRhXxxhyady,6TYyD5fUmDe6N65avW1Ny2RxzRNobw2RRgKwH9CTzSAU,54zDfk4cx2vGrEajPtodWpArNe5eUurytyxd4X3aZAxK,1167.1469347280024,1310.6673409140035,162097.54970858785,138.8835843075438,16.209754970858786,155.96166587022242,2790.858594051,499.728570056,465542.94510619313
ercAoEmXjQzEvAFbdjAo81KtMxRGn9AW1ju882upmPH,CMRhskR2Eg6V42RTSdRTXGdozyPbWB8U9dVpijPWb9T4,7TKLLgrWswt6ZJ1pXhVR3FyufHGjJFqiEXxvWJfDcgRm,1.5968350629999577,1.5900110589999485,221.27003871585796,138.56787331570752,0.0885080154863432,137.86763438716596,649.533564427,907.445469828,215111.84493035724
JSoLLrxK5bYdHwTEWYaGgmeycBCNXKDiBCTw5hXGBg7,xG4wXczA7Dk4hccJ61CHKpDHW4NrNfQwgmWgkb9BuF2,BVR6WgfhsRr9Lob4QDnkEAiNGgAbv7ZieKcY9kSg3QYR,2.5382021560000965,2.1660997479999757,411.13596599215765,161.97920446181436,0.16445438639686308,138.6477765541341,17.316401349,163.581867142,25485.159078464578
RoBgmK8CvjdHvPrqdDyVw54VwjZv2TqJ493xnqJAQHx,ExiHJxM7qPAcy27NDHAF6G7vnW7muNHi2sVJpnaNynGQ,6rkPHSqZb7StM4HwS9EuVrmfkV7tRdc7dnsFhyB6cefE,0.5634380000000014,40.633012000000235,0.0,0.0,0.0,0.9046564476674339,6434.0409,16.388754,14.826191975335448
SAMyS8Jr2HJrkFwYVKbpUwsNStnQmvz3f8Tup8bWUWF,6jPzm5TFfquvgm25sTyN3MMGBfufRaFHMxobDWv6hMFW,Cj9ECoDmxsHTDzCY5ZA6RWrPbg9uFzEC1Qc2kso2vJG6,4195.644980710005,122.26273771000706,4212.105298521887,1.0039231912822844,1.6848421194087548,0.017443790742262776,421.89116288,111952.72442127,2376.4262204431293
HDSBGqAuMRr6X2AfmmbXQPpRgU6VEhtfNVVZ3wUTZXg,DCZ1d8kNLgDcdSd99y4udLgwq46mfDXNS9KXj96kQf5L,Fq8GGYQM5Pz3q7LmVMbrXHJgsxA5ev86kTq8yGgGuYsa,1361.483198052003,1366.6130935449983,1347.96351223775,0.9900698842015848,0.5391854048951,1.0,62256.246247794,60721.163026253,122359.19753963176
NorjjEePhxfwLF4vZjUHCrVVKLzQjEEGQFd3wgjEJmh,34M8pFVqgbV7aqHxvRT5tCv3vu2P1JJYT8J3VaxBK2oG,3AZWBSze3ucsY3xSeuLne3b2pauVqiaJ1SZSV5T9WGWw,0.009671000000707863,0.0010529999999562278,0.005734694337831587,0.5929784238870685,2.2938777351326348e-06,1.0,38120.278942,2260.70742,24865.210345162563
KEVpg4SYCVrqFxKijQH6hm4QxsRdoE51ud64bEEFUC9,2bPenuBYfqzD8p5dFjCcggwkHDsc2RQDnx9AoyYGUBjA,AE6n6iLuX8oYu61vt5hoDYkjswpnxFxrhSehxrnQTnbx,318.17406664399914,318.059243617,318.2981634587758,1.0003900280625808,0.12731926538351032,1.0,2799.420592391,4831.680539194,7632.192984174999
Lid8SLUxQ9RmF7XMqUA8c24RitTwzja8VSKngJxRcUa,4PgzyzLtds9bKZ2to9PMnKqJzKEUpjvNUaeN23phegax,AtymwxoVN9peZo7EXTcDz9jKVc4vRmisJKKrNfe3ewBa,500.2112474239775,424.80021112199995,81653.58460872334,163.2382019181468,8.165358460872334,139.1434828114664,984.887214145,7679.447100295,1229316.2335306655
DFWzVTzNBrQZLjoQ4yQwkj9HuoXmfkuZP9V5vbymZe23,DhgiEgiNdqZdRdo195UUHnoEJUtefK8buko8nU97XJUZ,2K2kkXsouBHtWVjtcgkyiXd8eP3oVBvq1bTJzcVdLLr2,818.5693093280042,961.961687529988,704.918816188122,0.8611595965732183,0.28196752647524886,1.0,60610.596801248,8206.897372982,60402.294462406724
SoNcU2iwHMw6dGzsYNQkYFkUjwN1UdAjrWVRnStrZu2,8ivTTid27jZnYNc4w3CTA1Z6QS2twsFb8WMwUabeDJgc,CyXm53PMvHCbeXJBykU46Rcbo28xk5srhMZFg7gv6EYB,5.542132183,5.491392695000002,911.2730573961725,164.42643865323566,0.364509222958469,161.6380007060348,21.651360205,28.097515712,8101.68231500062
BSCrK1Nx9PXU9mF7STWWBqeHLxmtJDr9h7jheEy4tAWX,FfSySSbVJPvEo5a5AvrP3nySoXpRE2QPn1uUMpJJ1x7v,HL7Vcj6838ZmvBHDbQxXfjBNckNi83WvPiZQoMQLFeRM,0.25599981000000005,0.255532427,783.5041945050608,3060.5655312988733,0.3134016778020243,3054.740957966764,0.846110211,0.957977798,5515.949763840028
YAkoNb6HKmSxQN9L8hiBE5tPJRsniSSMzND1boHmZxe,CfWX7o2TswwbxusJ4hCaPobu2jLCb1hfXuXJQjVq3jQF,EnTrdMMpdhugeH6Ban6gYZWXughWxKtVGfCwFn78ZmY3,9410957.012335038,9412289.711067984,9410957.012335038,1.0,941.0957012335039,0.9990838401186112,1232464.447395,279774.308597,1511982.43799462
KwnjUuZhTMTSGAaavkLEmSyfobY16JNH4poL9oeeEvE,J63v6qEZmQpDqCD8bd4PXu2Pq5ZbyXrFcSa3Xt1HdAPQ,BnKQtTdLw9qPCDgZkWX3sURkBAoKCUYL1yahh6Mw7mRK,256.0145550000005,15196.52207600011,4.376988467359481,0.017096639163189268,0.00043769884673594816,1.0,280266.261944,522.313974,5313.9251240724525
BSC8REUo9LpiiWUuqMuLXs2D2yJsJfGd4HdiF3wCLxk5,AZjEH1zWVx1UJ6udMyRijGTzPteuLnaY18yNNmprJEsh,Caf8ypkSVR8xYnXNhjvfvdGCC7mrM3C11rz8Xi6NA6aK,146.77812761300038,146.79734507000012,146.7701838235711,0.9999458789292488,0.058708073529428445,1.0,3182.314899776,3166.028192275,6348.170861761157
MATSnbbiTCv7Dc3trJrkrqjx7ckKdr6fwPoVwv9q3sD,631WX9JizSHJm4w6VanZeJAst9T8DeUUnPLesdGkCVtK,211maUSfpnXbPuW1iBu8b4dtJv5EbN1j7JJiEX5TZKEP,6371.521498000002,6365.700330999993,6377.82917105017,1.0009899790893193,2.5511316684200684,1.0005452971869668,21139.608917,24406.412458,45580.257893841524
moFiBS1R4Lf3E3zzmBPnw3NF4RhWPkhREFviuzUaCAU,44ALBrpqi9PfZkBRTvbtRNtFJGsatfY4QydjtMbFWq8S,2ho8qEEie1UjVwWNBo9y4oAJZMyMLx8zPj9bxyUz6uWs,227.8122090149991,227.9209830339969,227.99832108051896,1.0008169538688227,0.09119932843220759,1.0,31472.305426013,35641.722123179,67139.73897087056
KEnkcdADoLR5jS2CLLLesy8TtFsyWL37BhXNfDMzWzP,3qsjFRuw1qeLMPo4DLwaQevenGAGBj9dA3Q6rb8ax2YR,77iEv8zPQAEyCcEbvBRSB6AFcUdfkhiqnAKtPxk76rNN,5.744339000000002,3.9237119999999903,0.08164555953606287,0.014213220970430688,3.2658223814425155e-05,0.9995122380278424,105.542674,0.460624,1.9605006725014666
Sid7E679i9ABqptiAVhkmQ27YHN8vaYT4fppPwmxFsJ,GP7KB8o1bv527HG8kTzzzf4wJ5aEGHvcMQvVhLziUfmT,9gYxhAZ1M9wu5pxr8SBoa5NDm21gi3s9vMHaYTME77sa,2304.3448580000077,2822.012911999991,32.76494180514761,0.014218766644843703,0.013105976722059045,0.01739599612361539,104118.991568,27341.366528,1956.0739505372767
SoN9GaFpSXfpyR5dth3x7PHPVhvJMpQqqDJfCSmPv1t,9kZ9iS68ViMPtoeqtnhAKuF2iqVyfHPdZHoUNdwCELr,BBhm5fJLjw3HRzjtKB8uMEYjGhY6EDm9co3cqpjrSzB9,3.0112094980000004,2.953009259000001,497.6180112958536,165.25519450784276,0.19904720451834143,162.31479070806256,3.705494074,5.944770598,1577.2763393683426
KEN5P7p3asnb23Sw6yAmJRGvijfAzso3RqfyLAQhznt,9zj4aX38Uxf3h6AUjS4EipWS8mwbEofasHAf3a1uKGds,CwQDG1MWunn9cLNwcZLd8YBacweSR7ARo32w4mLua1Yr,213374.85050699918,213397.6902250006,213129.53840829126,0.9988503232779072,21.312953840829127,1.0,1029180.423467,914999.269192,1942996.4678833066
MATgk4zXLXtYkwBH678J1xZbRDZ45LicNzkRBHkxTuY,y8dALFo1bJrSzPYjMX14HJX448pXqYmrfXHD1K8MXih,GN7Yuet3UyiWS5YVkEHv6oQKi4HGBJc3XDPt9zQhAqZz,6375.696281,6361.3625459999985,6382.704490530604,1.0010992069292084,2.5530817962122416,1.0,4514.779101,5548.716223,10068.458000471664
GokA1R67GqSavkd15zR62QD68Tuc5AEfvjssntVDEbM8,3YB7hfpBdbQEuZqLGWVDpRPmeZWCUsrrWyqGXegnQ6Cg,4DPCj6Z1DsG6HUtwSogBGqXEUxdEV5a8YVrrFtcnz7UW,26956.918439000037,26951.021815999993,26969.54018380606,1.0004682191265513,2.6969540183806058,1.0,18297.300757,34265.032993,52570.90089617869
wrmcMSHFi3sWpAEy4rGDvQb3ezh3PhXoV2xNjgLBkKU,8p4mGnARWPBu6P2Gcw4adodLkNDorrXniZMhaY7eJXUn,AyY89zccbsgp9LKFgH4CFZMJmpSgqmPSdTfukhP227rc,0.022089060000000146,0.1382299499999945,6.002461956521779,271.7391304347826,0.002400984782608712,3054.834275240568,27.15552351,0.08879297,7650.4661532651035
ionytDfEj1mXodptgrsKEZro7DGsfpzANUfarJdm6Qb,3gkSjY95an9xNFSjCfsay6JZez7uv7yfW3Ad4ubc4fMK,9wXqANaSuEqkKL9yHzCPEDGHwbkStVAqV5rB3QDs3Jr6,0.011744524000000034,0.002891149999999995,9.091265451713735,774.0854760664382,0.003636506180685494,3055.114261273372,3.165112406,0.080839916,2697.0427238540415
BerKDkt6v49dT1bHRedgnpsJS263C1DSJtEGvY9Mg35V,78XKqNb8wbfsMMrvo8WPUpdx7GEkfQutpNVH943aCGFa,DKYQwn4nDvFHCszi5tXbqfVMAP7DaXXp1KGTXEnYnKVH,0.0010598310000204947,0.0010598310000204947,0.0010771739760689278,1.0163639071211332,4.3086959042757116e-07,1.0,1338.317413093,4791.36099259,6151.578507529449
parEAJhzYzHW87y9VoZAQ22dzQ2MD2ekEtTReaxbMcz,3oyc6hpjYSJEquK6dSvG72NXyz3pqLZz5D8AC71pwgQb,Di2vordgFJVZ1aj1aBpvzXtLfZgJsuLLXawGtVFwX6Rz,25.182423564000032,29.60832377899942,3419.145011427512,135.7750576602726,1.3676580045710047,159.9439812200175,1103.522804443,143.041223407,172709.45515297158
HEDSDjj84KS7LKhZY7ejkCACTdPen62rKhCby1wXtgxc,EnnjMSFttpCTywBrYNt1J5QQeoSVkvzPipJDa8Y7kJow,6bjVT6JN2rSvpyn9PdfLYC8wJn4LWh49jpY47fnLDXZk,27.155269207003585,27.959070003988018,26.304120782376884,0.9686562332290493,0.010521648312950754,1.0,39150.615412437,9073.262639234,46996.75029324439
MAR3XM1n9xWPQ3HJjAcC85o8DopWFP5p2WxGTaZ3fPB,6qG7GUhER8Cg9gDEgnebph9LdS6eu2eoWcA4R7z9uizK,4QV4CwRXVMY227KkFF9voNAfwWHVvVajXSXDKbUHkWZR,0.029129000000000002,1.3264529999999972,0.027327336060844584,0.938148788521562,1.0930934424337833e-05,0.017546767795006305,0.095142,25.10984,0.5298538838872796
BSCNHw8CmxbZ8hCWWzMf5FaG2ajPT6JxfznKUNuRVrn4,7n9kgNL633yGzCYksgnzHyjG73ZLBAwvEae5sbAekbzW,SscdxE99omdG9AiMVwmaEMQySQnCgeAh1sPj2Leutm2,549.4383395450004,548.6926018909999,550.0361749636407,1.0010880846413728,0.2200144699854563,0.9999204293319951,5371.861934265,6318.103664384,11695.30790338615
C2ypsDADXcCRz8HbV2zX1AXPSja7a1P3xZtRC91xGhJh,J9bYNuDpY1d1T86gLaw7DGk5D3CsUAf2tzUwxMvb6FTv,A2NGvvPrMGzsJ4jb52KEnSBVmsA7C34dV1GC7PerdgvG,0.30621667399999986,0.3067750679999999,42.78789663107675,139.7307862832994,0.0171151586524307,139.6826744874065,4.050813005,2.974108984,981.4547833774081
BSCuChvaSj9b5HUSqgDVRzcnr2sSn7cXaamt1jbKH6hn,GnKpRj5kBVPMJfiwZtEuD9GYApLzPdW5JFuZTcyX4BTc,3dmwD9okkomV9nDwyuh4UMhKdUR13QpuKxRo89ycZB5t,70.59544578500004,70.66815415199994,70.54876282205552,0.9993387255732235,0.028219505128822212,0.9973639670351262,1688.727870612,1419.796201418,3103.6647298850394
7oAd7xG4m3oC2qeWB1szghTebAZyyGPAFDJ4wwwbRSNi,D9yh4KAysxt9GLacVe4Wwh2XqghhcjTCSTV9HuM7TBJd,HDYfJLpZKaMFb84jM4mRytn7XLR8UFZUnQpSfhJJaNEy,0.0,0.002167972000052032,0.0,1.0,0.0,0.02286317745199414,957.621534997,300037.026752135,7817.421319799775
C98Sspw7XqnMsgxea3SLQVdbMDL8pKUc3RE82UvX9eq2,CSqgQJurPCzGxb4Cgwx5R61hWQUiaoUHcShNc8r1cKEL,6S2CR5EnukPhC914XkAns8m5GixjMAoUuZMsS5ubHuWc,57.644964000000414,56.08561199999963,0.0,0.0,0.0,1.0,951.513837,3898.529146,3898.529146
MARpDPs5A7XiyCWPNH8GsMWPLxmwNn9SBmKvPa9LzgA,6YjT74rmcfCpw8LSjPNx5JTmZoYLGrTKnf9arfSgZ4SR,F8GSmi3vA8M8TsybLya1LQ4n1aFHCRbZ6k437PeTdXtg,49835.29663199989,52445.36735799938,46484.46404156377,0.932761861233018,18.593785616625507,1.0,320088.81343,15200.030611,313766.66798583505
BkwbeSfcX1h4thMDd7obGkHrPevf3QwgzJ4pCEqG18Lu,35yX27bmurdebhfAb8EPmjLETDiUaEUCn9zHaDPbakH2,2CxECn1ZJFoESyUnQysQU8rRgT3iJ5GRs2Mdd6gZjx5g,0.0023829400000003886,0.001565689999999953,4.137192263620939,1736.1713948400986,0.001654876905448376,1140.2508551881415,0.9046278,22.63293009,27377.806799873048
AURHmCnNwiW4uA2Qj1XvEh4iKgRUZYXtiY7FKAapUV5Y,BKWm4TRnTeKwfWXRyuzjRHU7iZDkPuXBX5b5V5jSVfGJ,A5Ww74HVrkj9nPeC7pHKLfgeDMEhBCpW1efQdz3TGLEg,0.008795983000027263,0.007859284999938154,1.3723519843173477,156.0203088515626,0.0005489407937269391,138.68531041031574,289.882919261,1809.506375766,296179.57600644697
BUSDTd9WiT6uBHJRgNvFXBsA7JrifsAtWzKfioN7ERcy,DyBxrn7gSc1EwnpWhDyhzvMHPtxpmBqRqotapLcKcfTM,Cds99GeBgoCpqBsoRWu1C6fF9LiUMd4pXQQD24s9LPff,12467.997619889999,12515.347258680009,12478.083155381168,1.0008089138126783,1.2478083155381168,0.9970139432399961,398.39113811,472.69376814,869.9956799226997
SQDY9uoDoCbNq7F3HAHYYQZbrUzpKxDtdWLvYcqBLak,GiehZ4X2uQjhEKuxSm3ACmEFrabxh3RTvjbLfLjw1xGX,rxDQYV77NKRKYxCjq4cECX3QQsiSyLv1T1FT2X3zNA2,0.003132421000032082,0.0010321089999933974,0.003139393360370356,1.0022258694914261,1.2557573441481424e-06,0.9999194304919686,168.702204443,237.869801509,406.9283499891229
SRMuKizofcAMicegrfSv7xs9q76tH1w8aAF7oX9FEWu,72Hj2KWntXPfbie4UgKeTPnm1XVkomDfCnRPKbvfTtPi,6aqJQ5wedqpUt4fFEDUqUmXhrdxCu4bEJsQdVPCADLko,0.025744999999915308,0.025744999999915308,0.0011000789860521483,0.04272981107227684,4.4003159442085935e-07,0.04249560181145152,17971.450574,3892.87454,933.3467340755585
vEnkoSUkpnbRrPgBz9DfcVxNz67zjwMYBZraAvDDNSf,DtfyjjsZ5yCjWKLKHvwsfXs5QVsmm1QkK6Sh9JZHoq1g,e5wrKCRv4GhHvEf1VD5Pq2KGaZDXP77nTL612Jyrxwy,3511.3836230000006,3510.388429,3511.3344643175,0.9999860001959973,0.35113344643175004,0.9942996799349331,869.15921,1075.388157,1938.4051422523305
ACUSESXyNnwRLAg1dpSGMLSzUDdLjUMybY8rkXiAKhCP,AhFPQdu8GKBsxuhiH46UmCu1YpaLgNpoP325HnYtsgas,A8wxWpT3aFEr2XqZp1kDmbxbFfcBE95UUmdsNTDBJYbT,0.0,0.00208552599997347,0.0,1.0,0.0,0.987879634623352,1044.555794732,1841.328673742,2863.566892169749
BUSDgu5JdqP1rndBvXvanbEufS94FNh1w5FJcAj6vawb,Bgzr8cWubt89JQFXndVjtdKmDbGzuPxNhvjH1EhWCwbo,Dxaf8xPBBQsasRKW5Aa4Sw2YrbfGofY9xZueyyF23FBW,17988.166293880015,17913.429668169993,18059.4440299552,1.0039624792716886,7.22377761198208,0.9987040516614425,5234.20338949,9781.06325166,15023.331310914342
daob129AwBGn9Y5r91uLoWZeYiGzbPmksauMhFZKTze,6VW5GQNyj4LStgmxEHLr5zUfW92vQnmbw8jTnCH7a38F,4VPCCUifPeBA1c7HWK358CHn2nyjm8pdTRk6Ps3KmnMQ,34.29196876900011,30.717099726999933,5322.520772626106,155.2118750743077,2.1290083090504424,139.32914965051373,48.214902763,223.985566795,38691.24401990634
KysFMBBoavfov2tLpvefWW6tPFt6rAeZWDJVy1mMQae,B8ka2V21TH3x64dFV8ETcjuQcwmrciJ2qzy1mJUttRew,7fSf7EYxBANyxzk2s5pymFgshA91tFYQNKKs5UnLWcYS,40.63301199997659,31.004997000000003,0.0,0.0,0.0,0.01724986624453714,134345.761246,2730.218324,47.09590090738436
ZUCKWFa4LTL833dPhhpeeRWZcaAEoMeYJPi2iKn4F8N,7eEYpq6ShaJ9opZWMxitRFrdCHh6vfyHhGfoSvFht3N2,H8VggnHmuwd1wvwpT8eg9cUJFEfZ7HAaeYjgXrSm7A2u,0.0010603959999571089,0.0010603959999571089,0.0010619973964511914,1.0015101872264205,4.247989585804766e-07,1.0,1817.011925129,2030.154775686,3849.9107290145835
RajgMbScQbqqrdJfR2rxfHJiTiY5b6bJ2tTXiF4aPxy,725ZA3fhyBAKb5iopNRrcbSuQa3LXA1656Q3mBvYPxeg,GLA6i1dSZpUfk2f9Nj8uiG7xyDdAR2reff8oEiZH3617,6079.587573189987,6077.1340844399965,6076.354770161618,0.9994682529054068,2.4305419080646473,0.9987040516614425,78699.0696147,102686.5544433,181210.6995867622
Lee1XZJfJ9Hm2K1qTyeCz1LXNc1YBZaKZszvNY4KCDw,9DgFSWkPDGijNKcLGbr3p5xoJbHsPgXUTr6QvGBJ5vGN,2hNHZg7XBhuhHVZ3JDEi4buq2fPQwuWBdQ9xkH7t1GQX,2252.435287810098,1905.4648682099814,370093.9840312136,164.308375931649,37.00939840312137,138.82499083060935,7133.011298718,56477.26754148,9012469.65057829
BkMBnJpvHKtWhUvrgRrLesXfi9RUV3ELgdBaJcdH7hcY,5uerVwBnZQsuVhZ15igs7ZgmcqhHnYWbwoRtLyRqLvR,9YWiQh5d4jCtgMdzcGLv9bWgnLaFtzvDDh2nnhJdzhBX,0.001032548000011957,0.001032548000011957,0.0010363759405676465,1.0037072761320978,4.145503762270586e-07,1.0,1114.122438073,1759.334052029,2877.5868496249027
