0,1,2,3,4,5,6,7,8,9,10,11
C98Sspw7XqnMsgxea3SLQVdbMDL8pKUc3RE82UvX9eq2,CSqgQJurPCzGxb4Cgwx5R61hWQUiaoUHcShNc8r1cKEL,6S2CR5EnukPhC914XkAns8m5GixjMAoUuZMsS5ubHuWc,115.77901799999972,112.41656100000012,0.0,0.0,0.0,1.0,941.680051,3908.559056,3908.559056
MATgk4zXLXtYkwBH678J1xZbRDZ45LicNzkRBHkxTuY,y8dALFo1bJrSzPYjMX14HJX448pXqYmrfXHD1K8MXih,GN7Yuet3UyiWS5YVkEHv6oQKi4HGBJc3XDPt9zQhAqZz,9203.340584999996,9193.511823999997,9228.645531046126,1.0027495392365868,3.6914582124184507,1.0,5219.73545,9577.233597,14811.320914424377
SERgf3DMJpQxUifu7VoFKmfne73d2fDJxSrxUMrcNJB,AJfM2GZ2tTB8UtN2krcyR9xufRJEx2mhSCbJyMgPo3GU,F4yRYkufQvERZcEKnKjJwRLU1btiMBUuEwq46hfm11QD,0.00038980299999735735,7.852099999894335e-05,0.05702182201566016,146.28369205995526,2.2808728806264066e-05,147.1208306324401,29.284890014,27.959469045,8397.322142760031
BSCNHw8CmxbZ8hCWWzMf5FaG2ajPT6JxfznKUNuRVrn4,7n9kgNL633yGzCYksgnzHyjG73ZLBAwvEae5sbAekbzW,SscdxE99omdG9AiMVwmaEMQySQnCgeAh1sPj2Leutm2,354.3830974530001,354.0373676600002,354.91336215016105,1.001496303579296,0.14196534486006443,0.9990744514337451,5360.174951464,6328.886636775,11691.22434525187
parEAJhzYzHW87y9VoZAQ22dzQ2MD2ekEtTReaxbMcz,3oyc6hpjYSJEquK6dSvG72NXyz3pqLZz5D8AC71pwgQb,Di2vordgFJVZ1aj1aBpvzXtLfZgJsuLLXawGtVFwX6Rz,37.87010959000028,44.547907394000276,5434.3101273034445,143.49866388394057,2.173724050921378,169.383751423247,1104.155666168,142.469418992,182576.86746694567
MNkYtBe2HtgL15osfaMmyqNW3vo4J399FXXCS4a39Wf,2mUxDu8NrhSKhQJMgKfYLxJqZzeEbmwhQdHeHMyohyuk,AZCBmDBcFsA2jHHhfFJBTsWCHx9XnnKmGfFsue3ZVW1t,0.003399870000066585,0.0011466099999779544,0.0033984573632943843,0.9995845027097586,1.3593829453177537e-06,1.0,2195.17588665,1941.31606926,4135.579866277494
Sid7E679i9ABqptiAVhkmQ27YHN8vaYT4fppPwmxFsJ,GP7KB8o1bv527HG8kTzzzf4wJ5aEGHvcMQvVhLziUfmT,9gYxhAZ1M9wu5pxr8SBoa5NDm21gi3s9vMHaYTME77sa,2175.89399700001,2632.4788970000154,31.203785344095717,0.014340673482769654,0.012481514137638287,0.017554281656939518,104186.017971,27283.792005,1973.0450347172068
BUSDTd9WiT6uBHJRgNvFXBsA7JrifsAtWzKfioN7ERcy,DyBxrn7gSc1EwnpWhDyhzvMHPtxpmBqRqotapLcKcfTM,Cds99GeBgoCpqBsoRWu1C6fF9LiUMd4pXQQD24s9LPff,2549.32023151,2551.598867899999,2555.3754235599135,1.0023752182935162,0.2555375423559914,0.9984085367923529,366.91473812,501.371533,868.3598593700121
BkMBnJpvHKtWhUvrgRrLesXfi9RUV3ELgdBaJcdH7hcY,5uerVwBnZQsuVhZ15igs7ZgmcqhHnYWbwoRtLyRqLvR,9YWiQh5d4jCtgMdzcGLv9bWgnLaFtzvDDh2nnhJdzhBX,0.0010593940000944713,0.0010593940000944713,0.001063300865197449,1.003687830120455,4.253203460789796e-07,0.9998645103599301,1114.150430735,1759.275520393,2877.2963850381407
ercAoEmXjQzEvAFbdjAo81KtMxRGn9AW1ju882upmPH,CMRhskR2Eg6V42RTSdRTXGdozyPbWB8U9dVpijPWb9T4,7TKLLgrWswt6ZJ1pXhVR3FyufHGjJFqiEXxvWJfDcgRm,53.43085182499999,53.48757686299996,7804.132374115638,146.0604146772021,3.121652949646256,145.94087351450435,748.544695972,815.628872531,228366.33881891493
7dwD9TF6uikvHXxPFK9AsSim54yJoujQjY9vU6gNFumk,CquVr6atkvwueDYficKjn6SSEWq4F4rH4VSiBbW4GBWU,8BCa6ge3b7ho3TfZuM64Vk1hgbrJ3J7EPiAb9uP86CGd,5.8866999999999774e-05,5.9094999999999894e-05,0.010162657417434735,172.63759691227298,4.065062966973894e-06,173.40934211616968,0.003952817,0.003555355,1.2989365994534148
Cob4usZcpHEY7Qt4ZCwj6WVg9S44zvzYV2v9qYF65dTf,NhFM9UXE48PyNAyeyPYA3iXztqKVJwA4bTdLj4ysM8w,6TuFuynuBoeskxyR2cz4wxyidk8dpDK7kAWw3UkjQGx,33.69316400000005,2402.5067899999776,0.47151009325185267,0.013994236137984901,0.00018860403730074107,1.0,65244.547726,252.884289,1165.9318965936698
NorjjEePhxfwLF4vZjUHCrVVKLzQjEEGQFd3wgjEJmh,34M8pFVqgbV7aqHxvRT5tCv3vu2P1JJYT8J3VaxBK2oG,3AZWBSze3ucsY3xSeuLne3b2pauVqiaJ1SZSV5T9WGWw,0.007880000000113796,0.0011080000003858004,0.004672645043298339,0.5929752592932565,1.8690580173193355e-06,1.0,38120.278942,2260.690986,24865.073275963714
KEVpg4SYCVrqFxKijQH6hm4QxsRdoE51ud64bEEFUC9,2bPenuBYfqzD8p5dFjCcggwkHDsc2RQDnx9AoyYGUBjA,AE6n6iLuX8oYu61vt5hoDYkjswpnxFxrhSehxrnQTnbx,4638.401146914,4638.453329588001,4642.819123593075,1.00095247835173,1.85712764943723,0.9998669127145832,2858.335070774,4771.485370527,7631.907919542533
ALBpShJ9NLpE739pcHDF2LNVk5J4VYPvvKuV6jMPitZi,D6d156U1bPiJpDYRLextvDRccgFk7QzkQbJg42ceKEu5,GNcM8U5g8RwTZffwwm3kSQqUNPSwv5d2fbN9sLxPJqt2,6117.5530010000075,6101.639231000001,6136.016273968378,1.0030180814069536,2.4544065095873515,0.9989540950624696,40872.587466,59461.37299,100395.12630868264
vEnkoSUkpnbRrPgBz9DfcVxNz67zjwMYBZraAvDDNSf,DtfyjjsZ5yCjWKLKHvwsfXs5QVsmm1QkK6Sh9JZHoq1g,e5wrKCRv4GhHvEf1VD5Pq2KGaZDXP77nTL612Jyrxwy,5793.626362999999,5796.460727999998,5736.985109018658,0.9902235231558819,0.5736985109018657,0.9981384717501859,1197.33843,746.397083,1930.640322308949
KZMu9QBEdL97EFgamLbN5DE1AoKBG4HdrKKJo4Vuon3,DD4ACBWyVqdaKWh7v5btsgqQCCMwbKnuL2xd9pv7Gyuw,GcYqiJ1MAuYbNTNYXm1F1gQYTfTgkErACAhNU5dpVj9T,193.5962605999989,193.07669384000064,194.41167370655938,1.0042119259123772,0.07776466948262376,1.0,2122.33996696,2568.27943769,4699.558543351713
SoNcU2iwHMw6dGzsYNQkYFkUjwN1UdAjrWVRnStrZu2,8ivTTid27jZnYNc4w3CTA1Z6QS2twsFb8WMwUabeDJgc,CyXm53PMvHCbeXJBykU46Rcbo28xk5srhMZFg7gv6EYB,14.061747821999997,13.945343805999993,2434.801037241765,173.1506686126493,0.9739204148967058,171.25281710884144,22.536979381,28.325008591,8753.030564170527
MATSnbbiTCv7Dc3trJrkrqjx7ckKdr6fwPoVwv9q3sD,631WX9JizSHJm4w6VanZeJAst9T8DeUUnPLesdGkCVtK,211maUSfpnXbPuW1iBu8b4dtJv5EbN1j7JJiEX5TZKEP,9275.12766899999,9273.87138399997,9147.925761289263,0.9862856973779595,3.659170304515705,0.9957164279270577,21787.761776,23742.327723,45129.58356856612
BUSD5rCfUDpCxKGMvYU2yThChxgHoioK74PTPociGnv2,CcFHbafgYDZ8yA8Me1PdtDiVb2eeaS61LbqyKKK5CsNZ,26R9s4nmF3CFDTkiePDwRmtscn8i7r2eygbSijditJ58,438.87068346999973,440.0372322200001,438.64255863453064,0.9994802003322132,0.04386425586345307,1.0,75.33821726,71.91272325,147.2117797296966
KEN5P7p3asnb23Sw6yAmJRGvijfAzso3RqfyLAQhznt,9zj4aX38Uxf3h6AUjS4EipWS8mwbEofasHAf3a1uKGds,CwQDG1MWunn9cLNwcZLd8YBacweSR7ARo32w4mLua1Yr,294862.5587690009,295985.4602160016,293275.0608645412,0.9946161428189213,29.32750608645412,1.0,1534280.801214,547067.619075,2073088.0715795928
ZUCKWFa4LTL833dPhhpeeRWZcaAEoMeYJPi2iKn4F8N,7eEYpq6ShaJ9opZWMxitRFrdCHh6vfyHhGfoSvFht3N2,H8VggnHmuwd1wvwpT8eg9cUJFEfZ7HAaeYjgXrSm7A2u,0.003549479999946925,0.0011264499999015243,0.0035548067854900057,1.0015007227940882,1.4219227141960023e-06,0.9995032378952369,1817.011925129,2030.149322265,3848.879577356859
Lee1XZJfJ9Hm2K1qTyeCz1LXNc1YBZaKZszvNY4KCDw,9DgFSWkPDGijNKcLGbr3p5xoJbHsPgXUTr6QvGBJ5vGN,2hNHZg7XBhuhHVZ3JDEi4buq2fPQwuWBdQ9xkH7t1GQX,3646.681408631898,3092.3837670210405,628941.9293995241,172.4696673284328,62.89419293995242,146.71419619766687,7169.201134466,56432.831388191,9515967.230948882
C2ypsDADXcCRz8HbV2zX1AXPSja7a1P3xZtRC91xGhJh,J9bYNuDpY1d1T86gLaw7DGk5D3CsUAf2tzUwxMvb6FTv,A2NGvvPrMGzsJ4jb52KEnSBVmsA7C34dV1GC7PerdgvG,2.4486613090000002,2.4583750509999995,359.01671659971623,146.6175478332419,0.14360668663988652,146.75857275526891,2.817164708,2.207496949,737.0148829261616
RajgMbScQbqqrdJfR2rxfHJiTiY5b6bJ2tTXiF4aPxy,725ZA3fhyBAKb5iopNRrcbSuQa3LXA1656Q3mBvYPxeg,GLA6i1dSZpUfk2f9Nj8uiG7xyDdAR2reff8oEiZH3617,6831.679330780011,6823.580209930005,6839.712641674784,1.001175891095851,2.735885056669914,1.0,61311.40603892,120584.28279535,181967.78437070525
SEQV6QiTpvTzrceiaYg9Avnwf7oc8ZALpnQMz6TyT4A,3dFMPj4r9mMmPHF32mz1gNDX7f8ftidWof7S8YiYTs1j,Fc1ED3YPeQfXQosHbd8DTaBd2AV5gHQtwiSAL5C5pUhi,1390.5811108760004,1389.8488617919998,1392.1490605198826,1.001127549936943,0.5568596242079531,0.9999840002559959,1897.765764866,3724.526030965,5624.372030036475
GokA1R67GqSavkd15zR62QD68Tuc5AEfvjssntVDEbM8,3YB7hfpBdbQEuZqLGWVDpRPmeZWCUsrrWyqGXegnQ6Cg,4DPCj6Z1DsG6HUtwSogBGqXEUxdEV5a8YVrrFtcnz7UW,44907.37616100004,44914.680623999986,44909.08270614287,1.0000380014440549,4.4909082706142875,1.0,33410.843715,31740.968141,65153.08151630826
SRMuKizofcAMicegrfSv7xs9q76tH1w8aAF7oX9FEWu,72Hj2KWntXPfbie4UgKeTPnm1XVkomDfCnRPKbvfTtPi,6aqJQ5wedqpUt4fFEDUqUmXhrdxCu4bEJsQdVPCADLko,0.026957000000038533,0.026957000000038533,0.001205016178786661,0.04470141999424782,4.820064715146644e-07,0.04492477615781031,17971.450574,3892.798256,978.2324502925544
Lid8SLUxQ9RmF7XMqUA8c24RitTwzja8VSKngJxRcUa,4PgzyzLtds9bKZ2to9PMnKqJzKEUpjvNUaeN23phegax,AtymwxoVN9peZo7EXTcDz9jKVc4vRmisJKKrNfe3ewBa,567.2447439550151,482.7849540479996,98085.31607367631,172.91533701977306,9.808531607367632,146.6175478332419,987.188491006,7676.546815206,1296216.5004969302
HEDSDjj84KS7LKhZY7ejkCACTdPen62rKhCby1wXtgxc,EnnjMSFttpCTywBrYNt1J5QQeoSVkvzPipJDa8Y7kJow,6bjVT6JN2rSvpyn9PdfLYC8wJn4LWh49jpY47fnLDXZk,29.879552160997264,30.851274039996497,28.618817633332768,0.9578061103168014,0.011447527053333108,0.9999905110900403,39140.25767957,9083.259890933,46571.95166556401
JSoLLrxK5bYdHwTEWYaGgmeycBCNXKDiBCTw5hXGBg7,xG4wXczA7Dk4hccJ61CHKpDHW4NrNfQwgmWgkb9BuF2,BVR6WgfhsRr9Lob4QDnkEAiNGgAbv7ZieKcY9kSg3QYR,3.542884579999942,3.0288945220000016,607.5866568045564,171.49490565807997,0.24303466272182256,146.91370303774931,17.294559099,163.601819196,27001.277862877792
moFiBS1R4Lf3E3zzmBPnw3NF4RhWPkhREFviuzUaCAU,44ALBrpqi9PfZkBRTvbtRNtFJGsatfY4QydjtMbFWq8S,2ho8qEEie1UjVwWNBo9y4oAJZMyMLx8zPj9bxyUz6uWs,4411.01768507099,4409.609471446009,4411.218673427407,1.0000455650760816,1.7644874693709631,0.999989658106956,32741.827641989,34370.176048512,67113.14012168396
BSCrK1Nx9PXU9mF7STWWBqeHLxmtJDr9h7jheEy4tAWX,FfSySSbVJPvEo5a5AvrP3nySoXpRE2QPn1uUMpJJ1x7v,HL7Vcj6838ZmvBHDbQxXfjBNckNi83WvPiZQoMQLFeRM,0.0034575940000000083,0.003461569999999914,10.839056533978722,3134.855201038264,0.004335622613591489,3130.1843678592672,0.84931731,0.954120978,5649.061356967523
BSC8REUo9LpiiWUuqMuLXs2D2yJsJfGd4HdiF3wCLxk5,AZjEH1zWVx1UJ6udMyRijGTzPteuLnaY18yNNmprJEsh,Caf8ypkSVR8xYnXNhjvfvdGCC7mrM3C11rz8Xi6NA6aK,3062.1061442909995,3066.5526210490007,3059.5513363172886,0.9991656696883372,1.2238205345269155,0.9990263469242349,3415.632458962,2932.272859283,6342.200536062564
SAMyS8Jr2HJrkFwYVKbpUwsNStnQmvz3f8Tup8bWUWF,6jPzm5TFfquvgm25sTyN3MMGBfufRaFHMxobDWv6hMFW,Cj9ECoDmxsHTDzCY5ZA6RWrPbg9uFzEC1Qc2kso2vJG6,4306.498971709982,73.99552336000022,4324.637626320553,1.0042119259123772,1.729855050528221,0.017610650357795583,424.22345038,111813.88906775,2395.1255536407807
ACUSESXyNnwRLAg1dpSGMLSzUDdLjUMybY8rkXiAKhCP,AhFPQdu8GKBsxuhiH46UmCu1YpaLgNpoP325HnYtsgas,A8wxWpT3aFEr2XqZp1kDmbxbFfcBE95UUmdsNTDBJYbT,9.977974177000078,9.981941887000175,9.968259091752737,0.9990263469242349,0.003987303636701096,0.9878702084355758,1044.551320191,1841.328673742,2862.5280303132135
B2izdXFYb2sNwbWWHmh75T4aQFtfXsUxem9u2p61HGzf,4DYwgJtxwuJdAjkj5RJSNH4e7U329V5cNp7d3a1nLrZv,EXNW64GEf1ACC6xY9BtKRiunrs6GoJSXBdxWN2eTPmrF,49373.00392699999,48898.64614099998,49713.2413508049,1.006891163120396,4.971324135080491,1.0,9629.453354,30179.606584,39875.418071822656
ALLwa5WNZbvQsRKAqe1jdRGemdYQnW8E5k4msbRFcYtu,CGoM82Hbz7QVqTgvQatYtjvDWBvoUJp5qm21P8iMs9yb,3dxNNww8TivyN5FMy5dCNdi3Zcxv6e4kUfSPxfFwpdNq,2.734736418,2.6818106669999993,8542.314043855811,3123.633410382957,3.4169256175423253,3081.1133911350203,0.85541824,7.777352865,26634.919054248803
BUSDgu5JdqP1rndBvXvanbEufS94FNh1w5FJcAj6vawb,Bgzr8cWubt89JQFXndVjtdKmDbGzuPxNhvjH1EhWCwbo,Dxaf8xPBBQsasRKW5Aa4Sw2YrbfGofY9xZueyyF23FBW,4247.6388496399995,4228.1657393000005,4270.619050752097,1.0054101118116585,1.7082476203008388,1.0,5179.74429195,9816.15779763,15023.92508535525
HDSBGqAuMRr6X2AfmmbXQPpRgU6VEhtfNVVZ3wUTZXg,DCZ1d8kNLgDcdSd99y4udLgwq46mfDXNS9KXj96kQf5L,Fq8GGYQM5Pz3q7LmVMbrXHJgsxA5ev86kTq8yGgGuYsa,742.7529001040093,743.6946252470007,739.3457273492309,0.9954127775814792,0.29573829093969234,0.999990577088792,51805.852177234,50684.162420042,102251.89203839589
KwnjUuZhTMTSGAaavkLEmSyfobY16JNH4poL9oeeEvE,J63v6qEZmQpDqCD8bd4PXu2Pq5ZbyXrFcSa3Xt1HdAPQ,BnKQtTdLw9qPCDgZkWX3sURkBAoKCUYL1yahh6Mw7mRK,349.29797200000064,20340.107466999267,6.150165698011424,0.017607218452477626,0.0006150165698011424,1.0,280171.072398,523.872762,5456.90603777651
CZgvH45CRmoaNJ7395Ao5CQZXkGznvqU7cErD6n7FaRg,4ZjU6MKvtqVQKCiowhvZ5yUsPxXX5SCzd5eFsPeXyey5,BsyWeshjDbCvjDojry3vKDCesmFRM37WtwcR4Kfgzqr,11.622614689999978,12.415085999999974,12.446949386956954,1.070925064535283,0.004978779754782782,1.0,328.1175868,1491.40662068,1842.7959684989514
daob129AwBGn9Y5r91uLoWZeYiGzbPmksauMhFZKTze,6VW5GQNyj4LStgmxEHLr5zUfW92vQnmbw8jTnCH7a38F,4VPCCUifPeBA1c7HWK358CHn2nyjm8pdTRk6Ps3KmnMQ,135.53905175999964,120.35055702899996,22001.78914074079,162.3280438740237,8.800715656296317,147.39360208591424,48.677451396,223.410272487,40830.96027074009
YAkoNb6HKmSxQN9L8hiBE5tPJRsniSSMzND1boHmZxe,CfWX7o2TswwbxusJ4hCaPobu2jLCb1hfXuXJQjVq3jQF,EnTrdMMpdhugeH6Ban6gYZWXughWxKtVGfCwFn78ZmY3,10533179.199612046,10538275.247197926,10533179.199612046,1.0,1053.3179199612046,0.9968598913422718,1267247.905089,220607.330991,1487162.5050899968
AUSejoEUCh2DBs9mof6BNC8Pubs22w4cJa1ccV9h44R,4xkyD7AfGQDwsQMy9MosRRNGoVJ1zosNinesxg1TzHG7,Cbm5gsQe3nSiCsFrvepVzMCD9xLK3ri9g3ypS2hdmVJ7,5496.270964000001,5482.404948000001,5497.150508081295,1.0001600256040968,0.5497150508081295,1.0,14399.142039,14474.950519,28876.39678940327
WiiQFxXqp8P9Fs1rt9SVcDyA3KUdJmUsog6wnVQAwba,3S2jpqSYxho6wiz3cafhjXruVY8cg4HYa2v3BqBHYFSj,Dfe67M6TfrG74gKRtdqys4e6E9QirPD53BkF4FujFjuv,33491.92461284699,33513.337924541,33512.51483601229,1.0006147817243505,3.3512514836012297,0.999990576088811,10254.345493741,16528.910856868,26789.404767825763
STK75uPSyBnEhGTTzb1nwmP3n427XoXmfRhXxxhyady,6TYyD5fUmDe6N65avW1Ny2RxzRNobw2RRgKwH9CTzSAU,54zDfk4cx2vGrEajPtodWpArNe5eUurytyxd4X3aZAxK,1250.229134331998,1401.3965052550116,184114.55280026642,147.264647530902,18.41145528002664,165.68564198050012,4782.677009412,862.313918283,847192.2791846461
heyk4SZTeCUV6a65WiVA5bzic3KcxgVf1qxobfeV4tQ,9ZDpBKPqMABtGfq66FbVribaArMvtk63xxy91onZAtDt,DaTP4s6N7xxSPinbNZ3FB52EpRDRt87QShTuN3VPCW52,223.33746990000225,194.22419345499975,37458.16138958074,167.7200041997089,14.983264555832296,147.39360208591424,629.655956326,4468.216652695,764192.446980351
BSCuChvaSj9b5HUSqgDVRzcnr2sSn7cXaamt1jbKH6hn,GnKpRj5kBVPMJfiwZtEuD9GYApLzPdW5JFuZTcyX4BTc,3dmwD9okkomV9nDwyuh4UMhKdUR13QpuKxRo89ycZB5t,558.772680795,560.1368604220002,558.659881219723,0.9997981297598221,0.22346395248788925,0.9987984454700994,1746.911625637,1361.518650323,3106.4416875887237
BkwbeSfcX1h4thMDd7obGkHrPevf3QwgzJ4pCEqG18Lu,35yX27bmurdebhfAb8EPmjLETDiUaEUCn9zHaDPbakH2,2CxECn1ZJFoESyUnQysQU8rRgT3iJ5GRs2Mdd6gZjx5g,0.0064738200000000745,0.004135039999999979,11.436430123483094,1766.5659724062396,0.004574572049393238,1133.7868480725624,0.86972069,22.68671751,27258.32091522719
FrnkTEL6yZ5Aycq2TrEgu29dCrwKG4LPUZydfiwqspkc,DjvZuMZ46fxKBoBpGMPcRcos4xdTtHFxwMh69DpA2ZFY,9rvDPJLAng4uVVqnnSoEXgNDFhBZQTny9AoQioYDZbQX,171.73132316399852,144.2256451250003,30210.6820693689,175.91829791306364,12.084272827747562,147.76540291783476,176.149635722,1441.720811214,244024.40065828472
7oAd7xG4m3oC2qeWB1szghTebAZyyGPAFDJ4wwwbRSNi,D9yh4KAysxt9GLacVe4Wwh2XqghhcjTCSTV9HuM7TBJd,HDYfJLpZKaMFb84jM4mRytn7XLR8UFZUnQpSfhJJaNEy,881.9977704309704,882.0136609979704,881.9841252545685,0.9999845292393481,0.35279365010182745,0.0228130341798922,956.239905011,300037.368481731,7800.987853670944
wrmcMSHFi3sWpAEy4rGDvQb3ezh3PhXoV2xNjgLBkKU,8p4mGnARWPBu6P2Gcw4adodLkNDorrXniZMhaY7eJXUn,AyY89zccbsgp9LKFgH4CFZMJmpSgqmPSdTfukhP227rc,0.008755899999999997,0.11017179000000255,2.2240030480060953,254.000508001016,0.0008896012192024381,3134.010279553717,27.20972269,0.0841642,7175.054853797186
SQDY9uoDoCbNq7F3HAHYYQZbrUzpKxDtdWLvYcqBLak,GiehZ4X2uQjhEKuxSm3ACmEFrabxh3RTvjbLfLjw1xGX,rxDQYV77NKRKYxCjq4cECX3QQsiSyLv1T1FT2X3zNA2,0.005631132000019079,0.0010920419999820297,0.005643604297793952,1.002214882864552,2.257441719117581e-06,0.999899439113509,168.73007208,237.833967042,406.91383967282127
MARpDPs5A7XiyCWPNH8GsMWPLxmwNn9SBmKvPa9LzgA,6YjT74rmcfCpw8LSjPNx5JTmZoYLGrTKnf9arfSgZ4SR,F8GSmi3vA8M8TsybLya1LQ4n1aFHCRbZ6k437PeTdXtg,70226.47751500015,74043.38601899956,66067.65101867651,0.9407797935552821,26.427060407470602,1.0,318555.483286,16567.593321,316258.15512270614
SoN9GaFpSXfpyR5dth3x7PHPVhvJMpQqqDJfCSmPv1t,9kZ9iS68ViMPtoeqtnhAKuF2iqVyfHPdZHoUNdwCELr,BBhm5fJLjw3HRzjtKB8uMEYjGhY6EDm9co3cqpjrSzB9,4.122881499999998,4.046856562999997,721.491474063622,174.99689817997978,0.2885965896254488,172.3327372918393,3.688495911,5.956302042,1671.9411784093709
DFWzVTzNBrQZLjoQ4yQwkj9HuoXmfkuZP9V5vbymZe23,DhgiEgiNdqZdRdo195UUHnoEJUtefK8buko8nU97XJUZ,2K2kkXsouBHtWVjtcgkyiXd8eP3oVBvq1bTJzcVdLLr2,361.35502817700217,405.30927523900573,297.8140045621406,0.8241590163130723,0.11912560182485626,0.9999612155042955,61881.184819955,7134.947980666,58134.60766480822
