0,1,2,3,4,5,6,7,8,9,10,11
daob129AwBGn9Y5r91uLoWZeYiGzbPmksauMhFZKTze,6VW5GQNyj4LStgmxEHLr5zUfW92vQnmbw8jTnCH7a38F,4VPCCUifPeBA1c7HWK358CHn2nyjm8pdTRk6Ps3KmnMQ,48.622595256999844,43.57941740199997,7691.245902202036,158.18254582152898,3.076498360880814,141.4693087286139,48.358395662,223.854438512,39317.98680978459
KEnkcdADoLR5jS2CLLLesy8TtFsyWL37BhXNfDMzWzP,3qsjFRuw1qeLMPo4DLwaQevenGAGBj9dA3Q6rb8ax2YR,77iEv8zPQAEyCcEbvBRSB6AFcUdfkhiqnAKtPxk76rNN,0.053769999999999984,3.5441390000000013,0.0007699650013174747,0.014319602033057,3.079860005269899e-07,0.9998510221976926,109.086813,0.406854,1.9688731369997288
wrmcMSHFi3sWpAEy4rGDvQb3ezh3PhXoV2xNjgLBkKU,8p4mGnARWPBu6P2Gcw4adodLkNDorrXniZMhaY7eJXUn,AyY89zccbsgp9LKFgH4CFZMJmpSgqmPSdTfukhP227rc,0.007054350000003387,0.03777774999999779,1.9732447552457029,279.72027972027973,0.0007892979020982812,3045.345189877273,27.13660188,0.09051066,7866.294071595086
WiiQFxXqp8P9Fs1rt9SVcDyA3KUdJmUsog6wnVQAwba,3S2jpqSYxho6wiz3cafhjXruVY8cg4HYa2v3BqBHYFSj,Dfe67M6TfrG74gKRtdqys4e6E9QirPD53BkF4FujFjuv,12072.932097987998,12118.086356777003,12036.654584004178,0.9969951364184458,1.2036654584004178,0.9999715738080714,21571.482877896,5227.59930829,26734.114222144828
SAMyS8Jr2HJrkFwYVKbpUwsNStnQmvz3f8Tup8bWUWF,6jPzm5TFfquvgm25sTyN3MMGBfufRaFHMxobDWv6hMFW,Cj9ECoDmxsHTDzCY5ZA6RWrPbg9uFzEC1Qc2kso2vJG6,3396.966146010014,108.994791019996,3413.2060438383555,1.00478070640987,1.3652824175353422,0.01760081284721601,421.68008457,111967.88760386,2394.4218478668754
C2ypsDADXcCRz8HbV2zX1AXPSja7a1P3xZtRC91xGhJh,J9bYNuDpY1d1T86gLaw7DGk5D3CsUAf2tzUwxMvb6FTv,A2NGvvPrMGzsJ4jb52KEnSBVmsA7C34dV1GC7PerdgvG,0.6881204179999996,0.6898977840000002,97.40023926824449,141.54534107756203,0.0389600957072978,140.54701178079108,4.050259059,2.975004191,991.4232490390202
AyiATPCAx5HZstcZ1jdH9rENwFb3yd9zEhkgspvDrCs4,DvHVapj4g2Y1tJVSw2ubSPkPBsJPb8fW387ZWXwaKmZq,DKjqWWgrtDRPKrnMWtZ4UiJk4sGQVCQgFjSo7BvfngvK,0.0001292800000000094,0.00013044999999989315,0.27119781833440193,2097.7554017201596,0.00010847912733376078,2270.09602506186,0.80222314,0.31854276,2405.9905786081417
BUSDTd9WiT6uBHJRgNvFXBsA7JrifsAtWzKfioN7ERcy,DyBxrn7gSc1EwnpWhDyhzvMHPtxpmBqRqotapLcKcfTM,Cds99GeBgoCpqBsoRWu1C6fF9LiUMd4pXQQD24s9LPff,2339.8061738799997,2342.00340161,2340.111652055059,1.0001305570429164,0.23401116520550594,0.9992275970674669,295.42602825,354.03810892,649.2292470450906
BSCNHw8CmxbZ8hCWWzMf5FaG2ajPT6JxfznKUNuRVrn4,7n9kgNL633yGzCYksgnzHyjG73ZLBAwvEae5sbAekbzW,SscdxE99omdG9AiMVwmaEMQySQnCgeAh1sPj2Leutm2,1496.1672540540003,1486.1253389150006,1502.7865101699529,1.004424141818381,0.6011146040679811,0.9999723707633958,4296.937203071,7401.008937659,11716.751916074016
MATgk4zXLXtYkwBH678J1xZbRDZ45LicNzkRBHkxTuY,y8dALFo1bJrSzPYjMX14HJX448pXqYmrfXHD1K8MXih,GN7Yuet3UyiWS5YVkEHv6oQKi4HGBJc3XDPt9zQhAqZz,1388.7360950000002,1385.3235189999996,1392.775142914452,1.0029084344599337,0.5571100571657808,1.0,3478.898831,6587.379477,10076.396457242703
BkwbeSfcX1h4thMDd7obGkHrPevf3QwgzJ4pCEqG18Lu,35yX27bmurdebhfAb8EPmjLETDiUaEUCn9zHaDPbakH2,2CxECn1ZJFoESyUnQysQU8rRgT3iJ5GRs2Mdd6gZjx5g,0.016935209999999756,0.011172120000000008,35.52592825676475,2097.7554017201596,0.014210371302705903,1386.9625520110958,0.91365479,22.61924688,33288.67264828381
SoN9GaFpSXfpyR5dth3x7PHPVhvJMpQqqDJfCSmPv1t,9kZ9iS68ViMPtoeqtnhAKuF2iqVyfHPdZHoUNdwCELr,BBhm5fJLjw3HRzjtKB8uMEYjGhY6EDm9co3cqpjrSzB9,1.5084150669999996,1.480498503000002,255.11265705702306,169.12629861514313,0.10204506282280923,165.75160729333592,3.740712643,5.910849282,1612.38565245362
Sid7E679i9ABqptiAVhkmQ27YHN8vaYT4fppPwmxFsJ,GP7KB8o1bv527HG8kTzzzf4wJ5aEGHvcMQvVhLziUfmT,9gYxhAZ1M9wu5pxr8SBoa5NDm21gi3s9vMHaYTME77sa,1229.2150410000104,1474.534889000006,17.601870200167994,0.014319602033057,0.007040748080067198,0.017614760915995047,104132.846182,27331.286011,1972.574984506224
moFiBS1R4Lf3E3zzmBPnw3NF4RhWPkhREFviuzUaCAU,44ALBrpqi9PfZkBRTvbtRNtFJGsatfY4QydjtMbFWq8S,2ho8qEEie1UjVwWNBo9y4oAJZMyMLx8zPj9bxyUz6uWs,0.09156194499882986,0.09164700000110315,0.09157115366875625,1.000100573113934,3.6628461467502505e-05,0.9999723717633404,31784.71937816,35329.253401533,67116.1933829224
heyk4SZTeCUV6a65WiVA5bzic3KcxgVf1qxobfeV4tQ,9ZDpBKPqMABtGfq66FbVribaArMvtk63xxy91onZAtDt,DaTP4s6N7xxSPinbNZ3FB52EpRDRt87QShTuN3VPCW52,101.75594815500062,88.33560401999978,16587.55879558714,163.01316135662162,6.635023518234857,141.91116304428962,630.159834483,4468.034287259,736788.2890057275
BUSD5rCfUDpCxKGMvYU2yThChxgHoioK74PTPociGnv2,CcFHbafgYDZ8yA8Me1PdtDiVb2eeaS61LbqyKKK5CsNZ,26R9s4nmF3CFDTkiePDwRmtscn8i7r2eygbSijditJ58,615.94489746,617.2358283099998,614.0822141614284,0.9969758929633921,0.06140822141614285,1.0,90.22309122,57.45754152,147.40778845497707
HDSBGqAuMRr6X2AfmmbXQPpRgU6VEhtfNVVZ3wUTZXg,DCZ1d8kNLgDcdSd99y4udLgwq46mfDXNS9KXj96kQf5L,Fq8GGYQM5Pz3q7LmVMbrXHJgsxA5ev86kTq8yGgGuYsa,1754.189328073,1784.3691093460002,1744.8659978010119,0.9946851060357151,0.6979463991204048,0.9999723727632853,14003.253548794,13208.567441367,27137.0302661748
HEDSDjj84KS7LKhZY7ejkCACTdPen62rKhCby1wXtgxc,EnnjMSFttpCTywBrYNt1J5QQeoSVkvzPipJDa8Y7kJow,6bjVT6JN2rSvpyn9PdfLYC8wJn4LWh49jpY47fnLDXZk,6.234441950002292,6.342348768001102,6.03745602481898,0.9684035994298993,0.0024149824099275923,0.9999720577807893,39141.656304322,9081.949379654,46986.61646258701
SoNcU2iwHMw6dGzsYNQkYFkUjwN1UdAjrWVRnStrZu2,8ivTTid27jZnYNc4w3CTA1Z6QS2twsFb8WMwUabeDJgc,CyXm53PMvHCbeXJBykU46Rcbo28xk5srhMZFg7gv6EYB,2.2215522140000026,2.202727775999996,372.3373999811955,167.6023627240278,0.14893495999247822,166.04058297512844,21.879691649,27.87156049,8294.898168231737
Lid8SLUxQ9RmF7XMqUA8c24RitTwzja8VSKngJxRcUa,4PgzyzLtds9bKZ2to9PMnKqJzKEUpjvNUaeN23phegax,AtymwxoVN9peZo7EXTcDz9jKVc4vRmisJKKrNfe3ewBa,124.78329486899815,106.00236832800204,20815.530008652306,166.81343468695206,2.0815530008652305,141.62021169672485,985.124766116,7679.236008183,1251867.0749789793
vEnkoSUkpnbRrPgBz9DfcVxNz67zjwMYBZraAvDDNSf,DtfyjjsZ5yCjWKLKHvwsfXs5QVsmm1QkK6Sh9JZHoq1g,e5wrKCRv4GhHvEf1VD5Pq2KGaZDXP77nTL612Jyrxwy,1201.0210979999997,1200.998729,1200.0430629037332,0.9991856636840974,0.12000430629037333,0.998724628649215,966.68617,978.123446,1942.7749377251287
parEAJhzYzHW87y9VoZAQ22dzQ2MD2ekEtTReaxbMcz,3oyc6hpjYSJEquK6dSvG72NXyz3pqLZz5D8AC71pwgQb,Di2vordgFJVZ1aj1aBpvzXtLfZgJsuLLXawGtVFwX6Rz,12.944082169000097,15.240030831000013,1761.3133687789182,136.07093541148123,0.7045253475115673,162.5325166616146,1104.264743683,142.422776535,173406.6689150337
KZMu9QBEdL97EFgamLbN5DE1AoKBG4HdrKKJo4Vuon3,DD4ACBWyVqdaKWh7v5btsgqQCCMwbKnuL2xd9pv7Gyuw,GcYqiJ1MAuYbNTNYXm1F1gQYTfTgkErACAhNU5dpVj9T,62.79848393999964,62.47299653999994,63.142662596708405,1.0054806841680701,0.025257065038683364,1.0,2052.26697669,2639.02719677,4702.542000587799
ercAoEmXjQzEvAFbdjAo81KtMxRGn9AW1ju882upmPH,CMRhskR2Eg6V42RTSdRTXGdozyPbWB8U9dVpijPWb9T4,7TKLLgrWswt6ZJ1pXhVR3FyufHGjJFqiEXxvWJfDcgRm,82.57819067599996,81.90821771300011,11693.023605755501,141.59941638384544,4.677209442302201,138.1748893391855,316.584033206,918.518929103,171744.36572316775
YAkoNb6HKmSxQN9L8hiBE5tPJRsniSSMzND1boHmZxe,CfWX7o2TswwbxusJ4hCaPobu2jLCb1hfXuXJQjVq3jQF,EnTrdMMpdhugeH6Ban6gYZWXughWxKtVGfCwFn78ZmY3,4159621.266274998,4161883.058231001,4159621.266274998,1.0,415.9621266274998,0.9997530609939344,1250295.647431,347585.918895,1597795.7338046655
KEVpg4SYCVrqFxKijQH6hm4QxsRdoE51ud64bEEFUC9,2bPenuBYfqzD8p5dFjCcggwkHDsc2RQDnx9AoyYGUBjA,AE6n6iLuX8oYu61vt5hoDYkjswpnxFxrhSehxrnQTnbx,3178.47714587,3179.677696955,3177.6105860423017,0.9997273663493775,1.2710442344169206,0.9999723727632853,4281.730628325,3351.359820339,7631.830516000746
DFWzVTzNBrQZLjoQ4yQwkj9HuoXmfkuZP9V5vbymZe23,DhgiEgiNdqZdRdo195UUHnoEJUtefK8buko8nU97XJUZ,2K2kkXsouBHtWVjtcgkyiXd8eP3oVBvq1bTJzcVdLLr2,507.8151400149991,588.2573518300042,440.29790099158754,0.8670436666748114,0.17611916039663503,0.9999723737632301,60370.467623556,8414.643460165,60758.24260243341
KwnjUuZhTMTSGAaavkLEmSyfobY16JNH4poL9oeeEvE,J63v6qEZmQpDqCD8bd4PXu2Pq5ZbyXrFcSa3Xt1HdAPQ,BnKQtTdLw9qPCDgZkWX3sURkBAoKCUYL1yahh6Mw7mRK,279.43876599999965,15471.596903999976,4.905179584624028,0.017553683244593322,0.0004905179584624028,1.0,280237.285317,522.874753,5442.071292779341
RajgMbScQbqqrdJfR2rxfHJiTiY5b6bJ2tTXiF4aPxy,725ZA3fhyBAKb5iopNRrcbSuQa3LXA1656Q3mBvYPxeg,GLA6i1dSZpUfk2f9Nj8uiG7xyDdAR2reff8oEiZH3617,1290.0245126700029,1289.0338249699998,1290.4840798605226,1.000356246866634,0.5161936319442091,1.0,77309.22045812,104077.49884179,181414.26046746015
BUSDgu5JdqP1rndBvXvanbEufS94FNh1w5FJcAj6vawb,Bgzr8cWubt89JQFXndVjtdKmDbGzuPxNhvjH1EhWCwbo,Dxaf8xPBBQsasRKW5Aa4Sw2YrbfGofY9xZueyyF23FBW,9610.568911749997,9564.145369240003,9648.682364933367,1.0039657853279396,3.859472945973347,1.0,5236.42163445,9786.54424447,15043.732403008808
JSoLLrxK5bYdHwTEWYaGgmeycBCNXKDiBCTw5hXGBg7,xG4wXczA7Dk4hccJ61CHKpDHW4NrNfQwgmWgkb9BuF2,BVR6WgfhsRr9Lob4QDnkEAiNGgAbv7ZieKcY9kSg3QYR,1.4155520899999487,1.2105980790000217,234.57252946050446,165.7109838045684,0.09382901178420179,141.6940974631514,17.232949239,163.681845081,26048.44028210454
SEQV6QiTpvTzrceiaYg9Avnwf7oc8ZALpnQMz6TyT4A,3dFMPj4r9mMmPHF32mz1gNDX7f8ftidWof7S8YiYTs1j,Fc1ED3YPeQfXQosHbd8DTaBd2AV5gHQtwiSAL5C5pUhi,1127.5717706580006,1125.7751557760005,1129.882260112411,1.0020490841599041,0.45195290404496435,0.9999930000489996,1458.045699909,4166.176049586,5627.180244814894
GokA1R67GqSavkd15zR62QD68Tuc5AEfvjssntVDEbM8,3YB7hfpBdbQEuZqLGWVDpRPmeZWCUsrrWyqGXegnQ6Cg,4DPCj6Z1DsG6HUtwSogBGqXEUxdEV5a8YVrrFtcnz7UW,11298.273971999997,11296.511797999996,11300.601895990572,1.0002060424447436,1.1300601895990572,1.0,14426.081216,18156.346686,32585.40028704182
NorjjEePhxfwLF4vZjUHCrVVKLzQjEEGQFd3wgjEJmh,34M8pFVqgbV7aqHxvRT5tCv3vu2P1JJYT8J3VaxBK2oG,3AZWBSze3ucsY3xSeuLne3b2pauVqiaJ1SZSV5T9WGWw,1.366917000000285,2.3007490000027246,0.8110707496008394,0.5933577163797584,0.0003244282998403358,1.0,38120.259228,2262.724992,24881.674955330494
ALLwa5WNZbvQsRKAqe1jdRGemdYQnW8E5k4msbRFcYtu,CGoM82Hbz7QVqTgvQatYtjvDWBvoUJp5qm21P8iMs9yb,3dxNNww8TivyN5FMy5dCNdi3Zcxv6e4kUfSPxfFwpdNq,0.8646303399999966,0.8631484650000023,2631.8955923535755,3043.9547059539755,1.0527582369414303,3038.645493384869,2.100060736,6.530583422,26236.617644570608
MARpDPs5A7XiyCWPNH8GsMWPLxmwNn9SBmKvPa9LzgA,6YjT74rmcfCpw8LSjPNx5JTmZoYLGrTKnf9arfSgZ4SR,F8GSmi3vA8M8TsybLya1LQ4n1aFHCRbZ6k437PeTdXtg,42009.6041100001,43989.733438999734,40144.1457988723,0.955594480104045,16.05765831954892,1.0,295526.558518,16326.269095,298729.81713894586
STK75uPSyBnEhGTTzb1nwmP3n427XoXmfRhXxxhyady,6TYyD5fUmDe6N65avW1Ny2RxzRNobw2RRgKwH9CTzSAU,54zDfk4cx2vGrEajPtodWpArNe5eUurytyxd4X3aZAxK,431.5625043559983,484.79463410399075,61058.68840541036,141.48283919272723,6.105868840541036,158.77559879438513,1754.543037538,314.090085684,298107.57186656486
SUiuyGR7SFq3xeRVJonq84fjjeFwRSsFekcevJ53tzy,49GjCCPsv7fBqo6t3iKDrP1xxGDS8uWZbVCdfnp2gjMf,CEwj5xEbbJEjYqM8D6Ai8ByGz1mrh8mkAVsE5fzDSSSx,3.587194999999973,2.947931000000091,0.05136720481497152,0.014319602033057,2.0546881925988608e-05,0.9526667524066744,585.573907,2.351166,10.625062986771322
AURHmCnNwiW4uA2Qj1XvEh4iKgRUZYXtiY7FKAapUV5Y,BKWm4TRnTeKwfWXRyuzjRHU7iZDkPuXBX5b5V5jSVfGJ,A5Ww74HVrkj9nPeC7pHKLfgeDMEhBCpW1efQdz3TGLEg,0.0003186529999652521,0.00034281600005670043,0.050550289404662656,158.63741879152235,2.0220115761865063e-05,141.36329632065267,289.889047325,1809.499557634,301784.07236147654
Lee1XZJfJ9Hm2K1qTyeCz1LXNc1YBZaKZszvNY4KCDw,9DgFSWkPDGijNKcLGbr3p5xoJbHsPgXUTr6QvGBJ5vGN,2hNHZg7XBhuhHVZ3JDEi4buq2fPQwuWBdQ9xkH7t1GQX,1856.91702406478,1571.3016451020185,310529.3422478546,167.22844274867373,31.052934224785467,141.62871607195586,7144.628377299,56500.267224579,9196845.382293228
B2izdXFYb2sNwbWWHmh75T4aQFtfXsUxem9u2p61HGzf,4DYwgJtxwuJdAjkj5RJSNH4e7U329V5cNp7d3a1nLrZv,EXNW64GEf1ACC6xY9BtKRiunrs6GoJSXBdxWN2eTPmrF,46861.03480200001,46422.19291799995,47186.24238451408,1.00693982930356,4.718624238451407,1.0,10923.115379,28937.964333,39936.88426819335
DEDaBEWzMCXohXYXoLzB4jK1xqMsd3SS9izXp2xvg9pe,GC5zHpW5GuVdw3C7covC6viyGdLS8ZAaVGDKMeru7p78,F8juxtAFueW19vxkdDArUkjVWAv9QV6yy1wCXUWQiXvh,0.01988292000000058,1933.768051629886,0.019869646877190148,0.9993324359394681,7.94785875087606e-06,0.0,41.90798471,8574720.66863979,41.88000844555828
AUSejoEUCh2DBs9mof6BNC8Pubs22w4cJa1ccV9h44R,4xkyD7AfGQDwsQMy9MosRRNGoVJ1zosNinesxg1TzHG7,Cbm5gsQe3nSiCsFrvepVzMCD9xLK3ri9g3ypS2hdmVJ7,2767.721999999998,2772.9930570000033,2765.935205857015,0.999354417046588,0.27659352058570147,1.0,14612.392513,14262.530333,28865.489334485042
BSC8REUo9LpiiWUuqMuLXs2D2yJsJfGd4HdiF3wCLxk5,AZjEH1zWVx1UJ6udMyRijGTzPteuLnaY18yNNmprJEsh,Caf8ypkSVR8xYnXNhjvfvdGCC7mrM3C11rz8Xi6NA6aK,2717.7678720669996,2709.860298084,2722.021474310109,1.001565108737515,1.0888085897240436,0.9999723737632301,2728.63186133,3621.51889468,6354.321312639178
BSCuChvaSj9b5HUSqgDVRzcnr2sSn7cXaamt1jbKH6hn,GnKpRj5kBVPMJfiwZtEuD9GYApLzPdW5JFuZTcyX4BTc,3dmwD9okkomV9nDwyuh4UMhKdUR13QpuKxRo89ycZB5t,2656.450263611,2651.4055341310013,2655.079753923301,0.9994840823084576,1.0620319015693205,0.9990169673041726,1569.960986163,1539.755498006,3107.392883523087
KEN5P7p3asnb23Sw6yAmJRGvijfAzso3RqfyLAQhznt,9zj4aX38Uxf3h6AUjS4EipWS8mwbEofasHAf3a1uKGds,CwQDG1MWunn9cLNwcZLd8YBacweSR7ARo32w4mLua1Yr,34936.340260999044,34939.266629000194,34919.78828135368,0.999526224569554,3.4919788281353683,1.0,1049247.416705,1008235.007519,2056985.3165775063
ALBpShJ9NLpE739pcHDF2LNVk5J4VYPvvKuV6jMPitZi,D6d156U1bPiJpDYRLextvDRccgFk7QzkQbJg42ceKEu5,GNcM8U5g8RwTZffwwm3kSQqUNPSwv5d2fbN9sLxPJqt2,1754.419729000001,1750.2168909999964,1755.8753496648733,1.0008296878111955,0.7023501398659494,0.9991247667043669,41174.426866,59126.176142,100283.01573010074
Cob4usZcpHEY7Qt4ZCwj6WVg9S44zvzYV2v9qYF65dTf,NhFM9UXE48PyNAyeyPYA3iXztqKVJwA4bTdLj4ysM8w,6TuFuynuBoeskxyR2cz4wxyidk8dpDK7kAWw3UkjQGx,21.827074000000096,1496.4479179999908,0.312555013226087,0.014319602033057,0.00012502200529043478,1.0,65346.921223,251.487067,1187.2289729988863
ionytDfEj1mXodptgrsKEZro7DGsfpzANUfarJdm6Qb,3gkSjY95an9xNFSjCfsay6JZez7uv7yfW3Ad4ubc4fMK,9wXqANaSuEqkKL9yHzCPEDGHwbkStVAqV5rB3QDs3Jr6,0.01766792500000003,0.004637630000000004,14.731151999653171,833.779405315177,0.00589246079986127,3043.5841246652058,3.147444481,0.085477546,2884.4324896516555
C98Sspw7XqnMsgxea3SLQVdbMDL8pKUc3RE82UvX9eq2,CSqgQJurPCzGxb4Cgwx5R61hWQUiaoUHcShNc8r1cKEL,6S2CR5EnukPhC914XkAns8m5GixjMAoUuZMsS5ubHuWc,17.282345000000078,17.20561900000007,0.0,0.0,0.0,1.0,908.73929,1210.726556,1210.726556
BerKDkt6v49dT1bHRedgnpsJS263C1DSJtEGvY9Mg35V,78XKqNb8wbfsMMrvo8WPUpdx7GEkfQutpNVH943aCGFa,DKYQwn4nDvFHCszi5tXbqfVMAP7DaXXp1KGTXEnYnKVH,0.0011521480000737938,0.0011521480000737938,0.0011546565526311821,1.0021772832632854,4.618626210524729e-07,0.9999723737632301,1338.317413093,1742.592913593,3083.7760815060665
MATSnbbiTCv7Dc3trJrkrqjx7ckKdr6fwPoVwv9q3sD,631WX9JizSHJm4w6VanZeJAst9T8DeUUnPLesdGkCVtK,211maUSfpnXbPuW1iBu8b4dtJv5EbN1j7JJiEX5TZKEP,1404.1958389999963,1403.926105999999,1404.2379661389805,1.000030000900027,0.5616951864555922,0.9993783866435079,21859.071567,23687.321319,45532.32432250935
FrnkTEL6yZ5Aycq2TrEgu29dCrwKG4LPUZydfiwqspkc,DjvZuMZ46fxKBoBpGMPcRcos4xdTtHFxwMh69DpA2ZFY,9rvDPJLAng4uVVqnnSoEXgNDFhBZQTny9AoQioYDZbQX,22.47812600999896,18.819521933999994,3787.61088658192,168.50207552431527,1.5150443546327683,141.7192385992187,175.701428589,1440.136887114,233701.15851027882
