0,1,2,3,4,5,6,7,8,9,10,11
C98Sspw7XqnMsgxea3SLQVdbMDL8pKUc3RE82UvX9eq2,CSqgQJurPCzGxb4Cgwx5R61hWQUiaoUHcShNc8r1cKEL,6S2CR5EnukPhC914XkAns8m5GixjMAoUuZMsS5ubHuWc,69.79927999999938,69.56610900000021,0.0,0.0,0.0,1.0,885.453941,1234.133394,1234.133394
moFiBS1R4Lf3E3zzmBPnw3NF4RhWPkhREFviuzUaCAU,44ALBrpqi9PfZkBRTvbtRNtFJGsatfY4QydjtMbFWq8S,2ho8qEEie1UjVwWNBo9y4oAJZMyMLx8zPj9bxyUz6uWs,174.00271855599567,173.9955296070002,174.02873654822457,1.0001495263547882,0.06961149461928984,0.9986995473791784,32161.139099691,34952.806679897,67073.30024843148
daob129AwBGn9Y5r91uLoWZeYiGzbPmksauMhFZKTze,6VW5GQNyj4LStgmxEHLr5zUfW92vQnmbw8jTnCH7a38F,4VPCCUifPeBA1c7HWK358CHn2nyjm8pdTRk6Ps3KmnMQ,25.100323722000127,22.43224248999998,4152.016037823571,165.41683222134623,1.6608064151294286,148.4291079573884,48.162863501,224.088521365,41228.20764074163
TETFuZgEmET6d9vYmz9iMFCxK1jKdKYxf3oPz8hSzJK,Eu1Ze6Z84LWNkq7SNoAHBJbXx5t1P95EwyqYohrfCRFV,ASMbv7WNu3qe4pkhREmvyEdwFNDZQ6B6iSrjkj4u8bdC,206.92734360300003,206.707963,206.91395647692994,0.9999353051856898,0.08276558259077198,0.9994210483791475,111.865760876,240.652829629,352.37202702459604
SoNcU2iwHMw6dGzsYNQkYFkUjwN1UdAjrWVRnStrZu2,8ivTTid27jZnYNc4w3CTA1Z6QS2twsFb8WMwUabeDJgc,CyXm53PMvHCbeXJBykU46Rcbo28xk5srhMZFg7gv6EYB,11.436609556000011,11.323158644000003,2009.2395419613729,175.68489438439047,0.8036958167845492,174.23712452988644,22.48207336,27.269639292,8701.144220999007
SEQV6QiTpvTzrceiaYg9Avnwf7oc8ZALpnQMz6TyT4A,3dFMPj4r9mMmPHF32mz1gNDX7f8ftidWof7S8YiYTs1j,Fc1ED3YPeQfXQosHbd8DTaBd2AV5gHQtwiSAL5C5pUhi,1656.54714208,1655.4967341179997,1657.468585220456,1.0005562432345263,0.6629874340881824,0.9975500171578603,1534.716552992,4090.859621057,5616.407313867326
GokA1R67GqSavkd15zR62QD68Tuc5AEfvjssntVDEbM8,3YB7hfpBdbQEuZqLGWVDpRPmeZWCUsrrWyqGXegnQ6Cg,4DPCj6Z1DsG6HUtwSogBGqXEUxdEV5a8YVrrFtcnz7UW,9988.509093000004,9986.123943000004,9993.685822255931,1.0005182684630638,0.9993685822255932,1.0,10863.498157,21720.963468,32590.091833493327
DA1mL7dfBow33EH5yjUuZE6SH2KeUK5zEXzsyhE5r5j5,B4UtLRZND3D83CitRCBUyeiNr7H8m7YFRqBmiPmXjhW4,AAmpYbuixWiSqDaJBCqYEs1pb5SrbdPr9mgXrB58Q2e,28.593406218999917,24.167177883000022,33.219352579107785,1.1617836757424862,0.013287741031643116,0.9986712738621539,191.624240766,2942.196036527,3160.912578549086
KEVpg4SYCVrqFxKijQH6hm4QxsRdoE51ud64bEEFUC9,2bPenuBYfqzD8p5dFjCcggwkHDsc2RQDnx9AoyYGUBjA,AE6n6iLuX8oYu61vt5hoDYkjswpnxFxrhSehxrnQTnbx,2883.6906284819997,2883.3133105170004,2883.46653699661,0.9999222900393072,1.153386614798644,0.9986889790322871,3228.695513042,4405.893995593,7628.56238742385
BUSD5rCfUDpCxKGMvYU2yThChxgHoioK74PTPociGnv2,CcFHbafgYDZ8yA8Me1PdtDiVb2eeaS61LbqyKKK5CsNZ,26R9s4nmF3CFDTkiePDwRmtscn8i7r2eygbSijditJ58,613.0206147700003,610.8584184099998,611.9853558626089,0.9983112168131901,0.06119853558626089,0.9984161525522374,73.39366098,74.3384148,147.49038909076688
ALBpShJ9NLpE739pcHDF2LNVk5J4VYPvvKuV6jMPitZi,D6d156U1bPiJpDYRLextvDRccgFk7QzkQbJg42ceKEu5,GNcM8U5g8RwTZffwwm3kSQqUNPSwv5d2fbN9sLxPJqt2,2933.0724090000003,2928.3183110000027,2938.1730774624752,1.0017390189368744,1.1752692309849901,0.9992126204550814,42572.7391,57727.539089,100328.85950503233
parEAJhzYzHW87y9VoZAQ22dzQ2MD2ekEtTReaxbMcz,3oyc6hpjYSJEquK6dSvG72NXyz3pqLZz5D8AC71pwgQb,Di2vordgFJVZ1aj1aBpvzXtLfZgJsuLLXawGtVFwX6Rz,4.699816697999978,5.522051113999623,681.1654322598006,144.9344678803479,0.2724661729039202,170.94338526023566,1104.350844384,142.353848173,184392.9506955222
BSCNHw8CmxbZ8hCWWzMf5FaG2ajPT6JxfznKUNuRVrn4,7n9kgNL633yGzCYksgnzHyjG73ZLBAwvEae5sbAekbzW,SscdxE99omdG9AiMVwmaEMQySQnCgeAh1sPj2Leutm2,912.2665662509999,907.5576879660002,916.0059581377807,1.0040990123118816,0.36640238325511226,0.9986918614678727,4167.733593422,7531.132420541,11706.097840765216
MiMuMS9C4vBqcrYeeQPph1E7oAW9aNKvW9k6Zw9XffM,Afy2q2hh6Y474pshJa5fnQ6PfEchGyTbKrQpCZw2hr3m,5pXz9ksgjeL8Wgb37bksUaBFMLdFfsNNY3FQnikkCPtS,2.5794501720006977,0.9221005439996688,0.0,0.0,0.0,0.019146667493802703,25.978825011,7675.542599051,146.9610619785477
KEN5P7p3asnb23Sw6yAmJRGvijfAzso3RqfyLAQhznt,9zj4aX38Uxf3h6AUjS4EipWS8mwbEofasHAf3a1uKGds,CwQDG1MWunn9cLNwcZLd8YBacweSR7ARo32w4mLua1Yr,88812.55054800026,88815.93551799888,88764.1740731304,0.9994552968632096,8.876417407313042,1.0,1124942.238091,1143257.002822,2267586.4813472037
WiiQFxXqp8P9Fs1rt9SVcDyA3KUdJmUsog6wnVQAwba,3S2jpqSYxho6wiz3cafhjXruVY8cg4HYa2v3BqBHYFSj,Dfe67M6TfrG74gKRtdqys4e6E9QirPD53BkF4FujFjuv,29097.316104253994,29086.617303924,29007.86322207438,0.9969257342546951,2.9007863222074377,0.9986918614678727,21650.282770047,5153.108601397,26730.091668826157
KysFMBBoavfov2tLpvefWW6tPFt6rAeZWDJVy1mMQae,B8ka2V21TH3x64dFV8ETcjuQcwmrciJ2qzy1mJUttRew,7fSf7EYxBANyxzk2s5pymFgshA91tFYQNKKs5UnLWcYS,167.9428729999995,222.47621700004674,0.0,0.0,0.0,0.019146667493802703,134423.816564,2670.912328,51.1390702493145
MiMUFdSLMyCLpqpH6zkqdDrGYs7XBomwENbivdYjv9V,,,0.054202831999999965,0.05710940700000004,0.0,0.0,0.0,0.019146667493802703,134423.816564,2670.912328,51.1390702493145
AyiATPCAx5HZstcZ1jdH9rENwFb3yd9zEhkgspvDrCs4,DvHVapj4g2Y1tJVSw2ubSPkPBsJPb8fW387ZWXwaKmZq,DKjqWWgrtDRPKrnMWtZ4UiJk4sGQVCQgFjSo7BvfngvK,0.003516169999999985,0.003548180000000123,8.079806057263626,2297.899719656234,0.0032319224229054506,2537.233907593941,0.80222595,0.31854276,2651.652277296515
Lee1XZJfJ9Hm2K1qTyeCz1LXNc1YBZaKZszvNY4KCDw,9DgFSWkPDGijNKcLGbr3p5xoJbHsPgXUTr6QvGBJ5vGN,2hNHZg7XBhuhHVZ3JDEi4buq2fPQwuWBdQ9xkH7t1GQX,778.1945046349792,658.0351846579733,137003.37328471328,176.05286656319453,13.700337328471328,148.73712512852745,7129.031481236,56472.296356241,9654613.437524356
HDSBGqAuMRr6X2AfmmbXQPpRgU6VEhtfNVVZ3wUTZXg,DCZ1d8kNLgDcdSd99y4udLgwq46mfDXNS9KXj96kQf5L,Fq8GGYQM5Pz3q7LmVMbrXHJgsxA5ev86kTq8yGgGuYsa,155.72799316700002,156.26758189199973,154.2607804729871,0.990578362539871,0.061704312189194845,0.9986351772868242,13657.936475477,13052.8394482,26564.280986001242
BUSDgu5JdqP1rndBvXvanbEufS94FNh1w5FJcAj6vawb,Bgzr8cWubt89JQFXndVjtdKmDbGzuPxNhvjH1EhWCwbo,Dxaf8xPBBQsasRKW5Aa4Sw2YrbfGofY9xZueyyF23FBW,9148.035220769994,9102.462548230007,9199.442348574794,1.0056194720029152,3.6797769394299173,0.9993213109316806,4848.56336243,10180.83704191,15049.73714760285
7dwD9TF6uikvHXxPFK9AsSim54yJoujQjY9vU6gNFumk,CquVr6atkvwueDYficKjn6SSEWq4F4rH4VSiBbW4GBWU,8BCa6ge3b7ho3TfZuM64Vk1hgbrJ3J7EPiAb9uP86CGd,1.1825000000000464e-05,1.1824000000000123e-05,0.0020728046106888117,175.29003050221823,8.291218442755248e-07,176.03328014781164,0.003937636,0.003570527,1.3187599142129578
MARpDPs5A7XiyCWPNH8GsMWPLxmwNn9SBmKvPa9LzgA,6YjT74rmcfCpw8LSjPNx5JTmZoYLGrTKnf9arfSgZ4SR,F8GSmi3vA8M8TsybLya1LQ4n1aFHCRbZ6k437PeTdXtg,42963.702892000045,44854.15020900031,41000.24228902111,0.9542995489026032,16.400096915608444,1.0,295611.174443,16269.991538,298371.6019595236
JSoLLrxK5bYdHwTEWYaGgmeycBCNXKDiBCTw5hXGBg7,xG4wXczA7Dk4hccJ61CHKpDHW4NrNfQwgmWgkb9BuF2,BVR6WgfhsRr9Lob4QDnkEAiNGgAbv7ZieKcY9kSg3QYR,2.3019895389999476,1.9652182600000039,401.3227215940757,174.3373350725226,0.1605290886376303,148.77788636910395,17.125055866,163.80949109,27356.766454215278
7oAd7xG4m3oC2qeWB1szghTebAZyyGPAFDJ4wwwbRSNi,D9yh4KAysxt9GLacVe4Wwh2XqghhcjTCSTV9HuM7TBJd,HDYfJLpZKaMFb84jM4mRytn7XLR8UFZUnQpSfhJJaNEy,0.21610001199996987,9.386667870974634,0.21581732324747954,0.9986918614678727,8.632692929899182e-05,0.023056617289129472,962.313637935,299832.655821444,7874.1815944435375
AUSejoEUCh2DBs9mof6BNC8Pubs22w4cJa1ccV9h44R,4xkyD7AfGQDwsQMy9MosRRNGoVJ1zosNinesxg1TzHG7,Cbm5gsQe3nSiCsFrvepVzMCD9xLK3ri9g3ypS2hdmVJ7,2810.584459999998,2808.777024999996,2808.4668759755127,0.999246568087662,0.2808466875975513,1.0,14748.547287,14126.764487,28864.19974781335
YAkoNb6HKmSxQN9L8hiBE5tPJRsniSSMzND1boHmZxe,CfWX7o2TswwbxusJ4hCaPobu2jLCb1hfXuXJQjVq3jQF,EnTrdMMpdhugeH6Ban6gYZWXughWxKtVGfCwFn78ZmY3,4312258.244325003,4313596.616925002,4312258.244325003,1.0,431.2258244325003,0.9999480027038594,977478.904171,493178.487883,1470631.7481061155
MAR3XM1n9xWPQ3HJjAcC85o8DopWFP5p2WxGTaZ3fPB,6qG7GUhER8Cg9gDEgnebph9LdS6eu2eoWcA4R7z9uizK,4QV4CwRXVMY227KkFF9voNAfwWHVvVajXSXDKbUHkWZR,1.214304000000002,0.02527,1.160623980287715,0.9557935906393399,0.000464249592115086,0.019146667493802703,0.105758,24.557672,0.5712803987647042
FrnkTEL6yZ5Aycq2TrEgu29dCrwKG4LPUZydfiwqspkc,DjvZuMZ46fxKBoBpGMPcRcos4xdTtHFxwMh69DpA2ZFY,9rvDPJLAng4uVVqnnSoEXgNDFhBZQTny9AoQioYDZbQX,18.676464148999003,15.628067272999914,3208.2129565910855,171.77839075942194,1.2832851826364342,148.97477052671223,175.028796275,1440.951742226,244731.62009886277
DFWzVTzNBrQZLjoQ4yQwkj9HuoXmfkuZP9V5vbymZe23,DhgiEgiNdqZdRdo195UUHnoEJUtefK8buko8nU97XJUZ,2K2kkXsouBHtWVjtcgkyiXd8eP3oVBvq1bTJzcVdLLr2,1599.7492352650006,1769.810637593997,1451.672012317372,0.9074372284834383,0.5806688049269488,0.9986342169146025,57918.940583759,10601.399081607,63144.722790083
AURHmCnNwiW4uA2Qj1XvEh4iKgRUZYXtiY7FKAapUV5Y,BKWm4TRnTeKwfWXRyuzjRHU7iZDkPuXBX5b5V5jSVfGJ,A5Ww74HVrkj9nPeC7pHKLfgeDMEhBCpW1efQdz3TGLEg,0.008455620999939129,0.007546433000015895,1.4079305207660124,166.5082340819377,0.000563172208306405,148.936274785044,289.896593758,1809.491102013,317769.0338835137
SAMyS8Jr2HJrkFwYVKbpUwsNStnQmvz3f8Tup8bWUWF,6jPzm5TFfquvgm25sTyN3MMGBfufRaFHMxobDWv6hMFW,Cj9ECoDmxsHTDzCY5ZA6RWrPbg9uFzEC1Qc2kso2vJG6,3906.4091951299697,117.92316418000001,3872.954190804837,0.9914358679150048,1.5491816763219348,0.019146667493802703,448.54889623,110508.1778526,2560.570800925852
BSC8REUo9LpiiWUuqMuLXs2D2yJsJfGd4HdiF3wCLxk5,AZjEH1zWVx1UJ6udMyRijGTzPteuLnaY18yNNmprJEsh,Caf8ypkSVR8xYnXNhjvfvdGCC7mrM3C11rz8Xi6NA6aK,140.76059988499992,140.5188246089997,141.06363490144972,1.0021528397626707,0.05642545396057989,0.9988155994680727,2742.917023506,3607.274446858,6351.824073424244
MATgk4zXLXtYkwBH678J1xZbRDZ45LicNzkRBHkxTuY,y8dALFo1bJrSzPYjMX14HJX448pXqYmrfXHD1K8MXih,GN7Yuet3UyiWS5YVkEHv6oQKi4HGBJc3XDPt9zQhAqZz,4748.982185000002,4732.87931,4760.52646166955,1.0024308949201814,1.9042105846678203,1.0,3704.677724,6363.605414,10077.28882026018
MiMy69CnJDY4V6cQWkU3HHfTyb8pqXJmhX4MisFYDnM,,,0.009135077999999991,0.005901059,0.0,0.0,0.0,1.0,3704.677724,6363.605414,6363.605414
iLiUBQ7Z7im6Ew3b4ewwPcehzWgEQRJ1iQz7g6D62NW,GpugBvKWM3TVhYcZjemSdtehBWgfvuGr6uAm9iPjXT6v,92fMXJ3xy8tEyMUWLHKRLyhPw2nECBo77GtDiBBbYrjX,29.980872924999858,29.99273653199998,29.321455097728713,0.9780053826677847,0.011728582039091485,0.9966873292607953,1865.637227489,1097.929724622,2918.8958955391863
MATSnbbiTCv7Dc3trJrkrqjx7ckKdr6fwPoVwv9q3sD,631WX9JizSHJm4w6VanZeJAst9T8DeUUnPLesdGkCVtK,211maUSfpnXbPuW1iBu8b4dtJv5EbN1j7JJiEX5TZKEP,222.19374300001073,222.13582199999655,222.31668412633258,1.000553305978206,0.08892667365053303,0.9996331346395873,21752.720441,23794.099576,45550.1266963456
RajgMbScQbqqrdJfR2rxfHJiTiY5b6bJ2tTXiF4aPxy,725ZA3fhyBAKb5iopNRrcbSuQa3LXA1656Q3mBvYPxeg,GLA6i1dSZpUfk2f9Nj8uiG7xyDdAR2reff8oEiZH3617,3545.6049051900045,3544.2197158899653,3546.0599001357905,1.0001283264655687,1.4184239600543163,0.9993213109316806,77415.25924905,103972.83522972,181327.46367869794
B2izdXFYb2sNwbWWHmh75T4aQFtfXsUxem9u2p61HGzf,4DYwgJtxwuJdAjkj5RJSNH4e7U329V5cNp7d3a1nLrZv,EXNW64GEf1ACC6xY9BtKRiunrs6GoJSXBdxWN2eTPmrF,4563.716077999998,4508.072167000006,4617.608183105017,1.0118088207469376,0.4617608183105017,1.0,9667.817291,30207.961545,39989.94435740356
BSCrK1Nx9PXU9mF7STWWBqeHLxmtJDr9h7jheEy4tAWX,FfSySSbVJPvEo5a5AvrP3nySoXpRE2QPn1uUMpJJ1x7v,HL7Vcj6838ZmvBHDbQxXfjBNckNi83WvPiZQoMQLFeRM,0.24918278199999988,0.24877661000000006,784.9166582667638,3149.963460423859,0.3139666633067055,3144.060869018424,0.845156664,0.959032201,5677.4682252264365
vEnkoSUkpnbRrPgBz9DfcVxNz67zjwMYBZraAvDDNSf,DtfyjjsZ5yCjWKLKHvwsfXs5QVsmm1QkK6Sh9JZHoq1g,e5wrKCRv4GhHvEf1VD5Pq2KGaZDXP77nTL612Jyrxwy,1153.112964,1153.0111559999996,1152.5217203574566,0.9994872630340635,0.11525217203574567,0.9995731822511787,898.206845,1046.763673,1944.0631968330536
Dg3mAgpwDfVNnbGWcsxL8sUcSkEbjSJQhKAWNigG44Ju,EATxwd8YA2wV93VJcKMmH2Kn2Y9XfJVUB9hHVu3udwEy,GiGvrRi7NMHfHKanG2B8xyCEqe8jaafWins8bhrLVEaa,0.0034525669999999897,0.003487372000000044,0.6115936057512934,177.1417052156541,0.00024463744230051736,175.8967922053799,0.200062769,0.259475304,81.0803336809413
BUSDTd9WiT6uBHJRgNvFXBsA7JrifsAtWzKfioN7ERcy,DyBxrn7gSc1EwnpWhDyhzvMHPtxpmBqRqotapLcKcfTM,Cds99GeBgoCpqBsoRWu1C6fF9LiUMd4pXQQD24s9LPff,2499.05578014,2500.3423592500003,2495.0327892705805,0.9983901956485364,0.24950327892705804,0.9978177725314737,239.20102689,178.54321401,416.9695521401063
ercAoEmXjQzEvAFbdjAo81KtMxRGn9AW1ju882upmPH,CMRhskR2Eg6V42RTSdRTXGdozyPbWB8U9dVpijPWb9T4,7TKLLgrWswt6ZJ1pXhVR3FyufHGjJFqiEXxvWJfDcgRm,9.62662750699991,9.429149811999991,1435.5893961507522,149.12692893818496,0.5742357584603008,145.66462032152552,311.131925439,910.739362749,179060.6520220436
STK75uPSyBnEhGTTzb1nwmP3n427XoXmfRhXxxhyady,6TYyD5fUmDe6N65avW1Ny2RxzRNobw2RRgKwH9CTzSAU,54zDfk4cx2vGrEajPtodWpArNe5eUurytyxd4X3aZAxK,398.0723336160004,448.7604311549967,59357.86071629241,149.11325330524437,5.9357860716292405,167.92021908886824,1452.056288509,259.089392129,260027.18465181888
BkMBnJpvHKtWhUvrgRrLesXfi9RUV3ELgdBaJcdH7hcY,5uerVwBnZQsuVhZ15igs7ZgmcqhHnYWbwoRtLyRqLvR,9YWiQh5d4jCtgMdzcGLv9bWgnLaFtzvDDh2nnhJdzhBX,6.190900168000098,6.171166077999715,6.213758011227588,1.0036921679573576,0.0024855032044910352,0.9986909917485313,1115.294452557,1758.160655861,2875.2715160528196
KZMu9QBEdL97EFgamLbN5DE1AoKBG4HdrKKJo4Vuon3,DD4ACBWyVqdaKWh7v5btsgqQCCMwbKnuL2xd9pv7Gyuw,GcYqiJ1MAuYbNTNYXm1F1gQYTfTgkErACAhNU5dpVj9T,654.0917000599998,654.6667877100003,648.4899723449869,0.9914358679150048,0.25939598893799476,0.9993213109316806,2027.69361511,1360.38977637,3369.794673862421
HEDSDjj84KS7LKhZY7ejkCACTdPen62rKhCby1wXtgxc,EnnjMSFttpCTywBrYNt1J5QQeoSVkvzPipJDa8Y7kJow,6bjVT6JN2rSvpyn9PdfLYC8wJn4LWh49jpY47fnLDXZk,62.77448288699998,64.74650864899922,60.81996347848095,0.9688644283691298,0.02432798539139238,0.9986352690358766,39120.628208255,9102.339883727,46992.50272507394
SoN9GaFpSXfpyR5dth3x7PHPVhvJMpQqqDJfCSmPv1t,9kZ9iS68ViMPtoeqtnhAKuF2iqVyfHPdZHoUNdwCELr,BBhm5fJLjw3HRzjtKB8uMEYjGhY6EDm9co3cqpjrSzB9,1.2310823100000006,1.2068320649999986,219.29501633291295,178.13188813744944,0.08771800653316518,169.01513192476122,3.803759329,5.847373785,1665.8654829803731
BSCuChvaSj9b5HUSqgDVRzcnr2sSn7cXaamt1jbKH6hn,GnKpRj5kBVPMJfiwZtEuD9GYApLzPdW5JFuZTcyX4BTc,3dmwD9okkomV9nDwyuh4UMhKdUR13QpuKxRo89ycZB5t,9.167411829999992,9.174125124000057,9.16957759253157,1.0002362457988951,0.0036678310370126285,0.9994922579329701,1598.371607565,1511.363335492,3109.3451688903647
Sid7E679i9ABqptiAVhkmQ27YHN8vaYT4fppPwmxFsJ,GP7KB8o1bv527HG8kTzzzf4wJ5aEGHvcMQvVhLziUfmT,9gYxhAZ1M9wu5pxr8SBoa5NDm21gi3s9vMHaYTME77sa,48489.213954000006,86707.66110599999,482.77207013261625,0.00995627750515001,0.1931088280530465,0.01919209862834839,124583.325508,13448.745781,1498.4958167286181
ALLwa5WNZbvQsRKAqe1jdRGemdYQnW8E5k4msbRFcYtu,CGoM82Hbz7QVqTgvQatYtjvDWBvoUJp5qm21P8iMs9yb,3dxNNww8TivyN5FMy5dCNdi3Zcxv6e4kUfSPxfFwpdNq,1.6548904979999972,1.651240604999999,5217.676633981768,3152.883311788631,2.0870706535927073,3146.930169619536,1.978303377,6.653693137,27176.06737521415
KwnjUuZhTMTSGAaavkLEmSyfobY16JNH4poL9oeeEvE,J63v6qEZmQpDqCD8bd4PXu2Pq5ZbyXrFcSa3Xt1HdAPQ,BnKQtTdLw9qPCDgZkWX3sURkBAoKCUYL1yahh6Mw7mRK,402.2941039999995,20499.060448000208,7.54652589566503,0.01875872855363806,0.000754652589566503,1.0,278865.033534,549.024584,5780.178051165481
NorBXypYWTkV5PMs6Q9JsvNkmRwe7H9Zr1Kz2TcJH2Y,C82XDu1d1UjtuUwnkSTwVuWyH3AqpJ3ftb9W7en8rEUu,F7cZoYpWQSFuYJzW2UUFw6sVbTtaihyD5upeeHRUPABk,0.00017724639999999736,0.00018213000000000257,0.0,0.0,0.0,2527.422534499318,0.2507724853,0.6546741169,1654.6381158065008
4vezWG46exH6pf9nry3n1VJ7hZHvjBJNgNeF4qEFCML5,,,1.9138169999999963,1.9066770000000002,0.0,0.0,0.0,2527.422534499318,0.2507724853,0.6546741169,1654.6381158065008
DEDaBEWzMCXohXYXoLzB4jK1xqMsd3SS9izXp2xvg9pe,GC5zHpW5GuVdw3C7covC6viyGdLS8ZAaVGDKMeru7p78,F8juxtAFueW19vxkdDArUkjVWAv9QV6yy1wCXUWQiXvh,0.03180542000000486,2900.5380086004734,0.03178383400913755,0.9993213109316806,1.271353360365502e-05,0.0,44.72657371,8592215.8278677,44.69621827335964
BkwbeSfcX1h4thMDd7obGkHrPevf3QwgzJ4pCEqG18Lu,35yX27bmurdebhfAb8EPmjLETDiUaEUCn9zHaDPbakH2,2CxECn1ZJFoESyUnQysQU8rRgT3iJ5GRs2Mdd6gZjx5g,0.017832000000001957,0.018982410000000782,41.16248470719041,2308.3492994159874,0.016464993882876162,1517.4506828528074,0.90581792,22.6312414,36432.736877267176
Cob4usZcpHEY7Qt4ZCwj6WVg9S44zvzYV2v9qYF65dTf,NhFM9UXE48PyNAyeyPYA3iXztqKVJwA4bTdLj4ysM8w,6TuFuynuBoeskxyR2cz4wxyidk8dpDK7kAWw3UkjQGx,369.8937050000002,35190.40360799991,3.6827643743880953,0.00995627750515001,0.0014731057497552383,1.0,69762.159634,199.937982,894.5094026746782
SUiuyGR7SFq3xeRVJonq84fjjeFwRSsFekcevJ53tzy,49GjCCPsv7fBqo6t3iKDrP1xxGDS8uWZbVCdfnp2gjMf,CEwj5xEbbJEjYqM8D6Ai8ByGz1mrh8mkAVsE5fzDSSSx,9.863051000000008,236.70000900000008,0.09819927280344738,0.00995627750515001,3.9279709121378955e-05,0.9542594803293722,625.891753,1.849461,7.996417673802247
wrmcMSHFi3sWpAEy4rGDvQb3ezh3PhXoV2xNjgLBkKU,8p4mGnARWPBu6P2Gcw4adodLkNDorrXniZMhaY7eJXUn,AyY89zccbsgp9LKFgH4CFZMJmpSgqmPSdTfukhP227rc,0.044600619999998065,0.32797231999999443,16.500414354420297,369.95930447650755,0.006600165741768119,3155.2708800050486,27.00462048,0.10426472,10319.594045260732
RoBgmK8CvjdHvPrqdDyVw54VwjZv2TqJ493xnqJAQHx,ExiHJxM7qPAcy27NDHAF6G7vnW7muNHi2sVJpnaNynGQ,6rkPHSqZb7StM4HwS9EuVrmfkV7tRdc7dnsFhyB6cefE,87.83260600000003,138.08428999999944,0.0,0.0,0.0,0.9545901467205057,6355.985582,17.501003,16.70628502152601
C2ypsDADXcCRz8HbV2zX1AXPSja7a1P3xZtRC91xGhJh,J9bYNuDpY1d1T86gLaw7DGk5D3CsUAf2tzUwxMvb6FTv,A2NGvvPrMGzsJ4jb52KEnSBVmsA7C34dV1GC7PerdgvG,0.05976203099999999,0.0600000000000005,8.932232575713641,149.4633369423747,0.003572893030285456,149.68504769115304,1.308109405,0.911216608,331.909898182455
heyk4SZTeCUV6a65WiVA5bzic3KcxgVf1qxobfeV4tQ,9ZDpBKPqMABtGfq66FbVribaArMvtk63xxy91onZAtDt,DaTP4s6N7xxSPinbNZ3FB52EpRDRt87QShTuN3VPCW52,46.41249749200051,40.37596931899998,7953.990584257038,171.3760520133173,3.181596233702815,149.76902620778236,628.744630877,4469.702003912,777174.6891291444
KEnkcdADoLR5jS2CLLLesy8TtFsyWL37BhXNfDMzWzP,3qsjFRuw1qeLMPo4DLwaQevenGAGBj9dA3Q6rb8ax2YR,77iEv8zPQAEyCcEbvBRSB6AFcUdfkhiqnAKtPxk76rNN,1.2206820000000045,44.565023000000004,0.012153448737541568,0.00995627750515001,4.861379495016628e-06,0.9988144072985365,114.083154,0.346605,1.4820376075284736
NorjjEePhxfwLF4vZjUHCrVVKLzQjEEGQFd3wgjEJmh,34M8pFVqgbV7aqHxvRT5tCv3vu2P1JJYT8J3VaxBK2oG,3AZWBSze3ucsY3xSeuLne3b2pauVqiaJ1SZSV5T9WGWw,22.323690000000624,37.6165310000074,13.234751130578262,0.5928567871430706,0.005293900452231305,1.0,38124.371737,2260.303399,24862.595938845905
Lid8SLUxQ9RmF7XMqUA8c24RitTwzja8VSKngJxRcUa,4PgzyzLtds9bKZ2to9PMnKqJzKEUpjvNUaeN23phegax,AtymwxoVN9peZo7EXTcDz9jKVc4vRmisJKKrNfe3ewBa,209.98609565399602,178.24013002999993,37071.53207791328,176.54279423813753,3.707153207791329,149.88133145581986,983.205837179,7681.527654159,1324895.4982268796
