0,1,2,3,4,5,6,7,8,9,10,11
BSCNHw8CmxbZ8hCWWzMf5FaG2ajPT6JxfznKUNuRVrn4,7n9kgNL633yGzCYksgnzHyjG73ZLBAwvEae5sbAekbzW,SscdxE99omdG9AiMVwmaEMQySQnCgeAh1sPj2Leutm2,91.88220279600046,91.75238818800062,92.02337465876059,1.0015364440388261,0.03680934986350424,0.9997875951254156,5351.168952978,6337.906365793,11695.9508882028
RajgMbScQbqqrdJfR2rxfHJiTiY5b6bJ2tTXiF4aPxy,725ZA3fhyBAKb5iopNRrcbSuQa3LXA1656Q3mBvYPxeg,GLA6i1dSZpUfk2f9Nj8uiG7xyDdAR2reff8oEiZH3617,33673.49061905003,33662.49731772999,33675.208728199344,1.0000510226031731,13.470083491279738,0.9999741106702746,88260.4050073,93632.0125926,181894.49680547373
MATSnbbiTCv7Dc3trJrkrqjx7ckKdr6fwPoVwv9q3sD,631WX9JizSHJm4w6VanZeJAst9T8DeUUnPLesdGkCVtK,211maUSfpnXbPuW1iBu8b4dtJv5EbN1j7JJiEX5TZKEP,8020.594171999983,8018.95834099998,8012.461523553576,0.9989860291803819,3.2049846094214303,0.9985860022208551,22190.1667,23340.716825,45475.379621729546
wrmcMSHFi3sWpAEy4rGDvQb3ezh3PhXoV2xNjgLBkKU,8p4mGnARWPBu6P2Gcw4adodLkNDorrXniZMhaY7eJXUn,AyY89zccbsgp9LKFgH4CFZMJmpSgqmPSdTfukhP227rc,0.008229130000000015,0.10244084999999714,2.2800173997850006,277.06664006826924,0.0009120069599140002,3245.5941060011037,27.18096284,0.08654987,7811.843795846443
BUSD5rCfUDpCxKGMvYU2yThChxgHoioK74PTPociGnv2,CcFHbafgYDZ8yA8Me1PdtDiVb2eeaS61LbqyKKK5CsNZ,26R9s4nmF3CFDTkiePDwRmtscn8i7r2eygbSijditJ58,499.42176340999987,500.69837566,499.4871762506017,1.000130977152768,0.049948717625060174,0.9999741106702746,73.81443252,73.44649619,147.26869523364763
BSCuChvaSj9b5HUSqgDVRzcnr2sSn7cXaamt1jbKH6hn,GnKpRj5kBVPMJfiwZtEuD9GYApLzPdW5JFuZTcyX4BTc,3dmwD9okkomV9nDwyuh4UMhKdUR13QpuKxRo89ycZB5t,319.82087244800005,319.67209527599994,319.82896923818527,1.000025316640916,0.12793158769527413,0.9984185050879407,1641.705425416,1466.639017323,3106.0665230620216
SAMyS8Jr2HJrkFwYVKbpUwsNStnQmvz3f8Tup8bWUWF,6jPzm5TFfquvgm25sTyN3MMGBfufRaFHMxobDWv6hMFW,Cj9ECoDmxsHTDzCY5ZA6RWrPbg9uFzEC1Qc2kso2vJG6,4258.08155957004,155.50994735999035,4279.140149657336,1.0049455581798257,1.7116560598629347,0.019163840255746814,447.26977845,110563.43085985,2568.301704286875
BUSDTd9WiT6uBHJRgNvFXBsA7JrifsAtWzKfioN7ERcy,DyBxrn7gSc1EwnpWhDyhzvMHPtxpmBqRqotapLcKcfTM,Cds99GeBgoCpqBsoRWu1C6fF9LiUMd4pXQQD24s9LPff,2957.3562266300005,2957.12031343,2978.9889592848663,1.007314889041797,0.2978988959284866,0.9985471139492039,265.44019289,603.35349402,869.8587485930627
AUSejoEUCh2DBs9mof6BNC8Pubs22w4cJa1ccV9h44R,4xkyD7AfGQDwsQMy9MosRRNGoVJ1zosNinesxg1TzHG7,Cbm5gsQe3nSiCsFrvepVzMCD9xLK3ri9g3ypS2hdmVJ7,4832.371024,4818.270207,4832.090762735762,0.999942003363805,0.4832090762735762,1.0,14418.071946,14456.021042,28873.256788326715
AURHmCnNwiW4uA2Qj1XvEh4iKgRUZYXtiY7FKAapUV5Y,BKWm4TRnTeKwfWXRyuzjRHU7iZDkPuXBX5b5V5jSVfGJ,A5Ww74HVrkj9nPeC7pHKLfgeDMEhBCpW1efQdz3TGLEg,0.00021735699988312263,7.255500008795934e-05,0.03742398361612728,172.17749433536042,1.4969593446450913e-05,153.80469756459487,289.887793098,1809.50056123,328221.8404169659
ALLwa5WNZbvQsRKAqe1jdRGemdYQnW8E5k4msbRFcYtu,CGoM82Hbz7QVqTgvQatYtjvDWBvoUJp5qm21P8iMs9yb,3dxNNww8TivyN5FMy5dCNdi3Zcxv6e4kUfSPxfFwpdNq,3.042775142999999,2.9986274759999993,9897.45679666916,3252.7729889731,3.958982718667664,3241.196909194627,1.434269001,7.193994249,27982.503389996953
WiiQFxXqp8P9Fs1rt9SVcDyA3KUdJmUsog6wnVQAwba,3S2jpqSYxho6wiz3cafhjXruVY8cg4HYa2v3BqBHYFSj,Dfe67M6TfrG74gKRtdqys4e6E9QirPD53BkF4FujFjuv,30644.728330490987,30650.428314857003,30650.989254811124,1.0002043067327149,3.0650989254811125,0.9997971551543793,12696.700693741,14086.059238313,26782.4966689774
KwnjUuZhTMTSGAaavkLEmSyfobY16JNH4poL9oeeEvE,J63v6qEZmQpDqCD8bd4PXu2Pq5ZbyXrFcSa3Xt1HdAPQ,BnKQtTdLw9qPCDgZkWX3sURkBAoKCUYL1yahh6Mw7mRK,370.6235950000006,21029.26414499944,7.0582039846490705,0.01904413016297319,0.000705820398464907,1.0,278738.634899,550.293351,5858.628195466017
daob129AwBGn9Y5r91uLoWZeYiGzbPmksauMhFZKTze,6VW5GQNyj4LStgmxEHLr5zUfW92vQnmbw8jTnCH7a38F,4VPCCUifPeBA1c7HWK358CHn2nyjm8pdTRk6Ps3KmnMQ,123.74245334599988,109.71172933900007,21218.656777283602,171.47435018080253,8.487462710913443,153.8141131831923,48.544259432,223.560905763,42710.91780347756
C2ypsDADXcCRz8HbV2zX1AXPSja7a1P3xZtRC91xGhJh,J9bYNuDpY1d1T86gLaw7DGk5D3CsUAf2tzUwxMvb6FTv,A2NGvvPrMGzsJ4jb52KEnSBVmsA7C34dV1GC7PerdgvG,2.020654456,2.0313962,310.78614748763096,153.80469756459487,0.1243144589950524,153.46534729438292,2.878709048,2.146218232,772.1291008475193
ALBpShJ9NLpE739pcHDF2LNVk5J4VYPvvKuV6jMPitZi,D6d156U1bPiJpDYRLextvDRccgFk7QzkQbJg42ceKEu5,GNcM8U5g8RwTZffwwm3kSQqUNPSwv5d2fbN9sLxPJqt2,5794.510675000012,5783.390495000007,5811.311175608697,1.0028993821136907,2.324524470243479,0.9805930823080417,40872.587466,59461.37299,99298.50373357142
ZUCKWFa4LTL833dPhhpeeRWZcaAEoMeYJPi2iKn4F8N,7eEYpq6ShaJ9opZWMxitRFrdCHh6vfyHhGfoSvFht3N2,H8VggnHmuwd1wvwpT8eg9cUJFEfZ7HAaeYjgXrSm7A2u,0.003549479999946925,0.0011264499999015243,0.003554840283177644,1.0015101601448098,1.4219361132710579e-06,0.9997845924104269,1817.011925129,2030.149322265,3849.467916813991
NorjjEePhxfwLF4vZjUHCrVVKLzQjEEGQFd3wgjEJmh,34M8pFVqgbV7aqHxvRT5tCv3vu2P1JJYT8J3VaxBK2oG,3AZWBSze3ucsY3xSeuLne3b2pauVqiaJ1SZSV5T9WGWw,0.0033670000002530287,0.0011210000002392917,0.0019965476981904343,0.5929752592932565,7.986190792761738e-07,1.0,38120.278942,2260.690986,24865.073275963714
KZMu9QBEdL97EFgamLbN5DE1AoKBG4HdrKKJo4Vuon3,DD4ACBWyVqdaKWh7v5btsgqQCCMwbKnuL2xd9pv7Gyuw,GcYqiJ1MAuYbNTNYXm1F1gQYTfTgkErACAhNU5dpVj9T,175.1154787599994,174.49039640000046,174.92421312688222,0.9989077742614672,0.0699696852507529,0.9999741106702746,2079.96214745,2610.85208859,4688.4748546367955
BSCrK1Nx9PXU9mF7STWWBqeHLxmtJDr9h7jheEy4tAWX,FfSySSbVJPvEo5a5AvrP3nySoXpRE2QPn1uUMpJJ1x7v,HL7Vcj6838ZmvBHDbQxXfjBNckNi83WvPiZQoMQLFeRM,0.006886995999999979,0.006889774999999876,22.459182442237697,3261.0999690195504,0.008983672976895079,3244.3305323946406,0.852745515,0.950691576,5865.246079455241
YAkoNb6HKmSxQN9L8hiBE5tPJRsniSSMzND1boHmZxe,CfWX7o2TswwbxusJ4hCaPobu2jLCb1hfXuXJQjVq3jQF,EnTrdMMpdhugeH6Ban6gYZWXughWxKtVGfCwFn78ZmY3,8619873.936731994,8625121.874994963,8619873.936731994,1.0,861.9873936731994,0.9993154689038009,1289994.299331,203071.421907,1492926.7125349552
FrnkTEL6yZ5Aycq2TrEgu29dCrwKG4LPUZydfiwqspkc,DjvZuMZ46fxKBoBpGMPcRcos4xdTtHFxwMh69DpA2ZFY,9rvDPJLAng4uVVqnnSoEXgNDFhBZQTny9AoQioYDZbQX,135.65555960500137,113.67789045900051,24199.096188758664,178.38632090878556,9.679638475503465,153.93837477405697,175.97542047,1441.933944365,253360.57575511344
JSoLLrxK5bYdHwTEWYaGgmeycBCNXKDiBCTw5hXGBg7,xG4wXczA7Dk4hccJ61CHKpDHW4NrNfQwgmWgkb9BuF2,BVR6WgfhsRr9Lob4QDnkEAiNGgAbv7ZieKcY9kSg3QYR,3.1423098869998682,2.682010145000003,563.2892934858071,179.25962548003488,0.22531571739432285,153.9449154303607,17.324820061,163.56661783,28285.88990471334
Cob4usZcpHEY7Qt4ZCwj6WVg9S44zvzYV2v9qYF65dTf,NhFM9UXE48PyNAyeyPYA3iXztqKVJwA4bTdLj4ysM8w,6TuFuynuBoeskxyR2cz4wxyidk8dpDK7kAWw3UkjQGx,36.39753000000002,2530.7837639999707,0.5633534222699684,0.015477792648840956,0.00022534136890798738,1.0,64514.163479,263.784626,1262.3214712413899
KEVpg4SYCVrqFxKijQH6hm4QxsRdoE51ud64bEEFUC9,2bPenuBYfqzD8p5dFjCcggwkHDsc2RQDnx9AoyYGUBjA,AE6n6iLuX8oYu61vt5hoDYkjswpnxFxrhSehxrnQTnbx,4146.961468383999,4146.645084174001,4150.137369306136,1.0007658380591065,1.6600549477224544,1.0,2856.8485029,4772.973382527,7632.009768739621
SoN9GaFpSXfpyR5dth3x7PHPVhvJMpQqqDJfCSmPv1t,9kZ9iS68ViMPtoeqtnhAKuF2iqVyfHPdZHoUNdwCELr,BBhm5fJLjw3HRzjtKB8uMEYjGhY6EDm9co3cqpjrSzB9,3.4593347259999994,3.3950035129999976,602.6106640792393,174.19842594302318,0.24104426563169573,179.95907370745743,3.698400672,5.946410503,1714.3661015731952
ercAoEmXjQzEvAFbdjAo81KtMxRGn9AW1ju882upmPH,CMRhskR2Eg6V42RTSdRTXGdozyPbWB8U9dVpijPWb9T4,7TKLLgrWswt6ZJ1pXhVR3FyufHGjJFqiEXxvWJfDcgRm,0.12878881999995428,0.1292558560000998,19.852820485935997,154.1501854426731,0.0079411281943744,151.61296484914055,1075.335809799,921.007206277,305399.8476847428
BerKDkt6v49dT1bHRedgnpsJS263C1DSJtEGvY9Mg35V,78XKqNb8wbfsMMrvo8WPUpdx7GEkfQutpNVH943aCGFa,DKYQwn4nDvFHCszi5tXbqfVMAP7DaXXp1KGTXEnYnKVH,1007.092093599,1002.726919662,1025.6151159153226,1.0183925804144958,0.41024604636612905,1.0,1338.317413093,5136.204604718,6499.1371284514335
C98Sspw7XqnMsgxea3SLQVdbMDL8pKUc3RE82UvX9eq2,CSqgQJurPCzGxb4Cgwx5R61hWQUiaoUHcShNc8r1cKEL,6S2CR5EnukPhC914XkAns8m5GixjMAoUuZMsS5ubHuWc,110.48969800000077,107.11618200000032,0.0,0.0,0.0,1.0,915.264466,3935.836238,3935.836238
SEQV6QiTpvTzrceiaYg9Avnwf7oc8ZALpnQMz6TyT4A,3dFMPj4r9mMmPHF32mz1gNDX7f8ftidWof7S8YiYTs1j,Fc1ED3YPeQfXQosHbd8DTaBd2AV5gHQtwiSAL5C5pUhi,1408.5930628760007,1407.8387977009997,1409.8807097479746,1.0009141368830434,0.5639522838991899,0.982338535470771,1879.775828957,3742.537982965,5557.933482503675
MNkYtBe2HtgL15osfaMmyqNW3vo4J399FXXCS4a39Wf,2mUxDu8NrhSKhQJMgKfYLxJqZzeEbmwhQdHeHMyohyuk,AZCBmDBcFsA2jHHhfFJBTsWCHx9XnnKmGfFsue3ZVW1t,0.003399870000066585,0.0011466099999779544,0.0033983693820985317,0.9995586248980037,1.3593477528394127e-06,0.9999741106702746,2195.17588665,1941.31606926,4135.4728005573115
STK75uPSyBnEhGTTzb1nwmP3n427XoXmfRhXxxhyady,6TYyD5fUmDe6N65avW1Ny2RxzRNobw2RRgKwH9CTzSAU,54zDfk4cx2vGrEajPtodWpArNe5eUurytyxd4X3aZAxK,1169.8545248150008,1312.3872935420036,180015.28393863956,153.878349931678,18.001528393863957,172.72445888881518,4770.419240843,857.927811939,882249.3583460778
HEDSDjj84KS7LKhZY7ejkCACTdPen62rKhCby1wXtgxc,EnnjMSFttpCTywBrYNt1J5QQeoSVkvzPipJDa8Y7kJow,6bjVT6JN2rSvpyn9PdfLYC8wJn4LWh49jpY47fnLDXZk,24.80471620899698,25.611782771004073,24.03010668132862,0.9687716835322067,0.009612042672531448,1.0,39134.020713367,9089.301929465,47001.23305933779
BkMBnJpvHKtWhUvrgRrLesXfi9RUV3ELgdBaJcdH7hcY,5uerVwBnZQsuVhZ15igs7ZgmcqhHnYWbwoRtLyRqLvR,9YWiQh5d4jCtgMdzcGLv9bWgnLaFtzvDDh2nnhJdzhBX,6.572448320000149,6.566306380999549,6.596813320157485,1.0037071421441524,0.0026387253280629936,1.0,1114.122438073,1759.306238032,2877.5588863489265
SERgf3DMJpQxUifu7VoFKmfne73d2fDJxSrxUMrcNJB,AJfM2GZ2tTB8UtN2krcyR9xufRJEx2mhSCbJyMgPo3GU,F4yRYkufQvERZcEKnKjJwRLU1btiMBUuEwq46hfm11QD,7.548499999998626e-05,7.548499999998626e-05,0.011566534965839191,153.22958158364307,4.626613986335677e-06,153.4325233681569,29.284890014,27.959469045,8777.20333117645
B2izdXFYb2sNwbWWHmh75T4aQFtfXsUxem9u2p61HGzf,4DYwgJtxwuJdAjkj5RJSNH4e7U329V5cNp7d3a1nLrZv,EXNW64GEf1ACC6xY9BtKRiunrs6GoJSXBdxWN2eTPmrF,30593.355621000057,30275.286471999996,30953.5309066296,1.0117729905176636,3.0953530906629605,1.0,9076.496319,30740.35783,39923.7116540972
DFWzVTzNBrQZLjoQ4yQwkj9HuoXmfkuZP9V5vbymZe23,DhgiEgiNdqZdRdo195UUHnoEJUtefK8buko8nU97XJUZ,2K2kkXsouBHtWVjtcgkyiXd8eP3oVBvq1bTJzcVdLLr2,938.9825066250005,1135.7826361430025,783.7886072569141,0.834721202713454,0.3135154429027657,1.0,61553.419848171,7407.008621494,58786.953268285484
BSC8REUo9LpiiWUuqMuLXs2D2yJsJfGd4HdiF3wCLxk5,AZjEH1zWVx1UJ6udMyRijGTzPteuLnaY18yNNmprJEsh,Caf8ypkSVR8xYnXNhjvfvdGCC7mrM3C11rz8Xi6NA6aK,1867.752806217,1872.9330748529997,1866.438210326568,0.999296161737219,0.7465752841306272,0.9998361888384931,3412.538690694,2935.364730283,6345.020700167355
SQDY9uoDoCbNq7F3HAHYYQZbrUzpKxDtdWLvYcqBLak,GiehZ4X2uQjhEKuxSm3ACmEFrabxh3RTvjbLfLjw1xGX,rxDQYV77NKRKYxCjq4cECX3QQsiSyLv1T1FT2X3zNA2,6.544700410000047,6.53035165299994,6.559267224092044,1.0022257419254423,0.0026237068896368173,1.0,168.702204443,237.864501748,406.94219376034334
heyk4SZTeCUV6a65WiVA5bzic3KcxgVf1qxobfeV4tQ,9ZDpBKPqMABtGfq66FbVribaArMvtk63xxy91onZAtDt,DaTP4s6N7xxSPinbNZ3FB52EpRDRt87QShTuN3VPCW52,198.21238246100438,172.3833574029992,34931.74855453002,176.23393715779775,13.97269942181201,153.45522076912064,633.455545074,4463.863613451,796639.5410081977
Lee1XZJfJ9Hm2K1qTyeCz1LXNc1YBZaKZszvNY4KCDw,9DgFSWkPDGijNKcLGbr3p5xoJbHsPgXUTr6QvGBJ5vGN,2hNHZg7XBhuhHVZ3JDEi4buq2fPQwuWBdQ9xkH7t1GQX,2467.707341468951,2089.4909845140164,447511.34624202776,181.34700931579587,44.75113462420278,153.63465801232397,7152.28835128,56452.868245266,9970163.208945056
BkwbeSfcX1h4thMDd7obGkHrPevf3QwgzJ4pCEqG18Lu,35yX27bmurdebhfAb8EPmjLETDiUaEUCn9zHaDPbakH2,2CxECn1ZJFoESyUnQysQU8rRgT3iJ5GRs2Mdd6gZjx5g,0.0064738200000000745,0.004135039999999979,12.072391608391747,1864.8018648018647,0.004828956643356699,1191.8951132300358,0.86972069,22.68671751,28662.04449996805
7dwD9TF6uikvHXxPFK9AsSim54yJoujQjY9vU6gNFumk,CquVr6atkvwueDYficKjn6SSEWq4F4rH4VSiBbW4GBWU,8BCa6ge3b7ho3TfZuM64Vk1hgbrJ3J7EPiAb9uP86CGd,3.045000000000131e-06,3.0339999999998493e-06,0.0005421695756868962,178.05240580849681,2.1686783027475846e-07,181.9340903732123,0.003949772,0.003558389,1.3506586729040826
Lid8SLUxQ9RmF7XMqUA8c24RitTwzja8VSKngJxRcUa,4PgzyzLtds9bKZ2to9PMnKqJzKEUpjvNUaeN23phegax,AtymwxoVN9peZo7EXTcDz9jKVc4vRmisJKKrNfe3ewBa,390.6488046619925,332.0354248530008,70875.60067767776,181.43048137316748,7.087560067767777,152.9492359956238,986.418327044,7677.458221151,1353227.721224274
HDSBGqAuMRr6X2AfmmbXQPpRgU6VEhtfNVVZ3wUTZXg,DCZ1d8kNLgDcdSd99y4udLgwq46mfDXNS9KXj96kQf5L,Fq8GGYQM5Pz3q7LmVMbrXHJgsxA5ev86kTq8yGgGuYsa,746.3323257869924,747.2764891109982,740.9453382759575,0.992782052545621,0.296378135310383,1.0,54839.861502677,53657.182571266,108101.21283521125
moFiBS1R4Lf3E3zzmBPnw3NF4RhWPkhREFviuzUaCAU,44ALBrpqi9PfZkBRTvbtRNtFJGsatfY4QydjtMbFWq8S,2ho8qEEie1UjVwWNBo9y4oAJZMyMLx8zPj9bxyUz6uWs,4073.5510789549953,4071.9266592080057,4073.743225201698,1.0000471692248307,1.6294972900806792,0.9986434766551897,32748.998016169,34363.006817489,67066.9353575626
vEnkoSUkpnbRrPgBz9DfcVxNz67zjwMYBZraAvDDNSf,DtfyjjsZ5yCjWKLKHvwsfXs5QVsmm1QkK6Sh9JZHoq1g,e5wrKCRv4GhHvEf1VD5Pq2KGaZDXP77nTL612Jyrxwy,4336.617255000001,4338.361163999999,4325.410117385854,0.9974156959318405,0.43254101173858545,0.9986388552403075,1273.208291,670.61862,1939.6237446135892
parEAJhzYzHW87y9VoZAQ22dzQ2MD2ekEtTReaxbMcz,3oyc6hpjYSJEquK6dSvG72NXyz3pqLZz5D8AC71pwgQb,Di2vordgFJVZ1aj1aBpvzXtLfZgJsuLLXawGtVFwX6Rz,30.869024533000243,36.18924333800007,4609.52760375987,149.32534064470022,1.843811041503948,175.44555275349512,1103.363111721,143.145571732,189874.32646927057
BUSDgu5JdqP1rndBvXvanbEufS94FNh1w5FJcAj6vawb,Bgzr8cWubt89JQFXndVjtdKmDbGzuPxNhvjH1EhWCwbo,Dxaf8xPBBQsasRKW5Aa4Sw2YrbfGofY9xZueyyF23FBW,4452.898080970001,4432.865208400001,4471.391891976974,1.004153207792024,1.7885567567907898,1.0,4889.57988724,10108.28357956,15018.17090808741
GokA1R67GqSavkd15zR62QD68Tuc5AEfvjssntVDEbM8,3YB7hfpBdbQEuZqLGWVDpRPmeZWCUsrrWyqGXegnQ6Cg,4DPCj6Z1DsG6HUtwSogBGqXEUxdEV5a8YVrrFtcnz7UW,38681.86159799997,38688.627167999985,38684.72426759577,1.0000740054764052,3.868472426759577,1.0,30981.065847,34171.159287,65154.517902537555
KEN5P7p3asnb23Sw6yAmJRGvijfAzso3RqfyLAQhznt,9zj4aX38Uxf3h6AUjS4EipWS8mwbEofasHAf3a1uKGds,CwQDG1MWunn9cLNwcZLd8YBacweSR7ARo32w4mLua1Yr,1040157.6920740013,1048062.8718120013,1030886.9259489424,0.9910871532309936,103.08869259489425,1.0,1678737.355369,426640.597164,2090415.623719189
MATgk4zXLXtYkwBH678J1xZbRDZ45LicNzkRBHkxTuY,y8dALFo1bJrSzPYjMX14HJX448pXqYmrfXHD1K8MXih,GN7Yuet3UyiWS5YVkEHv6oQKi4HGBJc3XDPt9zQhAqZz,3370.3571829999946,3366.5820969999986,3381.224438344835,1.003224363103013,1.352489775337934,1.0,4921.218923,9876.642883,14813.729602717172
MARpDPs5A7XiyCWPNH8GsMWPLxmwNn9SBmKvPa9LzgA,6YjT74rmcfCpw8LSjPNx5JTmZoYLGrTKnf9arfSgZ4SR,F8GSmi3vA8M8TsybLya1LQ4n1aFHCRbZ6k437PeTdXtg,72388.89971300004,76352.9724200001,68537.56814616272,0.9467966555354941,27.415027258465088,1.0,319025.237208,16131.25546,318183.28307995206
CZgvH45CRmoaNJ7395Ao5CQZXkGznvqU7cErD6n7FaRg,4ZjU6MKvtqVQKCiowhvZ5yUsPxXX5SCzd5eFsPeXyey5,BsyWeshjDbCvjDojry3vKDCesmFRM37WtwcR4Kfgzqr,11.622614689999978,12.415085999999974,12.446949386956954,1.070925064535283,0.004978779754782782,1.0,328.1175868,1491.40662068,1842.7959684989514
SoNcU2iwHMw6dGzsYNQkYFkUjwN1UdAjrWVRnStrZu2,8ivTTid27jZnYNc4w3CTA1Z6QS2twsFb8WMwUabeDJgc,CyXm53PMvHCbeXJBykU46Rcbo28xk5srhMZFg7gv6EYB,13.16010460199999,13.049475218999987,2391.488368390952,181.72259573282636,0.9565953473563809,179.73896151141776,22.483056024,28.381070034,9186.863355181817
Sid7E679i9ABqptiAVhkmQ27YHN8vaYT4fppPwmxFsJ,GP7KB8o1bv527HG8kTzzzf4wJ5aEGHvcMQvVhLziUfmT,9gYxhAZ1M9wu5pxr8SBoa5NDm21gi3s9vMHaYTME77sa,2073.722850000013,2512.2754639999985,32.076628933642155,0.015468136898641955,0.012830651573456862,0.019062596802249386,104916.402218,26693.888805,2131.7161117948003
