0,1,2,3,4,5,6,7,8,9,10,11
7dwD9TF6uikvHXxPFK9AsSim54yJoujQjY9vU6gNFumk,CquVr6atkvwueDYficKjn6SSEWq4F4rH4VSiBbW4GBWU,8BCa6ge3b7ho3TfZuM64Vk1hgbrJ3J7EPiAb9uP86CGd,1.4146000000000037e-05,1.4193999999999925e-05,0.0022541357159884664,159.3479228042175,9.016542863953867e-07,159.8146916687163,0.003905817,0.003602213,1.198070385723442
moFiBS1R4Lf3E3zzmBPnw3NF4RhWPkhREFviuzUaCAU,44ALBrpqi9PfZkBRTvbtRNtFJGsatfY4QydjtMbFWq8S,2ho8qEEie1UjVwWNBo9y4oAJZMyMLx8zPj9bxyUz6uWs,714.837417702016,715.0768164690016,714.6914348295377,0.9997957817136272,0.2858765739318151,0.9999425333026111,33704.074877458,33408.234392114,67103.50642026063
SoN9GaFpSXfpyR5dth3x7PHPVhvJMpQqqDJfCSmPv1t,9kZ9iS68ViMPtoeqtnhAKuF2iqVyfHPdZHoUNdwCELr,BBhm5fJLjw3HRzjtKB8uMEYjGhY6EDm9co3cqpjrSzB9,4.4583116550000055,4.375347086,713.8900114585916,160.12564098294084,0.28555600458343666,156.95664825983732,3.686559995,5.963401295,1526.3082617130153
KEnkcdADoLR5jS2CLLLesy8TtFsyWL37BhXNfDMzWzP,3qsjFRuw1qeLMPo4DLwaQevenGAGBj9dA3Q6rb8ax2YR,77iEv8zPQAEyCcEbvBRSB6AFcUdfkhiqnAKtPxk76rNN,0.07002900000000001,5.9381329999999934,0.0009558986456689741,0.013650039921589256,3.8235945826758966e-07,0.9943392267819305,115.085978,0.335877,1.9049038705889771
KEVpg4SYCVrqFxKijQH6hm4QxsRdoE51ud64bEEFUC9,2bPenuBYfqzD8p5dFjCcggwkHDsc2RQDnx9AoyYGUBjA,AE6n6iLuX8oYu61vt5hoDYkjswpnxFxrhSehxrnQTnbx,502.43944041800023,502.18772278200004,502.5926703687495,1.000304971979552,0.20103706814749983,0.9983951377230281,2748.140446074,4882.971761138,7624.113815864956
iLiUBQ7Z7im6Ew3b4ewwPcehzWgEQRJ1iQz7g6D62NW,GpugBvKWM3TVhYcZjemSdtehBWgfvuGr6uAm9iPjXT6v,92fMXJ3xy8tEyMUWLHKRLyhPw2nECBo77GtDiBBbYrjX,0.0010766840000542288,0.0010766840000542288,0.001052942249782593,0.9779491937556051,4.211768999130372e-07,0.9952823279260316,1865.637227489,1097.917861015,2917.236667045888
KZMu9QBEdL97EFgamLbN5DE1AoKBG4HdrKKJo4Vuon3,DD4ACBWyVqdaKWh7v5btsgqQCCMwbKnuL2xd9pv7Gyuw,GcYqiJ1MAuYbNTNYXm1F1gQYTfTgkErACAhNU5dpVj9T,116.52156035999906,115.97820890000094,117.06408449446188,1.004655997849554,0.04682563379778475,0.9995176427807704,2063.9109104,2627.09146461,4699.344743236962
SQDY9uoDoCbNq7F3HAHYYQZbrUzpKxDtdWLvYcqBLak,GiehZ4X2uQjhEKuxSm3ACmEFrabxh3RTvjbLfLjw1xGX,rxDQYV77NKRKYxCjq4cECX3QQsiSyLv1T1FT2X3zNA2,0.0052841250000028595,0.0010906050000016876,0.005295582310065625,1.0021682511414396,2.1182329240262503e-06,0.9945291320422136,168.702204443,237.868751353,405.6353960134111
DFWzVTzNBrQZLjoQ4yQwkj9HuoXmfkuZP9V5vbymZe23,DhgiEgiNdqZdRdo195UUHnoEJUtefK8buko8nU97XJUZ,2K2kkXsouBHtWVjtcgkyiXd8eP3oVBvq1bTJzcVdLLr2,18.779648642996108,21.802394268008356,15.675945338538648,0.8347304913175259,0.006270378135415459,0.9949669873535477,61551.58326261,7408.549551211,58750.24556579793
JSoLLrxK5bYdHwTEWYaGgmeycBCNXKDiBCTw5hXGBg7,xG4wXczA7Dk4hccJ61CHKpDHW4NrNfQwgmWgkb9BuF2,BVR6WgfhsRr9Lob4QDnkEAiNGgAbv7ZieKcY9kSg3QYR,3.4127402440001156,2.917749894999968,535.5825816480526,156.93622817899833,0.21423303265922103,134.68194857843204,17.29421332,163.607033776,24749.002717852818
HEDSDjj84KS7LKhZY7ejkCACTdPen62rKhCby1wXtgxc,EnnjMSFttpCTywBrYNt1J5QQeoSVkvzPipJDa8Y7kJow,6bjVT6JN2rSvpyn9PdfLYC8wJn4LWh49jpY47fnLDXZk,24.359829647008155,25.102775992996612,23.39460955865539,0.9603765665712973,0.009357843823462155,0.9970788729820077,39149.019132399,9074.800077161,46646.092012480105
ALLwa5WNZbvQsRKAqe1jdRGemdYQnW8E5k4msbRFcYtu,CGoM82Hbz7QVqTgvQatYtjvDWBvoUJp5qm21P8iMs9yb,3dxNNww8TivyN5FMy5dCNdi3Zcxv6e4kUfSPxfFwpdNq,2.711607632000004,2.7103021899999993,8098.2189463624545,2986.501015410345,3.2392875785449817,2984.468824238662,2.85110584,5.777201951,25756.70960029264
BkwbeSfcX1h4thMDd7obGkHrPevf3QwgzJ4pCEqG18Lu,35yX27bmurdebhfAb8EPmjLETDiUaEUCn9zHaDPbakH2,2CxECn1ZJFoESyUnQysQU8rRgT3iJ5GRs2Mdd6gZjx5g,0.0004971599999986642,0.000335919999999712,0.8374208327696137,1684.409109284463,0.0003349683331078455,1098.901098901099,0.90306211,22.63531303,26395.09640697101
C98Sspw7XqnMsgxea3SLQVdbMDL8pKUc3RE82UvX9eq2,CSqgQJurPCzGxb4Cgwx5R61hWQUiaoUHcShNc8r1cKEL,6S2CR5EnukPhC914XkAns8m5GixjMAoUuZMsS5ubHuWc,17.74429199999986,17.310126999999852,0.0,0.0,0.0,1.0,952.225171,3897.771756,3897.771756
Sid7E679i9ABqptiAVhkmQ27YHN8vaYT4fppPwmxFsJ,GP7KB8o1bv527HG8kTzzzf4wJ5aEGHvcMQvVhLziUfmT,9gYxhAZ1M9wu5pxr8SBoa5NDm21gi3s9vMHaYTME77sa,1903.838721,2331.8545490000106,25.936202476346093,0.013623109032430532,0.010374480990538438,0.016292737214229667,103643.983304,27727.734902,1863.7139834099116
ionytDfEj1mXodptgrsKEZro7DGsfpzANUfarJdm6Qb,3gkSjY95an9xNFSjCfsay6JZez7uv7yfW3Ad4ubc4fMK,9wXqANaSuEqkKL9yHzCPEDGHwbkStVAqV5rB3QDs3Jr6,0.011744524000000034,0.002891149999999995,8.88279081446659,756.3346811217351,0.0035531163257866366,2980.5370927841195,3.165112406,0.080839916,2634.8306505220103
parEAJhzYzHW87y9VoZAQ22dzQ2MD2ekEtTReaxbMcz,3oyc6hpjYSJEquK6dSvG72NXyz3pqLZz5D8AC71pwgQb,Di2vordgFJVZ1aj1aBpvzXtLfZgJsuLLXawGtVFwX6Rz,22.056332572000144,25.92006925399994,2909.0545823315774,131.89203476304738,1.1636218329326309,155.1039995582638,1103.304494545,143.220225487,167731.10453942564
C2ypsDADXcCRz8HbV2zX1AXPSja7a1P3xZtRC91xGhJh,J9bYNuDpY1d1T86gLaw7DGk5D3CsUAf2tzUwxMvb6FTv,A2NGvvPrMGzsJ4jb52KEnSBVmsA7C34dV1GC7PerdgvG,0.5382638960000006,0.5400600119999996,72.64142728453591,134.95504310126688,0.029056570913814365,134.8071166294554,4.088522773,2.936508496,947.629010354385
ercAoEmXjQzEvAFbdjAo81KtMxRGn9AW1ju882upmPH,CMRhskR2Eg6V42RTSdRTXGdozyPbWB8U9dVpijPWb9T4,7TKLLgrWswt6ZJ1pXhVR3FyufHGjJFqiEXxvWJfDcgRm,272.198232231,272.00804511499985,36750.26107854751,135.01285727439824,14.700104431419007,134.11743752005057,640.711673493,918.423376069,209680.90348423927
Lee1XZJfJ9Hm2K1qTyeCz1LXNc1YBZaKZszvNY4KCDw,9DgFSWkPDGijNKcLGbr3p5xoJbHsPgXUTr6QvGBJ5vGN,2hNHZg7XBhuhHVZ3JDEi4buq2fPQwuWBdQ9xkH7t1GQX,2642.512947878,2236.0941068289494,420301.71357847017,159.05379533371155,42.030171357847024,135.04731787923853,7142.8437149,56465.461449509,8761605.523900123
MATgk4zXLXtYkwBH678J1xZbRDZ45LicNzkRBHkxTuY,y8dALFo1bJrSzPYjMX14HJX448pXqYmrfXHD1K8MXih,GN7Yuet3UyiWS5YVkEHv6oQKi4HGBJc3XDPt9zQhAqZz,23477.061707999994,23471.308699999998,23547.468639231298,1.0029989669110642,9.41898745569252,1.0,4214.354341,8117.321751,12344.31480122016
SAMyS8Jr2HJrkFwYVKbpUwsNStnQmvz3f8Tup8bWUWF,6jPzm5TFfquvgm25sTyN3MMGBfufRaFHMxobDWv6hMFW,Cj9ECoDmxsHTDzCY5ZA6RWrPbg9uFzEC1Qc2kso2vJG6,4043.346295339972,67.9122348100002,4062.6734894242704,1.0047799997013793,1.6250693957697082,0.01669592990127012,409.9662588,112649.99276599,2292.7222799941947
BUSD5rCfUDpCxKGMvYU2yThChxgHoioK74PTPociGnv2,CcFHbafgYDZ8yA8Me1PdtDiVb2eeaS61LbqyKKK5CsNZ,26R9s4nmF3CFDTkiePDwRmtscn8i7r2eygbSijditJ58,1143.40057529,1149.70056702,1141.8591339706875,0.998651879881273,0.11418591339706877,0.9995176427807704,77.47791534,69.99997468,147.3396754904403
heyk4SZTeCUV6a65WiVA5bzic3KcxgVf1qxobfeV4tQ,9ZDpBKPqMABtGfq66FbVribaArMvtk63xxy91onZAtDt,DaTP4s6N7xxSPinbNZ3FB52EpRDRt87QShTuN3VPCW52,205.9877063199956,178.8967330750006,31636.48831223017,153.58435159758443,12.654595324892068,135.1235035578694,631.989126006,4465.763828528,700493.2947070634
SRMuKizofcAMicegrfSv7xs9q76tH1w8aAF7oX9FEWu,72Hj2KWntXPfbie4UgKeTPnm1XVkomDfCnRPKbvfTtPi,6aqJQ5wedqpUt4fFEDUqUmXhrdxCu4bEJsQdVPCADLko,0.025669999999990978,0.025669999999990978,0.0010616711845934752,0.04135844116064855,4.2466847383739014e-07,0.04170772096667153,17971.450574,3892.848795,905.6330324435861
AUSejoEUCh2DBs9mof6BNC8Pubs22w4cJa1ccV9h44R,4xkyD7AfGQDwsQMy9MosRRNGoVJ1zosNinesxg1TzHG7,Cbm5gsQe3nSiCsFrvepVzMCD9xLK3ri9g3ypS2hdmVJ7,529.7046919999993,529.7386310000002,529.4944826903713,0.9996031575464541,0.052949448269037136,1.0,14620.800367,14253.563927,28868.562139709553
NorjjEePhxfwLF4vZjUHCrVVKLzQjEEGQFd3wgjEJmh,34M8pFVqgbV7aqHxvRT5tCv3vu2P1JJYT8J3VaxBK2oG,3AZWBSze3ucsY3xSeuLne3b2pauVqiaJ1SZSV5T9WGWw,0.00984599999992497,0.001103999999941152,0.005838455175313742,0.5929773690187115,2.335382070125497e-06,1.0,38120.278942,2260.702058,24865.164771286545
WiiQFxXqp8P9Fs1rt9SVcDyA3KUdJmUsog6wnVQAwba,3S2jpqSYxho6wiz3cafhjXruVY8cg4HYa2v3BqBHYFSj,Dfe67M6TfrG74gKRtdqys4e6E9QirPD53BkF4FujFjuv,8310.657113243002,8304.27550221,8310.012530501048,0.9999224390161728,0.8310012530501049,0.9939892239083624,13629.353984586,13157.163882705,26706.375995087103
Lid8SLUxQ9RmF7XMqUA8c24RitTwzja8VSKngJxRcUa,4PgzyzLtds9bKZ2to9PMnKqJzKEUpjvNUaeN23phegax,AtymwxoVN9peZo7EXTcDz9jKVc4vRmisJKKrNfe3ewBa,291.47155496199593,247.51032747899876,46103.47371964105,158.1748645271829,4.610347371964106,134.319958199629,985.457693327,7678.734690472,1187281.9597895087
YAkoNb6HKmSxQN9L8hiBE5tPJRsniSSMzND1boHmZxe,CfWX7o2TswwbxusJ4hCaPobu2jLCb1hfXuXJQjVq3jQF,EnTrdMMpdhugeH6Ban6gYZWXughWxKtVGfCwFn78ZmY3,9840469.033506026,9843548.754820008,9840469.033506026,1.0,984.0469033506027,0.9988682822362263,904078.735837,572119.870007,1475551.1276241052
FrnkTEL6yZ5Aycq2TrEgu29dCrwKG4LPUZydfiwqspkc,DjvZuMZ46fxKBoBpGMPcRcos4xdTtHFxwMh69DpA2ZFY,9rvDPJLAng4uVVqnnSoEXgNDFhBZQTny9AoQioYDZbQX,128.0529827500011,107.26423960199998,20496.223172661586,160.06049006040362,8.198489269064634,134.319958199629,175.526847042,1442.804798513,221892.39338279032
ALBpShJ9NLpE739pcHDF2LNVk5J4VYPvvKuV6jMPitZi,D6d156U1bPiJpDYRLextvDRccgFk7QzkQbJg42ceKEu5,GNcM8U5g8RwTZffwwm3kSQqUNPSwv5d2fbN9sLxPJqt2,9672.722020000016,9644.074969000001,9668.448565733961,0.9995581952776872,3.8673794262935846,0.9972296959047766,41678.11405,58618.522585,100115.83191422245
vEnkoSUkpnbRrPgBz9DfcVxNz67zjwMYBZraAvDDNSf,DtfyjjsZ5yCjWKLKHvwsfXs5QVsmm1QkK6Sh9JZHoq1g,e5wrKCRv4GhHvEf1VD5Pq2KGaZDXP77nTL612Jyrxwy,2538.4998160000014,2537.8432989999997,2533.3798553124147,0.9979830762029936,0.2533379855312415,0.9993723941364823,753.648172,1190.639576,1942.020444688089
MARpDPs5A7XiyCWPNH8GsMWPLxmwNn9SBmKvPa9LzgA,6YjT74rmcfCpw8LSjPNx5JTmZoYLGrTKnf9arfSgZ4SR,F8GSmi3vA8M8TsybLya1LQ4n1aFHCRbZ6k437PeTdXtg,44174.57005299994,46224.848800998996,41433.72888711714,0.937954321624537,16.573491554846857,1.0,317743.798527,17412.522206,315441.69120379584
ACUSESXyNnwRLAg1dpSGMLSzUDdLjUMybY8rkXiAKhCP,AhFPQdu8GKBsxuhiH46UmCu1YpaLgNpoP325HnYtsgas,A8wxWpT3aFEr2XqZp1kDmbxbFfcBE95UUmdsNTDBJYbT,0.0,0.00208552599997347,0.0,0.9958081188369368,0.0,0.987879634623352,1044.555794732,1841.328673742,2859.1882384100427
SEQV6QiTpvTzrceiaYg9Avnwf7oc8ZALpnQMz6TyT4A,3dFMPj4r9mMmPHF32mz1gNDX7f8ftidWof7S8YiYTs1j,Fc1ED3YPeQfXQosHbd8DTaBd2AV5gHQtwiSAL5C5pUhi,471.57130461700035,470.04650982399994,472.79808420765175,1.002601472096882,0.18911923368306072,0.9979233215678174,921.984823004,4703.190303947,5617.806630875137
wrmcMSHFi3sWpAEy4rGDvQb3ezh3PhXoV2xNjgLBkKU,8p4mGnARWPBu6P2Gcw4adodLkNDorrXniZMhaY7eJXUn,AyY89zccbsgp9LKFgH4CFZMJmpSgqmPSdTfukhP227rc,0.015202599999999983,0.17916217000000145,3.831300403225802,252.01612903225805,0.0015325201612903208,2974.2430551424663,27.17958824,0.08669561,7107.5484328893235
daob129AwBGn9Y5r91uLoWZeYiGzbPmksauMhFZKTze,6VW5GQNyj4LStgmxEHLr5zUfW92vQnmbw8jTnCH7a38F,4VPCCUifPeBA1c7HWK358CHn2nyjm8pdTRk6Ps3KmnMQ,42.328840434000035,37.96071170399998,6345.825707639672,149.9173056142232,2.5383302830558687,134.319958199629,48.565632097,223.584533291,37312.69387516456
BSCuChvaSj9b5HUSqgDVRzcnr2sSn7cXaamt1jbKH6hn,GnKpRj5kBVPMJfiwZtEuD9GYApLzPdW5JFuZTcyX4BTc,3dmwD9okkomV9nDwyuh4UMhKdUR13QpuKxRo89ycZB5t,161.12948544000005,161.36818751300007,160.91764154875978,0.9986852568252063,0.06436705661950393,0.9987545530723189,1759.397918549,1349.202649418,3104.607051267304
BUSDgu5JdqP1rndBvXvanbEufS94FNh1w5FJcAj6vawb,Bgzr8cWubt89JQFXndVjtdKmDbGzuPxNhvjH1EhWCwbo,Dxaf8xPBBQsasRKW5Aa4Sw2YrbfGofY9xZueyyF23FBW,20191.519929909995,20107.977470019992,20278.170580618033,1.004291437742618,8.111268232247214,0.999118687397034,5261.93542236,9748.24704905,15024.17248669958
CZgvH45CRmoaNJ7395Ao5CQZXkGznvqU7cErD6n7FaRg,4ZjU6MKvtqVQKCiowhvZ5yUsPxXX5SCzd5eFsPeXyey5,BsyWeshjDbCvjDojry3vKDCesmFRM37WtwcR4Kfgzqr,42.70270556,49.589840000000095,49.82145397559347,1.1667048568056462,0.019928581590237388,0.999118687397034,241.37528389,1813.96985504,2093.9848965726574
BSC8REUo9LpiiWUuqMuLXs2D2yJsJfGd4HdiF3wCLxk5,AZjEH1zWVx1UJ6udMyRijGTzPteuLnaY18yNNmprJEsh,Caf8ypkSVR8xYnXNhjvfvdGCC7mrM3C11rz8Xi6NA6aK,42.506044449,42.50137332800023,42.50152832160361,0.999893753289563,0.017000611328641443,0.9966813878567461,3180.829160911,3167.512235937,6337.491699643106
HDSBGqAuMRr6X2AfmmbXQPpRgU6VEhtfNVVZ3wUTZXg,DCZ1d8kNLgDcdSd99y4udLgwq46mfDXNS9KXj96kQf5L,Fq8GGYQM5Pz3q7LmVMbrXHJgsxA5ev86kTq8yGgGuYsa,602.9640379820048,603.9986002639926,600.7646434285301,0.9963523619736335,0.24030585737141208,0.9964144752490729,59305.748640223,57916.307842933,116798.07022398064
B2izdXFYb2sNwbWWHmh75T4aQFtfXsUxem9u2p61HGzf,4DYwgJtxwuJdAjkj5RJSNH4e7U329V5cNp7d3a1nLrZv,EXNW64GEf1ACC6xY9BtKRiunrs6GoJSXBdxWN2eTPmrF,147802.75236700033,146728.32378700015,148739.21446124837,1.0063358907682771,14.873921446124836,1.0,11759.557686,28064.163669,39898.22862798175
BUSDTd9WiT6uBHJRgNvFXBsA7JrifsAtWzKfioN7ERcy,DyBxrn7gSc1EwnpWhDyhzvMHPtxpmBqRqotapLcKcfTM,Cds99GeBgoCpqBsoRWu1C6fF9LiUMd4pXQQD24s9LPff,8674.41754599,8708.62817556,8675.256269766161,1.0000966893479262,0.8675256269766161,0.9975191698246462,433.50972891,436.54760234,869.0162465581445
GokA1R67GqSavkd15zR62QD68Tuc5AEfvjssntVDEbM8,3YB7hfpBdbQEuZqLGWVDpRPmeZWCUsrrWyqGXegnQ6Cg,4DPCj6Z1DsG6HUtwSogBGqXEUxdEV5a8YVrrFtcnz7UW,22838.627938000027,22832.98190199998,22842.693937520904,1.0001780316896407,2.2842693937520906,1.0,28030.444911,32735.936822,60771.37204046888
KwnjUuZhTMTSGAaavkLEmSyfobY16JNH4poL9oeeEvE,J63v6qEZmQpDqCD8bd4PXu2Pq5ZbyXrFcSa3Xt1HdAPQ,BnKQtTdLw9qPCDgZkWX3sURkBAoKCUYL1yahh6Mw7mRK,257.09449000000063,15200.458237000625,4.2106212289791065,0.016377718670591096,0.00042106212289791064,1.0,281094.698641,508.108814,5111.798708136884
KEN5P7p3asnb23Sw6yAmJRGvijfAzso3RqfyLAQhznt,9zj4aX38Uxf3h6AUjS4EipWS8mwbEofasHAf3a1uKGds,CwQDG1MWunn9cLNwcZLd8YBacweSR7ARo32w4mLua1Yr,680835.0958400012,681551.6466379998,678850.8149080251,0.9970855190278815,67.8850814908025,1.0,1061161.982688,1005657.853867,2063727.1001481202
SoNcU2iwHMw6dGzsYNQkYFkUjwN1UdAjrWVRnStrZu2,8ivTTid27jZnYNc4w3CTA1Z6QS2twsFb8WMwUabeDJgc,CyXm53PMvHCbeXJBykU46Rcbo28xk5srhMZFg7gv6EYB,13.329725620000005,13.215890518000009,2122.6586966862124,159.24248984550454,0.8490634786744851,156.90968262976864,22.106731677,27.636671448,7856.792340440834
MATSnbbiTCv7Dc3trJrkrqjx7ckKdr6fwPoVwv9q3sD,631WX9JizSHJm4w6VanZeJAst9T8DeUUnPLesdGkCVtK,211maUSfpnXbPuW1iBu8b4dtJv5EbN1j7JJiEX5TZKEP,10184.883571000002,10176.770397000008,10184.46600789368,0.9999590016809311,4.073786403157472,0.9996980911764647,20092.497993,25453.609626,45537.599191019486
STK75uPSyBnEhGTTzb1nwmP3n427XoXmfRhXxxhyady,6TYyD5fUmDe6N65avW1Ny2RxzRNobw2RRgKwH9CTzSAU,54zDfk4cx2vGrEajPtodWpArNe5eUurytyxd4X3aZAxK,940.6801738729929,1056.5102298510137,126820.22936151644,134.81758506652574,12.682022936151645,151.5080122739671,5168.446441447,927.845662859,837373.5198583517
Cob4usZcpHEY7Qt4ZCwj6WVg9S44zvzYV2v9qYF65dTf,NhFM9UXE48PyNAyeyPYA3iXztqKVJwA4bTdLj4ysM8w,6TuFuynuBoeskxyR2cz4wxyidk8dpDK7kAWw3UkjQGx,105.16675000000166,2356.113860000012,1.4344660759635752,0.013639920183551861,0.0005737864303854302,1.0,65823.343859,244.789855,1142.6150114512484
RajgMbScQbqqrdJfR2rxfHJiTiY5b6bJ2tTXiF4aPxy,725ZA3fhyBAKb5iopNRrcbSuQa3LXA1656Q3mBvYPxeg,GLA6i1dSZpUfk2f9Nj8uiG7xyDdAR2reff8oEiZH3617,3903.805923039996,3902.3872784300183,3903.312622390778,0.9998736359698861,1.5613250489563113,0.999118687397034,79219.09238319,102684.1614125,181802.74650633667
BSCNHw8CmxbZ8hCWWzMf5FaG2ajPT6JxfznKUNuRVrn4,7n9kgNL633yGzCYksgnzHyjG73ZLBAwvEae5sbAekbzW,SscdxE99omdG9AiMVwmaEMQySQnCgeAh1sPj2Leutm2,949.0890703939995,947.2526904569995,950.9896145798307,1.0020024929641664,0.3803958458319323,0.9981356393330212,4914.169332374,6776.365240869,11687.741573935644
