0,1,2,3,4,5,6,7,8,9,10,11
Sid7E679i9ABqptiAVhkmQ27YHN8vaYT4fppPwmxFsJ,GP7KB8o1bv527HG8kTzzzf4wJ5aEGHvcMQvVhLziUfmT,9gYxhAZ1M9wu5pxr8SBoa5NDm21gi3s9vMHaYTME77sa,2213.9666110000107,2712.155681000004,31.36206971873424,0.014165556771684344,0.012544827887493696,0.017258859261544843,103915.572884,27505.573684,1946.7367722706117
ACUSESXyNnwRLAg1dpSGMLSzUDdLjUMybY8rkXiAKhCP,AhFPQdu8GKBsxuhiH46UmCu1YpaLgNpoP325HnYtsgas,A8wxWpT3aFEr2XqZp1kDmbxbFfcBE95UUmdsNTDBJYbT,0.0,0.002101544000197464,0.0,0.9991125881991616,0.0,0.9876971943621652,1044.554751969,1841.328673742,2862.3029667090614
C98Sspw7XqnMsgxea3SLQVdbMDL8pKUc3RE82UvX9eq2,CSqgQJurPCzGxb4Cgwx5R61hWQUiaoUHcShNc8r1cKEL,6S2CR5EnukPhC914XkAns8m5GixjMAoUuZMsS5ubHuWc,89.36569699999927,86.82013299999983,0.0,0.0,0.0,1.0,950.456049,3899.587927,3899.587927
vEnkoSUkpnbRrPgBz9DfcVxNz67zjwMYBZraAvDDNSf,DtfyjjsZ5yCjWKLKHvwsfXs5QVsmm1QkK6Sh9JZHoq1g,e5wrKCRv4GhHvEf1VD5Pq2KGaZDXP77nTL612Jyrxwy,1648.48712,1647.9277519999998,1629.0138879830506,0.9881872100905772,0.16290138879830507,0.998466355677679,789.194212,1154.843638,1932.9441451873245
SoNcU2iwHMw6dGzsYNQkYFkUjwN1UdAjrWVRnStrZu2,8ivTTid27jZnYNc4w3CTA1Z6QS2twsFb8WMwUabeDJgc,CyXm53PMvHCbeXJBykU46Rcbo28xk5srhMZFg7gv6EYB,14.378200345999996,14.270444271000017,2385.500768333573,165.9109423243791,0.9542003073334293,160.75084792053508,21.732378892,28.010513858,8108.353314285564
BSCrK1Nx9PXU9mF7STWWBqeHLxmtJDr9h7jheEy4tAWX,FfSySSbVJPvEo5a5AvrP3nySoXpRE2QPn1uUMpJJ1x7v,HL7Vcj6838ZmvBHDbQxXfjBNckNi83WvPiZQoMQLFeRM,1.3175683769999997,1.2990859060000002,4098.063441261546,3110.3231625765916,1.6392253765046185,3096.07108579213,0.84291808,0.961070228,5597.289372705038
SRMuKizofcAMicegrfSv7xs9q76tH1w8aAF7oX9FEWu,72Hj2KWntXPfbie4UgKeTPnm1XVkomDfCnRPKbvfTtPi,6aqJQ5wedqpUt4fFEDUqUmXhrdxCu4bEJsQdVPCADLko,0.025669999999990978,0.025669999999990978,0.0010974278676305755,0.04275137778071528,4.389711470522302e-07,0.04288275917964424,17971.450574,3892.848795,935.2403701552796
Lid8SLUxQ9RmF7XMqUA8c24RitTwzja8VSKngJxRcUa,4PgzyzLtds9bKZ2to9PMnKqJzKEUpjvNUaeN23phegax,AtymwxoVN9peZo7EXTcDz9jKVc4vRmisJKKrNfe3ewBa,588.8555280300097,500.19274996799675,97231.72124042135,165.11982415399206,9.723172124042136,140.19930452732996,985.503163573,7678.656900794,1239268.4662676784
HEDSDjj84KS7LKhZY7ejkCACTdPen62rKhCby1wXtgxc,EnnjMSFttpCTywBrYNt1J5QQeoSVkvzPipJDa8Y7kJow,6bjVT6JN2rSvpyn9PdfLYC8wJn4LWh49jpY47fnLDXZk,19.521268329999657,20.070517869997275,18.8096415438423,0.9635460783527189,0.007523856617536921,0.9961152997482766,39146.259167741,9077.464977027,46761.42624980174
GokA1R67GqSavkd15zR62QD68Tuc5AEfvjssntVDEbM8,3YB7hfpBdbQEuZqLGWVDpRPmeZWCUsrrWyqGXegnQ6Cg,4DPCj6Z1DsG6HUtwSogBGqXEUxdEV5a8YVrrFtcnz7UW,44541.240608,44524.14967599997,44561.47151606829,1.0004542062096191,4.456147151606829,1.0,20804.73714,41963.816159,62778.00293979848
iLiUBQ7Z7im6Ew3b4ewwPcehzWgEQRJ1iQz7g6D62NW,GpugBvKWM3TVhYcZjemSdtehBWgfvuGr6uAm9iPjXT6v,92fMXJ3xy8tEyMUWLHKRLyhPw2nECBo77GtDiBBbYrjX,0.0010521069998503663,0.0010521069998503663,0.0010287762726543148,0.9778247581288124,4.11510509061726e-07,0.9978875240018393,1865.637227489,1097.916784331,2919.863732201663
BkMBnJpvHKtWhUvrgRrLesXfi9RUV3ELgdBaJcdH7hcY,5uerVwBnZQsuVhZ15igs7ZgmcqhHnYWbwoRtLyRqLvR,9YWiQh5d4jCtgMdzcGLv9bWgnLaFtzvDDh2nnhJdzhBX,0.027809854000224732,0.02575304399988454,0.027907798400163792,1.003521931468546,1.1163119360065517e-05,0.9995778263059041,1114.122438073,1759.333019481,2876.636576308483
CZgvH45CRmoaNJ7395Ao5CQZXkGznvqU7cErD6n7FaRg,4ZjU6MKvtqVQKCiowhvZ5yUsPxXX5SCzd5eFsPeXyey5,BsyWeshjDbCvjDojry3vKDCesmFRM37WtwcR4Kfgzqr,42.70270556,49.589840000000095,49.86537850095252,1.1677334690395322,0.01994615140038101,1.0,241.37528389,1813.96985504,2095.831852637272
B2izdXFYb2sNwbWWHmh75T4aQFtfXsUxem9u2p61HGzf,4DYwgJtxwuJdAjkj5RJSNH4e7U329V5cNp7d3a1nLrZv,EXNW64GEf1ACC6xY9BtKRiunrs6GoJSXBdxWN2eTPmrF,155553.802952,154411.2458929999,156488.19395812394,1.0060068670028741,15.648819395812396,1.0,11145.848833,28669.039185,39881.83964957397
HDSBGqAuMRr6X2AfmmbXQPpRgU6VEhtfNVVZ3wUTZXg,DCZ1d8kNLgDcdSd99y4udLgwq46mfDXNS9KXj96kQf5L,Fq8GGYQM5Pz3q7LmVMbrXHJgsxA5ev86kTq8yGgGuYsa,400.3274131989965,401.0178539990011,396.4160686113682,0.9902296358963455,0.15856642744454727,0.9975645130781421,54010.777073174,52832.755780776,106187.15441067397
RajgMbScQbqqrdJfR2rxfHJiTiY5b6bJ2tTXiF4aPxy,725ZA3fhyBAKb5iopNRrcbSuQa3LXA1656Q3mBvYPxeg,GLA6i1dSZpUfk2f9Nj8uiG7xyDdAR2reff8oEiZH3617,13944.902286829994,13937.62047520002,13949.182872578103,1.0003069641981035,5.579673149031241,1.0,79256.69394159,102644.94423784,181925.9671469301
STK75uPSyBnEhGTTzb1nwmP3n427XoXmfRhXxxhyady,6TYyD5fUmDe6N65avW1Ny2RxzRNobw2RRgKwH9CTzSAU,54zDfk4cx2vGrEajPtodWpArNe5eUurytyxd4X3aZAxK,1044.6348892949925,1172.3743625749794,146741.07460928897,140.47115993638906,14.674107460928896,157.88130862132988,5900.370673072,1058.069434064,995881.2993633306
AURHmCnNwiW4uA2Qj1XvEh4iKgRUZYXtiY7FKAapUV5Y,BKWm4TRnTeKwfWXRyuzjRHU7iZDkPuXBX5b5V5jSVfGJ,A5Ww74HVrkj9nPeC7pHKLfgeDMEhBCpW1efQdz3TGLEg,0.03537561799998912,0.031554063999976734,5.456259990756388,154.23787057961974,0.0021825039963025553,140.47119940069368,289.875145248,1809.515001205,298894.46768982353
NorjjEePhxfwLF4vZjUHCrVVKLzQjEEGQFd3wgjEJmh,34M8pFVqgbV7aqHxvRT5tCv3vu2P1JJYT8J3VaxBK2oG,3AZWBSze3ucsY3xSeuLne3b2pauVqiaJ1SZSV5T9WGWw,0.011885000000347645,0.0010809999998855346,0.007047536030993532,0.5929773690187115,2.8190144123974124e-06,1.0,38120.278942,2260.699896,24865.162609286548
BerKDkt6v49dT1bHRedgnpsJS263C1DSJtEGvY9Mg35V,78XKqNb8wbfsMMrvo8WPUpdx7GEkfQutpNVH943aCGFa,DKYQwn4nDvFHCszi5tXbqfVMAP7DaXXp1KGTXEnYnKVH,0.0010395030003564898,0.0010395030003564898,0.0010584266776062932,1.0182045431742994,4.2337067104251736e-07,0.9997185622295169,1338.317413093,5136.206757082,6497.442104724115
heyk4SZTeCUV6a65WiVA5bzic3KcxgVf1qxobfeV4tQ,9ZDpBKPqMABtGfq66FbVribaArMvtk63xxy91onZAtDt,DaTP4s6N7xxSPinbNZ3FB52EpRDRt87QShTuN3VPCW52,182.89185419400474,158.5020341539995,29417.276220743424,160.84519647079904,11.76691048829737,140.69915944915152,643.080380126,4452.970380483,729965.5796738091
BSCNHw8CmxbZ8hCWWzMf5FaG2ajPT6JxfznKUNuRVrn4,7n9kgNL633yGzCYksgnzHyjG73ZLBAwvEae5sbAekbzW,SscdxE99omdG9AiMVwmaEMQySQnCgeAh1sPj2Leutm2,360.22993240100004,359.39873585700116,360.5621363253034,1.0009221996686648,0.14422485453012135,0.9972131770859707,5156.145318446,6533.694632695,11676.386696729594
ALBpShJ9NLpE739pcHDF2LNVk5J4VYPvvKuV6jMPitZi,D6d156U1bPiJpDYRLextvDRccgFk7QzkQbJg42ceKEu5,GNcM8U5g8RwTZffwwm3kSQqUNPSwv5d2fbN9sLxPJqt2,29461.346954999986,29319.317277999988,29521.275143541374,1.0020341292824433,11.80851005741655,0.9999820003239941,42267.858387,58023.566913,100376.35918304604
WiiQFxXqp8P9Fs1rt9SVcDyA3KUdJmUsog6wnVQAwba,3S2jpqSYxho6wiz3cafhjXruVY8cg4HYa2v3BqBHYFSj,Dfe67M6TfrG74gKRtdqys4e6E9QirPD53BkF4FujFjuv,25740.755356128997,25727.82883423201,25750.016890454,1.0003598004097731,2.5750016890454006,0.9996112751657588,10657.914112907,16128.884263789,26784.363400699214
ercAoEmXjQzEvAFbdjAo81KtMxRGn9AW1ju882upmPH,CMRhskR2Eg6V42RTSdRTXGdozyPbWB8U9dVpijPWb9T4,7TKLLgrWswt6ZJ1pXhVR3FyufHGjJFqiEXxvWJfDcgRm,169.75696356799995,169.46447504700018,23874.02731470471,140.63651241700865,9.549610925881883,140.86629956909,1315.496243262,923.156234335,315048.40640495165
7oAd7xG4m3oC2qeWB1szghTebAZyyGPAFDJ4wwwbRSNi,D9yh4KAysxt9GLacVe4Wwh2XqghhcjTCSTV9HuM7TBJd,HDYfJLpZKaMFb84jM4mRytn7XLR8UFZUnQpSfhJJaNEy,0.3417295959661715,0.007789000000002488,0.3416334203505747,0.9997185622295169,0.0001366533681402299,0.0228093814965932,956.247694011,300037.026752135,7799.637576084955
YAkoNb6HKmSxQN9L8hiBE5tPJRsniSSMzND1boHmZxe,CfWX7o2TswwbxusJ4hCaPobu2jLCb1hfXuXJQjVq3jQF,EnTrdMMpdhugeH6Ban6gYZWXughWxKtVGfCwFn78ZmY3,9968218.231076006,9972021.978787024,9968218.231076006,1.0,996.8218231076006,0.9996031575464541,1084558.596659,395729.104108,1480130.6586583862
TETFuZgEmET6d9vYmz9iMFCxK1jKdKYxf3oPz8hSzJK,Eu1Ze6Z84LWNkq7SNoAHBJbXx5t1P95EwyqYohrfCRFV,ASMbv7WNu3qe4pkhREmvyEdwFNDZQ6B6iSrjkj4u8bdC,231.416711206,231.50109899999998,232.69277090389,1.0055141207877338,0.093077108361556,0.9994822681850801,61.52424419,290.909653764,352.6225368848167
ZUCKWFa4LTL833dPhhpeeRWZcaAEoMeYJPi2iKn4F8N,7eEYpq6ShaJ9opZWMxitRFrdCHh6vfyHhGfoSvFht3N2,H8VggnHmuwd1wvwpT8eg9cUJFEfZ7HAaeYjgXrSm7A2u,0.003222958000151266,0.0010638779999680992,0.0032272292218902916,1.0013252489603728,1.2908916887561166e-06,0.9997185622295169,1817.011925129,2030.15371529,3849.0022716483927
MATSnbbiTCv7Dc3trJrkrqjx7ckKdr6fwPoVwv9q3sD,631WX9JizSHJm4w6VanZeJAst9T8DeUUnPLesdGkCVtK,211maUSfpnXbPuW1iBu8b4dtJv5EbN1j7JJiEX5TZKEP,11741.935802,11725.59370399998,11731.424445696655,0.9991048020973208,4.692569778278663,0.9976803930860749,19872.190808,25670.237395,45465.0937993235
SQDY9uoDoCbNq7F3HAHYYQZbrUzpKxDtdWLvYcqBLak,GiehZ4X2uQjhEKuxSm3ACmEFrabxh3RTvjbLfLjw1xGX,rxDQYV77NKRKYxCjq4cECX3QQsiSyLv1T1FT2X3zNA2,0.0010622399999817844,0.0010622399999817844,0.001064407719522979,1.002040705999804,4.257630878091916e-07,0.9997185622295169,168.702204443,237.865563988,406.8450956777835
Cob4usZcpHEY7Qt4ZCwj6WVg9S44zvzYV2v9qYF65dTf,NhFM9UXE48PyNAyeyPYA3iXztqKVJwA4bTdLj4ysM8w,6TuFuynuBoeskxyR2cz4wxyidk8dpDK7kAWw3UkjQGx,107.24424000000133,2564.5689490000004,1.5212984282249635,0.01418536257261877,0.0006085193712899855,1.0,65467.692412,249.727238,1178.4101916569025
daob129AwBGn9Y5r91uLoWZeYiGzbPmksauMhFZKTze,6VW5GQNyj4LStgmxEHLr5zUfW92vQnmbw8jTnCH7a38F,4VPCCUifPeBA1c7HWK358CHn2nyjm8pdTRk6Ps3KmnMQ,57.490985559999956,51.59719430000003,9019.832239330683,156.89124393105445,3.607932895732273,140.80608102038224,48.653296429,223.476735558,39100.159531242425
ALLwa5WNZbvQsRKAqe1jdRGemdYQnW8E5k4msbRFcYtu,CGoM82Hbz7QVqTgvQatYtjvDWBvoUJp5qm21P8iMs9yb,3dxNNww8TivyN5FMy5dCNdi3Zcxv6e4kUfSPxfFwpdNq,0.8540568089999994,0.8542436069999981,2649.059581265507,3101.736972704715,1.0596238325062028,3108.0707272574696,4.702992343,3.923658456,26782.453223480115
SERgf3DMJpQxUifu7VoFKmfne73d2fDJxSrxUMrcNJB,AJfM2GZ2tTB8UtN2krcyR9xufRJEx2mhSCbJyMgPo3GU,F4yRYkufQvERZcEKnKjJwRLU1btiMBUuEwq46hfm11QD,0.00025199800000308414,8.467800000033776e-05,0.03524911953478125,139.8785686170122,1.40996478139125e-05,139.24799399339852,29.284890014,27.959719666,7989.663373373229
DFWzVTzNBrQZLjoQ4yQwkj9HuoXmfkuZP9V5vbymZe23,DhgiEgiNdqZdRdo195UUHnoEJUtefK8buko8nU97XJUZ,2K2kkXsouBHtWVjtcgkyiXd8eP3oVBvq1bTJzcVdLLr2,18.777443228995253,21.802394268008356,15.672325302816178,0.8346357441579535,0.0062689301211264715,0.9997119529949836,61551.58326261,7408.548448504,58779.565938800624
wrmcMSHFi3sWpAEy4rGDvQb3ezh3PhXoV2xNjgLBkKU,8p4mGnARWPBu6P2Gcw4adodLkNDorrXniZMhaY7eJXUn,AyY89zccbsgp9LKFgH4CFZMJmpSgqmPSdTfukhP227rc,0.057022039999999996,0.5941600400000127,14.76107688325136,258.8661661920787,0.005904430753300543,3104.4331305103688,27.18929899,0.08586975,7304.966487800101
KEVpg4SYCVrqFxKijQH6hm4QxsRdoE51ud64bEEFUC9,2bPenuBYfqzD8p5dFjCcggwkHDsc2RQDnx9AoyYGUBjA,AE6n6iLuX8oYu61vt5hoDYkjswpnxFxrhSehxrnQTnbx,2284.6026072590003,2283.2841213660004,2285.8558643103024,1.0005485667605036,0.914342345724121,0.9996611768400441,2324.500096817,5306.805867553,7630.783039124585
BSC8REUo9LpiiWUuqMuLXs2D2yJsJfGd4HdiF3wCLxk5,AZjEH1zWVx1UJ6udMyRijGTzPteuLnaY18yNNmprJEsh,Caf8ypkSVR8xYnXNhjvfvdGCC7mrM3C11rz8Xi6NA6aK,136.02365241400003,135.95710795500008,136.0220673488492,0.9999883471357908,0.05440882693953968,0.9997910136844096,3031.058095246,3317.266099433,6347.5956109506515
FrnkTEL6yZ5Aycq2TrEgu29dCrwKG4LPUZydfiwqspkc,DjvZuMZ46fxKBoBpGMPcRcos4xdTtHFxwMh69DpA2ZFY,9rvDPJLAng4uVVqnnSoEXgNDFhBZQTny9AoQioYDZbQX,610.2208793079916,511.543350907,102714.53327385761,168.3235312930277,41.08581330954305,141.24780571533822,175.921531833,1442.312312113,233335.1827107866
SEQV6QiTpvTzrceiaYg9Avnwf7oc8ZALpnQMz6TyT4A,3dFMPj4r9mMmPHF32mz1gNDX7f8ftidWof7S8YiYTs1j,Fc1ED3YPeQfXQosHbd8DTaBd2AV5gHQtwiSAL5C5pUhi,719.9410265799993,718.6199043540003,720.4317082939281,1.0006815582052042,0.28817268331757123,0.9989281500949481,1350.045635056,4273.668488449,5620.053527021405
7dwD9TF6uikvHXxPFK9AsSim54yJoujQjY9vU6gNFumk,CquVr6atkvwueDYficKjn6SSEWq4F4rH4VSiBbW4GBWU,8BCa6ge3b7ho3TfZuM64Vk1hgbrJ3J7EPiAb9uP86CGd,4.204599999999914e-05,4.214100000000075e-05,0.0069930360697026935,166.31870022601046,2.7972144278810773e-06,164.83371574755387,0.003905817,0.003602213,1.2433765604647986
MATgk4zXLXtYkwBH678J1xZbRDZ45LicNzkRBHkxTuY,y8dALFo1bJrSzPYjMX14HJX448pXqYmrfXHD1K8MXih,GN7Yuet3UyiWS5YVkEHv6oQKi4HGBJc3XDPt9zQhAqZz,22532.765827999974,22532.513606999993,22547.444214183404,1.000651424077074,9.018977685673363,1.0,5928.568242,6393.414359,12325.844613095416
AUSejoEUCh2DBs9mof6BNC8Pubs22w4cJa1ccV9h44R,4xkyD7AfGQDwsQMy9MosRRNGoVJ1zosNinesxg1TzHG7,Cbm5gsQe3nSiCsFrvepVzMCD9xLK3ri9g3ypS2hdmVJ7,1628.8974429999998,1629.1261400000003,1628.8860407977143,0.9999930000489996,0.16288860407977143,1.0,14391.018132,14483.272702,28874.19009757823
C2ypsDADXcCRz8HbV2zX1AXPSja7a1P3xZtRC91xGhJh,J9bYNuDpY1d1T86gLaw7DGk5D3CsUAf2tzUwxMvb6FTv,A2NGvvPrMGzsJ4jb52KEnSBVmsA7C34dV1GC7PerdgvG,1.249253066,1.2490937139999998,176.92236508472428,141.62251820699095,0.07076894603388971,140.72412695455256,4.026985079,2.997632594,992.1509973911191
BUSDgu5JdqP1rndBvXvanbEufS94FNh1w5FJcAj6vawb,Bgzr8cWubt89JQFXndVjtdKmDbGzuPxNhvjH1EhWCwbo,Dxaf8xPBBQsasRKW5Aa4Sw2YrbfGofY9xZueyyF23FBW,10505.625506009997,10458.24804481,10556.718545831225,1.004863398166249,4.22268741833249,1.0,5367.48067221,9634.21254398,15027.797411848602
SAMyS8Jr2HJrkFwYVKbpUwsNStnQmvz3f8Tup8bWUWF,6jPzm5TFfquvgm25sTyN3MMGBfufRaFHMxobDWv6hMFW,Cj9ECoDmxsHTDzCY5ZA6RWrPbg9uFzEC1Qc2kso2vJG6,4564.383005499985,76.48686901000002,4588.144039972756,1.005205749483367,1.8352576159891025,0.017428965766391448,420.27391784,112043.05632128,2375.2563515561264
Lee1XZJfJ9Hm2K1qTyeCz1LXNc1YBZaKZszvNY4KCDw,9DgFSWkPDGijNKcLGbr3p5xoJbHsPgXUTr6QvGBJ5vGN,2hNHZg7XBhuhHVZ3JDEi4buq2fPQwuWBdQ9xkH7t1GQX,4038.9856170138155,3421.087257915996,672156.2591656406,166.41709649429075,67.21562591656406,141.48846430401682,7150.267003487,56456.501452323,9177870.364345916
SoN9GaFpSXfpyR5dth3x7PHPVhvJMpQqqDJfCSmPv1t,9kZ9iS68ViMPtoeqtnhAKuF2iqVyfHPdZHoUNdwCELr,BBhm5fJLjw3HRzjtKB8uMEYjGhY6EDm9co3cqpjrSzB9,4.039782958000002,3.9653959870000013,615.6016401484048,152.38483021206025,0.24624065605936193,164.72803730497023,3.754884145,5.89237932,1542.8274633417773
BUSDTd9WiT6uBHJRgNvFXBsA7JrifsAtWzKfioN7ERcy,DyBxrn7gSc1EwnpWhDyhzvMHPtxpmBqRqotapLcKcfTM,Cds99GeBgoCpqBsoRWu1C6fF9LiUMd4pXQQD24s9LPff,8218.79139983,8214.83879228,8193.069013868888,0.9968702958002265,0.8193069013868889,0.9963225733816482,474.98242304,394.23539917,866.2814959749887
JSoLLrxK5bYdHwTEWYaGgmeycBCNXKDiBCTw5hXGBg7,xG4wXczA7Dk4hccJ61CHKpDHW4NrNfQwgmWgkb9BuF2,BVR6WgfhsRr9Lob4QDnkEAiNGgAbv7ZieKcY9kSg3QYR,3.5358810179999125,3.0191209269999852,582.3949422831329,164.7099942895045,0.2329579769132532,141.32120345179865,17.190105487,163.728073986,25969.630631146396
KwnjUuZhTMTSGAaavkLEmSyfobY16JNH4poL9oeeEvE,J63v6qEZmQpDqCD8bd4PXu2Pq5ZbyXrFcSa3Xt1HdAPQ,BnKQtTdLw9qPCDgZkWX3sURkBAoKCUYL1yahh6Mw7mRK,438.3569009999826,21388.937841999697,7.516293579627418,0.01714651591541322,0.0007516293579627419,1.0,280384.560704,520.204724,5327.8230565472795
MARpDPs5A7XiyCWPNH8GsMWPLxmwNn9SBmKvPa9LzgA,6YjT74rmcfCpw8LSjPNx5JTmZoYLGrTKnf9arfSgZ4SR,F8GSmi3vA8M8TsybLya1LQ4n1aFHCRbZ6k437PeTdXtg,55185.13590099994,57977.57876000018,52793.53592984216,0.9566622436982266,21.117414371936864,1.0,316978.202827,18132.230442,321373.3091619094
BUSD5rCfUDpCxKGMvYU2yThChxgHoioK74PTPociGnv2,CcFHbafgYDZ8yA8Me1PdtDiVb2eeaS61LbqyKKK5CsNZ,26R9s4nmF3CFDTkiePDwRmtscn8i7r2eygbSijditJ58,361.42682720999994,362.1274051799999,360.1284560872685,0.9964076514940684,0.036012845608726855,1.0,90.65447126,56.73489231,147.0637011156131
BkwbeSfcX1h4thMDd7obGkHrPevf3QwgzJ4pCEqG18Lu,35yX27bmurdebhfAb8EPmjLETDiUaEUCn9zHaDPbakH2,2CxECn1ZJFoESyUnQysQU8rRgT3iJ5GRs2Mdd6gZjx5g,0.08864140000000376,0.05842210000000003,155.63409709420375,1755.7721007813184,0.0622536388376815,1152.073732718894,0.90338103,22.63482703,27663.12087474771
KEN5P7p3asnb23Sw6yAmJRGvijfAzso3RqfyLAQhznt,9zj4aX38Uxf3h6AUjS4EipWS8mwbEofasHAf3a1uKGds,CwQDG1MWunn9cLNwcZLd8YBacweSR7ARo32w4mLua1Yr,549675.813274002,550309.9940779984,547537.678638917,0.9961101897091856,54.75376786389172,1.0,1316983.474632,750099.765898,2061960.4246575441
parEAJhzYzHW87y9VoZAQ22dzQ2MD2ekEtTReaxbMcz,3oyc6hpjYSJEquK6dSvG72NXyz3pqLZz5D8AC71pwgQb,Di2vordgFJVZ1aj1aBpvzXtLfZgJsuLLXawGtVFwX6Rz,21.57251064099998,25.350035974000633,2753.9805376109466,127.6615681615113,1.1015922150443787,161.94583753852692,1102.301418625,144.067711604,164052.69390629476
KZMu9QBEdL97EFgamLbN5DE1AoKBG4HdrKKJo4Vuon3,DD4ACBWyVqdaKWh7v5btsgqQCCMwbKnuL2xd9pv7Gyuw,GcYqiJ1MAuYbNTNYXm1F1gQYTfTgkErACAhNU5dpVj9T,116.60444211999948,116.11360683999919,117.21145563432397,1.005205749483367,0.04688458225372959,1.0,2067.13228578,2623.82671146,4701.719970068751
BSCuChvaSj9b5HUSqgDVRzcnr2sSn7cXaamt1jbKH6hn,GnKpRj5kBVPMJfiwZtEuD9GYApLzPdW5JFuZTcyX4BTc,3dmwD9okkomV9nDwyuh4UMhKdUR13QpuKxRo89ycZB5t,1.3682928309999625,1.3693447660000402,1.3665705912803132,0.9987413222662356,0.0005466282365121254,0.9977351412294092,1712.677345165,1395.830225285,3103.1905032825252
moFiBS1R4Lf3E3zzmBPnw3NF4RhWPkhREFviuzUaCAU,44ALBrpqi9PfZkBRTvbtRNtFJGsatfY4QydjtMbFWq8S,2ho8qEEie1UjVwWNBo9y4oAJZMyMLx8zPj9bxyUz6uWs,264.663089436006,264.71697370400216,264.6887978648762,1.0000971364345705,0.10587551914595049,0.9995731003211685,33026.217430837,34085.857952611,67100.73219064392
