0,1,2,3,4,5,6,7,8,9,10,11
BUSDgu5JdqP1rndBvXvanbEufS94FNh1w5FJcAj6vawb,Bgzr8cWubt89JQFXndVjtdKmDbGzuPxNhvjH1EhWCwbo,Dxaf8xPBBQsasRKW5Aa4Sw2YrbfGofY9xZueyyF23FBW,4366.968242209998,4342.989643300007,4397.871336453127,1.007076555754271,1.759148534581251,1.0,4678.11469549,10352.68021535,15063.899850307509
heyk4SZTeCUV6a65WiVA5bzic3KcxgVf1qxobfeV4tQ,9ZDpBKPqMABtGfq66FbVribaArMvtk63xxy91onZAtDt,DaTP4s6N7xxSPinbNZ3FB52EpRDRt87QShTuN3VPCW52,62.139451145998464,54.01945755400004,10800.279472474245,173.8071269264782,4.320111788989698,153.73700057574507,636.655479481,4460.621308829,796417.8004542167
Lid8SLUxQ9RmF7XMqUA8c24RitTwzja8VSKngJxRcUa,4PgzyzLtds9bKZ2to9PMnKqJzKEUpjvNUaeN23phegax,AtymwxoVN9peZo7EXTcDz9jKVc4vRmisJKKrNfe3ewBa,241.2988958770029,204.744922338999,43737.068844781985,181.2568129904583,4.3737068844781986,153.84684023974876,982.51816192,7682.348348639,1359993.1297940242
BUSDTd9WiT6uBHJRgNvFXBsA7JrifsAtWzKfioN7ERcy,DyBxrn7gSc1EwnpWhDyhzvMHPtxpmBqRqotapLcKcfTM,Cds99GeBgoCpqBsoRWu1C6fF9LiUMd4pXQQD24s9LPff,1466.18161417,1471.4427727399998,1473.220055575316,1.0048005249399479,0.14732200555753164,0.9976575001895549,153.67912612,264.16305546,417.9611201503468
MiMy69CnJDY4V6cQWkU3HHfTyb8pqXJmhX4MisFYDnM,,,0.009135077999999991,0.005901059,0.0,0.0,0.0,0.9976575001895549,153.67912612,264.16305546,263.54425355265835
MATgk4zXLXtYkwBH678J1xZbRDZ45LicNzkRBHkxTuY,y8dALFo1bJrSzPYjMX14HJX448pXqYmrfXHD1K8MXih,GN7Yuet3UyiWS5YVkEHv6oQKi4HGBJc3XDPt9zQhAqZz,5220.453678000002,5203.036890000001,5232.965698986279,1.0023967305828236,2.0931862795945118,1.0,3721.526977,6346.988987,10077.43546152058
RajgMbScQbqqrdJfR2rxfHJiTiY5b6bJ2tTXiF4aPxy,725ZA3fhyBAKb5iopNRrcbSuQa3LXA1656Q3mBvYPxeg,GLA6i1dSZpUfk2f9Nj8uiG7xyDdAR2reff8oEiZH3617,2417.254228980004,2415.8624738799845,2418.9159516713235,1.0006874422522039,0.9675663806685294,1.0,76487.32523434,104901.53305472,181441.43890818412
AURHmCnNwiW4uA2Qj1XvEh4iKgRUZYXtiY7FKAapUV5Y,BKWm4TRnTeKwfWXRyuzjRHU7iZDkPuXBX5b5V5jSVfGJ,A5Ww74HVrkj9nPeC7pHKLfgeDMEhBCpW1efQdz3TGLEg,0.006417068000018844,0.0057271030000265455,1.1027688191801108,171.84932732158558,0.0004411075276720444,153.79731728263516,289.902320861,1809.484684945,328113.4090374846
BUSD5rCfUDpCxKGMvYU2yThChxgHoioK74PTPociGnv2,CcFHbafgYDZ8yA8Me1PdtDiVb2eeaS61LbqyKKK5CsNZ,26R9s4nmF3CFDTkiePDwRmtscn8i7r2eygbSijditJ58,376.4965981199999,377.38368745999986,376.574526452504,1.0002069828330276,0.0376574526452504,1.0,78.91008503,68.82758342,147.75400148295395
BSCrK1Nx9PXU9mF7STWWBqeHLxmtJDr9h7jheEy4tAWX,FfSySSbVJPvEo5a5AvrP3nySoXpRE2QPn1uUMpJJ1x7v,HL7Vcj6838ZmvBHDbQxXfjBNckNi83WvPiZQoMQLFeRM,0.24918278199999988,0.24877661000000006,801.6896551724135,3217.275482430459,0.32067586206896537,3212.2321801419803,0.845156664,0.959032201,5799.7359117445085
KEVpg4SYCVrqFxKijQH6hm4QxsRdoE51ud64bEEFUC9,2bPenuBYfqzD8p5dFjCcggwkHDsc2RQDnx9AoyYGUBjA,AE6n6iLuX8oYu61vt5hoDYkjswpnxFxrhSehxrnQTnbx,1302.2975837269996,1301.6727765490002,1302.9568890335488,1.0005062631727093,0.5211827556134195,0.9996158456312921,3228.695513042,4405.893995593,7634.531534842675
KEN5P7p3asnb23Sw6yAmJRGvijfAzso3RqfyLAQhznt,9zj4aX38Uxf3h6AUjS4EipWS8mwbEofasHAf3a1uKGds,CwQDG1MWunn9cLNwcZLd8YBacweSR7ARo32w4mLua1Yr,112825.83334400062,112829.80883099884,112593.21576023998,0.9979382595557579,11.259321576023998,1.0,1142260.969346,1125941.39245,2265847.3161576204
MiMuMS9C4vBqcrYeeQPph1E7oAW9aNKvW9k6Zw9XffM,Afy2q2hh6Y474pshJa5fnQ6PfEchGyTbKrQpCZw2hr3m,5pXz9ksgjeL8Wgb37bksUaBFMLdFfsNNY3FQnikkCPtS,2.182735058999871,0.42218048500082617,0.0,0.0,0.0,0.01994483537762245,25.978825011,7675.542599051,153.08743357200058
Lee1XZJfJ9Hm2K1qTyeCz1LXNc1YBZaKZszvNY4KCDw,9DgFSWkPDGijNKcLGbr3p5xoJbHsPgXUTr6QvGBJ5vGN,2hNHZg7XBhuhHVZ3JDEi4buq2fPQwuWBdQ9xkH7t1GQX,961.6434977961981,813.058174477982,174852.06119112542,181.82628135253296,17.485206119112544,153.51491589301546,7125.566371475,56487.346266154,9967265.446924234
JSoLLrxK5bYdHwTEWYaGgmeycBCNXKDiBCTw5hXGBg7,xG4wXczA7Dk4hccJ61CHKpDHW4NrNfQwgmWgkb9BuF2,BVR6WgfhsRr9Lob4QDnkEAiNGgAbv7ZieKcY9kSg3QYR,2.1643831599999714,1.8474710480000098,389.2697053584481,179.85249218001366,0.15570788214337924,153.79731728263516,17.177040992,163.748579825,28273.425916615888
iLiUBQ7Z7im6Ew3b4ewwPcehzWgEQRJ1iQz7g6D62NW,GpugBvKWM3TVhYcZjemSdtehBWgfvuGr6uAm9iPjXT6v,92fMXJ3xy8tEyMUWLHKRLyhPw2nECBo77GtDiBBbYrjX,29.980872924999858,29.99273653199998,29.316633872888662,0.9778445726456045,0.011726653549155466,0.9996158456312921,1865.637227489,1097.929724622,2921.811187547464
C2ypsDADXcCRz8HbV2zX1AXPSja7a1P3xZtRC91xGhJh,J9bYNuDpY1d1T86gLaw7DGk5D3CsUAf2tzUwxMvb6FTv,A2NGvvPrMGzsJ4jb52KEnSBVmsA7C34dV1GC7PerdgvG,0.0002091250000000322,0.00021000000000004349,0.03216286397673603,153.79731728263516,1.2865145590694414e-05,154.17380876835787,1.308319405,0.911007483,341.66950810839853
BSCuChvaSj9b5HUSqgDVRzcnr2sSn7cXaamt1jbKH6hn,GnKpRj5kBVPMJfiwZtEuD9GYApLzPdW5JFuZTcyX4BTc,3dmwD9okkomV9nDwyuh4UMhKdUR13QpuKxRo89ycZB5t,278.30590699899994,278.87077273,277.56755841901145,0.9973469891891616,0.11102702336760457,0.9995671874078524,1877.242380295,1233.057428493,3104.785781676621
TETFuZgEmET6d9vYmz9iMFCxK1jKdKYxf3oPz8hSzJK,Eu1Ze6Z84LWNkq7SNoAHBJbXx5t1P95EwyqYohrfCRFV,ASMbv7WNu3qe4pkhREmvyEdwFNDZQ6B6iSrjkj4u8bdC,206.92734360300003,206.707963,207.0579882901176,1.0006313553580828,0.08282319531604705,1.0000080000640006,111.865760876,240.652829629,352.59114279055404
KwnjUuZhTMTSGAaavkLEmSyfobY16JNH4poL9oeeEvE,J63v6qEZmQpDqCD8bd4PXu2Pq5ZbyXrFcSa3Xt1HdAPQ,BnKQtTdLw9qPCDgZkWX3sURkBAoKCUYL1yahh6Mw7mRK,568.1311049999892,27029.506173000158,11.27163341726757,0.019839845623780418,0.001127163341726757,1.0,278240.053557,561.264685,6081.5043939232755
Cob4usZcpHEY7Qt4ZCwj6WVg9S44zvzYV2v9qYF65dTf,NhFM9UXE48PyNAyeyPYA3iXztqKVJwA4bTdLj4ysM8w,6TuFuynuBoeskxyR2cz4wxyidk8dpDK7kAWw3UkjQGx,457.631450999997,35123.32862299991,4.656758333783072,0.010175782987832938,0.001862703333513229,1.0,69365.507414,203.937982,909.7863322857809
MARpDPs5A7XiyCWPNH8GsMWPLxmwNn9SBmKvPa9LzgA,6YjT74rmcfCpw8LSjPNx5JTmZoYLGrTKnf9arfSgZ4SR,F8GSmi3vA8M8TsybLya1LQ4n1aFHCRbZ6k437PeTdXtg,50193.708242000095,52380.13916100084,47966.38897017024,0.9556255285803705,19.1865555880681,1.0,295329.908471,16545.46413,298770.2640181918
NorjjEePhxfwLF4vZjUHCrVVKLzQjEEGQFd3wgjEJmh,34M8pFVqgbV7aqHxvRT5tCv3vu2P1JJYT8J3VaxBK2oG,3AZWBSze3ucsY3xSeuLne3b2pauVqiaJ1SZSV5T9WGWw,21.870514000000185,36.85899000000791,12.957885787245749,0.5924819959533479,0.0051831543148983,1.0,38124.371737,2258.30739,24846.311251205167
SoN9GaFpSXfpyR5dth3x7PHPVhvJMpQqqDJfCSmPv1t,9kZ9iS68ViMPtoeqtnhAKuF2iqVyfHPdZHoUNdwCELr,BBhm5fJLjw3HRzjtKB8uMEYjGhY6EDm9co3cqpjrSzB9,1.5716557140000025,1.5409574200000002,288.8555824747559,183.79062278187692,0.11554223298990236,180.39467106925875,3.698256695,5.955133368,1753.979226275223
KysFMBBoavfov2tLpvefWW6tPFt6rAeZWDJVy1mMQae,B8ka2V21TH3x64dFV8ETcjuQcwmrciJ2qzy1mJUttRew,7fSf7EYxBANyxzk2s5pymFgshA91tFYQNKKs5UnLWcYS,139.94296400000985,157.54374100003452,0.0,0.0,0.0,0.019332782001056228,134456.590963,2646.172984,51.157885436756445
KZMu9QBEdL97EFgamLbN5DE1AoKBG4HdrKKJo4Vuon3,DD4ACBWyVqdaKWh7v5btsgqQCCMwbKnuL2xd9pv7Gyuw,GcYqiJ1MAuYbNTNYXm1F1gQYTfTgkErACAhNU5dpVj9T,676.3227875799996,677.2234535099999,670.729533754251,0.9917299048199125,0.26829181350170034,1.0,2040.9056504,1347.30234135,3371.329507767614
DA1mL7dfBow33EH5yjUuZE6SH2KeUK5zEXzsyhE5r5j5,B4UtLRZND3D83CitRCBUyeiNr7H8m7YFRqBmiPmXjhW4,AAmpYbuixWiSqDaJBCqYEs1pb5SrbdPr9mgXrB58Q2e,28.593406218999917,24.167177883000022,33.2138936639514,1.161592760567338,0.013285557465580562,0.9996158456312921,191.624240766,2942.196036527,3163.6551098889718
daob129AwBGn9Y5r91uLoWZeYiGzbPmksauMhFZKTze,6VW5GQNyj4LStgmxEHLr5zUfW92vQnmbw8jTnCH7a38F,4VPCCUifPeBA1c7HWK358CHn2nyjm8pdTRk6Ps3KmnMQ,25.706663775999942,22.98224155599997,4405.970921274216,171.39411631421754,1.7623883685096868,153.64249480995653,48.1010576,224.161656982,42684.99448057947
STK75uPSyBnEhGTTzb1nwmP3n427XoXmfRhXxxhyady,6TYyD5fUmDe6N65avW1Ny2RxzRNobw2RRgKwH9CTzSAU,54zDfk4cx2vGrEajPtodWpArNe5eUurytyxd4X3aZAxK,910.1517362100002,1023.8037133380053,139882.23513756972,153.6911149783211,13.988223513756973,172.6658554824776,1664.254854946,296.777210702,307024.4752382992
AyiATPCAx5HZstcZ1jdH9rENwFb3yd9zEhkgspvDrCs4,DvHVapj4g2Y1tJVSw2ubSPkPBsJPb8fW387ZWXwaKmZq,DKjqWWgrtDRPKrnMWtZ4UiJk4sGQVCQgFjSo7BvfngvK,0.0048503599999999425,0.004893900000000229,11.36607770539425,2343.3472371936073,0.0045464310821577,0.0,0.80222651,0.31854273,1879.8952758119697
MiMUFdSLMyCLpqpH6zkqdDrGYs7XBomwENbivdYjv9V,,,0.04371023500000004,0.032963485,0.0,0.0,0.0,0.0,0.80222651,0.31854273,0.0
MATSnbbiTCv7Dc3trJrkrqjx7ckKdr6fwPoVwv9q3sD,631WX9JizSHJm4w6VanZeJAst9T8DeUUnPLesdGkCVtK,211maUSfpnXbPuW1iBu8b4dtJv5EbN1j7JJiEX5TZKEP,210.07093300000633,210.00369499999942,210.05181828454243,0.9999090082802464,0.08402072731381696,0.9991617033309054,21751.247159,23795.762657,45525.08272404029
SUiuyGR7SFq3xeRVJonq84fjjeFwRSsFekcevJ53tzy,49GjCCPsv7fBqo6t3iKDrP1xxGDS8uWZbVCdfnp2gjMf,CEwj5xEbbJEjYqM8D6Ai8ByGz1mrh8mkAVsE5fzDSSSx,2.6491670000000003,236.57940400000007,0.026289732778784942,0.009923773313945455,1.0515893111513978e-05,0.9503995955099321,625.891753,1.849461,7.968934862151334
SEQV6QiTpvTzrceiaYg9Avnwf7oc8ZALpnQMz6TyT4A,3dFMPj4r9mMmPHF32mz1gNDX7f8ftidWof7S8YiYTs1j,Fc1ED3YPeQfXQosHbd8DTaBd2AV5gHQtwiSAL5C5pUhi,1003.1918670329999,1003.4861289269998,1003.2096318691611,1.0000177083135788,0.4012838527476644,0.9939192023202049,1534.716552992,4090.859621057,5600.727661598884
GokA1R67GqSavkd15zR62QD68Tuc5AEfvjssntVDEbM8,3YB7hfpBdbQEuZqLGWVDpRPmeZWCUsrrWyqGXegnQ6Cg,4DPCj6Z1DsG6HUtwSogBGqXEUxdEV5a8YVrrFtcnz7UW,1782.4321039999995,1781.6720069999992,1783.368372395507,1.0005252757697791,0.17833683723955074,1.0,10714.017253,21870.534682,32590.179748659997
SoNcU2iwHMw6dGzsYNQkYFkUjwN1UdAjrWVRnStrZu2,8ivTTid27jZnYNc4w3CTA1Z6QS2twsFb8WMwUabeDJgc,CyXm53PMvHCbeXJBykU46Rcbo28xk5srhMZFg7gv6EYB,11.648820055000012,11.535612378,2112.6227313302334,181.35937557241553,0.8450490925320933,176.88289185132356,22.01480439,27.741459534,8899.580764069662
KEnkcdADoLR5jS2CLLLesy8TtFsyWL37BhXNfDMzWzP,3qsjFRuw1qeLMPo4DLwaQevenGAGBj9dA3Q6rb8ax2YR,77iEv8zPQAEyCcEbvBRSB6AFcUdfkhiqnAKtPxk76rNN,1.2394550000000044,46.40584400000001,0.012268039037119897,0.009897930168598176,4.907215614847959e-06,0.9951209221188512,115.923975,0.327832,1.473639891556388
4vezWG46exH6pf9nry3n1VJ7hZHvjBJNgNeF4qEFCML5,,,1.9138169999999963,1.9066770000000002,0.0,0.0,0.0,0.9951209221188512,115.923975,0.327832,0.3262324821400672
RoBgmK8CvjdHvPrqdDyVw54VwjZv2TqJ493xnqJAQHx,ExiHJxM7qPAcy27NDHAF6G7vnW7muNHi2sVJpnaNynGQ,6rkPHSqZb7StM4HwS9EuVrmfkV7tRdc7dnsFhyB6cefE,2.6352810000000026,169.54803899999933,0.0,0.0,0.0,0.9463826887678571,6323.211183,18.006255,17.04080802153967
BSCNHw8CmxbZ8hCWWzMf5FaG2ajPT6JxfznKUNuRVrn4,7n9kgNL633yGzCYksgnzHyjG73ZLBAwvEae5sbAekbzW,SscdxE99omdG9AiMVwmaEMQySQnCgeAh1sPj2Leutm2,1084.2916099049999,1084.5351374459997,1087.1247679369699,1.0026129115139222,0.43484990717478794,0.9983100816582805,4344.928076343,7353.262892435,11697.11746754243
SAMyS8Jr2HJrkFwYVKbpUwsNStnQmvz3f8Tup8bWUWF,6jPzm5TFfquvgm25sTyN3MMGBfufRaFHMxobDWv6hMFW,Cj9ECoDmxsHTDzCY5ZA6RWrPbg9uFzEC1Qc2kso2vJG6,3053.0347146099866,1014.1849917799888,3027.785826932051,0.9917299048199125,1.2111143307728205,0.019666419761322038,457.59130786,110048.09387301,2618.058992230404
ALLwa5WNZbvQsRKAqe1jdRGemdYQnW8E5k4msbRFcYtu,CGoM82Hbz7QVqTgvQatYtjvDWBvoUJp5qm21P8iMs9yb,3dxNNww8TivyN5FMy5dCNdi3Zcxv6e4kUfSPxfFwpdNq,2.3931466760000015,2.387118909999999,7660.0303309647325,3200.819409768901,3.0640121323858933,3195.6232743634314,1.847739559,6.78496479,27596.47204330542
7dwD9TF6uikvHXxPFK9AsSim54yJoujQjY9vU6gNFumk,CquVr6atkvwueDYficKjn6SSEWq4F4rH4VSiBbW4GBWU,8BCa6ge3b7ho3TfZuM64Vk1hgbrJ3J7EPiAb9uP86CGd,1.1825000000000464e-05,1.1824000000000123e-05,0.002133508753159526,180.42357320587251,8.534035012638105e-07,181.21887452568225,0.003937636,0.003570527,1.3574892415076398
parEAJhzYzHW87y9VoZAQ22dzQ2MD2ekEtTReaxbMcz,3oyc6hpjYSJEquK6dSvG72NXyz3pqLZz5D8AC71pwgQb,Di2vordgFJVZ1aj1aBpvzXtLfZgJsuLLXawGtVFwX6Rz,4.134497382000063,4.818757523999722,618.9160724125621,149.69560147917218,0.2475664289650249,175.53554138320604,1102.710838342,143.751138287,190304.39608686854
BSC8REUo9LpiiWUuqMuLXs2D2yJsJfGd4HdiF3wCLxk5,AZjEH1zWVx1UJ6udMyRijGTzPteuLnaY18yNNmprJEsh,Caf8ypkSVR8xYnXNhjvfvdGCC7mrM3C11rz8Xi6NA6aK,697.8996384769998,697.9876579639999,696.4500890486594,0.9979229829786074,0.27858003561946376,0.9983100856447726,3363.13468147,2986.982251824,6338.083901129185
ercAoEmXjQzEvAFbdjAo81KtMxRGn9AW1ju882upmPH,CMRhskR2Eg6V42RTSdRTXGdozyPbWB8U9dVpijPWb9T4,7TKLLgrWswt6ZJ1pXhVR3FyufHGjJFqiEXxvWJfDcgRm,1.4843755890000239,1.5156696089999286,227.95725639009893,153.5711433678766,0.09118290255603957,149.61282445224126,311.427033726,910.540257134,184054.70529225582
WiiQFxXqp8P9Fs1rt9SVcDyA3KUdJmUsog6wnVQAwba,3S2jpqSYxho6wiz3cafhjXruVY8cg4HYa2v3BqBHYFSj,Dfe67M6TfrG74gKRtdqys4e6E9QirPD53BkF4FujFjuv,22923.130955269997,22934.25749132101,22845.43971453327,0.9966107927888068,2.284543971453327,0.9983090880261195,20146.81938042,6653.108601397,26720.396415292642
NorBXypYWTkV5PMs6Q9JsvNkmRwe7H9Zr1Kz2TcJH2Y,C82XDu1d1UjtuUwnkSTwVuWyH3AqpJ3ftb9W7en8rEUu,F7cZoYpWQSFuYJzW2UUFw6sVbTtaihyD5upeeHRUPABk,0.00017724639999999736,0.00018213000000000257,0.0,0.0,0.0,0.0,0.2507724853,0.6546741169,0.0
HEDSDjj84KS7LKhZY7ejkCACTdPen62rKhCby1wXtgxc,EnnjMSFttpCTywBrYNt1J5QQeoSVkvzPipJDa8Y7kJow,6bjVT6JN2rSvpyn9PdfLYC8wJn4LWh49jpY47fnLDXZk,12.439790611000717,12.844255868003529,12.022968538972266,0.9664928385804301,0.0048091874155889065,0.9983100886346418,39113.976543935,9108.784577727,46896.7697572606
C98Sspw7XqnMsgxea3SLQVdbMDL8pKUc3RE82UvX9eq2,CSqgQJurPCzGxb4Cgwx5R61hWQUiaoUHcShNc8r1cKEL,6S2CR5EnukPhC914XkAns8m5GixjMAoUuZMsS5ubHuWc,58.46547899999973,58.26421800000014,0.0,0.0,0.0,1.0,891.291348,1228.278601,1228.278601
YAkoNb6HKmSxQN9L8hiBE5tPJRsniSSMzND1boHmZxe,CfWX7o2TswwbxusJ4hCaPobu2jLCb1hfXuXJQjVq3jQF,EnTrdMMpdhugeH6Ban6gYZWXughWxKtVGfCwFn78ZmY3,5183371.948921004,5184843.528791996,5183371.948921004,1.0,518.3371948921005,0.9999990000010001,1098915.242234,299333.546216,1398248.489116753
BkwbeSfcX1h4thMDd7obGkHrPevf3QwgzJ4pCEqG18Lu,35yX27bmurdebhfAb8EPmjLETDiUaEUCn9zHaDPbakH2,2CxECn1ZJFoESyUnQysQU8rRgT3iJ5GRs2Mdd6gZjx5g,0.008839340000003304,0.0068398700000016355,20.713642967622683,2343.3472371936073,0.008285457187049074,1531.3935681470136,0.90613749,22.63065524,36779.834661197565
ALBpShJ9NLpE739pcHDF2LNVk5J4VYPvvKuV6jMPitZi,D6d156U1bPiJpDYRLextvDRccgFk7QzkQbJg42ceKEu5,GNcM8U5g8RwTZffwwm3kSQqUNPSwv5d2fbN9sLxPJqt2,1605.1264479999954,1601.5138450000013,1602.7751768156068,0.9985351489365101,0.6411100707262427,0.9960466906846727,42572.7391,57727.539089,100009.70064882221
FrnkTEL6yZ5Aycq2TrEgu29dCrwKG4LPUZydfiwqspkc,DjvZuMZ46fxKBoBpGMPcRcos4xdTtHFxwMh69DpA2ZFY,9rvDPJLAng4uVVqnnSoEXgNDFhBZQTny9AoQioYDZbQX,21.10740500499719,17.65778633799988,3847.399852318456,182.2772553711639,1.5389599409273824,153.2557419945714,174.993032861,1440.948623088,252730.9001463864
MAR3XM1n9xWPQ3HJjAcC85o8DopWFP5p2WxGTaZ3fPB,6qG7GUhER8Cg9gDEgnebph9LdS6eu2eoWcA4R7z9uizK,4QV4CwRXVMY227KkFF9voNAfwWHVvVajXSXDKbUHkWZR,0.007327,0.3310680000000019,0.0070174732882039015,0.9577553279928895,2.806989315281561e-06,0.01963568808301058,0.105758,24.557672,0.5834970754147546
DFWzVTzNBrQZLjoQ4yQwkj9HuoXmfkuZP9V5vbymZe23,DhgiEgiNdqZdRdo195UUHnoEJUtefK8buko8nU97XJUZ,2K2kkXsouBHtWVjtcgkyiXd8eP3oVBvq1bTJzcVdLLr2,2295.5180196870006,2539.2476063219947,2087.6519815873435,0.9094470022378652,0.8350607926349375,0.998310093617757,58032.815542331,10498.136008434,63258.16526778761
AUSejoEUCh2DBs9mof6BNC8Pubs22w4cJa1ccV9h44R,4xkyD7AfGQDwsQMy9MosRRNGoVJ1zosNinesxg1TzHG7,Cbm5gsQe3nSiCsFrvepVzMCD9xLK3ri9g3ypS2hdmVJ7,903.1024649999981,903.1227959999978,902.79641701463,0.9996611148820549,0.090279641701463,1.0,14599.651517,14275.579483,28870.283395373706
wrmcMSHFi3sWpAEy4rGDvQb3ezh3PhXoV2xNjgLBkKU,8p4mGnARWPBu6P2Gcw4adodLkNDorrXniZMhaY7eJXUn,AyY89zccbsgp9LKFgH4CFZMJmpSgqmPSdTfukhP227rc,0.010043040000000003,0.08172583999999361,3.6950110375275953,367.91758646063283,0.0014780044150110381,3207.492702954101,27.01562524,0.10298501,10269.84730311441
BkMBnJpvHKtWhUvrgRrLesXfi9RUV3ELgdBaJcdH7hcY,5uerVwBnZQsuVhZ15igs7ZgmcqhHnYWbwoRtLyRqLvR,9YWiQh5d4jCtgMdzcGLv9bWgnLaFtzvDDh2nnhJdzhBX,6.190900168000098,6.171166077999715,6.203254737623427,1.0019956014938163,0.0024813018950493705,0.998309096995709,1115.294452557,1758.160655861,2872.707912558546
Sid7E679i9ABqptiAVhkmQ27YHN8vaYT4fppPwmxFsJ,GP7KB8o1bv527HG8kTzzzf4wJ5aEGHvcMQvVhLziUfmT,9gYxhAZ1M9wu5pxr8SBoa5NDm21gi3s9vMHaYTME77sa,48416.835455,86785.91972699997,444.87530387787007,0.00918844240225799,0.17795012155114803,0.019613663780417973,127578.965382,11981.116172,1407.2455594639096
vEnkoSUkpnbRrPgBz9DfcVxNz67zjwMYBZraAvDDNSf,DtfyjjsZ5yCjWKLKHvwsfXs5QVsmm1QkK6Sh9JZHoq1g,e5wrKCRv4GhHvEf1VD5Pq2KGaZDXP77nTL612Jyrxwy,1188.945459,1188.66334,1188.9739943758652,1.000024000576014,0.11889739943758652,1.0004682191265513,792.066651,1152.992626,1945.618140256131
B2izdXFYb2sNwbWWHmh75T4aQFtfXsUxem9u2p61HGzf,4DYwgJtxwuJdAjkj5RJSNH4e7U329V5cNp7d3a1nLrZv,EXNW64GEf1ACC6xY9BtKRiunrs6GoJSXBdxWN2eTPmrF,6102.633953000028,6026.744569000011,6179.619654657754,1.0126151596590323,0.6179619654657755,1.0,9270.44417,30610.829837,39998.2221403147
