0,1,2,3,4,5,6,7,8,9,10,11
KEN5P7p3asnb23Sw6yAmJRGvijfAzso3RqfyLAQhznt,9zj4aX38Uxf3h6AUjS4EipWS8mwbEofasHAf3a1uKGds,CwQDG1MWunn9cLNwcZLd8YBacweSR7ARo32w4mLua1Yr,20004.53394400014,20007.189819000196,19989.96126223997,0.9992715310538618,1.998996126223997,1.0,1107642.073432,1052679.558332,2159514.7489100685
ALLwa5WNZbvQsRKAqe1jdRGemdYQnW8E5k4msbRFcYtu,CGoM82Hbz7QVqTgvQatYtjvDWBvoUJp5qm21P8iMs9yb,3dxNNww8TivyN5FMy5dCNdi3Zcxv6e4kUfSPxfFwpdNq,1.2083766829999982,1.2054437580000008,3821.4372821858838,3162.4553303184593,1.5285749128743535,3157.5623618566465,2.00907007,6.622192381,27263.57976707423
C2ypsDADXcCRz8HbV2zX1AXPSja7a1P3xZtRC91xGhJh,J9bYNuDpY1d1T86gLaw7DGk5D3CsUAf2tzUwxMvb6FTv,A2NGvvPrMGzsJ4jb52KEnSBVmsA7C34dV1GC7PerdgvG,0.16931340999999955,0.16992707500000037,25.50965320015319,150.66528516644522,0.010203861280061276,150.1375485150721,4.081052064,2.944379631,1056.9348126977222
SoNcU2iwHMw6dGzsYNQkYFkUjwN1UdAjrWVRnStrZu2,8ivTTid27jZnYNc4w3CTA1Z6QS2twsFb8WMwUabeDJgc,CyXm53PMvHCbeXJBykU46Rcbo28xk5srhMZFg7gv6EYB,3.477349970999999,3.4475238810000093,619.3791426496605,178.1181496872869,0.2477516570598642,175.6990626455008,22.410056665,27.337754035,8794.855586339809
BUSDTd9WiT6uBHJRgNvFXBsA7JrifsAtWzKfioN7ERcy,DyBxrn7gSc1EwnpWhDyhzvMHPtxpmBqRqotapLcKcfTM,Cds99GeBgoCpqBsoRWu1C6fF9LiUMd4pXQQD24s9LPff,1872.4722732699993,1870.02988722,1873.4323324030627,1.0005127227499004,0.18734323324030627,0.9996521210618704,198.07345638,219.47546087,417.57412312696454
Cob4usZcpHEY7Qt4ZCwj6WVg9S44zvzYV2v9qYF65dTf,NhFM9UXE48PyNAyeyPYA3iXztqKVJwA4bTdLj4ysM8w,6TuFuynuBoeskxyR2cz4wxyidk8dpDK7kAWw3UkjQGx,139.16529800000276,2522.0268049999786,2.331408062749593,0.01675279754547392,0.0009325632250998372,1.0,63639.517563,277.936463,1344.0764166245708
HEDSDjj84KS7LKhZY7ejkCACTdPen62rKhCby1wXtgxc,EnnjMSFttpCTywBrYNt1J5QQeoSVkvzPipJDa8Y7kJow,6bjVT6JN2rSvpyn9PdfLYC8wJn4LWh49jpY47fnLDXZk,9.96018276200266,10.188368279001224,9.649120746838413,0.9687694470476059,0.0038596482987353652,1.0,39134.379246613,9088.998960441,47001.18990373358
WiiQFxXqp8P9Fs1rt9SVcDyA3KUdJmUsog6wnVQAwba,3S2jpqSYxho6wiz3cafhjXruVY8cg4HYa2v3BqBHYFSj,Dfe67M6TfrG74gKRtdqys4e6E9QirPD53BkF4FujFjuv,13325.619646976003,13334.710491061995,13332.949702734077,1.0005500724133107,1.3332949702734076,1.0,10356.095930963,16436.99012278,26798.78265642422
SEQV6QiTpvTzrceiaYg9Avnwf7oc8ZALpnQMz6TyT4A,3dFMPj4r9mMmPHF32mz1gNDX7f8ftidWof7S8YiYTs1j,Fc1ED3YPeQfXQosHbd8DTaBd2AV5gHQtwiSAL5C5pUhi,2026.0422773119992,2025.4042745060003,2025.6771652083876,0.999819790481324,0.8102708660833551,1.0001780316896407,3190.06759019,2434.166782057,5624.092850527105
YAkoNb6HKmSxQN9L8hiBE5tPJRsniSSMzND1boHmZxe,CfWX7o2TswwbxusJ4hCaPobu2jLCb1hfXuXJQjVq3jQF,EnTrdMMpdhugeH6Ban6gYZWXughWxKtVGfCwFn78ZmY3,3964547.165558005,3965918.64649,3964547.165558005,1.0,396.45471655580053,0.9999670010889641,1117145.576466,361510.19058,1478643.8376033823
Sid7E679i9ABqptiAVhkmQ27YHN8vaYT4fppPwmxFsJ,GP7KB8o1bv527HG8kTzzzf4wJ5aEGHvcMQvVhLziUfmT,9gYxhAZ1M9wu5pxr8SBoa5NDm21gi3s9vMHaYTME77sa,2093.881623999994,2602.9332670000294,35.04688696671334,0.016737759463098204,0.014018754786685336,0.020972424638161184,105836.756673,25962.205254,2315.9605686771147
RoBgmK8CvjdHvPrqdDyVw54VwjZv2TqJ493xnqJAQHx,ExiHJxM7qPAcy27NDHAF6G7vnW7muNHi2sVJpnaNynGQ,6rkPHSqZb7StM4HwS9EuVrmfkV7tRdc7dnsFhyB6cefE,85.70257700000002,1.310649999999999,0.0,0.0,0.0,0.9509472861390875,6302.774084,18.333562,17.434251029162702
DFWzVTzNBrQZLjoQ4yQwkj9HuoXmfkuZP9V5vbymZe23,DhgiEgiNdqZdRdo195UUHnoEJUtefK8buko8nU97XJUZ,2K2kkXsouBHtWVjtcgkyiXd8eP3oVBvq1bTJzcVdLLr2,2295.720480874006,2432.612207244002,2076.424099171748,0.9044760093708056,0.8305696396686992,1.0,58461.041437816,10108.392829121,62985.00229245811
7oAd7xG4m3oC2qeWB1szghTebAZyyGPAFDJ4wwwbRSNi,D9yh4KAysxt9GLacVe4Wwh2XqghhcjTCSTV9HuM7TBJd,HDYfJLpZKaMFb84jM4mRytn7XLR8UFZUnQpSfhJJaNEy,319.35277269996004,7.31379901199989,319.35277269996004,1.0,0.127741109079984,0.023056630420376298,962.313637935,299832.655821444,7875.444371169922
SBFjafzbDXgDRsA5SUypY8FXjJ9sBdb4JbuQq2PHQDG,46xwHtnXoQR3wCHUbm2eCAbPYWbioDQ59Te1Db8M5DDL,FC38fiikZwFvDt5zTjNtGfKd7LjaPz2uUAzLwKP5pRJY,30.97909243600043,11.102429647999998,102.02884148047102,3.293474193643728,0.04081153659218841,1.213573086832368,201.207276556,9539.480010813,12239.527176408526
BSCNHw8CmxbZ8hCWWzMf5FaG2ajPT6JxfznKUNuRVrn4,7n9kgNL633yGzCYksgnzHyjG73ZLBAwvEae5sbAekbzW,SscdxE99omdG9AiMVwmaEMQySQnCgeAh1sPj2Leutm2,732.7568184379988,729.0385190570005,736.0372836163926,1.0044768811368916,0.29441491344655707,1.0,4295.414395938,7402.538555659,11717.183011281308
MATSnbbiTCv7Dc3trJrkrqjx7ckKdr6fwPoVwv9q3sD,631WX9JizSHJm4w6VanZeJAst9T8DeUUnPLesdGkCVtK,211maUSfpnXbPuW1iBu8b4dtJv5EbN1j7JJiEX5TZKEP,836.8510229999993,836.658490999991,833.2555254078642,0.9957035392282301,0.3333022101631457,1.0002550650415856,21765.818639,23780.914544,45459.28287700919
RajgMbScQbqqrdJfR2rxfHJiTiY5b6bJ2tTXiF4aPxy,725ZA3fhyBAKb5iopNRrcbSuQa3LXA1656Q3mBvYPxeg,GLA6i1dSZpUfk2f9Nj8uiG7xyDdAR2reff8oEiZH3617,829.8138347500208,829.8164368099824,830.4678447871474,1.0007881406765455,0.33218713791485904,1.0,77999.86386891,103386.88230357,181448.22103796012
KwnjUuZhTMTSGAaavkLEmSyfobY16JNH4poL9oeeEvE,J63v6qEZmQpDqCD8bd4PXu2Pq5ZbyXrFcSa3Xt1HdAPQ,BnKQtTdLw9qPCDgZkWX3sURkBAoKCUYL1yahh6Mw7mRK,347.2366720000002,17652.263389999745,7.264680579138928,0.02092140941593555,0.0007264680579138928,1.0,277329.613315,578.89785,6381.024233326207
MATgk4zXLXtYkwBH678J1xZbRDZ45LicNzkRBHkxTuY,y8dALFo1bJrSzPYjMX14HJX448pXqYmrfXHD1K8MXih,GN7Yuet3UyiWS5YVkEHv6oQKi4HGBJc3XDPt9zQhAqZz,3334.573915,3327.185575999998,3342.9915677676386,1.002524356329237,1.3371966271070557,1.0,3657.112963,6409.369208,10075.714027254884
BUSD5rCfUDpCxKGMvYU2yThChxgHoioK74PTPociGnv2,CcFHbafgYDZ8yA8Me1PdtDiVb2eeaS61LbqyKKK5CsNZ,26R9s4nmF3CFDTkiePDwRmtscn8i7r2eygbSijditJ58,525.1017449600001,522.32801152,524.5120675132191,0.9988770224962289,0.052451206751321915,1.0,80.83176828,66.86662466,147.60762068263153
SUiuyGR7SFq3xeRVJonq84fjjeFwRSsFekcevJ53tzy,49GjCCPsv7fBqo6t3iKDrP1xxGDS8uWZbVCdfnp2gjMf,CEwj5xEbbJEjYqM8D6Ai8ByGz1mrh8mkAVsE5fzDSSSx,6.368880999999918,7.311221000000007,0.10686572868158632,0.01677935710866441,4.274629147263453e-05,0.9419087215096159,572.111747,2.569108,12.01953254067499
DA1mL7dfBow33EH5yjUuZE6SH2KeUK5zEXzsyhE5r5j5,B4UtLRZND3D83CitRCBUyeiNr7H8m7YFRqBmiPmXjhW4,AAmpYbuixWiSqDaJBCqYEs1pb5SrbdPr9mgXrB58Q2e,11.440614643999652,9.408731912000007,13.859768993080763,1.2114531801269877,0.005543907597232306,1.0,167.457062883,2970.789442746,3173.6558341103355
B2izdXFYb2sNwbWWHmh75T4aQFtfXsUxem9u2p61HGzf,4DYwgJtxwuJdAjkj5RJSNH4e7U329V5cNp7d3a1nLrZv,EXNW64GEf1ACC6xY9BtKRiunrs6GoJSXBdxWN2eTPmrF,14865.015877000009,14722.603624000001,15036.94834436953,1.0115662484851795,1.503694834436953,1.0,9909.269075,29963.150286,39987.032429427956
daob129AwBGn9Y5r91uLoWZeYiGzbPmksauMhFZKTze,6VW5GQNyj4LStgmxEHLr5zUfW92vQnmbw8jTnCH7a38F,4VPCCUifPeBA1c7HWK358CHn2nyjm8pdTRk6Ps3KmnMQ,22.829228388000182,20.43067410900003,3846.445706417848,168.48776669296763,1.5385782825671392,151.02758413104846,48.202114012,224.036413821,41957.14487653115
GokA1R67GqSavkd15zR62QD68Tuc5AEfvjssntVDEbM8,3YB7hfpBdbQEuZqLGWVDpRPmeZWCUsrrWyqGXegnQ6Cg,4DPCj6Z1DsG6HUtwSogBGqXEUxdEV5a8YVrrFtcnz7UW,5078.708352999998,5078.522753000007,5079.475353778419,1.0001510228044435,0.5079475353778419,1.0,15376.223214,17206.537485,32585.082859351525
KEVpg4SYCVrqFxKijQH6hm4QxsRdoE51ud64bEEFUC9,2bPenuBYfqzD8p5dFjCcggwkHDsc2RQDnx9AoyYGUBjA,AE6n6iLuX8oYu61vt5hoDYkjswpnxFxrhSehxrnQTnbx,775.8339184420001,775.556687109,776.2718343430927,1.0005644454189009,0.3105087337372371,1.0,3507.616315216,4125.75157932,7635.3477524963855
moFiBS1R4Lf3E3zzmBPnw3NF4RhWPkhREFviuzUaCAU,44ALBrpqi9PfZkBRTvbtRNtFJGsatfY4QydjtMbFWq8S,2ho8qEEie1UjVwWNBo9y4oAJZMyMLx8zPj9bxyUz6uWs,354.0691542659988,354.0425700449996,354.12028746490734,1.0001444158529271,0.14164811498596294,1.0,32138.761948205,34975.184247267,67118.58754219077
BSC8REUo9LpiiWUuqMuLXs2D2yJsJfGd4HdiF3wCLxk5,AZjEH1zWVx1UJ6udMyRijGTzPteuLnaY18yNNmprJEsh,Caf8ypkSVR8xYnXNhjvfvdGCC7mrM3C11rz8Xi6NA6aK,30.432434334999925,30.38764250799977,30.48210730646017,1.0016322378589055,0.012192842922584067,1.0,2757.613085783,3592.495046743,6354.609213004828
FrnkTEL6yZ5Aycq2TrEgu29dCrwKG4LPUZydfiwqspkc,DjvZuMZ46fxKBoBpGMPcRcos4xdTtHFxwMh69DpA2ZFY,9rvDPJLAng4uVVqnnSoEXgNDFhBZQTny9AoQioYDZbQX,16.38956600800043,13.719940212000182,2945.241145623196,179.70220469446852,1.1780964582492786,150.74704961643167,175.575529602,1440.292071267,248671.0900893179
NorjjEePhxfwLF4vZjUHCrVVKLzQjEEGQFd3wgjEJmh,34M8pFVqgbV7aqHxvRT5tCv3vu2P1JJYT8J3VaxBK2oG,3AZWBSze3ucsY3xSeuLne3b2pauVqiaJ1SZSV5T9WGWw,0.0035509999997884734,0.0011469999999462743,0.002107013250739011,0.5933577163797584,8.428053002956045e-07,1.0,38120.259228,2262.726194,24881.676157330494
KEnkcdADoLR5jS2CLLLesy8TtFsyWL37BhXNfDMzWzP,3qsjFRuw1qeLMPo4DLwaQevenGAGBj9dA3Q6rb8ax2YR,77iEv8zPQAEyCcEbvBRSB6AFcUdfkhiqnAKtPxk76rNN,2.497460000000004,0.036797000000000024,0.041842880090810365,0.016754174277389948,1.6737152036324146e-05,1.000071005041358,106.589353,0.443651,2.2294990977338407
BSCuChvaSj9b5HUSqgDVRzcnr2sSn7cXaamt1jbKH6hn,GnKpRj5kBVPMJfiwZtEuD9GYApLzPdW5JFuZTcyX4BTc,3dmwD9okkomV9nDwyuh4UMhKdUR13QpuKxRo89ycZB5t,81.796885557,81.82503123599986,81.7643395886841,0.9996021123775767,0.03270573583547364,1.000154023719653,1589.197482441,1520.530747322,3109.3301055566994
STK75uPSyBnEhGTTzb1nwmP3n427XoXmfRhXxxhyady,6TYyD5fUmDe6N65avW1Ny2RxzRNobw2RRgKwH9CTzSAU,54zDfk4cx2vGrEajPtodWpArNe5eUurytyxd4X3aZAxK,300.84262591999885,337.70738928099405,45322.53167608123,150.651961428277,4.532253167608124,169.1595426534941,1762.172343197,315.318737489,318813.8933010073
KysFMBBoavfov2tLpvefWW6tPFt6rAeZWDJVy1mMQae,B8ka2V21TH3x64dFV8ETcjuQcwmrciJ2qzy1mJUttRew,7fSf7EYxBANyxzk2s5pymFgshA91tFYQNKKs5UnLWcYS,64.74355100000002,85.7025769999891,0.0,0.0,0.0,0.01927506258323695,134477.028062,2630.746176,50.707797183011294
KZMu9QBEdL97EFgamLbN5DE1AoKBG4HdrKKJo4Vuon3,DD4ACBWyVqdaKWh7v5btsgqQCCMwbKnuL2xd9pv7Gyuw,GcYqiJ1MAuYbNTNYXm1F1gQYTfTgkErACAhNU5dpVj9T,66.15935503999935,65.78493135000008,66.58335183196363,1.0064087201531504,0.026633340732785452,1.0,2002.77791205,2688.81327581,4704.426431027239
SoN9GaFpSXfpyR5dth3x7PHPVhvJMpQqqDJfCSmPv1t,9kZ9iS68ViMPtoeqtnhAKuF2iqVyfHPdZHoUNdwCELr,BBhm5fJLjw3HRzjtKB8uMEYjGhY6EDm9co3cqpjrSzB9,1.1037890839999962,1.0827984510000008,198.29952327158938,179.65345567015052,0.07931980930863575,175.66285940840612,3.755703588,5.895904844,1710.4166317538957
AUSejoEUCh2DBs9mof6BNC8Pubs22w4cJa1ccV9h44R,4xkyD7AfGQDwsQMy9MosRRNGoVJ1zosNinesxg1TzHG7,Cbm5gsQe3nSiCsFrvepVzMCD9xLK3ri9g3ypS2hdmVJ7,616.6715480000021,616.7026189999979,616.7011496551856,1.0000480023041107,0.061670114965518566,1.0,14400.544229,14474.382647,28875.61813530344
ercAoEmXjQzEvAFbdjAo81KtMxRGn9AW1ju882upmPH,CMRhskR2Eg6V42RTSdRTXGdozyPbWB8U9dVpijPWb9T4,7TKLLgrWswt6ZJ1pXhVR3FyufHGjJFqiEXxvWJfDcgRm,53.39744321400002,54.26944098499996,8043.267502513645,150.63019909546566,3.2173070010054583,146.7162841577517,303.379155707,918.654691415,180479.66537405452
BUSDgu5JdqP1rndBvXvanbEufS94FNh1w5FJcAj6vawb,Bgzr8cWubt89JQFXndVjtdKmDbGzuPxNhvjH1EhWCwbo,Dxaf8xPBBQsasRKW5Aa4Sw2YrbfGofY9xZueyyF23FBW,7146.966536779997,7115.197219910003,7173.205476825733,1.0036713394292116,2.8692821907302934,1.0,5590.47438088,9433.19898848,15044.197898382523
Lee1XZJfJ9Hm2K1qTyeCz1LXNc1YBZaKZszvNY4KCDw,9DgFSWkPDGijNKcLGbr3p5xoJbHsPgXUTr6QvGBJ5vGN,2hNHZg7XBhuhHVZ3JDEi4buq2fPQwuWBdQ9xkH7t1GQX,1255.8909471129682,1062.7428712190058,222982.2213253375,177.54903149666555,22.298222132533756,150.17073661899897,7144.440931333,56500.553610204,9753218.322968885
heyk4SZTeCUV6a65WiVA5bzic3KcxgVf1qxobfeV4tQ,9ZDpBKPqMABtGfq66FbVribaArMvtk63xxy91onZAtDt,DaTP4s6N7xxSPinbNZ3FB52EpRDRt87QShTuN3VPCW52,90.49680584700354,78.80763339300017,15633.253024580408,172.74922444235688,6.2533012098321645,150.17057876041395,631.264842173,4466.7882836,779830.6936515607
C98Sspw7XqnMsgxea3SLQVdbMDL8pKUc3RE82UvX9eq2,CSqgQJurPCzGxb4Cgwx5R61hWQUiaoUHcShNc8r1cKEL,6S2CR5EnukPhC914XkAns8m5GixjMAoUuZMsS5ubHuWc,70.42118799999992,70.19332900000018,0.0,0.0,0.0,1.0,888.271966,1231.283307,1231.283307
JSoLLrxK5bYdHwTEWYaGgmeycBCNXKDiBCTw5hXGBg7,xG4wXczA7Dk4hccJ61CHKpDHW4NrNfQwgmWgkb9BuF2,BVR6WgfhsRr9Lob4QDnkEAiNGgAbv7ZieKcY9kSg3QYR,0.846634049999949,0.7223450900000081,147.8663203201212,174.65198844781887,0.05914652812804848,150.2905793205874,17.191379062,163.730795255,27609.70460883293
SRMuKizofcAMicegrfSv7xs9q76tH1w8aAF7oX9FEWu,72Hj2KWntXPfbie4UgKeTPnm1XVkomDfCnRPKbvfTtPi,6aqJQ5wedqpUt4fFEDUqUmXhrdxCu4bEJsQdVPCADLko,0.025111000000379136,0.025111000000379136,0.00120283549393036,0.04790074046880646,4.81134197572144e-07,0.04812802207882638,17971.450574,3892.899651,1048.2033501471403
parEAJhzYzHW87y9VoZAQ22dzQ2MD2ekEtTReaxbMcz,3oyc6hpjYSJEquK6dSvG72NXyz3pqLZz5D8AC71pwgQb,Di2vordgFJVZ1aj1aBpvzXtLfZgJsuLLXawGtVFwX6Rz,12.641516087999975,14.849669732999928,1858.1611244054266,146.9887876952746,0.7432644497621705,172.41278240782728,1103.664636794,142.936801041,186870.45856044846
SHRJZYZxBfNz1SL5puXfaymPnndnJTY6MJrTrzpsYMc,BKJWe131yeNE594dMwrLyT25RPsytUgcTdMpph8rbuda,EreMRai79gFEuXwrMnj6kpV4pvVAUqukjSuy87XQTT8K,0.006217,0.005778999999999999,0.005913107658125934,0.9511191343294086,2.3652430632503735e-06,1.0001510228044435,0.013648,0.006736,0.0197178912349385
vEnkoSUkpnbRrPgBz9DfcVxNz67zjwMYBZraAvDDNSf,DtfyjjsZ5yCjWKLKHvwsfXs5QVsmm1QkK6Sh9JZHoq1g,e5wrKCRv4GhHvEf1VD5Pq2KGaZDXP77nTL612Jyrxwy,1507.6074109999995,1507.577588,1494.9363306613143,0.9915952387563016,0.14949363306613142,0.9993993609840485,912.690913,1032.217312,1936.6172857964143
DEDaBEWzMCXohXYXoLzB4jK1xqMsd3SS9izXp2xvg9pe,GC5zHpW5GuVdw3C7covC6viyGdLS8ZAaVGDKMeru7p78,F8juxtAFueW19vxkdDArUkjVWAv9QV6yy1wCXUWQiXvh,0.01988292000000058,1933.768051629886,0.01988292000000058,1.0,7.953168000000233e-06,0.0,41.90798471,8574720.66863979,41.90798471
SAMyS8Jr2HJrkFwYVKbpUwsNStnQmvz3f8Tup8bWUWF,6jPzm5TFfquvgm25sTyN3MMGBfufRaFHMxobDWv6hMFW,Cj9ECoDmxsHTDzCY5ZA6RWrPbg9uFzEC1Qc2kso2vJG6,3433.7074150199915,65.76565045999985,3455.6576835125097,1.0063925855757254,1.3822630734050039,0.02101947347017697,470.30867934,109423.86733959,2773.3472443683636
TETFuZgEmET6d9vYmz9iMFCxK1jKdKYxf3oPz8hSzJK,Eu1Ze6Z84LWNkq7SNoAHBJbXx5t1P95EwyqYohrfCRFV,ASMbv7WNu3qe4pkhREmvyEdwFNDZQ6B6iSrjkj4u8bdC,256.964787135,257.26886028900003,255.2337720400241,0.9932636097175973,0.10209350881600965,0.9977859130589223,318.793104479,33.944866629,350.5152994509708
AURHmCnNwiW4uA2Qj1XvEh4iKgRUZYXtiY7FKAapUV5Y,BKWm4TRnTeKwfWXRyuzjRHU7iZDkPuXBX5b5V5jSVfGJ,A5Ww74HVrkj9nPeC7pHKLfgeDMEhBCpW1efQdz3TGLEg,0.00877427399990438,0.007889249000072596,1.4764947822674679,168.27543592593054,0.0005905979129069872,150.11534863389028,289.896593758,1809.491102013,320414.86331667367
ALBpShJ9NLpE739pcHDF2LNVk5J4VYPvvKuV6jMPitZi,D6d156U1bPiJpDYRLextvDRccgFk7QzkQbJg42ceKEu5,GNcM8U5g8RwTZffwwm3kSQqUNPSwv5d2fbN9sLxPJqt2,4332.359516999997,4325.980490000002,4329.9001337240425,0.9994323224408537,1.731960053489617,1.0003941552971871,45500.407356,54793.816625,100289.99169388783
MARpDPs5A7XiyCWPNH8GsMWPLxmwNn9SBmKvPa9LzgA,6YjT74rmcfCpw8LSjPNx5JTmZoYLGrTKnf9arfSgZ4SR,F8GSmi3vA8M8TsybLya1LQ4n1aFHCRbZ6k437PeTdXtg,31793.811176999996,33191.65723300027,30230.587497504064,0.9508324538133136,12.092234999001626,1.0,296071.127935,15814.94113,297328.97820771154
Lid8SLUxQ9RmF7XMqUA8c24RitTwzja8VSKngJxRcUa,4PgzyzLtds9bKZ2to9PMnKqJzKEUpjvNUaeN23phegax,AtymwxoVN9peZo7EXTcDz9jKVc4vRmisJKKrNfe3ewBa,175.42518327200287,149.00824030400122,31040.079707409248,176.94198249336026,3.1040079707409247,150.19624641556658,985.243638385,7679.111483552,1327704.6832509963
BerKDkt6v49dT1bHRedgnpsJS263C1DSJtEGvY9Mg35V,78XKqNb8wbfsMMrvo8WPUpdx7GEkfQutpNVH943aCGFa,DKYQwn4nDvFHCszi5tXbqfVMAP7DaXXp1KGTXEnYnKVH,0.005886563999865757,0.0011521480000737938,0.005899549663818178,1.002205983652385,2.3598198655272714e-06,1.0,1338.317413093,1742.595280801,3083.865000228985
HuonfMR5ivyhX5BZBw2Lr3XuNPSTVrSmZMWgBZrMQJU2,E7L8CZxreEeNwM1V8DLxa8AZQKu6oday6RvXxRo27CHi,48UJw19Ra8y5Kv989DsXPrfUHeUWUbHvXZmdPBbGuHdz,307.32385186999943,1599.1731677500009,3.089582520842304,0.010053181691049556,0.0012358330083369216,1.0,4804.38711906,11.29537059,59.59474721204831
wrmcMSHFi3sWpAEy4rGDvQb3ezh3PhXoV2xNjgLBkKU,8p4mGnARWPBu6P2Gcw4adodLkNDorrXniZMhaY7eJXUn,AyY89zccbsgp9LKFgH4CFZMJmpSgqmPSdTfukhP227rc,0.006947840000000122,0.03626756999999943,2.1182439024390614,304.8780487804878,0.0008472975609756246,3155.868337172973,27.10896191,0.09311824,8558.79631681464
BkwbeSfcX1h4thMDd7obGkHrPevf3QwgzJ4pCEqG18Lu,35yX27bmurdebhfAb8EPmjLETDiUaEUCn9zHaDPbakH2,2CxECn1ZJFoESyUnQysQU8rRgT3iJ5GRs2Mdd6gZjx5g,0.013506480000000765,0.009494870000000932,29.719843330547825,2200.413677771421,0.011887937332219132,1440.922190201729,0.90451744,22.63311088,34602.86424704698
