0,1,2,3,4,5,6,7,8,9,10,11
HDSBGqAuMRr6X2AfmmbXQPpRgU6VEhtfNVVZ3wUTZXg,DCZ1d8kNLgDcdSd99y4udLgwq46mfDXNS9KXj96kQf5L,Fq8GGYQM5Pz3q7LmVMbrXHJgsxA5ev86kTq8yGgGuYsa,155.72799316700002,156.26758189199973,154.89506740183145,0.9946514062871448,0.06195802696073258,0.9997920032716394,13657.936475477,13052.8394482,26635.010222612647
TETFuZgEmET6d9vYmz9iMFCxK1jKdKYxf3oPz8hSzJK,Eu1Ze6Z84LWNkq7SNoAHBJbXx5t1P95EwyqYohrfCRFV,ASMbv7WNu3qe4pkhREmvyEdwFNDZQ6B6iSrjkj4u8bdC,463.672750135,464.1962038920001,463.63626520638206,0.9999213131921009,0.18545450608255282,1.0000680046243144,111.865760876,240.652829629,352.5261536506326
BkwbeSfcX1h4thMDd7obGkHrPevf3QwgzJ4pCEqG18Lu,35yX27bmurdebhfAb8EPmjLETDiUaEUCn9zHaDPbakH2,2CxECn1ZJFoESyUnQysQU8rRgT3iJ5GRs2Mdd6gZjx5g,0.022427860000001076,0.015358740000001037,51.91754438760405,2314.868399731475,0.02076701775504162,1506.0240963855422,0.90612746,22.63077065,36180.05174195764
moFiBS1R4Lf3E3zzmBPnw3NF4RhWPkhREFviuzUaCAU,44ALBrpqi9PfZkBRTvbtRNtFJGsatfY4QydjtMbFWq8S,2ho8qEEie1UjVwWNBo9y4oAJZMyMLx8zPj9bxyUz6uWs,376.446721635999,376.4197215310014,376.50299189065197,1.0001494773401358,0.1506011967562608,0.9997920032716394,32161.139099691,34952.806679897,67111.48307167992
4vezWG46exH6pf9nry3n1VJ7hZHvjBJNgNeF4qEFCML5,,,0.5190329999999985,0.5104810000000004,0.0,0.0,0.0,0.9997920032716394,32161.139099691,34952.806679897,34945.536610460564
AUSejoEUCh2DBs9mof6BNC8Pubs22w4cJa1ccV9h44R,4xkyD7AfGQDwsQMy9MosRRNGoVJ1zosNinesxg1TzHG7,Cbm5gsQe3nSiCsFrvepVzMCD9xLK3ri9g3ypS2hdmVJ7,2436.569209999998,2434.616869999998,2435.7946273085136,0.9996821010918527,0.24357946273085138,1.0,14507.231819,14367.931089,28870.5510748445
DFWzVTzNBrQZLjoQ4yQwkj9HuoXmfkuZP9V5vbymZe23,DhgiEgiNdqZdRdo195UUHnoEJUtefK8buko8nU97XJUZ,2K2kkXsouBHtWVjtcgkyiXd8eP3oVBvq1bTJzcVdLLr2,2226.9429185530025,2502.842595690003,1993.0216095143683,0.8949585518830321,0.7972086438057473,0.9997920032716394,59015.97750976,9609.416031612,62424.27107461237
MAR3XM1n9xWPQ3HJjAcC85o8DopWFP5p2WxGTaZ3fPB,6qG7GUhER8Cg9gDEgnebph9LdS6eu2eoWcA4R7z9uizK,4QV4CwRXVMY227KkFF9voNAfwWHVvVajXSXDKbUHkWZR,0.8832360000000001,0.017943,0.8408055868644714,0.9519602766015779,0.00033632223474578857,0.01905013185072507,0.113085,24.226604,0.5691724283747929
JSoLLrxK5bYdHwTEWYaGgmeycBCNXKDiBCTw5hXGBg7,xG4wXczA7Dk4hccJ61CHKpDHW4NrNfQwgmWgkb9BuF2,BVR6WgfhsRr9Lob4QDnkEAiNGgAbv7ZieKcY9kSg3QYR,2.3591814369999042,2.014181968000006,409.55294926619524,173.59959808221052,0.1638211797064781,148.6746325543625,17.221370764,163.696434839,27327.130343202596
SHRJZYZxBfNz1SL5puXfaymPnndnJTY6MJrTrzpsYMc,BKJWe131yeNE594dMwrLyT25RPsytUgcTdMpph8rbuda,EreMRai79gFEuXwrMnj6kpV4pvVAUqukjSuy87XQTT8K,0.006217,0.005778999999999999,0.005913838877616734,0.951236750461112,2.3655355510466935e-06,1.0003511232442588,0.013648,0.006736,0.019720844336466585
RajgMbScQbqqrdJfR2rxfHJiTiY5b6bJ2tTXiF4aPxy,725ZA3fhyBAKb5iopNRrcbSuQa3LXA1656Q3mBvYPxeg,GLA6i1dSZpUfk2f9Nj8uiG7xyDdAR2reff8oEiZH3617,2057.048501209996,2056.291256719982,2057.537701373875,1.0002378165432613,0.8230150805495499,0.9994310239180835,77424.20171832,103963.29357892,181346.75542581372
ALLwa5WNZbvQsRKAqe1jdRGemdYQnW8E5k4msbRFcYtu,CGoM82Hbz7QVqTgvQatYtjvDWBvoUJp5qm21P8iMs9yb,3dxNNww8TivyN5FMy5dCNdi3Zcxv6e4kUfSPxfFwpdNq,0.9795411869999981,0.9773022519999994,3072.973983561294,3137.1564813652903,1.2291895934245178,3129.90025007903,1.973705513,6.658285157,27031.59142040615
Cob4usZcpHEY7Qt4ZCwj6WVg9S44zvzYV2v9qYF65dTf,NhFM9UXE48PyNAyeyPYA3iXztqKVJwA4bTdLj4ysM8w,6TuFuynuBoeskxyR2cz4wxyidk8dpDK7kAWw3UkjQGx,467.165841999994,35289.636695999914,4.812318644112431,0.01030109269870911,0.0019249274576449726,1.0,69342.81976,204.167132,918.4739463376378
BerKDkt6v49dT1bHRedgnpsJS263C1DSJtEGvY9Mg35V,78XKqNb8wbfsMMrvo8WPUpdx7GEkfQutpNVH943aCGFa,DKYQwn4nDvFHCszi5tXbqfVMAP7DaXXp1KGTXEnYnKVH,0.0012079260000064096,0.0012079260000064096,0.0012103388662117907,1.001997528164282,4.841355464847163e-07,0.9997363425335926,1338.317413093,1742.595280801,3083.1265723626925
7oAd7xG4m3oC2qeWB1szghTebAZyyGPAFDJ4wwwbRSNi,D9yh4KAysxt9GLacVe4Wwh2XqghhcjTCSTV9HuM7TBJd,HDYfJLpZKaMFb84jM4mRytn7XLR8UFZUnQpSfhJJaNEy,313.0947279949323,7.171394011999951,313.02960531584245,0.9997920032716394,0.125211842126337,0.023051839010836885,962.313637935,299832.655821444,7873.807592034244
GokA1R67GqSavkd15zR62QD68Tuc5AEfvjssntVDEbM8,3YB7hfpBdbQEuZqLGWVDpRPmeZWCUsrrWyqGXegnQ6Cg,4DPCj6Z1DsG6HUtwSogBGqXEUxdEV5a8YVrrFtcnz7UW,10091.980699,10089.957180000007,10095.534327083134,1.0003521239476296,1.0095534327083133,1.0,11401.153404,21183.044018,32588.21204114415
SBFjafzbDXgDRsA5SUypY8FXjJ9sBdb4JbuQq2PHQDG,46xwHtnXoQR3wCHUbm2eCAbPYWbioDQ59Te1Db8M5DDL,FC38fiikZwFvDt5zTjNtGfKd7LjaPz2uUAzLwKP5pRJY,30.97909243600043,11.102429647999998,101.1211502286155,3.264174069576804,0.0404484600914462,1.2092073887408283,201.207276556,9539.480010813,12191.985288564782
C98Sspw7XqnMsgxea3SLQVdbMDL8pKUc3RE82UvX9eq2,CSqgQJurPCzGxb4Cgwx5R61hWQUiaoUHcShNc8r1cKEL,6S2CR5EnukPhC914XkAns8m5GixjMAoUuZMsS5ubHuWc,83.12942599999985,82.89302200000031,0.0,0.0,0.0,1.0,884.150815,1235.434812,1235.434812
BSCuChvaSj9b5HUSqgDVRzcnr2sSn7cXaamt1jbKH6hn,GnKpRj5kBVPMJfiwZtEuD9GYApLzPdW5JFuZTcyX4BTc,3dmwD9okkomV9nDwyuh4UMhKdUR13QpuKxRo89ycZB5t,9.167411829999992,9.174125124000057,9.165714211408039,0.9998148202978733,0.003666285684563216,0.9999230059285434,1598.371607565,1511.363335492,3109.3225910621736
WiiQFxXqp8P9Fs1rt9SVcDyA3KUdJmUsog6wnVQAwba,3S2jpqSYxho6wiz3cafhjXruVY8cg4HYa2v3BqBHYFSj,Dfe67M6TfrG74gKRtdqys4e6E9QirPD53BkF4FujFjuv,27280.019277328996,27255.867999330996,27229.236832324423,0.9981384747390272,2.7229236832324424,0.9997920032716394,20069.890346767,6729.530604247,26760.66062279945
vEnkoSUkpnbRrPgBz9DfcVxNz67zjwMYBZraAvDDNSf,DtfyjjsZ5yCjWKLKHvwsfXs5QVsmm1QkK6Sh9JZHoq1g,e5wrKCRv4GhHvEf1VD5Pq2KGaZDXP77nTL612Jyrxwy,1234.605631,1234.515445,1233.7333814992799,0.9992934994958564,0.12337333814992799,0.9997250756042089,899.204729,1045.765536,1944.0474699475094
BUSD5rCfUDpCxKGMvYU2yThChxgHoioK74PTPociGnv2,CcFHbafgYDZ8yA8Me1PdtDiVb2eeaS61LbqyKKK5CsNZ,26R9s4nmF3CFDTkiePDwRmtscn8i7r2eygbSijditJ58,601.85729533,599.2341945899997,601.2394015969788,0.9989733550829811,0.06012394015969788,0.9994310239180835,75.35547434,72.36931513,147.60624974592565
MiMuMS9C4vBqcrYeeQPph1E7oAW9aNKvW9k6Zw9XffM,Afy2q2hh6Y474pshJa5fnQ6PfEchGyTbKrQpCZw2hr3m,5pXz9ksgjeL8Wgb37bksUaBFMLdFfsNNY3FQnikkCPtS,0.4026161720008261,0.889137058999669,0.0,0.0,0.0,0.019118897940837334,26.011788496,7673.365765051,146.70629692472528
NorjjEePhxfwLF4vZjUHCrVVKLzQjEEGQFd3wgjEJmh,34M8pFVqgbV7aqHxvRT5tCv3vu2P1JJYT8J3VaxBK2oG,3AZWBSze3ucsY3xSeuLne3b2pauVqiaJ1SZSV5T9WGWw,22.323690000000624,37.6165310000074,13.234751130578262,0.5928567871430706,0.005293900452231305,1.0,38124.371737,2260.303399,24862.595938845905
MATgk4zXLXtYkwBH678J1xZbRDZ45LicNzkRBHkxTuY,y8dALFo1bJrSzPYjMX14HJX448pXqYmrfXHD1K8MXih,GN7Yuet3UyiWS5YVkEHv6oQKi4HGBJc3XDPt9zQhAqZz,3651.613339,3638.660589999999,3660.490027316242,1.0024308949201814,1.4641960109264966,1.0,3704.677724,6363.604789,10077.288195260182
BUSDTd9WiT6uBHJRgNvFXBsA7JrifsAtWzKfioN7ERcy,DyBxrn7gSc1EwnpWhDyhzvMHPtxpmBqRqotapLcKcfTM,Cds99GeBgoCpqBsoRWu1C6fF9LiUMd4pXQQD24s9LPff,2125.7822090600002,2123.26239879,2121.551199502832,0.9980096693164822,0.2121551199502832,1.0,241.05661092,176.6493384,417.2261669508211
wrmcMSHFi3sWpAEy4rGDvQb3ezh3PhXoV2xNjgLBkKU,8p4mGnARWPBu6P2Gcw4adodLkNDorrXniZMhaY7eJXUn,AyY89zccbsgp9LKFgH4CFZMJmpSgqmPSdTfukhP227rc,0.044317800000003,0.31294528999999505,16.74897959183787,377.9289493575208,0.006699591836735149,3140.2103940964043,26.99089448,0.10590004,10533.188799389334
MiMUFdSLMyCLpqpH6zkqdDrGYs7XBomwENbivdYjv9V,,,0.021239346999999964,0.013399172,0.0,0.0,0.0,3140.2103940964043,26.99089448,0.10590004,332.548406343225
MATSnbbiTCv7Dc3trJrkrqjx7ckKdr6fwPoVwv9q3sD,631WX9JizSHJm4w6VanZeJAst9T8DeUUnPLesdGkCVtK,211maUSfpnXbPuW1iBu8b4dtJv5EbN1j7JJiEX5TZKEP,68.09683900000528,68.07238399999915,68.16452637469536,1.00099398702912,0.02726581054987814,0.9990259496990435,21753.158238,23793.640686,45545.24507825992
FrnkTEL6yZ5Aycq2TrEgu29dCrwKG4LPUZydfiwqspkc,DjvZuMZ46fxKBoBpGMPcRcos4xdTtHFxwMh69DpA2ZFY,9rvDPJLAng4uVVqnnSoEXgNDFhBZQTny9AoQioYDZbQX,9.753323709999677,8.164338824000083,1726.5688782170596,177.023641330276,0.6906275512868238,148.80826159659063,175.170141557,1440.781055387,245409.38050420064
ALBpShJ9NLpE739pcHDF2LNVk5J4VYPvvKuV6jMPitZi,D6d156U1bPiJpDYRLextvDRccgFk7QzkQbJg42ceKEu5,GNcM8U5g8RwTZffwwm3kSQqUNPSwv5d2fbN9sLxPJqt2,7266.081980999996,7253.648746000006,7277.6534499854715,1.0015925321260803,2.911061379994189,0.9991976442916337,42572.7391,57727.539089,100321.75862319398
BUSDgu5JdqP1rndBvXvanbEufS94FNh1w5FJcAj6vawb,Bgzr8cWubt89JQFXndVjtdKmDbGzuPxNhvjH1EhWCwbo,Dxaf8xPBBQsasRKW5Aa4Sw2YrbfGofY9xZueyyF23FBW,7775.802822439992,7737.622145320008,7820.13579788909,1.0057014017023629,3.128054319155636,0.9994310239180835,4926.43673066,10101.89323638,15050.669826169193
Lid8SLUxQ9RmF7XMqUA8c24RitTwzja8VSKngJxRcUa,4PgzyzLtds9bKZ2to9PMnKqJzKEUpjvNUaeN23phegax,AtymwxoVN9peZo7EXTcDz9jKVc4vRmisJKKrNfe3ewBa,201.2811939109988,170.88952369600008,35267.706360063974,175.21610278036417,3.5267706360063977,148.72144176514504,982.892182471,7681.892636714,1314680.6860830127
DEDaBEWzMCXohXYXoLzB4jK1xqMsd3SS9izXp2xvg9pe,GC5zHpW5GuVdw3C7covC6viyGdLS8ZAaVGDKMeru7p78,F8juxtAFueW19vxkdDArUkjVWAv9QV6yy1wCXUWQiXvh,0.03180542000000486,2900.5380086004734,0.03178732347674955,0.9994310239180835,1.2714929390699819e-05,0.0,44.72657371,8592215.8278677,44.70112535933293
SoNcU2iwHMw6dGzsYNQkYFkUjwN1UdAjrWVRnStrZu2,8ivTTid27jZnYNc4w3CTA1Z6QS2twsFb8WMwUabeDJgc,CyXm53PMvHCbeXJBykU46Rcbo28xk5srhMZFg7gv6EYB,11.718506315000013,11.605415234000006,2061.473211505615,175.91603879300487,0.8245892846022461,173.4571979620167,22.116004173,27.638393478,8684.638136909283
Sid7E679i9ABqptiAVhkmQ27YHN8vaYT4fppPwmxFsJ,GP7KB8o1bv527HG8kTzzzf4wJ5aEGHvcMQvVhLziUfmT,9gYxhAZ1M9wu5pxr8SBoa5NDm21gi3s9vMHaYTME77sa,47920.408977,85326.08587099999,493.6325750321291,0.01030109269870911,0.19745303001285164,0.018797025693992768,123420.124648,14062.062138,1535.6870882037897
RoBgmK8CvjdHvPrqdDyVw54VwjZv2TqJ493xnqJAQHx,ExiHJxM7qPAcy27NDHAF6G7vnW7muNHi2sVJpnaNynGQ,6rkPHSqZb7StM4HwS9EuVrmfkV7tRdc7dnsFhyB6cefE,87.77752900000003,134.41533700000002,0.0,0.0,0.0,0.9575388952299243,6359.654535,17.445926,16.70515270830301
AyiATPCAx5HZstcZ1jdH9rENwFb3yd9zEhkgspvDrCs4,DvHVapj4g2Y1tJVSw2ubSPkPBsJPb8fW387ZWXwaKmZq,DKjqWWgrtDRPKrnMWtZ4UiJk4sGQVCQgFjSo7BvfngvK,0.0031263400000000052,0.003154880000000082,7.204046362651808,2304.3067493144686,0.0028816185450607234,2522.704339051463,0.80230921,0.31846018,2652.147405541269
ercAoEmXjQzEvAFbdjAo81KtMxRGn9AW1ju882upmPH,CMRhskR2Eg6V42RTSdRTXGdozyPbWB8U9dVpijPWb9T4,7TKLLgrWswt6ZJ1pXhVR3FyufHGjJFqiEXxvWJfDcgRm,18.13127837199994,17.814955175000023,2681.0174094148297,147.86698182049392,1.072406963765932,145.03353682988885,311.130741343,910.739362749,178093.71458364878
BSC8REUo9LpiiWUuqMuLXs2D2yJsJfGd4HdiF3wCLxk5,AZjEH1zWVx1UJ6udMyRijGTzPteuLnaY18yNNmprJEsh,Caf8ypkSVR8xYnXNhjvfvdGCC7mrM3C11rz8Xi6NA6aK,92.01444782199997,91.89260561899982,92.15592559897952,1.0015375604628225,0.03686237023959181,0.9997920032716394,2820.524466949,3529.504446858,6353.631515334124
STK75uPSyBnEhGTTzb1nwmP3n427XoXmfRhXxxhyady,6TYyD5fUmDe6N65avW1Ny2RxzRNobw2RRgKwH9CTzSAU,54zDfk4cx2vGrEajPtodWpArNe5eUurytyxd4X3aZAxK,279.27746394799993,313.87584302400154,41367.83250734178,148.12449211814766,4.136783250734179,166.50393681908216,1926.356834099,344.0771256,342630.823671031
Lee1XZJfJ9Hm2K1qTyeCz1LXNc1YBZaKZszvNY4KCDw,9DgFSWkPDGijNKcLGbr3p5xoJbHsPgXUTr6QvGBJ5vGN,2hNHZg7XBhuhHVZ3JDEi4buq2fPQwuWBdQ9xkH7t1GQX,666.5531815910363,563.8031416869771,116818.36038156968,175.25737421690621,11.681836038156968,148.1891361655142,7131.956727238,56479.163555619,9619526.467702305
MARpDPs5A7XiyCWPNH8GsMWPLxmwNn9SBmKvPa9LzgA,6YjT74rmcfCpw8LSjPNx5JTmZoYLGrTKnf9arfSgZ4SR,F8GSmi3vA8M8TsybLya1LQ4n1aFHCRbZ6k437PeTdXtg,41693.60698899995,43538.29138999959,39686.31296551706,0.9518560717471033,15.874525186206824,1.0,295384.560482,16485.310674,297648.8980691412
SEQV6QiTpvTzrceiaYg9Avnwf7oc8ZALpnQMz6TyT4A,3dFMPj4r9mMmPHF32mz1gNDX7f8ftidWof7S8YiYTs1j,Fc1ED3YPeQfXQosHbd8DTaBd2AV5gHQtwiSAL5C5pUhi,3532.8507775289995,3531.1991778149995,3530.787290105405,0.9994159143554211,1.4123149160421622,0.9954468262168839,1534.716552992,4090.859621057,5606.0533733648945
KEN5P7p3asnb23Sw6yAmJRGvijfAzso3RqfyLAQhznt,9zj4aX38Uxf3h6AUjS4EipWS8mwbEofasHAf3a1uKGds,CwQDG1MWunn9cLNwcZLd8YBacweSR7ARo32w4mLua1Yr,62036.168653000146,62040.034583,61933.97758997669,0.9983527180152749,6.193397758997669,1.0,1099479.39451,1093283.655563,2190951.897473847
C2ypsDADXcCRz8HbV2zX1AXPSja7a1P3xZtRC91xGhJh,J9bYNuDpY1d1T86gLaw7DGk5D3CsUAf2tzUwxMvb6FTv,A2NGvvPrMGzsJ4jb52KEnSBVmsA7C34dV1GC7PerdgvG,0.1296697179999997,0.13000172300000035,19.22526733736062,148.2633542656479,0.007690106934944247,148.2490013947266,1.308109405,0.911216608,329.03164032203097
Dg3mAgpwDfVNnbGWcsxL8sUcSkEbjSJQhKAWNigG44Ju,EATxwd8YA2wV93VJcKMmH2Kn2Y9XfJVUB9hHVu3udwEy,GiGvrRi7NMHfHKanG2B8xyCEqe8jaafWins8bhrLVEaa,0.0034525669999999897,0.003487372000000044,0.6096076180669164,176.56648460896437,0.00024384304722676662,175.1809268612623,0.200062769,0.259475304,80.77950407579308
BSCrK1Nx9PXU9mF7STWWBqeHLxmtJDr9h7jheEy4tAWX,FfSySSbVJPvEo5a5AvrP3nySoXpRE2QPn1uUMpJJ1x7v,HL7Vcj6838ZmvBHDbQxXfjBNckNi83WvPiZQoMQLFeRM,0.222892141,0.222510718,699.306758321228,3137.422231146445,0.2797227033284912,3127.052127958973,0.845156664,0.959032201,5650.556991353395
B2izdXFYb2sNwbWWHmh75T4aQFtfXsUxem9u2p61HGzf,4DYwgJtxwuJdAjkj5RJSNH4e7U329V5cNp7d3a1nLrZv,EXNW64GEf1ACC6xY9BtKRiunrs6GoJSXBdxWN2eTPmrF,3519.3955789999964,3478.6899269999903,3512.5075516911297,0.9980428379946923,0.35125075516911297,1.0,9637.553801,30238.475077,39857.166623876576
SoN9GaFpSXfpyR5dth3x7PHPVhvJMpQqqDJfCSmPv1t,9kZ9iS68ViMPtoeqtnhAKuF2iqVyfHPdZHoUNdwCELr,BBhm5fJLjw3HRzjtKB8uMEYjGhY6EDm9co3cqpjrSzB9,1.2651971459999993,1.2411532569999997,223.1453201019076,176.37197555131675,0.08925812804076304,173.94238680264323,3.751111908,5.900904436,1688.0084196201744
KwnjUuZhTMTSGAaavkLEmSyfobY16JNH4poL9oeeEvE,J63v6qEZmQpDqCD8bd4PXu2Pq5ZbyXrFcSa3Xt1HdAPQ,BnKQtTdLw9qPCDgZkWX3sURkBAoKCUYL1yahh6Mw7mRK,526.6531989999991,26425.08925399999,9.928190558720429,0.018851476792644425,0.000992819055872043,1.0,278863.142325,549.059325,5806.041380863638
SAMyS8Jr2HJrkFwYVKbpUwsNStnQmvz3f8Tup8bWUWF,6jPzm5TFfquvgm25sTyN3MMGBfufRaFHMxobDWv6hMFW,Cj9ECoDmxsHTDzCY5ZA6RWrPbg9uFzEC1Qc2kso2vJG6,4556.430625039968,90.71858399999991,4581.141255158882,1.0054232429180676,1.8324565020635528,0.01911811239311688,443.37639527,110778.27060436,2563.6523612949563
parEAJhzYzHW87y9VoZAQ22dzQ2MD2ekEtTReaxbMcz,3oyc6hpjYSJEquK6dSvG72NXyz3pqLZz5D8AC71pwgQb,Di2vordgFJVZ1aj1aBpvzXtLfZgJsuLLXawGtVFwX6Rz,6.632029198999987,7.785776927999905,956.0537525593263,144.1570481480216,0.3824215010237305,170.35368832770598,1104.755765679,142.009551239,183450.18093611806
YAkoNb6HKmSxQN9L8hiBE5tPJRsniSSMzND1boHmZxe,CfWX7o2TswwbxusJ4hCaPobu2jLCb1hfXuXJQjVq3jQF,EnTrdMMpdhugeH6Ban6gYZWXughWxKtVGfCwFn78ZmY3,3514570.3939649966,3515726.3006720017,3514570.3939649966,1.0,351.4570393964997,0.993496571443332,1105494.071202,369543.056768,1472633.8311016965
daob129AwBGn9Y5r91uLoWZeYiGzbPmksauMhFZKTze,6VW5GQNyj4LStgmxEHLr5zUfW92vQnmbw8jTnCH7a38F,4VPCCUifPeBA1c7HWK358CHn2nyjm8pdTRk6Ps3KmnMQ,24.56284602800013,21.95558060899996,4059.1050294019874,165.2538563639921,1.623642011760795,148.6611281476764,48.364881736,223.861426126,41271.97537610129
KEVpg4SYCVrqFxKijQH6hm4QxsRdoE51ud64bEEFUC9,2bPenuBYfqzD8p5dFjCcggwkHDsc2RQDnx9AoyYGUBjA,AE6n6iLuX8oYu61vt5hoDYkjswpnxFxrhSehxrnQTnbx,2662.006732034999,2659.5564959760004,2662.3444690673114,1.0001268730947401,1.0649377876269246,0.9997920032716394,2550.619653028,5084.077440953,7633.9632275154345
heyk4SZTeCUV6a65WiVA5bzic3KcxgVf1qxobfeV4tQ,9ZDpBKPqMABtGfq66FbVribaArMvtk63xxy91onZAtDt,DaTP4s6N7xxSPinbNZ3FB52EpRDRt87QShTuN3VPCW52,52.25564496000243,45.46069471199996,8845.539699064493,169.27433784110895,3.538215879625797,148.20626696128096,627.678114957,4470.925528453,768868.9797206131
KZMu9QBEdL97EFgamLbN5DE1AoKBG4HdrKKJo4Vuon3,DD4ACBWyVqdaKWh7v5btsgqQCCMwbKnuL2xd9pv7Gyuw,GcYqiJ1MAuYbNTNYXm1F1gQYTfTgkErACAhNU5dpVj9T,91.25579994000009,90.75107199000013,91.75070231075729,1.0054232429180676,0.036700280924302914,0.9994310239180835,2024.61610313,2666.87773756,4700.956435987038
HEDSDjj84KS7LKhZY7ejkCACTdPen62rKhCby1wXtgxc,EnnjMSFttpCTywBrYNt1J5QQeoSVkvzPipJDa8Y7kJow,6bjVT6JN2rSvpyn9PdfLYC8wJn4LWh49jpY47fnLDXZk,58.25357132400495,60.14642292299504,56.42810601249067,0.9686634609685801,0.02257124240499627,0.9997920032716394,39120.628208255,9102.339883727,46995.16974228411
BSCNHw8CmxbZ8hCWWzMf5FaG2ajPT6JxfznKUNuRVrn4,7n9kgNL633yGzCYksgnzHyjG73ZLBAwvEae5sbAekbzW,SscdxE99omdG9AiMVwmaEMQySQnCgeAh1sPj2Leutm2,3.0301086930003294,3.031409199999871,3.047625931807577,1.0057810595533134,0.0012190503727230308,0.9997920032716394,3780.061750897,7920.700066099,11720.967099393063
DA1mL7dfBow33EH5yjUuZE6SH2KeUK5zEXzsyhE5r5j5,B4UtLRZND3D83CitRCBUyeiNr7H8m7YFRqBmiPmXjhW4,AAmpYbuixWiSqDaJBCqYEs1pb5SrbdPr9mgXrB58Q2e,28.593406218999917,24.167177883000022,33.21246630477457,1.1615428413948583,0.01328498652190983,0.9997920032716394,191.624240766,2942.196036527,3164.1638344766793
KysFMBBoavfov2tLpvefWW6tPFt6rAeZWDJVy1mMQae,B8ka2V21TH3x64dFV8ETcjuQcwmrciJ2qzy1mJUttRew,7fSf7EYxBANyxzk2s5pymFgshA91tFYQNKKs5UnLWcYS,165.16645299999936,218.80726400003186,0.0,0.0,0.0,0.01905218068402282,134420.147611,2673.688748,50.93960111973475
KEnkcdADoLR5jS2CLLLesy8TtFsyWL37BhXNfDMzWzP,3qsjFRuw1qeLMPo4DLwaQevenGAGBj9dA3Q6rb8ax2YR,77iEv8zPQAEyCcEbvBRSB6AFcUdfkhiqnAKtPxk76rNN,2.9727960000000047,45.34716600000001,0.03062304717035169,0.01030109269870911,1.2249218868140678e-05,0.9997180795015806,114.083154,0.346605,1.5216884296607522
7dwD9TF6uikvHXxPFK9AsSim54yJoujQjY9vU6gNFumk,CquVr6atkvwueDYficKjn6SSEWq4F4rH4VSiBbW4GBWU,8BCa6ge3b7ho3TfZuM64Vk1hgbrJ3J7EPiAb9uP86CGd,5.880000000000642e-06,5.858999999999986e-06,0.0010312216381167302,175.37782961166965,4.1248865524669205e-07,176.00406358181996,0.003937636,0.003570527,1.3190013166093812
SUiuyGR7SFq3xeRVJonq84fjjeFwRSsFekcevJ53tzy,49GjCCPsv7fBqo6t3iKDrP1xxGDS8uWZbVCdfnp2gjMf,CEwj5xEbbJEjYqM8D6Ai8ByGz1mrh8mkAVsE5fzDSSSx,8.96144899999992,238.52424700000012,0.09231271686375322,0.01030109269870911,3.692508674550129e-05,0.9553041831814878,620.525375,1.90606,8.21295650117114
MiMy69CnJDY4V6cQWkU3HHfTyb8pqXJmhX4MisFYDnM,,,0.009135077999999991,0.005901059,0.0,0.0,0.0,0.9553041831814878,620.525375,1.90606,1.8208670913949068
AURHmCnNwiW4uA2Qj1XvEh4iKgRUZYXtiY7FKAapUV5Y,BKWm4TRnTeKwfWXRyuzjRHU7iZDkPuXBX5b5V5jSVfGJ,A5Ww74HVrkj9nPeC7pHKLfgeDMEhBCpW1efQdz3TGLEg,0.008455620999939129,0.007546433000015895,1.4034395769341486,165.97711474346494,0.0005613758307736594,148.84451999130746,289.896593758,1809.491102013,317449.0347135781
