0,1,2,3,4,5,6,7,8,9,10,11
BUSD5rCfUDpCxKGMvYU2yThChxgHoioK74PTPociGnv2,CcFHbafgYDZ8yA8Me1PdtDiVb2eeaS61LbqyKKK5CsNZ,26R9s4nmF3CFDTkiePDwRmtscn8i7r2eygbSijditJ58,470.68703751999993,471.95778138000014,472.1447940144153,1.0030970823035539,0.04721447940144153,1.0,58.88631399,88.39649619,147.46518594097995
SERgf3DMJpQxUifu7VoFKmfne73d2fDJxSrxUMrcNJB,AJfM2GZ2tTB8UtN2krcyR9xufRJEx2mhSCbJyMgPo3GU,F4yRYkufQvERZcEKnKjJwRLU1btiMBUuEwq46hfm11QD,7.548499999998626e-05,7.548499999998626e-05,0.01129577850487293,149.6426906653638,4.518311401949172e-06,151.39483849577115,29.284890014,27.959469045,8615.18903802949
SoN9GaFpSXfpyR5dth3x7PHPVhvJMpQqqDJfCSmPv1t,9kZ9iS68ViMPtoeqtnhAKuF2iqVyfHPdZHoUNdwCELr,BBhm5fJLjw3HRzjtKB8uMEYjGhY6EDm9co3cqpjrSzB9,3.372577036000001,3.3089742989999973,603.9036147080882,179.06295638671008,0.24156144588323525,175.59207012163967,3.75067291,5.893139075,1706.3950693981196
AUSejoEUCh2DBs9mof6BNC8Pubs22w4cJa1ccV9h44R,4xkyD7AfGQDwsQMy9MosRRNGoVJ1zosNinesxg1TzHG7,Cbm5gsQe3nSiCsFrvepVzMCD9xLK3ri9g3ypS2hdmVJ7,323.01062400000046,322.999719999998,322.9902756126369,0.9999370039687501,0.03229902756126369,1.0,14424.213179,14449.880158,28873.18466881582
Sid7E679i9ABqptiAVhkmQ27YHN8vaYT4fppPwmxFsJ,GP7KB8o1bv527HG8kTzzzf4wJ5aEGHvcMQvVhLziUfmT,9gYxhAZ1M9wu5pxr8SBoa5NDm21gi3s9vMHaYTME77sa,2154.0899440000103,2612.1855469999937,32.94641587099338,0.015294819031471797,0.013178566348397352,0.018960768255441896,104916.402218,26693.888805,2110.8140248255563
BSCNHw8CmxbZ8hCWWzMf5FaG2ajPT6JxfznKUNuRVrn4,7n9kgNL633yGzCYksgnzHyjG73ZLBAwvEae5sbAekbzW,SscdxE99omdG9AiMVwmaEMQySQnCgeAh1sPj2Leutm2,55.01330082200002,54.93626674799998,55.09822415567695,1.0015436872975811,0.022039289662270783,0.999985623206695,5348.112126365,6340.967896501,11697.244672836707
ercAoEmXjQzEvAFbdjAo81KtMxRGn9AW1ju882upmPH,CMRhskR2Eg6V42RTSdRTXGdozyPbWB8U9dVpijPWb9T4,7TKLLgrWswt6ZJ1pXhVR3FyufHGjJFqiEXxvWJfDcgRm,2.882407404999867,2.8892558560000907,437.25323107521893,151.69723416500835,0.1749012924300876,150.57551467463793,1078.965889783,923.002599954,302657.7327725708
ZUCKWFa4LTL833dPhhpeeRWZcaAEoMeYJPi2iKn4F8N,7eEYpq6ShaJ9opZWMxitRFrdCHh6vfyHhGfoSvFht3N2,H8VggnHmuwd1wvwpT8eg9cUJFEfZ7HAaeYjgXrSm7A2u,0.003549479999946925,0.0011264499999015243,0.003554840283177644,1.0015101601448098,1.4219361132710579e-06,1.0,1817.011925129,2030.149322265,3849.905226385974
BSC8REUo9LpiiWUuqMuLXs2D2yJsJfGd4HdiF3wCLxk5,AZjEH1zWVx1UJ6udMyRijGTzPteuLnaY18yNNmprJEsh,Caf8ypkSVR8xYnXNhjvfvdGCC7mrM3C11rz8Xi6NA6aK,159.39236505100007,159.5642251899999,159.28334388484478,0.9993160201486414,0.06371333755393793,1.0,3412.538690694,2935.364730283,6345.569313270584
FrnkTEL6yZ5Aycq2TrEgu29dCrwKG4LPUZydfiwqspkc,DjvZuMZ46fxKBoBpGMPcRcos4xdTtHFxwMh69DpA2ZFY,9rvDPJLAng4uVVqnnSoEXgNDFhBZQTny9AoQioYDZbQX,110.53282030900255,92.63895829500046,19948.13946503291,180.472545704221,7.979255786013165,151.8619489841043,176.178942502,1441.691648401,250733.56581309543
C98Sspw7XqnMsgxea3SLQVdbMDL8pKUc3RE82UvX9eq2,CSqgQJurPCzGxb4Cgwx5R61hWQUiaoUHcShNc8r1cKEL,6S2CR5EnukPhC914XkAns8m5GixjMAoUuZMsS5ubHuWc,107.60910000000058,104.31537800000035,0.0,0.0,0.0,1.0,918.237222,3932.768183,3932.768183
DFWzVTzNBrQZLjoQ4yQwkj9HuoXmfkuZP9V5vbymZe23,DhgiEgiNdqZdRdo195UUHnoEJUtefK8buko8nU97XJUZ,2K2kkXsouBHtWVjtcgkyiXd8eP3oVBvq1bTJzcVdLLr2,938.9825066250005,1135.7826361430025,783.7886072569141,0.834721202713454,0.3135154429027657,0.9999045431128871,61553.419848171,7407.008621494,58786.24621829965
BkMBnJpvHKtWhUvrgRrLesXfi9RUV3ELgdBaJcdH7hcY,5uerVwBnZQsuVhZ15igs7ZgmcqhHnYWbwoRtLyRqLvR,9YWiQh5d4jCtgMdzcGLv9bWgnLaFtzvDDh2nnhJdzhBX,6.572448320000149,6.566306380999549,6.596813320157485,1.0037071421441524,0.0026387253280629936,0.9999045431128871,1114.122438073,1759.306238032,2877.3909484519654
Lee1XZJfJ9Hm2K1qTyeCz1LXNc1YBZaKZszvNY4KCDw,9DgFSWkPDGijNKcLGbr3p5xoJbHsPgXUTr6QvGBJ5vGN,2hNHZg7XBhuhHVZ3JDEi4buq2fPQwuWBdQ9xkH7t1GQX,2410.5738207908944,2041.0586293030165,432408.07251656736,179.3797264315668,43.24080725165674,151.39483849577115,7159.084116535,56444.85065563,9829653.59925165
daob129AwBGn9Y5r91uLoWZeYiGzbPmksauMhFZKTze,6VW5GQNyj4LStgmxEHLr5zUfW92vQnmbw8jTnCH7a38F,4VPCCUifPeBA1c7HWK358CHn2nyjm8pdTRk6Ps3KmnMQ,121.98810539699988,108.16500300200008,20346.739817048274,166.79281763440414,8.13869592681931,151.54872185323475,48.648201758,223.445372941,41977.03131729171
SQDY9uoDoCbNq7F3HAHYYQZbrUzpKxDtdWLvYcqBLak,GiehZ4X2uQjhEKuxSm3ACmEFrabxh3RTvjbLfLjw1xGX,rxDQYV77NKRKYxCjq4cECX3QQsiSyLv1T1FT2X3zNA2,6.544700410000047,6.53035165299994,6.559267224092044,1.0022257419254423,0.0026237068896368173,0.9999035423049843,168.702204443,237.864501748,406.9192498987787
B2izdXFYb2sNwbWWHmh75T4aQFtfXsUxem9u2p61HGzf,4DYwgJtxwuJdAjkj5RJSNH4e7U329V5cNp7d3a1nLrZv,EXNW64GEf1ACC6xY9BtKRiunrs6GoJSXBdxWN2eTPmrF,30298.918982000057,29979.580762000005,30610.472369779676,1.0102826568817425,3.061047236977968,1.0,9339.246121,30474.004053,39909.28243739639
WiiQFxXqp8P9Fs1rt9SVcDyA3KUdJmUsog6wnVQAwba,3S2jpqSYxho6wiz3cafhjXruVY8cg4HYa2v3BqBHYFSj,Dfe67M6TfrG74gKRtdqys4e6E9QirPD53BkF4FujFjuv,10558.277992440995,10558.148832136003,10560.266955360434,1.0001883794801447,1.0560266955360436,0.9999045441126962,12793.126434936,13989.633795968,26783.83480050419
7dwD9TF6uikvHXxPFK9AsSim54yJoujQjY9vU6gNFumk,CquVr6atkvwueDYficKjn6SSEWq4F4rH4VSiBbW4GBWU,8BCa6ge3b7ho3TfZuM64Vk1hgbrJ3J7EPiAb9uP86CGd,3.045000000000131e-06,3.0339999999998493e-06,0.000541374140913045,177.79117928178053,2.1654965636521801e-07,178.61569974843763,0.003949772,0.003558389,1.3378187629863
KZMu9QBEdL97EFgamLbN5DE1AoKBG4HdrKKJo4Vuon3,DD4ACBWyVqdaKWh7v5btsgqQCCMwbKnuL2xd9pv7Gyuw,GcYqiJ1MAuYbNTNYXm1F1gQYTfTgkErACAhNU5dpVj9T,155.14544894999972,154.56830579000052,155.9044181613603,1.004891985014689,0.06236176726454413,1.0,2084.35727416,2606.43885848,4700.992777190449
JSoLLrxK5bYdHwTEWYaGgmeycBCNXKDiBCTw5hXGBg7,xG4wXczA7Dk4hccJ61CHKpDHW4NrNfQwgmWgkb9BuF2,BVR6WgfhsRr9Lob4QDnkEAiNGgAbv7ZieKcY9kSg3QYR,2.7469752149999103,2.3714092019999917,483.0311091018179,175.84108748568875,0.19321244364072718,151.39483849577115,17.324820061,163.56661783,27809.556889692492
AURHmCnNwiW4uA2Qj1XvEh4iKgRUZYXtiY7FKAapUV5Y,BKWm4TRnTeKwfWXRyuzjRHU7iZDkPuXBX5b5V5jSVfGJ,A5Ww74HVrkj9nPeC7pHKLfgeDMEhBCpW1efQdz3TGLEg,0.00021735699988312263,7.255500008795934e-05,0.036825295797158986,169.4230957225243,1.4730118318863595e-05,151.24547624780544,289.887793098,1809.50056123,322792.4614727363
MARpDPs5A7XiyCWPNH8GsMWPLxmwNn9SBmKvPa9LzgA,6YjT74rmcfCpw8LSjPNx5JTmZoYLGrTKnf9arfSgZ4SR,F8GSmi3vA8M8TsybLya1LQ4n1aFHCRbZ6k437PeTdXtg,70760.62052899998,74604.69933699988,66320.27889607131,0.9372484073806437,26.528111558428527,1.0,319207.966675,15958.665774,315135.8241633573
MNkYtBe2HtgL15osfaMmyqNW3vo4J399FXXCS4a39Wf,2mUxDu8NrhSKhQJMgKfYLxJqZzeEbmwhQdHeHMyohyuk,AZCBmDBcFsA2jHHhfFJBTsWCHx9XnnKmGfFsue3ZVW1t,0.003399870000066585,0.0011466099999779544,0.0033984573632943843,0.9995845027097586,1.3593829453177537e-06,1.0,2195.17588665,1941.31606926,4135.579866277494
HDSBGqAuMRr6X2AfmmbXQPpRgU6VEhtfNVVZ3wUTZXg,DCZ1d8kNLgDcdSd99y4udLgwq46mfDXNS9KXj96kQf5L,Fq8GGYQM5Pz3q7LmVMbrXHJgsxA5ev86kTq8yGgGuYsa,746.3323257869924,747.2764891109982,741.2312744461698,0.9931651743270752,0.29649250977846797,0.9999035423049843,54839.861502677,53657.182571266,108117.047532493
ALLwa5WNZbvQsRKAqe1jdRGemdYQnW8E5k4msbRFcYtu,CGoM82Hbz7QVqTgvQatYtjvDWBvoUJp5qm21P8iMs9yb,3dxNNww8TivyN5FMy5dCNdi3Zcxv6e4kUfSPxfFwpdNq,3.622020414999999,3.5751883579999997,11692.234537413644,3228.0973594163597,4.6768938149654575,3214.183549165759,1.345025134,7.283990269,27753.953778317307
C2ypsDADXcCRz8HbV2zX1AXPSja7a1P3xZtRC91xGhJh,J9bYNuDpY1d1T86gLaw7DGk5D3CsUAf2tzUwxMvb6FTv,A2NGvvPrMGzsJ4jb52KEnSBVmsA7C34dV1GC7PerdgvG,0.167678102,0.16827485900000028,25.360554393318097,151.24547624780544,0.01014422175732724,151.10910303903074,2.878709048,2.146218232,759.7048329071611
ALBpShJ9NLpE739pcHDF2LNVk5J4VYPvvKuV6jMPitZi,D6d156U1bPiJpDYRLextvDRccgFk7QzkQbJg42ceKEu5,GNcM8U5g8RwTZffwwm3kSQqUNPSwv5d2fbN9sLxPJqt2,6408.005074000015,6395.578826000012,6416.6354486784885,1.0013468114614157,2.5666541794713953,0.9991427355329128,41484.775797,58847.878591,100338.07836423814
SEQV6QiTpvTzrceiaYg9Avnwf7oc8ZALpnQMz6TyT4A,3dFMPj4r9mMmPHF32mz1gNDX7f8ftidWof7S8YiYTs1j,Fc1ED3YPeQfXQosHbd8DTaBd2AV5gHQtwiSAL5C5pUhi,1408.5930628760007,1407.8387977009997,1409.2229897801012,1.0004472029010383,0.5636891959120405,0.9838317096830684,1879.775828957,3742.537982965,5562.64401249529
KEN5P7p3asnb23Sw6yAmJRGvijfAzso3RqfyLAQhznt,9zj4aX38Uxf3h6AUjS4EipWS8mwbEofasHAf3a1uKGds,CwQDG1MWunn9cLNwcZLd8YBacweSR7ARo32w4mLua1Yr,1071608.9939900017,1079768.0019150008,1062008.4377130757,0.9910409894553239,106.20084377130756,1.0,1679264.660566,426119.642296,2090339.7530606873
GokA1R67GqSavkd15zR62QD68Tuc5AEfvjssntVDEbM8,3YB7hfpBdbQEuZqLGWVDpRPmeZWCUsrrWyqGXegnQ6Cg,4DPCj6Z1DsG6HUtwSogBGqXEUxdEV5a8YVrrFtcnz7UW,39454.86538399997,39461.546312999984,39456.83822591127,1.000050002500125,3.9456838225911266,1.0,33272.425645,31880.059268,65154.14861746748
RajgMbScQbqqrdJfR2rxfHJiTiY5b6bJ2tTXiF4aPxy,725ZA3fhyBAKb5iopNRrcbSuQa3LXA1656Q3mBvYPxeg,GLA6i1dSZpUfk2f9Nj8uiG7xyDdAR2reff8oEiZH3617,32670.446731090044,32662.910847409992,32680.578037087318,1.0003101061360031,13.072231214834927,1.0,88260.4050073,93632.0125926,181919.7876930589
HEDSDjj84KS7LKhZY7ejkCACTdPen62rKhCby1wXtgxc,EnnjMSFttpCTywBrYNt1J5QQeoSVkvzPipJDa8Y7kJow,6bjVT6JN2rSvpyn9PdfLYC8wJn4LWh49jpY47fnLDXZk,23.39087221599584,24.151067157006764,22.550794178066212,0.9640852196458436,0.009020317671226486,1.0,39135.596012938,9087.777058757,46817.82673686132
wrmcMSHFi3sWpAEy4rGDvQb3ezh3PhXoV2xNjgLBkKU,8p4mGnARWPBu6P2Gcw4adodLkNDorrXniZMhaY7eJXUn,AyY89zccbsgp9LKFgH4CFZMJmpSgqmPSdTfukhP227rc,0.009177950000000018,0.11370889999999889,2.510380196936548,273.52297592997814,0.0010041520787746193,3218.6423766455305,27.18096284,0.08654987,7713.190923914112
vEnkoSUkpnbRrPgBz9DfcVxNz67zjwMYBZraAvDDNSf,DtfyjjsZ5yCjWKLKHvwsfXs5QVsmm1QkK6Sh9JZHoq1g,e5wrKCRv4GhHvEf1VD5Pq2KGaZDXP77nTL612Jyrxwy,4364.8330750000005,4366.73277,4357.116621463389,0.9982321308961829,0.43571166214633894,0.9921894843789687,1201.094527,742.711448,1935.8816377284302
SoNcU2iwHMw6dGzsYNQkYFkUjwN1UdAjrWVRnStrZu2,8ivTTid27jZnYNc4w3CTA1Z6QS2twsFb8WMwUabeDJgc,CyXm53PMvHCbeXJBykU46Rcbo28xk5srhMZFg7gv6EYB,12.078875353999994,11.977512196999985,2134.46496792438,176.71057158624777,0.853785987169752,175.82408308180234,22.480995739,28.383150092,8963.070946765765
MATgk4zXLXtYkwBH678J1xZbRDZ45LicNzkRBHkxTuY,y8dALFo1bJrSzPYjMX14HJX448pXqYmrfXHD1K8MXih,GN7Yuet3UyiWS5YVkEHv6oQKi4HGBJc3XDPt9zQhAqZz,3228.503627999994,3224.0321889999987,3228.2744205161375,0.9999290050406422,1.2913097682064552,1.0,7919.340141,6876.742274,14795.520181768548
BkwbeSfcX1h4thMDd7obGkHrPevf3QwgzJ4pCEqG18Lu,35yX27bmurdebhfAb8EPmjLETDiUaEUCn9zHaDPbakH2,2CxECn1ZJFoESyUnQysQU8rRgT3iJ5GRs2Mdd6gZjx5g,0.0064738200000000745,0.004135039999999979,11.836868280553052,1828.4209756454327,0.004734747312221221,1172.9517330361855,0.8705454,22.68542895,28200.636671183394
BSCrK1Nx9PXU9mF7STWWBqeHLxmtJDr9h7jheEy4tAWX,FfSySSbVJPvEo5a5AvrP3nySoXpRE2QPn1uUMpJJ1x7v,HL7Vcj6838ZmvBHDbQxXfjBNckNi83WvPiZQoMQLFeRM,0.006886995999999979,0.006889774999999876,22.235338938178742,3228.597626335025,0.008894135575271496,3219.7823427136323,0.852745515,0.950691576,5814.192095368233
Cob4usZcpHEY7Qt4ZCwj6WVg9S44zvzYV2v9qYF65dTf,NhFM9UXE48PyNAyeyPYA3iXztqKVJwA4bTdLj4ysM8w,6TuFuynuBoeskxyR2cz4wxyidk8dpDK7kAWw3UkjQGx,37.945223999999996,2630.693846999973,0.57863568286194,0.015249236184821047,0.000231454273144776,1.0,64613.417931,262.261273,1247.5665437383702
BUSDTd9WiT6uBHJRgNvFXBsA7JrifsAtWzKfioN7ERcy,DyBxrn7gSc1EwnpWhDyhzvMHPtxpmBqRqotapLcKcfTM,Cds99GeBgoCpqBsoRWu1C6fF9LiUMd4pXQQD24s9LPff,3079.19065927,3077.4480141700005,3091.610834805531,1.0040335844414634,0.3091610834805531,0.9991087949549003,300.4731796,568.13289167,869.3117323129683
YAkoNb6HKmSxQN9L8hiBE5tPJRsniSSMzND1boHmZxe,CfWX7o2TswwbxusJ4hCaPobu2jLCb1hfXuXJQjVq3jQF,EnTrdMMpdhugeH6Ban6gYZWXughWxKtVGfCwFn78ZmY3,8477472.15028,8482819.824763991,8477472.15028,1.0,847.7472150280001,1.000030000900027,1269885.643433,223203.544411,1493095.8841512215
moFiBS1R4Lf3E3zzmBPnw3NF4RhWPkhREFviuzUaCAU,44ALBrpqi9PfZkBRTvbtRNtFJGsatfY4QydjtMbFWq8S,2ho8qEEie1UjVwWNBo9y4oAJZMyMLx8zPj9bxyUz6uWs,231.29821757399623,231.32501042600052,231.30889618049727,1.000046168131398,0.09252355847219892,1.0,32748.998016169,34363.006817489,67113.51679370156
parEAJhzYzHW87y9VoZAQ22dzQ2MD2ekEtTReaxbMcz,3oyc6hpjYSJEquK6dSvG72NXyz3pqLZz5D8AC71pwgQb,Di2vordgFJVZ1aj1aBpvzXtLfZgJsuLLXawGtVFwX6Rz,30.168241937000346,35.44864295099978,4423.440105740653,146.62571703641274,1.7693760422962612,172.09621624096084,1103.809750705,142.765485685,186416.29606509616
STK75uPSyBnEhGTTzb1nwmP3n427XoXmfRhXxxhyady,6TYyD5fUmDe6N65avW1Ny2RxzRNobw2RRgKwH9CTzSAU,54zDfk4cx2vGrEajPtodWpArNe5eUurytyxd4X3aZAxK,1115.0540222889972,1251.233854670998,168549.49587081256,151.1581434635893,16.854949587081254,169.50695342949012,4769.676108845,858.611619145,866516.0252760776
heyk4SZTeCUV6a65WiVA5bzic3KcxgVf1qxobfeV4tQ,9ZDpBKPqMABtGfq66FbVribaArMvtk63xxy91onZAtDt,DaTP4s6N7xxSPinbNZ3FB52EpRDRt87QShTuN3VPCW52,191.60284815300383,166.69575365399953,31734.741282558694,165.62771163619144,12.693896513023478,151.09629427272517,629.572949514,4468.330436195,779422.8974311455
SAMyS8Jr2HJrkFwYVKbpUwsNStnQmvz3f8Tup8bWUWF,6jPzm5TFfquvgm25sTyN3MMGBfufRaFHMxobDWv6hMFW,Cj9ECoDmxsHTDzCY5ZA6RWrPbg9uFzEC1Qc2kso2vJG6,4253.002736520025,123.91087473001306,4273.404654083363,1.0047970619412374,1.7093618616333455,0.01893188034938028,442.87465174,110793.83786985,2542.5348308772386
KEVpg4SYCVrqFxKijQH6hm4QxsRdoE51ud64bEEFUC9,2bPenuBYfqzD8p5dFjCcggwkHDsc2RQDnx9AoyYGUBjA,AE6n6iLuX8oYu61vt5hoDYkjswpnxFxrhSehxrnQTnbx,3.006173908999699,3.0062028739998823,3.0084530889922947,1.0007581663807847,0.001203381235596918,1.0,2856.8485029,4772.973382527,7631.987851916893
Lid8SLUxQ9RmF7XMqUA8c24RitTwzja8VSKngJxRcUa,4PgzyzLtds9bKZ2to9PMnKqJzKEUpjvNUaeN23phegax,AtymwxoVN9peZo7EXTcDz9jKVc4vRmisJKKrNfe3ewBa,379.3748790409927,322.43862188700155,67232.9231051816,177.22028215241122,6.723292310518161,150.22937020242506,986.513808141,7677.346133847,1328193.1299398555
CZgvH45CRmoaNJ7395Ao5CQZXkGznvqU7cErD6n7FaRg,4ZjU6MKvtqVQKCiowhvZ5yUsPxXX5SCzd5eFsPeXyey5,BsyWeshjDbCvjDojry3vKDCesmFRM37WtwcR4Kfgzqr,11.622614689999978,12.415085999999974,12.446949386956954,1.070925064535283,0.004978779754782782,1.0,328.1175868,1491.40662068,1842.7959684989514
NorjjEePhxfwLF4vZjUHCrVVKLzQjEEGQFd3wgjEJmh,34M8pFVqgbV7aqHxvRT5tCv3vu2P1JJYT8J3VaxBK2oG,3AZWBSze3ucsY3xSeuLne3b2pauVqiaJ1SZSV5T9WGWw,0.0033670000002530287,0.0011210000002392917,0.0019965476981904343,0.5929752592932565,7.986190792761738e-07,1.0,38120.278942,2260.690986,24865.073275963714
KwnjUuZhTMTSGAaavkLEmSyfobY16JNH4poL9oeeEvE,J63v6qEZmQpDqCD8bd4PXu2Pq5ZbyXrFcSa3Xt1HdAPQ,BnKQtTdLw9qPCDgZkWX3sURkBAoKCUYL1yahh6Mw7mRK,421.90001400001324,21124.3360719993,7.939243655624588,0.01881783216917442,0.0007939243655624589,1.0,279005.898539,545.189377,5795.4755499166085
BSCuChvaSj9b5HUSqgDVRzcnr2sSn7cXaamt1jbKH6hn,GnKpRj5kBVPMJfiwZtEuD9GYApLzPdW5JFuZTcyX4BTc,3dmwD9okkomV9nDwyuh4UMhKdUR13QpuKxRo89ycZB5t,162.193291778,162.36336264500005,162.20061367590196,1.000045143037802,0.06488024547036078,0.9890952251428006,1670.968157659,1437.413668689,3092.7825864929923
BerKDkt6v49dT1bHRedgnpsJS263C1DSJtEGvY9Mg35V,78XKqNb8wbfsMMrvo8WPUpdx7GEkfQutpNVH943aCGFa,DKYQwn4nDvFHCszi5tXbqfVMAP7DaXXp1KGTXEnYnKVH,1007.092093599,1002.726919662,1025.6151159153226,1.0183925804144958,0.41024604636612905,1.0,1338.317413093,5136.204604718,6499.1371284514335
MATSnbbiTCv7Dc3trJrkrqjx7ckKdr6fwPoVwv9q3sD,631WX9JizSHJm4w6VanZeJAst9T8DeUUnPLesdGkCVtK,211maUSfpnXbPuW1iBu8b4dtJv5EbN1j7JJiEX5TZKEP,9714.418160999983,9708.460492999984,9689.400129864673,0.9974246495548493,3.875760051945869,0.9981404643149813,18932.638839,26601.725065,45436.13886709668
BUSDgu5JdqP1rndBvXvanbEufS94FNh1w5FJcAj6vawb,Bgzr8cWubt89JQFXndVjtdKmDbGzuPxNhvjH1EhWCwbo,Dxaf8xPBBQsasRKW5Aa4Sw2YrbfGofY9xZueyyF23FBW,4523.91276933,4502.688486510001,4539.832053612557,1.0035189193722924,1.8159328214450225,0.9976923276691779,5044.52872971,9952.57660021,14991.889334150372
