0,1,2,3,4,5,6,7,8,9,10,11
ZUCKWFa4LTL833dPhhpeeRWZcaAEoMeYJPi2iKn4F8N,7eEYpq6ShaJ9opZWMxitRFrdCHh6vfyHhGfoSvFht3N2,H8VggnHmuwd1wvwpT8eg9cUJFEfZ7HAaeYjgXrSm7A2u,11.909119790999966,11.900000000000091,11.92660679656401,1.0014683709519203,0.004770642718625604,0.9999582847402355,1817.011925129,2030.1469843,3849.742268850342
BSCNHw8CmxbZ8hCWWzMf5FaG2ajPT6JxfznKUNuRVrn4,7n9kgNL633yGzCYksgnzHyjG73ZLBAwvEae5sbAekbzW,SscdxE99omdG9AiMVwmaEMQySQnCgeAh1sPj2Leutm2,299.44779099599964,298.94698979999976,300.0269888976888,1.0019342199846013,0.12001079555907553,0.9999582847402355,5168.801337722,6520.375293356,11698.902230772732
FrnkTEL6yZ5Aycq2TrEgu29dCrwKG4LPUZydfiwqspkc,DjvZuMZ46fxKBoBpGMPcRcos4xdTtHFxwMh69DpA2ZFY,9rvDPJLAng4uVVqnnSoEXgNDFhBZQTny9AoQioYDZbQX,1631.5723779960022,1426.3797457839994,257616.13535402407,157.8943961226189,103.04645414160963,133.8832722624787,178.456118724,1438.911967741,220823.46383911962
SUiuyGR7SFq3xeRVJonq84fjjeFwRSsFekcevJ53tzy,49GjCCPsv7fBqo6t3iKDrP1xxGDS8uWZbVCdfnp2gjMf,CEwj5xEbbJEjYqM8D6Ai8ByGz1mrh8mkAVsE5fzDSSSx,0.46856399999999976,26.782362000000035,0.006371309012307997,0.013597521389411052,2.548523604923199e-06,0.9061180182474046,585.199067,2.356748,10.092748657864425
SQDY9uoDoCbNq7F3HAHYYQZbrUzpKxDtdWLvYcqBLak,GiehZ4X2uQjhEKuxSm3ACmEFrabxh3RTvjbLfLjw1xGX,rxDQYV77NKRKYxCjq4cECX3QQsiSyLv1T1FT2X3zNA2,0.005812338999987787,0.0012372410000125456,0.005825022608090434,1.0021821865694127,2.330009043236174e-06,0.9999582847402355,168.73007208,237.831697497,406.9200488631077
RajgMbScQbqqrdJfR2rxfHJiTiY5b6bJ2tTXiF4aPxy,725ZA3fhyBAKb5iopNRrcbSuQa3LXA1656Q3mBvYPxeg,GLA6i1dSZpUfk2f9Nj8uiG7xyDdAR2reff8oEiZH3617,70974.22190002003,70925.11080597997,71001.36714270602,1.000382466224487,28.40054685708241,1.0,62147.98370471,119744.08202427,181915.83523366702
moFiBS1R4Lf3E3zzmBPnw3NF4RhWPkhREFviuzUaCAU,44ALBrpqi9PfZkBRTvbtRNtFJGsatfY4QydjtMbFWq8S,2ho8qEEie1UjVwWNBo9y4oAJZMyMLx8zPj9bxyUz6uWs,2716.115991743005,2716.8806699510096,2715.1967781649378,0.9996615705732518,1.086078711265975,0.9999582847402355,34329.880192648,32780.416761716,67097.31126908967
B2izdXFYb2sNwbWWHmh75T4aQFtfXsUxem9u2p61HGzf,4DYwgJtxwuJdAjkj5RJSNH4e7U329V5cNp7d3a1nLrZv,EXNW64GEf1ACC6xY9BtKRiunrs6GoJSXBdxWN2eTPmrF,61437.56303999997,60922.799533999954,61656.81467297708,1.0035686902625738,6.165681467297708,1.0,11323.771788,28463.831926,39828.01474811544
MATgk4zXLXtYkwBH678J1xZbRDZ45LicNzkRBHkxTuY,y8dALFo1bJrSzPYjMX14HJX448pXqYmrfXHD1K8MXih,GN7Yuet3UyiWS5YVkEHv6oQKi4HGBJc3XDPt9zQhAqZz,21027.648595,20970.481699,21105.57036077197,1.0037056813756389,8.442228144308789,1.0,4658.300428,10137.102962,14812.66556713817
WiiQFxXqp8P9Fs1rt9SVcDyA3KUdJmUsog6wnVQAwba,3S2jpqSYxho6wiz3cafhjXruVY8cg4HYa2v3BqBHYFSj,Dfe67M6TfrG74gKRtdqys4e6E9QirPD53BkF4FujFjuv,13105.549800376002,13132.323474460005,13055.053870299886,0.9961469811762748,1.3055053870299884,0.9995255412179924,21932.815674105,4855.624728486,26701.629057146816
SERgf3DMJpQxUifu7VoFKmfne73d2fDJxSrxUMrcNJB,AJfM2GZ2tTB8UtN2krcyR9xufRJEx2mhSCbJyMgPo3GU,F4yRYkufQvERZcEKnKjJwRLU1btiMBUuEwq46hfm11QD,0.00023841900000221017,7.81449999998074e-05,0.031942203153399476,133.97507393749393,1.277688126135979e-05,134.0243090611289,29.284890014,27.959234883,7670.662441948915
JSoLLrxK5bYdHwTEWYaGgmeycBCNXKDiBCTw5hXGBg7,xG4wXczA7Dk4hccJ61CHKpDHW4NrNfQwgmWgkb9BuF2,BVR6WgfhsRr9Lob4QDnkEAiNGgAbv7ZieKcY9kSg3QYR,24.23428737599997,20.941837206999992,3753.4393149287766,154.88135700849756,1.5013757259715108,133.91800147202667,17.547020783,163.305661561,24587.274215643636
HDSBGqAuMRr6X2AfmmbXQPpRgU6VEhtfNVVZ3wUTZXg,DCZ1d8kNLgDcdSd99y4udLgwq46mfDXNS9KXj96kQf5L,Fq8GGYQM5Pz3q7LmVMbrXHJgsxA5ev86kTq8yGgGuYsa,97.78859934199863,98.01770810400194,97.15808871903948,0.9935523095002716,0.0388632354876158,0.990210633110319,51082.208476273,49906.932167312,100171.22110396315
wrmcMSHFi3sWpAEy4rGDvQb3ezh3PhXoV2xNjgLBkKU,8p4mGnARWPBu6P2Gcw4adodLkNDorrXniZMhaY7eJXUn,AyY89zccbsgp9LKFgH4CFZMJmpSgqmPSdTfukhP227rc,0.013138669999998756,0.09162095999999914,2.977264899161286,226.60321776569225,0.0011909059596645144,2901.0733971569484,27.23839248,0.08189729,6409.897432051082
BSC8REUo9LpiiWUuqMuLXs2D2yJsJfGd4HdiF3wCLxk5,AZjEH1zWVx1UJ6udMyRijGTzPteuLnaY18yNNmprJEsh,Caf8ypkSVR8xYnXNhjvfvdGCC7mrM3C11rz8Xi6NA6aK,919.5357669040004,915.6655363840005,922.7977211971673,1.0035473925110598,0.369119088478867,0.9999439501417627,2343.800138132,4004.2994198,6356.189496574611
KysFMBBoavfov2tLpvefWW6tPFt6rAeZWDJVy1mMQae,B8ka2V21TH3x64dFV8ETcjuQcwmrciJ2qzy1mJUttRew,7fSf7EYxBANyxzk2s5pymFgshA91tFYQNKKs5UnLWcYS,111.14325900000404,83.93774099999973,0.0,0.0,0.0,0.01667459293441804,134386.394258,2699.213327,45.00828347088121
Dg3mAgpwDfVNnbGWcsxL8sUcSkEbjSJQhKAWNigG44Ju,EATxwd8YA2wV93VJcKMmH2Kn2Y9XfJVUB9hHVu3udwEy,GiGvrRi7NMHfHKanG2B8xyCEqe8jaafWins8bhrLVEaa,0.73643777,0.7535880990000001,115.89575236469345,157.37344971414686,0.04635830094587738,157.0164857889089,0.203515336,0.255987932,72.22223598306388
SAMyS8Jr2HJrkFwYVKbpUwsNStnQmvz3f8Tup8bWUWF,6jPzm5TFfquvgm25sTyN3MMGBfufRaFHMxobDWv6hMFW,Cj9ECoDmxsHTDzCY5ZA6RWrPbg9uFzEC1Qc2kso2vJG6,4877.3426631399925,87.75235374000022,4891.078866851235,1.0028163294359145,1.9564315467404942,0.016677299556954198,409.00632476,112701.10991508,2289.708391766907
7dwD9TF6uikvHXxPFK9AsSim54yJoujQjY9vU6gNFumk,CquVr6atkvwueDYficKjn6SSEWq4F4rH4VSiBbW4GBWU,8BCa6ge3b7ho3TfZuM64Vk1hgbrJ3J7EPiAb9uP86CGd,7.774800000000075e-05,7.796199999999956e-05,0.012127506344291954,155.98480146488447,4.851002537716782e-06,156.8477369224278,0.003933486,0.003574603,1.1742324237210238
BkMBnJpvHKtWhUvrgRrLesXfi9RUV3ELgdBaJcdH7hcY,5uerVwBnZQsuVhZ15igs7ZgmcqhHnYWbwoRtLyRqLvR,9YWiQh5d4jCtgMdzcGLv9bWgnLaFtzvDDh2nnhJdzhBX,0.0032229800001459807,0.0011041919999570382,0.0032347943100126675,1.0036656478991963,1.293917724005067e-06,0.9995022009273348,1114.150430735,1759.275520393,2876.6342685911986
Sid7E679i9ABqptiAVhkmQ27YHN8vaYT4fppPwmxFsJ,GP7KB8o1bv527HG8kTzzzf4wJ5aEGHvcMQvVhLziUfmT,9gYxhAZ1M9wu5pxr8SBoa5NDm21gi3s9vMHaYTME77sa,2078.3296479999954,2576.544178000011,28.260131842927077,0.013597521389411052,0.011304052737170832,0.016677299556954198,103735.62907,27649.45095,1871.6656112017977
BkwbeSfcX1h4thMDd7obGkHrPevf3QwgzJ4pCEqG18Lu,35yX27bmurdebhfAb8EPmjLETDiUaEUCn9zHaDPbakH2,2CxECn1ZJFoESyUnQysQU8rRgT3iJ5GRs2Mdd6gZjx5g,0.019057240000000863,0.013405620000001561,30.621910852590005,1606.838705530739,0.012248764341036004,1023.5414534288639,0.86558565,22.69319133,24618.278562219475
SoN9GaFpSXfpyR5dth3x7PHPVhvJMpQqqDJfCSmPv1t,9kZ9iS68ViMPtoeqtnhAKuF2iqVyfHPdZHoUNdwCELr,BBhm5fJLjw3HRzjtKB8uMEYjGhY6EDm9co3cqpjrSzB9,16.879083079000008,16.869076223,2680.5423627310697,158.8085294790715,1.072216945092428,156.3013840800163,3.786913126,5.854518206,1516.4634035245076
C98Sspw7XqnMsgxea3SLQVdbMDL8pKUc3RE82UvX9eq2,CSqgQJurPCzGxb4Cgwx5R61hWQUiaoUHcShNc8r1cKEL,6S2CR5EnukPhC914XkAns8m5GixjMAoUuZMsS5ubHuWc,259.46835400000145,251.13491099999987,0.0,0.0,0.0,1.0,965.653683,3883.828391,3883.828391
KEN5P7p3asnb23Sw6yAmJRGvijfAzso3RqfyLAQhznt,9zj4aX38Uxf3h6AUjS4EipWS8mwbEofasHAf3a1uKGds,CwQDG1MWunn9cLNwcZLd8YBacweSR7ARo32w4mLua1Yr,1625756.7209630013,1631559.9993809965,1616764.2780484955,0.9944687647305686,161.67642780484957,1.0,1585589.14593,627326.4417,2204145.3210232044
ercAoEmXjQzEvAFbdjAo81KtMxRGn9AW1ju882upmPH,CMRhskR2Eg6V42RTSdRTXGdozyPbWB8U9dVpijPWb9T4,7TKLLgrWswt6ZJ1pXhVR3FyufHGjJFqiEXxvWJfDcgRm,62.69683979899992,62.639902149000136,8420.020918024602,134.29737359998344,3.3680083672098413,133.8924503536836,723.468690056,815.616077399,206364.78010715306
Cob4usZcpHEY7Qt4ZCwj6WVg9S44zvzYV2v9qYF65dTf,NhFM9UXE48PyNAyeyPYA3iXztqKVJwA4bTdLj4ysM8w,6TuFuynuBoeskxyR2cz4wxyidk8dpDK7kAWw3UkjQGx,137.77257599999817,2793.5881600000052,1.8733655490342347,0.013597521389411052,0.000749346219613694,1.0,65942.980691,243.107747,1139.7688374273926
parEAJhzYzHW87y9VoZAQ22dzQ2MD2ekEtTReaxbMcz,3oyc6hpjYSJEquK6dSvG72NXyz3pqLZz5D8AC71pwgQb,Di2vordgFJVZ1aj1aBpvzXtLfZgJsuLLXawGtVFwX6Rz,40.78464983999987,48.34543855100134,5352.364015846843,131.23476692442924,2.1409456063387378,155.0077581382948,1106.763204754,140.2436104,166984.65885775
ALLwa5WNZbvQsRKAqe1jdRGemdYQnW8E5k4msbRFcYtu,CGoM82Hbz7QVqTgvQatYtjvDWBvoUJp5qm21P8iMs9yb,3dxNNww8TivyN5FMy5dCNdi3Zcxv6e4kUfSPxfFwpdNq,4.998806142999998,4.953543745999999,14792.868557646774,2959.280303030303,5.91714742305871,2922.3872396883567,0.861649113,7.770531215,25258.362516540496
BSCuChvaSj9b5HUSqgDVRzcnr2sSn7cXaamt1jbKH6hn,GnKpRj5kBVPMJfiwZtEuD9GYApLzPdW5JFuZTcyX4BTc,3dmwD9okkomV9nDwyuh4UMhKdUR13QpuKxRo89ycZB5t,439.923192924,439.89251204900006,439.92254711770084,0.999998532002155,0.17596901884708036,0.9986687745235601,1577.981315629,1530.051434118,3105.9935898244676
SoNcU2iwHMw6dGzsYNQkYFkUjwN1UdAjrWVRnStrZu2,8ivTTid27jZnYNc4w3CTA1Z6QS2twsFb8WMwUabeDJgc,CyXm53PMvHCbeXJBykU46Rcbo28xk5srhMZFg7gv6EYB,17.191237950000005,17.049498173000007,2726.8950278118514,158.62121365214716,1.0907580111247406,153.17688867103732,22.841351398,28.011873336,7913.894483661599
GokA1R67GqSavkd15zR62QD68Tuc5AEfvjssntVDEbM8,3YB7hfpBdbQEuZqLGWVDpRPmeZWCUsrrWyqGXegnQ6Cg,4DPCj6Z1DsG6HUtwSogBGqXEUxdEV5a8YVrrFtcnz7UW,97373.46301800001,97344.56861500003,97382.6169839965,1.0000940088368306,9.73826169839965,1.0,32809.439126,32337.973341,65150.496844209294
MATSnbbiTCv7Dc3trJrkrqjx7ckKdr6fwPoVwv9q3sD,631WX9JizSHJm4w6VanZeJAst9T8DeUUnPLesdGkCVtK,211maUSfpnXbPuW1iBu8b4dtJv5EbN1j7JJiEX5TZKEP,57218.82953000003,57324.73556299998,56996.372687401104,0.9961121741841592,22.79854907496044,0.9964526286420343,24590.689569,20935.943086,45356.760772409034
Lid8SLUxQ9RmF7XMqUA8c24RitTwzja8VSKngJxRcUa,4PgzyzLtds9bKZ2to9PMnKqJzKEUpjvNUaeN23phegax,AtymwxoVN9peZo7EXTcDz9jKVc4vRmisJKKrNfe3ewBa,1652.894237716002,1413.0706563789918,260476.37254318298,157.5880456229999,26.047637254318296,133.90842538421674,1002.155469919,7658.922957428,1183522.0352831462
vEnkoSUkpnbRrPgBz9DfcVxNz67zjwMYBZraAvDDNSf,DtfyjjsZ5yCjWKLKHvwsfXs5QVsmm1QkK6Sh9JZHoq1g,e5wrKCRv4GhHvEf1VD5Pq2KGaZDXP77nTL612Jyrxwy,6448.032296000001,6447.151525999999,6337.973388115377,0.9829313963031949,0.6337973388115378,0.99660456823602,1133.879035,809.417447,1921.1944284016058
NorjjEePhxfwLF4vZjUHCrVVKLzQjEEGQFd3wgjEJmh,34M8pFVqgbV7aqHxvRT5tCv3vu2P1JJYT8J3VaxBK2oG,3AZWBSze3ucsY3xSeuLne3b2pauVqiaJ1SZSV5T9WGWw,0.0033490000000711007,0.0011269999999967695,0.0019858717882696,0.5929745560547742,7.943487153078399e-07,1.0,38120.278942,2260.686492,24865.04197431661
7oAd7xG4m3oC2qeWB1szghTebAZyyGPAFDJ4wwwbRSNi,D9yh4KAysxt9GLacVe4Wwh2XqghhcjTCSTV9HuM7TBJd,HDYfJLpZKaMFb84jM4mRytn7XLR8UFZUnQpSfhJJaNEy,881.9977704309704,882.0136609979704,881.5792988430783,0.9995255412179924,0.3526317195372314,0.02281233593842062,956.239905011,300037.368481731,7800.339452475303
SRMuKizofcAMicegrfSv7xs9q76tH1w8aAF7oX9FEWu,72Hj2KWntXPfbie4UgKeTPnm1XVkomDfCnRPKbvfTtPi,6aqJQ5wedqpUt4fFEDUqUmXhrdxCu4bEJsQdVPCADLko,0.026957000000038533,0.026957000000038533,0.0010656697171050934,0.03953220748241904,4.262678868420374e-07,0.039735962476535915,17971.450574,3892.798256,865.1351982805472
CZgvH45CRmoaNJ7395Ao5CQZXkGznvqU7cErD6n7FaRg,4ZjU6MKvtqVQKCiowhvZ5yUsPxXX5SCzd5eFsPeXyey5,BsyWeshjDbCvjDojry3vKDCesmFRM37WtwcR4Kfgzqr,33.90774670000002,34.10344185000008,36.14319191558975,1.0659272712919532,0.014457276766235901,0.9999666711108519,339.74020149,1478.99153468,1841.080587457504
heyk4SZTeCUV6a65WiVA5bzic3KcxgVf1qxobfeV4tQ,9ZDpBKPqMABtGfq66FbVribaArMvtk63xxy91onZAtDt,DaTP4s6N7xxSPinbNZ3FB52EpRDRt87QShTuN3VPCW52,308.7388282610009,265.29169888600006,47799.56560985177,154.822008877494,19.11982624394071,134.24873067825143,619.844949486,4479.453679658,697326.6108981005
KwnjUuZhTMTSGAaavkLEmSyfobY16JNH4poL9oeeEvE,J63v6qEZmQpDqCD8bd4PXu2Pq5ZbyXrFcSa3Xt1HdAPQ,BnKQtTdLw9qPCDgZkWX3sURkBAoKCUYL1yahh6Mw7mRK,435.07921699999935,24098.092778999766,7.255946432914068,0.016677299556954198,0.0007255946432914069,1.0,281116.22284,507.627471,5195.886929622169
BUSD5rCfUDpCxKGMvYU2yThChxgHoioK74PTPociGnv2,CcFHbafgYDZ8yA8Me1PdtDiVb2eeaS61LbqyKKK5CsNZ,26R9s4nmF3CFDTkiePDwRmtscn8i7r2eygbSijditJ58,545.9130742100001,547.7836209500002,544.2741938566526,0.9969979096842126,0.054427419385665254,1.0,86.92079319,60.30572322,146.96557233852374
ALBpShJ9NLpE739pcHDF2LNVk5J4VYPvvKuV6jMPitZi,D6d156U1bPiJpDYRLextvDRccgFk7QzkQbJg42ceKEu5,GNcM8U5g8RwTZffwwm3kSQqUNPSwv5d2fbN9sLxPJqt2,1648.597136999997,1645.762794999995,1646.808702748812,0.9989151781165655,0.6587234810995248,0.996158811622384,43782.736371,56542.448446,100060.49815065536
YAkoNb6HKmSxQN9L8hiBE5tPJRsniSSMzND1boHmZxe,CfWX7o2TswwbxusJ4hCaPobu2jLCb1hfXuXJQjVq3jQF,EnTrdMMpdhugeH6Ban6gYZWXughWxKtVGfCwFn78ZmY3,18728617.515897963,18730809.916743085,18728617.515897963,1.0,1872.8617515897963,0.9949031113605001,1131896.339829,279871.632605,1410341.4978892573
C2ypsDADXcCRz8HbV2zX1AXPSja7a1P3xZtRC91xGhJh,J9bYNuDpY1d1T86gLaw7DGk5D3CsUAf2tzUwxMvb6FTv,A2NGvvPrMGzsJ4jb52KEnSBVmsA7C34dV1GC7PerdgvG,2.719238167,2.709244900999999,364.4971669160999,134.04385512808224,0.14579886676643994,133.27206372323764,2.297714809,2.725874267,671.2774399964028
BUSDTd9WiT6uBHJRgNvFXBsA7JrifsAtWzKfioN7ERcy,DyBxrn7gSc1EwnpWhDyhzvMHPtxpmBqRqotapLcKcfTM,Cds99GeBgoCpqBsoRWu1C6fF9LiUMd4pXQQD24s9LPff,3243.1901076800004,3246.1983241799985,3237.0279394430795,0.9980999669978246,0.32370279394430795,0.9981285090455395,367.44093258,279.2430884,645.4632701677117
STK75uPSyBnEhGTTzb1nwmP3n427XoXmfRhXxxhyady,6TYyD5fUmDe6N65avW1Ny2RxzRNobw2RRgKwH9CTzSAU,54zDfk4cx2vGrEajPtodWpArNe5eUurytyxd4X3aZAxK,3450.092873049998,3848.660161763992,461691.5243680247,133.82002785330062,46.16915243680248,149.6033790017595,3291.666824877,605.303776256,531046.4364392484
KEVpg4SYCVrqFxKijQH6hm4QxsRdoE51ud64bEEFUC9,2bPenuBYfqzD8p5dFjCcggwkHDsc2RQDnx9AoyYGUBjA,AE6n6iLuX8oYu61vt5hoDYkjswpnxFxrhSehxrnQTnbx,1753.314107493,1755.3398697900002,1749.3642337339302,0.9977471955868094,0.6997456934935722,0.9995175428772287,6024.679089855,1605.034548478,7615.3668543411095
AUSejoEUCh2DBs9mof6BNC8Pubs22w4cJa1ccV9h44R,4xkyD7AfGQDwsQMy9MosRRNGoVJ1zosNinesxg1TzHG7,Cbm5gsQe3nSiCsFrvepVzMCD9xLK3ri9g3ypS2hdmVJ7,3923.4911849999953,3927.5031000000126,3922.949817925122,0.9998620190413723,0.39229498179251215,1.0,14399.541975,14474.065505,28871.62061739449
DFWzVTzNBrQZLjoQ4yQwkj9HuoXmfkuZP9V5vbymZe23,DhgiEgiNdqZdRdo195UUHnoEJUtefK8buko8nU97XJUZ,2K2kkXsouBHtWVjtcgkyiXd8eP3oVBvq1bTJzcVdLLr2,10753.794643309,12338.224988583977,8928.085420276484,0.8302265122601657,3.571234168110594,0.9999590186795374,61622.57089645,7348.949995791,58509.34093798064
SEQV6QiTpvTzrceiaYg9Avnwf7oc8ZALpnQMz6TyT4A,3dFMPj4r9mMmPHF32mz1gNDX7f8ftidWof7S8YiYTs1j,Fc1ED3YPeQfXQosHbd8DTaBd2AV5gHQtwiSAL5C5pUhi,18.326630199999954,18.373145999999906,18.04206055499413,0.9844723420563251,0.007216824221997653,0.9832899702456456,1287.190453619,4335.38151568,5530.140562103349
BerKDkt6v49dT1bHRedgnpsJS263C1DSJtEGvY9Mg35V,78XKqNb8wbfsMMrvo8WPUpdx7GEkfQutpNVH943aCGFa,DKYQwn4nDvFHCszi5tXbqfVMAP7DaXXp1KGTXEnYnKVH,0.016226991000621638,0.014180155000758532,0.01652163817673335,1.018157844304001,6.60865527069334e-06,0.999517504913888,1339.269355658,5107.748441634,6468.871578208973
HEDSDjj84KS7LKhZY7ejkCACTdPen62rKhCby1wXtgxc,EnnjMSFttpCTywBrYNt1J5QQeoSVkvzPipJDa8Y7kJow,6bjVT6JN2rSvpyn9PdfLYC8wJn4LWh49jpY47fnLDXZk,31.416509213999234,32.35378422399299,30.429871332217715,0.968594923291418,0.012171948532887087,0.9999590186795374,39153.672072755,9070.258844784,46993.93513148707
KZMu9QBEdL97EFgamLbN5DE1AoKBG4HdrKKJo4Vuon3,DD4ACBWyVqdaKWh7v5btsgqQCCMwbKnuL2xd9pv7Gyuw,GcYqiJ1MAuYbNTNYXm1F1gQYTfTgkErACAhNU5dpVj9T,270.13845378999895,269.6845822299997,270.9194142210149,1.0028909635783398,0.10836776568840595,1.0,2192.8993196,2497.43606523,4696.67497689393
RoBgmK8CvjdHvPrqdDyVw54VwjZv2TqJ493xnqJAQHx,ExiHJxM7qPAcy27NDHAF6G7vnW7muNHi2sVJpnaNynGQ,6rkPHSqZb7StM4HwS9EuVrmfkV7tRdc7dnsFhyB6cefE,1.7198379999999993,111.14325899999949,0.0,0.0,0.0,0.9383864819796953,6393.407888,16.952192,15.907707812724336
oKQqupM9E7SSLAFDLxr7mdsXP7znck9qRbVWc6Yyj7Q,CMR2J7CwfW98RpvnJmFBgRFTLAd3x8CJ1SWs8Bt3uunG,FmRb5jHfSNj1YWP3b45d9vvYuhwjp4om8bALmtqZpr1v,0.001117089999752352,0.001117089999752352,0.0011307802774164133,1.0122553041089761,4.5231211096656527e-07,1.0,2176.27630641,3719.60681038,5922.5540447502135
BUSDgu5JdqP1rndBvXvanbEufS94FNh1w5FJcAj6vawb,Bgzr8cWubt89JQFXndVjtdKmDbGzuPxNhvjH1EhWCwbo,Dxaf8xPBBQsasRKW5Aa4Sw2YrbfGofY9xZueyyF23FBW,7398.966903719993,7362.170985589998,7438.652636240018,1.0053636856383386,2.9754610544960074,1.0,5194.34853524,9799.90550611,15022.114893988994
MARpDPs5A7XiyCWPNH8GsMWPLxmwNn9SBmKvPa9LzgA,6YjT74rmcfCpw8LSjPNx5JTmZoYLGrTKnf9arfSgZ4SR,F8GSmi3vA8M8TsybLya1LQ4n1aFHCRbZ6k437PeTdXtg,92999.60234399996,99389.05770699901,86259.06057359734,0.9275207463202932,34.503624229438934,1.0,319931.5455,15235.550888,311978.69674156484
Lee1XZJfJ9Hm2K1qTyeCz1LXNc1YBZaKZszvNY4KCDw,9DgFSWkPDGijNKcLGbr3p5xoJbHsPgXUTr6QvGBJ5vGN,2hNHZg7XBhuhHVZ3JDEi4buq2fPQwuWBdQ9xkH7t1GQX,23373.995931648664,19978.502239932008,3703774.658160374,158.4570592461437,370.37746581603744,134.38813686034104,7243.163554895,56344.703302487,8719790.095317438
daob129AwBGn9Y5r91uLoWZeYiGzbPmksauMhFZKTze,6VW5GQNyj4LStgmxEHLr5zUfW92vQnmbw8jTnCH7a38F,4VPCCUifPeBA1c7HWK358CHn2nyjm8pdTRk6Ps3KmnMQ,69.43026899199963,62.38969387299997,10344.990460683248,148.99827713292152,4.137996184273299,134.3949639519108,49.506541443,222.433851021,37270.378771468575
