0,1,2,3,4,5,6,7,8,9,10,11
Sid7E679i9ABqptiAVhkmQ27YHN8vaYT4fppPwmxFsJ,GP7KB8o1bv527HG8kTzzzf4wJ5aEGHvcMQvVhLziUfmT,9gYxhAZ1M9wu5pxr8SBoa5NDm21gi3s9vMHaYTME77sa,734.9987729999957,1588.7518419999833,6.244545501466479,0.008495994457213217,0.0024978182005865918,0.018217702750233673,127408.392711,12062.0015,1302.2029561749735
SAMyS8Jr2HJrkFwYVKbpUwsNStnQmvz3f8Tup8bWUWF,6jPzm5TFfquvgm25sTyN3MMGBfufRaFHMxobDWv6hMFW,Cj9ECoDmxsHTDzCY5ZA6RWrPbg9uFzEC1Qc2kso2vJG6,827.8989687400062,92.29585352998873,801.7110919555016,0.9683682698332619,0.32068443678220065,0.018217702750233673,441.21821402,110894.46909375,2447.504193124382
ALLwa5WNZbvQsRKAqe1jdRGemdYQnW8E5k4msbRFcYtu,CGoM82Hbz7QVqTgvQatYtjvDWBvoUJp5qm21P8iMs9yb,3dxNNww8TivyN5FMy5dCNdi3Zcxv6e4kUfSPxfFwpdNq,3.3646814089999966,3.329137741999999,10483.833143266644,3115.8471988533684,4.193533257306657,3074.0854595757764,0.875406528,7.77204394,26619.56024526478
B2izdXFYb2sNwbWWHmh75T4aQFtfXsUxem9u2p61HGzf,4DYwgJtxwuJdAjkj5RJSNH4e7U329V5cNp7d3a1nLrZv,EXNW64GEf1ACC6xY9BtKRiunrs6GoJSXBdxWN2eTPmrF,16247.336649999997,16107.611473999987,16237.042365140498,0.9993664017013213,1.6237042365140497,1.0,11231.657446,28631.379362,39855.92044895087
ercAoEmXjQzEvAFbdjAo81KtMxRGn9AW1ju882upmPH,CMRhskR2Eg6V42RTSdRTXGdozyPbWB8U9dVpijPWb9T4,7TKLLgrWswt6ZJ1pXhVR3FyufHGjJFqiEXxvWJfDcgRm,30.93886615799994,30.149489998999996,4213.397782887114,136.18462167844007,1.6853591131548458,132.71528708904546,265.76148376,830.107190744,146360.54125682748
STK75uPSyBnEhGTTzb1nwmP3n427XoXmfRhXxxhyady,6TYyD5fUmDe6N65avW1Ny2RxzRNobw2RRgKwH9CTzSAU,54zDfk4cx2vGrEajPtodWpArNe5eUurytyxd4X3aZAxK,426.4528861839996,478.22308714799976,58111.77937813658,136.26775960677486,5.8111779378136585,153.21272529739738,1751.144291397,312.188031847,286455.68850137206
CZgvH45CRmoaNJ7395Ao5CQZXkGznvqU7cErD6n7FaRg,4ZjU6MKvtqVQKCiowhvZ5yUsPxXX5SCzd5eFsPeXyey5,BsyWeshjDbCvjDojry3vKDCesmFRM37WtwcR4Kfgzqr,118.30585964,110.83769839000001,121.94338697380942,1.030746806158869,0.048777354789523775,1.0,213.4433165,591.72915596,811.7351727383316
C98Sspw7XqnMsgxea3SLQVdbMDL8pKUc3RE82UvX9eq2,CSqgQJurPCzGxb4Cgwx5R61hWQUiaoUHcShNc8r1cKEL,6S2CR5EnukPhC914XkAns8m5GixjMAoUuZMsS5ubHuWc,19.205497000000264,19.133279000000016,0.0,0.0,0.0,1.0,877.839027,1241.865945,1241.865945
MATSnbbiTCv7Dc3trJrkrqjx7ckKdr6fwPoVwv9q3sD,631WX9JizSHJm4w6VanZeJAst9T8DeUUnPLesdGkCVtK,211maUSfpnXbPuW1iBu8b4dtJv5EbN1j7JJiEX5TZKEP,1508.973165000003,1507.970513999997,1509.2372815242697,1.0001750306303603,0.603694912609708,0.9987605381721283,21090.571481,24458.438834,45522.386509716904
ionytDfEj1mXodptgrsKEZro7DGsfpzANUfarJdm6Qb,3gkSjY95an9xNFSjCfsay6JZez7uv7yfW3Ad4ubc4fMK,9wXqANaSuEqkKL9yHzCPEDGHwbkStVAqV5rB3QDs3Jr6,0.0013536130000000035,0.005022058000000218,1.129236996505375,834.2391780408226,0.00045169479860215,3118.470701967755,3.152466539,0.084123933,2892.2491146913553
ALBpShJ9NLpE739pcHDF2LNVk5J4VYPvvKuV6jMPitZi,D6d156U1bPiJpDYRLextvDRccgFk7QzkQbJg42ceKEu5,GNcM8U5g8RwTZffwwm3kSQqUNPSwv5d2fbN9sLxPJqt2,37.17426499999419,37.0882369999963,37.079785706015265,0.9974584758036523,0.014831914282406109,0.9992745266936204,40649.847531,59755.546692,100258.73059788896
SBFjafzbDXgDRsA5SUypY8FXjJ9sBdb4JbuQq2PHQDG,46xwHtnXoQR3wCHUbm2eCAbPYWbioDQ59Te1Db8M5DDL,FC38fiikZwFvDt5zTjNtGfKd7LjaPz2uUAzLwKP5pRJY,0.004492453000011665,0.012115999999878113,0.013986214824559846,3.113269036876631,5.594485929823939e-06,1.1532216399734299,201.202784103,9539.492126813,11627.547152878153
heyk4SZTeCUV6a65WiVA5bzic3KcxgVf1qxobfeV4tQ,9ZDpBKPqMABtGfq66FbVribaArMvtk63xxy91onZAtDt,DaTP4s6N7xxSPinbNZ3FB52EpRDRt87QShTuN3VPCW52,86.93765567200205,75.18073021899943,13689.859117253018,157.4675439708433,5.475943646901208,136.22990813199914,620.926902993,4478.866594684,707931.4191290109
Lee1XZJfJ9Hm2K1qTyeCz1LXNc1YBZaKZszvNY4KCDw,9DgFSWkPDGijNKcLGbr3p5xoJbHsPgXUTr6QvGBJ5vGN,2hNHZg7XBhuhHVZ3JDEi4buq2fPQwuWBdQ9xkH7t1GQX,874.7889551148328,739.0495659909902,140831.59225339716,160.98922080573175,14.083159225339719,136.37184346912514,6922.892720577,54964.914542524,8610177.827094287
DFWzVTzNBrQZLjoQ4yQwkj9HuoXmfkuZP9V5vbymZe23,DhgiEgiNdqZdRdo195UUHnoEJUtefK8buko8nU97XJUZ,2K2kkXsouBHtWVjtcgkyiXd8eP3oVBvq1bTJzcVdLLr2,3155.6109854620026,3308.5189498619948,3037.900866427281,0.9626981527263608,1.2151603465709124,0.9998400185981441,52009.067061699,16171.534371415,66237.98001199515
KysFMBBoavfov2tLpvefWW6tPFt6rAeZWDJVy1mMQae,B8ka2V21TH3x64dFV8ETcjuQcwmrciJ2qzy1mJUttRew,7fSf7EYxBANyxzk2s5pymFgshA91tFYQNKKs5UnLWcYS,39.56655099998807,45.68448900001249,0.0,0.0,0.0,0.018217702750233673,134391.627494,2695.366501,49.10338571815541
AUSejoEUCh2DBs9mof6BNC8Pubs22w4cJa1ccV9h44R,4xkyD7AfGQDwsQMy9MosRRNGoVJ1zosNinesxg1TzHG7,Cbm5gsQe3nSiCsFrvepVzMCD9xLK3ri9g3ypS2hdmVJ7,125.28094000000056,125.2813010000009,125.2652818397706,0.9998750156230471,0.01252652818397706,1.0,14464.599636,14410.832529,28873.624316026624
NorjjEePhxfwLF4vZjUHCrVVKLzQjEEGQFd3wgjEJmh,34M8pFVqgbV7aqHxvRT5tCv3vu2P1JJYT8J3VaxBK2oG,3AZWBSze3ucsY3xSeuLne3b2pauVqiaJ1SZSV5T9WGWw,0.7586770000002616,1.2811369999990347,0.4493847796871339,0.5923268791422159,0.00017975391187485357,1.0,38125.651737,2257.559284,24840.407592640215
BSCuChvaSj9b5HUSqgDVRzcnr2sSn7cXaamt1jbKH6hn,GnKpRj5kBVPMJfiwZtEuD9GYApLzPdW5JFuZTcyX4BTc,3dmwD9okkomV9nDwyuh4UMhKdUR13QpuKxRo89ycZB5t,1439.7404037110002,1443.3259617440003,1439.1951315339304,0.9996212704903854,0.5756780526135722,0.9991087949549003,1508.143478356,1602.695305926,3108.839275699615
MATgk4zXLXtYkwBH678J1xZbRDZ45LicNzkRBHkxTuY,y8dALFo1bJrSzPYjMX14HJX448pXqYmrfXHD1K8MXih,GN7Yuet3UyiWS5YVkEHv6oQKi4HGBJc3XDPt9zQhAqZz,1118.5133870000009,1118.1156390000006,1118.990076772706,1.0004261815533417,0.44759603070908244,1.0,5016.989846,5054.89571,10074.023704525669
SoNcU2iwHMw6dGzsYNQkYFkUjwN1UdAjrWVRnStrZu2,8ivTTid27jZnYNc4w3CTA1Z6QS2twsFb8WMwUabeDJgc,CyXm53PMvHCbeXJBykU46Rcbo28xk5srhMZFg7gv6EYB,6.613614397999996,6.557663312999988,1067.8863301611345,161.46788516791528,0.42715453206445386,159.95610804395275,23.055285882,29.041315312,8368.024023093007
BUSDTd9WiT6uBHJRgNvFXBsA7JrifsAtWzKfioN7ERcy,DyBxrn7gSc1EwnpWhDyhzvMHPtxpmBqRqotapLcKcfTM,Cds99GeBgoCpqBsoRWu1C6fF9LiUMd4pXQQD24s9LPff,394.5011548,394.96559026999995,393.56026633566864,0.9976149918628037,0.03935602663356686,0.9997030881828097,149.52413624,113.83768676,262.97140696391966
moFiBS1R4Lf3E3zzmBPnw3NF4RhWPkhREFviuzUaCAU,44ALBrpqi9PfZkBRTvbtRNtFJGsatfY4QydjtMbFWq8S,2ho8qEEie1UjVwWNBo9y4oAJZMyMLx8zPj9bxyUz6uWs,311.0986894950038,311.13263974299844,311.0666633156154,0.9998970545988466,0.12442666532624617,0.9998400185981441,32756.946290973,34357.045740808,67105.12336646327
Cob4usZcpHEY7Qt4ZCwj6WVg9S44zvzYV2v9qYF65dTf,NhFM9UXE48PyNAyeyPYA3iXztqKVJwA4bTdLj4ysM8w,6TuFuynuBoeskxyR2cz4wxyidk8dpDK7kAWw3UkjQGx,177.0967060000032,1165.6329160000207,1.5066744665816167,0.008507636875987911,0.0006026697866326467,1.0,71791.663742,180.623162,791.4005678399635
BUSDgu5JdqP1rndBvXvanbEufS94FNh1w5FJcAj6vawb,Bgzr8cWubt89JQFXndVjtdKmDbGzuPxNhvjH1EhWCwbo,Dxaf8xPBBQsasRKW5Aa4Sw2YrbfGofY9xZueyyF23FBW,1334.5739002799983,1328.4118693699966,1340.9616380911273,1.0047863500176264,0.5363846552364508,1.0,5407.92526058,9629.95436505,15063.7638487963
BSC8REUo9LpiiWUuqMuLXs2D2yJsJfGd4HdiF3wCLxk5,AZjEH1zWVx1UJ6udMyRijGTzPteuLnaY18yNNmprJEsh,Caf8ypkSVR8xYnXNhjvfvdGCC7mrM3C11rz8Xi6NA6aK,4236.968154378999,4245.677302927999,4235.283333257329,0.9996023521866859,1.6941133333029317,0.9998400185981441,3113.265702735,3239.078492364,6350.588019482112
RajgMbScQbqqrdJfR2rxfHJiTiY5b6bJ2tTXiF4aPxy,725ZA3fhyBAKb5iopNRrcbSuQa3LXA1656Q3mBvYPxeg,GLA6i1dSZpUfk2f9Nj8uiG7xyDdAR2reff8oEiZH3617,415.60095226998965,415.6015870100091,415.931938428633,1.0007964037542154,0.1663727753714532,1.0,77758.0286296,103646.55826076,181466.513676281
JSoLLrxK5bYdHwTEWYaGgmeycBCNXKDiBCTw5hXGBg7,xG4wXczA7Dk4hccJ61CHKpDHW4NrNfQwgmWgkb9BuF2,BVR6WgfhsRr9Lob4QDnkEAiNGgAbv7ZieKcY9kSg3QYR,2.11141535000003,1.8017788119999913,336.98754572417715,159.60267870751835,0.13479501828967086,136.32659271039898,17.161267929,163.772811864,25065.573751506152
DEDaBEWzMCXohXYXoLzB4jK1xqMsd3SS9izXp2xvg9pe,GC5zHpW5GuVdw3C7covC6viyGdLS8ZAaVGDKMeru7p78,F8juxtAFueW19vxkdDArUkjVWAv9QV6yy1wCXUWQiXvh,0.014264970000006372,1209.6575513705611,0.014264970000006372,1.0,5.705988000002549e-06,0.0,47.63056105,8516710.54068435,47.63056105
wrmcMSHFi3sWpAEy4rGDvQb3ezh3PhXoV2xNjgLBkKU,8p4mGnARWPBu6P2Gcw4adodLkNDorrXniZMhaY7eJXUn,AyY89zccbsgp9LKFgH4CFZMJmpSgqmPSdTfukhP227rc,0.008833700000000291,0.042668149999996324,2.516300678803361,284.85240372700883,0.0010065202715213444,3118.567953595709,27.14272764,0.0899754,8012.265611013478
HDSBGqAuMRr6X2AfmmbXQPpRgU6VEhtfNVVZ3wUTZXg,DCZ1d8kNLgDcdSd99y4udLgwq46mfDXNS9KXj96kQf5L,Fq8GGYQM5Pz3q7LmVMbrXHJgsxA5ev86kTq8yGgGuYsa,4.795351347998803,4.817760711999654,4.773229220522639,0.9953867556575606,0.0019092916882090557,0.9998400185981441,13512.925980379,12889.765322318,26338.290750642358
KwnjUuZhTMTSGAaavkLEmSyfobY16JNH4poL9oeeEvE,J63v6qEZmQpDqCD8bd4PXu2Pq5ZbyXrFcSa3Xt1HdAPQ,BnKQtTdLw9qPCDgZkWX3sURkBAoKCUYL1yahh6Mw7mRK,234.65548099999978,13028.344722000242,4.267439060247663,0.018185976488005694,0.0004267439060247663,1.0,279687.094113,532.866262,5619.249179537654
BSCNHw8CmxbZ8hCWWzMf5FaG2ajPT6JxfznKUNuRVrn4,7n9kgNL633yGzCYksgnzHyjG73ZLBAwvEae5sbAekbzW,SscdxE99omdG9AiMVwmaEMQySQnCgeAh1sPj2Leutm2,831.9239623000003,829.7564876699998,835.2779717140176,1.004031629771481,0.334111188685607,0.9998400185981441,4380.741290524,7317.818485661,11715.050588333168
daob129AwBGn9Y5r91uLoWZeYiGzbPmksauMhFZKTze,6VW5GQNyj4LStgmxEHLr5zUfW92vQnmbw8jTnCH7a38F,4VPCCUifPeBA1c7HWK358CHn2nyjm8pdTRk6Ps3KmnMQ,27.70149641699996,24.79976688200002,4211.874810532883,152.04502843926235,1.6847499242131532,136.39812648989377,48.780323523,223.463423136,37896.79793209973
C2ypsDADXcCRz8HbV2zX1AXPSja7a1P3xZtRC91xGhJh,J9bYNuDpY1d1T86gLaw7DGk5D3CsUAf2tzUwxMvb6FTv,A2NGvvPrMGzsJ4jb52KEnSBVmsA7C34dV1GC7PerdgvG,0.0009957959999999932,0.001000000000000112,0.13582802504330654,136.40145676755827,5.4331210017322616e-05,136.8833388474505,1.310430181,0.909015869,303.17371289461175
parEAJhzYzHW87y9VoZAQ22dzQ2MD2ekEtTReaxbMcz,3oyc6hpjYSJEquK6dSvG72NXyz3pqLZz5D8AC71pwgQb,Di2vordgFJVZ1aj1aBpvzXtLfZgJsuLLXawGtVFwX6Rz,8.360236291000007,9.888666360000116,1115.4592127722349,133.42436432963663,0.446183685108894,157.51653135996622,1103.195281823,139.975618035,169241.60303652883
KEN5P7p3asnb23Sw6yAmJRGvijfAzso3RqfyLAQhznt,9zj4aX38Uxf3h6AUjS4EipWS8mwbEofasHAf3a1uKGds,CwQDG1MWunn9cLNwcZLd8YBacweSR7ARo32w4mLua1Yr,746267.8520310028,745844.0139029993,745942.6210482256,0.9995641900131541,74.59426210482256,1.0,1102754.257397,1126562.757938,2228836.4240165893
FrnkTEL6yZ5Aycq2TrEgu29dCrwKG4LPUZydfiwqspkc,DjvZuMZ46fxKBoBpGMPcRcos4xdTtHFxwMh69DpA2ZFY,9rvDPJLAng4uVVqnnSoEXgNDFhBZQTny9AoQioYDZbQX,47.83560580300082,39.974948770999845,7787.182949679632,162.7905159547729,3.114873179871853,136.40713163765628,174.684681657,1441.479960101,225065.1561268789
MARpDPs5A7XiyCWPNH8GsMWPLxmwNn9SBmKvPa9LzgA,6YjT74rmcfCpw8LSjPNx5JTmZoYLGrTKnf9arfSgZ4SR,F8GSmi3vA8M8TsybLya1LQ4n1aFHCRbZ6k437PeTdXtg,30541.557506999925,31947.03917899981,29187.798236970975,0.955674845013432,11.67511929478839,1.0,295346.6385,16596.256713,298851.60968672566
Lid8SLUxQ9RmF7XMqUA8c24RitTwzja8VSKngJxRcUa,4PgzyzLtds9bKZ2to9PMnKqJzKEUpjvNUaeN23phegax,AtymwxoVN9peZo7EXTcDz9jKVc4vRmisJKKrNfe3ewBa,159.9030834990017,135.55095767500075,25671.043797424165,160.54126809621175,2.5671043797424167,136.40181027026517,979.165710407,7683.52378386,1205243.0581982094
BSCrK1Nx9PXU9mF7STWWBqeHLxmtJDr9h7jheEy4tAWX,FfSySSbVJPvEo5a5AvrP3nySoXpRE2QPn1uUMpJJ1x7v,HL7Vcj6838ZmvBHDbQxXfjBNckNi83WvPiZQoMQLFeRM,0.04885150999999999,0.048791559999999734,152.56752114329967,3123.087109145648,0.06102700845731987,3110.516656816697,0.829667883,0.974601882,5622.6404579953605
vEnkoSUkpnbRrPgBz9DfcVxNz67zjwMYBZraAvDDNSf,DtfyjjsZ5yCjWKLKHvwsfXs5QVsmm1QkK6Sh9JZHoq1g,e5wrKCRv4GhHvEf1VD5Pq2KGaZDXP77nTL612Jyrxwy,2106.052459,2105.991663999999,2097.237768658329,0.9958145912728801,0.2097237768658329,0.9983596950210804,932.550205,1013.12093,1940.106203927789
YAkoNb6HKmSxQN9L8hiBE5tPJRsniSSMzND1boHmZxe,CfWX7o2TswwbxusJ4hCaPobu2jLCb1hfXuXJQjVq3jQF,EnTrdMMpdhugeH6Ban6gYZWXughWxKtVGfCwFn78ZmY3,6014182.270367984,6012747.649957988,6014182.270367984,1.0,601.4182270367984,0.9988064263205468,350665.066555,1052318.360988,1401727.4080449194
GokA1R67GqSavkd15zR62QD68Tuc5AEfvjssntVDEbM8,3YB7hfpBdbQEuZqLGWVDpRPmeZWCUsrrWyqGXegnQ6Cg,4DPCj6Z1DsG6HUtwSogBGqXEUxdEV5a8YVrrFtcnz7UW,12506.270488999995,12506.69238900001,12506.820789114716,1.0000440019360852,1.2506820789114717,1.0,17183.03684,15405.88215,32589.675076888787
AURHmCnNwiW4uA2Qj1XvEh4iKgRUZYXtiY7FKAapUV5Y,BKWm4TRnTeKwfWXRyuzjRHU7iZDkPuXBX5b5V5jSVfGJ,A5Ww74HVrkj9nPeC7pHKLfgeDMEhBCpW1efQdz3TGLEg,0.019111539000221,0.017160477000004448,2.918380345385788,152.7025293646964,0.0011673521381543152,136.58293267868223,289.857570676,1809.534981368,291413.5787376375
HEDSDjj84KS7LKhZY7ejkCACTdPen62rKhCby1wXtgxc,EnnjMSFttpCTywBrYNt1J5QQeoSVkvzPipJDa8Y7kJow,6bjVT6JN2rSvpyn9PdfLYC8wJn4LWh49jpY47fnLDXZk,17.87486726500174,18.455267746016034,17.3054710782258,0.9681454313291158,0.006922188431290321,0.9998400185981441,39127.505642047,9095.698948558,46975.35963254135
KZMu9QBEdL97EFgamLbN5DE1AoKBG4HdrKKJo4Vuon3,DD4ACBWyVqdaKWh7v5btsgqQCCMwbKnuL2xd9pv7Gyuw,GcYqiJ1MAuYbNTNYXm1F1gQYTfTgkErACAhNU5dpVj9T,24.88585018999993,25.698632509999698,24.09866769181998,0.9683682698332619,0.009639467076727993,1.0,2382.48882704,814.43855211,3121.5651354478023
WiiQFxXqp8P9Fs1rt9SVcDyA3KUdJmUsog6wnVQAwba,3S2jpqSYxho6wiz3cafhjXruVY8cg4HYa2v3BqBHYFSj,Dfe67M6TfrG74gKRtdqys4e6E9QirPD53BkF4FujFjuv,4127.171806792001,4129.595371611,4123.158291525764,0.9990275386017049,0.4123158291525764,0.9998400185981441,18108.686879052,8692.603931526,26782.290156651565
BUSD5rCfUDpCxKGMvYU2yThChxgHoioK74PTPociGnv2,CcFHbafgYDZ8yA8Me1PdtDiVb2eeaS61LbqyKKK5CsNZ,26R9s4nmF3CFDTkiePDwRmtscn8i7r2eygbSijditJ58,0.014302810000003774,0.014264969999999266,0.014283677727871178,0.9986623417263747,1.428367772787118e-06,1.0,88.13653049,59.67351798,147.69215191078143
BkMBnJpvHKtWhUvrgRrLesXfi9RUV3ELgdBaJcdH7hcY,5uerVwBnZQsuVhZ15igs7ZgmcqhHnYWbwoRtLyRqLvR,9YWiQh5d4jCtgMdzcGLv9bWgnLaFtzvDDh2nnhJdzhBX,0.0011656949998268828,0.0011656949998268828,0.0011697767650611561,1.0035015722250498,4.6791070602446245e-07,0.9998400185981441,1117.771749621,1755.685129735,2877.0899609001453
SoN9GaFpSXfpyR5dth3x7PHPVhvJMpQqqDJfCSmPv1t,9kZ9iS68ViMPtoeqtnhAKuF2iqVyfHPdZHoUNdwCELr,BBhm5fJLjw3HRzjtKB8uMEYjGhY6EDm9co3cqpjrSzB9,0.5353563279999984,0.5259102689999993,87.29083148120012,163.05183466739626,0.034916332592480046,159.7554591236103,2.392417968,3.762250123,991.1281347113685
RoBgmK8CvjdHvPrqdDyVw54VwjZv2TqJ493xnqJAQHx,ExiHJxM7qPAcy27NDHAF6G7vnW7muNHi2sVJpnaNynGQ,6rkPHSqZb7StM4HwS9EuVrmfkV7tRdc7dnsFhyB6cefE,0.7216699999999996,48.49398399999973,0.0,0.0,0.0,0.9569854193701505,6388.174652,17.027765,16.29532282946137
