0,1,2,3,4,5,6,7,8,9,10,11
KysFMBBoavfov2tLpvefWW6tPFt6rAeZWDJVy1mMQae,B8ka2V21TH3x64dFV8ETcjuQcwmrciJ2qzy1mJUttRew,7fSf7EYxBANyxzk2s5pymFgshA91tFYQNKKs5UnLWcYS,30.911368000000948,23.302001999999902,0.0,0.0,0.0,0.018991627389132484,134440.121478,2658.609445,50.49131995266831
BSCrK1Nx9PXU9mF7STWWBqeHLxmtJDr9h7jheEy4tAWX,FfSySSbVJPvEo5a5AvrP3nySoXpRE2QPn1uUMpJJ1x7v,HL7Vcj6838ZmvBHDbQxXfjBNckNi83WvPiZQoMQLFeRM,0.011452259999999881,0.011442457999999212,35.90038902699327,3134.786411327864,0.014360155610797306,3129.106952875649,0.844793556,0.959434272,5650.419811068531
HDSBGqAuMRr6X2AfmmbXQPpRgU6VEhtfNVVZ3wUTZXg,DCZ1d8kNLgDcdSd99y4udLgwq46mfDXNS9KXj96kQf5L,Fq8GGYQM5Pz3q7LmVMbrXHJgsxA5ev86kTq8yGgGuYsa,49.90339886400034,50.12995326999953,49.637532200255556,0.9946723736299137,0.019855012880102222,0.9973799417384697,13657.936475477,13002.936049336,26554.03969226507
SoNcU2iwHMw6dGzsYNQkYFkUjwN1UdAjrWVRnStrZu2,8ivTTid27jZnYNc4w3CTA1Z6QS2twsFb8WMwUabeDJgc,CyXm53PMvHCbeXJBykU46Rcbo28xk5srhMZFg7gv6EYB,7.271287278000003,7.210676749000015,1255.1768654029204,172.62099782532067,0.5020707461611682,171.0113818335293,22.615302335,26.277494967,8397.626780619285
iLiUBQ7Z7im6Ew3b4ewwPcehzWgEQRJ1iQz7g6D62NW,GpugBvKWM3TVhYcZjemSdtehBWgfvuGr6uAm9iPjXT6v,92fMXJ3xy8tEyMUWLHKRLyhPw2nECBo77GtDiBBbYrjX,146.69688741599998,148.9615488359998,144.15092916619523,0.9826447698062947,0.05766037166647809,0.9997208789303236,1793.545435234,1168.686216524,2930.7780529197726
Lid8SLUxQ9RmF7XMqUA8c24RitTwzja8VSKngJxRcUa,4PgzyzLtds9bKZ2to9PMnKqJzKEUpjvNUaeN23phegax,AtymwxoVN9peZo7EXTcDz9jKVc4vRmisJKKrNfe3ewBa,250.9947338879972,212.9517759760014,43289.25449993432,172.47076792954363,4.328925449993433,146.19564573812647,981.003393579,7684.184554187,1292588.7315023644
KEN5P7p3asnb23Sw6yAmJRGvijfAzso3RqfyLAQhznt,9zj4aX38Uxf3h6AUjS4EipWS8mwbEofasHAf3a1uKGds,CwQDG1MWunn9cLNwcZLd8YBacweSR7ARo32w4mLua1Yr,173894.71071799938,173911.79002800002,173750.84501832418,0.999172685016806,17.37508450183242,1.0,1131439.329677,1096578.385681,2227081.6586479833
AUSejoEUCh2DBs9mof6BNC8Pubs22w4cJa1ccV9h44R,4xkyD7AfGQDwsQMy9MosRRNGoVJ1zosNinesxg1TzHG7,Cbm5gsQe3nSiCsFrvepVzMCD9xLK3ri9g3ypS2hdmVJ7,31.800867999998445,31.80137100000138,31.80477998793696,1.000123015130861,0.0031804779987936963,1.0,14421.720743,14453.639054,28877.13388686444
JSoLLrxK5bYdHwTEWYaGgmeycBCNXKDiBCTw5hXGBg7,xG4wXczA7Dk4hccJ61CHKpDHW4NrNfQwgmWgkb9BuF2,BVR6WgfhsRr9Lob4QDnkEAiNGgAbv7ZieKcY9kSg3QYR,2.725961614999921,2.3265322420000203,467.23652528133505,171.4024594881717,0.18689461011253403,146.23333634574007,17.027839896,163.926882657,26890.188605634958
KwnjUuZhTMTSGAaavkLEmSyfobY16JNH4poL9oeeEvE,J63v6qEZmQpDqCD8bd4PXu2Pq5ZbyXrFcSa3Xt1HdAPQ,BnKQtTdLw9qPCDgZkWX3sURkBAoKCUYL1yahh6Mw7mRK,122.89511599999992,6233.422689000145,2.3201952515288817,0.018879474848527613,0.0002320195251528882,1.0,278884.243858,547.782432,5812.970499567752
C98Sspw7XqnMsgxea3SLQVdbMDL8pKUc3RE82UvX9eq2,CSqgQJurPCzGxb4Cgwx5R61hWQUiaoUHcShNc8r1cKEL,6S2CR5EnukPhC914XkAns8m5GixjMAoUuZMsS5ubHuWc,89.32074200000011,89.0195259999997,0.0,0.0,0.0,1.0,889.848756,1229.790647,1229.790647
STK75uPSyBnEhGTTzb1nwmP3n427XoXmfRhXxxhyady,6TYyD5fUmDe6N65avW1Ny2RxzRNobw2RRgKwH9CTzSAU,54zDfk4cx2vGrEajPtodWpArNe5eUurytyxd4X3aZAxK,519.4519953879999,584.4828920170107,75799.03437960744,145.92115354757672,7.579903437960745,164.1322998250678,1694.767929191,301.632344052,296810.1015538694
C2ypsDADXcCRz8HbV2zX1AXPSja7a1P3xZtRC91xGhJh,J9bYNuDpY1d1T86gLaw7DGk5D3CsUAf2tzUwxMvb6FTv,A2NGvvPrMGzsJ4jb52KEnSBVmsA7C34dV1GC7PerdgvG,0.1308034680000001,0.13015798699999992,19.141470447406853,146.33763722080243,0.007656588178962742,146.546406777361,1.309424137,0.910011665,324.97697395970187
YAkoNb6HKmSxQN9L8hiBE5tPJRsniSSMzND1boHmZxe,CfWX7o2TswwbxusJ4hCaPobu2jLCb1hfXuXJQjVq3jQF,EnTrdMMpdhugeH6Ban6gYZWXughWxKtVGfCwFn78ZmY3,7838215.936232966,7835805.661782008,7838215.936232966,1.0,783.8215936232966,0.999555197936918,422244.334667,976778.676583,1398588.5380794816
Cob4usZcpHEY7Qt4ZCwj6WVg9S44zvzYV2v9qYF65dTf,NhFM9UXE48PyNAyeyPYA3iXztqKVJwA4bTdLj4ysM8w,6TuFuynuBoeskxyR2cz4wxyidk8dpDK7kAWw3UkjQGx,14.205228999999974,1584.8933959999995,0.1255549152746019,0.008838640705799402,5.022196610984076e-05,1.0,71207.780402,185.665051,815.045037430742
DA1mL7dfBow33EH5yjUuZE6SH2KeUK5zEXzsyhE5r5j5,B4UtLRZND3D83CitRCBUyeiNr7H8m7YFRqBmiPmXjhW4,AAmpYbuixWiSqDaJBCqYEs1pb5SrbdPr9mgXrB58Q2e,56.658251654000026,69.5722639999999,75.00502679449951,1.323814706682786,0.03000201071779981,0.9997208859264164,134.965989112,3011.768300527,3189.5976348964045
ZUCKWFa4LTL833dPhhpeeRWZcaAEoMeYJPi2iKn4F8N,7eEYpq6ShaJ9opZWMxitRFrdCHh6vfyHhGfoSvFht3N2,H8VggnHmuwd1wvwpT8eg9cUJFEfZ7HAaeYjgXrSm7A2u,30.221393586999966,30.204903682999884,30.249047780714907,1.0009150535575182,0.012099619112285964,0.999706925917598,1847.216828812,1999.935737195,3848.2567390066706
moFiBS1R4Lf3E3zzmBPnw3NF4RhWPkhREFviuzUaCAU,44ALBrpqi9PfZkBRTvbtRNtFJGsatfY4QydjtMbFWq8S,2ho8qEEie1UjVwWNBo9y4oAJZMyMLx8zPj9bxyUz6uWs,0.0011818190032499842,0.0011818190032499842,0.001181792906899014,0.9999779184876039,4.7271716275960564e-07,0.9997208869258584,32316.691115047,34797.257099183,67103.52224341389
WiiQFxXqp8P9Fs1rt9SVcDyA3KUdJmUsog6wnVQAwba,3S2jpqSYxho6wiz3cafhjXruVY8cg4HYa2v3BqBHYFSj,Dfe67M6TfrG74gKRtdqys4e6E9QirPD53BkF4FujFjuv,1198.2750550809978,1198.6672451649993,1197.6640476044877,0.9994900941366347,0.11976640476044877,0.9978069251482514,15510.421555198,11288.370611208,26766.12706980708
7oAd7xG4m3oC2qeWB1szghTebAZyyGPAFDJ4wwwbRSNi,D9yh4KAysxt9GLacVe4Wwh2XqghhcjTCSTV9HuM7TBJd,HDYfJLpZKaMFb84jM4mRytn7XLR8UFZUnQpSfhJJaNEy,9201.653948489053,246.44847391400003,9194.389222510226,0.9992104978062103,3.677755689004091,0.030786697483637736,1137.590467845,293194.468445372,10163.181741578639
B2izdXFYb2sNwbWWHmh75T4aQFtfXsUxem9u2p61HGzf,4DYwgJtxwuJdAjkj5RJSNH4e7U329V5cNp7d3a1nLrZv,EXNW64GEf1ACC6xY9BtKRiunrs6GoJSXBdxWN2eTPmrF,6163.218182000033,6086.351953000012,6111.411744640714,0.991594255496159,0.6111411744640713,1.0,10042.810109,29829.97403,39788.366843123156
BUSDTd9WiT6uBHJRgNvFXBsA7JrifsAtWzKfioN7ERcy,DyBxrn7gSc1EwnpWhDyhzvMHPtxpmBqRqotapLcKcfTM,Cds99GeBgoCpqBsoRWu1C6fF9LiUMd4pXQQD24s9LPff,858.9222299999998,861.5539537299996,859.7759961619486,1.0009939970490096,0.08597759961619485,0.9995821746509959,116.96442709,146.27606636,263.2956378968887
BkMBnJpvHKtWhUvrgRrLesXfi9RUV3ELgdBaJcdH7hcY,5uerVwBnZQsuVhZ15igs7ZgmcqhHnYWbwoRtLyRqLvR,9YWiQh5d4jCtgMdzcGLv9bWgnLaFtzvDDh2nnhJdzhBX,0.002372476999880746,3.245699986109685e-05,0.0023805007132041713,1.0033819983602912,9.522002852816685e-07,0.9980273131851406,1117.771749621,1755.682809946,2873.771449461142
RoBgmK8CvjdHvPrqdDyVw54VwjZv2TqJ493xnqJAQHx,ExiHJxM7qPAcy27NDHAF6G7vnW7muNHi2sVJpnaNynGQ,6rkPHSqZb7StM4HwS9EuVrmfkV7tRdc7dnsFhyB6cefE,0.4872980000000027,30.91136800000004,0.0,0.0,0.0,0.9499427659483517,6339.680668,17.749435,16.860947377920482
Sid7E679i9ABqptiAVhkmQ27YHN8vaYT4fppPwmxFsJ,GP7KB8o1bv527HG8kTzzzf4wJ5aEGHvcMQvVhLziUfmT,9gYxhAZ1M9wu5pxr8SBoa5NDm21gi3s9vMHaYTME77sa,825.5814170000067,1504.8886160000056,7.301804755605558,0.008844439331179252,0.002920721902242223,0.01905309617766692,127677.863389,11935.947522,1356.6558727868542
DEDaBEWzMCXohXYXoLzB4jK1xqMsd3SS9izXp2xvg9pe,GC5zHpW5GuVdw3C7covC6viyGdLS8ZAaVGDKMeru7p78,F8juxtAFueW19vxkdDArUkjVWAv9QV6yy1wCXUWQiXvh,0.022004559999999174,1909.177004730329,0.022004559999999174,1.0,8.80182399999967e-06,0.0,46.89429215,8576762.77359505,46.89429215
MARpDPs5A7XiyCWPNH8GsMWPLxmwNn9SBmKvPa9LzgA,6YjT74rmcfCpw8LSjPNx5JTmZoYLGrTKnf9arfSgZ4SR,F8GSmi3vA8M8TsybLya1LQ4n1aFHCRbZ6k437PeTdXtg,39429.26070599997,41487.68454900093,37310.57945182792,0.9462662698656774,14.92423178073117,1.0,296111.793967,15839.026635,296039.6293753871
NorjjEePhxfwLF4vZjUHCrVVKLzQjEEGQFd3wgjEJmh,34M8pFVqgbV7aqHxvRT5tCv3vu2P1JJYT8J3VaxBK2oG,3AZWBSze3ucsY3xSeuLne3b2pauVqiaJ1SZSV5T9WGWw,0.001213000000007014,0.001213000000007014,0.0007186810869011716,0.5924823469884715,2.874724347604686e-07,1.0,38124.371737,2258.309846,24846.32709019871
BUSDgu5JdqP1rndBvXvanbEufS94FNh1w5FJcAj6vawb,Bgzr8cWubt89JQFXndVjtdKmDbGzuPxNhvjH1EhWCwbo,Dxaf8xPBBQsasRKW5Aa4Sw2YrbfGofY9xZueyyF23FBW,3727.186824260005,3706.525063870001,3747.6523791372356,1.0054908851748514,1.4990609516548943,1.0,4937.23654485,10099.32881315,15063.675156948852
SUiuyGR7SFq3xeRVJonq84fjjeFwRSsFekcevJ53tzy,49GjCCPsv7fBqo6t3iKDrP1xxGDS8uWZbVCdfnp2gjMf,CEwj5xEbbJEjYqM8D6Ai8ByGz1mrh8mkAVsE5fzDSSSx,0.036308999999999925,3.8564310000000432,0.0003212675792887388,0.008848152779992274,1.2850703171549551e-07,0.9510277757172176,638.204871,1.729192,7.291443825091267
SAMyS8Jr2HJrkFwYVKbpUwsNStnQmvz3f8Tup8bWUWF,6jPzm5TFfquvgm25sTyN3MMGBfufRaFHMxobDWv6hMFW,Cj9ECoDmxsHTDzCY5ZA6RWrPbg9uFzEC1Qc2kso2vJG6,841.8373305400057,94.3206379800045,818.7555472799718,0.9725816586854994,0.3275022189119887,0.0190888382122654,454.10241894,110224.75322593,2545.714165142419
AURHmCnNwiW4uA2Qj1XvEh4iKgRUZYXtiY7FKAapUV5Y,BKWm4TRnTeKwfWXRyuzjRHU7iZDkPuXBX5b5V5jSVfGJ,A5Ww74HVrkj9nPeC7pHKLfgeDMEhBCpW1efQdz3TGLEg,0.011424465000175132,0.01018853500016803,1.8662526033074536,163.35579856727162,0.0007465010413229815,145.85860029711395,289.896562181,1809.491231333,311286.14266911655
BSCNHw8CmxbZ8hCWWzMf5FaG2ajPT6JxfznKUNuRVrn4,7n9kgNL633yGzCYksgnzHyjG73ZLBAwvEae5sbAekbzW,SscdxE99omdG9AiMVwmaEMQySQnCgeAh1sPj2Leutm2,301.6628463650004,300.4121497719998,302.8919494865783,1.0040744265871269,0.12115677979463134,0.9980273131851406,4331.95408274,7366.440062098,11701.512694543977
CZgvH45CRmoaNJ7395Ao5CQZXkGznvqU7cErD6n7FaRg,4ZjU6MKvtqVQKCiowhvZ5yUsPxXX5SCzd5eFsPeXyey5,BsyWeshjDbCvjDojry3vKDCesmFRM37WtwcR4Kfgzqr,107.51808921000001,114.61406699999998,122.2495152058837,1.1370134654003277,0.04889980608235348,1.0,105.95368586,706.2171066,826.6878741316162
BSCuChvaSj9b5HUSqgDVRzcnr2sSn7cXaamt1jbKH6hn,GnKpRj5kBVPMJfiwZtEuD9GYApLzPdW5JFuZTcyX4BTc,3dmwD9okkomV9nDwyuh4UMhKdUR13QpuKxRo89ycZB5t,741.610018158,740.5008041299998,741.2570708274966,0.9995240796080668,0.29650282833099867,0.9993314472617818,1562.561017345,1547.690517056,3108.4731670161136
wrmcMSHFi3sWpAEy4rGDvQb3ezh3PhXoV2xNjgLBkKU,8p4mGnARWPBu6P2Gcw4adodLkNDorrXniZMhaY7eJXUn,AyY89zccbsgp9LKFgH4CFZMJmpSgqmPSdTfukhP227rc,0.008834609999999216,0.053391830000000265,2.6285659030048247,297.53049687592977,0.00105142636120193,3133.6174479819506,27.11898893,0.09217869,8357.57900243186
Lee1XZJfJ9Hm2K1qTyeCz1LXNc1YBZaKZszvNY4KCDw,9DgFSWkPDGijNKcLGbr3p5xoJbHsPgXUTr6QvGBJ5vGN,2hNHZg7XBhuhHVZ3JDEi4buq2fPQwuWBdQ9xkH7t1GQX,1755.4621581559413,1484.2567689720045,303493.7470219959,172.88538269648984,30.349374702199594,146.06122536020158,6933.975732239,54967.282751455,9227371.721474502
BUSD5rCfUDpCxKGMvYU2yThChxgHoioK74PTPociGnv2,CcFHbafgYDZ8yA8Me1PdtDiVb2eeaS61LbqyKKK5CsNZ,26R9s4nmF3CFDTkiePDwRmtscn8i7r2eygbSijditJ58,93.63773461,93.64793999,93.41828851100745,0.99765643519777,0.009341828851100744,1.0,88.00659074,59.79372888,147.59407047157748
ALLwa5WNZbvQsRKAqe1jdRGemdYQnW8E5k4msbRFcYtu,CGoM82Hbz7QVqTgvQatYtjvDWBvoUJp5qm21P8iMs9yb,3dxNNww8TivyN5FMy5dCNdi3Zcxv6e4kUfSPxfFwpdNq,3.2850258280000073,3.277756411999999,10277.267638593441,3128.5195845325993,4.110907055437377,3127.3552894523687,2.097756521,6.538843468,27012.15906608034
SERgf3DMJpQxUifu7VoFKmfne73d2fDJxSrxUMrcNJB,AJfM2GZ2tTB8UtN2krcyR9xufRJEx2mhSCbJyMgPo3GU,F4yRYkufQvERZcEKnKjJwRLU1btiMBUuEwq46hfm11QD,3.152699999731112e-05,3.150999999945725e-05,0.004594313263660292,145.72630646912592,1.837725305464117e-06,146.0969897007466,29.284858487,27.959836984,8352.422278667547
FrnkTEL6yZ5Aycq2TrEgu29dCrwKG4LPUZydfiwqspkc,DjvZuMZ46fxKBoBpGMPcRcos4xdTtHFxwMh69DpA2ZFY,9rvDPJLAng4uVVqnnSoEXgNDFhBZQTny9AoQioYDZbQX,61.10177835899623,51.11851849900026,10660.770267784514,174.47561354349503,4.264308107113806,146.1443040549783,174.876552276,1441.220146837,241137.80910223318
YakoMPuYrybnr9R7VC7hVGxMz94fJvPFCdZ4gmW61Ed,,,0.3507670000000003,0.35165199999999985,0.0,0.0,0.0,146.1443040549783,174.876552276,1441.220146837,210626.115349507
RajgMbScQbqqrdJfR2rxfHJiTiY5b6bJ2tTXiF4aPxy,725ZA3fhyBAKb5iopNRrcbSuQa3LXA1656Q3mBvYPxeg,GLA6i1dSZpUfk2f9Nj8uiG7xyDdAR2reff8oEiZH3617,28228.233549630022,28210.68169739,28242.78903581541,1.000515635743193,11.297115614326165,1.0,78607.57462478,102796.22927123,181444.33677117224
MATSnbbiTCv7Dc3trJrkrqjx7ckKdr6fwPoVwv9q3sD,631WX9JizSHJm4w6VanZeJAst9T8DeUUnPLesdGkCVtK,211maUSfpnXbPuW1iBu8b4dtJv5EbN1j7JJiEX5TZKEP,476.4630880000004,476.3397619999996,476.5479135286085,1.0001780316896407,0.19061916541144341,0.9966959529160833,22006.779062,23541.045965,45473.96220678695
BSC8REUo9LpiiWUuqMuLXs2D2yJsJfGd4HdiF3wCLxk5,AZjEH1zWVx1UJ6udMyRijGTzPteuLnaY18yNNmprJEsh,Caf8ypkSVR8xYnXNhjvfvdGCC7mrM3C11rz8Xi6NA6aK,938.1080875610005,937.2166561620002,939.0359536820134,1.000989082317183,0.3756143814728054,0.9997219133536939,2969.542450654,3381.0886416,6352.627978580859
MNkYtBe2HtgL15osfaMmyqNW3vo4J399FXXCS4a39Wf,2mUxDu8NrhSKhQJMgKfYLxJqZzeEbmwhQdHeHMyohyuk,AZCBmDBcFsA2jHHhfFJBTsWCHx9XnnKmGfFsue3ZVW1t,0.001442550000092524,0.0014420399998016364,0.0014419506388899629,0.9995845127014504,5.767802555559851e-07,1.0,2195.17444406,1941.31751126,4135.579888220393
oKQqupM9E7SSLAFDLxr7mdsXP7znck9qRbVWc6Yyj7Q,CMR2J7CwfW98RpvnJmFBgRFTLAd3x8CJ1SWs8Bt3uunG,FmRb5jHfSNj1YWP3b45d9vvYuhwjp4om8bALmtqZpr1v,4.469651780000277,4.417295940000258,4.524430416380521,1.0122556832336145,0.0018097721665522087,1.0,2176.27630641,3719.65773069,5922.605790140182
ercAoEmXjQzEvAFbdjAo81KtMxRGn9AW1ju882upmPH,CMRhskR2Eg6V42RTSdRTXGdozyPbWB8U9dVpijPWb9T4,7TKLLgrWswt6ZJ1pXhVR3FyufHGjJFqiEXxvWJfDcgRm,36.46856286800005,35.804998987999966,5338.200533665443,146.37814363530998,2.1352802134661775,143.29133607564293,312.233489757,860.653222668,169028.30878530978
DFWzVTzNBrQZLjoQ4yQwkj9HuoXmfkuZP9V5vbymZe23,DhgiEgiNdqZdRdo195UUHnoEJUtefK8buko8nU97XJUZ,2K2kkXsouBHtWVjtcgkyiXd8eP3oVBvq1bTJzcVdLLr2,3938.861946705001,3771.008594746003,3712.4720103164846,0.9425240235754138,1.484988804126594,0.9997219183509134,55152.195246274,13173.48839541,65152.09406256776
ALBpShJ9NLpE739pcHDF2LNVk5J4VYPvvKuV6jMPitZi,D6d156U1bPiJpDYRLextvDRccgFk7QzkQbJg42ceKEu5,GNcM8U5g8RwTZffwwm3kSQqUNPSwv5d2fbN9sLxPJqt2,123.04313700000057,122.78486500000145,123.13499570679784,1.0007465569314709,0.04925399828271913,0.9994393145445405,41321.62154,58982.496712,100301.8965669472
SoN9GaFpSXfpyR5dth3x7PHPVhvJMpQqqDJfCSmPv1t,9kZ9iS68ViMPtoeqtnhAKuF2iqVyfHPdZHoUNdwCELr,BBhm5fJLjw3HRzjtKB8uMEYjGhY6EDm9co3cqpjrSzB9,1.7498688080000022,1.7189335169999982,304.2547933720343,173.8729166329788,0.12170191734881375,171.63309923722818,3.881180796,5.770463187,1665.2347057995694
KZMu9QBEdL97EFgamLbN5DE1AoKBG4HdrKKJo4Vuon3,DD4ACBWyVqdaKWh7v5btsgqQCCMwbKnuL2xd9pv7Gyuw,GcYqiJ1MAuYbNTNYXm1F1gQYTfTgkErACAhNU5dpVj9T,23.878482440000198,24.549087320001036,23.233397629134256,0.972984681397285,0.009293359051653703,1.0,2469.9535228,925.61746986,3328.8444113076594
4vezWG46exH6pf9nry3n1VJ7hZHvjBJNgNeF4qEFCML5,,,1.5854880000000016,1.5824199999999973,0.0,0.0,0.0,1.0,2469.9535228,925.61746986,925.61746986
MATgk4zXLXtYkwBH678J1xZbRDZ45LicNzkRBHkxTuY,y8dALFo1bJrSzPYjMX14HJX448pXqYmrfXHD1K8MXih,GN7Yuet3UyiWS5YVkEHv6oQKi4HGBJc3XDPt9zQhAqZz,1292.7419370000007,1288.8623810000004,1297.089781949094,1.0033632736934204,0.5188359127796376,1.0,3295.622845,6776.512378,10083.219304618024
GokA1R67GqSavkd15zR62QD68Tuc5AEfvjssntVDEbM8,3YB7hfpBdbQEuZqLGWVDpRPmeZWCUsrrWyqGXegnQ6Cg,4DPCj6Z1DsG6HUtwSogBGqXEUxdEV5a8YVrrFtcnz7UW,14939.826885000013,14939.614056000015,14941.261246079637,1.000096009216885,1.4941261246079638,1.0,16005.066724,16581.968122,32588.57147992236
HEDSDjj84KS7LKhZY7ejkCACTdPen62rKhCby1wXtgxc,EnnjMSFttpCTywBrYNt1J5QQeoSVkvzPipJDa8Y7kJow,6bjVT6JN2rSvpyn9PdfLYC8wJn4LWh49jpY47fnLDXZk,8.503892499998983,8.784241052002471,8.18347092982909,0.9623205996348223,0.003273388371931636,0.9997209229057662,39125.230273642,9097.892450445,46746.36849483795
heyk4SZTeCUV6a65WiVA5bzic3KcxgVf1qxobfeV4tQ,9ZDpBKPqMABtGfq66FbVribaArMvtk63xxy91onZAtDt,DaTP4s6N7xxSPinbNZ3FB52EpRDRt87QShTuN3VPCW52,75.93925537199584,65.99762672599945,12829.906675958191,168.94959811114347,5.131962670383277,146.3437834990067,616.013061671,4484.48596543,760351.8024297524
parEAJhzYzHW87y9VoZAQ22dzQ2MD2ekEtTReaxbMcz,3oyc6hpjYSJEquK6dSvG72NXyz3pqLZz5D8AC71pwgQb,Di2vordgFJVZ1aj1aBpvzXtLfZgJsuLLXawGtVFwX6Rz,5.911317897000089,6.957632192999881,843.6073594968495,142.7105383598078,0.33744294379873985,168.65255044819415,1103.754805872,139.49512371,181043.6509519961
vEnkoSUkpnbRrPgBz9DfcVxNz67zjwMYBZraAvDDNSf,DtfyjjsZ5yCjWKLKHvwsfXs5QVsmm1QkK6Sh9JZHoq1g,e5wrKCRv4GhHvEf1VD5Pq2KGaZDXP77nTL612Jyrxwy,749.2919399999997,749.2721869999997,744.4285880343713,0.9935094030697454,0.07444285880343712,0.9983945815129271,984.083512,961.22623,1937.3792822179976
daob129AwBGn9Y5r91uLoWZeYiGzbPmksauMhFZKTze,6VW5GQNyj4LStgmxEHLr5zUfW92vQnmbw8jTnCH7a38F,4VPCCUifPeBA1c7HWK358CHn2nyjm8pdTRk6Ps3KmnMQ,37.15522783499998,33.06375210399998,6074.533080456861,163.49066966922732,2.4298132321827444,145.8957554401974,47.773710294,224.565724749,40573.74194678051
