0,1,2,3,4,5,6,7,8,9,10,11
BSCrK1Nx9PXU9mF7STWWBqeHLxmtJDr9h7jheEy4tAWX,FfSySSbVJPvEo5a5AvrP3nySoXpRE2QPn1uUMpJJ1x7v,HL7Vcj6838ZmvBHDbQxXfjBNckNi83WvPiZQoMQLFeRM,0.04885150999999999,0.048791559999999734,152.53465099214708,3122.41425069864,0.061013860396858834,3112.6466834749585,0.829667883,0.974601882,5624.1581369419255
WiiQFxXqp8P9Fs1rt9SVcDyA3KUdJmUsog6wnVQAwba,3S2jpqSYxho6wiz3cafhjXruVY8cg4HYa2v3BqBHYFSj,Dfe67M6TfrG74gKRtdqys4e6E9QirPD53BkF4FujFjuv,6581.919066730001,6584.729779611,6568.222103584954,0.9979190015850725,0.6568222103584955,0.9987853731126162,18108.686879052,8692.603931526,26753.048391429664
vEnkoSUkpnbRrPgBz9DfcVxNz67zjwMYBZraAvDDNSf,DtfyjjsZ5yCjWKLKHvwsfXs5QVsmm1QkK6Sh9JZHoq1g,e5wrKCRv4GhHvEf1VD5Pq2KGaZDXP77nTL612Jyrxwy,2179.912237999999,2179.839555999999,2156.4223295640577,0.9892243788412819,0.21564223295640578,0.9988353579726039,945.04808,1000.62093,1934.320164724576
ALBpShJ9NLpE739pcHDF2LNVk5J4VYPvvKuV6jMPitZi,D6d156U1bPiJpDYRLextvDRccgFk7QzkQbJg42ceKEu5,GNcM8U5g8RwTZffwwm3kSQqUNPSwv5d2fbN9sLxPJqt2,37.253022999997484,37.16679699999804,37.309173305822746,1.0015072684390007,0.0149236693223291,0.9992685354320637,40648.487181,59756.91019,100422.9554903277
AURHmCnNwiW4uA2Qj1XvEh4iKgRUZYXtiY7FKAapUV5Y,BKWm4TRnTeKwfWXRyuzjRHU7iZDkPuXBX5b5V5jSVfGJ,A5Ww74HVrkj9nPeC7pHKLfgeDMEhBCpW1efQdz3TGLEg,0.019111539000221,0.017160477000004448,2.8963797865370258,151.55136310600275,0.0011585519146148102,135.34753932082876,289.857570676,1809.534981368,288844.4169856628
CZgvH45CRmoaNJ7395Ao5CQZXkGznvqU7cErD6n7FaRg,4ZjU6MKvtqVQKCiowhvZ5yUsPxXX5SCzd5eFsPeXyey5,BsyWeshjDbCvjDojry3vKDCesmFRM37WtwcR4Kfgzqr,118.30585964,110.83769839000001,121.94338697380942,1.030746806158869,0.048777354789523775,1.0,213.4433165,591.72915596,811.7351727383316
MATSnbbiTCv7Dc3trJrkrqjx7ckKdr6fwPoVwv9q3sD,631WX9JizSHJm4w6VanZeJAst9T8DeUUnPLesdGkCVtK,211maUSfpnXbPuW1iBu8b4dtJv5EbN1j7JJiEX5TZKEP,1508.973165000003,1507.970513999997,1508.0698311711315,0.9994013585862068,0.6032279324684526,0.9989750515970615,21090.571481,24458.438834,45511.31598764963
HEDSDjj84KS7LKhZY7ejkCACTdPen62rKhCby1wXtgxc,EnnjMSFttpCTywBrYNt1J5QQeoSVkvzPipJDa8Y7kJow,6bjVT6JN2rSvpyn9PdfLYC8wJn4LWh49jpY47fnLDXZk,17.87486726500174,18.455267746016034,17.2828533046515,0.9668800919428711,0.0069131413218606,0.9987853761053329,39124.540120565,9098.569719326,46916.257328132044
DEDaBEWzMCXohXYXoLzB4jK1xqMsd3SS9izXp2xvg9pe,GC5zHpW5GuVdw3C7covC6viyGdLS8ZAaVGDKMeru7p78,F8juxtAFueW19vxkdDArUkjVWAv9QV6yy1wCXUWQiXvh,0.014264970000006372,1209.6575513705611,0.014264970000006372,1.0,5.705988000002549e-06,0.0,47.63056105,8516710.54068435,47.63056105
BUSDgu5JdqP1rndBvXvanbEufS94FNh1w5FJcAj6vawb,Bgzr8cWubt89JQFXndVjtdKmDbGzuPxNhvjH1EhWCwbo,Dxaf8xPBBQsasRKW5Aa4Sw2YrbfGofY9xZueyyF23FBW,1307.860176279999,1301.8243833299966,1314.1200528577897,1.0047863500176264,0.5256480211431159,1.0,5407.92526058,9629.95436505,15063.7638487963
RoBgmK8CvjdHvPrqdDyVw54VwjZv2TqJ493xnqJAQHx,ExiHJxM7qPAcy27NDHAF6G7vnW7muNHi2sVJpnaNynGQ,6rkPHSqZb7StM4HwS9EuVrmfkV7tRdc7dnsFhyB6cefE,0.7216699999999996,48.49398399999973,0.0,0.0,0.0,0.9521841676529708,6388.174652,17.027765,16.213568243515386
ALLwa5WNZbvQsRKAqe1jdRGemdYQnW8E5k4msbRFcYtu,CGoM82Hbz7QVqTgvQatYtjvDWBvoUJp5qm21P8iMs9yb,3dxNNww8TivyN5FMy5dCNdi3Zcxv6e4kUfSPxfFwpdNq,4.168665220999996,4.130668025,12972.755402377532,3111.968631356196,5.1891021609510135,3072.9424345693733,0.875406528,7.77204394,26607.28128138418
RajgMbScQbqqrdJfR2rxfHJiTiY5b6bJ2tTXiF4aPxy,725ZA3fhyBAKb5iopNRrcbSuQa3LXA1656Q3mBvYPxeg,GLA6i1dSZpUfk2f9Nj8uiG7xyDdAR2reff8oEiZH3617,388.34472626999195,388.3670378400129,388.65325476975835,1.0007944706826066,0.15546130190790336,1.0,77785.26317877,103619.30203476,181466.36332466436
KysFMBBoavfov2tLpvefWW6tPFt6rAeZWDJVy1mMQae,B8ka2V21TH3x64dFV8ETcjuQcwmrciJ2qzy1mJUttRew,7fSf7EYxBANyxzk2s5pymFgshA91tFYQNKKs5UnLWcYS,39.56655099998807,45.68448900001249,0.0,0.0,0.0,0.018081144015679243,134391.627494,2695.366501,48.73530987961845
wrmcMSHFi3sWpAEy4rGDvQb3ezh3PhXoV2xNjgLBkKU,8p4mGnARWPBu6P2Gcw4adodLkNDorrXniZMhaY7eJXUn,AyY89zccbsgp9LKFgH4CFZMJmpSgqmPSdTfukhP227rc,0.008398420000000295,0.03790414999999478,2.3771355788282746,283.0455703368242,0.0009508542315313099,3111.3876789047913,27.14272764,0.0899754,7962.577176325412
B2izdXFYb2sNwbWWHmh75T4aQFtfXsUxem9u2p61HGzf,4DYwgJtxwuJdAjkj5RJSNH4e7U329V5cNp7d3a1nLrZv,EXNW64GEf1ACC6xY9BtKRiunrs6GoJSXBdxWN2eTPmrF,15763.37471900001,15626.581951999993,15835.79179487799,1.0045940084004152,1.5835791794877991,1.0,11423.640484,28437.645705,39913.76648934682
AUSejoEUCh2DBs9mof6BNC8Pubs22w4cJa1ccV9h44R,4xkyD7AfGQDwsQMy9MosRRNGoVJ1zosNinesxg1TzHG7,Cbm5gsQe3nSiCsFrvepVzMCD9xLK3ri9g3ypS2hdmVJ7,137.04095199999938,137.0376359999991,137.0232759973957,0.9998710166388536,0.01370232759973957,1.0,14460.507612,14414.923868,28873.56631512432
SAMyS8Jr2HJrkFwYVKbpUwsNStnQmvz3f8Tup8bWUWF,6jPzm5TFfquvgm25sTyN3MMGBfufRaFHMxobDWv6hMFW,Cj9ECoDmxsHTDzCY5ZA6RWrPbg9uFzEC1Qc2kso2vJG6,752.6348902200007,90.88329637998874,728.7356899129585,0.9682459574787236,0.29149427596518346,0.018068180495919517,439.80565687,110969.73317227,2430.861217881254
ionytDfEj1mXodptgrsKEZro7DGsfpzANUfarJdm6Qb,3gkSjY95an9xNFSjCfsay6JZez7uv7yfW3Ad4ubc4fMK,9wXqANaSuEqkKL9yHzCPEDGHwbkStVAqV5rB3QDs3Jr6,0.0013536130000000035,0.005022058000000218,1.128149971829862,833.4361237886006,0.00045125998873194487,3112.6466834749585,3.152466539,0.084123933,2889.2275736907454
C98Sspw7XqnMsgxea3SLQVdbMDL8pKUc3RE82UvX9eq2,CSqgQJurPCzGxb4Cgwx5R61hWQUiaoUHcShNc8r1cKEL,6S2CR5EnukPhC914XkAns8m5GixjMAoUuZMsS5ubHuWc,16.196079000000168,16.133528999999953,0.0,0.0,0.0,1.0,878.835039,1240.865945,1240.865945
YAkoNb6HKmSxQN9L8hiBE5tPJRsniSSMzND1boHmZxe,CfWX7o2TswwbxusJ4hCaPobu2jLCb1hfXuXJQjVq3jQF,EnTrdMMpdhugeH6Ban6gYZWXughWxKtVGfCwFn78ZmY3,6276410.011418996,6274962.575038995,6276410.011418996,1.0,627.6410011418997,0.9981544124913035,338011.536359,1064963.836046,1401009.88845198
Sid7E679i9ABqptiAVhkmQ27YHN8vaYT4fppPwmxFsJ,GP7KB8o1bv527HG8kTzzzf4wJ5aEGHvcMQvVhLziUfmT,9gYxhAZ1M9wu5pxr8SBoa5NDm21gi3s9vMHaYTME77sa,734.9987729999957,1588.7518419999833,6.224673090421418,0.008468957118138555,0.0024898692361685674,0.018060874031435963,127408.392711,12062.0015,1296.8665040189076
BUSDTd9WiT6uBHJRgNvFXBsA7JrifsAtWzKfioN7ERcy,DyBxrn7gSc1EwnpWhDyhzvMHPtxpmBqRqotapLcKcfTM,Cds99GeBgoCpqBsoRWu1C6fF9LiUMd4pXQQD24s9LPff,394.5011548,394.96559026999995,393.2424760798379,0.9968094422415564,0.03932424760798379,0.9980259047603839,149.52413624,113.83768676,262.6600311715231
NorjjEePhxfwLF4vZjUHCrVVKLzQjEEGQFd3wgjEJmh,34M8pFVqgbV7aqHxvRT5tCv3vu2P1JJYT8J3VaxBK2oG,3AZWBSze3ucsY3xSeuLne3b2pauVqiaJ1SZSV5T9WGWw,0.7609700000002704,1.2811559999986457,0.4507429852210122,0.5923268791422159,0.00018029719408840488,1.0,38125.651737,2257.559284,24840.407592640215
Lid8SLUxQ9RmF7XMqUA8c24RitTwzja8VSKngJxRcUa,4PgzyzLtds9bKZ2to9PMnKqJzKEUpjvNUaeN23phegax,AtymwxoVN9peZo7EXTcDz9jKVc4vRmisJKKrNfe3ewBa,157.16752020300828,133.23201594600073,25098.589845332037,159.69323568198433,2.5098589845332033,135.43431686185687,979.122760652,7683.574281494,1196978.9156498676
KwnjUuZhTMTSGAaavkLEmSyfobY16JNH4poL9oeeEvE,J63v6qEZmQpDqCD8bd4PXu2Pq5ZbyXrFcSa3Xt1HdAPQ,BnKQtTdLw9qPCDgZkWX3sURkBAoKCUYL1yahh6Mw7mRK,233.3323099999999,12953.942637000233,4.228291982117506,0.018121330826911662,0.0004228291982117506,1.0,279732.077765,532.04925,5601.166774078944
MATgk4zXLXtYkwBH678J1xZbRDZ45LicNzkRBHkxTuY,y8dALFo1bJrSzPYjMX14HJX448pXqYmrfXHD1K8MXih,GN7Yuet3UyiWS5YVkEHv6oQKi4HGBJc3XDPt9zQhAqZz,1118.5133870000009,1118.1156390000006,1118.990076772706,1.0004261815533417,0.44759603070908244,1.0,5016.989846,5054.89571,10074.023704525669
STK75uPSyBnEhGTTzb1nwmP3n427XoXmfRhXxxhyady,6TYyD5fUmDe6N65avW1Ny2RxzRNobw2RRgKwH9CTzSAU,54zDfk4cx2vGrEajPtodWpArNe5eUurytyxd4X3aZAxK,416.05730328499953,466.54179794499936,56349.863774682446,135.43774698766134,5.634986377468246,152.41123721955572,1751.328065236,312.023545431,284751.82199259475
moFiBS1R4Lf3E3zzmBPnw3NF4RhWPkhREFviuzUaCAU,44ALBrpqi9PfZkBRTvbtRNtFJGsatfY4QydjtMbFWq8S,2ho8qEEie1UjVwWNBo9y4oAJZMyMLx8zPj9bxyUz6uWs,311.0986894950038,311.13263974299844,310.9218787938776,0.9994316571972284,0.12436875151755106,0.998786459469947,32756.946290973,34357.045740808,67053.68118961639
Lee1XZJfJ9Hm2K1qTyeCz1LXNc1YBZaKZszvNY4KCDw,9DgFSWkPDGijNKcLGbr3p5xoJbHsPgXUTr6QvGBJ5vGN,2hNHZg7XBhuhHVZ3JDEi4buq2fPQwuWBdQ9xkH7t1GQX,875.3755709308898,739.5399949179919,140261.551821054,160.2301417572087,14.026155182105398,135.34753932082876,6921.932496403,54966.049206864,8548621.731469117
parEAJhzYzHW87y9VoZAQ22dzQ2MD2ekEtTReaxbMcz,3oyc6hpjYSJEquK6dSvG72NXyz3pqLZz5D8AC71pwgQb,Di2vordgFJVZ1aj1aBpvzXtLfZgJsuLLXawGtVFwX6Rz,8.632620512000017,10.21048110300012,1141.7846631461548,132.26397031573262,0.45671386525846197,156.40281043338123,1103.288434574,139.896719012,167805.54878407245
GokA1R67GqSavkd15zR62QD68Tuc5AEfvjssntVDEbM8,3YB7hfpBdbQEuZqLGWVDpRPmeZWCUsrrWyqGXegnQ6Cg,4DPCj6Z1DsG6HUtwSogBGqXEUxdEV5a8YVrrFtcnz7UW,13595.749526999994,13596.191717000012,13596.238991603694,1.0000360012960468,1.3596238991603695,1.0,17325.177182,15263.73602,32589.53693083279
heyk4SZTeCUV6a65WiVA5bzic3KcxgVf1qxobfeV4tQ,9ZDpBKPqMABtGfq66FbVribaArMvtk63xxy91onZAtDt,DaTP4s6N7xxSPinbNZ3FB52EpRDRt87QShTuN3VPCW52,82.57911092900179,71.39850932599938,12957.163221375908,156.90606347791706,5.182865288550364,135.73648444677067,617.528226631,4482.793466302,705372.5487439558
BkMBnJpvHKtWhUvrgRrLesXfi9RUV3ELgdBaJcdH7hcY,5uerVwBnZQsuVhZ15igs7ZgmcqhHnYWbwoRtLyRqLvR,9YWiQh5d4jCtgMdzcGLv9bWgnLaFtzvDDh2nnhJdzhBX,0.0011656949998268828,0.0011656949998268828,0.0011685469660691942,1.0024465801455225,4.6741878642767766e-07,0.9987853950592056,1117.771749621,1755.685129735,2874.0591336927932
DFWzVTzNBrQZLjoQ4yQwkj9HuoXmfkuZP9V5vbymZe23,DhgiEgiNdqZdRdo195UUHnoEJUtefK8buko8nU97XJUZ,2K2kkXsouBHtWVjtcgkyiXd8eP3oVBvq1bTJzcVdLLr2,3155.6109854620026,3308.5189498619948,3034.7012761691904,0.9616842158777342,1.2138805104676762,0.9987853940616332,52009.067061699,16171.534371415,66168.19120549748
SoN9GaFpSXfpyR5dth3x7PHPVhvJMpQqqDJfCSmPv1t,9kZ9iS68ViMPtoeqtnhAKuF2iqVyfHPdZHoUNdwCELr,BBhm5fJLjw3HRzjtKB8uMEYjGhY6EDm9co3cqpjrSzB9,0.6394803449999986,0.6276430719999992,103.58948097887999,161.99009365781245,0.041435792391552,157.5760765479368,2.392417968,3.762250123,980.388624079286
daob129AwBGn9Y5r91uLoWZeYiGzbPmksauMhFZKTze,6VW5GQNyj4LStgmxEHLr5zUfW92vQnmbw8jTnCH7a38F,4VPCCUifPeBA1c7HWK358CHn2nyjm8pdTRk6Ps3KmnMQ,28.223872351999944,25.28493099200002,4282.018619218731,151.71619846542097,1.7128074476874926,135.86633469992222,48.116144228,224.20527466,37761.94737552962
ercAoEmXjQzEvAFbdjAo81KtMxRGn9AW1ju882upmPH,CMRhskR2Eg6V42RTSdRTXGdozyPbWB8U9dVpijPWb9T4,7TKLLgrWswt6ZJ1pXhVR3FyufHGjJFqiEXxvWJfDcgRm,30.93886615799994,30.149489998999996,4203.464678258085,135.8635658072164,1.681385871303234,132.35813623331774,265.75148376,830.107190744,145977.38484294317
BSC8REUo9LpiiWUuqMuLXs2D2yJsJfGd4HdiF3wCLxk5,AZjEH1zWVx1UJ6udMyRijGTzPteuLnaY18yNNmprJEsh,Caf8ypkSVR8xYnXNhjvfvdGCC7mrM3C11rz8Xi6NA6aK,4236.968154378999,4245.677302927999,4234.638887024552,0.9994502513897727,1.6938555548098209,0.9987863976203388,3113.265702735,3239.078492364,6346.701728239411
BSCNHw8CmxbZ8hCWWzMf5FaG2ajPT6JxfznKUNuRVrn4,7n9kgNL633yGzCYksgnzHyjG73ZLBAwvEae5sbAekbzW,SscdxE99omdG9AiMVwmaEMQySQnCgeAh1sPj2Leutm2,831.9239623000003,829.7564876699998,834.3977664411942,1.002973594046209,0.33375910657647767,0.9987863976203388,4380.741290524,7317.818485661,11702.705400476356
FrnkTEL6yZ5Aycq2TrEgu29dCrwKG4LPUZydfiwqspkc,DjvZuMZ46fxKBoBpGMPcRcos4xdTtHFxwMh69DpA2ZFY,9rvDPJLAng4uVVqnnSoEXgNDFhBZQTny9AoQioYDZbQX,48.67177679100064,40.673866694999816,7865.318217186465,161.59915942581233,3.1461272868745858,135.80994538946285,174.775890346,1441.370522202,223996.08887404675
BSCuChvaSj9b5HUSqgDVRzcnr2sSn7cXaamt1jbKH6hn,GnKpRj5kBVPMJfiwZtEuD9GYApLzPdW5JFuZTcyX4BTc,3dmwD9okkomV9nDwyuh4UMhKdUR13QpuKxRo89ycZB5t,1439.7404037110002,1443.3259617440003,1439.1951315339304,0.9996212704903854,0.5756780526135722,0.9992116220302182,1508.143478356,1602.695305926,3109.004076170549
BUSD5rCfUDpCxKGMvYU2yThChxgHoioK74PTPociGnv2,CcFHbafgYDZ8yA8Me1PdtDiVb2eeaS61LbqyKKK5CsNZ,26R9s4nmF3CFDTkiePDwRmtscn8i7r2eygbSijditJ58,46.894927839999994,46.80080473,46.83219845178375,0.9986623417263747,0.004683219845178376,1.0,88.13653049,59.67351798,147.69215191078143
HDSBGqAuMRr6X2AfmmbXQPpRgU6VEhtfNVVZ3wUTZXg,DCZ1d8kNLgDcdSd99y4udLgwq46mfDXNS9KXj96kQf5L,Fq8GGYQM5Pz3q7LmVMbrXHJgsxA5ev86kTq8yGgGuYsa,4.795351347998803,4.817760711999654,4.7662806962552215,0.9939377431112084,0.0019065122785020888,0.9987650310341863,13512.925980379,12889.765322318,26304.854013935033
SoNcU2iwHMw6dGzsYNQkYFkUjwN1UdAjrWVRnStrZu2,8ivTTid27jZnYNc4w3CTA1Z6QS2twsFb8WMwUabeDJgc,CyXm53PMvHCbeXJBykU46Rcbo28xk5srhMZFg7gv6EYB,7.8061437520000005,7.741226821999991,1256.3662122576015,160.9458206474496,0.5025464849030405,159.24063872057152,23.055285882,29.041315312,8335.209506108444
C2ypsDADXcCRz8HbV2zX1AXPSja7a1P3xZtRC91xGhJh,J9bYNuDpY1d1T86gLaw7DGk5D3CsUAf2tzUwxMvb6FTv,A2NGvvPrMGzsJ4jb52KEnSBVmsA7C34dV1GC7PerdgvG,0.0009957959999999932,0.001000000000000112,0.13546256270677998,136.0344515410595,5.418502508271199e-05,134.25038878912594,1.310430181,0.909015869,300.2993847839215
SBFjafzbDXgDRsA5SUypY8FXjJ9sBdb4JbuQq2PHQDG,46xwHtnXoQR3wCHUbm2eCAbPYWbioDQ59Te1Db8M5DDL,FC38fiikZwFvDt5zTjNtGfKd7LjaPz2uUAzLwKP5pRJY,0.004492453000011665,0.012115999999878113,0.013986214824559846,3.113269036876631,5.594485929823939e-06,1.1532216399734299,201.202784103,9539.492126813,11627.547152878153
JSoLLrxK5bYdHwTEWYaGgmeycBCNXKDiBCTw5hXGBg7,xG4wXczA7Dk4hccJ61CHKpDHW4NrNfQwgmWgkb9BuF2,BVR6WgfhsRr9Lob4QDnkEAiNGgAbv7ZieKcY9kSg3QYR,2.3278068060000123,1.9833458509999922,370.757899048964,159.27348356114484,0.14830315961958562,135.94505535886572,17.14054376,163.797117243,24997.442286009697
KEN5P7p3asnb23Sw6yAmJRGvijfAzso3RqfyLAQhznt,9zj4aX38Uxf3h6AUjS4EipWS8mwbEofasHAf3a1uKGds,CwQDG1MWunn9cLNwcZLd8YBacweSR7ARo32w4mLua1Yr,753377.6017270018,752954.1504019991,753384.3821864414,1.0000090000810007,75.33843821864416,1.0,1099693.163961,1129623.729319,2229326.7906075516
KZMu9QBEdL97EFgamLbN5DE1AoKBG4HdrKKJo4Vuon3,DD4ACBWyVqdaKWh7v5btsgqQCCMwbKnuL2xd9pv7Gyuw,GcYqiJ1MAuYbNTNYXm1F1gQYTfTgkErACAhNU5dpVj9T,23.518124189999867,24.286075359999813,22.77132867444995,0.9682459574787236,0.00910853146977998,1.0,2383.90138419,813.07082611,3121.2737043799007
Cob4usZcpHEY7Qt4ZCwj6WVg9S44zvzYV2v9qYF65dTf,NhFM9UXE48PyNAyeyPYA3iXztqKVJwA4bTdLj4ysM8w,6TuFuynuBoeskxyR2cz4wxyidk8dpDK7kAWw3UkjQGx,177.0967060000032,1165.6329160000207,1.5033389473462522,0.008488802424965629,0.0006013355789385009,1.0,71814.268484,180.431842,790.0489784541119
MARpDPs5A7XiyCWPNH8GsMWPLxmwNn9SBmKvPa9LzgA,6YjT74rmcfCpw8LSjPNx5JTmZoYLGrTKnf9arfSgZ4SR,F8GSmi3vA8M8TsybLya1LQ4n1aFHCRbZ6k437PeTdXtg,30110.34109099996,31494.568364999825,28688.783194909025,0.9527883828418058,11.47551327796361,1.0,295750.281694,16209.421944,297996.8545642348
