0,1,2,3,4,5,6,7,8,9,10,11
BSCuChvaSj9b5HUSqgDVRzcnr2sSn7cXaamt1jbKH6hn,GnKpRj5kBVPMJfiwZtEuD9GYApLzPdW5JFuZTcyX4BTc,3dmwD9okkomV9nDwyuh4UMhKdUR13QpuKxRo89ycZB5t,136.08036967099997,136.15803756299988,135.8720899855402,0.9984694362165292,0.05434883599421609,0.9949011317000372,1641.917267354,1469.405101398,3101.3170065558106
ALBpShJ9NLpE739pcHDF2LNVk5J4VYPvvKuV6jMPitZi,D6d156U1bPiJpDYRLextvDRccgFk7QzkQbJg42ceKEu5,GNcM8U5g8RwTZffwwm3kSQqUNPSwv5d2fbN9sLxPJqt2,4201.740146999997,4193.229607000001,4187.623667616462,0.9966403254628646,1.6750494670465848,0.9922948306400797,42684.849614,57724.099029,99820.76748146315
4vezWG46exH6pf9nry3n1VJ7hZHvjBJNgNeF4qEFCML5,,,1.9176430000000018,1.9739199999999997,0.0,0.0,0.0,0.9922948306400797,42684.849614,57724.099029,57279.32506983275
SoN9GaFpSXfpyR5dth3x7PHPVhvJMpQqqDJfCSmPv1t,9kZ9iS68ViMPtoeqtnhAKuF2iqVyfHPdZHoUNdwCELr,BBhm5fJLjw3HRzjtKB8uMEYjGhY6EDm9co3cqpjrSzB9,1.2194670129999983,1.1949718730000016,194.1402003988616,159.200862613954,0.07765608015954463,155.14247664485157,1.483312531,2.499175258,623.8728735569433
AUSejoEUCh2DBs9mof6BNC8Pubs22w4cJa1ccV9h44R,4xkyD7AfGQDwsQMy9MosRRNGoVJ1zosNinesxg1TzHG7,Cbm5gsQe3nSiCsFrvepVzMCD9xLK3ri9g3ypS2hdmVJ7,2496.7629660000075,2494.611166000006,2500.190727487393,1.0013728822215258,0.2500190727487393,1.0,13971.287047,14905.372642,28895.84062059866
KysFMBBoavfov2tLpvefWW6tPFt6rAeZWDJVy1mMQae,B8ka2V21TH3x64dFV8ETcjuQcwmrciJ2qzy1mJUttRew,7fSf7EYxBANyxzk2s5pymFgshA91tFYQNKKs5UnLWcYS,19.23108199998569,24.257259999996222,0.0,0.0,0.0,0.01830341073443058,134395.618855,2692.383405,49.279799316279764
BSC8REUo9LpiiWUuqMuLXs2D2yJsJfGd4HdiF3wCLxk5,AZjEH1zWVx1UJ6udMyRijGTzPteuLnaY18yNNmprJEsh,Caf8ypkSVR8xYnXNhjvfvdGCC7mrM3C11rz8Xi6NA6aK,154.5001188020001,154.30786244,154.76306434358114,1.0017019115818158,0.06190522573743245,1.0,2870.964237955,3482.32230116,6358.172666402555
Lee1XZJfJ9Hm2K1qTyeCz1LXNc1YBZaKZszvNY4KCDw,9DgFSWkPDGijNKcLGbr3p5xoJbHsPgXUTr6QvGBJ5vGN,2hNHZg7XBhuhHVZ3JDEi4buq2fPQwuWBdQ9xkH7t1GQX,3367.6769029771604,2845.0133349119715,531078.9700900619,157.69890799814166,53.10789700900619,133.39238169429666,6920.382148862,54978.947436268,8425109.449374704
heyk4SZTeCUV6a65WiVA5bzic3KcxgVf1qxobfeV4tQ,9ZDpBKPqMABtGfq66FbVribaArMvtk63xxy91onZAtDt,DaTP4s6N7xxSPinbNZ3FB52EpRDRt87QShTuN3VPCW52,180.9437311650072,157.05845745099998,27346.844230334937,151.13452151263894,10.938737692133975,133.24391778157403,637.791236889,4459.63474719,690611.4790026081
HDSBGqAuMRr6X2AfmmbXQPpRgU6VEhtfNVVZ3wUTZXg,DCZ1d8kNLgDcdSd99y4udLgwq46mfDXNS9KXj96kQf5L,Fq8GGYQM5Pz3q7LmVMbrXHJgsxA5ev86kTq8yGgGuYsa,14.420920059999844,14.499278273000527,14.290448125707652,0.9909525929171406,0.005716179250283061,1.0,13572.673636604,12830.334198923,26280.21033193385
RoBgmK8CvjdHvPrqdDyVw54VwjZv2TqJ493xnqJAQHx,ExiHJxM7qPAcy27NDHAF6G7vnW7muNHi2sVJpnaNynGQ,6rkPHSqZb7StM4HwS9EuVrmfkV7tRdc7dnsFhyB6cefE,0.35095500000000257,24.698749999999563,0.0,0.0,0.0,0.9547414369240522,6384.183291,17.085536,16.312269191257624
AURHmCnNwiW4uA2Qj1XvEh4iKgRUZYXtiY7FKAapUV5Y,BKWm4TRnTeKwfWXRyuzjRHU7iZDkPuXBX5b5V5jSVfGJ,A5Ww74HVrkj9nPeC7pHKLfgeDMEhBCpW1efQdz3TGLEg,0.029360283999722014,0.026196522000077493,4.129157561520057,140.63752113430348,0.001651663024608023,133.40937667803982,289.909035405,1809.477520898,282173.35626972315
NorjjEePhxfwLF4vZjUHCrVVKLzQjEEGQFd3wgjEJmh,34M8pFVqgbV7aqHxvRT5tCv3vu2P1JJYT8J3VaxBK2oG,3AZWBSze3ucsY3xSeuLne3b2pauVqiaJ1SZSV5T9WGWw,0.004892999999810854,0.001010999999834894,0.0028992377130867748,0.592527634007531,1.15969508523471e-06,1.0,38124.370231,2258.548884,24848.291775001577
vEnkoSUkpnbRrPgBz9DfcVxNz67zjwMYBZraAvDDNSf,DtfyjjsZ5yCjWKLKHvwsfXs5QVsmm1QkK6Sh9JZHoq1g,e5wrKCRv4GhHvEf1VD5Pq2KGaZDXP77nTL612Jyrxwy,2434.823420000001,2434.209461999999,2428.9041805120933,0.9975689245309182,0.24289041805120934,0.9974803645990229,801.309926,1145.089738,1941.566410454609
RajgMbScQbqqrdJfR2rxfHJiTiY5b6bJ2tTXiF4aPxy,725ZA3fhyBAKb5iopNRrcbSuQa3LXA1656Q3mBvYPxeg,GLA6i1dSZpUfk2f9Nj8uiG7xyDdAR2reff8oEiZH3617,3518.7532706000056,3515.4110511400067,3519.6709896138373,1.0002608080030786,1.407868395845535,0.9997369991876238,65735.33088678,115691.81631455,181413.8644600343
B2izdXFYb2sNwbWWHmh75T4aQFtfXsUxem9u2p61HGzf,4DYwgJtxwuJdAjkj5RJSNH4e7U329V5cNp7d3a1nLrZv,EXNW64GEf1ACC6xY9BtKRiunrs6GoJSXBdxWN2eTPmrF,317963.3534849997,316232.96801899886,319721.1805355843,1.0055283951163496,31.972118053558432,1.0,12192.573302,27720.000691,39979.97935569851
KEN5P7p3asnb23Sw6yAmJRGvijfAzso3RqfyLAQhznt,9zj4aX38Uxf3h6AUjS4EipWS8mwbEofasHAf3a1uKGds,CwQDG1MWunn9cLNwcZLd8YBacweSR7ARo32w4mLua1Yr,255367.52963099862,255395.20846400177,254840.77375165393,0.9979372636759817,25.48407737516539,1.0,1136218.472941,1109048.623152,2242923.376976844
C98Sspw7XqnMsgxea3SLQVdbMDL8pKUc3RE82UvX9eq2,CSqgQJurPCzGxb4Cgwx5R61hWQUiaoUHcShNc8r1cKEL,6S2CR5EnukPhC914XkAns8m5GixjMAoUuZMsS5ubHuWc,47.444263999999976,47.304529999999886,0.0,0.0,0.0,1.0,901.235074,1218.471283,1218.471283
YAkoNb6HKmSxQN9L8hiBE5tPJRsniSSMzND1boHmZxe,CfWX7o2TswwbxusJ4hCaPobu2jLCb1hfXuXJQjVq3jQF,EnTrdMMpdhugeH6Ban6gYZWXughWxKtVGfCwFn78ZmY3,6176968.250783986,6169876.8262619935,6176968.250783986,1.0,617.6968250783987,0.9962868389512287,192165.501361,1185242.698583,1373007.2029222813
Cob4usZcpHEY7Qt4ZCwj6WVg9S44zvzYV2v9qYF65dTf,NhFM9UXE48PyNAyeyPYA3iXztqKVJwA4bTdLj4ysM8w,6TuFuynuBoeskxyR2cz4wxyidk8dpDK7kAWw3UkjQGx,24.80346600000027,2039.8627559999472,0.20985849171783358,0.008460853483857106,8.394339668713344e-05,1.0,71782.566511,180.726978,788.0687559447988
moFiBS1R4Lf3E3zzmBPnw3NF4RhWPkhREFviuzUaCAU,44ALBrpqi9PfZkBRTvbtRNtFJGsatfY4QydjtMbFWq8S,2ho8qEEie1UjVwWNBo9y4oAJZMyMLx8zPj9bxyUz6uWs,55.175871572995675,55.207242589996895,55.18118800455398,1.0000963542832535,0.022072475201821592,1.0,34152.196592737,32962.32448072,67117.81178388122
ACUSESXyNnwRLAg1dpSGMLSzUDdLjUMybY8rkXiAKhCP,AhFPQdu8GKBsxuhiH46UmCu1YpaLgNpoP325HnYtsgas,A8wxWpT3aFEr2XqZp1kDmbxbFfcBE95UUmdsNTDBJYbT,0.0,0.004046241999731137,0.0,1.0,0.0,0.9878811238584163,1044.612489208,1841.328673742,2863.626328816974
parEAJhzYzHW87y9VoZAQ22dzQ2MD2ekEtTReaxbMcz,3oyc6hpjYSJEquK6dSvG72NXyz3pqLZz5D8AC71pwgQb,Di2vordgFJVZ1aj1aBpvzXtLfZgJsuLLXawGtVFwX6Rz,20.735115582999924,24.401894654000216,2682.045745084572,129.34800070675746,1.0728182980338288,151.77848719042692,1099.095340989,143.478690292,163942.76349962255
WiiQFxXqp8P9Fs1rt9SVcDyA3KUdJmUsog6wnVQAwba,3S2jpqSYxho6wiz3cafhjXruVY8cg4HYa2v3BqBHYFSj,Dfe67M6TfrG74gKRtdqys4e6E9QirPD53BkF4FujFjuv,40385.020789855,40340.273080659,40527.12648408108,1.0035187723429817,4.052712648408108,1.0,4987.81732204,21828.440869026,26833.80918471064
SEQV6QiTpvTzrceiaYg9Avnwf7oc8ZALpnQMz6TyT4A,3dFMPj4r9mMmPHF32mz1gNDX7f8ftidWof7S8YiYTs1j,Fc1ED3YPeQfXQosHbd8DTaBd2AV5gHQtwiSAL5C5pUhi,1038.477805002,1038.0442387619998,1036.8594902624907,0.9984416472535914,0.41474379610499634,0.9960109760409559,1795.924200189,3830.684568337,5608.529392593657
BUSDgu5JdqP1rndBvXvanbEufS94FNh1w5FJcAj6vawb,Bgzr8cWubt89JQFXndVjtdKmDbGzuPxNhvjH1EhWCwbo,Dxaf8xPBBQsasRKW5Aa4Sw2YrbfGofY9xZueyyF23FBW,10441.42565718,10411.577568510002,10455.107943292147,1.0013103848613565,4.18204317731686,0.9996399396901229,6398.97429429,8648.73399133,15052.979338822486
KEVpg4SYCVrqFxKijQH6hm4QxsRdoE51ud64bEEFUC9,2bPenuBYfqzD8p5dFjCcggwkHDsc2RQDnx9AoyYGUBjA,AE6n6iLuX8oYu61vt5hoDYkjswpnxFxrhSehxrnQTnbx,1538.7502226710008,1535.5185106210001,1542.91251771217,1.0027049842007134,0.6171650070848681,1.0,1669.223355313,5971.473814562,7645.212392678584
wrmcMSHFi3sWpAEy4rGDvQb3ezh3PhXoV2xNjgLBkKU,8p4mGnARWPBu6P2Gcw4adodLkNDorrXniZMhaY7eJXUn,AyY89zccbsgp9LKFgH4CFZMJmpSgqmPSdTfukhP227rc,0.009509370000002279,0.041147180000003086,2.707401860857736,284.70885672311493,0.0010829607443430945,2955.694144769899,27.11325871,0.09273526,7993.481954357852
MATgk4zXLXtYkwBH678J1xZbRDZ45LicNzkRBHkxTuY,y8dALFo1bJrSzPYjMX14HJX448pXqYmrfXHD1K8MXih,GN7Yuet3UyiWS5YVkEHv6oQKi4HGBJc3XDPt9zQhAqZz,1699.0562359999994,1699.3189100000009,1698.280121984253,0.9995432087535997,0.6793120487937011,1.0,4534.477133,3525.991607,8058.397430538644
BUSDTd9WiT6uBHJRgNvFXBsA7JrifsAtWzKfioN7ERcy,DyBxrn7gSc1EwnpWhDyhzvMHPtxpmBqRqotapLcKcfTM,Cds99GeBgoCpqBsoRWu1C6fF9LiUMd4pXQQD24s9LPff,1700.2937597499993,1701.7396833599996,1698.064337120507,0.9986888014987363,0.1698064337120507,0.9978476426348367,131.28760342,132.55761936,263.3877673028232
Sid7E679i9ABqptiAVhkmQ27YHN8vaYT4fppPwmxFsJ,GP7KB8o1bv527HG8kTzzzf4wJ5aEGHvcMQvVhLziUfmT,9gYxhAZ1M9wu5pxr8SBoa5NDm21gi3s9vMHaYTME77sa,924.9499840000008,1981.1364549999998,7.82369767489209,0.0084585089034307,0.0031294790699568364,0.018402905671582297,127942.409549,11816.783829,1299.6651684431595
SRMuKizofcAMicegrfSv7xs9q76tH1w8aAF7oX9FEWu,72Hj2KWntXPfbie4UgKeTPnm1XVkomDfCnRPKbvfTtPi,6aqJQ5wedqpUt4fFEDUqUmXhrdxCu4bEJsQdVPCADLko,119.49852199999896,105.4260460000005,5.279872585157399,0.044183580656817205,0.0021119490340629596,0.044334671797074884,16960.04137,4931.112914,967.974628450859
TETFuZgEmET6d9vYmz9iMFCxK1jKdKYxf3oPz8hSzJK,Eu1Ze6Z84LWNkq7SNoAHBJbXx5t1P95EwyqYohrfCRFV,ASMbv7WNu3qe4pkhREmvyEdwFNDZQ6B6iSrjkj4u8bdC,68.30046599799994,68.011290452,68.59064558320424,1.0042485740172373,0.027436258233281698,0.99864483895354,46.939552804,305.851918204,352.5764185668887
SUiuyGR7SFq3xeRVJonq84fjjeFwRSsFekcevJ53tzy,49GjCCPsv7fBqo6t3iKDrP1xxGDS8uWZbVCdfnp2gjMf,CEwj5xEbbJEjYqM8D6Ai8ByGz1mrh8mkAVsE5fzDSSSx,3.0340629999999207,4.090662999999901,0.025655249280555334,0.008455740464372693,1.0262099712222135e-05,0.9558273928660866,646.415832,1.655741,7.048527110745027
Dg3mAgpwDfVNnbGWcsxL8sUcSkEbjSJQhKAWNigG44Ju,EATxwd8YA2wV93VJcKMmH2Kn2Y9XfJVUB9hHVu3udwEy,GiGvrRi7NMHfHKanG2B8xyCEqe8jaafWins8bhrLVEaa,0.009290833000000054,0.009218586999999945,1.4816686654376436,159.47640706033948,0.0005926674661750575,157.86782453243893,0.19596582,0.26364681,72.87327321985049
BerKDkt6v49dT1bHRedgnpsJS263C1DSJtEGvY9Mg35V,78XKqNb8wbfsMMrvo8WPUpdx7GEkfQutpNVH943aCGFa,DKYQwn4nDvFHCszi5tXbqfVMAP7DaXXp1KGTXEnYnKVH,0.0010502780000933853,0.0010502780000933853,0.0010525949088510539,1.002205995705387,4.210379635404215e-07,1.0,1338.317413093,1742.598425701,3083.8681612597275
MATSnbbiTCv7Dc3trJrkrqjx7ckKdr6fwPoVwv9q3sD,631WX9JizSHJm4w6VanZeJAst9T8DeUUnPLesdGkCVtK,211maUSfpnXbPuW1iBu8b4dtJv5EbN1j7JJiEX5TZKEP,664.6371030000046,664.334391999997,663.9028264739244,0.9988952218845956,0.26556113058956976,0.9973729197294326,20173.594755,25379.474007,45464.10750056447
DFWzVTzNBrQZLjoQ4yQwkj9HuoXmfkuZP9V5vbymZe23,DhgiEgiNdqZdRdo195UUHnoEJUtefK8buko8nU97XJUZ,2K2kkXsouBHtWVjtcgkyiXd8eP3oVBvq1bTJzcVdLLr2,25.971583363007085,25.981889816004696,25.55371237173037,0.9839104537664841,0.010221484948692149,1.0,45446.639761195,22568.950498443,67284.3744480423
KEnkcdADoLR5jS2CLLLesy8TtFsyWL37BhXNfDMzWzP,3qsjFRuw1qeLMPo4DLwaQevenGAGBj9dA3Q6rb8ax2YR,77iEv8zPQAEyCcEbvBRSB6AFcUdfkhiqnAKtPxk76rNN,0.011228999999999989,1.3396080000000126,9.500692377023135e-05,0.008460853483857106,3.8002769508092543e-08,0.9976196794448446,119.934486,0.292099,1.3061518244538712
GokA1R67GqSavkd15zR62QD68Tuc5AEfvjssntVDEbM8,3YB7hfpBdbQEuZqLGWVDpRPmeZWCUsrrWyqGXegnQ6Cg,4DPCj6Z1DsG6HUtwSogBGqXEUxdEV5a8YVrrFtcnz7UW,13814.872633999994,13813.997887999993,13812.621176748184,0.99983702656467,1.3812621176748185,1.0,18797.433403,13597.724159,32392.094079702925
SQDY9uoDoCbNq7F3HAHYYQZbrUzpKxDtdWLvYcqBLak,GiehZ4X2uQjhEKuxSm3ACmEFrabxh3RTvjbLfLjw1xGX,rxDQYV77NKRKYxCjq4cECX3QQsiSyLv1T1FT2X3zNA2,1.2328792249999765,1.179312675999995,1.2355400766959084,1.0021582419769721,0.0004942160306783633,1.0,169.881517119,236.726896899,406.9750594393579
KwnjUuZhTMTSGAaavkLEmSyfobY16JNH4poL9oeeEvE,J63v6qEZmQpDqCD8bd4PXu2Pq5ZbyXrFcSa3Xt1HdAPQ,BnKQtTdLw9qPCDgZkWX3sURkBAoKCUYL1yahh6Mw7mRK,209.00572500000794,8602.890003000095,3.8458660510506877,0.018400768931332103,0.00038458660510506883,1.0,279474.715336,536.813882,5679.363541047554
JSoLLrxK5bYdHwTEWYaGgmeycBCNXKDiBCTw5hXGBg7,xG4wXczA7Dk4hccJ61CHKpDHW4NrNfQwgmWgkb9BuF2,BVR6WgfhsRr9Lob4QDnkEAiNGgAbv7ZieKcY9kSg3QYR,1.6481855079999264,1.4042934369999998,257.133642649415,156.0101344183318,0.10285345705976601,133.84798776950626,17.204525854,163.725404879,24598.396380888058
FrnkTEL6yZ5Aycq2TrEgu29dCrwKG4LPUZydfiwqspkc,DjvZuMZ46fxKBoBpGMPcRcos4xdTtHFxwMh69DpA2ZFY,9rvDPJLAng4uVVqnnSoEXgNDFhBZQTny9AoQioYDZbQX,40.52794108699672,33.832542343,6469.943738641978,159.64155999816734,2.587977495456791,133.85080052817526,174.037717013,1442.36605351,220845.5035594533
SoNcU2iwHMw6dGzsYNQkYFkUjwN1UdAjrWVRnStrZu2,8ivTTid27jZnYNc4w3CTA1Z6QS2twsFb8WMwUabeDJgc,CyXm53PMvHCbeXJBykU46Rcbo28xk5srhMZFg7gv6EYB,1.0877726090000017,1.0801922779999984,172.3226790942363,158.41792454459204,0.06892907163769452,156.17774339090928,15.354590856,19.323872877,5450.4012751415485
SAMyS8Jr2HJrkFwYVKbpUwsNStnQmvz3f8Tup8bWUWF,6jPzm5TFfquvgm25sTyN3MMGBfufRaFHMxobDWv6hMFW,Cj9ECoDmxsHTDzCY5ZA6RWrPbg9uFzEC1Qc2kso2vJG6,2184.9266114900092,39.61849404999981,2113.908093409131,0.9674961540092886,0.8455632373636524,0.018356345417913755,442.80554228,110813.17918192,2462.5376530503904
MARpDPs5A7XiyCWPNH8GsMWPLxmwNn9SBmKvPa9LzgA,6YjT74rmcfCpw8LSjPNx5JTmZoYLGrTKnf9arfSgZ4SR,F8GSmi3vA8M8TsybLya1LQ4n1aFHCRbZ6k437PeTdXtg,62376.60243199991,65237.75420999958,59679.73489196683,0.9567647573788091,23.87189395678673,1.0,295658.821016,16380.666346,299256.60650227795
BkwbeSfcX1h4thMDd7obGkHrPevf3QwgzJ4pCEqG18Lu,35yX27bmurdebhfAb8EPmjLETDiUaEUCn9zHaDPbakH2,2CxECn1ZJFoESyUnQysQU8rRgT3iJ5GRs2Mdd6gZjx5g,0.017578410000000044,0.026961000000000013,33.1155759014356,1883.8777740100222,0.01324623036057424,1219.5121951219512,0.85989721,22.00257083,28452.34469307174
BSCNHw8CmxbZ8hCWWzMf5FaG2ajPT6JxfznKUNuRVrn4,7n9kgNL633yGzCYksgnzHyjG73ZLBAwvEae5sbAekbzW,SscdxE99omdG9AiMVwmaEMQySQnCgeAh1sPj2Leutm2,25.178604321999956,25.162044591999802,25.205274905562153,1.0010592558356737,0.010082109962224861,1.0,5399.809785838,6297.532912335,11703.062478200176
daob129AwBGn9Y5r91uLoWZeYiGzbPmksauMhFZKTze,6VW5GQNyj4LStgmxEHLr5zUfW92vQnmbw8jTnCH7a38F,4VPCCUifPeBA1c7HWK358CHn2nyjm8pdTRk6Ps3KmnMQ,32.71373152900006,29.253623089000023,4878.700574714281,149.1331115922808,1.9514802298857123,133.59844608975382,48.472775499,223.848404131,37134.694789252775
ALLwa5WNZbvQsRKAqe1jdRGemdYQnW8E5k4msbRFcYtu,CGoM82Hbz7QVqTgvQatYtjvDWBvoUJp5qm21P8iMs9yb,3dxNNww8TivyN5FMy5dCNdi3Zcxv6e4kUfSPxfFwpdNq,1.2372974700000041,1.2145551860000001,3657.93782705101,2956.3932002956394,1.4631751308204042,2924.831822170225,0.93849042,7.71431876,25337.63169184335
C2ypsDADXcCRz8HbV2zX1AXPSja7a1P3xZtRC91xGhJh,J9bYNuDpY1d1T86gLaw7DGk5D3CsUAf2tzUwxMvb6FTv,A2NGvvPrMGzsJ4jb52KEnSBVmsA7C34dV1GC7PerdgvG,4.031106969,4.053295472,537.7209678400437,133.39287991492736,0.21508838713601752,132.33913119889723,1.609980195,1.153697007,367.4391543901944
CZgvH45CRmoaNJ7395Ao5CQZXkGznvqU7cErD6n7FaRg,4ZjU6MKvtqVQKCiowhvZ5yUsPxXX5SCzd5eFsPeXyey5,BsyWeshjDbCvjDojry3vKDCesmFRM37WtwcR4Kfgzqr,49.527998219999944,49.54818227999996,51.02749052576537,1.0302756493227283,0.02041099621030615,0.9995403114107821,213.4433165,591.75788462,811.3913117734946
HEDSDjj84KS7LKhZY7ejkCACTdPen62rKhCby1wXtgxc,EnnjMSFttpCTywBrYNt1J5QQeoSVkvzPipJDa8Y7kJow,6bjVT6JN2rSvpyn9PdfLYC8wJn4LWh49jpY47fnLDXZk,17.84892001899607,18.430722238008457,17.292793867217956,0.9688425881685703,0.0069171175468871835,1.0,39123.914680396,9099.221415458,47004.13617369918
ercAoEmXjQzEvAFbdjAo81KtMxRGn9AW1ju882upmPH,CMRhskR2Eg6V42RTSdRTXGdozyPbWB8U9dVpijPWb9T4,7TKLLgrWswt6ZJ1pXhVR3FyufHGjJFqiEXxvWJfDcgRm,32.09674764900001,31.582533738999985,4289.11564026148,133.6308490556709,1.715646256104592,131.31136590476748,314.025715677,799.661930375,146968.22335081652
BUSD5rCfUDpCxKGMvYU2yThChxgHoioK74PTPociGnv2,CcFHbafgYDZ8yA8Me1PdtDiVb2eeaS61LbqyKKK5CsNZ,26R9s4nmF3CFDTkiePDwRmtscn8i7r2eygbSijditJ58,110.19125874000001,109.80739687,109.89991625999309,0.9973560291139395,0.01098999162599931,0.9995352960501603,106.21652756,41.73572995,147.65202934495574
KZMu9QBEdL97EFgamLbN5DE1AoKBG4HdrKKJo4Vuon3,DD4ACBWyVqdaKWh7v5btsgqQCCMwbKnuL2xd9pv7Gyuw,GcYqiJ1MAuYbNTNYXm1F1gQYTfTgkErACAhNU5dpVj9T,40.477470259999905,41.7974580500005,39.16160015823504,0.9674912959403688,0.015664640063294016,0.9995352960501603,2387.47520106,809.71501636,3119.200214892685
STK75uPSyBnEhGTTzb1nwmP3n427XoXmfRhXxxhyady,6TYyD5fUmDe6N65avW1Ny2RxzRNobw2RRgKwH9CTzSAU,54zDfk4cx2vGrEajPtodWpArNe5eUurytyxd4X3aZAxK,638.5374457140018,718.7708212079915,85328.62029560882,133.63134905924866,8.532862029560881,150.53596070770567,1683.403876403,298.215232452,269847.6475301352
YakoMPuYrybnr9R7VC7hVGxMz94fJvPFCdZ4gmW61Ed,,,0.29889199999999994,0.2988409999999999,0.0,0.0,0.0,150.53596070770567,1683.403876403,298.215232452,44892.116514833586
Lid8SLUxQ9RmF7XMqUA8c24RitTwzja8VSKngJxRcUa,4PgzyzLtds9bKZ2to9PMnKqJzKEUpjvNUaeN23phegax,AtymwxoVN9peZo7EXTcDz9jKVc4vRmisJKKrNfe3ewBa,301.1813397720075,255.24892560800163,47484.054691399564,157.65935143041966,4.748405469139956,133.6308490556709,976.172420093,7665.710348276,1178278.0930910902
oKQqupM9E7SSLAFDLxr7mdsXP7znck9qRbVWc6Yyj7Q,CMR2J7CwfW98RpvnJmFBgRFTLAd3x8CJ1SWs8Bt3uunG,FmRb5jHfSNj1YWP3b45d9vvYuhwjp4om8bALmtqZpr1v,27.13479617999974,26.81356185999948,27.454716380834874,1.011790035153127,0.010981886552333951,0.9995352960501603,2176.16186239,3720.11096757,5920.201104556001
