0,1,2,3,4,5,6,7,8,9,10,11
BUSDgu5JdqP1rndBvXvanbEufS94FNh1w5FJcAj6vawb,Bgzr8cWubt89JQFXndVjtdKmDbGzuPxNhvjH1EhWCwbo,Dxaf8xPBBQsasRKW5Aa4Sw2YrbfGofY9xZueyyF23FBW,6468.726224649994,6457.398082480004,6478.123909442945,1.0014527875298138,2.591249563777178,0.9998496426107442,6433.92147787,8616.50654183,15058.479585162713
STK75uPSyBnEhGTTzb1nwmP3n427XoXmfRhXxxhyady,6TYyD5fUmDe6N65avW1Ny2RxzRNobw2RRgKwH9CTzSAU,54zDfk4cx2vGrEajPtodWpArNe5eUurytyxd4X3aZAxK,490.0950218570002,551.882501949998,67245.61994916946,137.2093511465831,6.724561994916946,154.12274489526206,1684.799604837,297.091759648,276958.85807441757
Lee1XZJfJ9Hm2K1qTyeCz1LXNc1YBZaKZszvNY4KCDw,9DgFSWkPDGijNKcLGbr3p5xoJbHsPgXUTr6QvGBJ5vGN,2hNHZg7XBhuhHVZ3JDEi4buq2fPQwuWBdQ9xkH7t1GQX,1819.6424936670574,1536.7966246450005,294823.2306834304,162.02261252389428,29.48232306834304,137.81639025522355,6901.770393444,54999.281680837,8698045.338069063
moFiBS1R4Lf3E3zzmBPnw3NF4RhWPkhREFviuzUaCAU,44ALBrpqi9PfZkBRTvbtRNtFJGsatfY4QydjtMbFWq8S,2ho8qEEie1UjVwWNBo9y4oAJZMyMLx8zPj9bxyUz6uWs,138.31126373799634,138.28829600000245,138.29132185280253,0.9998558187912187,0.05531652874112101,1.0,34013.885328999,30504.437497038,64513.41866293491
Lid8SLUxQ9RmF7XMqUA8c24RitTwzja8VSKngJxRcUa,4PgzyzLtds9bKZ2to9PMnKqJzKEUpjvNUaeN23phegax,AtymwxoVN9peZo7EXTcDz9jKVc4vRmisJKKrNfe3ewBa,126.84679711599199,107.47891894600059,20645.372091731242,162.75832390827006,2.064537209173124,137.75167230530178,973.765227118,7668.565575509,1214846.1284551155
TETFuZgEmET6d9vYmz9iMFCxK1jKdKYxf3oPz8hSzJK,Eu1Ze6Z84LWNkq7SNoAHBJbXx5t1P95EwyqYohrfCRFV,ASMbv7WNu3qe4pkhREmvyEdwFNDZQ6B6iSrjkj4u8bdC,1.3039046000000099,1.2957649019999948,1.3105278662992768,1.005079563565668,0.0005242111465197107,0.9983886007983115,48.235317706,304.548013604,352.53759724640054
DFWzVTzNBrQZLjoQ4yQwkj9HuoXmfkuZP9V5vbymZe23,DhgiEgiNdqZdRdo195UUHnoEJUtefK8buko8nU97XJUZ,2K2kkXsouBHtWVjtcgkyiXd8eP3oVBvq1bTJzcVdLLr2,5.3980205099978775,5.490722385999106,5.311106383780961,0.9838988892213472,0.0021244425535123846,1.0,45452.130483581,22563.552477933,67283.85317347207
SoNcU2iwHMw6dGzsYNQkYFkUjwN1UdAjrWVRnStrZu2,8ivTTid27jZnYNc4w3CTA1Z6QS2twsFb8WMwUabeDJgc,CyXm53PMvHCbeXJBykU46Rcbo28xk5srhMZFg7gv6EYB,3.797291400000006,3.766154668000002,617.9150701288745,162.7252178036359,0.2471660280515498,160.79827984432154,15.394050689,19.285582743,5606.088782117468
HEDSDjj84KS7LKhZY7ejkCACTdPen62rKhCby1wXtgxc,EnnjMSFttpCTywBrYNt1J5QQeoSVkvzPipJDa8Y7kJow,6bjVT6JN2rSvpyn9PdfLYC8wJn4LWh49jpY47fnLDXZk,17.190738428995246,17.661103912994804,16.651718133434716,0.9686447270553906,0.006660687253373886,1.0,39107.540192276,9061.304701157,46942.617296511904
vEnkoSUkpnbRrPgBz9DfcVxNz67zjwMYBZraAvDDNSf,DtfyjjsZ5yCjWKLKHvwsfXs5QVsmm1QkK6Sh9JZHoq1g,e5wrKCRv4GhHvEf1VD5Pq2KGaZDXP77nTL612Jyrxwy,1038.049877999999,1038.1194890000006,1037.326861177758,0.999303485470627,0.10373268611777581,0.9984533956900761,1201.056116,745.496993,1944.5635671022046
ALBpShJ9NLpE739pcHDF2LNVk5J4VYPvvKuV6jMPitZi,D6d156U1bPiJpDYRLextvDRccgFk7QzkQbJg42ceKEu5,GNcM8U5g8RwTZffwwm3kSQqUNPSwv5d2fbN9sLxPJqt2,635.7756780000054,634.1495329999962,635.0567937095263,0.9988692799750684,0.2540227174838105,0.9990688678151963,42050.703304,58359.87793,100308.69290106988
SoN9GaFpSXfpyR5dth3x7PHPVhvJMpQqqDJfCSmPv1t,9kZ9iS68ViMPtoeqtnhAKuF2iqVyfHPdZHoUNdwCELr,BBhm5fJLjw3HRzjtKB8uMEYjGhY6EDm9co3cqpjrSzB9,0.4953059589999982,0.48550115999999943,81.15408785246194,163.84637894587138,0.032461635140984775,158.22777299314572,1.53676458,2.444805676,638.629469239755
Cob4usZcpHEY7Qt4ZCwj6WVg9S44zvzYV2v9qYF65dTf,NhFM9UXE48PyNAyeyPYA3iXztqKVJwA4bTdLj4ysM8w,6TuFuynuBoeskxyR2cz4wxyidk8dpDK7kAWw3UkjQGx,43.03673100000006,5060.028941000026,0.36303341200329614,0.008435431864081303,0.00014521336480131846,1.0,71836.291141,180.290747,786.2608862882128
BSCNHw8CmxbZ8hCWWzMf5FaG2ajPT6JxfznKUNuRVrn4,7n9kgNL633yGzCYksgnzHyjG73ZLBAwvEae5sbAekbzW,SscdxE99omdG9AiMVwmaEMQySQnCgeAh1sPj2Leutm2,894.9248426390004,894.4711404370009,896.1943584079299,1.0014185724973126,0.358477743363172,1.0,5405.145938899,6292.549455696,11705.362985967884
CZgvH45CRmoaNJ7395Ao5CQZXkGznvqU7cErD6n7FaRg,4ZjU6MKvtqVQKCiowhvZ5yUsPxXX5SCzd5eFsPeXyey5,BsyWeshjDbCvjDojry3vKDCesmFRM37WtwcR4Kfgzqr,9.56624745000002,9.875021999999944,9.892224744953504,1.0340757749219087,0.003956889897981402,0.9998496426107442,203.87706905,601.63290662,812.3667848335565
NorjjEePhxfwLF4vZjUHCrVVKLzQjEEGQFd3wgjEJmh,34M8pFVqgbV7aqHxvRT5tCv3vu2P1JJYT8J3VaxBK2oG,3AZWBSze3ucsY3xSeuLne3b2pauVqiaJ1SZSV5T9WGWw,0.0011050000002796878,0.0011050000002796878,0.0006547430357440445,0.592527634007531,2.6189721429761777e-07,1.0,38124.370231,2258.549989,24848.292880001576
AURHmCnNwiW4uA2Qj1XvEh4iKgRUZYXtiY7FKAapUV5Y,BKWm4TRnTeKwfWXRyuzjRHU7iZDkPuXBX5b5V5jSVfGJ,A5Ww74HVrkj9nPeC7pHKLfgeDMEhBCpW1efQdz3TGLEg,0.02001960500030009,0.017903172000046652,3.083742196576592,154.03611592388398,0.001233496878630637,137.97322574365154,289.92311033,1809.461752224,294315.90464591014
ercAoEmXjQzEvAFbdjAo81KtMxRGn9AW1ju882upmPH,CMRhskR2Eg6V42RTSdRTXGdozyPbWB8U9dVpijPWb9T4,7TKLLgrWswt6ZJ1pXhVR3FyufHGjJFqiEXxvWJfDcgRm,0.23073108400001274,0.22699577600002385,31.855263770093796,138.06229840315766,0.012742105508037518,132.3248240973032,314.918553745,799.710038317,149299.86948897765
Sid7E679i9ABqptiAVhkmQ27YHN8vaYT4fppPwmxFsJ,GP7KB8o1bv527HG8kTzzzf4wJ5aEGHvcMQvVhLziUfmT,9gYxhAZ1M9wu5pxr8SBoa5NDm21gi3s9vMHaYTME77sa,6112.679859000009,13127.77714499996,51.53006716026909,0.008430028784248983,0.020612026864107638,0.01900733508266708,129083.398244,11309.157925,1303.1337169488695
RoBgmK8CvjdHvPrqdDyVw54VwjZv2TqJ493xnqJAQHx,ExiHJxM7qPAcy27NDHAF6G7vnW7muNHi2sVJpnaNynGQ,6rkPHSqZb7StM4HwS9EuVrmfkV7tRdc7dnsFhyB6cefE,47.62273699999984,4.782740999999703,0.0,0.0,0.0,0.9499427659483517,6340.694601,17.73423,16.84650349816424
BUSDTd9WiT6uBHJRgNvFXBsA7JrifsAtWzKfioN7ERcy,DyBxrn7gSc1EwnpWhDyhzvMHPtxpmBqRqotapLcKcfTM,Cds99GeBgoCpqBsoRWu1C6fF9LiUMd4pXQQD24s9LPff,863.0074357699999,864.9920023999999,860.5145680919659,0.9971114180774007,0.0860514568091966,0.9997130823453669,156.55246836,107.42364737,263.4930793590015
heyk4SZTeCUV6a65WiVA5bzic3KcxgVf1qxobfeV4tQ,9ZDpBKPqMABtGfq66FbVribaArMvtk63xxy91onZAtDt,DaTP4s6N7xxSPinbNZ3FB52EpRDRt87QShTuN3VPCW52,109.01760314900002,94.70186657700049,17217.158779269976,157.93007993157207,6.8868635117079915,137.2476170725605,627.192701332,4471.868554111,712805.8963673126
MATgk4zXLXtYkwBH678J1xZbRDZ45LicNzkRBHkxTuY,y8dALFo1bJrSzPYjMX14HJX448pXqYmrfXHD1K8MXih,GN7Yuet3UyiWS5YVkEHv6oQKi4HGBJc3XDPt9zQhAqZz,77.59214399999928,77.65560200000255,77.55670058783065,0.9995432087535997,0.03102268023513226,1.0,4534.482409,3526.018486,8058.429583128613
FrnkTEL6yZ5Aycq2TrEgu29dCrwKG4LPUZydfiwqspkc,DjvZuMZ46fxKBoBpGMPcRcos4xdTtHFxwMh69DpA2ZFY,9rvDPJLAng4uVVqnnSoEXgNDFhBZQTny9AoQioYDZbQX,26.179199598998906,21.896444744000036,4313.732919863438,164.77711259088284,1.725493167945375,137.99664474957956,173.955595569,1442.47536384,227720.66110073618
BUSD5rCfUDpCxKGMvYU2yThChxgHoioK74PTPociGnv2,CcFHbafgYDZ8yA8Me1PdtDiVb2eeaS61LbqyKKK5CsNZ,26R9s4nmF3CFDTkiePDwRmtscn8i7r2eygbSijditJ58,384.37447205999996,383.87304802,383.8387904823906,0.9986063549570854,0.03838387904823906,0.9998496426107442,111.26443137,36.77749382,147.88133229881433
wrmcMSHFi3sWpAEy4rGDvQb3ezh3PhXoV2xNjgLBkKU,8p4mGnARWPBu6P2Gcw4adodLkNDorrXniZMhaY7eJXUn,AyY89zccbsgp9LKFgH4CFZMJmpSgqmPSdTfukhP227rc,0.005087840000002106,0.03870580000000483,1.513337299227277,297.441998810232,0.0006053349196909109,2984.2728819123217,27.09409835,0.09460886,8341.261424471648
RajgMbScQbqqrdJfR2rxfHJiTiY5b6bJ2tTXiF4aPxy,725ZA3fhyBAKb5iopNRrcbSuQa3LXA1656Q3mBvYPxeg,GLA6i1dSZpUfk2f9Nj8uiG7xyDdAR2reff8oEiZH3617,1722.2115090999941,1720.9451567299984,1724.2602233695955,1.001189583427341,0.6897040893478382,0.9998496426107442,64014.87015708,117414.51225068,181487.8792968795
KEVpg4SYCVrqFxKijQH6hm4QxsRdoE51ud64bEEFUC9,2bPenuBYfqzD8p5dFjCcggwkHDsc2RQDnx9AoyYGUBjA,AE6n6iLuX8oYu61vt5hoDYkjswpnxFxrhSehxrnQTnbx,2621.775822296001,2618.9496585939996,2626.8310956957216,1.0019281867491223,1.0507324382782888,1.0,1866.707781649,5774.618682266,7644.925825124059
JSoLLrxK5bYdHwTEWYaGgmeycBCNXKDiBCTw5hXGBg7,xG4wXczA7Dk4hccJ61CHKpDHW4NrNfQwgmWgkb9BuF2,BVR6WgfhsRr9Lob4QDnkEAiNGgAbv7ZieKcY9kSg3QYR,2.043753224999932,1.739221227999991,331.3589196329922,162.13254887120885,0.1325435678531969,138.09276491957684,17.073334058,163.880228664,25398.81706041741
GokA1R67GqSavkd15zR62QD68Tuc5AEfvjssntVDEbM8,3YB7hfpBdbQEuZqLGWVDpRPmeZWCUsrrWyqGXegnQ6Cg,4DPCj6Z1DsG6HUtwSogBGqXEUxdEV5a8YVrrFtcnz7UW,8494.131981,8492.697662000002,8494.081016513901,0.9999940000359998,0.8494081016513901,1.0,14856.159441,17539.986003,32396.056307578176
WiiQFxXqp8P9Fs1rt9SVcDyA3KUdJmUsog6wnVQAwba,3S2jpqSYxho6wiz3cafhjXruVY8cg4HYa2v3BqBHYFSj,Dfe67M6TfrG74gKRtdqys4e6E9QirPD53BkF4FujFjuv,34615.370650429,34663.89263492501,34562.830827217775,0.9984821822726727,3.456283082721778,1.0,19778.210478861,7036.719258727,26784.910019108374
parEAJhzYzHW87y9VoZAQ22dzQ2MD2ekEtTReaxbMcz,3oyc6hpjYSJEquK6dSvG72NXyz3pqLZz5D8AC71pwgQb,Di2vordgFJVZ1aj1aBpvzXtLfZgJsuLLXawGtVFwX6Rz,14.13763264100001,16.61767792300043,1889.2927771628317,133.6357242501666,0.7557171108651328,158.7603231915651,1101.474331181,141.459855291,169654.532334972
KysFMBBoavfov2tLpvefWW6tPFt6rAeZWDJVy1mMQae,B8ka2V21TH3x64dFV8ETcjuQcwmrciJ2qzy1mJUttRew,7fSf7EYxBANyxzk2s5pymFgshA91tFYQNKKs5UnLWcYS,39.07849400000032,51.63112399997772,0.0,0.0,0.0,0.019221764573365246,134439.107545,2659.455375,51.119425111620785
B2izdXFYb2sNwbWWHmh75T4aQFtfXsUxem9u2p61HGzf,4DYwgJtxwuJdAjkj5RJSNH4e7U329V5cNp7d3a1nLrZv,EXNW64GEf1ACC6xY9BtKRiunrs6GoJSXBdxWN2eTPmrF,31078.44927000003,30842.49080700001,31124.54472073143,1.0014831966141855,3.112454472073143,1.0,11262.251044,28661.112755,39940.06793161656
BSC8REUo9LpiiWUuqMuLXs2D2yJsJfGd4HdiF3wCLxk5,AZjEH1zWVx1UJ6udMyRijGTzPteuLnaY18yNNmprJEsh,Caf8ypkSVR8xYnXNhjvfvdGCC7mrM3C11rz8Xi6NA6aK,1904.5208373050004,1904.8096015789997,1908.395714574514,1.0020345680622726,0.7633582858298056,1.0,2729.252929,3625.025823235,6359.831603078208
KZMu9QBEdL97EFgamLbN5DE1AoKBG4HdrKKJo4Vuon3,DD4ACBWyVqdaKWh7v5btsgqQCCMwbKnuL2xd9pv7Gyuw,GcYqiJ1MAuYbNTNYXm1F1gQYTfTgkErACAhNU5dpVj9T,22.97386971000003,23.735399489999963,22.262887262838102,0.9690525603158421,0.008905154905135241,1.0,2374.55310243,822.23368865,3123.3004521657176
MATSnbbiTCv7Dc3trJrkrqjx7ckKdr6fwPoVwv9q3sD,631WX9JizSHJm4w6VanZeJAst9T8DeUUnPLesdGkCVtK,211maUSfpnXbPuW1iBu8b4dtJv5EbN1j7JJiEX5TZKEP,1497.9067139999934,1496.9773540000097,1498.8149958875013,1.00060636745868,0.5995259983550005,0.9994852650884793,20500.934852,25052.495887,45552.966444513004
KwnjUuZhTMTSGAaavkLEmSyfobY16JNH4poL9oeeEvE,J63v6qEZmQpDqCD8bd4PXu2Pq5ZbyXrFcSa3Xt1HdAPQ,BnKQtTdLw9qPCDgZkWX3sURkBAoKCUYL1yahh6Mw7mRK,183.8554289999995,9852.63215100026,3.5329913616540174,0.01921613835865585,0.00035329913616540177,1.0,278767.913207,550.14763,5906.9904201394775
MARpDPs5A7XiyCWPNH8GsMWPLxmwNn9SBmKvPa9LzgA,6YjT74rmcfCpw8LSjPNx5JTmZoYLGrTKnf9arfSgZ4SR,F8GSmi3vA8M8TsybLya1LQ4n1aFHCRbZ6k437PeTdXtg,26306.724763000035,27539.09426699998,25112.787506574943,0.9546147508980539,10.045115002629979,1.0,296115.832546,15955.029272,298631.5709948697
4vezWG46exH6pf9nry3n1VJ7hZHvjBJNgNeF4qEFCML5,,,0.2677979999999991,0.2693329999999996,0.0,0.0,0.0,1.0,296115.832546,15955.029272,15955.029272
SEQV6QiTpvTzrceiaYg9Avnwf7oc8ZALpnQMz6TyT4A,3dFMPj4r9mMmPHF32mz1gNDX7f8ftidWof7S8YiYTs1j,Fc1ED3YPeQfXQosHbd8DTaBd2AV5gHQtwiSAL5C5pUhi,284.3875319900003,283.9552500210002,284.7419859326389,1.0012463765206523,0.11389679437305557,0.9987445780653718,1471.814552617,4155.328294337,5623.760591768845
BSCrK1Nx9PXU9mF7STWWBqeHLxmtJDr9h7jheEy4tAWX,FfSySSbVJPvEo5a5AvrP3nySoXpRE2QPn1uUMpJJ1x7v,HL7Vcj6838ZmvBHDbQxXfjBNckNi83WvPiZQoMQLFeRM,0.036154957999999904,0.036111237000000074,108.19428010545597,2992.51571818881,0.04327771204218239,2987.928767778176,0.83008691,0.974197115,5394.879711032783
KEN5P7p3asnb23Sw6yAmJRGvijfAzso3RqfyLAQhznt,9zj4aX38Uxf3h6AUjS4EipWS8mwbEofasHAf3a1uKGds,CwQDG1MWunn9cLNwcZLd8YBacweSR7ARo32w4mLua1Yr,135673.6611569987,135709.29987400095,135465.45075918187,0.9984653587436112,13.546545075918187,1.0,1146406.741502,1090410.020453,2235057.4388728887
BerKDkt6v49dT1bHRedgnpsJS263C1DSJtEGvY9Mg35V,78XKqNb8wbfsMMrvo8WPUpdx7GEkfQutpNVH943aCGFa,DKYQwn4nDvFHCszi5tXbqfVMAP7DaXXp1KGTXEnYnKVH,0.001108728999952291,0.001108728999952291,0.0011109173304574365,1.0019737289321735,4.4436693218297467e-07,1.0,1338.317413093,1686.887252267,3027.846141158653
daob129AwBGn9Y5r91uLoWZeYiGzbPmksauMhFZKTze,6VW5GQNyj4LStgmxEHLr5zUfW92vQnmbw8jTnCH7a38F,4VPCCUifPeBA1c7HWK358CHn2nyjm8pdTRk6Ps3KmnMQ,22.978653729000143,20.535179016,3548.4032144116454,154.42171922950357,1.419361285764658,138.33420714440845,48.322941327,224.025396676,38452.48730732783
YAkoNb6HKmSxQN9L8hiBE5tPJRsniSSMzND1boHmZxe,CfWX7o2TswwbxusJ4hCaPobu2jLCb1hfXuXJQjVq3jQF,EnTrdMMpdhugeH6Ban6gYZWXughWxKtVGfCwFn78ZmY3,5483411.951265999,5481203.93713401,5483411.951265999,1.0,548.3411951265999,0.9981464420571,536470.720204,841256.711905,1376168.1140486305
C2ypsDADXcCRz8HbV2zX1AXPSja7a1P3xZtRC91xGhJh,J9bYNuDpY1d1T86gLaw7DGk5D3CsUAf2tzUwxMvb6FTv,A2NGvvPrMGzsJ4jb52KEnSBVmsA7C34dV1GC7PerdgvG,1268.0308128069996,1274.5339180589995,175713.42181060513,138.57188645253336,70.28536872424206,138.55372358282747,496.152800478,297.646178162,109992.81582548661
Dg3mAgpwDfVNnbGWcsxL8sUcSkEbjSJQhKAWNigG44Ju,EATxwd8YA2wV93VJcKMmH2Kn2Y9XfJVUB9hHVu3udwEy,GiGvrRi7NMHfHKanG2B8xyCEqe8jaafWins8bhrLVEaa,0.025545339,0.02599435099999997,4.196820808726248,164.2891021616996,0.0016787283234904996,164.24366204238635,0.170420481,0.289641161,75.56995277430339
ALLwa5WNZbvQsRKAqe1jdRGemdYQnW8E5k4msbRFcYtu,CGoM82Hbz7QVqTgvQatYtjvDWBvoUJp5qm21P8iMs9yb,3dxNNww8TivyN5FMy5dCNdi3Zcxv6e4kUfSPxfFwpdNq,4.211934229999999,4.11357898,12588.720873931492,2988.8218064438997,5.0354883495725975,2948.6956444816637,0.877649183,7.777762591,25557.391692452195
SUiuyGR7SFq3xeRVJonq84fjjeFwRSsFekcevJ53tzy,49GjCCPsv7fBqo6t3iKDrP1xxGDS8uWZbVCdfnp2gjMf,CEwj5xEbbJEjYqM8D6Ai8ByGz1mrh8mkAVsE5fzDSSSx,0.22414000000000023,24.756990000000087,0.0018944892709986034,0.008452258726682437,7.577957083994413e-07,0.9544297950075685,647.99834,1.642223,7.044436185387447
BSCuChvaSj9b5HUSqgDVRzcnr2sSn7cXaamt1jbKH6hn,GnKpRj5kBVPMJfiwZtEuD9GYApLzPdW5JFuZTcyX4BTc,3dmwD9okkomV9nDwyuh4UMhKdUR13QpuKxRo89ycZB5t,1305.579627708,1308.849096194,1305.1786781232593,0.9996928953422437,0.5220714712493036,0.999714081772613,1624.442427813,1487.39868769,3110.9169672709595
C98Sspw7XqnMsgxea3SLQVdbMDL8pKUc3RE82UvX9eq2,CSqgQJurPCzGxb4Cgwx5R61hWQUiaoUHcShNc8r1cKEL,6S2CR5EnukPhC914XkAns8m5GixjMAoUuZMsS5ubHuWc,42.90219500000012,42.91482899999983,0.0,0.0,0.0,1.0,897.512118,866.073283,866.073283
SAMyS8Jr2HJrkFwYVKbpUwsNStnQmvz3f8Tup8bWUWF,6jPzm5TFfquvgm25sTyN3MMGBfufRaFHMxobDWv6hMFW,Cj9ECoDmxsHTDzCY5ZA6RWrPbg9uFzEC1Qc2kso2vJG6,1173.376194299999,94.40951561000435,1137.0632053000732,0.9690525603158421,0.45482528212002926,0.019265455731655976,455.72764091,110146.6630995,2563.6496991635763
BkMBnJpvHKtWhUvrgRrLesXfi9RUV3ELgdBaJcdH7hcY,5uerVwBnZQsuVhZ15igs7ZgmcqhHnYWbwoRtLyRqLvR,9YWiQh5d4jCtgMdzcGLv9bWgnLaFtzvDDh2nnhJdzhBX,0.056494236999924397,0.05623457199999393,0.05680594416732578,1.0055175038013489,2.2722377666930315e-05,1.0,986.482241645,1887.573886459,2879.4990476222397
AUSejoEUCh2DBs9mof6BNC8Pubs22w4cJa1ccV9h44R,4xkyD7AfGQDwsQMy9MosRRNGoVJ1zosNinesxg1TzHG7,Cbm5gsQe3nSiCsFrvepVzMCD9xLK3ri9g3ypS2hdmVJ7,2466.944223999999,2467.599479999997,2468.3067293145805,1.0005523048722895,0.24683067293145808,1.0,14268.019354,14608.630588,28884.530238607134
