0,1,2,3,4,5,6,7,8,9,10,11
ALBpShJ9NLpE739pcHDF2LNVk5J4VYPvvKuV6jMPitZi,D6d156U1bPiJpDYRLextvDRccgFk7QzkQbJg42ceKEu5,GNcM8U5g8RwTZffwwm3kSQqUNPSwv5d2fbN9sLxPJqt2,25.319915000000037,25.26622199999838,25.32361224738816,1.0001460213191127,0.010129444898955264,0.9985102227476604,41205.004835,59099.358601,100222.33536508842
JSoLLrxK5bYdHwTEWYaGgmeycBCNXKDiBCTw5hXGBg7,xG4wXczA7Dk4hccJ61CHKpDHW4NrNfQwgmWgkb9BuF2,BVR6WgfhsRr9Lob4QDnkEAiNGgAbv7ZieKcY9kSg3QYR,3.717218513999917,3.1832608440000136,641.4739735984207,172.5682714595548,0.25658958943936827,147.46526381978094,17.199076385,163.725634944,27111.858833538405
BUSDgu5JdqP1rndBvXvanbEufS94FNh1w5FJcAj6vawb,Bgzr8cWubt89JQFXndVjtdKmDbGzuPxNhvjH1EhWCwbo,Dxaf8xPBBQsasRKW5Aa4Sw2YrbfGofY9xZueyyF23FBW,5023.749012210003,4994.492375119998,5050.626882785856,1.0053501619030982,2.0202507531143423,1.0,4984.62821286,10051.31232003,15062.609100855552
Cob4usZcpHEY7Qt4ZCwj6WVg9S44zvzYV2v9qYF65dTf,NhFM9UXE48PyNAyeyPYA3iXztqKVJwA4bTdLj4ysM8w,6TuFuynuBoeskxyR2cz4wxyidk8dpDK7kAWw3UkjQGx,117.6956999999984,1027.2242470000056,1.0455127343572959,0.00888318548899671,0.0004182050937429183,1.0,71208.047357,185.660707,818.214999981493
NorjjEePhxfwLF4vZjUHCrVVKLzQjEEGQFd3wgjEJmh,34M8pFVqgbV7aqHxvRT5tCv3vu2P1JJYT8J3VaxBK2oG,3AZWBSze3ucsY3xSeuLne3b2pauVqiaJ1SZSV5T9WGWw,0.001213000000007014,0.001213000000007014,0.0007186810869011716,0.5924823469884715,2.874724347604686e-07,1.0,38124.371737,2258.309846,24846.32709019871
YakoMPuYrybnr9R7VC7hVGxMz94fJvPFCdZ4gmW61Ed,,,0.31262600000000007,0.3134079999999999,0.0,0.0,0.0,1.0,38124.371737,2258.309846,2258.309846
C2ypsDADXcCRz8HbV2zX1AXPSja7a1P3xZtRC91xGhJh,J9bYNuDpY1d1T86gLaw7DGk5D3CsUAf2tzUwxMvb6FTv,A2NGvvPrMGzsJ4jb52KEnSBVmsA7C34dV1GC7PerdgvG,0.1308034680000001,0.13015798699999992,19.300452117334796,147.55306118745096,0.00772018084693392,146.65848898932063,1.309424137,0.910011665,326.670475558642
SRMuKizofcAMicegrfSv7xs9q76tH1w8aAF7oX9FEWu,72Hj2KWntXPfbie4UgKeTPnm1XVkomDfCnRPKbvfTtPi,6aqJQ5wedqpUt4fFEDUqUmXhrdxCu4bEJsQdVPCADLko,215.7878470000005,215.87389500000018,9.660399782212444,0.04476804378243053,0.0038641599128849775,0.044618151833161306,17864.056964,3999.896594,978.2068778442217
Lee1XZJfJ9Hm2K1qTyeCz1LXNc1YBZaKZszvNY4KCDw,9DgFSWkPDGijNKcLGbr3p5xoJbHsPgXUTr6QvGBJ5vGN,2hNHZg7XBhuhHVZ3JDEi4buq2fPQwuWBdQ9xkH7t1GQX,2076.8223579629266,1755.8242827219929,362312.43807284354,174.45518952724564,36.23124380728436,147.6426852129502,6946.569565411,54952.368274588,9325180.320969079
oKQqupM9E7SSLAFDLxr7mdsXP7znck9qRbVWc6Yyj7Q,CMR2J7CwfW98RpvnJmFBgRFTLAd3x8CJ1SWs8Bt3uunG,FmRb5jHfSNj1YWP3b45d9vvYuhwjp4om8bALmtqZpr1v,4.469651780000277,4.417295940000258,4.524430416380521,1.0122556832336145,0.0018097721665522087,1.0,2176.27630641,3719.65773069,5922.605790140182
BSCNHw8CmxbZ8hCWWzMf5FaG2ajPT6JxfznKUNuRVrn4,7n9kgNL633yGzCYksgnzHyjG73ZLBAwvEae5sbAekbzW,SscdxE99omdG9AiMVwmaEMQySQnCgeAh1sPj2Leutm2,300.1888543650002,298.9445412819996,301.3322717233453,1.0038089933777314,0.12053290868933812,0.9994635209642425,4333.42169123,7364.966070098,11710.94258595714
4vezWG46exH6pf9nry3n1VJ7hZHvjBJNgNeF4qEFCML5,,,1.5854880000000016,1.5824199999999973,0.0,0.0,0.0,0.9994635209642425,4333.42169123,7364.966070098,7361.014920202328
HDSBGqAuMRr6X2AfmmbXQPpRgU6VEhtfNVVZ3wUTZXg,DCZ1d8kNLgDcdSd99y4udLgwq46mfDXNS9KXj96kQf5L,Fq8GGYQM5Pz3q7LmVMbrXHJgsxA5ev86kTq8yGgGuYsa,49.90339886400034,50.12995326999953,49.636599560260755,0.9946536847226243,0.019854639824104302,0.9994625230368365,13657.936475477,13002.936049336,26580.86411179672
SERgf3DMJpQxUifu7VoFKmfne73d2fDJxSrxUMrcNJB,AJfM2GZ2tTB8UtN2krcyR9xufRJEx2mhSCbJyMgPo3GU,F4yRYkufQvERZcEKnKjJwRLU1btiMBUuEwq46hfm11QD,3.152699999731112e-05,3.150999999945725e-05,0.004629039599058998,146.827785690164,1.8516158396235994e-06,146.51965275428375,29.284858487,27.959836984,8396.496531858076
KwnjUuZhTMTSGAaavkLEmSyfobY16JNH4poL9oeeEvE,J63v6qEZmQpDqCD8bd4PXu2Pq5ZbyXrFcSa3Xt1HdAPQ,BnKQtTdLw9qPCDgZkWX3sURkBAoKCUYL1yahh6Mw7mRK,120.11306199999967,6015.686980000057,2.3169640616418965,0.019289859263115803,0.00023169640616418964,1.0,278681.712318,551.673488,5927.404497818346
Lid8SLUxQ9RmF7XMqUA8c24RitTwzja8VSKngJxRcUa,4PgzyzLtds9bKZ2to9PMnKqJzKEUpjvNUaeN23phegax,AtymwxoVN9peZo7EXTcDz9jKVc4vRmisJKKrNfe3ewBa,191.7375184180005,162.66497777500115,33348.903270231625,173.92998274614573,3.3348903270231625,147.56100836110184,981.646632685,7683.416185087,1304510.421815162
iLiUBQ7Z7im6Ew3b4ewwPcehzWgEQRJ1iQz7g6D62NW,GpugBvKWM3TVhYcZjemSdtehBWgfvuGr6uAm9iPjXT6v,92fMXJ3xy8tEyMUWLHKRLyhPw2nECBo77GtDiBBbYrjX,146.69688741599998,148.9615488359998,144.11367840913817,0.9823908396942576,0.057645471363655276,0.9994635269578066,1793.545435234,1168.686216524,2930.0218540233836
BUSDTd9WiT6uBHJRgNvFXBsA7JrifsAtWzKfioN7ERcy,DyBxrn7gSc1EwnpWhDyhzvMHPtxpmBqRqotapLcKcfTM,Cds99GeBgoCpqBsoRWu1C6fF9LiUMd4pXQQD24s9LPff,1054.68315397,1057.1982219600002,1053.1833787113796,0.9985779850062316,0.10531833787113797,0.9930812032569092,133.16806817,130.04213345,262.12109954099265
B2izdXFYb2sNwbWWHmh75T4aQFtfXsUxem9u2p61HGzf,4DYwgJtxwuJdAjkj5RJSNH4e7U329V5cNp7d3a1nLrZv,EXNW64GEf1ACC6xY9BtKRiunrs6GoJSXBdxWN2eTPmrF,5669.099879000023,5595.569019999999,5697.7023447707725,1.0050453275442723,0.5697702344770773,1.0,9924.556984,29949.45444,39924.08406471608
FrnkTEL6yZ5Aycq2TrEgu29dCrwKG4LPUZydfiwqspkc,DjvZuMZ46fxKBoBpGMPcRcos4xdTtHFxwMh69DpA2ZFY,9rvDPJLAng4uVVqnnSoEXgNDFhBZQTny9AoQioYDZbQX,59.29102560699789,49.59910609900027,10435.426543893313,176.00347501261066,4.1741706175573245,147.47465869202364,174.92397874,1441.154763074,243321.03492799436
AURHmCnNwiW4uA2Qj1XvEh4iKgRUZYXtiY7FKAapUV5Y,BKWm4TRnTeKwfWXRyuzjRHU7iZDkPuXBX5b5V5jSVfGJ,A5Ww74HVrkj9nPeC7pHKLfgeDMEhBCpW1efQdz3TGLEg,0.010009866000075363,0.008927046000167138,1.6446532117788588,164.30321962017038,0.0006578612847115435,147.5482062121926,289.89782367,1809.489816734,314618.1224081923
ZUCKWFa4LTL833dPhhpeeRWZcaAEoMeYJPi2iKn4F8N,7eEYpq6ShaJ9opZWMxitRFrdCHh6vfyHhGfoSvFht3N2,H8VggnHmuwd1wvwpT8eg9cUJFEfZ7HAaeYjgXrSm7A2u,30.221393586999966,30.204903682999884,30.24123071542375,1.0006563935698953,0.0120964922861695,0.9994635319524433,1847.216828812,1999.935737195,3847.292165635463
BSCuChvaSj9b5HUSqgDVRzcnr2sSn7cXaamt1jbKH6hn,GnKpRj5kBVPMJfiwZtEuD9GYApLzPdW5JFuZTcyX4BTc,3dmwD9okkomV9nDwyuh4UMhKdUR13QpuKxRo89ycZB5t,741.610018158,740.5008041299998,741.2482949200654,0.9995122460200402,0.29649931796802614,0.997961165339212,1562.561017345,1547.690517056,3106.3339039755133
moFiBS1R4Lf3E3zzmBPnw3NF4RhWPkhREFviuzUaCAU,44ALBrpqi9PfZkBRTvbtRNtFJGsatfY4QydjtMbFWq8S,2ho8qEEie1UjVwWNBo9y4oAJZMyMLx8zPj9bxyUz6uWs,155.553126171013,155.55201535599917,155.54951835548425,0.9999768065379492,0.062219807342193706,0.999463533950298,32316.691115047,34797.257099183,67094.53113122455
DFWzVTzNBrQZLjoQ4yQwkj9HuoXmfkuZP9V5vbymZe23,DhgiEgiNdqZdRdo195UUHnoEJUtefK8buko8nU97XJUZ,2K2kkXsouBHtWVjtcgkyiXd8eP3oVBvq1bTJzcVdLLr2,3819.2011232640034,4089.998116607003,3608.9720281296336,0.944954693835369,1.4435888112518536,0.9994625360228662,54818.768390467,13488.035990905,65282.03915828335
C98Sspw7XqnMsgxea3SLQVdbMDL8pKUc3RE82UvX9eq2,CSqgQJurPCzGxb4Cgwx5R61hWQUiaoUHcShNc8r1cKEL,6S2CR5EnukPhC914XkAns8m5GixjMAoUuZMsS5ubHuWc,39.1767050000002,39.05221400000005,0.0,0.0,0.0,1.0,888.628059,1230.990704,1230.990704
DA1mL7dfBow33EH5yjUuZE6SH2KeUK5zEXzsyhE5r5j5,B4UtLRZND3D83CitRCBUyeiNr7H8m7YFRqBmiPmXjhW4,AAmpYbuixWiSqDaJBCqYEs1pb5SrbdPr9mgXrB58Q2e,56.658251654000026,69.5722639999999,74.98567029914147,1.323473070737571,0.02999426811965659,0.99946353694708,134.965989112,3011.768300527,3188.776450165004
parEAJhzYzHW87y9VoZAQ22dzQ2MD2ekEtTReaxbMcz,3oyc6hpjYSJEquK6dSvG72NXyz3pqLZz5D8AC71pwgQb,Di2vordgFJVZ1aj1aBpvzXtLfZgJsuLLXawGtVFwX6Rz,4.475061006000118,5.235509013000353,645.1764105959328,144.17153413794506,0.2580705642383731,170.48749022467354,1103.515238658,139.696963802,182912.0696525345
AUSejoEUCh2DBs9mof6BNC8Pubs22w4cJa1ccV9h44R,4xkyD7AfGQDwsQMy9MosRRNGoVJ1zosNinesxg1TzHG7,Cbm5gsQe3nSiCsFrvepVzMCD9xLK3ri9g3ypS2hdmVJ7,65.59053799999674,65.58705400000144,65.59814738509341,1.000116013457561,0.006559814738509342,1.0,14414.360077,14460.999377,28877.031713751065
wrmcMSHFi3sWpAEy4rGDvQb3ezh3PhXoV2xNjgLBkKU,8p4mGnARWPBu6P2Gcw4adodLkNDorrXniZMhaY7eJXUn,AyY89zccbsgp9LKFgH4CFZMJmpSgqmPSdTfukhP227rc,0.009789300000000029,0.09964756999999835,2.8851458885941725,294.7244326554671,0.001154058355437669,3130.4783370899077,27.11588592,0.09247395,8281.201790942505
KZMu9QBEdL97EFgamLbN5DE1AoKBG4HdrKKJo4Vuon3,DD4ACBWyVqdaKWh7v5btsgqQCCMwbKnuL2xd9pv7Gyuw,GcYqiJ1MAuYbNTNYXm1F1gQYTfTgkErACAhNU5dpVj9T,25.743870160000483,26.373811230001024,25.04804742558062,0.9729713236550969,0.010019218970232249,0.9997753704697627,2466.93887958,928.54852943,3328.600737051206
SAMyS8Jr2HJrkFwYVKbpUwsNStnQmvz3f8Tup8bWUWF,6jPzm5TFfquvgm25sTyN3MMGBfufRaFHMxobDWv6hMFW,Cj9ECoDmxsHTDzCY5ZA6RWrPbg9uFzEC1Qc2kso2vJG6,998.9297637400159,20.56403671999999,971.9300144645965,0.9729713236550969,0.38877200578583865,0.019289859263115803,457.11706216,110072.65463693,2568.047809699075
RajgMbScQbqqrdJfR2rxfHJiTiY5b6bJ2tTXiF4aPxy,725ZA3fhyBAKb5iopNRrcbSuQa3LXA1656Q3mBvYPxeg,GLA6i1dSZpUfk2f9Nj8uiG7xyDdAR2reff8oEiZH3617,28228.233549630022,28210.68169739,28242.684201428525,1.0005119219299747,11.29707368057141,0.9997753704697627,78607.57462478,102796.22927123,181420.9537686312
MARpDPs5A7XiyCWPNH8GsMWPLxmwNn9SBmKvPa9LzgA,6YjT74rmcfCpw8LSjPNx5JTmZoYLGrTKnf9arfSgZ4SR,F8GSmi3vA8M8TsybLya1LQ4n1aFHCRbZ6k437PeTdXtg,41414.07342899993,43611.20465000026,38726.34865340749,0.935101173271442,15.490539461362994,1.0,297285.185257,14718.260185,292709.9857150387
KEN5P7p3asnb23Sw6yAmJRGvijfAzso3RqfyLAQhznt,9zj4aX38Uxf3h6AUjS4EipWS8mwbEofasHAf3a1uKGds,CwQDG1MWunn9cLNwcZLd8YBacweSR7ARo32w4mLua1Yr,128500.85279599996,128510.78981299931,127317.94179874781,0.9907945280399806,12.73179417987478,1.0,1156589.213977,1072788.733371,2218730.997769474
GokA1R67GqSavkd15zR62QD68Tuc5AEfvjssntVDEbM8,3YB7hfpBdbQEuZqLGWVDpRPmeZWCUsrrWyqGXegnQ6Cg,4DPCj6Z1DsG6HUtwSogBGqXEUxdEV5a8YVrrFtcnz7UW,18902.242028000015,18902.738095,18904.283690638604,1.0001080116652599,1.8904283690638606,1.0,16044.131352,16542.554149,32588.418454344977
ercAoEmXjQzEvAFbdjAo81KtMxRGn9AW1ju882upmPH,CMRhskR2Eg6V42RTSdRTXGdozyPbWB8U9dVpijPWb9T4,7TKLLgrWswt6ZJ1pXhVR3FyufHGjJFqiEXxvWJfDcgRm,26.431666709000012,25.954945369999905,3903.1746933402737,147.67039613174444,1.5612698773361096,144.16415568748496,312.133489757,860.653222668,170168.22126404522
STK75uPSyBnEhGTTzb1nwmP3n427XoXmfRhXxxhyady,6TYyD5fUmDe6N65avW1Ny2RxzRNobw2RRgKwH9CTzSAU,54zDfk4cx2vGrEajPtodWpArNe5eUurytyxd4X3aZAxK,585.7110112929995,658.9936596200093,86458.85410781803,147.61350297470733,8.645885410781803,166.0737005189637,1694.660025843,301.71574325,300261.75275225035
HEDSDjj84KS7LKhZY7ejkCACTdPen62rKhCby1wXtgxc,EnnjMSFttpCTywBrYNt1J5QQeoSVkvzPipJDa8Y7kJow,6bjVT6JN2rSvpyn9PdfLYC8wJn4LWh49jpY47fnLDXZk,8.683047066995641,8.86403730499842,8.401206329088394,0.9675412633684174,0.003360482531635358,0.9994625500078212,39123.719131412,9099.355326634,46948.27751426236
heyk4SZTeCUV6a65WiVA5bzic3KcxgVf1qxobfeV4tQ,9ZDpBKPqMABtGfq66FbVribaArMvtk63xxy91onZAtDt,DaTP4s6N7xxSPinbNZ3FB52EpRDRt87QShTuN3VPCW52,76.71041938100097,66.54766652599926,13018.533426526974,169.71010628774246,5.20741337061079,147.67310019294968,617.162610054,4483.14672717,766778.9079701548
DEDaBEWzMCXohXYXoLzB4jK1xqMsd3SS9izXp2xvg9pe,GC5zHpW5GuVdw3C7covC6viyGdLS8ZAaVGDKMeru7p78,F8juxtAFueW19vxkdDArUkjVWAv9QV6yy1wCXUWQiXvh,0.022004559999999174,1909.177004730329,0.021999617126023295,0.9997753704697627,8.799846850409318e-06,0.0,46.89429215,8576762.77359505,46.883758307183534
SoNcU2iwHMw6dGzsYNQkYFkUjwN1UdAjrWVRnStrZu2,8ivTTid27jZnYNc4w3CTA1Z6QS2twsFb8WMwUabeDJgc,CyXm53PMvHCbeXJBykU46Rcbo28xk5srhMZFg7gv6EYB,12.918288265000008,12.779874515000017,2253.679333778548,174.4564982254285,0.9014717335114192,172.80916856324728,21.974092686,26.922277602,8485.939669911115
WiiQFxXqp8P9Fs1rt9SVcDyA3KUdJmUsog6wnVQAwba,3S2jpqSYxho6wiz3cafhjXruVY8cg4HYa2v3BqBHYFSj,Dfe67M6TfrG74gKRtdqys4e6E9QirPD53BkF4FujFjuv,1198.2750550809978,1198.6672451649993,1197.3557540695613,0.9992328130277448,0.11973557540695613,0.9994635489342086,15510.421555198,11288.370611208,26780.837114609236
daob129AwBGn9Y5r91uLoWZeYiGzbPmksauMhFZKTze,6VW5GQNyj4LStgmxEHLr5zUfW92vQnmbw8jTnCH7a38F,4VPCCUifPeBA1c7HWK358CHn2nyjm8pdTRk6Ps3KmnMQ,44.69909563499988,39.453772315,7328.029334186683,163.9413332660081,2.9312117336746732,147.5482062121926,48.458837683,223.796403568,40965.16436147044
BUSD5rCfUDpCxKGMvYU2yThChxgHoioK74PTPociGnv2,CcFHbafgYDZ8yA8Me1PdtDiVb2eeaS61LbqyKKK5CsNZ,26R9s4nmF3CFDTkiePDwRmtscn8i7r2eygbSijditJ58,93.63773461,93.64793999,93.43042837261399,0.9977860823069948,0.009343042837261398,0.9997753704697627,88.00659074,59.79372888,147.5920488344302
vEnkoSUkpnbRrPgBz9DfcVxNz67zjwMYBZraAvDDNSf,DtfyjjsZ5yCjWKLKHvwsfXs5QVsmm1QkK6Sh9JZHoq1g,e5wrKCRv4GhHvEf1VD5Pq2KGaZDXP77nTL612Jyrxwy,778.4234830000003,778.3690409999996,777.6971138956218,0.9990668715419798,0.07776971138956218,0.9984543926002547,944.114197,1001.182148,1942.8679306387166
CZgvH45CRmoaNJ7395Ao5CQZXkGznvqU7cErD6n7FaRg,4ZjU6MKvtqVQKCiowhvZ5yUsPxXX5SCzd5eFsPeXyey5,BsyWeshjDbCvjDojry3vKDCesmFRM37WtwcR4Kfgzqr,107.51808921000001,114.61406699999998,122.22208150291091,1.136758311098625,0.04888883260116437,0.9997753704697627,105.95368586,706.2171066,826.5022023759867
Sid7E679i9ABqptiAVhkmQ27YHN8vaYT4fppPwmxFsJ,GP7KB8o1bv527HG8kTzzzf4wJ5aEGHvcMQvVhLziUfmT,9gYxhAZ1M9wu5pxr8SBoa5NDm21gi3s9vMHaYTME77sa,525.8380900000029,1151.5953200000076,4.6711172906497715,0.00888318548899671,0.0018684469162599088,0.019289859263115803,127681.452865,11934.187572,1364.4268279878909
BkMBnJpvHKtWhUvrgRrLesXfi9RUV3ELgdBaJcdH7hcY,5uerVwBnZQsuVhZ15igs7ZgmcqhHnYWbwoRtLyRqLvR,9YWiQh5d4jCtgMdzcGLv9bWgnLaFtzvDDh2nnhJdzhBX,0.0013059739999334852,0.001305856000044514,0.0013100506929728689,1.0031215728947065,5.240202771891476e-07,0.9994635549277731,1117.771749621,1755.681639877,2876.000768729974
BkwbeSfcX1h4thMDd7obGkHrPevf3QwgzJ4pCEqG18Lu,35yX27bmurdebhfAb8EPmjLETDiUaEUCn9zHaDPbakH2,2CxECn1ZJFoESyUnQysQU8rRgT3iJ5GRs2Mdd6gZjx5g,0.008675569999997634,0.005694010000000027,16.73754172052097,1929.272857060174,0.0066950166882083885,1265.8227848101264,0.9032719,22.63502722,30394.59114908859
SoN9GaFpSXfpyR5dth3x7PHPVhvJMpQqqDJfCSmPv1t,9kZ9iS68ViMPtoeqtnhAKuF2iqVyfHPdZHoUNdwCELr,BBhm5fJLjw3HRzjtKB8uMEYjGhY6EDm9co3cqpjrSzB9,2.2406640750000006,2.195020395,392.3106226540563,175.0867642460221,0.15692424906162256,171.75933082564708,3.740157006,5.913806837,1670.6034929078864
MATSnbbiTCv7Dc3trJrkrqjx7ckKdr6fwPoVwv9q3sD,631WX9JizSHJm4w6VanZeJAst9T8DeUUnPLesdGkCVtK,211maUSfpnXbPuW1iBu8b4dtJv5EbN1j7JJiEX5TZKEP,467.91356299999825,467.79624799999874,467.5619564087788,0.9992485650790605,0.18702478256351154,0.9984085367923529,22042.16677,23505.636338,45493.83149875159
MNkYtBe2HtgL15osfaMmyqNW3vo4J399FXXCS4a39Wf,2mUxDu8NrhSKhQJMgKfYLxJqZzeEbmwhQdHeHMyohyuk,AZCBmDBcFsA2jHHhfFJBTsWCHx9XnnKmGfFsue3ZVW1t,0.001442550000092524,0.0014420399998016364,0.001441626739080015,0.9993599798880802,5.766506956320059e-07,0.9997753704697627,2195.17444406,1941.31751126,4134.650922286033
BSCrK1Nx9PXU9mF7STWWBqeHLxmtJDr9h7jheEy4tAWX,FfSySSbVJPvEo5a5AvrP3nySoXpRE2QPn1uUMpJJ1x7v,HL7Vcj6838ZmvBHDbQxXfjBNckNi83WvPiZQoMQLFeRM,0.011452259999999881,0.011442457999999212,35.91840447119373,3136.3595020715657,0.014367361788477494,3129.7924947575975,0.844793556,0.959434272,5652.406480368247
7oAd7xG4m3oC2qeWB1szghTebAZyyGPAFDJ4wwwbRSNi,D9yh4KAysxt9GLacVe4Wwh2XqghhcjTCSTV9HuM7TBJd,HDYfJLpZKaMFb84jM4mRytn7XLR8UFZUnQpSfhJJaNEy,9201.653948489053,246.44847391400003,9196.708620755831,0.9994625609960007,3.6786834483023325,0.030778748219212962,1137.590467845,293194.468445372,10161.137805903087
AyiATPCAx5HZstcZ1jdH9rENwFb3yd9zEhkgspvDrCs4,DvHVapj4g2Y1tJVSw2ubSPkPBsJPb8fW387ZWXwaKmZq,DKjqWWgrtDRPKrnMWtZ4UiJk4sGQVCQgFjSo7BvfngvK,0.0012121600000000177,0.0012231400000000114,2.3385873864140945,1929.272857060174,0.0009354349545656378,0.0,0.80222744,0.31854276,1547.7156251808692
MATgk4zXLXtYkwBH678J1xZbRDZ45LicNzkRBHkxTuY,y8dALFo1bJrSzPYjMX14HJX448pXqYmrfXHD1K8MXih,GN7Yuet3UyiWS5YVkEHv6oQKi4HGBJc3XDPt9zQhAqZz,1260.216949999999,1256.5357789999998,1264.4401802018733,1.0033511929845684,0.5057760720807493,1.0,3300.193467,6771.922879,10083.175931194328
YAkoNb6HKmSxQN9L8hiBE5tPJRsniSSMzND1boHmZxe,CfWX7o2TswwbxusJ4hCaPobu2jLCb1hfXuXJQjVq3jQF,EnTrdMMpdhugeH6Ban6gYZWXughWxKtVGfCwFn78ZmY3,9243523.021431971,9242225.817845931,9243523.021431971,1.0,924.3523021431972,0.9979741125515205,257009.835028,1141903.144454,1396599.6122342714
BSC8REUo9LpiiWUuqMuLXs2D2yJsJfGd4HdiF3wCLxk5,AZjEH1zWVx1UJ6udMyRijGTzPteuLnaY18yNNmprJEsh,Caf8ypkSVR8xYnXNhjvfvdGCC7mrM3C11rz8Xi6NA6aK,961.4321411820006,960.528758083,962.0608922298738,1.0006539734017008,0.3848243568919496,0.9994625649917024,2987.429327233,3363.1797976,6350.755333590042
ALLwa5WNZbvQsRKAqe1jdRGemdYQnW8E5k4msbRFcYtu,CGoM82Hbz7QVqTgvQatYtjvDWBvoUJp5qm21P8iMs9yb,3dxNNww8TivyN5FMy5dCNdi3Zcxv6e4kUfSPxfFwpdNq,3.0506960010000066,3.045205871999999,9547.447817106395,3129.5965949989045,3.818979126842558,3129.5868006547094,2.069670708,6.566696468,27028.280990684474
