0,1,2,3,4,5,6,7,8,9,10,11
FrnkTEL6yZ5Aycq2TrEgu29dCrwKG4LPUZydfiwqspkc,DjvZuMZ46fxKBoBpGMPcRcos4xdTtHFxwMh69DpA2ZFY,9rvDPJLAng4uVVqnnSoEXgNDFhBZQTny9AoQioYDZbQX,129.91464231500237,108.51231041100021,20226.266134429003,155.68888751882668,8.090506453771601,130.25494017911618,174.324458648,1441.992729737,214967.0577848422
wrmcMSHFi3sWpAEy4rGDvQb3ezh3PhXoV2xNjgLBkKU,8p4mGnARWPBu6P2Gcw4adodLkNDorrXniZMhaY7eJXUn,AyY89zccbsgp9LKFgH4CFZMJmpSgqmPSdTfukhP227rc,0.002466589999999602,0.016720920000004982,0.6973678258409958,282.7254735651682,0.00027894713033639834,3045.5306837216385,27.12932397,0.09121266,7947.941921694989
KEVpg4SYCVrqFxKijQH6hm4QxsRdoE51ud64bEEFUC9,2bPenuBYfqzD8p5dFjCcggwkHDsc2RQDnx9AoyYGUBjA,AE6n6iLuX8oYu61vt5hoDYkjswpnxFxrhSehxrnQTnbx,3050.866617438001,3049.780709310001,3053.713466246617,1.0009331279159646,1.2214853864986468,0.9993859662690787,2280.664915691,5357.902994274,7637.406128899303
oKQqupM9E7SSLAFDLxr7mdsXP7znck9qRbVWc6Yyj7Q,CMR2J7CwfW98RpvnJmFBgRFTLAd3x8CJ1SWs8Bt3uunG,FmRb5jHfSNj1YWP3b45d9vvYuhwjp4om8bALmtqZpr1v,327.77435074000005,333.0,331.7922319052468,1.0122580707006994,0.13271689276209875,1.0,2176.27630641,3719.98431175,5922.93756698823
GokA1R67GqSavkd15zR62QD68Tuc5AEfvjssntVDEbM8,3YB7hfpBdbQEuZqLGWVDpRPmeZWCUsrrWyqGXegnQ6Cg,4DPCj6Z1DsG6HUtwSogBGqXEUxdEV5a8YVrrFtcnz7UW,11947.85270700002,11948.443242000001,11945.726367706568,0.9998220316783613,1.1945726367706568,1.0,20182.534115,12209.749679,32388.691942277135
MATSnbbiTCv7Dc3trJrkrqjx7ckKdr6fwPoVwv9q3sD,631WX9JizSHJm4w6VanZeJAst9T8DeUUnPLesdGkCVtK,211maUSfpnXbPuW1iBu8b4dtJv5EbN1j7JJiEX5TZKEP,1358.943620999995,1357.9113190000025,1359.6996139853707,1.0005563093079752,0.5438798455941484,0.9985082287063126,20235.233074,25315.733353,45524.45819121347
AURHmCnNwiW4uA2Qj1XvEh4iKgRUZYXtiY7FKAapUV5Y,BKWm4TRnTeKwfWXRyuzjRHU7iZDkPuXBX5b5V5jSVfGJ,A5Ww74HVrkj9nPeC7pHKLfgeDMEhBCpW1efQdz3TGLEg,0.06307006799988812,0.05628814900001089,9.18293219865515,145.59889484614857,0.00367317287946206,130.08270528319198,289.913221556,1809.472799268,277592.1615249719
parEAJhzYzHW87y9VoZAQ22dzQ2MD2ekEtTReaxbMcz,3oyc6hpjYSJEquK6dSvG72NXyz3pqLZz5D8AC71pwgQb,Di2vordgFJVZ1aj1aBpvzXtLfZgJsuLLXawGtVFwX6Rz,8.031325596000187,9.461627158000198,1020.3183370870346,127.04233253787895,0.40812733483481384,149.76128799500037,1103.52538782,139.702894686,161116.52472822554
SUiuyGR7SFq3xeRVJonq84fjjeFwRSsFekcevJ53tzy,49GjCCPsv7fBqo6t3iKDrP1xxGDS8uWZbVCdfnp2gjMf,CEwj5xEbbJEjYqM8D6Ai8ByGz1mrh8mkAVsE5fzDSSSx,0.03548899999999988,3.999987000000033,0.0002962759707523204,0.008348388817727223,1.1851038830092817e-07,0.953691597118707,645.349992,1.664981,6.9755110457954554
Lee1XZJfJ9Hm2K1qTyeCz1LXNc1YBZaKZszvNY4KCDw,9DgFSWkPDGijNKcLGbr3p5xoJbHsPgXUTr6QvGBJ5vGN,2hNHZg7XBhuhHVZ3JDEi4buq2fPQwuWBdQ9xkH7t1GQX,1285.1690448550398,1085.3540354779834,198111.09269331978,154.1517775318543,19.81110926933198,130.23678871503435,6909.050432004,54987.325441044,8226415.090620723
SEQV6QiTpvTzrceiaYg9Avnwf7oc8ZALpnQMz6TyT4A,3dFMPj4r9mMmPHF32mz1gNDX7f8ftidWof7S8YiYTs1j,Fc1ED3YPeQfXQosHbd8DTaBd2AV5gHQtwiSAL5C5pUhi,80.90599186899999,80.90091504600014,81.09213147742246,1.0023006900245888,0.032436852590968984,0.9995841729840387,1073.768124853,4553.145078067,5627.490289802519
SQDY9uoDoCbNq7F3HAHYYQZbrUzpKxDtdWLvYcqBLak,GiehZ4X2uQjhEKuxSm3ACmEFrabxh3RTvjbLfLjw1xGX,rxDQYV77NKRKYxCjq4cECX3QQsiSyLv1T1FT2X3zNA2,13.671382318999974,13.644478703999994,13.693403914240818,1.0016107804409975,0.0054773615656963275,0.9993859712629403,168.702204443,237.881834363,406.7097147349466
BUSD5rCfUDpCxKGMvYU2yThChxgHoioK74PTPociGnv2,CcFHbafgYDZ8yA8Me1PdtDiVb2eeaS61LbqyKKK5CsNZ,26R9s4nmF3CFDTkiePDwRmtscn8i7r2eygbSijditJ58,34.64858072,34.81645784,34.567826474893735,0.9976693346905362,0.003456782647489374,1.0,111.15910001,36.81116695,147.7111923017755
DFWzVTzNBrQZLjoQ4yQwkj9HuoXmfkuZP9V5vbymZe23,DhgiEgiNdqZdRdo195UUHnoEJUtefK8buko8nU97XJUZ,2K2kkXsouBHtWVjtcgkyiXd8eP3oVBvq1bTJzcVdLLr2,4060.9091180690084,4049.7777137710073,3993.118091980587,0.9833064409674215,1.597247236792235,0.9993866354469741,45446.566729256,22569.010960942,67243.06971435485
Sid7E679i9ABqptiAVhkmQ27YHN8vaYT4fppPwmxFsJ,GP7KB8o1bv527HG8kTzzzf4wJ5aEGHvcMQvVhLziUfmT,9gYxhAZ1M9wu5pxr8SBoa5NDm21gi3s9vMHaYTME77sa,446.5579540000035,972.2393299999967,3.7283875742766317,0.008349168435765008,0.001491355029710653,0.017941562071695664,127690.12251,11932.198275,1280.1886164221514
iLiUBQ7Z7im6Ew3b4ewwPcehzWgEQRJ1iQz7g6D62NW,GpugBvKWM3TVhYcZjemSdtehBWgfvuGr6uAm9iPjXT6v,92fMXJ3xy8tEyMUWLHKRLyhPw2nECBo77GtDiBBbYrjX,0.0010753120000117633,0.0010753120000117633,0.0010544437029226374,0.9805932630818799,4.21777481169055e-07,0.9993859712629403,1819.781564545,1142.952378324,2926.716115192048
BSCNHw8CmxbZ8hCWWzMf5FaG2ajPT6JxfznKUNuRVrn4,7n9kgNL633yGzCYksgnzHyjG73ZLBAwvEae5sbAekbzW,SscdxE99omdG9AiMVwmaEMQySQnCgeAh1sPj2Leutm2,60.77141282100001,60.73018447600043,60.824587926274916,1.0008750019590877,0.02432983517050997,0.9993859722617124,5374.647741246,6322.711516657,11698.17976495358
B2izdXFYb2sNwbWWHmh75T4aQFtfXsUxem9u2p61HGzf,4DYwgJtxwuJdAjkj5RJSNH4e7U329V5cNp7d3a1nLrZv,EXNW64GEf1ACC6xY9BtKRiunrs6GoJSXBdxWN2eTPmrF,77511.31641900001,76922.46812699999,77589.52666187518,1.0010090170892258,7.758952666187518,1.0,12670.352423,27195.381135,39878.51816012132
SoN9GaFpSXfpyR5dth3x7PHPVhvJMpQqqDJfCSmPv1t,9kZ9iS68ViMPtoeqtnhAKuF2iqVyfHPdZHoUNdwCELr,BBhm5fJLjw3HRzjtKB8uMEYjGhY6EDm9co3cqpjrSzB9,0.677112971000001,0.6637705399999989,105.10427740292027,155.22413822274882,0.04204171096116811,152.65001183800842,1.571681872,2.40838827,611.6034620675373
JSoLLrxK5bYdHwTEWYaGgmeycBCNXKDiBCTw5hXGBg7,xG4wXczA7Dk4hccJ61CHKpDHW4NrNfQwgmWgkb9BuF2,BVR6WgfhsRr9Lob4QDnkEAiNGgAbv7ZieKcY9kSg3QYR,0.9236013629999889,0.786679252999992,140.54513704804347,152.17077700224786,0.0562180548192174,130.17743314314845,16.987092539,163.978545545,23931.245220263678
BUSDgu5JdqP1rndBvXvanbEufS94FNh1w5FJcAj6vawb,Bgzr8cWubt89JQFXndVjtdKmDbGzuPxNhvjH1EhWCwbo,Dxaf8xPBBQsasRKW5Aa4Sw2YrbfGofY9xZueyyF23FBW,4503.263938530008,4489.265744770002,4519.645710783945,1.0036377552987232,1.807858284313578,1.0,5827.99104045,9213.54613726,15062.737982998307
vEnkoSUkpnbRrPgBz9DfcVxNz67zjwMYBZraAvDDNSf,DtfyjjsZ5yCjWKLKHvwsfXs5QVsmm1QkK6Sh9JZHoq1g,e5wrKCRv4GhHvEf1VD5Pq2KGaZDXP77nTL612Jyrxwy,2064.4434410000003,2064.191194,2056.691769719926,0.996245152022029,0.2056691769719926,0.9988094191723464,1012.471198,933.444622,1941.0028032988062
YAkoNb6HKmSxQN9L8hiBE5tPJRsniSSMzND1boHmZxe,CfWX7o2TswwbxusJ4hCaPobu2jLCb1hfXuXJQjVq3jQF,EnTrdMMpdhugeH6Ban6gYZWXughWxKtVGfCwFn78ZmY3,4831520.585281009,4830407.42180699,4831520.585281009,1.0,483.1520585281009,0.9988732709503679,437119.514646,972473.042095,1408496.8431144874
STK75uPSyBnEhGTTzb1nwmP3n427XoXmfRhXxxhyady,6TYyD5fUmDe6N65avW1Ny2RxzRNobw2RRgKwH9CTzSAU,54zDfk4cx2vGrEajPtodWpArNe5eUurytyxd4X3aZAxK,442.69795917599794,498.0181517289963,57573.94966086199,130.05243974475388,5.757394966086199,146.333782675602,1635.242989596,291.014892953,255252.65047321285
WiiQFxXqp8P9Fs1rt9SVcDyA3KUdJmUsog6wnVQAwba,3S2jpqSYxho6wiz3cafhjXruVY8cg4HYa2v3BqBHYFSj,Dfe67M6TfrG74gKRtdqys4e6E9QirPD53BkF4FujFjuv,8859.419732772001,8877.467724713002,8848.869897707078,0.9988091957054593,0.8848869897707078,0.9993859742592572,17234.02659222,9569.352139776,26776.980550581702
SRMuKizofcAMicegrfSv7xs9q76tH1w8aAF7oX9FEWu,72Hj2KWntXPfbie4UgKeTPnm1XVkomDfCnRPKbvfTtPi,6aqJQ5wedqpUt4fFEDUqUmXhrdxCu4bEJsQdVPCADLko,8.881005999999616,0.024600000000646105,0.3824592366383908,0.04306485511195549,0.00015298369465535633,0.04302134426557317,16855.345241,5016.363799,941.683714623791
NorjjEePhxfwLF4vZjUHCrVVKLzQjEEGQFd3wgjEJmh,34M8pFVqgbV7aqHxvRT5tCv3vu2P1JJYT8J3VaxBK2oG,3AZWBSze3ucsY3xSeuLne3b2pauVqiaJ1SZSV5T9WGWw,0.003251000000091153,0.001081000000340282,0.0019263050554345405,0.5925269318303691,7.705220221738163e-07,1.0,38124.370231,2258.545932,24848.26205293949
Lid8SLUxQ9RmF7XMqUA8c24RitTwzja8VSKngJxRcUa,4PgzyzLtds9bKZ2to9PMnKqJzKEUpjvNUaeN23phegax,AtymwxoVN9peZo7EXTcDz9jKVc4vRmisJKKrNfe3ewBa,118.5087784239904,100.4438677029998,18202.07233658751,153.59260789496722,1.820207233658751,130.16116685841575,975.54410838,7666.375744397,1147700.7761884239
SoNcU2iwHMw6dGzsYNQkYFkUjwN1UdAjrWVRnStrZu2,8ivTTid27jZnYNc4w3CTA1Z6QS2twsFb8WMwUabeDJgc,CyXm53PMvHCbeXJBykU46Rcbo28xk5srhMZFg7gv6EYB,2.932881453999997,2.9097504789999853,451.6214920156925,153.98559372379358,0.180648596806277,152.7914462459065,22.96796235,26.946875437,7653.987388918011
RajgMbScQbqqrdJfR2rxfHJiTiY5b6bJ2tTXiF4aPxy,725ZA3fhyBAKb5iopNRrcbSuQa3LXA1656Q3mBvYPxeg,GLA6i1dSZpUfk2f9Nj8uiG7xyDdAR2reff8oEiZH3617,6016.377908970011,6012.1479942599835,6021.064283934125,1.0007789362694666,2.40842571357365,1.0,76341.22366964,105072.67160718,181473.36022479174
ALLwa5WNZbvQsRKAqe1jdRGemdYQnW8E5k4msbRFcYtu,CGoM82Hbz7QVqTgvQatYtjvDWBvoUJp5qm21P8iMs9yb,3dxNNww8TivyN5FMy5dCNdi3Zcxv6e4kUfSPxfFwpdNq,3.746181299999998,3.6822311140000004,11424.070809953642,3049.5242742132227,4.569628323981457,3027.3857313255708,1.165672136,7.484004352,26211.713462929252
TETFuZgEmET6d9vYmz9iMFCxK1jKdKYxf3oPz8hSzJK,Eu1Ze6Z84LWNkq7SNoAHBJbXx5t1P95EwyqYohrfCRFV,ASMbv7WNu3qe4pkhREmvyEdwFNDZQ6B6iSrjkj4u8bdC,2.704167711999986,2.7040362240000206,2.7141724692799305,1.0036997547288016,0.0010856689877119722,0.9993863767646666,64.30443285,288.356427667,352.7218289424454
SAMyS8Jr2HJrkFwYVKbpUwsNStnQmvz3f8Tup8bWUWF,6jPzm5TFfquvgm25sTyN3MMGBfufRaFHMxobDWv6hMFW,Cj9ECoDmxsHTDzCY5ZA6RWrPbg9uFzEC1Qc2kso2vJG6,1251.7258756100086,97.97203287000309,1206.1487701863462,0.9635885889141254,0.48245950807453847,0.018068383229324192,441.18582531,110897.86130393,2428.8666842112257
C2ypsDADXcCRz8HbV2zX1AXPSja7a1P3xZtRC91xGhJh,J9bYNuDpY1d1T86gLaw7DGk5D3CsUAf2tzUwxMvb6FTv,A2NGvvPrMGzsJ4jb52KEnSBVmsA7C34dV1GC7PerdgvG,0.7396768920000004,0.7434944510000003,96.37612017775355,130.29489121549236,0.03855044807110142,131.00380618458487,1.404427761,0.815851393,289.8694001035081
ercAoEmXjQzEvAFbdjAo81KtMxRGn9AW1ju882upmPH,CMRhskR2Eg6V42RTSdRTXGdozyPbWB8U9dVpijPWb9T4,7TKLLgrWswt6ZJ1pXhVR3FyufHGjJFqiEXxvWJfDcgRm,0.48885433199995987,0.5005383289999372,63.724539837549145,130.35486374201625,0.025489815935019658,127.28101905256847,263.567844222,830.707458515,140090.64227469423
ionytDfEj1mXodptgrsKEZro7DGsfpzANUfarJdm6Qb,3gkSjY95an9xNFSjCfsay6JZez7uv7yfW3Ad4ubc4fMK,9wXqANaSuEqkKL9yHzCPEDGHwbkStVAqV5rB3QDs3Jr6,0.002183708999999992,0.008115498000000443,1.784027881601225,816.971437861561,0.0007136111526404899,3053.062221408072,3.152466539,0.084124804,2832.3133821530473
ALBpShJ9NLpE739pcHDF2LNVk5J4VYPvvKuV6jMPitZi,D6d156U1bPiJpDYRLextvDRccgFk7QzkQbJg42ceKEu5,GNcM8U5g8RwTZffwwm3kSQqUNPSwv5d2fbN9sLxPJqt2,108.90957799999887,108.58608300000196,109.17202755423925,1.002409793142715,0.0436688110216957,0.9996880973136381,39925.476262,60482.426212,100485.24998170258
HDSBGqAuMRr6X2AfmmbXQPpRgU6VEhtfNVVZ3wUTZXg,DCZ1d8kNLgDcdSd99y4udLgwq46mfDXNS9KXj96kQf5L,Fq8GGYQM5Pz3q7LmVMbrXHJgsxA5ev86kTq8yGgGuYsa,12.75226552499953,12.817557858999862,12.675384085586819,0.9939711544382452,0.005070153634234728,0.9993859782543465,13549.204073462,12853.67836939,26313.303945977957
heyk4SZTeCUV6a65WiVA5bzic3KcxgVf1qxobfeV4tQ,9ZDpBKPqMABtGfq66FbVribaArMvtk63xxy91onZAtDt,DaTP4s6N7xxSPinbNZ3FB52EpRDRt87QShTuN3VPCW52,89.74442223899962,77.99546671100029,13376.374236083253,149.04964456131262,5.350549694433301,130.4414294502311,618.249252845,4482.034988903,676792.8821853024
AUSejoEUCh2DBs9mof6BNC8Pubs22w4cJa1ccV9h44R,4xkyD7AfGQDwsQMy9MosRRNGoVJ1zosNinesxg1TzHG7,Cbm5gsQe3nSiCsFrvepVzMCD9xLK3ri9g3ypS2hdmVJ7,1755.935164999999,1757.303985999999,1756.0580890662336,1.000070004900343,0.17560580890662336,1.0,14439.352723,14436.570811,28876.93435944839
7oAd7xG4m3oC2qeWB1szghTebAZyyGPAFDJ4wwwbRSNi,D9yh4KAysxt9GLacVe4Wwh2XqghhcjTCSTV9HuM7TBJd,HDYfJLpZKaMFb84jM4mRytn7XLR8UFZUnQpSfhJJaNEy,4053.766524995037,95.54141546500011,4051.277432294467,0.9993859802518911,1.620510972917787,0.022616421860600745,951.83672336,300250.390316665,7741.84176802661
4vezWG46exH6pf9nry3n1VJ7hZHvjBJNgNeF4qEFCML5,,,0.6340830000000004,0.6463820000000009,0.0,0.0,0.0,0.022616421860600745,951.83672336,300250.390316665,6790.589491211728
Dg3mAgpwDfVNnbGWcsxL8sUcSkEbjSJQhKAWNigG44Ju,EATxwd8YA2wV93VJcKMmH2Kn2Y9XfJVUB9hHVu3udwEy,GiGvrRi7NMHfHKanG2B8xyCEqe8jaafWins8bhrLVEaa,0.023889716000000005,0.023593811999999992,3.6581991645915193,153.12861670651583,0.0014632796658366077,154.21746204322716,0.205171991,0.254343561,70.64192163320845
KEN5P7p3asnb23Sw6yAmJRGvijfAzso3RqfyLAQhznt,9zj4aX38Uxf3h6AUjS4EipWS8mwbEofasHAf3a1uKGds,CwQDG1MWunn9cLNwcZLd8YBacweSR7ARo32w4mLua1Yr,87774.16723000107,87796.01653799927,87714.52135547934,0.9993204620857816,8.771452135547934,1.0,1164705.846202,1046463.160791,2210377.545211594
BSC8REUo9LpiiWUuqMuLXs2D2yJsJfGd4HdiF3wCLxk5,AZjEH1zWVx1UJ6udMyRijGTzPteuLnaY18yNNmprJEsh,Caf8ypkSVR8xYnXNhjvfvdGCC7mrM3C11rz8Xi6NA6aK,181.99693322700023,181.98898215500003,182.24191739171155,1.0013460895212216,0.07289676695668462,0.999385982249436,2812.581565388,3540.658383472,6354.851908336615
HEDSDjj84KS7LKhZY7ejkCACTdPen62rKhCby1wXtgxc,EnnjMSFttpCTywBrYNt1J5QQeoSVkvzPipJDa8Y7kJow,6bjVT6JN2rSvpyn9PdfLYC8wJn4LWh49jpY47fnLDXZk,8.116723074999754,8.38152864100266,7.8432144232017205,0.9663030696907148,0.0031372857692806883,0.999385982249436,39114.766531652,9108.059145014,46899.18560479674
daob129AwBGn9Y5r91uLoWZeYiGzbPmksauMhFZKTze,6VW5GQNyj4LStgmxEHLr5zUfW92vQnmbw8jTnCH7a38F,4VPCCUifPeBA1c7HWK358CHn2nyjm8pdTRk6Ps3KmnMQ,16.400269446000095,14.654037825000053,2392.581346575192,145.8867096332204,0.957032538630077,130.25494017911618,47.734569884,224.657690653,36226.613392918676
C98Sspw7XqnMsgxea3SLQVdbMDL8pKUc3RE82UvX9eq2,CSqgQJurPCzGxb4Cgwx5R61hWQUiaoUHcShNc8r1cKEL,6S2CR5EnukPhC914XkAns8m5GixjMAoUuZMsS5ubHuWc,28.540710999999646,28.451840000000175,0.0,0.0,0.0,1.0,891.293769,1228.413967,1228.413967
MARpDPs5A7XiyCWPNH8GsMWPLxmwNn9SBmKvPa9LzgA,6YjT74rmcfCpw8LSjPNx5JTmZoYLGrTKnf9arfSgZ4SR,F8GSmi3vA8M8TsybLya1LQ4n1aFHCRbZ6k437PeTdXtg,36812.18802600002,38422.909658000106,35120.06802832719,0.9540337021945637,14.048027211330876,1.0,295704.769596,16295.860687,298408.17678126233
KZMu9QBEdL97EFgamLbN5DE1AoKBG4HdrKKJo4Vuon3,DD4ACBWyVqdaKWh7v5btsgqQCCMwbKnuL2xd9pv7Gyuw,GcYqiJ1MAuYbNTNYXm1F1gQYTfTgkErACAhNU5dpVj9T,24.39663533999976,25.279877799999213,23.508319421522852,0.9635885889141254,0.009403327768609141,1.0,2417.77362914,780.40036606,3110.1394456767966
KwnjUuZhTMTSGAaavkLEmSyfobY16JNH4poL9oeeEvE,J63v6qEZmQpDqCD8bd4PXu2Pq5ZbyXrFcSa3Xt1HdAPQ,BnKQtTdLw9qPCDgZkWX3sURkBAoKCUYL1yahh6Mw7mRK,243.50299100002565,10724.177807000095,4.3885202226750275,0.018022448942627424,0.0004388520222675027,1.0,279813.801913,530.608688,5573.538646419506
Cob4usZcpHEY7Qt4ZCwj6WVg9S44zvzYV2v9qYF65dTf,NhFM9UXE48PyNAyeyPYA3iXztqKVJwA4bTdLj4ysM8w,6TuFuynuBoeskxyR2cz4wxyidk8dpDK7kAWw3UkjQGx,15.422910999996589,1028.6678810000394,0.1285834034843226,0.00833716822228638,5.1433361393729037e-05,1.0,71890.972802,179.803006,779.1701399140888
BUSDTd9WiT6uBHJRgNvFXBsA7JrifsAtWzKfioN7ERcy,DyBxrn7gSc1EwnpWhDyhzvMHPtxpmBqRqotapLcKcfTM,Cds99GeBgoCpqBsoRWu1C6fF9LiUMd4pXQQD24s9LPff,794.7266156399996,796.6833298700001,794.7221095656384,0.9999943300321488,0.07947221095656386,0.996500290978085,127.22454155,136.31539661,263.0621525775976
MATgk4zXLXtYkwBH678J1xZbRDZ45LicNzkRBHkxTuY,y8dALFo1bJrSzPYjMX14HJX448pXqYmrfXHD1K8MXih,GN7Yuet3UyiWS5YVkEHv6oQKi4HGBJc3XDPt9zQhAqZz,0.0010839999999916472,0.0010839999999916472,0.0010842428703946156,1.000224050187242,4.3369714815784623e-07,1.0,4137.198963,3921.982964,8060.108867202317
