0,1,2,3,4,5,6,7,8,9,10,11
JSoLLrxK5bYdHwTEWYaGgmeycBCNXKDiBCTw5hXGBg7,xG4wXczA7Dk4hccJ61CHKpDHW4NrNfQwgmWgkb9BuF2,BVR6WgfhsRr9Lob4QDnkEAiNGgAbv7ZieKcY9kSg3QYR,1.3642686479999213,1.1621440549999988,210.40560000516984,154.2259292652029,0.08416224000206794,134.2912056449577,17.154067755,163.784458675,24640.41446156563
MATgk4zXLXtYkwBH678J1xZbRDZ45LicNzkRBHkxTuY,y8dALFo1bJrSzPYjMX14HJX448pXqYmrfXHD1K8MXih,GN7Yuet3UyiWS5YVkEHv6oQKi4HGBJc3XDPt9zQhAqZz,1785.647430000001,1785.7439679999998,1784.8317618848198,0.9995432087535997,0.713932704753928,1.0,4534.477133,3525.977784,8058.383607538644
KZMu9QBEdL97EFgamLbN5DE1AoKBG4HdrKKJo4Vuon3,DD4ACBWyVqdaKWh7v5btsgqQCCMwbKnuL2xd9pv7Gyuw,GcYqiJ1MAuYbNTNYXm1F1gQYTfTgkErACAhNU5dpVj9T,37.520047660000046,38.83961547000035,36.29446979583288,0.9673353862640812,0.014517787918333153,1.0,2394.30773065,803.10389757,3119.2024910333935
BUSDTd9WiT6uBHJRgNvFXBsA7JrifsAtWzKfioN7ERcy,DyBxrn7gSc1EwnpWhDyhzvMHPtxpmBqRqotapLcKcfTM,Cds99GeBgoCpqBsoRWu1C6fF9LiUMd4pXQQD24s9LPff,2145.9530153299993,2151.2140957400006,2139.7462107016927,0.9971076698399419,0.2139746210701693,0.991609987892442,147.02513065,116.78226333,262.4023441570478
BUSD5rCfUDpCxKGMvYU2yThChxgHoioK74PTPociGnv2,CcFHbafgYDZ8yA8Me1PdtDiVb2eeaS61LbqyKKK5CsNZ,26R9s4nmF3CFDTkiePDwRmtscn8i7r2eygbSijditJ58,227.62504898000003,227.42229901,226.9524594796599,0.9970451867957677,0.02269524594796599,1.0,106.21652756,41.73572995,147.63840751185802
BUSDgu5JdqP1rndBvXvanbEufS94FNh1w5FJcAj6vawb,Bgzr8cWubt89JQFXndVjtdKmDbGzuPxNhvjH1EhWCwbo,Dxaf8xPBBQsasRKW5Aa4Sw2YrbfGofY9xZueyyF23FBW,15430.379447239997,15383.453165530002,15454.181204421986,1.0015425257209891,6.1816724817687945,1.0,6495.72762016,8551.09344282,15056.840889910636
Lee1XZJfJ9Hm2K1qTyeCz1LXNc1YBZaKZszvNY4KCDw,9DgFSWkPDGijNKcLGbr3p5xoJbHsPgXUTr6QvGBJ5vGN,2hNHZg7XBhuhHVZ3JDEi4buq2fPQwuWBdQ9xkH7t1GQX,3425.3505759961336,2893.455740304982,538015.263932876,157.06867136553305,53.80152639328761,132.57268429989426,6923.068430575,54975.727246628,8375676.89258739
CZgvH45CRmoaNJ7395Ao5CQZXkGznvqU7cErD6n7FaRg,4ZjU6MKvtqVQKCiowhvZ5yUsPxXX5SCzd5eFsPeXyey5,BsyWeshjDbCvjDojry3vKDCesmFRM37WtwcR4Kfgzqr,49.527998219999944,49.54818227999996,51.05095384878363,1.0307493878920528,0.020420381539513453,1.0,213.4433165,591.75788462,811.7644524520247
KEVpg4SYCVrqFxKijQH6hm4QxsRdoE51ud64bEEFUC9,2bPenuBYfqzD8p5dFjCcggwkHDsc2RQDnx9AoyYGUBjA,AE6n6iLuX8oYu61vt5hoDYkjswpnxFxrhSehxrnQTnbx,1536.3661391120004,1533.1762572979999,1540.2954651899045,1.0025575453519011,0.6161181860759618,0.9999884291338865,1708.465423418,5932.123822562,7644.890083972027
TETFuZgEmET6d9vYmz9iMFCxK1jKdKYxf3oPz8hSzJK,Eu1Ze6Z84LWNkq7SNoAHBJbXx5t1P95EwyqYohrfCRFV,ASMbv7WNu3qe4pkhREmvyEdwFNDZQ6B6iSrjkj4u8bdC,37.80851655299995,37.648703596000004,37.465130907228286,0.9909177699344457,0.014986052362891314,0.9958344246018902,78.550794213,274.100788204,350.7963785321804
C98Sspw7XqnMsgxea3SLQVdbMDL8pKUc3RE82UvX9eq2,CSqgQJurPCzGxb4Cgwx5R61hWQUiaoUHcShNc8r1cKEL,6S2CR5EnukPhC914XkAns8m5GixjMAoUuZMsS5ubHuWc,54.90468099999987,54.73240600000008,0.0,0.0,0.0,1.0,902.531488,1217.170343,1217.170343
DFWzVTzNBrQZLjoQ4yQwkj9HuoXmfkuZP9V5vbymZe23,DhgiEgiNdqZdRdo195UUHnoEJUtefK8buko8nU97XJUZ,2K2kkXsouBHtWVjtcgkyiXd8eP3oVBvq1bTJzcVdLLr2,28.338250853004865,28.77034785601063,27.881978639294278,0.9838990692799867,0.01115279145571771,0.9999884291338865,45446.639761195,22568.950498443,67283.59591908105
parEAJhzYzHW87y9VoZAQ22dzQ2MD2ekEtTReaxbMcz,3oyc6hpjYSJEquK6dSvG72NXyz3pqLZz5D8AC71pwgQb,Di2vordgFJVZ1aj1aBpvzXtLfZgJsuLLXawGtVFwX6Rz,17.759099394999964,20.77300388899974,2244.6223206148006,126.39280127272495,0.8978489282459202,151.51154737682756,1098.632223348,143.872065243,160657.48350670259
WiiQFxXqp8P9Fs1rt9SVcDyA3KUdJmUsog6wnVQAwba,3S2jpqSYxho6wiz3cafhjXruVY8cg4HYa2v3BqBHYFSj,Dfe67M6TfrG74gKRtdqys4e6E9QirPD53BkF4FujFjuv,40300.877036855,40256.419270861996,40437.3948139941,1.0033874641739,4.04373948139941,0.9999884291338865,5071.671131837,21744.297116026,26832.896751773238
AUSejoEUCh2DBs9mof6BNC8Pubs22w4cJa1ccV9h44R,4xkyD7AfGQDwsQMy9MosRRNGoVJ1zosNinesxg1TzHG7,Cbm5gsQe3nSiCsFrvepVzMCD9xLK3ri9g3ypS2hdmVJ7,2541.297771000007,2539.247356000007,2544.386656400877,1.001215475587363,0.2544386656400877,1.0,13971.700042,14904.951344,28893.633646315007
4vezWG46exH6pf9nry3n1VJ7hZHvjBJNgNeF4qEFCML5,,,1.2905819999999988,1.2484620000000017,0.0,0.0,0.0,1.0,13971.700042,14904.951344,14904.951344
SUiuyGR7SFq3xeRVJonq84fjjeFwRSsFekcevJ53tzy,49GjCCPsv7fBqo6t3iKDrP1xxGDS8uWZbVCdfnp2gjMf,CEwj5xEbbJEjYqM8D6Ai8ByGz1mrh8mkAVsE5fzDSSSx,3.0340629999999207,4.090662999999901,0.025635074014753588,0.008449090877399137,1.0254029605901435e-05,0.9404108655071401,646.415832,1.655741,7.018702936023232
RoBgmK8CvjdHvPrqdDyVw54VwjZv2TqJ493xnqJAQHx,ExiHJxM7qPAcy27NDHAF6G7vnW7muNHi2sVJpnaNynGQ,6rkPHSqZb7StM4HwS9EuVrmfkV7tRdc7dnsFhyB6cefE,0.026028000000000162,1.8573550000000978,0.0,0.0,0.0,0.9400484124932434,6407.024686,16.760609,15.755783882869967
KEnkcdADoLR5jS2CLLLesy8TtFsyWL37BhXNfDMzWzP,3qsjFRuw1qeLMPo4DLwaQevenGAGBj9dA3Q6rb8ax2YR,77iEv8zPQAEyCcEbvBRSB6AFcUdfkhiqnAKtPxk76rNN,0.011228999999999989,1.3396080000000126,9.487484146231481e-05,0.008449090877399137,3.794993658492593e-08,0.9965847042186426,119.934486,0.292099,1.304438767065716
wrmcMSHFi3sWpAEy4rGDvQb3ezh3PhXoV2xNjgLBkKU,8p4mGnARWPBu6P2Gcw4adodLkNDorrXniZMhaY7eJXUn,AyY89zccbsgp9LKFgH4CFZMJmpSgqmPSdTfukhP227rc,0.008060270000000369,0.03718687000000713,2.283362606232399,283.28611898016993,0.0009133450424929595,2970.2676211126623,27.11702465,0.0923749,7956.254845861621
ACUSESXyNnwRLAg1dpSGMLSzUDdLjUMybY8rkXiAKhCP,AhFPQdu8GKBsxuhiH46UmCu1YpaLgNpoP325HnYtsgas,A8wxWpT3aFEr2XqZp1kDmbxbFfcBE95UUmdsNTDBJYbT,0.0,0.001932914000008168,0.0,0.9999884291338865,0.0,0.9878696638906238,1044.611432544,1841.328673742,2863.5920835266515
heyk4SZTeCUV6a65WiVA5bzic3KcxgVf1qxobfeV4tQ,9ZDpBKPqMABtGfq66FbVribaArMvtk63xxy91onZAtDt,DaTP4s6N7xxSPinbNZ3FB52EpRDRt87QShTuN3VPCW52,166.64408625900433,144.5094964140003,24830.144203070005,149.00105224543094,9.932057681228002,132.74847893474126,637.552416813,4459.896754072,687040.4912758024
Lid8SLUxQ9RmF7XMqUA8c24RitTwzja8VSKngJxRcUa,4PgzyzLtds9bKZ2to9PMnKqJzKEUpjvNUaeN23phegax,AtymwxoVN9peZo7EXTcDz9jKVc4vRmisJKKrNfe3ewBa,659.7101715740246,562.1653436320013,103596.20614369652,157.03290718789867,10.359620614369652,133.05390239777768,976.479630298,7665.342581472,1173243.178836164
ALLwa5WNZbvQsRKAqe1jdRGemdYQnW8E5k4msbRFcYtu,CGoM82Hbz7QVqTgvQatYtjvDWBvoUJp5qm21P8iMs9yb,3dxNNww8TivyN5FMy5dCNdi3Zcxv6e4kUfSPxfFwpdNq,1.6728391510000042,1.6442416020000004,4972.028982018142,2972.2098380145635,1.988811592807257,2933.9623748665044,0.938482362,7.71431876,25422.887498706372
YAkoNb6HKmSxQN9L8hiBE5tPJRsniSSMzND1boHmZxe,CfWX7o2TswwbxusJ4hCaPobu2jLCb1hfXuXJQjVq3jQF,EnTrdMMpdhugeH6Ban6gYZWXughWxKtVGfCwFn78ZmY3,6058106.119640004,6051097.552591025,6058106.119640004,1.0,605.8106119640004,0.9959226924969176,214298.449847,1163018.394261,1372574.8604828566
Sid7E679i9ABqptiAVhkmQ27YHN8vaYT4fppPwmxFsJ,GP7KB8o1bv527HG8kTzzzf4wJ5aEGHvcMQvVhLziUfmT,9gYxhAZ1M9wu5pxr8SBoa5NDm21gi3s9vMHaYTME77sa,784.3935610000008,1673.5291320000106,6.62741248053573,0.008449090877399137,0.002650964992214292,0.018318872995088657,127690.723459,11932.316655,1297.4571200460591
SoNcU2iwHMw6dGzsYNQkYFkUjwN1UdAjrWVRnStrZu2,8ivTTid27jZnYNc4w3CTA1Z6QS2twsFb8WMwUabeDJgc,CyXm53PMvHCbeXJBykU46Rcbo28xk5srhMZFg7gv6EYB,1.4920292869999976,1.4807493639999976,234.6567146597328,157.2735312264237,0.09386268586389312,154.22538219748654,15.424193522,19.253578364,5395.207863381826
KwnjUuZhTMTSGAaavkLEmSyfobY16JNH4poL9oeeEvE,J63v6qEZmQpDqCD8bd4PXu2Pq5ZbyXrFcSa3Xt1HdAPQ,BnKQtTdLw9qPCDgZkWX3sURkBAoKCUYL1yahh6Mw7mRK,272.33931900002574,8272.617789000087,4.987007799558074,0.01831174366547345,0.0004987007799558074,1.0,279446.083597,537.34004,5654.485091148728
SRMuKizofcAMicegrfSv7xs9q76tH1w8aAF7oX9FEWu,72Hj2KWntXPfbie4UgKeTPnm1XVkomDfCnRPKbvfTtPi,6aqJQ5wedqpUt4fFEDUqUmXhrdxCu4bEJsQdVPCADLko,15.301934999999503,0.7299170000005688,0.6642690166371619,0.04341078540963502,0.00026570760665486475,0.04311159673929749,16855.345241,5035.309501,948.784007927029
SAMyS8Jr2HJrkFwYVKbpUwsNStnQmvz3f8Tup8bWUWF,6jPzm5TFfquvgm25sTyN3MMGBfufRaFHMxobDWv6hMFW,Cj9ECoDmxsHTDzCY5ZA6RWrPbg9uFzEC1Qc2kso2vJG6,1962.9768823500117,106.09600850999237,1898.8570007155104,0.9673353862640812,0.7595428002862042,0.017882447782105765,435.96301269,111179.32865367,2409.880988376163
ercAoEmXjQzEvAFbdjAo81KtMxRGn9AW1ju882upmPH,CMRhskR2Eg6V42RTSdRTXGdozyPbWB8U9dVpijPWb9T4,7TKLLgrWswt6ZJ1pXhVR3FyufHGjJFqiEXxvWJfDcgRm,1.5533127659999764,1.5825337389999845,205.55818599997568,132.33534835957101,0.08222327439999028,129.53950132214493,284.025715677,830.205365258,145131.03103768278
KysFMBBoavfov2tLpvefWW6tPFt6rAeZWDJVy1mMQae,B8ka2V21TH3x64dFV8ETcjuQcwmrciJ2qzy1mJUttRew,7fSf7EYxBANyxzk2s5pymFgshA91tFYQNKKs5UnLWcYS,1.8573549999855459,1.4158650000003945,0.0,0.0,0.0,0.018191341514476843,134372.77746,2709.757132,49.29411740950131
NorjjEePhxfwLF4vZjUHCrVVKLzQjEEGQFd3wgjEJmh,34M8pFVqgbV7aqHxvRT5tCv3vu2P1JJYT8J3VaxBK2oG,3AZWBSze3ucsY3xSeuLne3b2pauVqiaJ1SZSV5T9WGWw,0.004892999999810854,0.001010999999834894,0.0028992377130867748,0.592527634007531,1.15969508523471e-06,1.0,38124.370231,2258.548884,24848.291775001577
BSCuChvaSj9b5HUSqgDVRzcnr2sSn7cXaamt1jbKH6hn,GnKpRj5kBVPMJfiwZtEuD9GYApLzPdW5JFuZTcyX4BTc,3dmwD9okkomV9nDwyuh4UMhKdUR13QpuKxRo89ycZB5t,134.742778671,134.8199855559999,134.47252238466493,0.9979942799977803,0.05378900895386597,0.9957660029554336,1643.255319361,1468.067510398,3101.811126195955
BSC8REUo9LpiiWUuqMuLXs2D2yJsJfGd4HdiF3wCLxk5,AZjEH1zWVx1UJ6udMyRijGTzPteuLnaY18yNNmprJEsh,Caf8ypkSVR8xYnXNhjvfvdGCC7mrM3C11rz8Xi6NA6aK,191.63608231200033,191.38118162299997,191.83590549725886,1.0010427221369158,0.07673436219890355,0.999133882809277,2870.964237955,3482.32230116,6353.264057871536
HEDSDjj84KS7LKhZY7ejkCACTdPen62rKhCby1wXtgxc,EnnjMSFttpCTywBrYNt1J5QQeoSVkvzPipJDa8Y7kJow,6bjVT6JN2rSvpyn9PdfLYC8wJn4LWh49jpY47fnLDXZk,13.777056859998993,14.227720509014034,13.274678024190658,0.963535111968147,0.005309871209676263,0.9977836282155629,39126.654974988,9096.565479672,46776.30999087168
HDSBGqAuMRr6X2AfmmbXQPpRgU6VEhtfNVVZ3wUTZXg,DCZ1d8kNLgDcdSd99y4udLgwq46mfDXNS9KXj96kQf5L,Fq8GGYQM5Pz3q7LmVMbrXHJgsxA5ev86kTq8yGgGuYsa,14.420920059999844,14.499278273000527,14.325392113839197,0.9933757384575191,0.005730156845535679,0.9999884291338865,13572.673636604,12830.334198923,26312.95043744819
MARpDPs5A7XiyCWPNH8GsMWPLxmwNn9SBmKvPa9LzgA,6YjT74rmcfCpw8LSjPNx5JTmZoYLGrTKnf9arfSgZ4SR,F8GSmi3vA8M8TsybLya1LQ4n1aFHCRbZ6k437PeTdXtg,58989.00326200001,61597.01824099955,55641.86676665206,0.9432582971357962,22.256746706660824,1.0,297114.114367,14988.96657,295244.32014282665
FrnkTEL6yZ5Aycq2TrEgu29dCrwKG4LPUZydfiwqspkc,DjvZuMZ46fxKBoBpGMPcRcos4xdTtHFxwMh69DpA2ZFY,9rvDPJLAng4uVVqnnSoEXgNDFhBZQTny9AoQioYDZbQX,42.35969165899533,35.342707118999755,6680.830412918911,157.71669129938525,2.672332165167565,132.01405527243674,173.91635901,1442.510183075,217861.1317454091
SQDY9uoDoCbNq7F3HAHYYQZbrUzpKxDtdWLvYcqBLak,GiehZ4X2uQjhEKuxSm3ACmEFrabxh3RTvjbLfLjw1xGX,rxDQYV77NKRKYxCjq4cECX3QQsiSyLv1T1FT2X3zNA2,1.2307515449999755,1.179312675999995,1.2333935022498452,1.0021466211117938,0.0004933574008999382,0.9974958733919904,169.881517119,236.725833059,406.3792299717849
STK75uPSyBnEhGTTzb1nwmP3n427XoXmfRhXxxhyady,6TYyD5fUmDe6N65avW1Ny2RxzRNobw2RRgKwH9CTzSAU,54zDfk4cx2vGrEajPtodWpArNe5eUurytyxd4X3aZAxK,618.0874159580021,695.7218253299925,81463.26018598175,131.79893018808366,8.146326018598176,147.36069624981764,1683.2863884,298.313650601,265815.0524446713
vEnkoSUkpnbRrPgBz9DfcVxNz67zjwMYBZraAvDDNSf,DtfyjjsZ5yCjWKLKHvwsfXs5QVsmm1QkK6Sh9JZHoq1g,e5wrKCRv4GhHvEf1VD5Pq2KGaZDXP77nTL612Jyrxwy,2687.2415119999996,2686.698072999999,2672.316623656876,0.9944460189839746,0.26723166236568763,0.9949684445757802,868.144871,1078.21299,1936.1111124490071
ALBpShJ9NLpE739pcHDF2LNVk5J4VYPvvKuV6jMPitZi,D6d156U1bPiJpDYRLextvDRccgFk7QzkQbJg42ceKEu5,GNcM8U5g8RwTZffwwm3kSQqUNPSwv5d2fbN9sLxPJqt2,2983.4708309999987,2977.7228410000025,2954.487310484149,0.9902853011952742,1.1817949241936596,0.9911745815260916,43825.468276,56580.816358,99481.18402776789
RajgMbScQbqqrdJfR2rxfHJiTiY5b6bJ2tTXiF4aPxy,725ZA3fhyBAKb5iopNRrcbSuQa3LXA1656Q3mBvYPxeg,GLA6i1dSZpUfk2f9Nj8uiG7xyDdAR2reff8oEiZH3617,5834.2681012999965,5828.819098460008,5838.800937631909,1.0007769331565175,2.3355203750527633,0.9995462260043185,66613.78903202,114812.26956055,181425.71423163847
BkMBnJpvHKtWhUvrgRrLesXfi9RUV3ELgdBaJcdH7hcY,5uerVwBnZQsuVhZ15igs7ZgmcqhHnYWbwoRtLyRqLvR,9YWiQh5d4jCtgMdzcGLv9bWgnLaFtzvDDh2nnhJdzhBX,0.0009808219999740686,0.0009808219999740686,0.0009862231546338522,1.0055067633677939,3.9448926185354086e-07,0.9974958733919904,986.42705962,1887.628275602,2874.76049542795
daob129AwBGn9Y5r91uLoWZeYiGzbPmksauMhFZKTze,6VW5GQNyj4LStgmxEHLr5zUfW92vQnmbw8jTnCH7a38F,4VPCCUifPeBA1c7HWK358CHn2nyjm8pdTRk6Ps3KmnMQ,30.048356607999864,26.874164992000033,4397.254413153187,146.33926475641243,1.7589017652612748,131.82320188538816,48.356146128,223.976916425,36601.757142384646
GokA1R67GqSavkd15zR62QD68Tuc5AEfvjssntVDEbM8,3YB7hfpBdbQEuZqLGWVDpRPmeZWCUsrrWyqGXegnQ6Cg,4DPCj6Z1DsG6HUtwSogBGqXEUxdEV5a8YVrrFtcnz7UW,16213.606399999988,16211.044459000004,16214.90359228737,1.000080006400512,1.621490359228737,1.0,16526.025601,15868.690899,32396.038687823107
C2ypsDADXcCRz8HbV2zX1AXPSja7a1P3xZtRC91xGhJh,J9bYNuDpY1d1T86gLaw7DGk5D3CsUAf2tzUwxMvb6FTv,A2NGvvPrMGzsJ4jb52KEnSBVmsA7C34dV1GC7PerdgvG,3.00791712,3.0240348170000004,397.099289307345,132.01802891010007,0.158839715722938,132.67531683197348,1.762105735,1.00170873,365.5317489919869
moFiBS1R4Lf3E3zzmBPnw3NF4RhWPkhREFviuzUaCAU,44ALBrpqi9PfZkBRTvbtRNtFJGsatfY4QydjtMbFWq8S,2ho8qEEie1UjVwWNBo9y4oAJZMyMLx8zPj9bxyUz6uWs,1394.734601885997,1395.2503017639974,1393.969808714265,0.9994516568451819,0.557587923485706,0.9999884291338865,34152.196592737,32962.32448072,67095.41254759001
SEQV6QiTpvTzrceiaYg9Avnwf7oc8ZALpnQMz6TyT4A,3dFMPj4r9mMmPHF32mz1gNDX7f8ftidWof7S8YiYTs1j,Fc1ED3YPeQfXQosHbd8DTaBd2AV5gHQtwiSAL5C5pUhi,777.0267360019998,776.9016864079999,775.3695518401344,0.9978672752363811,0.3101478207360538,0.9881247171492996,2057.066752543,3569.233499337,5579.527437311613
KEN5P7p3asnb23Sw6yAmJRGvijfAzso3RqfyLAQhznt,9zj4aX38Uxf3h6AUjS4EipWS8mwbEofasHAf3a1uKGds,CwQDG1MWunn9cLNwcZLd8YBacweSR7ARo32w4mLua1Yr,267231.5075299996,267262.01517800125,267116.3803700601,0.9995691856809714,26.711638037006008,1.0,1138164.861805,1107100.685826,2244775.209911119
SoN9GaFpSXfpyR5dth3x7PHPVhvJMpQqqDJfCSmPv1t,9kZ9iS68ViMPtoeqtnhAKuF2iqVyfHPdZHoUNdwCELr,BBhm5fJLjw3HRzjtKB8uMEYjGhY6EDm9co3cqpjrSzB9,0.9806163199999982,0.9621196490000008,154.27965845701485,157.3292788529311,0.061711863382805945,153.61452677278461,1.529308011,2.45214595,617.2901662016908
Cob4usZcpHEY7Qt4ZCwj6WVg9S44zvzYV2v9qYF65dTf,NhFM9UXE48PyNAyeyPYA3iXztqKVJwA4bTdLj4ysM8w,6TuFuynuBoeskxyR2cz4wxyidk8dpDK7kAWw3UkjQGx,165.93815699999723,1523.6833929999457,1.399160059558617,0.008431816315512293,0.0005596640238234469,1.0,71887.966405,179.835449,785.9815770226786
YakoMPuYrybnr9R7VC7hVGxMz94fJvPFCdZ4gmW61Ed,,,0.29889199999999994,0.2988409999999999,0.0,0.0,0.0,1.0,71887.966405,179.835449,179.835449
Dg3mAgpwDfVNnbGWcsxL8sUcSkEbjSJQhKAWNigG44Ju,EATxwd8YA2wV93VJcKMmH2Kn2Y9XfJVUB9hHVu3udwEy,GiGvrRi7NMHfHKanG2B8xyCEqe8jaafWins8bhrLVEaa,0.009290833000000054,0.009218586999999945,1.4626637772857272,157.43085440086145,0.000585065510914291,156.38781676352286,0.19596582,0.26364681,72.08221548853275
MATSnbbiTCv7Dc3trJrkrqjx7ckKdr6fwPoVwv9q3sD,631WX9JizSHJm4w6VanZeJAst9T8DeUUnPLesdGkCVtK,211maUSfpnXbPuW1iBu8b4dtJv5EbN1j7JJiEX5TZKEP,2094.7575960000104,2093.8407329999973,2091.4865110966552,0.99843844227628,0.8365946044386623,0.9968976544991985,20177.302776,25375.76161,45442.831983146105
oKQqupM9E7SSLAFDLxr7mdsXP7znck9qRbVWc6Yyj7Q,CMR2J7CwfW98RpvnJmFBgRFTLAd3x8CJ1SWs8Bt3uunG,FmRb5jHfSNj1YWP3b45d9vvYuhwjp4om8bALmtqZpr1v,27.13479617999974,26.81356185999948,27.450157034590056,1.0116220093380601,0.010980062813836022,0.9993692980360094,2176.16186239,3720.11096757,5919.217922152317
B2izdXFYb2sNwbWWHmh75T4aQFtfXsUxem9u2p61HGzf,4DYwgJtxwuJdAjkj5RJSNH4e7U329V5cNp7d3a1nLrZv,EXNW64GEf1ACC6xY9BtKRiunrs6GoJSXBdxWN2eTPmrF,341411.76163999946,339592.24005599954,341496.7943417906,1.0002490620164421,34.149679434179056,1.0,12537.728047,27370.440388,39911.29110682899
AURHmCnNwiW4uA2Qj1XvEh4iKgRUZYXtiY7FKAapUV5Y,BKWm4TRnTeKwfWXRyuzjRHU7iZDkPuXBX5b5V5jSVfGJ,A5Ww74HVrkj9nPeC7pHKLfgeDMEhBCpW1efQdz3TGLEg,0.0337789839998095,0.030142586000067695,4.964564173670542,146.9719803798285,0.001985825669468217,131.62894904946128,289.912162991,1809.474013745,280788.12749255175
BSCNHw8CmxbZ8hCWWzMf5FaG2ajPT6JxfznKUNuRVrn4,7n9kgNL633yGzCYksgnzHyjG73ZLBAwvEae5sbAekbzW,SscdxE99omdG9AiMVwmaEMQySQnCgeAh1sPj2Leutm2,23.84262433799995,23.826905914000235,23.857381536065517,1.000618941852053,0.009542952614426208,0.9964132878116875,5398.47464716,6298.868892319,11678.09265154671
