0,1,2,3,4,5,6,7,8,9,10,11
ALLwa5WNZbvQsRKAqe1jdRGemdYQnW8E5k4msbRFcYtu,CGoM82Hbz7QVqTgvQatYtjvDWBvoUJp5qm21P8iMs9yb,3dxNNww8TivyN5FMy5dCNdi3Zcxv6e4kUfSPxfFwpdNq,3.503681148000006,3.496121463999999,10871.88118037672,3102.9881776150432,4.3487524721506885,3112.1235886519526,2.130851872,6.506121265,26859.861626501464
BkMBnJpvHKtWhUvrgRrLesXfi9RUV3ELgdBaJcdH7hcY,5uerVwBnZQsuVhZ15igs7ZgmcqhHnYWbwoRtLyRqLvR,9YWiQh5d4jCtgMdzcGLv9bWgnLaFtzvDDh2nnhJdzhBX,0.002372476999880746,3.245699986109685e-05,0.0023800573540302353,1.0031951222919633,9.52022941612094e-07,0.9977434963245079,1117.771749621,1755.682809946,2873.0642722878993
MATgk4zXLXtYkwBH678J1xZbRDZ45LicNzkRBHkxTuY,y8dALFo1bJrSzPYjMX14HJX448pXqYmrfXHD1K8MXih,GN7Yuet3UyiWS5YVkEHv6oQKi4HGBJc3XDPt9zQhAqZz,237.47648600000048,236.7692190000007,238.28426967419597,1.0034015311907365,0.0953137078696784,1.0,3281.366753,6790.817828,10083.346252358575
KZMu9QBEdL97EFgamLbN5DE1AoKBG4HdrKKJo4Vuon3,DD4ACBWyVqdaKWh7v5btsgqQCCMwbKnuL2xd9pv7Gyuw,GcYqiJ1MAuYbNTNYXm1F1gQYTfTgkErACAhNU5dpVj9T,29.7330424700001,30.570193000000927,28.923647176717445,0.9727779189062365,0.011569458870686979,1.0,2472.96669514,922.68963183,3328.3370270527225
MARpDPs5A7XiyCWPNH8GsMWPLxmwNn9SBmKvPa9LzgA,6YjT74rmcfCpw8LSjPNx5JTmZoYLGrTKnf9arfSgZ4SR,F8GSmi3vA8M8TsybLya1LQ4n1aFHCRbZ6k437PeTdXtg,42109.533423999936,44285.84272000034,39982.80788954704,0.949495390674626,15.993123155818816,1.0,295773.412959,16164.874481,297000.3667696732
GokA1R67GqSavkd15zR62QD68Tuc5AEfvjssntVDEbM8,3YB7hfpBdbQEuZqLGWVDpRPmeZWCUsrrWyqGXegnQ6Cg,4DPCj6Z1DsG6HUtwSogBGqXEUxdEV5a8YVrrFtcnz7UW,14921.91495300001,14921.682396000013,14920.228967126724,0.9998870127675572,1.4920228967126725,1.0,17618.336236,14968.975315,32585.320903948446
Sid7E679i9ABqptiAVhkmQ27YHN8vaYT4fppPwmxFsJ,GP7KB8o1bv527HG8kTzzzf4wJ5aEGHvcMQvVhLziUfmT,9gYxhAZ1M9wu5pxr8SBoa5NDm21gi3s9vMHaYTME77sa,2054.4710800000066,4158.822253,17.762502070339814,0.00864577858664224,0.007105000828135926,0.018752152981564196,128048.17167,11766.658883,1327.7263281390728
4vezWG46exH6pf9nry3n1VJ7hZHvjBJNgNeF4qEFCML5,,,1.5854880000000016,1.5824199999999973,0.0,0.0,0.0,0.018752152981564196,128048.17167,11766.658883,220.65018745589728
SERgf3DMJpQxUifu7VoFKmfne73d2fDJxSrxUMrcNJB,AJfM2GZ2tTB8UtN2krcyR9xufRJEx2mhSCbJyMgPo3GU,F4yRYkufQvERZcEKnKjJwRLU1btiMBUuEwq46hfm11QD,3.152699999731112e-05,3.150999999945725e-05,0.0045578230698552664,144.5688796981633,1.8231292279421065e-06,144.99007107993245,29.284858487,27.959840857,8287.57849682487
BUSDTd9WiT6uBHJRgNvFXBsA7JrifsAtWzKfioN7ERcy,DyBxrn7gSc1EwnpWhDyhzvMHPtxpmBqRqotapLcKcfTM,Cds99GeBgoCpqBsoRWu1C6fF9LiUMd4pXQQD24s9LPff,624.6486802500001,625.2714449199999,621.7704365046719,0.9953922199208423,0.0621770436504672,0.9945874550695117,167.86995601,95.47709874,262.05677282404514
AURHmCnNwiW4uA2Qj1XvEh4iKgRUZYXtiY7FKAapUV5Y,BKWm4TRnTeKwfWXRyuzjRHU7iZDkPuXBX5b5V5jSVfGJ,A5Ww74HVrkj9nPeC7pHKLfgeDMEhBCpW1efQdz3TGLEg,0.03520887700011599,0.03140639000014289,5.616120870578498,159.50866227741363,0.0022464483482313993,144.90842512074497,289.878894203,1809.511068653,308451.5938338389
ACUSESXyNnwRLAg1dpSGMLSzUDdLjUMybY8rkXiAKhCP,AhFPQdu8GKBsxuhiH46UmCu1YpaLgNpoP325HnYtsgas,A8wxWpT3aFEr2XqZp1kDmbxbFfcBE95UUmdsNTDBJYbT,100.48906649200012,100.529039495,100.44230919087943,0.9995347026024527,0.040176923676351776,0.987421037038174,1044.595767735,1841.328673742,2862.2763885972354
SAMyS8Jr2HJrkFwYVKbpUwsNStnQmvz3f8Tup8bWUWF,6jPzm5TFfquvgm25sTyN3MMGBfufRaFHMxobDWv6hMFW,Cj9ECoDmxsHTDzCY5ZA6RWrPbg9uFzEC1Qc2kso2vJG6,1147.641870109994,100.34174366000451,1116.4006700552613,0.9727779189062365,0.4465602680221046,0.01857651957276903,449.59511503,110455.34383236,2489.232056968062
FrnkTEL6yZ5Aycq2TrEgu29dCrwKG4LPUZydfiwqspkc,DjvZuMZ46fxKBoBpGMPcRcos4xdTtHFxwMh69DpA2ZFY,9rvDPJLAng4uVVqnnSoEXgNDFhBZQTny9AoQioYDZbQX,62.74437536599771,52.49649455900027,10760.233705101615,171.4931998658923,4.3040934820406465,144.20201202183335,174.850899656,1441.253186976,237817.3496762563
NorjjEePhxfwLF4vZjUHCrVVKLzQjEEGQFd3wgjEJmh,34M8pFVqgbV7aqHxvRT5tCv3vu2P1JJYT8J3VaxBK2oG,3AZWBSze3ucsY3xSeuLne3b2pauVqiaJ1SZSV5T9WGWw,0.0035609999999905995,0.001213000000007014,0.0021098308876579333,0.592482698024011,8.439323550631734e-07,1.0,38124.371737,2258.31102,24846.34164720811
BSCNHw8CmxbZ8hCWWzMf5FaG2ajPT6JxfznKUNuRVrn4,7n9kgNL633yGzCYksgnzHyjG73ZLBAwvEae5sbAekbzW,SscdxE99omdG9AiMVwmaEMQySQnCgeAh1sPj2Leutm2,301.55436628200005,300.29041065899946,302.7278067693389,1.0038913065720345,0.12109112270773556,0.9995347065987312,4330.498553853,7367.901929098,11711.823544284991
parEAJhzYzHW87y9VoZAQ22dzQ2MD2ekEtTReaxbMcz,3oyc6hpjYSJEquK6dSvG72NXyz3pqLZz5D8AC71pwgQb,Di2vordgFJVZ1aj1aBpvzXtLfZgJsuLLXawGtVFwX6Rz,7.6993117710001115,9.073322333000078,1079.5855774946176,140.21845193500764,0.43183423099784707,166.63481164517384,1102.981823024,140.15034076,178012.32937142736
AUSejoEUCh2DBs9mof6BNC8Pubs22w4cJa1ccV9h44R,4xkyD7AfGQDwsQMy9MosRRNGoVJ1zosNinesxg1TzHG7,Cbm5gsQe3nSiCsFrvepVzMCD9xLK3ri9g3ypS2hdmVJ7,46.215156999998726,46.21708299999955,46.21977897789651,1.000100010001,0.004621977897789651,1.0,14437.84613,14437.515224,28876.805283005902
Lee1XZJfJ9Hm2K1qTyeCz1LXNc1YBZaKZszvNY4KCDw,9DgFSWkPDGijNKcLGbr3p5xoJbHsPgXUTr6QvGBJ5vGN,2hNHZg7XBhuhHVZ3JDEi4buq2fPQwuWBdQ9xkH7t1GQX,1870.4346340679976,1581.4327317870038,319698.09635273303,170.92182240949177,31.969809635273304,144.47614251011115,6932.206192334,54969.406549853,9126633.13010489
BUSD5rCfUDpCxKGMvYU2yThChxgHoioK74PTPociGnv2,CcFHbafgYDZ8yA8Me1PdtDiVb2eeaS61LbqyKKK5CsNZ,26R9s4nmF3CFDTkiePDwRmtscn8i7r2eygbSijditJ58,93.63773461,93.64793999,93.30227839731863,0.9964175103757205,0.009330227839731862,1.0,88.00659074,59.79372888,147.48503692180572
RoBgmK8CvjdHvPrqdDyVw54VwjZv2TqJ493xnqJAQHx,ExiHJxM7qPAcy27NDHAF6G7vnW7muNHi2sVJpnaNynGQ,6rkPHSqZb7StM4HwS9EuVrmfkV7tRdc7dnsFhyB6cefE,0.4872980000000027,30.91136800000004,0.0,0.0,0.0,0.8875989118037341,6339.680668,17.749435,15.75437919113111
ALBpShJ9NLpE739pcHDF2LNVk5J4VYPvvKuV6jMPitZi,D6d156U1bPiJpDYRLextvDRccgFk7QzkQbJg42ceKEu5,GNcM8U5g8RwTZffwwm3kSQqUNPSwv5d2fbN9sLxPJqt2,133.18595500000083,132.90667299999768,133.3879042870915,1.0015162956716468,0.05335516171483659,0.9922111425311307,41333.3237,58970.770187,99907.4525030051
moFiBS1R4Lf3E3zzmBPnw3NF4RhWPkhREFviuzUaCAU,44ALBrpqi9PfZkBRTvbtRNtFJGsatfY4QydjtMbFWq8S,2ho8qEEie1UjVwWNBo9y4oAJZMyMLx8zPj9bxyUz6uWs,0.0011818190032499842,0.0011818190032499842,0.0011816943628553676,0.9998945351240132,4.7267774514214705e-07,0.9995337135245059,32316.691115047,34797.257099183,67094.3144480396
CZgvH45CRmoaNJ7395Ao5CQZXkGznvqU7cErD6n7FaRg,4ZjU6MKvtqVQKCiowhvZ5yUsPxXX5SCzd5eFsPeXyey5,BsyWeshjDbCvjDojry3vKDCesmFRM37WtwcR4Kfgzqr,107.51808921000001,114.61406699999998,122.2495152058837,1.1370134654003277,0.04889980608235348,1.0,105.95368586,706.2171066,826.6878741316162
7oAd7xG4m3oC2qeWB1szghTebAZyyGPAFDJ4wwwbRSNi,D9yh4KAysxt9GLacVe4Wwh2XqghhcjTCSTV9HuM7TBJd,HDYfJLpZKaMFb84jM4mRytn7XLR8UFZUnQpSfhJJaNEy,4625.846738422057,134.67235735200006,4623.694404053275,0.9995347155903579,1.84947776162131,0.03078115847761197,1137.595034494,293194.468445372,10161.931127236163
ercAoEmXjQzEvAFbdjAo81KtMxRGn9AW1ju882upmPH,CMRhskR2Eg6V42RTSdRTXGdozyPbWB8U9dVpijPWb9T4,7TKLLgrWswt6ZJ1pXhVR3FyufHGjJFqiEXxvWJfDcgRm,23.702800796999895,23.270522839999956,3432.1607586177083,144.79979762780283,1.3728643034470833,141.78896555733343,295.106067389,860.597112243,164754.47314322728
C2ypsDADXcCRz8HbV2zX1AXPSja7a1P3xZtRC91xGhJh,J9bYNuDpY1d1T86gLaw7DGk5D3CsUAf2tzUwxMvb6FTv,A2NGvvPrMGzsJ4jb52KEnSBVmsA7C34dV1GC7PerdgvG,0.002148701000000086,0.0021413539999999287,0.3104600288136719,144.48731061867588,0.00012418401152546876,145.0713460880061,1.309430181,0.910011665,321.21266249295365
SoNcU2iwHMw6dGzsYNQkYFkUjwN1UdAjrWVRnStrZu2,8ivTTid27jZnYNc4w3CTA1Z6QS2twsFb8WMwUabeDJgc,CyXm53PMvHCbeXJBykU46Rcbo28xk5srhMZFg7gv6EYB,8.534484750999997,8.47138893100001,1453.7568812332413,170.33915035853835,0.5815027524932965,169.2634500969033,21.651745702,27.249576159,8300.497241008477
DA1mL7dfBow33EH5yjUuZE6SH2KeUK5zEXzsyhE5r5j5,B4UtLRZND3D83CitRCBUyeiNr7H8m7YFRqBmiPmXjhW4,AAmpYbuixWiSqDaJBCqYEs1pb5SrbdPr9mgXrB58Q2e,56.658251654000026,69.5722639999999,74.9897891474989,1.3235457670922446,0.02999591565899956,0.9995337205179796,134.965989112,3011.768300527,3188.9976383544704
ZUCKWFa4LTL833dPhhpeeRWZcaAEoMeYJPi2iKn4F8N,7eEYpq6ShaJ9opZWMxitRFrdCHh6vfyHhGfoSvFht3N2,H8VggnHmuwd1wvwpT8eg9cUJFEfZ7HAaeYjgXrSm7A2u,30.221393586999966,30.204903682999884,30.242678656422466,1.0007043046959838,0.012097071462568987,0.9994737670669016,1847.216828812,1999.935737195,3847.40113744504
C98Sspw7XqnMsgxea3SLQVdbMDL8pKUc3RE82UvX9eq2,CSqgQJurPCzGxb4Cgwx5R61hWQUiaoUHcShNc8r1cKEL,6S2CR5EnukPhC914XkAns8m5GixjMAoUuZMsS5ubHuWc,101.59085300000027,101.27369999999962,0.0,0.0,0.0,1.0,891.102625,1228.540335,1228.540335
iLiUBQ7Z7im6Ew3b4ewwPcehzWgEQRJ1iQz7g6D62NW,GpugBvKWM3TVhYcZjemSdtehBWgfvuGr6uAm9iPjXT6v,92fMXJ3xy8tEyMUWLHKRLyhPw2nECBo77GtDiBBbYrjX,146.69688741599998,148.9615488359998,144.12379925245395,0.9824598312283932,0.057649519700981575,0.9995337195189119,1793.545435234,1168.686216524,2930.2276265531686
RajgMbScQbqqrdJfR2rxfHJiTiY5b6bJ2tTXiF4aPxy,725ZA3fhyBAKb5iopNRrcbSuQa3LXA1656Q3mBvYPxeg,GLA6i1dSZpUfk2f9Nj8uiG7xyDdAR2reff8oEiZH3617,17261.06695223,17256.138322089995,17268.161230908496,1.0004109988506578,6.907264492363398,1.0,78173.465903,103230.79299488,181436.38810251807
B2izdXFYb2sNwbWWHmh75T4aQFtfXsUxem9u2p61HGzf,4DYwgJtxwuJdAjkj5RJSNH4e7U329V5cNp7d3a1nLrZv,EXNW64GEf1ACC6xY9BtKRiunrs6GoJSXBdxWN2eTPmrF,6913.853612000039,6828.877768000015,6968.746427610326,1.0079395397546473,0.6968746427610326,1.0,10047.147654,29825.666056,39952.58343821974
BSCrK1Nx9PXU9mF7STWWBqeHLxmtJDr9h7jheEy4tAWX,FfSySSbVJPvEo5a5AvrP3nySoXpRE2QPn1uUMpJJ1x7v,HL7Vcj6838ZmvBHDbQxXfjBNckNi83WvPiZQoMQLFeRM,0.011452259999999881,0.011442457999999212,35.73036231861413,3119.939847559739,0.01429214492744565,3110.4199066874025,0.844793556,0.959434272,5619.948537113026
YAkoNb6HKmSxQN9L8hiBE5tPJRsniSSMzND1boHmZxe,CfWX7o2TswwbxusJ4hCaPobu2jLCb1hfXuXJQjVq3jQF,EnTrdMMpdhugeH6Ban6gYZWXughWxKtVGfCwFn78ZmY3,8248957.396555955,8246224.009268984,8248957.396555955,1.0,824.8957396555955,0.9994333213068191,379644.403056,1023092.077402,1402156.715976574
KwnjUuZhTMTSGAaavkLEmSyfobY16JNH4poL9oeeEvE,J63v6qEZmQpDqCD8bd4PXu2Pq5ZbyXrFcSa3Xt1HdAPQ,BnKQtTdLw9qPCDgZkWX3sURkBAoKCUYL1yahh6Mw7mRK,277.0529270000002,14159.404912000115,5.208718838846803,0.018800446886622496,0.0005208718838846803,1.0,279095.768247,543.784732,5790.909899208825
WiiQFxXqp8P9Fs1rt9SVcDyA3KUdJmUsog6wnVQAwba,3S2jpqSYxho6wiz3cafhjXruVY8cg4HYa2v3BqBHYFSj,Dfe67M6TfrG74gKRtdqys4e6E9QirPD53BkF4FujFjuv,1199.7257320329973,1200.1185476480005,1198.8903883704347,0.9993037211420422,0.1198890388370435,0.9995337225161149,15511.872857681,11286.919934256,26782.72936619111
HDSBGqAuMRr6X2AfmmbXQPpRgU6VEhtfNVVZ3wUTZXg,DCZ1d8kNLgDcdSd99y4udLgwq46mfDXNS9KXj96kQf5L,Fq8GGYQM5Pz3q7LmVMbrXHJgsxA5ev86kTq8yGgGuYsa,111.5615683770011,112.11544823000077,110.95749844609081,0.9945853223498172,0.04438299937843632,0.9995337225161149,13719.921970437,12941.277879823,26580.87666891636
HEDSDjj84KS7LKhZY7ejkCACTdPen62rKhCby1wXtgxc,EnnjMSFttpCTywBrYNt1J5QQeoSVkvzPipJDa8Y7kJow,6bjVT6JN2rSvpyn9PdfLYC8wJn4LWh49jpY47fnLDXZk,9.9571056829991,10.285417632003373,9.443327394961717,0.9484008401241923,0.003777330957984687,0.9995337245142502,39126.731450222,9096.439237262,46200.022769342264
wrmcMSHFi3sWpAEy4rGDvQb3ezh3PhXoV2xNjgLBkKU,8p4mGnARWPBu6P2Gcw4adodLkNDorrXniZMhaY7eJXUn,AyY89zccbsgp9LKFgH4CFZMJmpSgqmPSdTfukhP227rc,0.003779990000000011,0.039389260000003645,1.1078516998827699,293.08323563892145,0.000443140679953108,3112.356053532524,27.12149693,0.09194114,8235.009639263157
KysFMBBoavfov2tLpvefWW6tPFt6rAeZWDJVy1mMQae,B8ka2V21TH3x64dFV8ETcjuQcwmrciJ2qzy1mJUttRew,7fSf7EYxBANyxzk2s5pymFgshA91tFYQNKKs5UnLWcYS,30.911368000000948,23.302001999999902,0.0,0.0,0.0,0.018800224211473947,134440.121478,2658.609445,49.982453656742315
YakoMPuYrybnr9R7VC7hVGxMz94fJvPFCdZ4gmW61Ed,,,0.3507670000000003,0.35165199999999985,0.0,0.0,0.0,0.018800224211473947,134440.121478,2658.609445,49.982453656742315
JSoLLrxK5bYdHwTEWYaGgmeycBCNXKDiBCTw5hXGBg7,xG4wXczA7Dk4hccJ61CHKpDHW4NrNfQwgmWgkb9BuF2,BVR6WgfhsRr9Lob4QDnkEAiNGgAbv7ZieKcY9kSg3QYR,2.4443355939999662,2.0819786030000245,413.1498833485031,169.02338793521199,0.16525995333940127,144.72735103792667,17.170334851,163.759819224,26602.713011237323
SUiuyGR7SFq3xeRVJonq84fjjeFwRSsFekcevJ53tzy,49GjCCPsv7fBqo6t3iKDrP1xxGDS8uWZbVCdfnp2gjMf,CEwj5xEbbJEjYqM8D6Ai8ByGz1mrh8mkAVsE5fzDSSSx,0.036308999999999925,3.8564310000000432,0.0003129054239413466,0.00861784747421706,1.2516216957653864e-07,0.953287937761737,638.204871,1.729192,7.148370111254468
MATSnbbiTCv7Dc3trJrkrqjx7ckKdr6fwPoVwv9q3sD,631WX9JizSHJm4w6VanZeJAst9T8DeUUnPLesdGkCVtK,211maUSfpnXbPuW1iBu8b4dtJv5EbN1j7JJiEX5TZKEP,719.5781669999997,719.6644449999985,718.3913844329165,0.9983507246029559,0.2873565537731666,0.9921451865580202,22566.555301,22981.42171,45330.24376638251
Cob4usZcpHEY7Qt4ZCwj6WVg9S44zvzYV2v9qYF65dTf,NhFM9UXE48PyNAyeyPYA3iXztqKVJwA4bTdLj4ysM8w,6TuFuynuBoeskxyR2cz4wxyidk8dpDK7kAWw3UkjQGx,20.047507999999937,2247.833426000012,0.1726731251629396,0.008613196471249201,6.906925006517584e-05,1.0,71542.038988,182.748306,798.9539437574144
MNkYtBe2HtgL15osfaMmyqNW3vo4J399FXXCS4a39Wf,2mUxDu8NrhSKhQJMgKfYLxJqZzeEbmwhQdHeHMyohyuk,AZCBmDBcFsA2jHHhfFJBTsWCHx9XnnKmGfFsue3ZVW1t,0.001442550000092524,0.0014420399998016364,0.0014419506388899629,0.9995845127014504,5.767802555559851e-07,1.0,2195.17444406,1941.31751126,4135.579888220393
daob129AwBGn9Y5r91uLoWZeYiGzbPmksauMhFZKTze,6VW5GQNyj4LStgmxEHLr5zUfW92vQnmbw8jTnCH7a38F,4VPCCUifPeBA1c7HWK358CHn2nyjm8pdTRk6Ps3KmnMQ,23.188543109,20.770714191999957,3738.2992441035467,161.21320026580833,1.4953196976414187,143.5063244672256,48.190298213,224.10025091,39928.715516958524
BSCuChvaSj9b5HUSqgDVRzcnr2sSn7cXaamt1jbKH6hn,GnKpRj5kBVPMJfiwZtEuD9GYApLzPdW5JFuZTcyX4BTc,3dmwD9okkomV9nDwyuh4UMhKdUR13QpuKxRo89ycZB5t,741.610018158,740.5008041299998,741.2795498044608,0.9995543906562103,0.2965118199217843,0.9972625143979775,1562.561017345,1547.690517056,3105.318462104602
heyk4SZTeCUV6a65WiVA5bzic3KcxgVf1qxobfeV4tQ,9ZDpBKPqMABtGfq66FbVribaArMvtk63xxy91onZAtDt,DaTP4s6N7xxSPinbNZ3FB52EpRDRt87QShTuN3VPCW52,89.46716601099888,77.39612366499966,14920.330550907152,166.76878475253014,5.968132220362862,143.54707109427082,620.226924378,4479.620531538,746470.897365359
BSC8REUo9LpiiWUuqMuLXs2D2yJsJfGd4HdiF3wCLxk5,AZjEH1zWVx1UJ6udMyRijGTzPteuLnaY18yNNmprJEsh,Caf8ypkSVR8xYnXNhjvfvdGCC7mrM3C11rz8Xi6NA6aK,938.1080875610005,937.2166561620002,938.8610757375467,1.0008026667572005,0.37554443029501866,0.999534733573612,2969.542450654,3381.0886416,6351.441538233657
DFWzVTzNBrQZLjoQ4yQwkj9HuoXmfkuZP9V5vbymZe23,DhgiEgiNdqZdRdo195UUHnoEJUtefK8buko8nU97XJUZ,2K2kkXsouBHtWVjtcgkyiXd8eP3oVBvq1bTJzcVdLLr2,1289.4018626800007,1364.327783233999,1221.0033479287692,0.9469532992537593,0.48840133917150774,0.9940144218828872,54565.565527145,13727.930261877,65316.80296448541
STK75uPSyBnEhGTTzb1nwmP3n427XoXmfRhXxxhyady,6TYyD5fUmDe6N65avW1Ny2RxzRNobw2RRgKwH9CTzSAU,54zDfk4cx2vGrEajPtodWpArNe5eUurytyxd4X3aZAxK,477.13247190699974,536.8911508330077,68568.33314368504,143.70921532469086,6.8568333143685045,161.56835044045957,1708.910960232,304.165131269,294729.71167534287
Lid8SLUxQ9RmF7XMqUA8c24RitTwzja8VSKngJxRcUa,4PgzyzLtds9bKZ2to9PMnKqJzKEUpjvNUaeN23phegax,AtymwxoVN9peZo7EXTcDz9jKVc4vRmisJKKrNfe3ewBa,288.4603504509945,244.7011509690003,49228.76851106699,170.66043369253373,4.922876851106699,144.74299939627693,981.170605595,7683.992230633,1279651.0838767176
BUSDgu5JdqP1rndBvXvanbEufS94FNh1w5FJcAj6vawb,Bgzr8cWubt89JQFXndVjtdKmDbGzuPxNhvjH1EhWCwbo,Dxaf8xPBBQsasRKW5Aa4Sw2YrbfGofY9xZueyyF23FBW,5908.172011869996,5874.139824620004,5941.133479827414,1.0055789621377298,2.3764533919309656,1.0,5139.72516632,9897.9777748,15066.377273221236
KEN5P7p3asnb23Sw6yAmJRGvijfAzso3RqfyLAQhznt,9zj4aX38Uxf3h6AUjS4EipWS8mwbEofasHAf3a1uKGds,CwQDG1MWunn9cLNwcZLd8YBacweSR7ARo32w4mLua1Yr,176397.1334419991,176413.8647999994,176300.16834940691,0.9994503023337165,17.63001683494069,1.0,1127283.079807,1100736.602007,2227400.016935789
oKQqupM9E7SSLAFDLxr7mdsXP7znck9qRbVWc6Yyj7Q,CMR2J7CwfW98RpvnJmFBgRFTLAd3x8CJ1SWs8Bt3uunG,FmRb5jHfSNj1YWP3b45d9vvYuhwjp4om8bALmtqZpr1v,4.469651780000277,4.417295940000258,4.524430416380521,1.0122556832336145,0.0018097721665522087,1.0,2176.27630641,3719.65773069,5922.605790140182
SoN9GaFpSXfpyR5dth3x7PHPVhvJMpQqqDJfCSmPv1t,9kZ9iS68ViMPtoeqtnhAKuF2iqVyfHPdZHoUNdwCELr,BBhm5fJLjw3HRzjtKB8uMEYjGhY6EDm9co3cqpjrSzB9,1.6368501370000024,1.607695266999999,281.110099628908,171.73844646775234,0.1124440398515632,169.2542539094771,3.729329525,5.925114347,1643.3200671196441
vEnkoSUkpnbRrPgBz9DfcVxNz67zjwMYBZraAvDDNSf,DtfyjjsZ5yCjWKLKHvwsfXs5QVsmm1QkK6Sh9JZHoq1g,e5wrKCRv4GhHvEf1VD5Pq2KGaZDXP77nTL612Jyrxwy,784.5669220000001,784.54284,783.9162714946594,0.999170688328687,0.07839162714946595,0.9985251783116338,1030.19642,915.147876,1943.140262149562
