0,1,2,3,4,5,6,7,8,9,10,11
SUiuyGR7SFq3xeRVJonq84fjjeFwRSsFekcevJ53tzy,49GjCCPsv7fBqo6t3iKDrP1xxGDS8uWZbVCdfnp2gjMf,CEwj5xEbbJEjYqM8D6Ai8ByGz1mrh8mkAVsE5fzDSSSx,0.036308999999999925,3.8564310000000432,0.0003175789291746502,0.008746562262101706,1.2703157166986007e-07,0.953148009588669,638.204871,1.729192,7.230274553174738
TETFuZgEmET6d9vYmz9iMFCxK1jKdKYxf3oPz8hSzJK,Eu1Ze6Z84LWNkq7SNoAHBJbXx5t1P95EwyqYohrfCRFV,ASMbv7WNu3qe4pkhREmvyEdwFNDZQ6B6iSrjkj4u8bdC,39.93545243899999,40.018354999999985,39.976602434669324,1.0010304126573297,0.01599064097386773,0.999001997004992,72.461062917,280.170929667,352.4270459534714
B2izdXFYb2sNwbWWHmh75T4aQFtfXsUxem9u2p61HGzf,4DYwgJtxwuJdAjkj5RJSNH4e7U329V5cNp7d3a1nLrZv,EXNW64GEf1ACC6xY9BtKRiunrs6GoJSXBdxWN2eTPmrF,5388.7726580000035,5327.8270680000005,5442.330633766904,1.009938807807635,0.5442330633766904,1.0,10137.492957,29734.714049,39972.96160015088
C2ypsDADXcCRz8HbV2zX1AXPSja7a1P3xZtRC91xGhJh,J9bYNuDpY1d1T86gLaw7DGk5D3CsUAf2tzUwxMvb6FTv,A2NGvvPrMGzsJ4jb52KEnSBVmsA7C34dV1GC7PerdgvG,0.002148701000000086,0.0021413539999999287,0.3077722666764573,143.2364329315456,0.00012310890667058293,143.7598727092583,1.309430181,0.910011665,318.3812694236883
BUSD5rCfUDpCxKGMvYU2yThChxgHoioK74PTPociGnv2,CcFHbafgYDZ8yA8Me1PdtDiVb2eeaS61LbqyKKK5CsNZ,26R9s4nmF3CFDTkiePDwRmtscn8i7r2eygbSijditJ58,93.52292222999998,93.53268892,93.20894881799605,0.9966428186318668,0.009320894881799605,1.0,88.1508333,59.65925301,147.51414797485984
RoBgmK8CvjdHvPrqdDyVw54VwjZv2TqJ493xnqJAQHx,ExiHJxM7qPAcy27NDHAF6G7vnW7muNHi2sVJpnaNynGQ,6rkPHSqZb7StM4HwS9EuVrmfkV7tRdc7dnsFhyB6cefE,0.17598699999999923,11.5169649999998,0.0,0.0,0.0,0.9538025724055378,6351.197633,17.573448,16.761599908434953
SAMyS8Jr2HJrkFwYVKbpUwsNStnQmvz3f8Tup8bWUWF,6jPzm5TFfquvgm25sTyN3MMGBfufRaFHMxobDWv6hMFW,Cj9ECoDmxsHTDzCY5ZA6RWrPbg9uFzEC1Qc2kso2vJG6,999.5554664600204,19.551938230000076,967.3801792023103,0.967810403386957,0.38695207168092416,0.018740293933264613,449.70720543,110449.81456747,2505.0933017621887
ercAoEmXjQzEvAFbdjAo81KtMxRGn9AW1ju882upmPH,CMRhskR2Eg6V42RTSdRTXGdozyPbWB8U9dVpijPWb9T4,7TKLLgrWswt6ZJ1pXhVR3FyufHGjJFqiEXxvWJfDcgRm,12.760502746999919,12.766624048999972,1818.928101574283,142.54360800963937,0.7275712406297131,140.0372527099659,294.956267348,860.75017219,162581.2199359574
ACUSESXyNnwRLAg1dpSGMLSzUDdLjUMybY8rkXiAKhCP,AhFPQdu8GKBsxuhiH46UmCu1YpaLgNpoP325HnYtsgas,A8wxWpT3aFEr2XqZp1kDmbxbFfcBE95UUmdsNTDBJYbT,100.48906649200012,100.529039495,100.48906649200012,1.0,0.04019562659680005,0.9878806846995098,1044.595767735,1841.328673742,2863.6087987080873
BkMBnJpvHKtWhUvrgRrLesXfi9RUV3ELgdBaJcdH7hcY,5uerVwBnZQsuVhZ15igs7ZgmcqhHnYWbwoRtLyRqLvR,9YWiQh5d4jCtgMdzcGLv9bWgnLaFtzvDDh2nnhJdzhBX,0.0011540940001850686,0.0011540940001850686,0.0011583201788487256,1.0036619015981187,4.6332807153949026e-07,0.9999997690000534,1117.771749621,1755.68396404,2877.548478254367
KZMu9QBEdL97EFgamLbN5DE1AoKBG4HdrKKJo4Vuon3,DD4ACBWyVqdaKWh7v5btsgqQCCMwbKnuL2xd9pv7Gyuw,GcYqiJ1MAuYbNTNYXm1F1gQYTfTgkErACAhNU5dpVj9T,120.97597523000002,124.38636683999891,117.08180738747683,0.967810403386957,0.04683272295499074,1.0,2377.34873631,819.4050123,3120.227851779653
ALBpShJ9NLpE739pcHDF2LNVk5J4VYPvvKuV6jMPitZi,D6d156U1bPiJpDYRLextvDRccgFk7QzkQbJg42ceKEu5,GNcM8U5g8RwTZffwwm3kSQqUNPSwv5d2fbN9sLxPJqt2,3320.811157000011,3311.1782470000107,3323.0508933020965,1.0006744545823885,1.3292203573208385,0.9982072198331797,40612.759294,59792.720957,100325.67650835736
BUSDgu5JdqP1rndBvXvanbEufS94FNh1w5FJcAj6vawb,Bgzr8cWubt89JQFXndVjtdKmDbGzuPxNhvjH1EhWCwbo,Dxaf8xPBBQsasRKW5Aa4Sw2YrbfGofY9xZueyyF23FBW,7950.837804529992,7903.430928680003,7983.921819282388,1.0041610727782104,3.1935687277129556,1.0,5390.86031533,9646.56058533,15059.852662769255
heyk4SZTeCUV6a65WiVA5bzic3KcxgVf1qxobfeV4tQ,9ZDpBKPqMABtGfq66FbVribaArMvtk63xxy91onZAtDt,DaTP4s6N7xxSPinbNZ3FB52EpRDRt87QShTuN3VPCW52,72.49649422000402,62.70769110000049,11947.887259228792,164.8064142656432,4.779154903691517,142.92221329911203,617.807983664,4482.437306794,742458.5793538601
WiiQFxXqp8P9Fs1rt9SVcDyA3KUdJmUsog6wnVQAwba,3S2jpqSYxho6wiz3cafhjXruVY8cg4HYa2v3BqBHYFSj,Dfe67M6TfrG74gKRtdqys4e6E9QirPD53BkF4FujFjuv,5416.355112889998,5416.7342122610025,5414.407279871064,0.9996403793735202,0.5414407279871063,0.9999997690000534,16206.734686903,10592.992780615,26793.89674445594
DFWzVTzNBrQZLjoQ4yQwkj9HuoXmfkuZP9V5vbymZe23,DhgiEgiNdqZdRdo195UUHnoEJUtefK8buko8nU97XJUZ,2K2kkXsouBHtWVjtcgkyiXd8eP3oVBvq1bTJzcVdLLr2,1275.0146360280014,1347.985693308001,1211.7986060596402,0.9504193691726587,0.48471944242385606,0.9999997700000529,54144.326573303,14127.653022877,65587.46647959462
NorjjEePhxfwLF4vZjUHCrVVKLzQjEEGQFd3wgjEJmh,34M8pFVqgbV7aqHxvRT5tCv3vu2P1JJYT8J3VaxBK2oG,3AZWBSze3ucsY3xSeuLne3b2pauVqiaJ1SZSV5T9WGWw,0.01050799999939045,0.0011739999999917927,0.006225815567851169,0.5924834000963378,2.4903262271404678e-06,1.0,38124.371737,2258.315687,24846.373080274483
GokA1R67GqSavkd15zR62QD68Tuc5AEfvjssntVDEbM8,3YB7hfpBdbQEuZqLGWVDpRPmeZWCUsrrWyqGXegnQ6Cg,4DPCj6Z1DsG6HUtwSogBGqXEUxdEV5a8YVrrFtcnz7UW,5966.128906000004,5966.638537000004,5966.027483532784,0.9999830002889951,0.5966027483532783,1.0,17849.394794,14738.229021,32587.32038044689
MARpDPs5A7XiyCWPNH8GsMWPLxmwNn9SBmKvPa9LzgA,6YjT74rmcfCpw8LSjPNx5JTmZoYLGrTKnf9arfSgZ4SR,F8GSmi3vA8M8TsybLya1LQ4n1aFHCRbZ6k437PeTdXtg,36842.594642000004,38540.63108999957,34636.55764879086,0.9401226484007104,13.854623059516348,1.0,296085.267646,15878.216031,294234.68200279074
parEAJhzYzHW87y9VoZAQ22dzQ2MD2ekEtTReaxbMcz,3oyc6hpjYSJEquK6dSvG72NXyz3pqLZz5D8AC71pwgQb,Di2vordgFJVZ1aj1aBpvzXtLfZgJsuLLXawGtVFwX6Rz,9.886777062999926,11.65333552300055,1377.294215874656,139.306692878614,0.5509176863498624,165.12516817998377,1103.590765527,139.637618428,176795.26506412023
ZUCKWFa4LTL833dPhhpeeRWZcaAEoMeYJPi2iKn4F8N,7eEYpq6ShaJ9opZWMxitRFrdCHh6vfyHhGfoSvFht3N2,H8VggnHmuwd1wvwpT8eg9cUJFEfZ7HAaeYjgXrSm7A2u,2.2311161590000665,2.230275537000125,2.23372894057321,1.0011710647886278,0.0008934915762292841,0.9999997690000534,1849.447104349,1997.704621036,3849.317086297672
BSCNHw8CmxbZ8hCWWzMf5FaG2ajPT6JxfznKUNuRVrn4,7n9kgNL633yGzCYksgnzHyjG73ZLBAwvEae5sbAekbzW,SscdxE99omdG9AiMVwmaEMQySQnCgeAh1sPj2Leutm2,54.828282489999765,54.59868052499951,55.07689679320254,1.004534417127659,0.022030758717281017,0.9999997700000529,4278.829394215,7419.800736098,11718.030421050682
Lid8SLUxQ9RmF7XMqUA8c24RitTwzja8VSKngJxRcUa,4PgzyzLtds9bKZ2to9PMnKqJzKEUpjvNUaeN23phegax,AtymwxoVN9peZo7EXTcDz9jKVc4vRmisJKKrNfe3ewBa,263.40842155299106,223.36874711300027,44409.53752047444,168.5957391136045,4.440953752047444,142.9097744855177,979.643493984,7685.812650103,1263541.4715002251
Sid7E679i9ABqptiAVhkmQ27YHN8vaYT4fppPwmxFsJ,GP7KB8o1bv527HG8kTzzzf4wJ5aEGHvcMQvVhLziUfmT,9gYxhAZ1M9wu5pxr8SBoa5NDm21gi3s9vMHaYTME77sa,1683.2004720000004,3644.649416,14.719435946335643,0.008744909588128751,0.005887774378534257,0.018709505497105296,127468.121387,12033.868173,1339.8449196321199
BSC8REUo9LpiiWUuqMuLXs2D2yJsJfGd4HdiF3wCLxk5,AZjEH1zWVx1UJ6udMyRijGTzPteuLnaY18yNNmprJEsh,Caf8ypkSVR8xYnXNhjvfvdGCC7mrM3C11rz8Xi6NA6aK,236.84014477799974,237.26331600000003,237.32195105659585,1.0020343100155074,0.09492878042263835,0.9999997690000534,2732.702305876,3618.3519576,6356.612591307134
SEQV6QiTpvTzrceiaYg9Avnwf7oc8ZALpnQMz6TyT4A,3dFMPj4r9mMmPHF32mz1gNDX7f8ftidWof7S8YiYTs1j,Fc1ED3YPeQfXQosHbd8DTaBd2AV5gHQtwiSAL5C5pUhi,36.122936837,36.204791000000114,36.070885215011984,0.9985590423551969,0.014428354086004793,0.9962004913260823,1358.945404334,4266.994418057,5607.769157318789
ALLwa5WNZbvQsRKAqe1jdRGemdYQnW8E5k4msbRFcYtu,CGoM82Hbz7QVqTgvQatYtjvDWBvoUJp5qm21P8iMs9yb,3dxNNww8TivyN5FMy5dCNdi3Zcxv6e4kUfSPxfFwpdNq,5.839782514999993,5.826946122999998,18230.520135485258,3121.780663690569,7.292208054194104,3116.002542658075,1.725544224,6.914264223,26931.63549230391
BkwbeSfcX1h4thMDd7obGkHrPevf3QwgzJ4pCEqG18Lu,35yX27bmurdebhfAb8EPmjLETDiUaEUCn9zHaDPbakH2,2CxECn1ZJFoESyUnQysQU8rRgT3iJ5GRs2Mdd6gZjx5g,0.0007544600000000123,0.0011499999999990962,1.445381049082364,1915.7822138779263,0.0005781524196329457,1253.1328320802006,0.90251744,22.63617722,30095.163726434563
daob129AwBGn9Y5r91uLoWZeYiGzbPmksauMhFZKTze,6VW5GQNyj4LStgmxEHLr5zUfW92vQnmbw8jTnCH7a38F,4VPCCUifPeBA1c7HWK358CHn2nyjm8pdTRk6Ps3KmnMQ,37.16840319099999,33.329581852,5647.231050044181,151.93633745911393,2.2588924200176725,143.02339734059436,48.032302526,224.290502725,39376.64181648792
CZgvH45CRmoaNJ7395Ao5CQZXkGznvqU7cErD6n7FaRg,4ZjU6MKvtqVQKCiowhvZ5yUsPxXX5SCzd5eFsPeXyey5,BsyWeshjDbCvjDojry3vKDCesmFRM37WtwcR4Kfgzqr,3.3480677499999985,3.817908999999986,3.8375046248559803,1.1461848777868913,0.0015350018499423923,1.0,102.60561811,710.0350156,827.6400234536587
moFiBS1R4Lf3E3zzmBPnw3NF4RhWPkhREFviuzUaCAU,44ALBrpqi9PfZkBRTvbtRNtFJGsatfY4QydjtMbFWq8S,2ho8qEEie1UjVwWNBo9y4oAJZMyMLx8zPj9bxyUz6uWs,129.1160017209986,129.1225361830002,129.10705924964674,0.9999307407971695,0.051642823699858696,1.0,32445.81365123,34668.141097462,67111.70757750333
JSoLLrxK5bYdHwTEWYaGgmeycBCNXKDiBCTw5hXGBg7,xG4wXczA7Dk4hccJ61CHKpDHW4NrNfQwgmWgkb9BuF2,BVR6WgfhsRr9Lob4QDnkEAiNGgAbv7ZieKcY9kSg3QYR,4.868631894999943,4.158141306999969,816.4059350105733,167.68692984347769,0.3265623740042293,143.24433228731547,17.092503113,163.852709939,26337.161399038287
YakoMPuYrybnr9R7VC7hVGxMz94fJvPFCdZ4gmW61Ed,,,0.038243999999999945,0.0381410000000002,0.0,0.0,0.0,143.24433228731547,17.092503113,163.852709939,23470.972028679233
MATSnbbiTCv7Dc3trJrkrqjx7ckKdr6fwPoVwv9q3sD,631WX9JizSHJm4w6VanZeJAst9T8DeUUnPLesdGkCVtK,211maUSfpnXbPuW1iBu8b4dtJv5EbN1j7JJiEX5TZKEP,663.5745379999971,663.6898509999992,660.6399752300254,0.995577644104886,0.2642559900920101,0.9980687369939167,22564.230181,22983.767079,45403.822504540236
KysFMBBoavfov2tLpvefWW6tPFt6rAeZWDJVy1mMQae,B8ka2V21TH3x64dFV8ETcjuQcwmrciJ2qzy1mJUttRew,7fSf7EYxBANyxzk2s5pymFgshA91tFYQNKKs5UnLWcYS,11.516964999987977,8.70746999999983,0.0,0.0,0.0,0.018740293933264613,134428.604513,2667.316915,49.986303000268585
SoN9GaFpSXfpyR5dth3x7PHPVhvJMpQqqDJfCSmPv1t,9kZ9iS68ViMPtoeqtnhAKuF2iqVyfHPdZHoUNdwCELr,BBhm5fJLjw3HRzjtKB8uMEYjGhY6EDm9co3cqpjrSzB9,1.9707527760000012,1.9352894219999985,337.0508974785227,171.02647352989064,0.13482035899140907,167.97327478008938,2.426126494,3.727711319,1041.087736293494
C98Sspw7XqnMsgxea3SLQVdbMDL8pKUc3RE82UvX9eq2,CSqgQJurPCzGxb4Cgwx5R61hWQUiaoUHcShNc8r1cKEL,6S2CR5EnukPhC914XkAns8m5GixjMAoUuZMsS5ubHuWc,88.80708400000003,88.5174779999993,0.0,0.0,0.0,1.0,891.968787,1227.679253,1227.679253
HDSBGqAuMRr6X2AfmmbXQPpRgU6VEhtfNVVZ3wUTZXg,DCZ1d8kNLgDcdSd99y4udLgwq46mfDXNS9KXj96kQf5L,Fq8GGYQM5Pz3q7LmVMbrXHJgsxA5ev86kTq8yGgGuYsa,112.83760798800176,113.38636243200017,112.10322970737619,0.9934917241359489,0.04484129188295048,0.9998239499990602,13508.108219667,12894.560673666,26312.484311219232
BSCrK1Nx9PXU9mF7STWWBqeHLxmtJDr9h7jheEy4tAWX,FfSySSbVJPvEo5a5AvrP3nySoXpRE2QPn1uUMpJJ1x7v,HL7Vcj6838ZmvBHDbQxXfjBNckNi83WvPiZQoMQLFeRM,0.01955516699999993,0.019536699999999962,61.31895619126438,3135.6907456359027,0.02452758247650575,3129.30279133809,0.829852709,0.974397312,5651.345688166116
KEN5P7p3asnb23Sw6yAmJRGvijfAzso3RqfyLAQhznt,9zj4aX38Uxf3h6AUjS4EipWS8mwbEofasHAf3a1uKGds,CwQDG1MWunn9cLNwcZLd8YBacweSR7ARo32w4mLua1Yr,104087.63097600034,104090.98824999924,104046.94861909027,0.9996091528212468,10.404694861909027,1.0,1124574.932012,1111678.406606,2235813.801678526
wrmcMSHFi3sWpAEy4rGDvQb3ezh3PhXoV2xNjgLBkKU,8p4mGnARWPBu6P2Gcw4adodLkNDorrXniZMhaY7eJXUn,AyY89zccbsgp9LKFgH4CFZMJmpSgqmPSdTfukhP227rc,0.007130290000000997,0.055328450000001875,2.090994134897653,293.2551319648094,0.0008363976539590612,3129.0090428361336,27.12846032,0.09128891,8241.204036044348
SRMuKizofcAMicegrfSv7xs9q76tH1w8aAF7oX9FEWu,72Hj2KWntXPfbie4UgKeTPnm1XVkomDfCnRPKbvfTtPi,6aqJQ5wedqpUt4fFEDUqUmXhrdxCu4bEJsQdVPCADLko,1008.7090859999989,1003.5397739999999,43.80276513808967,0.04342457676453379,0.01752110605523587,0.04348197385202806,16855.347878,5003.436368,949.495637144795
AURHmCnNwiW4uA2Qj1XvEh4iKgRUZYXtiY7FKAapUV5Y,BKWm4TRnTeKwfWXRyuzjRHU7iZDkPuXBX5b5V5jSVfGJ,A5Ww74HVrkj9nPeC7pHKLfgeDMEhBCpW1efQdz3TGLEg,0.027849416999970344,0.024842824000018027,4.461113017331002,160.18694457179308,0.0017844452069324006,143.15414681059002,289.873380224,1809.517251976,305473.8294364479
AUSejoEUCh2DBs9mof6BNC8Pubs22w4cJa1ccV9h44R,4xkyD7AfGQDwsQMy9MosRRNGoVJ1zosNinesxg1TzHG7,Cbm5gsQe3nSiCsFrvepVzMCD9xLK3ri9g3ypS2hdmVJ7,602.2936920000029,602.0134799999978,602.3346507562543,1.0000680046243144,0.060233465075625436,1.0,14359.465612,14515.963372,28876.4054940643
BUSDTd9WiT6uBHJRgNvFXBsA7JrifsAtWzKfioN7ERcy,DyBxrn7gSc1EwnpWhDyhzvMHPtxpmBqRqotapLcKcfTM,Cds99GeBgoCpqBsoRWu1C6fF9LiUMd4pXQQD24s9LPff,772.4827497800001,770.01160012,769.9558470845701,0.9967288555036995,0.07699558470845701,0.9993674004355242,156.92153007,106.41786221,262.7587593872739
YAkoNb6HKmSxQN9L8hiBE5tPJRsniSSMzND1boHmZxe,CfWX7o2TswwbxusJ4hCaPobu2jLCb1hfXuXJQjVq3jQF,EnTrdMMpdhugeH6Ban6gYZWXughWxKtVGfCwFn78ZmY3,6386662.84961002,6384486.887999016,6386662.84961002,1.0,638.666284961002,0.9995951639585968,451204.179456,951131.548338,1401950.6754631172
STK75uPSyBnEhGTTzb1nwmP3n427XoXmfRhXxxhyady,6TYyD5fUmDe6N65avW1Ny2RxzRNobw2RRgKwH9CTzSAU,54zDfk4cx2vGrEajPtodWpArNe5eUurytyxd4X3aZAxK,317.709391589998,357.2934375060025,45528.0889529792,143.30104856243253,4.55280889529792,161.18760447979037,1673.976423434,297.77889741,287880.8438850339
HEDSDjj84KS7LKhZY7ejkCACTdPen62rKhCby1wXtgxc,EnnjMSFttpCTywBrYNt1J5QQeoSVkvzPipJDa8Y7kJow,6bjVT6JN2rSvpyn9PdfLYC8wJn4LWh49jpY47fnLDXZk,4.887904331000755,5.049294062999252,4.733210882345833,0.9683517846955796,0.0018932843529383336,1.0,39130.279567705,9093.004546114,46984.88060113811
RajgMbScQbqqrdJfR2rxfHJiTiY5b6bJ2tTXiF4aPxy,725ZA3fhyBAKb5iopNRrcbSuQa3LXA1656Q3mBvYPxeg,GLA6i1dSZpUfk2f9Nj8uiG7xyDdAR2reff8oEiZH3617,730.2264973899873,729.7816798399872,730.6395863993458,1.000565699835373,0.2922558345597383,1.0,78173.465903,103230.79299488,181448.48161467188
Lee1XZJfJ9Hm2K1qTyeCz1LXNc1YBZaKZszvNY4KCDw,9DgFSWkPDGijNKcLGbr3p5xoJbHsPgXUTr6QvGBJ5vGN,2hNHZg7XBhuhHVZ3JDEi4buq2fPQwuWBdQ9xkH7t1GQX,1214.2546166551974,1026.588674589986,205951.28978448128,169.61128824183314,20.59512897844813,143.15414681059002,6914.743875013,54990.154958145,9044887.332518665
KwnjUuZhTMTSGAaavkLEmSyfobY16JNH4poL9oeeEvE,J63v6qEZmQpDqCD8bd4PXu2Pq5ZbyXrFcSa3Xt1HdAPQ,BnKQtTdLw9qPCDgZkWX3sURkBAoKCUYL1yahh6Mw7mRK,328.543058000011,12963.625254999793,6.150210040990428,0.018719646911517524,0.0006150210040990429,1.0,279223.66786,541.390116,5768.3585876780435
SoNcU2iwHMw6dGzsYNQkYFkUjwN1UdAjrWVRnStrZu2,8ivTTid27jZnYNc4w3CTA1Z6QS2twsFb8WMwUabeDJgc,CyXm53PMvHCbeXJBykU46Rcbo28xk5srhMZFg7gv6EYB,11.693261805000013,11.579252633000014,1981.875861214511,169.4887101875257,0.7927503444858043,167.8530520384746,23.774722858,28.313528114,8782.05922018036
MATgk4zXLXtYkwBH678J1xZbRDZ45LicNzkRBHkxTuY,y8dALFo1bJrSzPYjMX14HJX448pXqYmrfXHD1K8MXih,GN7Yuet3UyiWS5YVkEHv6oQKi4HGBJc3XDPt9zQhAqZz,3883.686466,3872.4820630000004,3884.7159157176648,1.0002650702436144,1.5538863662870661,1.0,5138.796774,4932.648204,10072.80712011277
vEnkoSUkpnbRrPgBz9DfcVxNz67zjwMYBZraAvDDNSf,DtfyjjsZ5yCjWKLKHvwsfXs5QVsmm1QkK6Sh9JZHoq1g,e5wrKCRv4GhHvEf1VD5Pq2KGaZDXP77nTL612Jyrxwy,1520.1199619999998,1520.0680309999998,1519.1947723836179,0.9993913706552708,0.1519194772383618,0.9994922579329701,906.841835,1038.623892,1944.3864434064003
FrnkTEL6yZ5Aycq2TrEgu29dCrwKG4LPUZydfiwqspkc,DjvZuMZ46fxKBoBpGMPcRcos4xdTtHFxwMh69DpA2ZFY,9rvDPJLAng4uVVqnnSoEXgNDFhBZQTny9AoQioYDZbQX,32.98349366800221,27.585712550999745,5615.993511473634,170.2667876241926,2.2463974045894535,143.15414681059002,174.846209129,1441.268091225,236094.00628130513
7oAd7xG4m3oC2qeWB1szghTebAZyyGPAFDJ4wwwbRSNi,D9yh4KAysxt9GLacVe4Wwh2XqghhcjTCSTV9HuM7TBJd,HDYfJLpZKaMFb84jM4mRytn7XLR8UFZUnQpSfhJJaNEy,190.76308794603165,190.76765459503167,190.7630444520575,0.999999772000052,0.076305217780823,0.030795469220618966,1137.595034494,293194.468445372,10166.656003787582
Cob4usZcpHEY7Qt4ZCwj6WVg9S44zvzYV2v9qYF65dTf,NhFM9UXE48PyNAyeyPYA3iXztqKVJwA4bTdLj4ysM8w,6TuFuynuBoeskxyR2cz4wxyidk8dpDK7kAWw3UkjQGx,23.019545000009174,1669.8183449999908,0.20134188358783225,0.008746562262101706,8.05367534351329e-05,1.0,71412.089271,183.878003,808.4882880755669
