0,1,2,3,4,5,6,7,8,9,10,11
vEnkoSUkpnbRrPgBz9DfcVxNz67zjwMYBZraAvDDNSf,DtfyjjsZ5yCjWKLKHvwsfXs5QVsmm1QkK6Sh9JZHoq1g,e5wrKCRv4GhHvEf1VD5Pq2KGaZDXP77nTL612Jyrxwy,72.19533700000011,72.20165299999996,72.15673314776605,0.9994652860719515,0.0072156733147766055,0.9993993609840485,1008.911766,936.768199,1944.5778262973258
FrnkTEL6yZ5Aycq2TrEgu29dCrwKG4LPUZydfiwqspkc,DjvZuMZ46fxKBoBpGMPcRcos4xdTtHFxwMh69DpA2ZFY,9rvDPJLAng4uVVqnnSoEXgNDFhBZQTny9AoQioYDZbQX,12.329191843002036,10.306564304000034,2079.738985432782,168.68412884768497,0.8318955941731129,141.99964755687475,174.481062565,1441.733004436,234157.7645402216
HEDSDjj84KS7LKhZY7ejkCACTdPen62rKhCby1wXtgxc,EnnjMSFttpCTywBrYNt1J5QQeoSVkvzPipJDa8Y7kJow,6bjVT6JN2rSvpyn9PdfLYC8wJn4LWh49jpY47fnLDXZk,15.683541609001622,16.194217622993165,15.188765139200962,0.9684525037688757,0.006075506055680385,0.9999987700015128,39104.953246432,9117.557780859,46988.836447548616
heyk4SZTeCUV6a65WiVA5bzic3KcxgVf1qxobfeV4tQ,9ZDpBKPqMABtGfq66FbVribaArMvtk63xxy91onZAtDt,DaTP4s6N7xxSPinbNZ3FB52EpRDRt87QShTuN3VPCW52,54.01558821200058,47.038760700999774,8846.731889537612,163.7810895405957,3.5386927558150454,142.14956294695375,623.952081889,4475.39680049,738367.2509967521
NorjjEePhxfwLF4vZjUHCrVVKLzQjEEGQFd3wgjEJmh,34M8pFVqgbV7aqHxvRT5tCv3vu2P1JJYT8J3VaxBK2oG,3AZWBSze3ucsY3xSeuLne3b2pauVqiaJ1SZSV5T9WGWw,439.2712850000007,715.9054409999985,260.279912519376,0.592526580742412,0.10411196500775041,1.0,38124.370231,2258.542667,24848.245402932233
daob129AwBGn9Y5r91uLoWZeYiGzbPmksauMhFZKTze,6VW5GQNyj4LStgmxEHLr5zUfW92vQnmbw8jTnCH7a38F,4VPCCUifPeBA1c7HWK358CHn2nyjm8pdTRk6Ps3KmnMQ,26.84571308500017,24.01188536900002,4245.450764912043,158.14259623016517,1.6981803059648177,142.1718946352715,48.597391269,223.680420185,39486.3867558079
GokA1R67GqSavkd15zR62QD68Tuc5AEfvjssntVDEbM8,3YB7hfpBdbQEuZqLGWVDpRPmeZWCUsrrWyqGXegnQ6Cg,4DPCj6Z1DsG6HUtwSogBGqXEUxdEV5a8YVrrFtcnz7UW,3980.2012940000077,3979.5704380000025,3981.2324332002063,1.0002590670983784,0.3981232433200207,1.0,13781.207038,18808.433477,32593.210772319486
SUiuyGR7SFq3xeRVJonq84fjjeFwRSsFekcevJ53tzy,49GjCCPsv7fBqo6t3iKDrP1xxGDS8uWZbVCdfnp2gjMf,CEwj5xEbbJEjYqM8D6Ai8ByGz1mrh8mkAVsE5fzDSSSx,3.7207590000000437,0.03307599999999988,0.03198772767779162,0.008597097441084264,1.279509107111665e-05,0.9556063513420535,641.350005,1.70047,7.138728419091502
YAkoNb6HKmSxQN9L8hiBE5tPJRsniSSMzND1boHmZxe,CfWX7o2TswwbxusJ4hCaPobu2jLCb1hfXuXJQjVq3jQF,EnTrdMMpdhugeH6Ban6gYZWXughWxKtVGfCwFn78ZmY3,2795725.6712760013,2793942.7082529957,2795725.6712760013,1.0,279.57256712760017,0.999563190885583,292030.045059,1111338.30263,1402882.9049892104
DEDaBEWzMCXohXYXoLzB4jK1xqMsd3SS9izXp2xvg9pe,GC5zHpW5GuVdw3C7covC6viyGdLS8ZAaVGDKMeru7p78,F8juxtAFueW19vxkdDArUkjVWAv9QV6yy1wCXUWQiXvh,15668.32471767068,0.13420565999999923,15668.32471767068,1.0,6.267329887068272,0.0,33.20984789,8501042.21596668,33.20984789
KysFMBBoavfov2tLpvefWW6tPFt6rAeZWDJVy1mMQae,B8ka2V21TH3x64dFV8ETcjuQcwmrciJ2qzy1mJUttRew,7fSf7EYxBANyxzk2s5pymFgshA91tFYQNKKs5UnLWcYS,46.912508000000344,61.592497000005096,0.0,0.0,0.0,0.018553956575577873,134404.719892,2685.456367,49.82584081892711
STK75uPSyBnEhGTTzb1nwmP3n427XoXmfRhXxxhyady,6TYyD5fUmDe6N65avW1Ny2RxzRNobw2RRgKwH9CTzSAU,54zDfk4cx2vGrEajPtodWpArNe5eUurytyxd4X3aZAxK,881.2073890349996,965.0484256369995,125273.57361551962,142.16128368227294,12.527357361551962,159.95447055949995,1885.527399365,335.190630488,321664.23534803913
C2ypsDADXcCRz8HbV2zX1AXPSja7a1P3xZtRC91xGhJh,J9bYNuDpY1d1T86gLaw7DGk5D3CsUAf2tzUwxMvb6FTv,A2NGvvPrMGzsJ4jb52KEnSBVmsA7C34dV1GC7PerdgvG,0.1798501520000001,0.17996153599999998,25.565707722443516,142.15004790456615,0.010226283088977406,141.62767302759033,1.320498336,0.899059098,315.04054968432416
Sid7E679i9ABqptiAVhkmQ27YHN8vaYT4fppPwmxFsJ,GP7KB8o1bv527HG8kTzzzf4wJ5aEGHvcMQvVhLziUfmT,9gYxhAZ1M9wu5pxr8SBoa5NDm21gi3s9vMHaYTME77sa,385.3770249999998,829.0758839999762,3.314396870534321,0.00860040079071741,0.0013257587482137284,0.018103401815666203,127663.358638,11944.196668,1314.186642222041
BSC8REUo9LpiiWUuqMuLXs2D2yJsJfGd4HdiF3wCLxk5,AZjEH1zWVx1UJ6udMyRijGTzPteuLnaY18yNNmprJEsh,Caf8ypkSVR8xYnXNhjvfvdGCC7mrM3C11rz8Xi6NA6aK,640.7762257080003,640.7781103880002,640.5638474049571,0.999668560888306,0.2562255389619828,0.9999987700015128,3350.976595222,3001.758184129,6351.620442486947
JSoLLrxK5bYdHwTEWYaGgmeycBCNXKDiBCTw5hXGBg7,xG4wXczA7Dk4hccJ61CHKpDHW4NrNfQwgmWgkb9BuF2,BVR6WgfhsRr9Lob4QDnkEAiNGgAbv7ZieKcY9kSg3QYR,1.0103360519999427,0.864584309000012,167.18355844860625,165.47321865598016,0.0668734233794425,142.13501575708784,17.216488717,163.708519389,26117.580784881393
ALLwa5WNZbvQsRKAqe1jdRGemdYQnW8E5k4msbRFcYtu,CGoM82Hbz7QVqTgvQatYtjvDWBvoUJp5qm21P8iMs9yb,3dxNNww8TivyN5FMy5dCNdi3Zcxv6e4kUfSPxfFwpdNq,4.806365115000001,4.756524143000001,15837.502026492688,3295.110056675893,6.335000810597075,3259.091235000032,1.004874566,7.643758262,28222.877842267706
C98Sspw7XqnMsgxea3SLQVdbMDL8pKUc3RE82UvX9eq2,CSqgQJurPCzGxb4Cgwx5R61hWQUiaoUHcShNc8r1cKEL,6S2CR5EnukPhC914XkAns8m5GixjMAoUuZMsS5ubHuWc,8.859555000000228,8.828700000000026,0.0,0.0,0.0,1.0,877.402504,1242.311292,1242.311292
wrmcMSHFi3sWpAEy4rGDvQb3ezh3PhXoV2xNjgLBkKU,8p4mGnARWPBu6P2Gcw4adodLkNDorrXniZMhaY7eJXUn,AyY89zccbsgp9LKFgH4CFZMJmpSgqmPSdTfukhP227rc,0.0022785700000000075,0.025240320000008865,0.6783477225364715,297.70765108663295,0.0002713390890145886,3292.8315058118474,27.14754332,0.08953989,8376.871125388741
RoBgmK8CvjdHvPrqdDyVw54VwjZv2TqJ493xnqJAQHx,ExiHJxM7qPAcy27NDHAF6G7vnW7muNHi2sVJpnaNynGQ,6rkPHSqZb7StM4HwS9EuVrmfkV7tRdc7dnsFhyB6cefE,11.213954999999768,51.24247799999988,0.0,0.0,0.0,0.9545901467205057,6375.082254,17.217863,16.436002367383566
2jQoGQRixdcfuRPt9Zui7pk6ivnrQv79mf8h13Tyoa9K,,,0.0003072789999999997,0.00036713499999999977,0.0,0.0,0.0,0.9545901467205057,6375.082254,17.217863,16.436002367383566
KZMu9QBEdL97EFgamLbN5DE1AoKBG4HdrKKJo4Vuon3,DD4ACBWyVqdaKWh7v5btsgqQCCMwbKnuL2xd9pv7Gyuw,GcYqiJ1MAuYbNTNYXm1F1gQYTfTgkErACAhNU5dpVj9T,17.116993219999813,17.592996950000042,16.574458326452945,0.968304311009894,0.006629783330581178,1.0,2383.24227853,813.72736109,3121.4311335716416
KwnjUuZhTMTSGAaavkLEmSyfobY16JNH4poL9oeeEvE,J63v6qEZmQpDqCD8bd4PXu2Pq5ZbyXrFcSa3Xt1HdAPQ,BnKQtTdLw9qPCDgZkWX3sURkBAoKCUYL1yahh6Mw7mRK,48.905044000000316,2669.408730000083,0.8965239266081172,0.018331931704388436,8.965239266081173e-05,1.0,279369.360884,538.712701,5660.092745024135
SoN9GaFpSXfpyR5dth3x7PHPVhvJMpQqqDJfCSmPv1t,9kZ9iS68ViMPtoeqtnhAKuF2iqVyfHPdZHoUNdwCELr,BBhm5fJLjw3HRzjtKB8uMEYjGhY6EDm9co3cqpjrSzB9,0.9135201120000014,0.8956959939999996,154.78821541165328,169.4414971037365,0.06191528616466132,160.3731691197614,2.335021295,3.821171059,1008.4628164744504
BkwbeSfcX1h4thMDd7obGkHrPevf3QwgzJ4pCEqG18Lu,35yX27bmurdebhfAb8EPmjLETDiUaEUCn9zHaDPbakH2,2CxECn1ZJFoESyUnQysQU8rRgT3iJ5GRs2Mdd6gZjx5g,0.0020835500000018214,0.0013682899999999387,4.028441058761086,1933.4506293381796,0.0016113764235044343,1261.034047919294,0.87747562,21.97560983,29408.548009137838
Lid8SLUxQ9RmF7XMqUA8c24RitTwzja8VSKngJxRcUa,4PgzyzLtds9bKZ2to9PMnKqJzKEUpjvNUaeN23phegax,AtymwxoVN9peZo7EXTcDz9jKVc4vRmisJKKrNfe3ewBa,178.70236497200403,151.47784292900224,29917.00275644685,167.41246127959036,2.991700275644685,141.94135749591598,975.492187165,7666.418196352,1251491.353933898
ercAoEmXjQzEvAFbdjAo81KtMxRGn9AW1ju882upmPH,CMRhskR2Eg6V42RTSdRTXGdozyPbWB8U9dVpijPWb9T4,7TKLLgrWswt6ZJ1pXhVR3FyufHGjJFqiEXxvWJfDcgRm,0.09740712499996107,0.09972944200001166,13.826136839780858,141.94174029657876,0.005530454735912344,138.47149349675553,265.685651967,830.206920186,152671.87596152426
AUSejoEUCh2DBs9mof6BNC8Pubs22w4cJa1ccV9h44R,4xkyD7AfGQDwsQMy9MosRRNGoVJ1zosNinesxg1TzHG7,Cbm5gsQe3nSiCsFrvepVzMCD9xLK3ri9g3ypS2hdmVJ7,2540.546830999998,2542.2760529999996,2540.142948271223,0.9998410252769809,0.2540142948271223,1.0,14534.055732,14341.654823,28873.400007515665
MARpDPs5A7XiyCWPNH8GsMWPLxmwNn9SBmKvPa9LzgA,6YjT74rmcfCpw8LSjPNx5JTmZoYLGrTKnf9arfSgZ4SR,F8GSmi3vA8M8TsybLya1LQ4n1aFHCRbZ6k437PeTdXtg,36668.285657,38297.894099000114,34841.8083781981,0.9501891826662688,13.936723351279241,1.0,295695.032135,16279.893624,297246.1145268318
WiiQFxXqp8P9Fs1rt9SVcDyA3KUdJmUsog6wnVQAwba,3S2jpqSYxho6wiz3cafhjXruVY8cg4HYa2v3BqBHYFSj,Dfe67M6TfrG74gKRtdqys4e6E9QirPD53BkF4FujFjuv,14513.761769149998,14536.174001753996,14504.50112383097,0.9993619403800115,1.4504501123830973,0.9999987700015128,16603.194204257,10198.487830456,26791.075662803836
DFWzVTzNBrQZLjoQ4yQwkj9HuoXmfkuZP9V5vbymZe23,DhgiEgiNdqZdRdo195UUHnoEJUtefK8buko8nU97XJUZ,2K2kkXsouBHtWVjtcgkyiXd8eP3oVBvq1bTJzcVdLLr2,2012.6734231729934,2048.056787215006,1958.2697634882627,0.9729694549257957,0.783307905395305,0.9999987700015128,49532.028712303,18569.829349415,66762.9574861313
Lee1XZJfJ9Hm2K1qTyeCz1LXNc1YBZaKZszvNY4KCDw,9DgFSWkPDGijNKcLGbr3p5xoJbHsPgXUTr6QvGBJ5vGN,2hNHZg7XBhuhHVZ3JDEi4buq2fPQwuWBdQ9xkH7t1GQX,527.7498904909235,445.7586561550079,88536.38388829121,167.76201280862966,8.85363838882912,141.4762537767086,6901.226979593,54991.777705349,8937794.427220043
Cob4usZcpHEY7Qt4ZCwj6WVg9S44zvzYV2v9qYF65dTf,NhFM9UXE48PyNAyeyPYA3iXztqKVJwA4bTdLj4ysM8w,6TuFuynuBoeskxyR2cz4wxyidk8dpDK7kAWw3UkjQGx,169.57823199999245,670.1001709999954,1.4565382008567405,0.008589181427819139,0.0005826152803426962,1.0,71553.718189,182.666458,797.2543253603634
BUSD5rCfUDpCxKGMvYU2yThChxgHoioK74PTPociGnv2,CcFHbafgYDZ8yA8Me1PdtDiVb2eeaS61LbqyKKK5CsNZ,26R9s4nmF3CFDTkiePDwRmtscn8i7r2eygbSijditJ58,0.13420566000000633,0.13427633000000583,0.13401550941416387,0.9985831403396663,1.3401550941416387e-05,1.0,76.34264217,71.45974767,147.69422302994604
AURHmCnNwiW4uA2Qj1XvEh4iKgRUZYXtiY7FKAapUV5Y,BKWm4TRnTeKwfWXRyuzjRHU7iZDkPuXBX5b5V5jSVfGJ,A5Ww74HVrkj9nPeC7pHKLfgeDMEhBCpW1efQdz3TGLEg,0.4165275280001879,0.3715654080000945,66.23531398555481,159.01785484277747,0.026494125594221922,141.96080235109804,289.872311813,1809.518623993,302975.58893412113
BSCNHw8CmxbZ8hCWWzMf5FaG2ajPT6JxfznKUNuRVrn4,7n9kgNL633yGzCYksgnzHyjG73ZLBAwvEae5sbAekbzW,SscdxE99omdG9AiMVwmaEMQySQnCgeAh1sPj2Leutm2,525.448790247,523.2585689260004,527.6163098034909,1.0041250823995085,0.21104652392139642,0.9999987700015128,4392.515462059,7306.210155263,11716.836118916672
BUSDTd9WiT6uBHJRgNvFXBsA7JrifsAtWzKfioN7ERcy,DyBxrn7gSc1EwnpWhDyhzvMHPtxpmBqRqotapLcKcfTM,Cds99GeBgoCpqBsoRWu1C6fF9LiUMd4pXQQD24s9LPff,709.1481324000001,709.1243316399999,706.6451247037868,0.9964704021884084,0.07066451247037868,0.9992056315229392,157.11094259,106.36057657,262.832491231628
parEAJhzYzHW87y9VoZAQ22dzQ2MD2ekEtTReaxbMcz,3oyc6hpjYSJEquK6dSvG72NXyz3pqLZz5D8AC71pwgQb,Di2vordgFJVZ1aj1aBpvzXtLfZgJsuLLXawGtVFwX6Rz,4.17346325799997,4.9123984399998335,579.1508919571171,138.76985519088072,0.23166035678284683,163.64134725921198,1101.890640321,141.083476668,175996.29479149714
KEVpg4SYCVrqFxKijQH6hm4QxsRdoE51ud64bEEFUC9,2bPenuBYfqzD8p5dFjCcggwkHDsc2RQDnx9AoyYGUBjA,AE6n6iLuX8oYu61vt5hoDYkjswpnxFxrhSehxrnQTnbx,2476.59928125,2476.6445755799996,2478.2667830549785,1.000673303031945,0.9913067132219915,0.9999987700015128,3312.905287216,4323.618429129,7638.748987475302
RajgMbScQbqqrdJfR2rxfHJiTiY5b6bJ2tTXiF4aPxy,725ZA3fhyBAKb5iopNRrcbSuQa3LXA1656Q3mBvYPxeg,GLA6i1dSZpUfk2f9Nj8uiG7xyDdAR2reff8oEiZH3617,146.58774951999658,146.63228250999236,146.57708750265164,0.9999272652907227,0.05863083500106066,1.0,87504.0215334,93902.10398236,181399.76093619317
MATSnbbiTCv7Dc3trJrkrqjx7ckKdr6fwPoVwv9q3sD,631WX9JizSHJm4w6VanZeJAst9T8DeUUnPLesdGkCVtK,211maUSfpnXbPuW1iBu8b4dtJv5EbN1j7JJiEX5TZKEP,937.7897930000036,937.162854000002,937.2752288993379,0.9994513012356218,0.37491009155973515,0.9928840003693529,20717.988415,24831.609916,45361.52866936566
BUSDgu5JdqP1rndBvXvanbEufS94FNh1w5FJcAj6vawb,Bgzr8cWubt89JQFXndVjtdKmDbGzuPxNhvjH1EhWCwbo,Dxaf8xPBBQsasRKW5Aa4Sw2YrbfGofY9xZueyyF23FBW,5297.773672540008,5275.6505398300005,5315.407163727172,1.0033284719727766,2.1261628654908686,1.0,5745.22720712,9293.94182733,15058.291862186132
KEN5P7p3asnb23Sw6yAmJRGvijfAzso3RqfyLAQhznt,9zj4aX38Uxf3h6AUjS4EipWS8mwbEofasHAf3a1uKGds,CwQDG1MWunn9cLNwcZLd8YBacweSR7ARo32w4mLua1Yr,70949.791196001,70954.20175599935,70918.65790518062,0.9995611926364325,7.091865790518062,1.0,1129942.39286,1101194.843146,2230641.4089636058
SRMuKizofcAMicegrfSv7xs9q76tH1w8aAF7oX9FEWu,72Hj2KWntXPfbie4UgKeTPnm1XVkomDfCnRPKbvfTtPi,6aqJQ5wedqpUt4fFEDUqUmXhrdxCu4bEJsQdVPCADLko,20999.361648,21007.758912999998,961.9083985263665,0.04580655424913736,0.3847633594105466,0.04571560650346561,16855.345241,5011.886886,1001.2067348900614
SAMyS8Jr2HJrkFwYVKbpUwsNStnQmvz3f8Tup8bWUWF,6jPzm5TFfquvgm25sTyN3MMGBfufRaFHMxobDWv6hMFW,Cj9ECoDmxsHTDzCY5ZA6RWrPbg9uFzEC1Qc2kso2vJG6,619.9081512200064,11.638693779999983,600.2597352565055,0.968304311009894,0.24010389410260222,0.018505876948354243,446.46476253,110619.13291577,2479.41781614469
BkMBnJpvHKtWhUvrgRrLesXfi9RUV3ELgdBaJcdH7hcY,5uerVwBnZQsuVhZ15igs7ZgmcqhHnYWbwoRtLyRqLvR,9YWiQh5d4jCtgMdzcGLv9bWgnLaFtzvDDh2nnhJdzhBX,131.94216504500014,131.3458180460001,132.67011041846334,1.0055171549838895,0.053068044167385336,0.994217213128779,986.42705962,1887.62729478,2868.5808790302135
SoNcU2iwHMw6dGzsYNQkYFkUjwN1UdAjrWVRnStrZu2,8ivTTid27jZnYNc4w3CTA1Z6QS2twsFb8WMwUabeDJgc,CyXm53PMvHCbeXJBykU46Rcbo28xk5srhMZFg7gv6EYB,4.021591727000015,3.984957839,674.9645031986889,167.8351630443083,0.2699858012794756,166.10112003646253,22.323340946,29.782447989,8693.539535766186
KEnkcdADoLR5jS2CLLLesy8TtFsyWL37BhXNfDMzWzP,3qsjFRuw1qeLMPo4DLwaQevenGAGBj9dA3Q6rb8ax2YR,77iEv8zPQAEyCcEbvBRSB6AFcUdfkhiqnAKtPxk76rNN,1.441483999999999,1.6527740000000037,0.012362871166200216,0.008576488650723992,4.945148466480087e-06,0.9991686916485485,119.54402,0.295297,1.3203194479296634
Dg3mAgpwDfVNnbGWcsxL8sUcSkEbjSJQhKAWNigG44Ju,EATxwd8YA2wV93VJcKMmH2Kn2Y9XfJVUB9hHVu3udwEy,GiGvrRi7NMHfHKanG2B8xyCEqe8jaafWins8bhrLVEaa,0.016060696999999985,0.016298666000000017,2.718495887310877,169.26387984972754,0.0010873983549243508,168.0796845614944,0.181578179,0.278233277,77.49998850625921
iLiUBQ7Z7im6Ew3b4ewwPcehzWgEQRJ1iQz7g6D62NW,GpugBvKWM3TVhYcZjemSdtehBWgfvuGr6uAm9iPjXT6v,92fMXJ3xy8tEyMUWLHKRLyhPw2nECBo77GtDiBBbYrjX,11.458071822000193,11.514180377999537,11.242596741259266,0.9811944728495067,0.004497038696503706,0.9999987700015128,1819.781564545,1142.951303012,2928.509510108608
ALBpShJ9NLpE739pcHDF2LNVk5J4VYPvvKuV6jMPitZi,D6d156U1bPiJpDYRLextvDRccgFk7QzkQbJg42ceKEu5,GNcM8U5g8RwTZffwwm3kSQqUNPSwv5d2fbN9sLxPJqt2,108.59887400000298,108.35012400000414,108.60289230701835,1.0000370013690507,0.04344115692280734,0.999002995010979,40758.197655,59646.947818,100347.18527755886
7oAd7xG4m3oC2qeWB1szghTebAZyyGPAFDJ4wwwbRSNi,D9yh4KAysxt9GLacVe4Wwh2XqghhcjTCSTV9HuM7TBJd,HDYfJLpZKaMFb84jM4mRytn7XLR8UFZUnQpSfhJJaNEy,10375.001918518043,271.92546965200006,10374.989157281378,0.9999987700015128,4.149995662912551,0.022749670363549652,954.719845788,300113.705117748,7782.206534496345
BSCuChvaSj9b5HUSqgDVRzcnr2sSn7cXaamt1jbKH6hn,GnKpRj5kBVPMJfiwZtEuD9GYApLzPdW5JFuZTcyX4BTc,3dmwD9okkomV9nDwyuh4UMhKdUR13QpuKxRo89ycZB5t,275.9014279180001,275.9972966140001,275.51613073188133,0.998603496948072,0.11020645229275253,0.9983507246029559,1613.888787999,1497.117377586,3106.283206109747
B2izdXFYb2sNwbWWHmh75T4aQFtfXsUxem9u2p61HGzf,4DYwgJtxwuJdAjkj5RJSNH4e7U329V5cNp7d3a1nLrZv,EXNW64GEf1ACC6xY9BtKRiunrs6GoJSXBdxWN2eTPmrF,22168.189208000036,21966.906688000025,22210.789502265383,1.0019216857933517,2.2210789502265382,1.0,10708.975832,29162.12803,39891.6831487177
MATgk4zXLXtYkwBH678J1xZbRDZ45LicNzkRBHkxTuY,y8dALFo1bJrSzPYjMX14HJX448pXqYmrfXHD1K8MXih,GN7Yuet3UyiWS5YVkEHv6oQKi4HGBJc3XDPt9zQhAqZz,278.0576689999998,277.89200500000015,278.2919908563008,1.0008427095614507,0.11131679634252033,1.0,3763.370749,4295.609655,8062.151832513467
