0,1,2,3,4,5,6,7,8,9,10,11
BSCNHw8CmxbZ8hCWWzMf5FaG2ajPT6JxfznKUNuRVrn4,7n9kgNL633yGzCYksgnzHyjG73ZLBAwvEae5sbAekbzW,SscdxE99omdG9AiMVwmaEMQySQnCgeAh1sPj2Leutm2,54.172598744000425,54.13880943500044,54.21431020419964,1.0007699734029067,0.021685724081679857,1.0,5428.786550681,6268.538917913,11701.505489848081
SRMuKizofcAMicegrfSv7xs9q76tH1w8aAF7oX9FEWu,72Hj2KWntXPfbie4UgKeTPnm1XVkomDfCnRPKbvfTtPi,6aqJQ5wedqpUt4fFEDUqUmXhrdxCu4bEJsQdVPCADLko,109.25750399999924,105.41449999999986,4.660418480674806,0.042655362881755365,0.0018641673922699226,0.042822435273353804,16960.04137,4931.112914,934.5989827122974
ALLwa5WNZbvQsRKAqe1jdRGemdYQnW8E5k4msbRFcYtu,CGoM82Hbz7QVqTgvQatYtjvDWBvoUJp5qm21P8iMs9yb,3dxNNww8TivyN5FMy5dCNdi3Zcxv6e4kUfSPxfFwpdNq,3.1479842520000023,3.100772191000001,9160.970380932988,2910.1068009195938,3.6643881523731947,2868.6584718656322,0.858535007,7.7962471,24863.198854871116
GokA1R67GqSavkd15zR62QD68Tuc5AEfvjssntVDEbM8,3YB7hfpBdbQEuZqLGWVDpRPmeZWCUsrrWyqGXegnQ6Cg,4DPCj6Z1DsG6HUtwSogBGqXEUxdEV5a8YVrrFtcnz7UW,9028.60690999999,9028.981022999997,9027.88467922565,0.999920006399488,0.9027884679225652,1.0,18946.830608,13448.367946,32393.682928801376
BUSD5rCfUDpCxKGMvYU2yThChxgHoioK74PTPociGnv2,CcFHbafgYDZ8yA8Me1PdtDiVb2eeaS61LbqyKKK5CsNZ,26R9s4nmF3CFDTkiePDwRmtscn8i7r2eygbSijditJ58,157.23013074000002,156.9355988,157.06758463800983,0.998966189869428,0.015706758463800985,0.9997672641785718,59.08832563,88.77460195,147.78118044045837
4vezWG46exH6pf9nry3n1VJ7hZHvjBJNgNeF4qEFCML5,,,2.184184000000002,2.2445099999999982,0.0,0.0,0.0,0.9997672641785718,59.08832563,88.77460195,88.7539409200932
SQDY9uoDoCbNq7F3HAHYYQZbrUzpKxDtdWLvYcqBLak,GiehZ4X2uQjhEKuxSm3ACmEFrabxh3RTvjbLfLjw1xGX,rxDQYV77NKRKYxCjq4cECX3QQsiSyLv1T1FT2X3zNA2,0.027044426999992766,0.0249167469999918,0.027102795417587307,1.0021582419769721,1.0841118167034924e-05,1.0,169.881517119,236.726896899,406.9750594393579
oKQqupM9E7SSLAFDLxr7mdsXP7znck9qRbVWc6Yyj7Q,CMR2J7CwfW98RpvnJmFBgRFTLAd3x8CJ1SWs8Bt3uunG,FmRb5jHfSNj1YWP3b45d9vvYuhwjp4om8bALmtqZpr1v,27.13479617999974,26.81356185999948,27.46108772591556,1.012024838651868,0.010984435090366224,0.9997672641785718,2176.16186239,3720.11096757,5921.575022153747
SEQV6QiTpvTzrceiaYg9Avnwf7oc8ZALpnQMz6TyT4A,3dFMPj4r9mMmPHF32mz1gNDX7f8ftidWof7S8YiYTs1j,Fc1ED3YPeQfXQosHbd8DTaBd2AV5gHQtwiSAL5C5pUhi,319.0386481270002,318.6510754909998,319.05904589086305,1.000063935087434,0.12762361835634523,0.9984155145783641,1739.670731638,3887.016811337,5620.639847504117
heyk4SZTeCUV6a65WiVA5bzic3KcxgVf1qxobfeV4tQ,9ZDpBKPqMABtGfq66FbVribaArMvtk63xxy91onZAtDt,DaTP4s6N7xxSPinbNZ3FB52EpRDRt87QShTuN3VPCW52,181.67841725500818,158.03350570700036,26509.142108508986,145.9124452372354,10.603656843403595,129.83820990501945,624.064488768,4475.441770677,672142.1235807163
SoN9GaFpSXfpyR5dth3x7PHPVhvJMpQqqDJfCSmPv1t,9kZ9iS68ViMPtoeqtnhAKuF2iqVyfHPdZHoUNdwCELr,BBhm5fJLjw3HRzjtKB8uMEYjGhY6EDm9co3cqpjrSzB9,1.203637798999997,1.1797392310000003,186.46743746542336,154.91989169860213,0.07458697498616934,146.65141296436622,1.559071241,2.421937484,596.7117019460873
C98Sspw7XqnMsgxea3SLQVdbMDL8pKUc3RE82UvX9eq2,CSqgQJurPCzGxb4Cgwx5R61hWQUiaoUHcShNc8r1cKEL,6S2CR5EnukPhC914XkAns8m5GixjMAoUuZMsS5ubHuWc,36.8807139999999,36.79310899999996,0.0,0.0,0.0,1.0,893.428392,870.141159,870.141159
Dg3mAgpwDfVNnbGWcsxL8sUcSkEbjSJQhKAWNigG44Ju,EATxwd8YA2wV93VJcKMmH2Kn2Y9XfJVUB9hHVu3udwEy,GiGvrRi7NMHfHKanG2B8xyCEqe8jaafWins8bhrLVEaa,0.009290833000000054,0.009218586999999945,1.4313352667722052,154.0588735985457,0.0005725341067088822,153.61379525616022,0.19596582,0.26364681,70.69006058429514
BUSDTd9WiT6uBHJRgNvFXBsA7JrifsAtWzKfioN7ERcy,DyBxrn7gSc1EwnpWhDyhzvMHPtxpmBqRqotapLcKcfTM,Cds99GeBgoCpqBsoRWu1C6fF9LiUMd4pXQQD24s9LPff,2074.33670704,2076.2753774299995,2071.2497785076057,0.9985118478972494,0.2071249778507606,0.9797725947807514,137.2404548,126.64209426,261.11667343019565
MARpDPs5A7XiyCWPNH8GsMWPLxmwNn9SBmKvPa9LzgA,6YjT74rmcfCpw8LSjPNx5JTmZoYLGrTKnf9arfSgZ4SR,F8GSmi3vA8M8TsybLya1LQ4n1aFHCRbZ6k437PeTdXtg,47430.56364799992,49719.47035899939,44701.07151992197,0.9424528844241754,17.880428607968785,1.0,295957.152743,16097.994579,295023.6668476066
DFWzVTzNBrQZLjoQ4yQwkj9HuoXmfkuZP9V5vbymZe23,DhgiEgiNdqZdRdo195UUHnoEJUtefK8buko8nU97XJUZ,2K2kkXsouBHtWVjtcgkyiXd8eP3oVBvq1bTJzcVdLLr2,25.971583363007085,25.981889816004696,25.55341202218229,0.9838988892213472,0.010221364808872917,1.0,45446.639761195,22568.950498443,67283.84887832547
HDSBGqAuMRr6X2AfmmbXQPpRgU6VEhtfNVVZ3wUTZXg,DCZ1d8kNLgDcdSd99y4udLgwq46mfDXNS9KXj96kQf5L,Fq8GGYQM5Pz3q7LmVMbrXHJgsxA5ev86kTq8yGgGuYsa,6.098562001001483,6.132053162000375,6.062212881630035,0.9940397229108308,0.0024248851526520146,1.0,13572.673636604,12830.334198923,26322.110939811977
WiiQFxXqp8P9Fs1rt9SVcDyA3KUdJmUsog6wnVQAwba,3S2jpqSYxho6wiz3cafhjXruVY8cg4HYa2v3BqBHYFSj,Dfe67M6TfrG74gKRtdqys4e6E9QirPD53BkF4FujFjuv,64818.217240011,64821.18210087702,64674.998078565906,0.997790448927116,6.467499807856591,1.0,20850.81878826,5965.98761125,26770.73545048589
ALBpShJ9NLpE739pcHDF2LNVk5J4VYPvvKuV6jMPitZi,D6d156U1bPiJpDYRLextvDRccgFk7QzkQbJg42ceKEu5,GNcM8U5g8RwTZffwwm3kSQqUNPSwv5d2fbN9sLxPJqt2,1358.152307000004,1355.1701199999952,1359.8807153892637,1.0012726174968385,0.5439522861557055,0.997969132814722,42658.867328,57750.1458,100346.01867290668
parEAJhzYzHW87y9VoZAQ22dzQ2MD2ekEtTReaxbMcz,3oyc6hpjYSJEquK6dSvG72NXyz3pqLZz5D8AC71pwgQb,Di2vordgFJVZ1aj1aBpvzXtLfZgJsuLLXawGtVFwX6Rz,18.90408197299999,22.24244534900049,2380.3400145584897,125.91672094726644,0.952136005823396,147.99329235201745,1102.006490968,141.003215555,159628.57390749958
Cob4usZcpHEY7Qt4ZCwj6WVg9S44zvzYV2v9qYF65dTf,NhFM9UXE48PyNAyeyPYA3iXztqKVJwA4bTdLj4ysM8w,6TuFuynuBoeskxyR2cz4wxyidk8dpDK7kAWw3UkjQGx,22.62616100000011,2735.7985309999494,0.18772652917979807,0.008296879403439105,7.509061167191923e-05,1.0,72137.165467,177.763737,776.277099385631
KEVpg4SYCVrqFxKijQH6hm4QxsRdoE51ud64bEEFUC9,2bPenuBYfqzD8p5dFjCcggwkHDsc2RQDnx9AoyYGUBjA,AE6n6iLuX8oYu61vt5hoDYkjswpnxFxrhSehxrnQTnbx,3412.1283562060007,3407.171982825,3414.4589327095696,1.0006830272077338,1.3657835730838277,1.0,2359.728751591,5280.642801245,7641.983311776208
RajgMbScQbqqrdJfR2rxfHJiTiY5b6bJ2tTXiF4aPxy,725ZA3fhyBAKb5iopNRrcbSuQa3LXA1656Q3mBvYPxeg,GLA6i1dSZpUfk2f9Nj8uiG7xyDdAR2reff8oEiZH3617,3901.3216671300033,3897.4950206400026,3905.0287499726396,1.0009502120457971,1.5620114999890558,1.0,65353.24691728,116074.38471108,181489.73107081273
BerKDkt6v49dT1bHRedgnpsJS263C1DSJtEGvY9Mg35V,78XKqNb8wbfsMMrvo8WPUpdx7GEkfQutpNVH943aCGFa,DKYQwn4nDvFHCszi5tXbqfVMAP7DaXXp1KGTXEnYnKVH,0.0010502780000933853,0.0010502780000933853,0.0010523509599512828,1.001973724916368,4.2094038398051313e-07,1.0,1338.317413093,1686.886143538,3027.8450270552307
KwnjUuZhTMTSGAaavkLEmSyfobY16JNH4poL9oeeEvE,J63v6qEZmQpDqCD8bd4PXu2Pq5ZbyXrFcSa3Xt1HdAPQ,BnKQtTdLw9qPCDgZkWX3sURkBAoKCUYL1yahh6Mw7mRK,148.84462700000006,8319.801140999887,2.6719441907736146,0.017951230384511047,0.00026719441907736147,1.0,279882.83647,529.392737,5553.634015143401
FrnkTEL6yZ5Aycq2TrEgu29dCrwKG4LPUZydfiwqspkc,DjvZuMZ46fxKBoBpGMPcRcos4xdTtHFxwMh69DpA2ZFY,9rvDPJLAng4uVVqnnSoEXgNDFhBZQTny9AoQioYDZbQX,42.92981094499822,35.85391189100005,6679.219902420139,155.58465680125104,2.6716879609680557,130.39009848885698,173.903628403,1442.533466156,215148.8170671261
NorjjEePhxfwLF4vZjUHCrVVKLzQjEEGQFd3wgjEJmh,34M8pFVqgbV7aqHxvRT5tCv3vu2P1JJYT8J3VaxBK2oG,3AZWBSze3ucsY3xSeuLne3b2pauVqiaJ1SZSV5T9WGWw,0.002903000000060274,0.0009789999999156862,0.0017201077215595764,0.592527634007531,6.880430886238306e-07,1.0,38124.370231,2258.548884,24848.291775001577
KZMu9QBEdL97EFgamLbN5DE1AoKBG4HdrKKJo4Vuon3,DD4ACBWyVqdaKWh7v5btsgqQCCMwbKnuL2xd9pv7Gyuw,GcYqiJ1MAuYbNTNYXm1F1gQYTfTgkErACAhNU5dpVj9T,35.68236260000003,36.915288249999776,34.52566178253791,0.9675834016253698,0.013810264713015163,1.0,2391.53071693,805.79460965,3119.8000358286886
C2ypsDADXcCRz8HbV2zX1AXPSja7a1P3xZtRC91xGhJh,J9bYNuDpY1d1T86gLaw7DGk5D3CsUAf2tzUwxMvb6FTv,A2NGvvPrMGzsJ4jb52KEnSBVmsA7C34dV1GC7PerdgvG,19.572301844,19.671236767999993,2557.733934432485,130.68130436668966,1.023093573772994,130.74884702397972,32.70434524,19.842853467,6868.276706897767
BSCuChvaSj9b5HUSqgDVRzcnr2sSn7cXaamt1jbKH6hn,GnKpRj5kBVPMJfiwZtEuD9GYApLzPdW5JFuZTcyX4BTc,3dmwD9okkomV9nDwyuh4UMhKdUR13QpuKxRo89ycZB5t,151.2613078070001,151.34359946099994,150.99334821655432,0.9982284987857724,0.060397339286621735,0.9967039002020319,1624.195100193,1487.122623398,3103.53875542033
CZgvH45CRmoaNJ7395Ao5CQZXkGznvqU7cErD6n7FaRg,4ZjU6MKvtqVQKCiowhvZ5yUsPxXX5SCzd5eFsPeXyey5,BsyWeshjDbCvjDojry3vKDCesmFRM37WtwcR4Kfgzqr,9.56624745000002,9.875021999999944,9.893712003313698,1.0342312442810244,0.003957484801325479,1.0,203.87706905,601.63290662,812.4889414239498
wrmcMSHFi3sWpAEy4rGDvQb3ezh3PhXoV2xNjgLBkKU,8p4mGnARWPBu6P2Gcw4adodLkNDorrXniZMhaY7eJXUn,AyY89zccbsgp9LKFgH4CFZMJmpSgqmPSdTfukhP227rc,0.011976630000002292,0.06652478000000897,3.3860983884654487,282.7254735651682,0.0013544393553861793,2914.5172102241263,27.10993111,0.09305658,7935.8831153284345
SoNcU2iwHMw6dGzsYNQkYFkUjwN1UdAjrWVRnStrZu2,8ivTTid27jZnYNc4w3CTA1Z6QS2twsFb8WMwUabeDJgc,CyXm53PMvHCbeXJBykU46Rcbo28xk5srhMZFg7gv6EYB,1.7138068780000104,1.7008715000000034,265.48731132824616,154.9108681592329,0.10619492453129846,153.26797986671818,15.990616195,18.683466001,5340.697328050321
KysFMBBoavfov2tLpvefWW6tPFt6rAeZWDJVy1mMQae,B8ka2V21TH3x64dFV8ETcjuQcwmrciJ2qzy1mJUttRew,7fSf7EYxBANyxzk2s5pymFgshA91tFYQNKKs5UnLWcYS,19.23108199998569,24.257259999996222,0.0,0.0,0.0,0.01806201382928926,134395.618855,2692.383405,48.62986629485891
daob129AwBGn9Y5r91uLoWZeYiGzbPmksauMhFZKTze,6VW5GQNyj4LStgmxEHLr5zUfW92vQnmbw8jTnCH7a38F,4VPCCUifPeBA1c7HWK358CHn2nyjm8pdTRk6Ps3KmnMQ,32.23242485500012,28.825103473999995,4713.1193772716815,146.22292298745714,1.8852477509086727,131.28543804239757,47.910535532,224.479638819,36476.52626133507
Sid7E679i9ABqptiAVhkmQ27YHN8vaYT4fppPwmxFsJ,GP7KB8o1bv527HG8kTzzzf4wJ5aEGHvcMQvVhLziUfmT,9gYxhAZ1M9wu5pxr8SBoa5NDm21gi3s9vMHaYTME77sa,1320.9514850000014,2590.2259349999695,11.034836755439034,0.008353703281872628,0.004413934702175613,0.018067913456284522,127745.427987,11907.372572,1282.2887781418574
BkwbeSfcX1h4thMDd7obGkHrPevf3QwgzJ4pCEqG18Lu,35yX27bmurdebhfAb8EPmjLETDiUaEUCn9zHaDPbakH2,2CxECn1ZJFoESyUnQysQU8rRgT3iJ5GRs2Mdd6gZjx5g,0.017578410000000044,0.026961000000000013,32.63783211719498,1856.6999015949052,0.013055132846877992,1201.923076923077,0.85989721,22.00257083,28041.968697400273
ercAoEmXjQzEvAFbdjAo81KtMxRGn9AW1ju882upmPH,CMRhskR2Eg6V42RTSdRTXGdozyPbWB8U9dVpijPWb9T4,7TKLLgrWswt6ZJ1pXhVR3FyufHGjJFqiEXxvWJfDcgRm,30.72658956700002,30.179876929999978,4037.8071060940224,131.4108452319283,1.615122842437609,128.76704779137472,314.115592607,799.570618804,144236.54360912764
ACUSESXyNnwRLAg1dpSGMLSzUDdLjUMybY8rkXiAKhCP,AhFPQdu8GKBsxuhiH46UmCu1YpaLgNpoP325HnYtsgas,A8wxWpT3aFEr2XqZp1kDmbxbFfcBE95UUmdsNTDBJYbT,0.0,0.004046241999731137,0.0,1.0,0.0,0.9878811238584163,1044.612489208,1841.328673742,2863.626328816974
MATgk4zXLXtYkwBH678J1xZbRDZ45LicNzkRBHkxTuY,y8dALFo1bJrSzPYjMX14HJX448pXqYmrfXHD1K8MXih,GN7Yuet3UyiWS5YVkEHv6oQKi4HGBJc3XDPt9zQhAqZz,850.8260149999987,851.2297510000026,850.4382151738795,0.9995442078412244,0.34017528606955183,1.0,4534.472409,3526.027365,8058.432997031794
B2izdXFYb2sNwbWWHmh75T4aQFtfXsUxem9u2p61HGzf,4DYwgJtxwuJdAjkj5RJSNH4e7U329V5cNp7d3a1nLrZv,EXNW64GEf1ACC6xY9BtKRiunrs6GoJSXBdxWN2eTPmrF,247401.07261899998,246050.89159300015,248160.6924987386,1.003070398489777,24.816069249873863,1.0,12661.802945,27248.932326,39949.61205164018
Lee1XZJfJ9Hm2K1qTyeCz1LXNc1YBZaKZszvNY4KCDw,9DgFSWkPDGijNKcLGbr3p5xoJbHsPgXUTr6QvGBJ5vGN,2hNHZg7XBhuhHVZ3JDEi4buq2fPQwuWBdQ9xkH7t1GQX,3147.237606024112,2659.1156217979733,490097.81377503986,155.72316905369522,49.00978137750399,131.51355398414395,6907.868134608,54992.501425434,8307974.422263123
YAkoNb6HKmSxQN9L8hiBE5tPJRsniSSMzND1boHmZxe,CfWX7o2TswwbxusJ4hCaPobu2jLCb1hfXuXJQjVq3jQF,EnTrdMMpdhugeH6Ban6gYZWXughWxKtVGfCwFn78ZmY3,5866882.184988959,5860039.841223962,5866882.184988959,1.0,586.6882184988959,0.9986747585953439,236414.325553,1140536.468124,1375439.3075259218
vEnkoSUkpnbRrPgBz9DfcVxNz67zjwMYBZraAvDDNSf,DtfyjjsZ5yCjWKLKHvwsfXs5QVsmm1QkK6Sh9JZHoq1g,e5wrKCRv4GhHvEf1VD5Pq2KGaZDXP77nTL612Jyrxwy,2164.3421959999996,2163.961117,2161.905728244268,0.998874268699176,0.21619057282442683,0.998811414416844,911.058953,1035.358668,1944.1614010335315
BUSDgu5JdqP1rndBvXvanbEufS94FNh1w5FJcAj6vawb,Bgzr8cWubt89JQFXndVjtdKmDbGzuPxNhvjH1EhWCwbo,Dxaf8xPBBQsasRKW5Aa4Sw2YrbfGofY9xZueyyF23FBW,12007.644571929997,11975.70773134,12031.391169308685,1.0019776232746096,4.812556467723475,1.0,6390.81889321,8657.56600484,15061.023530237027
YakoMPuYrybnr9R7VC7hVGxMz94fJvPFCdZ4gmW61Ed,,,0.3644790000000002,0.36430899999999977,0.0,0.0,0.0,1.0,6390.81889321,8657.56600484,8657.56600484
AURHmCnNwiW4uA2Qj1XvEh4iKgRUZYXtiY7FKAapUV5Y,BKWm4TRnTeKwfWXRyuzjRHU7iZDkPuXBX5b5V5jSVfGJ,A5Ww74HVrkj9nPeC7pHKLfgeDMEhBCpW1efQdz3TGLEg,0.027893385999732345,0.025506482000082542,4.092535836113667,146.72065399851195,0.0016370143344454668,131.44582388073553,289.909035405,1809.477520898,280383.9068028078
SAMyS8Jr2HJrkFwYVKbpUwsNStnQmvz3f8Tup8bWUWF,6jPzm5TFfquvgm25sTyN3MMGBfufRaFHMxobDWv6hMFW,Cj9ECoDmxsHTDzCY5ZA6RWrPbg9uFzEC1Qc2kso2vJG6,1732.3648934200241,102.63721853999988,1676.2075164317182,0.9675834016253698,0.6704830065726873,0.018074784660481395,438.75002641,111029.29364961,2431.3578167390638
AUSejoEUCh2DBs9mof6BNC8Pubs22w4cJa1ccV9h44R,4xkyD7AfGQDwsQMy9MosRRNGoVJ1zosNinesxg1TzHG7,Cbm5gsQe3nSiCsFrvepVzMCD9xLK3ri9g3ypS2hdmVJ7,4065.525804000008,4063.847627000001,4062.799665424508,0.9993294499390908,0.4062799665424508,1.0,14672.123897,14204.491756,28866.777259427196
HEDSDjj84KS7LKhZY7ejkCACTdPen62rKhCby1wXtgxc,EnnjMSFttpCTywBrYNt1J5QQeoSVkvzPipJDa8Y7kJow,6bjVT6JN2rSvpyn9PdfLYC8wJn4LWh49jpY47fnLDXZk,22.01375901299616,22.728327061005984,21.264350768951896,0.9659572795540353,0.008505740307580759,1.0,39119.791281271,9049.438318512,46837.485481290205
BSC8REUo9LpiiWUuqMuLXs2D2yJsJfGd4HdiF3wCLxk5,AZjEH1zWVx1UJ6udMyRijGTzPteuLnaY18yNNmprJEsh,Caf8ypkSVR8xYnXNhjvfvdGCC7mrM3C11rz8Xi6NA6aK,438.26871584600076,437.94525913000007,438.6086774844409,1.0007756922320679,0.17544347099377636,0.999765442030349,3044.821953997,3308.443824116,6354.851600984656
RoBgmK8CvjdHvPrqdDyVw54VwjZv2TqJ493xnqJAQHx,ExiHJxM7qPAcy27NDHAF6G7vnW7muNHi2sVJpnaNynGQ,6rkPHSqZb7StM4HwS9EuVrmfkV7tRdc7dnsFhyB6cefE,0.35095500000000257,24.698749999999563,0.0,0.0,0.0,0.951961182830809,6384.183291,17.085536,16.26476705985837
STK75uPSyBnEhGTTzb1nwmP3n427XoXmfRhXxxhyady,6TYyD5fUmDe6N65avW1Ny2RxzRNobw2RRgKwH9CTzSAU,54zDfk4cx2vGrEajPtodWpArNe5eUurytyxd4X3aZAxK,600.6634044789998,676.2361709829909,79066.60763566435,131.632137143838,7.9066607635664345,148.42959264537305,1683.450126072,297.696727012,265783.1417921729
JSoLLrxK5bYdHwTEWYaGgmeycBCNXKDiBCTw5hXGBg7,xG4wXczA7Dk4hccJ61CHKpDHW4NrNfQwgmWgkb9BuF2,BVR6WgfhsRr9Lob4QDnkEAiNGgAbv7ZieKcY9kSg3QYR,1.768777518999979,1.5084659749999823,273.19706550371797,154.45530179407555,0.1092788262014872,131.85680087711145,17.017432914,163.945420289,24245.751374253327
Lid8SLUxQ9RmF7XMqUA8c24RitTwzja8VSKngJxRcUa,4PgzyzLtds9bKZ2to9PMnKqJzKEUpjvNUaeN23phegax,AtymwxoVN9peZo7EXTcDz9jKVc4vRmisJKKrNfe3ewBa,289.8278808089972,245.61526207100064,45163.411122188336,155.82838682090767,4.516341112218834,132.04693212061431,974.570792821,7667.605205282,1164349.5385576107
SUiuyGR7SFq3xeRVJonq84fjjeFwRSsFekcevJ53tzy,49GjCCPsv7fBqo6t3iKDrP1xxGDS8uWZbVCdfnp2gjMf,CEwj5xEbbJEjYqM8D6Ai8ByGz1mrh8mkAVsE5fzDSSSx,3.0340629999999207,4.090662999999901,0.02534566204050765,0.008353703281872628,1.013826481620306e-05,0.954980317855649,646.415832,1.655741,6.981166123699456
MATSnbbiTCv7Dc3trJrkrqjx7ckKdr6fwPoVwv9q3sD,631WX9JizSHJm4w6VanZeJAst9T8DeUUnPLesdGkCVtK,211maUSfpnXbPuW1iBu8b4dtJv5EbN1j7JJiEX5TZKEP,658.2885650000026,657.9552639999965,657.9944414846589,0.9995531997197252,0.26319777659386356,0.9968410108366587,20173.773667,25379.299675,45463.88676162487
moFiBS1R4Lf3E3zzmBPnw3NF4RhWPkhREFviuzUaCAU,44ALBrpqi9PfZkBRTvbtRNtFJGsatfY4QydjtMbFWq8S,2ho8qEEie1UjVwWNBo9y4oAJZMyMLx8zPj9bxyUz6uWs,55.175871572995675,55.207242589996895,55.18113513593289,1.0000953960995478,0.022072454054373154,1.0,34152.196592737,32962.32448072,67117.77905980294
TETFuZgEmET6d9vYmz9iMFCxK1jKdKYxf3oPz8hSzJK,Eu1Ze6Z84LWNkq7SNoAHBJbXx5t1P95EwyqYohrfCRFV,ASMbv7WNu3qe4pkhREmvyEdwFNDZQ6B6iSrjkj4u8bdC,35.04885088499998,34.896893143999996,35.204194709991214,1.0044322087905517,0.014081677883996486,0.9979362677981933,48.235317706,304.548013604,352.36861476648073
KEN5P7p3asnb23Sw6yAmJRGvijfAzso3RqfyLAQhznt,9zj4aX38Uxf3h6AUjS4EipWS8mwbEofasHAf3a1uKGds,CwQDG1MWunn9cLNwcZLd8YBacweSR7ARo32w4mLua1Yr,272249.1537309985,272281.4626830006,271471.38820379466,0.9971431847756179,27.147138820379467,1.0,1173606.324625,1071686.563815,2241940.11202438
