0,1,2,3,4,5,6,7,8,9,10,11
AURHmCnNwiW4uA2Qj1XvEh4iKgRUZYXtiY7FKAapUV5Y,BKWm4TRnTeKwfWXRyuzjRHU7iZDkPuXBX5b5V5jSVfGJ,A5Ww74HVrkj9nPeC7pHKLfgeDMEhBCpW1efQdz3TGLEg,0.04942075600024509,0.04408628300001283,6.927266773939787,140.16917859179316,0.0027709067095759154,125.46453243132697,289.900369731,1809.487222656,267661.5650296469
MARpDPs5A7XiyCWPNH8GsMWPLxmwNn9SBmKvPa9LzgA,6YjT74rmcfCpw8LSjPNx5JTmZoYLGrTKnf9arfSgZ4SR,F8GSmi3vA8M8TsybLya1LQ4n1aFHCRbZ6k437PeTdXtg,50944.337862000015,53276.14736299924,48863.11135984992,0.9591470497116323,19.54524454393997,1.0,294613.320985,17358.640008,299936.1376365089
BkMBnJpvHKtWhUvrgRrLesXfi9RUV3ELgdBaJcdH7hcY,5uerVwBnZQsuVhZ15igs7ZgmcqhHnYWbwoRtLyRqLvR,9YWiQh5d4jCtgMdzcGLv9bWgnLaFtzvDDh2nnhJdzhBX,0.0009808219999740686,0.0009808219999740686,0.0009861593557395605,1.0054417170145378,3.944637422958242e-07,0.999924738664695,986.42705962,1887.628275602,2879.2811267113534
vEnkoSUkpnbRrPgBz9DfcVxNz67zjwMYBZraAvDDNSf,DtfyjjsZ5yCjWKLKHvwsfXs5QVsmm1QkK6Sh9JZHoq1g,e5wrKCRv4GhHvEf1VD5Pq2KGaZDXP77nTL612Jyrxwy,3238.255043000001,3238.5045970000006,3233.3887928667364,0.99849726162126,0.32333887928667365,0.9975798712323902,961.253595,984.869306,1942.2948777913052
oKQqupM9E7SSLAFDLxr7mdsXP7znck9qRbVWc6Yyj7Q,CMR2J7CwfW98RpvnJmFBgRFTLAd3x8CJ1SWs8Bt3uunG,FmRb5jHfSNj1YWP3b45d9vvYuhwjp4om8bALmtqZpr1v,327.77435074000005,333.0,331.7922319052468,1.0122580707006994,0.13271689276209875,1.0,2176.27630641,3719.98431175,5922.93756698823
WiiQFxXqp8P9Fs1rt9SVcDyA3KUdJmUsog6wnVQAwba,3S2jpqSYxho6wiz3cafhjXruVY8cg4HYa2v3BqBHYFSj,Dfe67M6TfrG74gKRtdqys4e6E9QirPD53BkF4FujFjuv,12674.747162023004,12696.721186935993,12666.716299221987,0.9993663887177899,1.2666716299221987,0.9999237398160592,17151.565775377,9653.073246603,26793.03545125577
SRMuKizofcAMicegrfSv7xs9q76tH1w8aAF7oX9FEWu,72Hj2KWntXPfbie4UgKeTPnm1XVkomDfCnRPKbvfTtPi,6aqJQ5wedqpUt4fFEDUqUmXhrdxCu4bEJsQdVPCADLko,25.54862399999911,0.7522200000003068,1.0490619956762812,0.04106138928172092,0.0004196247982705125,0.04122058777095632,16855.345241,5027.293575,899.3318884771553
KysFMBBoavfov2tLpvefWW6tPFt6rAeZWDJVy1mMQae,B8ka2V21TH3x64dFV8ETcjuQcwmrciJ2qzy1mJUttRew,7fSf7EYxBANyxzk2s5pymFgshA91tFYQNKKs5UnLWcYS,30.08507699999609,22.884900000000016,0.0,0.0,0.0,0.01754174233004858,134374.634815,2708.341267,47.5090246475513
MATSnbbiTCv7Dc3trJrkrqjx7ckKdr6fwPoVwv9q3sD,631WX9JizSHJm4w6VanZeJAst9T8DeUUnPLesdGkCVtK,211maUSfpnXbPuW1iBu8b4dtJv5EbN1j7JJiEX5TZKEP,4586.586007000005,4581.853836000002,4587.026361530713,1.000096009216885,1.834810544612285,0.9986119294181088,19589.436643,25963.875159,45519.152877171204
GokA1R67GqSavkd15zR62QD68Tuc5AEfvjssntVDEbM8,3YB7hfpBdbQEuZqLGWVDpRPmeZWCUsrrWyqGXegnQ6Cg,4DPCj6Z1DsG6HUtwSogBGqXEUxdEV5a8YVrrFtcnz7UW,25537.980211999995,25536.45962800001,25549.375233354072,1.0004461990047562,2.5549375233354072,1.0,11372.48529,21021.767305,32399.326986618005
7oAd7xG4m3oC2qeWB1szghTebAZyyGPAFDJ4wwwbRSNi,D9yh4KAysxt9GLacVe4Wwh2XqghhcjTCSTV9HuM7TBJd,HDYfJLpZKaMFb84jM4mRytn7XLR8UFZUnQpSfhJJaNEy,4053.766524995037,95.54141546500011,4053.4584013546573,0.9999239907778409,1.621383360541863,0.022628603171717346,951.83672336,300250.390316665,7746.011309620091
daob129AwBGn9Y5r91uLoWZeYiGzbPmksauMhFZKTze,6VW5GQNyj4LStgmxEHLr5zUfW92vQnmbw8jTnCH7a38F,4VPCCUifPeBA1c7HWK358CHn2nyjm8pdTRk6Ps3KmnMQ,17.655728794999987,15.778742622000088,2475.591617436137,140.21463776319513,0.9902366469744548,125.36322427192486,48.484753089,223.821736025,34857.286581645734
Dg3mAgpwDfVNnbGWcsxL8sUcSkEbjSJQhKAWNigG44Ju,EATxwd8YA2wV93VJcKMmH2Kn2Y9XfJVUB9hHVu3udwEy,GiGvrRi7NMHfHKanG2B8xyCEqe8jaafWins8bhrLVEaa,0.023889716000000005,0.023593811999999992,3.5888350899405226,150.22510480830002,0.0014355340359762092,148.46341846522674,0.205171991,0.254343561,68.58269838238151
KEN5P7p3asnb23Sw6yAmJRGvijfAzso3RqfyLAQhznt,9zj4aX38Uxf3h6AUjS4EipWS8mwbEofasHAf3a1uKGds,CwQDG1MWunn9cLNwcZLd8YBacweSR7ARo32w4mLua1Yr,282001.9156350009,282048.94309200044,281798.1755540753,0.9992775223513399,28.17981755540753,1.0,1149253.955568,1092227.35509,2240651.000362468
SEQV6QiTpvTzrceiaYg9Avnwf7oc8ZALpnQMz6TyT4A,3dFMPj4r9mMmPHF32mz1gNDX7f8ftidWof7S8YiYTs1j,Fc1ED3YPeQfXQosHbd8DTaBd2AV5gHQtwiSAL5C5pUhi,1485.9425306579997,1485.2193873879999,1484.6954043347032,0.9991607169876588,0.5938781617338813,0.9979960239838405,1590.153999235,4036.271302239,5617.002121351035
BUSDgu5JdqP1rndBvXvanbEufS94FNh1w5FJcAj6vawb,Bgzr8cWubt89JQFXndVjtdKmDbGzuPxNhvjH1EhWCwbo,Dxaf8xPBBQsasRKW5Aa4Sw2YrbfGofY9xZueyyF23FBW,10405.200058269997,10372.414591310004,10437.658462296538,1.0031194406493649,4.175063384918615,1.0,5868.68359226,9176.06759314,15063.058195555957
C98Sspw7XqnMsgxea3SLQVdbMDL8pKUc3RE82UvX9eq2,CSqgQJurPCzGxb4Cgwx5R61hWQUiaoUHcShNc8r1cKEL,6S2CR5EnukPhC914XkAns8m5GixjMAoUuZMsS5ubHuWc,49.00337599999989,48.85243200000025,0.0,0.0,0.0,1.0,897.831266,1221.867687,1221.867687
ACUSESXyNnwRLAg1dpSGMLSzUDdLjUMybY8rkXiAKhCP,AhFPQdu8GKBsxuhiH46UmCu1YpaLgNpoP325HnYtsgas,A8wxWpT3aFEr2XqZp1kDmbxbFfcBE95UUmdsNTDBJYbT,0.0,0.002060464000351203,0.0,0.999923743815449,0.0,0.9878067271266022,1044.610466087,1841.328673742,2863.4076588519665
Lee1XZJfJ9Hm2K1qTyeCz1LXNc1YBZaKZszvNY4KCDw,9DgFSWkPDGijNKcLGbr3p5xoJbHsPgXUTr6QvGBJ5vGN,2hNHZg7XBhuhHVZ3JDEi4buq2fPQwuWBdQ9xkH7t1GQX,2696.824041023152,2277.0679267199894,400371.86997340946,148.4605090592087,40.037186997340946,125.44937534365287,6908.238818896,54991.985238878,7924310.848880512
ALLwa5WNZbvQsRKAqe1jdRGemdYQnW8E5k4msbRFcYtu,CGoM82Hbz7QVqTgvQatYtjvDWBvoUJp5qm21P8iMs9yb,3dxNNww8TivyN5FMy5dCNdi3Zcxv6e4kUfSPxfFwpdNq,3.057974590999998,3.0043735149999993,9106.535410958899,2977.9630732578917,3.6426141643835597,2935.1766242533645,0.864483026,7.788877352,25436.129261653088
HEDSDjj84KS7LKhZY7ejkCACTdPen62rKhCby1wXtgxc,EnnjMSFttpCTywBrYNt1J5QQeoSVkvzPipJDa8Y7kJow,6bjVT6JN2rSvpyn9PdfLYC8wJn4LWh49jpY47fnLDXZk,44.197738822005704,45.549600897993514,42.441916890032715,0.9602734895772818,0.016976766756013086,0.9999237448152967,39124.299735356,9098.841367803,46668.17536811174
KwnjUuZhTMTSGAaavkLEmSyfobY16JNH4poL9oeeEvE,J63v6qEZmQpDqCD8bd4PXu2Pq5ZbyXrFcSa3Xt1HdAPQ,BnKQtTdLw9qPCDgZkWX3sURkBAoKCUYL1yahh6Mw7mRK,281.9683229999754,10951.55042799967,4.894867576613247,0.01735963644616092,0.0004894867576613247,1.0,280316.703822,521.674565,5387.870633136087
BSC8REUo9LpiiWUuqMuLXs2D2yJsJfGd4HdiF3wCLxk5,AZjEH1zWVx1UJ6udMyRijGTzPteuLnaY18yNNmprJEsh,Caf8ypkSVR8xYnXNhjvfvdGCC7mrM3C11rz8Xi6NA6aK,212.13946937300034,211.8531702389996,212.47346427300926,1.0015744118762815,0.0849893857092037,0.9999237428156017,2716.656375515,3636.822419962,6357.478597700483
TETFuZgEmET6d9vYmz9iMFCxK1jKdKYxf3oPz8hSzJK,Eu1Ze6Z84LWNkq7SNoAHBJbXx5t1P95EwyqYohrfCRFV,ASMbv7WNu3qe4pkhREmvyEdwFNDZQ6B6iSrjkj4u8bdC,42.232904618000006,42.37291347299999,42.4932648033236,1.0061648657055102,0.01699730592132944,0.9980906525816113,42.15074517,310.650124202,352.467584042693
C2ypsDADXcCRz8HbV2zX1AXPSja7a1P3xZtRC91xGhJh,J9bYNuDpY1d1T86gLaw7DGk5D3CsUAf2tzUwxMvb6FTv,A2NGvvPrMGzsJ4jb52KEnSBVmsA7C34dV1GC7PerdgvG,4.029786964,4.407226683000001,505.93074634630904,125.54776489825107,0.20237229853852362,125.96082920517709,1.333237741,0.888980081,279.3616866101889
STK75uPSyBnEhGTTzb1nwmP3n427XoXmfRhXxxhyady,6TYyD5fUmDe6N65avW1Ny2RxzRNobw2RRgKwH9CTzSAU,54zDfk4cx2vGrEajPtodWpArNe5eUurytyxd4X3aZAxK,682.3249263969976,767.6197652070059,85651.17512772173,125.52842760706538,8.565117512772174,141.399415879013,1629.210124692,289.128931046,245394.84715772548
KEVpg4SYCVrqFxKijQH6hm4QxsRdoE51ud64bEEFUC9,2bPenuBYfqzD8p5dFjCcggwkHDsc2RQDnx9AoyYGUBjA,AE6n6iLuX8oYu61vt5hoDYkjswpnxFxrhSehxrnQTnbx,2829.181744639999,2826.5357640729994,2833.1194350140972,1.0013918124495036,1.133247774005639,0.9999247446637918,2208.709456276,5430.427128337,7641.802025312283
BUSD5rCfUDpCxKGMvYU2yThChxgHoioK74PTPociGnv2,CcFHbafgYDZ8yA8Me1PdtDiVb2eeaS61LbqyKKK5CsNZ,26R9s4nmF3CFDTkiePDwRmtscn8i7r2eygbSijditJ58,211.15211711,211.67020028999997,210.8757960106974,0.9986913647701734,0.021087579601069738,1.0,64.91331433,82.92062869,147.74899516998295
SAMyS8Jr2HJrkFwYVKbpUwsNStnQmvz3f8Tup8bWUWF,6jPzm5TFfquvgm25sTyN3MMGBfufRaFHMxobDWv6hMFW,Cj9ECoDmxsHTDzCY5ZA6RWrPbg9uFzEC1Qc2kso2vJG6,1736.5552937100001,32.57722746999991,1677.5130252444585,0.9660003521457685,0.6710052100977835,0.01742075259403037,429.41745243,111537.93666141,2357.8922096919723
MATgk4zXLXtYkwBH678J1xZbRDZ45LicNzkRBHkxTuY,y8dALFo1bJrSzPYjMX14HJX448pXqYmrfXHD1K8MXih,GN7Yuet3UyiWS5YVkEHv6oQKi4HGBJc3XDPt9zQhAqZz,811.8634330000009,811.1254099999992,813.1905599939109,1.0016346677778134,0.3252762239975644,1.0,3326.939709,4733.008705,8065.3868551410305
SoNcU2iwHMw6dGzsYNQkYFkUjwN1UdAjrWVRnStrZu2,8ivTTid27jZnYNc4w3CTA1Z6QS2twsFb8WMwUabeDJgc,CyXm53PMvHCbeXJBykU46Rcbo28xk5srhMZFg7gv6EYB,14.992551007999994,14.96978396899999,2232.163412416488,148.88483028841523,0.8928653649665952,147.22629343819773,15.517452851,19.159149217,5131.043858877878
ALBpShJ9NLpE739pcHDF2LNVk5J4VYPvvKuV6jMPitZi,D6d156U1bPiJpDYRLextvDRccgFk7QzkQbJg42ceKEu5,GNcM8U5g8RwTZffwwm3kSQqUNPSwv5d2fbN9sLxPJqt2,15709.362663999986,15650.929462999993,15692.305128325495,0.9989141802860291,6.276922051330199,0.998259036240796,42707.534611,57699.685788,100260.39465410993
Lid8SLUxQ9RmF7XMqUA8c24RitTwzja8VSKngJxRcUa,4PgzyzLtds9bKZ2to9PMnKqJzKEUpjvNUaeN23phegax,AtymwxoVN9peZo7EXTcDz9jKVc4vRmisJKKrNfe3ewBa,518.4339852160056,442.43307220899806,76889.78447592689,148.31162051209037,7.68897844759269,125.69994442805458,975.053321203,7667.000772417,1108353.3091759812
AUSejoEUCh2DBs9mof6BNC8Pubs22w4cJa1ccV9h44R,4xkyD7AfGQDwsQMy9MosRRNGoVJ1zosNinesxg1TzHG7,Cbm5gsQe3nSiCsFrvepVzMCD9xLK3ri9g3ypS2hdmVJ7,1939.210341,1940.1554300000007,1939.2142194284388,1.000002000004,0.19392142194284387,1.0,14474.747016,14401.352031,28876.127996551928
BUSDTd9WiT6uBHJRgNvFXBsA7JrifsAtWzKfioN7ERcy,DyBxrn7gSc1EwnpWhDyhzvMHPtxpmBqRqotapLcKcfTM,Cds99GeBgoCpqBsoRWu1C6fF9LiUMd4pXQQD24s9LPff,1422.9563640399995,1426.0219473199998,1417.9177507750876,0.9964590528618836,0.14179177507750876,0.9971769919358296,148.34458813,115.32845425,262.82218887883
moFiBS1R4Lf3E3zzmBPnw3NF4RhWPkhREFviuzUaCAU,44ALBrpqi9PfZkBRTvbtRNtFJGsatfY4QydjtMbFWq8S,2ho8qEEie1UjVwWNBo9y4oAJZMyMLx8zPj9bxyUz6uWs,1339.5597615959996,1340.0440904569987,1338.8213614505187,0.999448774017666,0.5355285445802076,0.9990070658980554,34096.989350147,33017.500352293,67062.91035393007
wrmcMSHFi3sWpAEy4rGDvQb3ezh3PhXoV2xNjgLBkKU,8p4mGnARWPBu6P2Gcw4adodLkNDorrXniZMhaY7eJXUn,AyY89zccbsgp9LKFgH4CFZMJmpSgqmPSdTfukhP227rc,0.010028979999999632,0.03943896000000352,2.683698153599045,267.5943270002676,0.001073479261439618,2963.2263608617063,27.15016452,0.08930652,7529.865436936766
KZMu9QBEdL97EFgamLbN5DE1AoKBG4HdrKKJo4Vuon3,DD4ACBWyVqdaKWh7v5btsgqQCCMwbKnuL2xd9pv7Gyuw,GcYqiJ1MAuYbNTNYXm1F1gQYTfTgkErACAhNU5dpVj9T,82.88720895999961,85.76535515999876,80.07917580421015,0.9661222377852706,0.032031670321684066,1.0,2407.56244293,790.28285496,3116.2824699313046
FrnkTEL6yZ5Aycq2TrEgu29dCrwKG4LPUZydfiwqspkc,DjvZuMZ46fxKBoBpGMPcRcos4xdTtHFxwMh69DpA2ZFY,9rvDPJLAng4uVVqnnSoEXgNDFhBZQTny9AoQioYDZbQX,124.19030117699899,103.70036065600041,18644.160593254728,150.1257378117042,7.457664237301892,125.56335569072591,174.059747816,1442.323274983,207233.79846189928
RajgMbScQbqqrdJfR2rxfHJiTiY5b6bJ2tTXiF4aPxy,725ZA3fhyBAKb5iopNRrcbSuQa3LXA1656Q3mBvYPxeg,GLA6i1dSZpUfk2f9Nj8uiG7xyDdAR2reff8oEiZH3617,18742.068330179987,18732.158390690005,18751.834660707977,1.0005210913948202,7.50073386428319,1.0,66659.0238913,114765.94181009,181459.70114512686
4vezWG46exH6pf9nry3n1VJ7hZHvjBJNgNeF4qEFCML5,,,0.9165170000000007,0.9396090000000008,0.0,0.0,0.0,1.0,66659.0238913,114765.94181009,114765.94181009
Cob4usZcpHEY7Qt4ZCwj6WVg9S44zvzYV2v9qYF65dTf,NhFM9UXE48PyNAyeyPYA3iXztqKVJwA4bTdLj4ysM8w,6TuFuynuBoeskxyR2cz4wxyidk8dpDK7kAWw3UkjQGx,174.32602600000786,1415.617554000023,1.4322712235527764,0.008216049298070455,0.0005729084894211106,1.0,72199.13093,177.243493,770.4351119987234
JSoLLrxK5bYdHwTEWYaGgmeycBCNXKDiBCTw5hXGBg7,xG4wXczA7Dk4hccJ61CHKpDHW4NrNfQwgmWgkb9BuF2,BVR6WgfhsRr9Lob4QDnkEAiNGgAbv7ZieKcY9kSg3QYR,4.442458512999991,3.7517373399999947,632.6695991194227,142.41429543304415,0.25306783964776913,125.52998760767963,17.055217715,163.899989205,23003.27042814137
parEAJhzYzHW87y9VoZAQ22dzQ2MD2ekEtTReaxbMcz,3oyc6hpjYSJEquK6dSvG72NXyz3pqLZz5D8AC71pwgQb,Di2vordgFJVZ1aj1aBpvzXtLfZgJsuLLXawGtVFwX6Rz,12.711782331999956,15.002986034999509,1561.2586932782751,122.81981019672172,0.6245034773113102,144.64675382308604,1102.8966235,140.238780426,155742.6383136047
BSCuChvaSj9b5HUSqgDVRzcnr2sSn7cXaamt1jbKH6hn,GnKpRj5kBVPMJfiwZtEuD9GYApLzPdW5JFuZTcyX4BTc,3dmwD9okkomV9nDwyuh4UMhKdUR13QpuKxRo89ycZB5t,225.46951349099982,225.2961076370002,225.1845008460465,0.9987359149335074,0.09007380033841861,0.9913465360865009,1508.435333805,1602.810289069,3095.4689712981235
heyk4SZTeCUV6a65WiVA5bzic3KcxgVf1qxobfeV4tQ,9ZDpBKPqMABtGfq66FbVribaArMvtk63xxy91onZAtDt,DaTP4s6N7xxSPinbNZ3FB52EpRDRt87QShTuN3VPCW52,142.2605399399963,122.89557843700038,20568.260737932538,144.58162992076348,8.227304295173015,125.75446390620527,622.7140227,4476.912121685,653024.6921941706
B2izdXFYb2sNwbWWHmh75T4aQFtfXsUxem9u2p61HGzf,4DYwgJtxwuJdAjkj5RJSNH4e7U329V5cNp7d3a1nLrZv,EXNW64GEf1ACC6xY9BtKRiunrs6GoJSXBdxWN2eTPmrF,157578.96561100037,156623.65566100017,158271.5619661643,1.0043952335419797,15.827156196616432,1.0,13025.387026,26849.721818,39932.35846195395
SUiuyGR7SFq3xeRVJonq84fjjeFwRSsFekcevJ53tzy,49GjCCPsv7fBqo6t3iKDrP1xxGDS8uWZbVCdfnp2gjMf,CEwj5xEbbJEjYqM8D6Ai8ByGz1mrh8mkAVsE5fzDSSSx,0.03548899999999988,3.999987000000033,0.0002915793735392214,0.008216049298070455,1.1663174941568856e-07,0.9601075320435889,645.349992,1.664981,6.90078814759084
SoN9GaFpSXfpyR5dth3x7PHPVhvJMpQqqDJfCSmPv1t,9kZ9iS68ViMPtoeqtnhAKuF2iqVyfHPdZHoUNdwCELr,BBhm5fJLjw3HRzjtKB8uMEYjGhY6EDm9co3cqpjrSzB9,0.7145088720000006,0.7017915379999997,107.2107722605888,150.048202985209,0.04288430890423552,147.1928339463179,1.560557423,2.419869428,590.346275863754
Sid7E679i9ABqptiAVhkmQ27YHN8vaYT4fppPwmxFsJ,GP7KB8o1bv527HG8kTzzzf4wJ5aEGHvcMQvVhLziUfmT,9gYxhAZ1M9wu5pxr8SBoa5NDm21gi3s9vMHaYTME77sa,730.4426160000021,1580.7128530000045,6.001352542467564,0.008216049298070455,0.002400541016987026,0.016135376844388538,127381.964382,12075.406253,1241.4177294888075
BerKDkt6v49dT1bHRedgnpsJS263C1DSJtEGvY9Mg35V,78XKqNb8wbfsMMrvo8WPUpdx7GEkfQutpNVH943aCGFa,DKYQwn4nDvFHCszi5tXbqfVMAP7DaXXp1KGTXEnYnKVH,0.0009911319998536783,0.0009911319998536783,0.0009932426882418412,1.0021295734457918,3.9729707529673647e-07,0.9999326115415105,1338.317413093,1742.597375423,3083.647402790066
RoBgmK8CvjdHvPrqdDyVw54VwjZv2TqJ493xnqJAQHx,ExiHJxM7qPAcy27NDHAF6G7vnW7muNHi2sVJpnaNynGQ,6rkPHSqZb7StM4HwS9EuVrmfkV7tRdc7dnsFhyB6cefE,0.43122600000000233,30.08507699999973,0.0,0.0,0.0,0.9602863958146878,6405.167331,16.786637,16.11997914257948
SQDY9uoDoCbNq7F3HAHYYQZbrUzpKxDtdWLvYcqBLak,GiehZ4X2uQjhEKuxSm3ACmEFrabxh3RTvjbLfLjw1xGX,rxDQYV77NKRKYxCjq4cECX3QQsiSyLv1T1FT2X3zNA2,1.182008441999983,1.180403066999986,1.1844684455630778,1.0020812064243234,0.0004737873782252312,0.9999237518142291,169.881517119,236.700916312,406.91794392036275
ionytDfEj1mXodptgrsKEZro7DGsfpzANUfarJdm6Qb,3gkSjY95an9xNFSjCfsay6JZez7uv7yfW3Ad4ubc4fMK,9wXqANaSuEqkKL9yHzCPEDGHwbkStVAqV5rB3QDs3Jr6,0.002604348999999992,0.009686600000000656,2.09488206204009,804.3783924658702,0.0008379528248160361,2978.7614309969913,3.150895437,0.084545444,2786.3529141958215
YAkoNb6HKmSxQN9L8hiBE5tPJRsniSSMzND1boHmZxe,CfWX7o2TswwbxusJ4hCaPobu2jLCb1hfXuXJQjVq3jQF,EnTrdMMpdhugeH6Ban6gYZWXughWxKtVGfCwFn78ZmY3,6521169.750085996,6518001.81286299,6521169.750085996,1.0,652.1169750085996,0.9984344547749129,188811.178307,1190638.02906,1377585.209685798
NorjjEePhxfwLF4vZjUHCrVVKLzQjEEGQFd3wgjEJmh,34M8pFVqgbV7aqHxvRT5tCv3vu2P1JJYT8J3VaxBK2oG,3AZWBSze3ucsY3xSeuLne3b2pauVqiaJ1SZSV5T9WGWw,0.0010849999998754356,0.0010849999998754356,0.0006428917209621427,0.5925269318303691,2.571566883848571e-07,1.0,38124.370231,2258.546943,24848.263063939492
ercAoEmXjQzEvAFbdjAo81KtMxRGn9AW1ju882upmPH,CMRhskR2Eg6V42RTSdRTXGdozyPbWB8U9dVpijPWb9T4,7TKLLgrWswt6ZJ1pXhVR3FyufHGjJFqiEXxvWJfDcgRm,0.7348861649999208,0.7415820579998922,92.29426525209603,125.58987996747221,0.03691770610083841,123.0259865330834,285.459961583,830.756444944,138055.513518681
HDSBGqAuMRr6X2AfmmbXQPpRgU6VEhtfNVVZ3wUTZXg,DCZ1d8kNLgDcdSd99y4udLgwq46mfDXNS9KXj96kQf5L,Fq8GGYQM5Pz3q7LmVMbrXHJgsxA5ev86kTq8yGgGuYsa,16.67524708900055,16.762242107999555,16.56618572574687,0.9934596853245059,0.006626474290298748,0.9999237538139243,13558.174358331,12844.755118983,26313.2753869964
DFWzVTzNBrQZLjoQ4yQwkj9HuoXmfkuZP9V5vbymZe23,DhgiEgiNdqZdRdo195UUHnoEJUtefK8buko8nU97XJUZ,2K2kkXsouBHtWVjtcgkyiXd8eP3oVBvq1bTJzcVdLLr2,2.648313933997997,2.6927086350042373,2.605507655297459,0.9838364031729743,0.0010422030621189836,0.9999237538139243,45446.639761195,22568.94019199,67279.27799532856
