0,1,2,3,4,5,6,7,8,9,10,11
FrnkTEL6yZ5Aycq2TrEgu29dCrwKG4LPUZydfiwqspkc,DjvZuMZ46fxKBoBpGMPcRcos4xdTtHFxwMh69DpA2ZFY,9rvDPJLAng4uVVqnnSoEXgNDFhBZQTny9AoQioYDZbQX,32.37627481799734,27.075789229000293,5321.7786085904745,164.3727895969119,2.1287114434361896,138.10245296195924,173.892617103,1442.548368502,227802.68276992626
ACUSESXyNnwRLAg1dpSGMLSzUDdLjUMybY8rkXiAKhCP,AhFPQdu8GKBsxuhiH46UmCu1YpaLgNpoP325HnYtsgas,A8wxWpT3aFEr2XqZp1kDmbxbFfcBE95UUmdsNTDBJYbT,0.0,0.0021133279997229693,0.0,1.0,0.0,0.9878811238584163,1044.612489208,1841.328673742,2863.626328816974
MATSnbbiTCv7Dc3trJrkrqjx7ckKdr6fwPoVwv9q3sD,631WX9JizSHJm4w6VanZeJAst9T8DeUUnPLesdGkCVtK,211maUSfpnXbPuW1iBu8b4dtJv5EbN1j7JJiEX5TZKEP,1073.7329570000038,1073.2448570000015,1069.3496926099954,0.9959177332115657,0.4277398770439982,0.9966939661143985,20565.564148,24987.417244,45386.41802437088
Dg3mAgpwDfVNnbGWcsxL8sUcSkEbjSJQhKAWNigG44Ju,EATxwd8YA2wV93VJcKMmH2Kn2Y9XfJVUB9hHVu3udwEy,GiGvrRi7NMHfHKanG2B8xyCEqe8jaafWins8bhrLVEaa,0.03137400200000001,0.03088975999999996,5.149695875138843,164.13895412956373,0.0020598783500555373,163.60349123306153,0.170420481,0.289641161,75.35894465799446
C98Sspw7XqnMsgxea3SLQVdbMDL8pKUc3RE82UvX9eq2,CSqgQJurPCzGxb4Cgwx5R61hWQUiaoUHcShNc8r1cKEL,6S2CR5EnukPhC914XkAns8m5GixjMAoUuZMsS5ubHuWc,28.726039999999898,28.686044999999922,0.0,0.0,0.0,1.0,899.79278,863.781437,863.781437
BUSDTd9WiT6uBHJRgNvFXBsA7JrifsAtWzKfioN7ERcy,DyBxrn7gSc1EwnpWhDyhzvMHPtxpmBqRqotapLcKcfTM,Cds99GeBgoCpqBsoRWu1C6fF9LiUMd4pXQQD24s9LPff,1625.39778033,1626.754117969999,1625.752243091561,1.0002180775474476,0.1625752243091561,0.996648271861729,118.78171956,145.11311056,263.43435405018727
SQDY9uoDoCbNq7F3HAHYYQZbrUzpKxDtdWLvYcqBLak,GiehZ4X2uQjhEKuxSm3ACmEFrabxh3RTvjbLfLjw1xGX,rxDQYV77NKRKYxCjq4cECX3QQsiSyLv1T1FT2X3zNA2,0.027044426999992766,0.0249167469999918,0.027102795417587307,1.0021582419769721,1.0841118167034924e-05,1.0,169.881517119,236.726896899,406.9750594393579
KEVpg4SYCVrqFxKijQH6hm4QxsRdoE51ud64bEEFUC9,2bPenuBYfqzD8p5dFjCcggwkHDsc2RQDnx9AoyYGUBjA,AE6n6iLuX8oYu61vt5hoDYkjswpnxFxrhSehxrnQTnbx,2516.037980377002,2514.446310199,2519.8521924458805,1.0015159596550713,1.0079408769783524,1.0,2305.89199969,5334.618682266,7644.0063211964825
Cob4usZcpHEY7Qt4ZCwj6WVg9S44zvzYV2v9qYF65dTf,NhFM9UXE48PyNAyeyPYA3iXztqKVJwA4bTdLj4ysM8w,6TuFuynuBoeskxyR2cz4wxyidk8dpDK7kAWw3UkjQGx,180.8567779999873,3185.2691170000085,1.494802056820031,0.008265114934316347,0.0005979208227280124,1.0,72190.189716,177.330102,773.9903171328419
SEQV6QiTpvTzrceiaYg9Avnwf7oc8ZALpnQMz6TyT4A,3dFMPj4r9mMmPHF32mz1gNDX7f8ftidWof7S8YiYTs1j,Fc1ED3YPeQfXQosHbd8DTaBd2AV5gHQtwiSAL5C5pUhi,544.2882441269999,543.5288517699998,544.3651253580193,1.0001412509490128,0.21774605014320778,0.9929954103752133,1514.792955359,4112.266407337,5598.468590027311
BSCNHw8CmxbZ8hCWWzMf5FaG2ajPT6JxfznKUNuRVrn4,7n9kgNL633yGzCYksgnzHyjG73ZLBAwvEae5sbAekbzW,SscdxE99omdG9AiMVwmaEMQySQnCgeAh1sPj2Leutm2,808.5851026130003,808.2571174340001,809.5275537815853,1.0011655559390586,0.3238110215126341,1.0,5513.749405556,6183.804716044,11703.980704966127
NorjjEePhxfwLF4vZjUHCrVVKLzQjEEGQFd3wgjEJmh,34M8pFVqgbV7aqHxvRT5tCv3vu2P1JJYT8J3VaxBK2oG,3AZWBSze3ucsY3xSeuLne3b2pauVqiaJ1SZSV5T9WGWw,0.0009789999999156862,0.0009789999999156862,0.0005800845536434146,0.592527634007531,2.3203382145736585e-07,1.0,38124.370231,2258.548884,24848.291775001577
KwnjUuZhTMTSGAaavkLEmSyfobY16JNH4poL9oeeEvE,J63v6qEZmQpDqCD8bd4PXu2Pq5ZbyXrFcSa3Xt1HdAPQ,BnKQtTdLw9qPCDgZkWX3sURkBAoKCUYL1yahh6Mw7mRK,217.80378699998266,8898.256682999723,4.085532512422864,0.01875785801843376,0.0004085532512422864,1.0,279167.082008,542.545741,5779.122228726518
Sid7E679i9ABqptiAVhkmQ27YHN8vaYT4fppPwmxFsJ,GP7KB8o1bv527HG8kTzzzf4wJ5aEGHvcMQvVhLziUfmT,9gYxhAZ1M9wu5pxr8SBoa5NDm21gi3s9vMHaYTME77sa,2051.1590060000035,4498.611839999954,17.0441903647097,0.008309541247096116,0.0068176761458838804,0.018704207307557976,128880.342938,11396.377681,1284.0967362838546
wrmcMSHFi3sWpAEy4rGDvQb3ezh3PhXoV2xNjgLBkKU,8p4mGnARWPBu6P2Gcw4adodLkNDorrXniZMhaY7eJXUn,AyY89zccbsgp9LKFgH4CFZMJmpSgqmPSdTfukhP227rc,0.012319400000002312,0.06910619000000665,3.649003287817989,296.1997571161992,0.0014596013151271956,2969.121140142518,27.09643289,0.09437667,8306.172606766646
BkwbeSfcX1h4thMDd7obGkHrPevf3QwgzJ4pCEqG18Lu,35yX27bmurdebhfAb8EPmjLETDiUaEUCn9zHaDPbakH2,2CxECn1ZJFoESyUnQysQU8rRgT3iJ5GRs2Mdd6gZjx5g,0.017578410000000044,0.026961000000000013,34.02843702814674,1935.808587246893,0.013611374811258696,1253.1328320802006,0.85989721,22.00257083,29236.740300510755
JSoLLrxK5bYdHwTEWYaGgmeycBCNXKDiBCTw5hXGBg7,xG4wXczA7Dk4hccJ61CHKpDHW4NrNfQwgmWgkb9BuF2,BVR6WgfhsRr9Lob4QDnkEAiNGgAbv7ZieKcY9kSg3QYR,2.0659865139999667,1.7741162619999997,334.08000767127197,161.70483466731736,0.13363200306850878,138.13726866151617,17.176062948,163.759267693,25398.710376362862
YAkoNb6HKmSxQN9L8hiBE5tPJRsniSSMzND1boHmZxe,CfWX7o2TswwbxusJ4hCaPobu2jLCb1hfXuXJQjVq3jQF,EnTrdMMpdhugeH6Ban6gYZWXughWxKtVGfCwFn78ZmY3,5344626.119159988,5339159.943995001,5344626.119159988,1.0,534.4626119159989,0.9969513228547103,319722.316614,1057283.235728,1373782.2371051381
RoBgmK8CvjdHvPrqdDyVw54VwjZv2TqJ493xnqJAQHx,ExiHJxM7qPAcy27NDHAF6G7vnW7muNHi2sVJpnaNynGQ,6rkPHSqZb7StM4HwS9EuVrmfkV7tRdc7dnsFhyB6cefE,22.841394999999466,0.3249270000000024,0.0,0.0,0.0,0.9549265136301436,6384.183291,17.085536,16.31543132598231
KEN5P7p3asnb23Sw6yAmJRGvijfAzso3RqfyLAQhznt,9zj4aX38Uxf3h6AUjS4EipWS8mwbEofasHAf3a1uKGds,CwQDG1MWunn9cLNwcZLd8YBacweSR7ARo32w4mLua1Yr,251428.9828329978,251463.42056500167,250820.4923186328,0.9975798712323902,25.082049231863284,1.0,1179158.496214,1063139.797949,2239444.5787647413
AUSejoEUCh2DBs9mof6BNC8Pubs22w4cJa1ccV9h44R,4xkyD7AfGQDwsQMy9MosRRNGoVJ1zosNinesxg1TzHG7,Cbm5gsQe3nSiCsFrvepVzMCD9xLK3ri9g3ypS2hdmVJ7,3136.9833910000016,3136.7511639999975,3137.3598741849037,1.0001200144017282,0.31373598741849035,1.0,14389.225801,14487.375588,28878.32830332584
ALLwa5WNZbvQsRKAqe1jdRGemdYQnW8E5k4msbRFcYtu,CGoM82Hbz7QVqTgvQatYtjvDWBvoUJp5qm21P8iMs9yb,3dxNNww8TivyN5FMy5dCNdi3Zcxv6e4kUfSPxfFwpdNq,3.0125733970000024,2.9654972740000005,9009.700023925598,2990.698926339085,3.6038800095702395,2956.4019405822337,0.884776667,7.769618929,25616.21710732683
KZMu9QBEdL97EFgamLbN5DE1AoKBG4HdrKKJo4Vuon3,DD4ACBWyVqdaKWh7v5btsgqQCCMwbKnuL2xd9pv7Gyuw,GcYqiJ1MAuYbNTNYXm1F1gQYTfTgkErACAhNU5dpVj9T,40.1677161299998,41.45039426000005,38.90003554756991,0.9684403121569785,0.015560014219027963,1.0,2381.73629281,815.27530665,3121.8447455345213
MATgk4zXLXtYkwBH678J1xZbRDZ45LicNzkRBHkxTuY,y8dALFo1bJrSzPYjMX14HJX448pXqYmrfXHD1K8MXih,GN7Yuet3UyiWS5YVkEHv6oQKi4HGBJc3XDPt9zQhAqZz,850.7966699999988,851.2004060000027,850.4088835491004,0.9995442078412244,0.3401635534196402,1.0,4534.472409,3526.027365,8058.432997031794
SoNcU2iwHMw6dGzsYNQkYFkUjwN1UdAjrWVRnStrZu2,8ivTTid27jZnYNc4w3CTA1Z6QS2twsFb8WMwUabeDJgc,CyXm53PMvHCbeXJBykU46Rcbo28xk5srhMZFg7gv6EYB,2.79072346400001,2.7690978340000054,456.53774383878965,163.59117975251598,0.18261509753551586,157.7267661375775,15.317037314,19.362699472,5559.748175922909
RajgMbScQbqqrdJfR2rxfHJiTiY5b6bJ2tTXiF4aPxy,725ZA3fhyBAKb5iopNRrcbSuQa3LXA1656Q3mBvYPxeg,GLA6i1dSZpUfk2f9Nj8uiG7xyDdAR2reff8oEiZH3617,2207.6568103199825,2205.6680229699923,2210.060317216765,1.0010887140091462,0.884024126886706,1.0,65353.24691728,116074.38471108,181498.78262382204
HEDSDjj84KS7LKhZY7ejkCACTdPen62rKhCby1wXtgxc,EnnjMSFttpCTywBrYNt1J5QQeoSVkvzPipJDa8Y7kJow,6bjVT6JN2rSvpyn9PdfLYC8wJn4LWh49jpY47fnLDXZk,23.628047465994314,24.306774900001983,22.885615555056944,0.9685783638277398,0.009154246222022778,1.0,39117.010306241,9052.131873538,46940.021713789734
4vezWG46exH6pf9nry3n1VJ7hZHvjBJNgNeF4qEFCML5,,,2.184184000000002,2.2445099999999982,0.0,0.0,0.0,1.0,39117.010306241,9052.131873538,9052.131873538
B2izdXFYb2sNwbWWHmh75T4aQFtfXsUxem9u2p61HGzf,4DYwgJtxwuJdAjkj5RJSNH4e7U329V5cNp7d3a1nLrZv,EXNW64GEf1ACC6xY9BtKRiunrs6GoJSXBdxWN2eTPmrF,159894.56645200006,158944.38628199988,159986.87888111445,1.0005773331212109,15.998687888111446,1.0,11273.447866,28648.50531,39928.46171084329
Lee1XZJfJ9Hm2K1qTyeCz1LXNc1YBZaKZszvNY4KCDw,9DgFSWkPDGijNKcLGbr3p5xoJbHsPgXUTr6QvGBJ5vGN,2hNHZg7XBhuhHVZ3JDEi4buq2fPQwuWBdQ9xkH7t1GQX,2553.4983725750935,2157.3856359019765,417455.61865623074,163.48380055368693,41.74556186562308,138.30709624666352,6918.073970682,54979.857891188,8735097.522223052
WiiQFxXqp8P9Fs1rt9SVcDyA3KUdJmUsog6wnVQAwba,3S2jpqSYxho6wiz3cafhjXruVY8cg4HYa2v3BqBHYFSj,Dfe67M6TfrG74gKRtdqys4e6E9QirPD53BkF4FujFjuv,40385.740150146994,40424.82037160701,40310.7228623575,0.9981424807986533,4.03107228623575,1.0,20115.644564507,6699.816856727,26778.096225207966
vEnkoSUkpnbRrPgBz9DfcVxNz67zjwMYBZraAvDDNSf,DtfyjjsZ5yCjWKLKHvwsfXs5QVsmm1QkK6Sh9JZHoq1g,e5wrKCRv4GhHvEf1VD5Pq2KGaZDXP77nTL612Jyrxwy,1631.264753999999,1631.0394240000005,1628.1972304178914,0.9981195427813998,0.16281972304178916,0.9983866072426958,1100.832905,845.625403,1943.0239129167276
moFiBS1R4Lf3E3zzmBPnw3NF4RhWPkhREFviuzUaCAU,44ALBrpqi9PfZkBRTvbtRNtFJGsatfY4QydjtMbFWq8S,2ho8qEEie1UjVwWNBo9y4oAJZMyMLx8zPj9bxyUz6uWs,1.2937027219959418,1.2944486349952058,1.2938261620685862,1.0000954161033642,0.0005175304648274346,1.0,34152.196592737,32962.32448072,67117.7797429772
C2ypsDADXcCRz8HbV2zX1AXPSja7a1P3xZtRC91xGhJh,J9bYNuDpY1d1T86gLaw7DGk5D3CsUAf2tzUwxMvb6FTv,A2NGvvPrMGzsJ4jb52KEnSBVmsA7C34dV1GC7PerdgvG,511.9134105999994,514.4827282179998,70893.96493368069,138.48819637404665,28.35758597347228,138.80234947960918,344.204625009,210.310085918,76859.81174577834
BSC8REUo9LpiiWUuqMuLXs2D2yJsJfGd4HdiF3wCLxk5,AZjEH1zWVx1UJ6udMyRijGTzPteuLnaY18yNNmprJEsh,Caf8ypkSVR8xYnXNhjvfvdGCC7mrM3C11rz8Xi6NA6aK,1652.6084885090004,1653.2922944900001,1653.8805343366134,1.0007697200132142,0.6615522137346453,1.0,3072.213468908,3281.524267235,6356.102480334885
DFWzVTzNBrQZLjoQ4yQwkj9HuoXmfkuZP9V5vbymZe23,DhgiEgiNdqZdRdo195UUHnoEJUtefK8buko8nU97XJUZ,2K2kkXsouBHtWVjtcgkyiXd8eP3oVBvq1bTJzcVdLLr2,31.369603873004962,31.472612202003802,30.864518405963253,0.9838988892213472,0.012345807362385301,1.0,45452.130483581,22563.552477933,67283.85317347207
BUSDgu5JdqP1rndBvXvanbEufS94FNh1w5FJcAj6vawb,Bgzr8cWubt89JQFXndVjtdKmDbGzuPxNhvjH1EhWCwbo,Dxaf8xPBBQsasRKW5Aa4Sw2YrbfGofY9xZueyyF23FBW,10088.847502050001,10063.812086319998,10110.266202101815,1.0021230076128578,4.0441064808407265,1.0,6372.52513753,8676.0028978,15062.056954710104
SRMuKizofcAMicegrfSv7xs9q76tH1w8aAF7oX9FEWu,72Hj2KWntXPfbie4UgKeTPnm1XVkomDfCnRPKbvfTtPi,6aqJQ5wedqpUt4fFEDUqUmXhrdxCu4bEJsQdVPCADLko,104.19658699999945,104.69612899999993,4.495174000856589,0.043141278714403694,0.0017980696003426356,0.04286225938627759,16960.04137,4931.112914,943.0365125338782
BSCuChvaSj9b5HUSqgDVRzcnr2sSn7cXaamt1jbKH6hn,GnKpRj5kBVPMJfiwZtEuD9GYApLzPdW5JFuZTcyX4BTc,3dmwD9okkomV9nDwyuh4UMhKdUR13QpuKxRo89ycZB5t,1214.1546727060002,1217.3081253239998,1212.2468410520462,0.998428674948224,0.48489873642081854,0.997530115434185,1737.219097132,1374.69862869,3105.7926430086045
parEAJhzYzHW87y9VoZAQ22dzQ2MD2ekEtTReaxbMcz,3oyc6hpjYSJEquK6dSvG72NXyz3pqLZz5D8AC71pwgQb,Di2vordgFJVZ1aj1aBpvzXtLfZgJsuLLXawGtVFwX6Rz,20.19280504599999,23.6247574500006,2685.8816929052414,133.01181716887274,1.0743526771620966,158.4589926349845,1099.903477764,142.793443286,168927.0654657328
heyk4SZTeCUV6a65WiVA5bzic3KcxgVf1qxobfeV4tQ,9ZDpBKPqMABtGfq66FbVribaArMvtk63xxy91onZAtDt,DaTP4s6N7xxSPinbNZ3FB52EpRDRt87QShTuN3VPCW52,177.07553713500147,153.97974182999997,28119.431057065314,158.7990724863774,11.247772422826127,138.07041895121435,632.997268984,4465.168991583,717027.1325569053
BUSD5rCfUDpCxKGMvYU2yThChxgHoioK74PTPociGnv2,CcFHbafgYDZ8yA8Me1PdtDiVb2eeaS61LbqyKKK5CsNZ,26R9s4nmF3CFDTkiePDwRmtscn8i7r2eygbSijditJ58,47.12820193,47.038872000000005,47.07407474663408,0.9988514905905743,0.004707407474663409,1.0,59.08832563,88.77460195,147.79506408202673
ALBpShJ9NLpE739pcHDF2LNVk5J4VYPvvKuV6jMPitZi,D6d156U1bPiJpDYRLextvDRccgFk7QzkQbJg42ceKEu5,GNcM8U5g8RwTZffwwm3kSQqUNPSwv5d2fbN9sLxPJqt2,1835.535367000004,1831.2413149999993,1837.9817206702162,1.0013327739220903,0.7351926882680865,0.9978137899861403,42109.517242,58300.907392,100339.08907289445
daob129AwBGn9Y5r91uLoWZeYiGzbPmksauMhFZKTze,6VW5GQNyj4LStgmxEHLr5zUfW92vQnmbw8jTnCH7a38F,4VPCCUifPeBA1c7HWK358CHn2nyjm8pdTRk6Ps3KmnMQ,28.913393199000126,25.864664789000024,4455.086137325069,154.0838222156206,1.7820344549300278,137.8143769887476,47.994042199,224.388315985,38319.041436626714
AURHmCnNwiW4uA2Qj1XvEh4iKgRUZYXtiY7FKAapUV5Y,BKWm4TRnTeKwfWXRyuzjRHU7iZDkPuXBX5b5V5jSVfGJ,A5Ww74HVrkj9nPeC7pHKLfgeDMEhBCpW1efQdz3TGLEg,0.027844383999934053,0.024910698999974557,4.298249711516778,154.36684508901178,0.0017192998846067113,137.72357528748762,289.913730955,1809.472259853,293960.0570059929
BerKDkt6v49dT1bHRedgnpsJS263C1DSJtEGvY9Mg35V,78XKqNb8wbfsMMrvo8WPUpdx7GEkfQutpNVH943aCGFa,DKYQwn4nDvFHCszi5tXbqfVMAP7DaXXp1KGTXEnYnKVH,0.0010502780000933853,0.0010502780000933853,0.0010523509599512828,1.001973724916368,4.2094038398051313e-07,1.0,1338.317413093,1686.886143538,3027.8450270552307
CZgvH45CRmoaNJ7395Ao5CQZXkGznvqU7cErD6n7FaRg,4ZjU6MKvtqVQKCiowhvZ5yUsPxXX5SCzd5eFsPeXyey5,BsyWeshjDbCvjDojry3vKDCesmFRM37WtwcR4Kfgzqr,9.56624745000002,9.875021999999944,9.893712003313698,1.0342312442810244,0.003957484801325479,1.0,203.87706905,601.63290662,812.4889414239498
SAMyS8Jr2HJrkFwYVKbpUwsNStnQmvz3f8Tup8bWUWF,6jPzm5TFfquvgm25sTyN3MMGBfufRaFHMxobDWv6hMFW,Cj9ECoDmxsHTDzCY5ZA6RWrPbg9uFzEC1Qc2kso2vJG6,1969.2159703300276,36.36650483999995,1907.0681290109192,0.9684403121569785,0.7628272516043677,0.018757788569109365,448.54445053,110513.40333186,2507.37558143929
BkMBnJpvHKtWhUvrgRrLesXfi9RUV3ELgdBaJcdH7hcY,5uerVwBnZQsuVhZ15igs7ZgmcqhHnYWbwoRtLyRqLvR,9YWiQh5d4jCtgMdzcGLv9bWgnLaFtzvDDh2nnhJdzhBX,0.056494236999924397,0.05623457199999393,0.05680594416732578,1.0055175038013489,2.2722377666930315e-05,1.0,986.482241645,1887.573886459,2879.4990476222397
ercAoEmXjQzEvAFbdjAo81KtMxRGn9AW1ju882upmPH,CMRhskR2Eg6V42RTSdRTXGdozyPbWB8U9dVpijPWb9T4,7TKLLgrWswt6ZJ1pXhVR3FyufHGjJFqiEXxvWJfDcgRm,30.817901138000025,30.26968197299999,4245.642015651812,137.76544991302868,1.6982568062607246,135.48973373963995,314.025787564,799.661930375,151607.88593628287
TETFuZgEmET6d9vYmz9iMFCxK1jKdKYxf3oPz8hSzJK,Eu1Ze6Z84LWNkq7SNoAHBJbXx5t1P95EwyqYohrfCRFV,ASMbv7WNu3qe4pkhREmvyEdwFNDZQ6B6iSrjkj4u8bdC,34.292445888999964,34.14201060999999,34.491691768386744,1.0058101973837537,0.013796676707354698,0.9986089377497147,48.235317706,304.548013604,352.639942781616
KysFMBBoavfov2tLpvefWW6tPFt6rAeZWDJVy1mMQae,B8ka2V21TH3x64dFV8ETcjuQcwmrciJ2qzy1mJUttRew,7fSf7EYxBANyxzk2s5pymFgshA91tFYQNKKs5UnLWcYS,17.373727000000144,22.841394999995828,0.0,0.0,0.0,0.018426900990510423,134395.618855,2692.383405,49.61228243242833
Lid8SLUxQ9RmF7XMqUA8c24RitTwzja8VSKngJxRcUa,4PgzyzLtds9bKZ2to9PMnKqJzKEUpjvNUaeN23phegax,AtymwxoVN9peZo7EXTcDz9jKVc4vRmisJKKrNfe3ewBa,273.24796051599424,231.56294965900008,44466.51910821453,162.73321500458826,4.446651910821454,137.94941505309535,974.930631403,7667.182957801,1216337.0001883728
STK75uPSyBnEhGTTzb1nwmP3n427XoXmfRhXxxhyady,6TYyD5fUmDe6N65avW1Ny2RxzRNobw2RRgKwH9CTzSAU,54zDfk4cx2vGrEajPtodWpArNe5eUurytyxd4X3aZAxK,610.7084776179995,687.5734324689917,84308.06399068545,138.04960481229878,8.430806399068546,155.53289614073114,1684.235252842,297.545097246,278786.06177292607
GokA1R67GqSavkd15zR62QD68Tuc5AEfvjssntVDEbM8,3YB7hfpBdbQEuZqLGWVDpRPmeZWCUsrrWyqGXegnQ6Cg,4DPCj6Z1DsG6HUtwSogBGqXEUxdEV5a8YVrrFtcnz7UW,13148.495907999997,13147.771710999992,13152.88897291695,1.000334111593272,1.315288897291695,1.0,12095.962282,20300.295549,32400.299232230194
YakoMPuYrybnr9R7VC7hVGxMz94fJvPFCdZ4gmW61Ed,,,0.10609099999999994,0.10641500000000015,0.0,0.0,0.0,1.0,12095.962282,20300.295549,20300.295549
BSCrK1Nx9PXU9mF7STWWBqeHLxmtJDr9h7jheEy4tAWX,FfSySSbVJPvEo5a5AvrP3nySoXpRE2QPn1uUMpJJ1x7v,HL7Vcj6838ZmvBHDbQxXfjBNckNi83WvPiZQoMQLFeRM,0.03610915799999992,0.03606550400000008,108.42646736470374,3002.741502992232,0.0433705869458815,2992.9366694600744,0.830132643,0.974151315,5408.246932390986
MARpDPs5A7XiyCWPNH8GsMWPLxmwNn9SBmKvPa9LzgA,6YjT74rmcfCpw8LSjPNx5JTmZoYLGrTKnf9arfSgZ4SR,F8GSmi3vA8M8TsybLya1LQ4n1aFHCRbZ6k437PeTdXtg,44056.19683599997,46192.920169999525,41762.27840762588,0.9479319915671969,16.704911363050353,1.0,295746.812803,16302.506249,296650.37150899874
SoN9GaFpSXfpyR5dth3x7PHPVhvJMpQqqDJfCSmPv1t,9kZ9iS68ViMPtoeqtnhAKuF2iqVyfHPdZHoUNdwCELr,BBhm5fJLjw3HRzjtKB8uMEYjGhY6EDm9co3cqpjrSzB9,1.0543432209999968,1.0323295450000003,172.5866758661099,163.69117041642215,0.06903467034644398,161.0751314010653,1.491772593,2.490631003,645.368717823103
