0,1,2,3,4,5,6,7,8,9,10,11
MATgk4zXLXtYkwBH678J1xZbRDZ45LicNzkRBHkxTuY,y8dALFo1bJrSzPYjMX14HJX448pXqYmrfXHD1K8MXih,GN7Yuet3UyiWS5YVkEHv6oQKi4HGBJc3XDPt9zQhAqZz,1737.674319000002,1736.8594439999993,1737.7281885738478,1.0000310009610298,0.6950912754295392,1.0,4252.673743,3807.270041,8060.075620972979
BUSD5rCfUDpCxKGMvYU2yThChxgHoioK74PTPociGnv2,CcFHbafgYDZ8yA8Me1PdtDiVb2eeaS61LbqyKKK5CsNZ,26R9s4nmF3CFDTkiePDwRmtscn8i7r2eygbSijditJ58,211.15211711,211.67020028999997,210.99285969949884,0.9992457692933374,0.021099285969949883,1.0,64.91331433,82.92062869,147.7849834050611
SAMyS8Jr2HJrkFwYVKbpUwsNStnQmvz3f8Tup8bWUWF,6jPzm5TFfquvgm25sTyN3MMGBfufRaFHMxobDWv6hMFW,Cj9ECoDmxsHTDzCY5ZA6RWrPbg9uFzEC1Qc2kso2vJG6,1675.5633178799922,103.26537745999326,1619.4098129858617,0.9664867902663453,0.6477639251943447,0.017492821121140097,432.85039921,111348.57785301,2366.144947474025
AURHmCnNwiW4uA2Qj1XvEh4iKgRUZYXtiY7FKAapUV5Y,BKWm4TRnTeKwfWXRyuzjRHU7iZDkPuXBX5b5V5jSVfGJ,A5Ww74HVrkj9nPeC7pHKLfgeDMEhBCpW1efQdz3TGLEg,0.04403279500036206,0.04123941599993941,5.598462154466561,127.14301134916663,0.0022393848617866243,124.73190436305966,289.900920409,1809.486605846,262559.586280316
GokA1R67GqSavkd15zR62QD68Tuc5AEfvjssntVDEbM8,3YB7hfpBdbQEuZqLGWVDpRPmeZWCUsrrWyqGXegnQ6Cg,4DPCj6Z1DsG6HUtwSogBGqXEUxdEV5a8YVrrFtcnz7UW,25200.669063999987,25198.36865500001,25205.281630538375,1.0001830334951296,2.5205281630538376,1.0,12402.197154,19992.117898,32396.585069492383
Lee1XZJfJ9Hm2K1qTyeCz1LXNc1YBZaKZszvNY4KCDw,9DgFSWkPDGijNKcLGbr3p5xoJbHsPgXUTr6QvGBJ5vGN,2hNHZg7XBhuhHVZ3JDEi4buq2fPQwuWBdQ9xkH7t1GQX,2750.4628985021573,2322.3512768319806,406358.0488200842,147.74169433129893,40.63580488200842,124.75330034856073,6906.518672331,54994.075003825,7881073.126924391
C2ypsDADXcCRz8HbV2zX1AXPSja7a1P3xZtRC91xGhJh,J9bYNuDpY1d1T86gLaw7DGk5D3CsUAf2tzUwxMvb6FTv,A2NGvvPrMGzsJ4jb52KEnSBVmsA7C34dV1GC7PerdgvG,4.3397479059999995,4.718114689,541.3590405662395,124.74435204353078,0.2165436162264958,125.57966001316328,1.745739261,1.017149531,345.50440523592573
AUSejoEUCh2DBs9mof6BNC8Pubs22w4cJa1ccV9h44R,4xkyD7AfGQDwsQMy9MosRRNGoVJ1zosNinesxg1TzHG7,Cbm5gsQe3nSiCsFrvepVzMCD9xLK3ri9g3ypS2hdmVJ7,1952.039879,1952.9446240000016,1952.5846501173828,1.0002790778627237,0.1952584650117383,1.0,14372.161801,14503.951829,28880.124582198143
BUSDgu5JdqP1rndBvXvanbEufS94FNh1w5FJcAj6vawb,Bgzr8cWubt89JQFXndVjtdKmDbGzuPxNhvjH1EhWCwbo,Dxaf8xPBBQsasRKW5Aa4Sw2YrbfGofY9xZueyyF23FBW,9159.559193689998,9130.415558130002,9186.533428064155,1.0029449271306352,3.674613371225662,1.0,5853.29416539,9191.71379663,15062.245486811245
JSoLLrxK5bYdHwTEWYaGgmeycBCNXKDiBCTw5hXGBg7,xG4wXczA7Dk4hccJ61CHKpDHW4NrNfQwgmWgkb9BuF2,BVR6WgfhsRr9Lob4QDnkEAiNGgAbv7ZieKcY9kSg3QYR,4.806974019999984,4.062224711999999,675.8892019402475,140.6059610740833,0.270355680776099,124.92008237729912,17.094218462,163.854446825,22872.260010925624
Sid7E679i9ABqptiAVhkmQ27YHN8vaYT4fppPwmxFsJ,GP7KB8o1bv527HG8kTzzzf4wJ5aEGHvcMQvVhLziUfmT,9gYxhAZ1M9wu5pxr8SBoa5NDm21gi3s9vMHaYTME77sa,447.853909999998,695.5433730000204,3.6763260452197697,0.008208761748266943,0.0014705304180879079,0.017526262973618995,127389.995783,12071.656877,1257.285157448976
daob129AwBGn9Y5r91uLoWZeYiGzbPmksauMhFZKTze,6VW5GQNyj4LStgmxEHLr5zUfW92vQnmbw8jTnCH7a38F,4VPCCUifPeBA1c7HWK358CHn2nyjm8pdTRk6Ps3KmnMQ,17.5223653339998,15.658379107000059,2442.6218638954365,139.40023606035973,0.9770487455581746,124.99873438781434,48.199116662,224.143321739,34736.59977943929
vEnkoSUkpnbRrPgBz9DfcVxNz67zjwMYBZraAvDDNSf,DtfyjjsZ5yCjWKLKHvwsfXs5QVsmm1QkK6Sh9JZHoq1g,e5wrKCRv4GhHvEf1VD5Pq2KGaZDXP77nTL612Jyrxwy,3226.699792000003,3226.806383,3216.5996690392203,0.9968698287377635,0.32165996690392207,0.9989022064750839,846.006895,1100.188491,1942.33945972801
Lid8SLUxQ9RmF7XMqUA8c24RitTwzja8VSKngJxRcUa,4PgzyzLtds9bKZ2to9PMnKqJzKEUpjvNUaeN23phegax,AtymwxoVN9peZo7EXTcDz9jKVc4vRmisJKKrNfe3ewBa,526.5379236450194,449.28663767599926,77691.57172009432,147.55171134163606,7.769157172009432,125.01723675151712,975.200148197,7666.833087178,1102378.7379611814
BSC8REUo9LpiiWUuqMuLXs2D2yJsJfGd4HdiF3wCLxk5,AZjEH1zWVx1UJ6udMyRijGTzPteuLnaY18yNNmprJEsh,Caf8ypkSVR8xYnXNhjvfvdGCC7mrM3C11rz8Xi6NA6aK,170.1344725660001,170.37331918300015,170.41886620657473,1.001671581521871,0.06816754648262989,1.0,2716.656375515,3636.822419962,6358.019908075585
RoBgmK8CvjdHvPrqdDyVw54VwjZv2TqJ493xnqJAQHx,ExiHJxM7qPAcy27NDHAF6G7vnW7muNHi2sVJpnaNynGQ,6rkPHSqZb7StM4HwS9EuVrmfkV7tRdc7dnsFhyB6cefE,0.43122600000000233,30.08507699999973,0.0,0.0,0.0,0.9572419180064863,6405.167331,16.786637,16.06887259875865
NorjjEePhxfwLF4vZjUHCrVVKLzQjEEGQFd3wgjEJmh,34M8pFVqgbV7aqHxvRT5tCv3vu2P1JJYT8J3VaxBK2oG,3AZWBSze3ucsY3xSeuLne3b2pauVqiaJ1SZSV5T9WGWw,0.001010999999834894,0.001010999999834894,0.0005990447279826733,0.5925269318303691,2.3961789119306935e-07,1.0,38124.370231,2258.546943,24848.263063939492
MARpDPs5A7XiyCWPNH8GsMWPLxmwNn9SBmKvPa9LzgA,6YjT74rmcfCpw8LSjPNx5JTmZoYLGrTKnf9arfSgZ4SR,F8GSmi3vA8M8TsybLya1LQ4n1aFHCRbZ6k437PeTdXtg,63554.61778800006,66422.1642709991,60777.22037146486,0.9562990461873313,24.310888148585946,1.0,295389.826761,16621.31469,299102.32427498535
SQDY9uoDoCbNq7F3HAHYYQZbrUzpKxDtdWLvYcqBLak,GiehZ4X2uQjhEKuxSm3ACmEFrabxh3RTvjbLfLjw1xGX,rxDQYV77NKRKYxCjq4cECX3QQsiSyLv1T1FT2X3zNA2,1.180918050999992,1.179312675999995,1.1834660202044434,1.0021576172896112,0.00047338640808177737,1.0,169.881517119,236.700916312,406.9489727295213
STK75uPSyBnEhGTTzb1nwmP3n427XoXmfRhXxxhyady,6TYyD5fUmDe6N65avW1Ny2RxzRNobw2RRgKwH9CTzSAU,54zDfk4cx2vGrEajPtodWpArNe5eUurytyxd4X3aZAxK,679.3063441279974,764.3039029950039,84812.58866852938,124.85175414841802,8.481258866852938,140.43287027934906,1625.224913164,288.141979186,243376.7864792982
parEAJhzYzHW87y9VoZAQ22dzQ2MD2ekEtTReaxbMcz,3oyc6hpjYSJEquK6dSvG72NXyz3pqLZz5D8AC71pwgQb,Di2vordgFJVZ1aj1aBpvzXtLfZgJsuLLXawGtVFwX6Rz,15.155406529000004,17.92252540799882,1833.2773097767254,120.96523483343934,0.7333109239106902,143.61242109574556,1102.631993282,140.464856917,153552.63618293827
TETFuZgEmET6d9vYmz9iMFCxK1jKdKYxf3oPz8hSzJK,Eu1Ze6Z84LWNkq7SNoAHBJbXx5t1P95EwyqYohrfCRFV,ASMbv7WNu3qe4pkhREmvyEdwFNDZQ6B6iSrjkj4u8bdC,76.78842433099997,76.78307568299999,76.64549756997792,0.9981386939207665,0.03065819902799117,0.9985649523213695,76.56090738,276.094604489,352.1167996654076
WiiQFxXqp8P9Fs1rt9SVcDyA3KUdJmUsog6wnVQAwba,3S2jpqSYxho6wiz3cafhjXruVY8cg4HYa2v3BqBHYFSj,Dfe67M6TfrG74gKRtdqys4e6E9QirPD53BkF4FujFjuv,17868.878174509002,17891.33345729299,17871.890642523813,1.0001685874169264,1.7871890642523816,1.0,12157.349984496,14646.788443479,26806.188004205556
HEDSDjj84KS7LKhZY7ejkCACTdPen62rKhCby1wXtgxc,EnnjMSFttpCTywBrYNt1J5QQeoSVkvzPipJDa8Y7kJow,6bjVT6JN2rSvpyn9PdfLYC8wJn4LWh49jpY47fnLDXZk,42.55536425900391,43.9445621099876,40.84982601607964,0.9599218976826545,0.016339930406431856,1.0,39126.893790095,9096.33018688,46655.09232429566
KZMu9QBEdL97EFgamLbN5DE1AoKBG4HdrKKJo4Vuon3,DD4ACBWyVqdaKWh7v5btsgqQCCMwbKnuL2xd9pv7Gyuw,GcYqiJ1MAuYbNTNYXm1F1gQYTfTgkErACAhNU5dpVj9T,80.7684042999997,83.66631209999923,77.913433272477,0.9646523779655416,0.031165373308990794,1.0,2403.6360732,794.07774112,3112.7509948961365
BSCuChvaSj9b5HUSqgDVRzcnr2sSn7cXaamt1jbKH6hn,GnKpRj5kBVPMJfiwZtEuD9GYApLzPdW5JFuZTcyX4BTc,3dmwD9okkomV9nDwyuh4UMhKdUR13QpuKxRo89ycZB5t,228.00609735499984,227.83271290000016,227.73283753498188,0.9988015240680493,0.09109313501399274,0.9985709361461428,1510.971939068,1600.273705205,3107.1478874617874
KysFMBBoavfov2tLpvefWW6tPFt6rAeZWDJVy1mMQae,B8ka2V21TH3x64dFV8ETcjuQcwmrciJ2qzy1mJUttRew,7fSf7EYxBANyxzk2s5pymFgshA91tFYQNKKs5UnLWcYS,30.08507699999609,22.884900000000016,0.0,0.0,0.0,0.017504837680703534,134374.634815,2708.341267,47.40907426278595
Cob4usZcpHEY7Qt4ZCwj6WVg9S44zvzYV2v9qYF65dTf,NhFM9UXE48PyNAyeyPYA3iXztqKVJwA4bTdLj4ysM8w,6TuFuynuBoeskxyR2cz4wxyidk8dpDK7kAWw3UkjQGx,6.4750390000000095,781.6708409999846,0.05308974641718531,0.008199139251081766,2.1235898566874122e-05,1.0,72189.759921,177.320573,769.2144670944405
MATSnbbiTCv7Dc3trJrkrqjx7ckKdr6fwPoVwv9q3sD,631WX9JizSHJm4w6VanZeJAst9T8DeUUnPLesdGkCVtK,211maUSfpnXbPuW1iBu8b4dtJv5EbN1j7JJiEX5TZKEP,4454.124110000015,4449.486497000002,4454.1864686105755,1.0000140001960027,1.7816745874442304,0.998676753301875,19573.049755,25980.284511,45519.22996683742
B2izdXFYb2sNwbWWHmh75T4aQFtfXsUxem9u2p61HGzf,4DYwgJtxwuJdAjkj5RJSNH4e7U329V5cNp7d3a1nLrZv,EXNW64GEf1ACC6xY9BtKRiunrs6GoJSXBdxWN2eTPmrF,203806.04945300036,202653.91129399958,204285.30277330655,1.0023515166580799,20.42853027733066,1.0,13180.583511,26701.088018,39912.66589068933
KEVpg4SYCVrqFxKijQH6hm4QxsRdoE51ud64bEEFUC9,2bPenuBYfqzD8p5dFjCcggwkHDsc2RQDnx9AoyYGUBjA,AE6n6iLuX8oYu61vt5hoDYkjswpnxFxrhSehxrnQTnbx,2866.836478639999,2864.127543854999,2871.7199417829183,1.0017034327487127,1.1486879767131675,1.0,2171.117676494,5468.081862337,7642.897891782448
ionytDfEj1mXodptgrsKEZro7DGsfpzANUfarJdm6Qb,3gkSjY95an9xNFSjCfsay6JZez7uv7yfW3Ad4ubc4fMK,9wXqANaSuEqkKL9yHzCPEDGHwbkStVAqV5rB3QDs3Jr6,0.002604348999999992,0.009686600000000656,2.0922045297709504,803.3502920579987,0.0008368818119083802,2977.253781112302,3.150895437,0.084545444,2782.9860123829835
BUSDTd9WiT6uBHJRgNvFXBsA7JrifsAtWzKfioN7ERcy,DyBxrn7gSc1EwnpWhDyhzvMHPtxpmBqRqotapLcKcfTM,Cds99GeBgoCpqBsoRWu1C6fF9LiUMd4pXQQD24s9LPff,1357.34160854,1360.7190577299993,1351.9207039397563,0.9960062341225401,0.13519207039397563,0.9977779485086712,155.49985414,108.20151761,262.8399123950163
SRMuKizofcAMicegrfSv7xs9q76tH1w8aAF7oX9FEWu,72Hj2KWntXPfbie4UgKeTPnm1XVkomDfCnRPKbvfTtPi,6aqJQ5wedqpUt4fFEDUqUmXhrdxCu4bEJsQdVPCADLko,25.493265000000065,0.7154430000000502,1.0346154468960242,0.04058387369746565,0.00041384617875840965,0.04028253038904022,16855.345241,5028.75271,886.626086247466
moFiBS1R4Lf3E3zzmBPnw3NF4RhWPkhREFviuzUaCAU,44ALBrpqi9PfZkBRTvbtRNtFJGsatfY4QydjtMbFWq8S,2ho8qEEie1UjVwWNBo9y4oAJZMyMLx8zPj9bxyUz6uWs,1339.5597615959996,1340.0440904569987,1338.8218244275242,0.9994491196364422,0.5355287297710097,1.0,34096.989350147,33017.500352293,67095.70634055056
ercAoEmXjQzEvAFbdjAo81KtMxRGn9AW1ju882upmPH,CMRhskR2Eg6V42RTSdRTXGdozyPbWB8U9dVpijPWb9T4,7TKLLgrWswt6ZJ1pXhVR3FyufHGjJFqiEXxvWJfDcgRm,0.24502313699991873,0.24205242499999713,30.518190673838895,124.5522812559902,0.012207276269535558,121.92224067718539,285.459961583,830.756444944,136842.37664699525
wrmcMSHFi3sWpAEy4rGDvQb3ezh3PhXoV2xNjgLBkKU,8p4mGnARWPBu6P2Gcw4adodLkNDorrXniZMhaY7eJXUn,AyY89zccbsgp9LKFgH4CFZMJmpSgqmPSdTfukhP227rc,0.005108389999998936,0.03045919999999984,1.3680744509906095,267.8093197643278,0.0005472297803962438,2977.253781112302,27.15016452,0.08930652,7536.95526593877
YAkoNb6HKmSxQN9L8hiBE5tPJRsniSSMzND1boHmZxe,CfWX7o2TswwbxusJ4hCaPobu2jLCb1hfXuXJQjVq3jQF,EnTrdMMpdhugeH6Ban6gYZWXughWxKtVGfCwFn78ZmY3,6288202.225770027,6284289.762394999,6288202.225770027,1.0,628.8202225770028,0.9963831292408557,199673.969427,1179869.733826,1375276.2669131255
C98Sspw7XqnMsgxea3SLQVdbMDL8pKUc3RE82UvX9eq2,CSqgQJurPCzGxb4Cgwx5R61hWQUiaoUHcShNc8r1cKEL,6S2CR5EnukPhC914XkAns8m5GixjMAoUuZMsS5ubHuWc,63.376767999999856,63.17258900000013,0.0,0.0,0.0,1.0,881.735385,1238.023963,1238.023963
ALBpShJ9NLpE739pcHDF2LNVk5J4VYPvvKuV6jMPitZi,D6d156U1bPiJpDYRLextvDRccgFk7QzkQbJg42ceKEu5,GNcM8U5g8RwTZffwwm3kSQqUNPSwv5d2fbN9sLxPJqt2,18578.99727499998,18514.971235999998,18555.11683962738,0.9987146542399931,7.422046735850952,0.9979800883012782,43715.52926,56690.904277,100235.73334605897
YakoMPuYrybnr9R7VC7hVGxMz94fJvPFCdZ4gmW61Ed,,,0.011905000000000054,0.011878999999999973,0.0,0.0,0.0,0.9979800883012782,43715.52926,56690.904277,56576.39365623977
DFWzVTzNBrQZLjoQ4yQwkj9HuoXmfkuZP9V5vbymZe23,DhgiEgiNdqZdRdo195UUHnoEJUtefK8buko8nU97XJUZ,2K2kkXsouBHtWVjtcgkyiXd8eP3oVBvq1bTJzcVdLLr2,2.648313933997997,2.6927086350042373,2.605703723495606,0.9839104382772079,0.0010422814893982424,1.0,45446.639761195,22568.94019199,67284.36343765375
ALLwa5WNZbvQsRKAqe1jdRGemdYQnW8E5k4msbRFcYtu,CGoM82Hbz7QVqTgvQatYtjvDWBvoUJp5qm21P8iMs9yb,3dxNNww8TivyN5FMy5dCNdi3Zcxv6e4kUfSPxfFwpdNq,1.0693975980000001,1.0569261890000003,3186.3345390620348,2979.560216911984,1.274533815624814,2934.1001114958044,0.863331341,7.790112741,25429.31837958986
4vezWG46exH6pf9nry3n1VJ7hZHvjBJNgNeF4qEFCML5,,,0.9165170000000007,0.9396090000000008,0.0,0.0,0.0,2934.1001114958044,0.863331341,7.790112741,22856.970661932985
KwnjUuZhTMTSGAaavkLEmSyfobY16JNH4poL9oeeEvE,J63v6qEZmQpDqCD8bd4PXu2Pq5ZbyXrFcSa3Xt1HdAPQ,BnKQtTdLw9qPCDgZkWX3sURkBAoKCUYL1yahh6Mw7mRK,120.53259700000024,6823.8267119998345,2.106855363519026,0.01747954840398089,0.00021068553635190265,1.0,280316.996469,521.674575,5421.489083238426
heyk4SZTeCUV6a65WiVA5bzic3KcxgVf1qxobfeV4tQ,9ZDpBKPqMABtGfq66FbVribaArMvtk63xxy91onZAtDt,DaTP4s6N7xxSPinbNZ3FB52EpRDRt87QShTuN3VPCW52,149.2434269779951,128.95259706900015,21472.255469946598,143.8740446044068,8.58890218797864,124.65683531448364,621.454812191,4478.379663794,647671.8535940925
BkMBnJpvHKtWhUvrgRrLesXfi9RUV3ELgdBaJcdH7hcY,5uerVwBnZQsuVhZ15igs7ZgmcqhHnYWbwoRtLyRqLvR,9YWiQh5d4jCtgMdzcGLv9bWgnLaFtzvDDh2nnhJdzhBX,0.0009808219999740686,0.0009808219999740686,0.000986234565729061,1.0055183975840014,3.944938262916244e-07,1.0,986.42705962,1887.628275602,2879.498831924601
HDSBGqAuMRr6X2AfmmbXQPpRgU6VEhtfNVVZ3wUTZXg,DCZ1d8kNLgDcdSd99y4udLgwq46mfDXNS9KXj96kQf5L,Fq8GGYQM5Pz3q7LmVMbrXHJgsxA5ev86kTq8yGgGuYsa,24.99760514799891,25.129467218999707,24.829783842052596,0.9932865046490363,0.009931913536821038,1.0,13566.541583442,12836.432760924,26311.89543051691
SoNcU2iwHMw6dGzsYNQkYFkUjwN1UdAjrWVRnStrZu2,8ivTTid27jZnYNc4w3CTA1Z6QS2twsFb8WMwUabeDJgc,CyXm53PMvHCbeXJBykU46Rcbo28xk5srhMZFg7gv6EYB,14.746858218999984,14.725998194999994,2175.34608928106,147.51251127364367,0.870138435712424,146.32344064938343,15.479136264,19.197925599,5092.472789626122
ACUSESXyNnwRLAg1dpSGMLSzUDdLjUMybY8rkXiAKhCP,AhFPQdu8GKBsxuhiH46UmCu1YpaLgNpoP325HnYtsgas,A8wxWpT3aFEr2XqZp1kDmbxbFfcBE95UUmdsNTDBJYbT,0.0,0.002060464000351203,0.0,1.0,0.0,0.987881070183418,1044.610466087,1841.328673742,2863.6242068626607
BerKDkt6v49dT1bHRedgnpsJS263C1DSJtEGvY9Mg35V,78XKqNb8wbfsMMrvo8WPUpdx7GEkfQutpNVH943aCGFa,DKYQwn4nDvFHCszi5tXbqfVMAP7DaXXp1KGTXEnYnKVH,0.0009911319998536783,0.0009911319998536783,0.0009933184288067882,1.0022059916877195,3.973273715227153e-07,1.0,1338.317413093,1742.597375423,3083.8671056048133
CZgvH45CRmoaNJ7395Ao5CQZXkGznvqU7cErD6n7FaRg,4ZjU6MKvtqVQKCiowhvZ5yUsPxXX5SCzd5eFsPeXyey5,BsyWeshjDbCvjDojry3vKDCesmFRM37WtwcR4Kfgzqr,49.527998219999944,49.54818227999996,51.05095384878363,1.0307493878920528,0.020420381539513453,1.0,213.4433165,591.75788462,811.7644524520247
SEQV6QiTpvTzrceiaYg9Avnwf7oc8ZALpnQMz6TyT4A,3dFMPj4r9mMmPHF32mz1gNDX7f8ftidWof7S8YiYTs1j,Fc1ED3YPeQfXQosHbd8DTaBd2AV5gHQtwiSAL5C5pUhi,2262.0079614329993,2260.57198831,2258.615841163022,0.9985003941949752,0.9034463364652088,0.998374646076188,2055.811697957,3570.488835464,5617.414318226058
KEN5P7p3asnb23Sw6yAmJRGvijfAzso3RqfyLAQhznt,9zj4aX38Uxf3h6AUjS4EipWS8mwbEofasHAf3a1uKGds,CwQDG1MWunn9cLNwcZLd8YBacweSR7ARo32w4mLua1Yr,272238.71388400043,272280.33343700203,272108.37397286744,0.9995212293311505,27.21083739728675,1.0,1155517.648585,1085967.408866,2240931.82949352
RajgMbScQbqqrdJfR2rxfHJiTiY5b6bJ2tTXiF4aPxy,725ZA3fhyBAKb5iopNRrcbSuQa3LXA1656Q3mBvYPxeg,GLA6i1dSZpUfk2f9Nj8uiG7xyDdAR2reff8oEiZH3617,18742.068330179987,18732.158390690005,18752.06374271677,1.0005333142725068,7.5008254970867085,1.0,66659.0238913,114765.94181009,181460.5159102226
SoN9GaFpSXfpyR5dth3x7PHPVhvJMpQqqDJfCSmPv1t,9kZ9iS68ViMPtoeqtnhAKuF2iqVyfHPdZHoUNdwCELr,BBhm5fJLjw3HRzjtKB8uMEYjGhY6EDm9co3cqpjrSzB9,0.5187283000000007,0.5092188250000005,77.2654584301148,148.9516928806751,0.030906183372045922,146.35948347981966,1.528576582,2.452502902,586.6311275561347
KEnkcdADoLR5jS2CLLLesy8TtFsyWL37BhXNfDMzWzP,3qsjFRuw1qeLMPo4DLwaQevenGAGBj9dA3Q6rb8ax2YR,77iEv8zPQAEyCcEbvBRSB6AFcUdfkhiqnAKtPxk76rNN,0.011228999999999989,1.3396080000000126,9.191927570459424e-05,0.0081858825990377,3.67677102818377e-08,0.9978715400051691,119.934486,0.292099,1.2732469009359006
FrnkTEL6yZ5Aycq2TrEgu29dCrwKG4LPUZydfiwqspkc,DjvZuMZ46fxKBoBpGMPcRcos4xdTtHFxwMh69DpA2ZFY,9rvDPJLAng4uVVqnnSoEXgNDFhBZQTny9AoQioYDZbQX,56.57829019899691,47.248833638000036,8422.612076973048,148.86650069044282,3.369044830789219,124.60335636584841,174.125642303,1442.250001531,205630.66595953595
