0,1,2,3,4,5,6,7,8,9,10,11
MARpDPs5A7XiyCWPNH8GsMWPLxmwNn9SBmKvPa9LzgA,6YjT74rmcfCpw8LSjPNx5JTmZoYLGrTKnf9arfSgZ4SR,F8GSmi3vA8M8TsybLya1LQ4n1aFHCRbZ6k437PeTdXtg,43861.208190999896,46170.31715600053,41738.5523715903,0.9516051675967021,16.69542094863612,1.0,296113.652897,15835.287207,297618.5694997214
BSCuChvaSj9b5HUSqgDVRzcnr2sSn7cXaamt1jbKH6hn,GnKpRj5kBVPMJfiwZtEuD9GYApLzPdW5JFuZTcyX4BTc,3dmwD9okkomV9nDwyuh4UMhKdUR13QpuKxRo89ycZB5t,741.610018158,740.5008041299998,741.2481259979253,0.9995120182424536,0.29649925039917013,0.998591985300726,1562.561017345,1547.690517056,3107.3098621315407
STK75uPSyBnEhGTTzb1nwmP3n427XoXmfRhXxxhyady,6TYyD5fUmDe6N65avW1Ny2RxzRNobw2RRgKwH9CTzSAU,54zDfk4cx2vGrEajPtodWpArNe5eUurytyxd4X3aZAxK,570.4354113040013,641.8296193450083,83458.43684092576,146.30654967604804,8.345843684092577,164.5331109723183,1694.792117588,301.603926859,297583.0195100422
GokA1R67GqSavkd15zR62QD68Tuc5AEfvjssntVDEbM8,3YB7hfpBdbQEuZqLGWVDpRPmeZWCUsrrWyqGXegnQ6Cg,4DPCj6Z1DsG6HUtwSogBGqXEUxdEV5a8YVrrFtcnz7UW,18741.249637000015,18741.776420000006,18742.674080230114,1.000076005776439,1.8742674080230115,1.0,16105.510076,16481.184009,32587.918196798273
DEDaBEWzMCXohXYXoLzB4jK1xqMsd3SS9izXp2xvg9pe,GC5zHpW5GuVdw3C7covC6viyGdLS8ZAaVGDKMeru7p78,F8juxtAFueW19vxkdDArUkjVWAv9QV6yy1wCXUWQiXvh,0.022004559999999174,1909.177004730329,0.022004559999999174,1.0,8.80182399999967e-06,0.0,46.89429215,8576762.77359505,46.89429215
YAkoNb6HKmSxQN9L8hiBE5tPJRsniSSMzND1boHmZxe,CfWX7o2TswwbxusJ4hCaPobu2jLCb1hfXuXJQjVq3jQF,EnTrdMMpdhugeH6Ban6gYZWXughWxKtVGfCwFn78ZmY3,8536441.938870989,8534546.884807965,8536441.938870989,1.0,853.6441938870989,0.9996531203672325,355676.443712,1043264.506062,1398579.0625652578
B2izdXFYb2sNwbWWHmh75T4aQFtfXsUxem9u2p61HGzf,4DYwgJtxwuJdAjkj5RJSNH4e7U329V5cNp7d3a1nLrZv,EXNW64GEf1ACC6xY9BtKRiunrs6GoJSXBdxWN2eTPmrF,6159.706477000023,6081.6909160000105,6226.01352099866,1.0107646434527722,0.622601352099866,1.0,9992.432812,29880.853181,39980.85096944696
moFiBS1R4Lf3E3zzmBPnw3NF4RhWPkhREFviuzUaCAU,44ALBrpqi9PfZkBRTvbtRNtFJGsatfY4QydjtMbFWq8S,2ho8qEEie1UjVwWNBo9y4oAJZMyMLx8zPj9bxyUz6uWs,155.553126171013,155.55201535599917,155.54968027894577,0.9999778474907446,0.06221987211157832,0.9995587547832886,32316.691115047,34797.257099183,67097.87819518129
7oAd7xG4m3oC2qeWB1szghTebAZyyGPAFDJ4wwwbRSNi,D9yh4KAysxt9GLacVe4Wwh2XqghhcjTCSTV9HuM7TBJd,HDYfJLpZKaMFb84jM4mRytn7XLR8UFZUnQpSfhJJaNEy,9201.653948489053,246.44847391400003,9197.593762698449,0.9995587547832886,3.6790375050793798,0.03078170831275569,1137.590467845,293194.468445372,10162.11511809138
JSoLLrxK5bYdHwTEWYaGgmeycBCNXKDiBCTw5hXGBg7,xG4wXczA7Dk4hccJ61CHKpDHW4NrNfQwgmWgkb9BuF2,BVR6WgfhsRr9Lob4QDnkEAiNGgAbv7ZieKcY9kSg3QYR,3.1948099669999053,2.732071460000032,547.4290153950489,171.34947651021432,0.21897160615801953,146.32982127129299,17.182025231,163.745634944,26905.000524027048
BUSDTd9WiT6uBHJRgNvFXBsA7JrifsAtWzKfioN7ERcy,DyBxrn7gSc1EwnpWhDyhzvMHPtxpmBqRqotapLcKcfTM,Cds99GeBgoCpqBsoRWu1C6fF9LiUMd4pXQQD24s9LPff,900.1392943199996,902.6900986799998,901.6084201602298,1.0016321094407283,0.090160842016023,0.9981666373921029,99.60749545,163.67515689,263.14514676120746
DA1mL7dfBow33EH5yjUuZE6SH2KeUK5zEXzsyhE5r5j5,B4UtLRZND3D83CitRCBUyeiNr7H8m7YFRqBmiPmXjhW4,AAmpYbuixWiSqDaJBCqYEs1pb5SrbdPr9mgXrB58Q2e,56.658251654000026,69.5722639999999,74.99287949888242,1.3236003108046484,0.02999715179955297,0.9995587557824062,134.965989112,3011.768300527,3189.0804003163603
heyk4SZTeCUV6a65WiVA5bzic3KcxgVf1qxobfeV4tQ,9ZDpBKPqMABtGfq66FbVribaArMvtk63xxy91onZAtDt,DaTP4s6N7xxSPinbNZ3FB52EpRDRt87QShTuN3VPCW52,79.58286524599862,68.97082135299934,13449.508234527222,169.00005036201503,5.379803293810889,146.37717944641906,616.433040811,4483.996094528,760531.9159076363
SRMuKizofcAMicegrfSv7xs9q76tH1w8aAF7oX9FEWu,72Hj2KWntXPfbie4UgKeTPnm1XVkomDfCnRPKbvfTtPi,6aqJQ5wedqpUt4fFEDUqUmXhrdxCu4bEJsQdVPCADLko,215.7878470000005,215.87389500000018,9.670084428893587,0.04481292419073797,0.003868033771557435,0.04510968397102713,17864.056964,3999.896594,980.9747017388845
RajgMbScQbqqrdJfR2rxfHJiTiY5b6bJ2tTXiF4aPxy,725ZA3fhyBAKb5iopNRrcbSuQa3LXA1656Q3mBvYPxeg,GLA6i1dSZpUfk2f9Nj8uiG7xyDdAR2reff8oEiZH3617,28228.233549630022,28210.68169739,28245.329035028473,1.0006056165494166,11.298131614011389,0.9999565618869516,78607.57462478,102796.22927123,181446.94466988422
iLiUBQ7Z7im6Ew3b4ewwPcehzWgEQRJ1iQz7g6D62NW,GpugBvKWM3TVhYcZjemSdtehBWgfvuGr6uAm9iPjXT6v,92fMXJ3xy8tEyMUWLHKRLyhPw2nECBo77GtDiBBbYrjX,146.69688741599998,148.9615488359998,144.12728429362326,0.9824835879776379,0.057650913717449306,0.9995587637753478,1793.545435234,1168.686216524,2930.2995042396324
FrnkTEL6yZ5Aycq2TrEgu29dCrwKG4LPUZydfiwqspkc,DjvZuMZ46fxKBoBpGMPcRcos4xdTtHFxwMh69DpA2ZFY,9rvDPJLAng4uVVqnnSoEXgNDFhBZQTny9AoQioYDZbQX,61.32320753999696,51.3093099270003,10651.038932616937,173.68691821395657,4.2604155730467745,146.70113165252957,174.932985882,1441.147751696,241801.57726411204
BkMBnJpvHKtWhUvrgRrLesXfi9RUV3ELgdBaJcdH7hcY,5uerVwBnZQsuVhZ15igs7ZgmcqhHnYWbwoRtLyRqLvR,9YWiQh5d4jCtgMdzcGLv9bWgnLaFtzvDDh2nnhJdzhBX,0.0036461119998421054,0.001305856000044514,0.003657849853471553,1.0032192795037442,1.4631399413886212e-06,0.9995577636595085,1117.771749621,1755.682809946,2876.2765525094846
vEnkoSUkpnbRrPgBz9DfcVxNz67zjwMYBZraAvDDNSf,DtfyjjsZ5yCjWKLKHvwsfXs5QVsmm1QkK6Sh9JZHoq1g,e5wrKCRv4GhHvEf1VD5Pq2KGaZDXP77nTL612Jyrxwy,822.158539,822.1286459999995,819.7198723796705,0.9970338243724919,0.08197198723796706,0.9963305147143071,988.873265,956.435195,1938.8656633478913
DFWzVTzNBrQZLjoQ4yQwkj9HuoXmfkuZP9V5vbymZe23,DhgiEgiNdqZdRdo195UUHnoEJUtefK8buko8nU97XJUZ,2K2kkXsouBHtWVjtcgkyiXd8eP3oVBvq1bTJzcVdLLr2,3851.69291942,4047.783015668001,3640.0257427985307,0.9450456770439158,1.4560102971194124,0.9995587687709364,54818.768390467,13488.035990905,65288.32473648957
SAMyS8Jr2HJrkFwYVKbpUwsNStnQmvz3f8Tup8bWUWF,6jPzm5TFfquvgm25sTyN3MMGBfufRaFHMxobDWv6hMFW,Cj9ECoDmxsHTDzCY5ZA6RWrPbg9uFzEC1Qc2kso2vJG6,920.9871945700143,18.944066429999964,896.1624026971713,0.9730454538139013,0.35846496107886855,0.019288992312179225,455.61277868,110148.34388293,2567.9825013512036
BUSDgu5JdqP1rndBvXvanbEufS94FNh1w5FJcAj6vawb,Bgzr8cWubt89JQFXndVjtdKmDbGzuPxNhvjH1EhWCwbo,Dxaf8xPBBQsasRKW5Aa4Sw2YrbfGofY9xZueyyF23FBW,4794.219583760002,4766.6824596299975,4821.198431639646,1.0056273700877265,1.9284793726558582,0.9999565618869516,4871.06680141,10165.86615266,15063.902663640398
HDSBGqAuMRr6X2AfmmbXQPpRgU6VEhtfNVVZ3wUTZXg,DCZ1d8kNLgDcdSd99y4udLgwq46mfDXNS9KXj96kQf5L,Fq8GGYQM5Pz3q7LmVMbrXHJgsxA5ev86kTq8yGgGuYsa,49.90339886400034,50.12995326999953,49.6341454379262,0.9946045072639657,0.019853658175170482,0.9995577686550872,13657.936475477,13002.936049336,26581.43092187343
MATSnbbiTCv7Dc3trJrkrqjx7ckKdr6fwPoVwv9q3sD,631WX9JizSHJm4w6VanZeJAst9T8DeUUnPLesdGkCVtK,211maUSfpnXbPuW1iBu8b4dtJv5EbN1j7JJiEX5TZKEP,465.3720350000003,465.2557769999985,464.5103682668653,0.9981484346537174,0.18580414730674613,0.9983766395840364,22041.664644,23506.138773,45468.83289935455
wrmcMSHFi3sWpAEy4rGDvQb3ezh3PhXoV2xNjgLBkKU,8p4mGnARWPBu6P2Gcw4adodLkNDorrXniZMhaY7eJXUn,AyY89zccbsgp9LKFgH4CFZMJmpSgqmPSdTfukhP227rc,0.005792390000000022,0.05983421999999905,1.7301045400239017,298.6857825567503,0.0006920418160095607,3143.46787375833,27.12086392,0.09200085,8389.818179893795
NorjjEePhxfwLF4vZjUHCrVVKLzQjEEGQFd3wgjEJmh,34M8pFVqgbV7aqHxvRT5tCv3vu2P1JJYT8J3VaxBK2oG,3AZWBSze3ucsY3xSeuLne3b2pauVqiaJ1SZSV5T9WGWw,0.001213000000007014,0.001213000000007014,0.0007186810869011716,0.5924823469884715,2.874724347604686e-07,1.0,38124.371737,2258.309846,24846.32709019871
SoNcU2iwHMw6dGzsYNQkYFkUjwN1UdAjrWVRnStrZu2,8ivTTid27jZnYNc4w3CTA1Z6QS2twsFb8WMwUabeDJgc,CyXm53PMvHCbeXJBykU46Rcbo28xk5srhMZFg7gv6EYB,10.700585808,10.591328026000014,1855.2151156732648,173.37509823866503,0.7420860462693059,171.92250971104298,21.974092686,26.922277602,8438.30601061402
daob129AwBGn9Y5r91uLoWZeYiGzbPmksauMhFZKTze,6VW5GQNyj4LStgmxEHLr5zUfW92vQnmbw8jTnCH7a38F,4VPCCUifPeBA1c7HWK358CHn2nyjm8pdTRk6Ps3KmnMQ,39.17904681199994,34.723187817999985,6419.267119445173,163.84439239290145,2.567706847778069,146.75491137324147,48.439039457,223.819873044,40783.13062007032
4vezWG46exH6pf9nry3n1VJ7hZHvjBJNgNeF4qEFCML5,,,1.5854880000000016,1.5824199999999973,0.0,0.0,0.0,146.75491137324147,48.439039457,223.819873044,32846.66563214237
oKQqupM9E7SSLAFDLxr7mdsXP7znck9qRbVWc6Yyj7Q,CMR2J7CwfW98RpvnJmFBgRFTLAd3x8CJ1SWs8Bt3uunG,FmRb5jHfSNj1YWP3b45d9vvYuhwjp4om8bALmtqZpr1v,4.469651780000277,4.417295940000258,4.524233902248221,1.0122117169154374,0.0018096935608992886,0.9999565618869516,2176.27630641,3719.65773069,5922.348532370645
Sid7E679i9ABqptiAVhkmQ27YHN8vaYT4fppPwmxFsJ,GP7KB8o1bv527HG8kTzzzf4wJ5aEGHvcMQvVhLziUfmT,9gYxhAZ1M9wu5pxr8SBoa5NDm21gi3s9vMHaYTME77sa,729.0678820000085,1296.2229930000121,6.484149677879013,0.008893753020763213,0.002593659871151605,0.019260163202918918,127697.240614,11926.964617,1365.4230044927485
BkwbeSfcX1h4thMDd7obGkHrPevf3QwgzJ4pCEqG18Lu,35yX27bmurdebhfAb8EPmjLETDiUaEUCn9zHaDPbakH2,2CxECn1ZJFoESyUnQysQU8rRgT3iJ5GRs2Mdd6gZjx5g,0.0012231400000000114,0.00186300000000017,2.35382187668388,1924.4092063736432,0.000941528750673552,1259.4458438287154,0.9032719,22.63502722,30245.855717397455
KwnjUuZhTMTSGAaavkLEmSyfobY16JNH4poL9oeeEvE,J63v6qEZmQpDqCD8bd4PXu2Pq5ZbyXrFcSa3Xt1HdAPQ,BnKQtTdLw9qPCDgZkWX3sURkBAoKCUYL1yahh6Mw7mRK,113.27509399999974,5693.114637000079,2.179445514888592,0.019240288733625745,0.00021794455148885924,1.0,278722.099572,550.89378,5913.587452207665
ALLwa5WNZbvQsRKAqe1jdRGemdYQnW8E5k4msbRFcYtu,CGoM82Hbz7QVqTgvQatYtjvDWBvoUJp5qm21P8iMs9yb,3dxNNww8TivyN5FMy5dCNdi3Zcxv6e4kUfSPxfFwpdNq,2.8249714060000075,2.8188132649999993,8878.811346135737,3142.9738818870414,3.551524538454295,3143.0035170209353,2.095729863,6.540589989,27143.921561718627
KEN5P7p3asnb23Sw6yAmJRGvijfAzso3RqfyLAQhznt,9zj4aX38Uxf3h6AUjS4EipWS8mwbEofasHAf3a1uKGds,CwQDG1MWunn9cLNwcZLd8YBacweSR7ARo32w4mLua1Yr,178866.70347899944,178883.5558150001,178795.1854048375,0.9996001599360256,17.87951854048375,1.0,1129004.60745,1100372.862006,2228926.04818153
AURHmCnNwiW4uA2Qj1XvEh4iKgRUZYXtiY7FKAapUV5Y,BKWm4TRnTeKwfWXRyuzjRHU7iZDkPuXBX5b5V5jSVfGJ,A5Ww74HVrkj9nPeC7pHKLfgeDMEhBCpW1efQdz3TGLEg,0.010680826000054822,0.009525385000131337,1.7230971211265897,161.32620465100223,0.0006892388484506359,145.9376574758535,289.897225331,1809.490487694,310840.8221004087
CZgvH45CRmoaNJ7395Ao5CQZXkGznvqU7cErD6n7FaRg,4ZjU6MKvtqVQKCiowhvZ5yUsPxXX5SCzd5eFsPeXyey5,BsyWeshjDbCvjDojry3vKDCesmFRM37WtwcR4Kfgzqr,107.51808921000001,114.61406699999998,122.24420983114004,1.136964121380334,0.04889768393245602,0.9999565618869516,105.95368586,706.2171066,826.6519692123096
KysFMBBoavfov2tLpvefWW6tPFt6rAeZWDJVy1mMQae,B8ka2V21TH3x64dFV8ETcjuQcwmrciJ2qzy1mJUttRew,7fSf7EYxBANyxzk2s5pymFgshA91tFYQNKKs5UnLWcYS,30.911368000000948,23.302001999999902,0.0,0.0,0.0,0.019216531997850977,134440.121478,2658.609445,51.08925346963133
AyiATPCAx5HZstcZ1jdH9rENwFb3yd9zEhkgspvDrCs4,DvHVapj4g2Y1tJVSw2ubSPkPBsJPb8fW387ZWXwaKmZq,DKjqWWgrtDRPKrnMWtZ4UiJk4sGQVCQgFjSo7BvfngvK,0.0012121600000000177,0.0012231400000000114,2.3326918635979093,1924.4092063736432,0.0009330767454391638,0.0,0.80222744,0.31854276,1543.8138711415595
SoN9GaFpSXfpyR5dth3x7PHPVhvJMpQqqDJfCSmPv1t,9kZ9iS68ViMPtoeqtnhAKuF2iqVyfHPdZHoUNdwCELr,BBhm5fJLjw3HRzjtKB8uMEYjGhY6EDm9co3cqpjrSzB9,2.2374244500000007,2.192620243000001,388.26837217825664,173.5336235278275,0.15530734887130265,170.80863369319866,3.753759527,5.899984964,1659.1718630836697
parEAJhzYzHW87y9VoZAQ22dzQ2MD2ekEtTReaxbMcz,3oyc6hpjYSJEquK6dSvG72NXyz3pqLZz5D8AC71pwgQb,Di2vordgFJVZ1aj1aBpvzXtLfZgJsuLLXawGtVFwX6Rz,5.549255454999923,6.538190608000434,791.378303199868,142.6098166893416,0.3165513212799472,168.49091783405598,1103.901109499,139.371137953,180909.905822091
WiiQFxXqp8P9Fs1rt9SVcDyA3KUdJmUsog6wnVQAwba,3S2jpqSYxho6wiz3cafhjXruVY8cg4HYa2v3BqBHYFSj,Dfe67M6TfrG74gKRtdqys4e6E9QirPD53BkF4FujFjuv,1198.2750550809978,1198.6672451649993,1197.4686593288386,0.9993270361852732,0.11974686593288386,0.9995577926338653,15510.421555198,11288.370611208,26783.362413312258
MATgk4zXLXtYkwBH678J1xZbRDZ45LicNzkRBHkxTuY,y8dALFo1bJrSzPYjMX14HJX448pXqYmrfXHD1K8MXih,GN7Yuet3UyiWS5YVkEHv6oQKi4HGBJc3XDPt9zQhAqZz,1431.6323379999994,1427.419034,1436.4300142475863,1.0033511929845684,0.5745720056990345,1.0,3300.193467,6771.925236,10083.178288194329
AUSejoEUCh2DBs9mof6BNC8Pubs22w4cJa1ccV9h44R,4xkyD7AfGQDwsQMy9MosRRNGoVJ1zosNinesxg1TzHG7,Cbm5gsQe3nSiCsFrvepVzMCD9xLK3ri9g3ypS2hdmVJ7,26.035579000001235,26.034762999997838,26.03859947754063,1.000116013457561,0.002603859947754063,1.0,14414.360077,14460.999377,28877.031713751065
MNkYtBe2HtgL15osfaMmyqNW3vo4J399FXXCS4a39Wf,2mUxDu8NrhSKhQJMgKfYLxJqZzeEbmwhQdHeHMyohyuk,AZCBmDBcFsA2jHHhfFJBTsWCHx9XnnKmGfFsue3ZVW1t,0.001442550000092524,0.0014420399998016364,0.0014419250841802911,0.999566797745525,5.767700336721164e-07,0.9999822803139928,2195.17444406,1941.31751126,4135.506601265128
BSCrK1Nx9PXU9mF7STWWBqeHLxmtJDr9h7jheEy4tAWX,FfSySSbVJPvEo5a5AvrP3nySoXpRE2QPn1uUMpJJ1x7v,HL7Vcj6838ZmvBHDbQxXfjBNckNi83WvPiZQoMQLFeRM,0.011452259999999881,0.011442457999999212,35.98827233817863,3142.4602950141725,0.014395308935271453,3128.9111389236546,0.844793556,0.959434272,5656.714787939739
Lee1XZJfJ9Hm2K1qTyeCz1LXNc1YBZaKZszvNY4KCDw,9DgFSWkPDGijNKcLGbr3p5xoJbHsPgXUTr6QvGBJ5vGN,2hNHZg7XBhuhHVZ3JDEi4buq2fPQwuWBdQ9xkH7t1GQX,2006.285115382916,1696.2714554379936,346174.9165800633,172.54522496618978,34.61749165800633,145.86368513514853,6938.291470822,54962.164176861,9214152.87255397
ercAoEmXjQzEvAFbdjAo81KtMxRGn9AW1ju882upmPH,CMRhskR2Eg6V42RTSdRTXGdozyPbWB8U9dVpijPWb9T4,7TKLLgrWswt6ZJ1pXhVR3FyufHGjJFqiEXxvWJfDcgRm,36.68427691200003,36.02082190899989,5348.526682143709,145.79888530920226,2.1394106728574838,142.7676275546661,312.133489757,860.653222668,168382.13362183003
HEDSDjj84KS7LKhZY7ejkCACTdPen62rKhCby1wXtgxc,EnnjMSFttpCTywBrYNt1J5QQeoSVkvzPipJDa8Y7kJow,6bjVT6JN2rSvpyn9PdfLYC8wJn4LWh49jpY47fnLDXZk,10.145923255995513,10.375179535001735,9.77772893951436,0.9637101220666561,0.0039110915758057445,0.9988442942013044,39125.230273642,9097.892450445,46792.758406281675
ZUCKWFa4LTL833dPhhpeeRWZcaAEoMeYJPi2iKn4F8N,7eEYpq6ShaJ9opZWMxitRFrdCHh6vfyHhGfoSvFht3N2,H8VggnHmuwd1wvwpT8eg9cUJFEfZ7HAaeYjgXrSm7A2u,30.221393586999966,30.204903682999884,30.2441434434071,1.0007527732413015,0.012097657377362842,0.9988833902111853,1847.216828812,1999.935737195,3846.309953585459
SERgf3DMJpQxUifu7VoFKmfne73d2fDJxSrxUMrcNJB,AJfM2GZ2tTB8UtN2krcyR9xufRJEx2mhSCbJyMgPo3GU,F4yRYkufQvERZcEKnKjJwRLU1btiMBUuEwq46hfm11QD,3.152699999731112e-05,3.150999999945725e-05,0.004583069608131503,145.3696707115293,1.833227843252601e-06,145.67834977896226,29.284858487,27.959836984,8330.273147006841
Cob4usZcpHEY7Qt4ZCwj6WVg9S44zvzYV2v9qYF65dTf,NhFM9UXE48PyNAyeyPYA3iXztqKVJwA4bTdLj4ysM8w,6TuFuynuBoeskxyR2cz4wxyidk8dpDK7kAWw3UkjQGx,12.332404999999966,1372.3713419999985,0.1094765417726994,0.008877144545017757,4.3790616709079765e-05,1.0,71192.259608,185.801619,817.7855980266451
BSC8REUo9LpiiWUuqMuLXs2D2yJsJfGd4HdiF3wCLxk5,AZjEH1zWVx1UJ6udMyRijGTzPteuLnaY18yNNmprJEsh,Caf8ypkSVR8xYnXNhjvfvdGCC7mrM3C11rz8Xi6NA6aK,961.3356797920001,960.431760035,962.1304794248348,1.000826765977319,0.38485219176993396,0.9992002041853627,2969.542450654,3381.0886416,6350.382028375936
BSCNHw8CmxbZ8hCWWzMf5FaG2ajPT6JxfznKUNuRVrn4,7n9kgNL633yGzCYksgnzHyjG73ZLBAwvEae5sbAekbzW,SscdxE99omdG9AiMVwmaEMQySQnCgeAh1sPj2Leutm2,300.1888543650002,298.9445412819996,301.36129959699844,1.0039056920833331,0.12054451983879938,0.9991738790401142,4333.42169123,7364.966070098,11709.228419281826
RoBgmK8CvjdHvPrqdDyVw54VwjZv2TqJ493xnqJAQHx,ExiHJxM7qPAcy27NDHAF6G7vnW7muNHi2sVJpnaNynGQ,6rkPHSqZb7StM4HwS9EuVrmfkV7tRdc7dnsFhyB6cefE,0.4872980000000027,30.91136800000004,0.0,0.0,0.0,0.9520953237838171,6339.680668,17.749435,16.899154063304813
YakoMPuYrybnr9R7VC7hVGxMz94fJvPFCdZ4gmW61Ed,,,0.31262600000000007,0.3134079999999999,0.0,0.0,0.0,0.9520953237838171,6339.680668,17.749435,16.899154063304813
Lid8SLUxQ9RmF7XMqUA8c24RitTwzja8VSKngJxRcUa,4PgzyzLtds9bKZ2to9PMnKqJzKEUpjvNUaeN23phegax,AtymwxoVN9peZo7EXTcDz9jKVc4vRmisJKKrNfe3ewBa,213.98776826899757,181.53605262000076,36829.381797087,172.10975232373983,3.6829381797087004,146.1118895627894,981.374072029,7683.742916082,1291590.2448572898
KZMu9QBEdL97EFgamLbN5DE1AoKBG4HdrKKJo4Vuon3,DD4ACBWyVqdaKWh7v5btsgqQCCMwbKnuL2xd9pv7Gyuw,GcYqiJ1MAuYbNTNYXm1F1gQYTfTgkErACAhNU5dpVj9T,24.16690287999984,24.753698220001297,23.516099757589497,0.9730704788428253,0.0094064399030358,0.9999822803139928,2468.44316306,927.08587615,3329.038619154466
C2ypsDADXcCRz8HbV2zX1AXPSja7a1P3xZtRC91xGhJh,J9bYNuDpY1d1T86gLaw7DGk5D3CsUAf2tzUwxMvb6FTv,A2NGvvPrMGzsJ4jb52KEnSBVmsA7C34dV1GC7PerdgvG,0.1308034680000001,0.13015798699999992,19.101531586787008,146.03230234527877,0.007640612634714804,146.5376236814178,1.309424137,0.910011665,324.56916838406016
ALBpShJ9NLpE739pcHDF2LNVk5J4VYPvvKuV6jMPitZi,D6d156U1bPiJpDYRLextvDRccgFk7QzkQbJg42ceKEu5,GNcM8U5g8RwTZffwwm3kSQqUNPSwv5d2fbN9sLxPJqt2,6.181248000000778,6.16816000000108,6.164640458605296,0.9973132381364604,0.0024658561834421185,0.9960228806376141,41205.004835,59099.358601,99958.61019702573
C98Sspw7XqnMsgxea3SLQVdbMDL8pKUc3RE82UvX9eq2,CSqgQJurPCzGxb4Cgwx5R61hWQUiaoUHcShNc8r1cKEL,6S2CR5EnukPhC914XkAns8m5GixjMAoUuZMsS5ubHuWc,39.329196999999795,39.19205600000021,0.0,0.0,0.0,1.0,880.119812,1239.531875,1239.531875
BUSD5rCfUDpCxKGMvYU2yThChxgHoioK74PTPociGnv2,CcFHbafgYDZ8yA8Me1PdtDiVb2eeaS61LbqyKKK5CsNZ,26R9s4nmF3CFDTkiePDwRmtscn8i7r2eygbSijditJ58,93.63773461,93.64793999,93.57903715894206,0.9993731431959304,0.009357903715894206,0.9999822803139928,88.00659074,59.79372888,147.7440925636907
