0,1,2,3,4,5,6,7,8,9,10,11
SoN9GaFpSXfpyR5dth3x7PHPVhvJMpQqqDJfCSmPv1t,9kZ9iS68ViMPtoeqtnhAKuF2iqVyfHPdZHoUNdwCELr,BBhm5fJLjw3HRzjtKB8uMEYjGhY6EDm9co3cqpjrSzB9,0.1826555209999996,0.17916262699999885,29.48759185434129,161.4382729462711,0.011795036741736514,155.5763059775217,1.527061326,2.453580947,628.2452033035722
vEnkoSUkpnbRrPgBz9DfcVxNz67zjwMYBZraAvDDNSf,DtfyjjsZ5yCjWKLKHvwsfXs5QVsmm1QkK6Sh9JZHoq1g,e5wrKCRv4GhHvEf1VD5Pq2KGaZDXP77nTL612Jyrxwy,291.402917,291.3850829999998,291.47607749545136,1.0002510630168173,0.02914760774954514,0.9998410252769809,889.471825,1056.24313,1945.770352520726
Sid7E679i9ABqptiAVhkmQ27YHN8vaYT4fppPwmxFsJ,GP7KB8o1bv527HG8kTzzzf4wJ5aEGHvcMQvVhLziUfmT,9gYxhAZ1M9wu5pxr8SBoa5NDm21gi3s9vMHaYTME77sa,455.77265499999885,985.8378699999885,3.8490416873522046,0.008445091308411678,0.001539616674940882,0.01816801742545422,127681.29189,11936.095509,1295.1353595864114
ALLwa5WNZbvQsRKAqe1jdRGemdYQnW8E5k4msbRFcYtu,CGoM82Hbz7QVqTgvQatYtjvDWBvoUJp5qm21P8iMs9yb,3dxNNww8TivyN5FMy5dCNdi3Zcxv6e4kUfSPxfFwpdNq,2.2767556729999985,2.2541243369999995,7226.189967308848,3173.897863966738,2.8904759869235392,3140.999466030091,1.024894692,7.624428468,27201.23682050227
BSCuChvaSj9b5HUSqgDVRzcnr2sSn7cXaamt1jbKH6hn,GnKpRj5kBVPMJfiwZtEuD9GYApLzPdW5JFuZTcyX4BTc,3dmwD9okkomV9nDwyuh4UMhKdUR13QpuKxRo89ycZB5t,149.46519121200004,149.51178783699993,149.45862938033574,0.9999560979274766,0.0597834517521343,0.9996061551748611,1549.494372218,1561.601301145,3110.41261875731
AURHmCnNwiW4uA2Qj1XvEh4iKgRUZYXtiY7FKAapUV5Y,BKWm4TRnTeKwfWXRyuzjRHU7iZDkPuXBX5b5V5jSVfGJ,A5Ww74HVrkj9nPeC7pHKLfgeDMEhBCpW1efQdz3TGLEg,0.017200188999936472,0.015423560000101588,2.598336750401147,151.0644301879906,0.001039334700160459,134.95407782639725,289.856933407,1809.535869336,287991.3170211947
Lid8SLUxQ9RmF7XMqUA8c24RitTwzja8VSKngJxRcUa,4PgzyzLtds9bKZ2to9PMnKqJzKEUpjvNUaeN23phegax,AtymwxoVN9peZo7EXTcDz9jKVc4vRmisJKKrNfe3ewBa,71.95330762400351,61.064103890000524,11443.232664657846,159.03692328440508,1.1443232664657847,134.918172128604,976.497777151,7665.238848222,1189479.2164034338
parEAJhzYzHW87y9VoZAQ22dzQ2MD2ekEtTReaxbMcz,3oyc6hpjYSJEquK6dSvG72NXyz3pqLZz5D8AC71pwgQb,Di2vordgFJVZ1aj1aBpvzXtLfZgJsuLLXawGtVFwX6Rz,5.210550846999979,6.160097886000585,686.4655487375875,131.74529313591214,0.27458621949503503,155.4579176194294,1102.92888123,140.205215797,167101.6996528943
TETFuZgEmET6d9vYmz9iMFCxK1jKdKYxf3oPz8hSzJK,Eu1Ze6Z84LWNkq7SNoAHBJbXx5t1P95EwyqYohrfCRFV,ASMbv7WNu3qe4pkhREmvyEdwFNDZQ6B6iSrjkj4u8bdC,6.835477538999996,6.821013304000033,6.861503565097589,1.0038074920075593,0.0027446014260390354,0.9993044840790809,65.644645074,287.011002667,352.70596848062445
BerKDkt6v49dT1bHRedgnpsJS263C1DSJtEGvY9Mg35V,78XKqNb8wbfsMMrvo8WPUpdx7GEkfQutpNVH943aCGFa,DKYQwn4nDvFHCszi5tXbqfVMAP7DaXXp1KGTXEnYnKVH,0.0011034900001050119,0.0011034900001050119,0.001105833695191932,1.0021238933626015,4.423334780767728e-07,0.9999004999012547,1338.317413093,1742.596384291,3083.5828523424125
BSCNHw8CmxbZ8hCWWzMf5FaG2ajPT6JxfznKUNuRVrn4,7n9kgNL633yGzCYksgnzHyjG73ZLBAwvEae5sbAekbzW,SscdxE99omdG9AiMVwmaEMQySQnCgeAh1sPj2Leutm2,618.9943004389988,618.770028289001,619.7775561012954,1.0012653681330201,0.2479110224405182,0.9999015007030672,5435.355516543,6261.917694657,11703.534142371893
JSoLLrxK5bYdHwTEWYaGgmeycBCNXKDiBCTw5hXGBg7,xG4wXczA7Dk4hccJ61CHKpDHW4NrNfQwgmWgkb9BuF2,BVR6WgfhsRr9Lob4QDnkEAiNGgAbv7ZieKcY9kSg3QYR,0.7679399720000255,0.6563064739999653,121.29424952398955,157.94756614646636,0.048517699809595825,134.976574140675,17.156257295,163.779452203,24816.178456925176
DFWzVTzNBrQZLjoQ4yQwkj9HuoXmfkuZP9V5vbymZe23,DhgiEgiNdqZdRdo195UUHnoEJUtefK8buko8nU97XJUZ,2K2kkXsouBHtWVjtcgkyiXd8eP3oVBvq1bTJzcVdLLr2,0.9156092919984076,0.9418016700001317,0.8964109483585082,0.9790321660039109,0.00035856437934340333,0.9999125006568051,47484.149186031,20568.913740123,67055.62340213328
B2izdXFYb2sNwbWWHmh75T4aQFtfXsUxem9u2p61HGzf,4DYwgJtxwuJdAjkj5RJSNH4e7U329V5cNp7d3a1nLrZv,EXNW64GEf1ACC6xY9BtKRiunrs6GoJSXBdxWN2eTPmrF,27324.200306999992,27110.896206000005,27410.76349812708,1.0031680045583955,2.741076349812708,1.0,12025.514546,27837.035649,39900.64707989878
SoNcU2iwHMw6dGzsYNQkYFkUjwN1UdAjrWVRnStrZu2,8ivTTid27jZnYNc4w3CTA1Z6QS2twsFb8WMwUabeDJgc,CyXm53PMvHCbeXJBykU46Rcbo28xk5srhMZFg7gv6EYB,1.9162768389999982,1.8977446679999979,306.37507666264383,159.88038389198738,0.12255003066505753,157.95347890957763,22.000753309,27.920459665,7927.622621797122
RajgMbScQbqqrdJfR2rxfHJiTiY5b6bJ2tTXiF4aPxy,725ZA3fhyBAKb5iopNRrcbSuQa3LXA1656Q3mBvYPxeg,GLA6i1dSZpUfk2f9Nj8uiG7xyDdAR2reff8oEiZH3617,568.0199669799913,567.9871243799862,568.2865729428217,1.0004693601956423,0.2273146291771287,1.0,82623.52338439,98785.66129906,181447.96487655037
KEVpg4SYCVrqFxKijQH6hm4QxsRdoE51ud64bEEFUC9,2bPenuBYfqzD8p5dFjCcggwkHDsc2RQDnx9AoyYGUBjA,AE6n6iLuX8oYu61vt5hoDYkjswpnxFxrhSehxrnQTnbx,167.175865102,167.18394552499922,167.15630463838752,0.9998829946918442,0.066862521855355,0.9999180877101728,3311.668649853,4324.996631648,7635.92352831252
NorjjEePhxfwLF4vZjUHCrVVKLzQjEEGQFd3wgjEJmh,34M8pFVqgbV7aqHxvRT5tCv3vu2P1JJYT8J3VaxBK2oG,3AZWBSze3ucsY3xSeuLne3b2pauVqiaJ1SZSV5T9WGWw,0.0010989999996127153,0.0010989999996127153,0.0006511863261612271,0.5925262296548712,2.6047453046449087e-07,1.0,38124.370231,2258.543766,24848.233116940843
KEnkcdADoLR5jS2CLLLesy8TtFsyWL37BhXNfDMzWzP,3qsjFRuw1qeLMPo4DLwaQevenGAGBj9dA3Q6rb8ax2YR,77iEv8zPQAEyCcEbvBRSB6AFcUdfkhiqnAKtPxk76rNN,0.949142000000009,0.00803100000000001,0.008039998403761265,0.008470806690422706,3.215999361504506e-06,0.9996011591375041,118.594878,0.303328,1.3078013064111254
7oAd7xG4m3oC2qeWB1szghTebAZyyGPAFDJ4wwwbRSNi,D9yh4KAysxt9GLacVe4Wwh2XqghhcjTCSTV9HuM7TBJd,HDYfJLpZKaMFb84jM4mRytn7XLR8UFZUnQpSfhJJaNEy,17535.035762271884,792.0772702170125,17533.599427340392,0.9999180877101728,7.013439770936158,0.022611863362072673,951.426634825,300266.87684166,7740.942292590658
WiiQFxXqp8P9Fs1rt9SVcDyA3KUdJmUsog6wnVQAwba,3S2jpqSYxho6wiz3cafhjXruVY8cg4HYa2v3BqBHYFSj,Dfe67M6TfrG74gKRtdqys4e6E9QirPD53BkF4FujFjuv,4217.910598212002,4223.303404605998,4208.608987353302,0.9977947349423093,0.42086089873533017,0.9999180877101728,20740.759382487,6066.269454354,26760.793062883113
KZMu9QBEdL97EFgamLbN5DE1AoKBG4HdrKKJo4Vuon3,DD4ACBWyVqdaKWh7v5btsgqQCCMwbKnuL2xd9pv7Gyuw,GcYqiJ1MAuYbNTNYXm1F1gQYTfTgkErACAhNU5dpVj9T,66.90779855999972,68.41130678999923,64.59209571011901,0.9653896421684821,0.025836838284047606,1.0,2415.28324116,782.7934194,3114.482843318984
ALBpShJ9NLpE739pcHDF2LNVk5J4VYPvvKuV6jMPitZi,D6d156U1bPiJpDYRLextvDRccgFk7QzkQbJg42ceKEu5,GNcM8U5g8RwTZffwwm3kSQqUNPSwv5d2fbN9sLxPJqt2,893.8179719999971,891.0008599999928,896.0015277230582,1.002442953477625,0.3584006110892233,0.9984514018756907,39952.182801,60455.597835,100411.76053450114
C2ypsDADXcCRz8HbV2zX1AXPSja7a1P3xZtRC91xGhJh,J9bYNuDpY1d1T86gLaw7DGk5D3CsUAf2tzUwxMvb6FTv,A2NGvvPrMGzsJ4jb52KEnSBVmsA7C34dV1GC7PerdgvG,0.014124898999999913,0.014189999999999925,1.903402539972401,134.7551256807155,0.0007613610159889605,135.09754515601674,1.334688336,0.884934199,299.40853237177106
BSC8REUo9LpiiWUuqMuLXs2D2yJsJfGd4HdiF3wCLxk5,AZjEH1zWVx1UJ6udMyRijGTzPteuLnaY18yNNmprJEsh,Caf8ypkSVR8xYnXNhjvfvdGCC7mrM3C11rz8Xi6NA6aK,356.702371414,356.533469038,357.0565097008471,1.0009928116974474,0.14282260388033882,0.9998964097320554,2994.43281177,3358.512281796,6355.570092301579
Cob4usZcpHEY7Qt4ZCwj6WVg9S44zvzYV2v9qYF65dTf,NhFM9UXE48PyNAyeyPYA3iXztqKVJwA4bTdLj4ysM8w,6TuFuynuBoeskxyR2cz4wxyidk8dpDK7kAWw3UkjQGx,9.177164999999974,1084.8887280000054,0.07769473330612986,0.008466093102404728,3.107789332245195e-05,1.0,71836.734079,180.256375,788.4328538855045
HEDSDjj84KS7LKhZY7ejkCACTdPen62rKhCby1wXtgxc,EnnjMSFttpCTywBrYNt1J5QQeoSVkvzPipJDa8Y7kJow,6bjVT6JN2rSvpyn9PdfLYC8wJn4LWh49jpY47fnLDXZk,6.895300708001741,7.1219911810039775,6.676854086216698,0.9683194930814919,0.0026707416344866793,0.9998986862655128,39112.075234807,9110.662482871,46982.72431236469
C98Sspw7XqnMsgxea3SLQVdbMDL8pKUc3RE82UvX9eq2,CSqgQJurPCzGxb4Cgwx5R61hWQUiaoUHcShNc8r1cKEL,6S2CR5EnukPhC914XkAns8m5GixjMAoUuZMsS5ubHuWc,41.00485400000002,40.86409900000001,0.0,0.0,0.0,1.0,878.000223,1241.728355,1241.728355
FrnkTEL6yZ5Aycq2TrEgu29dCrwKG4LPUZydfiwqspkc,DjvZuMZ46fxKBoBpGMPcRcos4xdTtHFxwMh69DpA2ZFY,9rvDPJLAng4uVVqnnSoEXgNDFhBZQTny9AoQioYDZbQX,43.47543585400217,36.36660605499989,6994.720885520722,160.88903418956332,2.7978883542082893,134.70224943327395,174.419152857,1441.824493159,222279.13156383194
wrmcMSHFi3sWpAEy4rGDvQb3ezh3PhXoV2xNjgLBkKU,8p4mGnARWPBu6P2Gcw4adodLkNDorrXniZMhaY7eJXUn,AyY89zccbsgp9LKFgH4CFZMJmpSgqmPSdTfukhP227rc,0.006586229999999568,0.02090430000000172,1.9112681369702753,290.1915264074289,0.0007645072547881101,3169.270750800241,27.14069292,0.0901628,8161.749431060351
BUSDgu5JdqP1rndBvXvanbEufS94FNh1w5FJcAj6vawb,Bgzr8cWubt89JQFXndVjtdKmDbGzuPxNhvjH1EhWCwbo,Dxaf8xPBBQsasRKW5Aa4Sw2YrbfGofY9xZueyyF23FBW,2388.576428170005,2380.2037235599983,2395.192188513899,1.0027697503273791,0.9580768754055596,1.0,5888.29143882,9151.46008238,15056.060618340374
YAkoNb6HKmSxQN9L8hiBE5tPJRsniSSMzND1boHmZxe,CfWX7o2TswwbxusJ4hCaPobu2jLCb1hfXuXJQjVq3jQF,EnTrdMMpdhugeH6Ban6gYZWXughWxKtVGfCwFn78ZmY3,4084896.9820360155,4083452.9241530164,4084896.9820360155,1.0,408.48969820360156,0.9989081933446743,496467.233429,907270.564122,1402747.2335109105
SRMuKizofcAMicegrfSv7xs9q76tH1w8aAF7oX9FEWu,72Hj2KWntXPfbie4UgKeTPnm1XVkomDfCnRPKbvfTtPi,6aqJQ5wedqpUt4fFEDUqUmXhrdxCu4bEJsQdVPCADLko,0.024109999999382126,0.024109999999382126,0.0010659960780267624,0.0442138564103725,4.26398431210705e-07,0.04323734426719295,16855.345241,5011.910996,961.9415354034113
AUSejoEUCh2DBs9mof6BNC8Pubs22w4cJa1ccV9h44R,4xkyD7AfGQDwsQMy9MosRRNGoVJ1zosNinesxg1TzHG7,Cbm5gsQe3nSiCsFrvepVzMCD9xLK3ri9g3ypS2hdmVJ7,857.8948810000038,858.3918810000032,856.8640735195597,0.9987984454700994,0.08568640735195597,1.0,14892.25099,13983.829471,28858.18660936255
daob129AwBGn9Y5r91uLoWZeYiGzbPmksauMhFZKTze,6VW5GQNyj4LStgmxEHLr5zUfW92vQnmbw8jTnCH7a38F,4VPCCUifPeBA1c7HWK358CHn2nyjm8pdTRk6Ps3KmnMQ,13.426394089999945,12.006420460000044,2020.0111679597576,150.45075799348638,0.8080044671839031,134.74203435409856,48.313035884,224.003674884,37451.44372637856
GokA1R67GqSavkd15zR62QD68Tuc5AEfvjssntVDEbM8,3YB7hfpBdbQEuZqLGWVDpRPmeZWCUsrrWyqGXegnQ6Cg,4DPCj6Z1DsG6HUtwSogBGqXEUxdEV5a8YVrrFtcnz7UW,9682.611611,9680.804187999996,9685.22662218799,1.0002700729196883,0.9685226622187991,1.0,12825.148602,19765.676306,32594.28863332838
SEQV6QiTpvTzrceiaYg9Avnwf7oc8ZALpnQMz6TyT4A,3dFMPj4r9mMmPHF32mz1gNDX7f8ftidWof7S8YiYTs1j,Fc1ED3YPeQfXQosHbd8DTaBd2AV5gHQtwiSAL5C5pUhi,204.865782288,204.51374927799998,205.20156900548136,1.001639057112082,0.08208062760219255,0.9982371132579865,1154.532822768,4472.017620653,5620.55912808179
MARpDPs5A7XiyCWPNH8GsMWPLxmwNn9SBmKvPa9LzgA,6YjT74rmcfCpw8LSjPNx5JTmZoYLGrTKnf9arfSgZ4SR,F8GSmi3vA8M8TsybLya1LQ4n1aFHCRbZ6k437PeTdXtg,27724.548824999983,29004.79752599972,25797.78933308022,0.9305034861313108,10.31911573323209,1.0,297290.301499,14771.724321,291401.38625884795
Lee1XZJfJ9Hm2K1qTyeCz1LXNc1YBZaKZszvNY4KCDw,9DgFSWkPDGijNKcLGbr3p5xoJbHsPgXUTr6QvGBJ5vGN,2hNHZg7XBhuhHVZ3JDEi4buq2fPQwuWBdQ9xkH7t1GQX,847.3692033640173,715.4768813100063,135338.38675124434,159.71596113471801,13.533838675124436,134.79803076252819,6907.864634359,54985.801640457,8515274.020497771
KEN5P7p3asnb23Sw6yAmJRGvijfAzso3RqfyLAQhznt,9zj4aX38Uxf3h6AUjS4EipWS8mwbEofasHAf3a1uKGds,CwQDG1MWunn9cLNwcZLd8YBacweSR7ARo32w4mLua1Yr,79368.21447999962,79377.36515600071,79280.05505877426,0.9988892351704904,7.928005505877426,1.0,1152428.836786,1068228.992484,2219377.7518495857
SAMyS8Jr2HJrkFwYVKbpUwsNStnQmvz3f8Tup8bWUWF,6jPzm5TFfquvgm25sTyN3MMGBfufRaFHMxobDWv6hMFW,Cj9ECoDmxsHTDzCY5ZA6RWrPbg9uFzEC1Qc2kso2vJG6,601.3265391599853,11.496529160000136,580.5144124660699,0.9653896421684821,0.23220576498642798,0.018280337902540352,443.67621329,110765.52459061,2453.1516382551936
STK75uPSyBnEhGTTzb1nwmP3n427XoXmfRhXxxhyady,6TYyD5fUmDe6N65avW1Ny2RxzRNobw2RRgKwH9CTzSAU,54zDfk4cx2vGrEajPtodWpArNe5eUurytyxd4X3aZAxK,282.88976180499986,318.3222832540044,38136.427093427235,134.81020610323552,3.8136427093427234,151.70572608711944,1895.601597649,337.029032357,306675.67613484216
KwnjUuZhTMTSGAaavkLEmSyfobY16JNH4poL9oeeEvE,J63v6qEZmQpDqCD8bd4PXu2Pq5ZbyXrFcSa3Xt1HdAPQ,BnKQtTdLw9qPCDgZkWX3sURkBAoKCUYL1yahh6Mw7mRK,65.4271500000001,3547.5595149999717,1.1963523104749036,0.018285257885677458,0.00011963523104749036,1.0,279530.579168,535.745047,5647.03377401966
heyk4SZTeCUV6a65WiVA5bzic3KcxgVf1qxobfeV4tQ,9ZDpBKPqMABtGfq66FbVribaArMvtk63xxy91onZAtDt,DaTP4s6N7xxSPinbNZ3FB52EpRDRt87QShTuN3VPCW52,49.726688695000576,43.2575463259999,7743.496259422775,155.7211321050881,3.09739850376911,134.87386259185752,620.554930735,4479.339123485,700779.285790696
MATSnbbiTCv7Dc3trJrkrqjx7ckKdr6fwPoVwv9q3sD,631WX9JizSHJm4w6VanZeJAst9T8DeUUnPLesdGkCVtK,211maUSfpnXbPuW1iBu8b4dtJv5EbN1j7JJiEX5TZKEP,998.3606149999941,997.262570999992,998.690182760305,1.0003301089359489,0.39947607310412203,0.9998250306196416,19897.033791,25653.576329,45552.68971829902
HDSBGqAuMRr6X2AfmmbXQPpRgU6VEhtfNVVZ3wUTZXg,DCZ1d8kNLgDcdSd99y4udLgwq46mfDXNS9KXj96kQf5L,Fq8GGYQM5Pz3q7LmVMbrXHJgsxA5ev86kTq8yGgGuYsa,23.346863063001365,23.460535224001433,23.207137898456548,0.9940152488937049,0.00928285515938262,0.999912504656105,13536.386515603,12866.430634915,26320.679493570402
MATgk4zXLXtYkwBH678J1xZbRDZ45LicNzkRBHkxTuY,y8dALFo1bJrSzPYjMX14HJX448pXqYmrfXHD1K8MXih,GN7Yuet3UyiWS5YVkEHv6oQKi4HGBJc3XDPt9zQhAqZz,503.4284330000005,503.45044199999893,503.541226234677,1.000224050187242,0.20141649049387084,1.0,4137.198963,3921.98188,8060.107783202317
BUSDTd9WiT6uBHJRgNvFXBsA7JrifsAtWzKfioN7ERcy,DyBxrn7gSc1EwnpWhDyhzvMHPtxpmBqRqotapLcKcfTM,Cds99GeBgoCpqBsoRWu1C6fF9LiUMd4pXQQD24s9LPff,384.3870631599995,383.77064848,382.97055083509815,0.9963148803363558,0.03829705508350982,0.9990618808938406,162.85655296,100.67992423,262.84188154380695
