0,1,2,3,4,5,6,7,8,9,10,11
heyk4SZTeCUV6a65WiVA5bzic3KcxgVf1qxobfeV4tQ,9ZDpBKPqMABtGfq66FbVribaArMvtk63xxy91onZAtDt,DaTP4s6N7xxSPinbNZ3FB52EpRDRt87QShTuN3VPCW52,102.76366247599901,89.33759171000054,16298.100358209045,158.5978931221486,6.519240143283618,137.96745789164203,626.201293558,4473.01213832,716444.3196711312
C98Sspw7XqnMsgxea3SLQVdbMDL8pKUc3RE82UvX9eq2,CSqgQJurPCzGxb4Cgwx5R61hWQUiaoUHcShNc8r1cKEL,6S2CR5EnukPhC914XkAns8m5GixjMAoUuZMsS5ubHuWc,44.28483000000017,44.2984839999998,0.0,0.0,0.0,1.0,897.512118,866.073283,866.073283
SUiuyGR7SFq3xeRVJonq84fjjeFwRSsFekcevJ53tzy,49GjCCPsv7fBqo6t3iKDrP1xxGDS8uWZbVCdfnp2gjMf,CEwj5xEbbJEjYqM8D6Ai8ByGz1mrh8mkAVsE5fzDSSSx,0.22414000000000023,24.756990000000087,0.0018870704121756153,0.008419159508234198,7.54828164870246e-07,0.9373441665323141,647.99834,1.642223,6.9949295347261735
AURHmCnNwiW4uA2Qj1XvEh4iKgRUZYXtiY7FKAapUV5Y,BKWm4TRnTeKwfWXRyuzjRHU7iZDkPuXBX5b5V5jSVfGJ,A5Ww74HVrkj9nPeC7pHKLfgeDMEhBCpW1efQdz3TGLEg,0.02001960500030009,0.017903172000046652,3.0765649490428246,153.67760497755614,0.00123062597961713,138.11759801895167,289.92311033,1809.461752224,294473.20014750055
BerKDkt6v49dT1bHRedgnpsJS263C1DSJtEGvY9Mg35V,78XKqNb8wbfsMMrvo8WPUpdx7GEkfQutpNVH943aCGFa,DKYQwn4nDvFHCszi5tXbqfVMAP7DaXXp1KGTXEnYnKVH,0.001108728999952291,0.001108728999952291,0.0011109173304574365,1.0019737289321735,4.4436693218297467e-07,1.0,1338.317413093,1686.887252267,3027.846141158653
YAkoNb6HKmSxQN9L8hiBE5tPJRsniSSMzND1boHmZxe,CfWX7o2TswwbxusJ4hCaPobu2jLCb1hfXuXJQjVq3jQF,EnTrdMMpdhugeH6Ban6gYZWXughWxKtVGfCwFn78ZmY3,5524954.318688,5522966.7885709945,5524954.318688,1.0,552.4954318688,0.9990718622399791,533455.489062,844293.741587,1376965.6097468836
CZgvH45CRmoaNJ7395Ao5CQZXkGznvqU7cErD6n7FaRg,4ZjU6MKvtqVQKCiowhvZ5yUsPxXX5SCzd5eFsPeXyey5,BsyWeshjDbCvjDojry3vKDCesmFRM37WtwcR4Kfgzqr,9.56624745000002,9.875021999999944,9.893712003313698,1.0342312442810244,0.003957484801325479,1.0,203.87706905,601.63290662,812.4889414239498
FrnkTEL6yZ5Aycq2TrEgu29dCrwKG4LPUZydfiwqspkc,DjvZuMZ46fxKBoBpGMPcRcos4xdTtHFxwMh69DpA2ZFY,9rvDPJLAng4uVVqnnSoEXgNDFhBZQTny9AoQioYDZbQX,24.123409510998812,20.14894268699996,3952.7813457381803,163.85666146967955,1.5811125382952722,138.19148254033533,173.848329138,1442.604156509,227841.81392146336
BUSD5rCfUDpCxKGMvYU2yThChxgHoioK74PTPociGnv2,CcFHbafgYDZ8yA8Me1PdtDiVb2eeaS61LbqyKKK5CsNZ,26R9s4nmF3CFDTkiePDwRmtscn8i7r2eygbSijditJ58,384.37447205999996,383.87304802,382.839740280765,0.9960071963910356,0.0382839740280765,1.0,111.26443137,36.77749382,147.5976681668765
B2izdXFYb2sNwbWWHmh75T4aQFtfXsUxem9u2p61HGzf,4DYwgJtxwuJdAjkj5RJSNH4e7U329V5cNp7d3a1nLrZv,EXNW64GEf1ACC6xY9BtKRiunrs6GoJSXBdxWN2eTPmrF,28413.980442000026,28197.85686400001,28603.70884275401,1.006677290467672,2.860370884275401,1.0,11360.327782,28562.206807,39998.39079740838
MATSnbbiTCv7Dc3trJrkrqjx7ckKdr6fwPoVwv9q3sD,631WX9JizSHJm4w6VanZeJAst9T8DeUUnPLesdGkCVtK,211maUSfpnXbPuW1iBu8b4dtJv5EbN1j7JJiEX5TZKEP,1497.4076469999927,1496.4766640000125,1498.6185307728572,1.0008086533919407,0.5994474123091429,0.9997680538115157,20500.934852,25052.495887,45564.19805857302
KwnjUuZhTMTSGAaavkLEmSyfobY16JNH4poL9oeeEvE,J63v6qEZmQpDqCD8bd4PXu2Pq5ZbyXrFcSa3Xt1HdAPQ,BnKQtTdLw9qPCDgZkWX3sURkBAoKCUYL1yahh6Mw7mRK,180.28862899999933,9647.90369500022,3.471012932600813,0.01925253385004567,0.0003471012932600813,1.0,278759.133683,550.317328,5917.136985241364
NorjjEePhxfwLF4vZjUHCrVVKLzQjEEGQFd3wgjEJmh,34M8pFVqgbV7aqHxvRT5tCv3vu2P1JJYT8J3VaxBK2oG,3AZWBSze3ucsY3xSeuLne3b2pauVqiaJ1SZSV5T9WGWw,0.0011050000002796878,0.0011050000002796878,0.0006547430357440445,0.592527634007531,2.6189721429761777e-07,1.0,38124.370231,2258.549989,24848.292880001576
SEQV6QiTpvTzrceiaYg9Avnwf7oc8ZALpnQMz6TyT4A,3dFMPj4r9mMmPHF32mz1gNDX7f8ftidWof7S8YiYTs1j,Fc1ED3YPeQfXQosHbd8DTaBd2AV5gHQtwiSAL5C5pUhi,284.3875319900003,283.9552500210002,284.876917203156,1.001720839200408,0.1139507668812624,0.999644126690898,1471.814552617,4155.328294337,5628.196832701364
daob129AwBGn9Y5r91uLoWZeYiGzbPmksauMhFZKTze,6VW5GQNyj4LStgmxEHLr5zUfW92vQnmbw8jTnCH7a38F,4VPCCUifPeBA1c7HWK358CHn2nyjm8pdTRk6Ps3KmnMQ,22.45876323000016,20.069867751000004,3446.8021751962315,153.4724837649133,1.3787208700784925,138.1913488622637,48.424159414,223.912543666,38374.55245587975
JSoLLrxK5bYdHwTEWYaGgmeycBCNXKDiBCTw5hXGBg7,xG4wXczA7Dk4hccJ61CHKpDHW4NrNfQwgmWgkb9BuF2,BVR6WgfhsRr9Lob4QDnkEAiNGgAbv7ZieKcY9kSg3QYR,1.7028021519999186,1.4492768729999916,273.69486019124196,160.73203799383913,0.10947794407649677,138.2325339391973,17.093785104,163.856215559,25397.778795202546
vEnkoSUkpnbRrPgBz9DfcVxNz67zjwMYBZraAvDDNSf,DtfyjjsZ5yCjWKLKHvwsfXs5QVsmm1QkK6Sh9JZHoq1g,e5wrKCRv4GhHvEf1VD5Pq2KGaZDXP77nTL612Jyrxwy,1214.440695999999,1214.6225630000006,1212.3385010391971,0.9982690015513102,0.12123385010391971,0.9980129562041974,1196.907843,749.643535,1942.9899578452569
RoBgmK8CvjdHvPrqdDyVw54VwjZv2TqJ493xnqJAQHx,ExiHJxM7qPAcy27NDHAF6G7vnW7muNHi2sVJpnaNynGQ,6rkPHSqZb7StM4HwS9EuVrmfkV7tRdc7dnsFhyB6cefE,47.62273699999984,4.782740999999703,0.0,0.0,0.0,0.9542148624690119,6340.694601,17.73423,16.922265840443824
Lee1XZJfJ9Hm2K1qTyeCz1LXNc1YBZaKZszvNY4KCDw,9DgFSWkPDGijNKcLGbr3p5xoJbHsPgXUTr6QvGBJ5vGN,2hNHZg7XBhuhHVZ3JDEi4buq2fPQwuWBdQ9xkH7t1GQX,1793.4819709490403,1514.6283762230087,293814.0296502112,163.8232412755933,29.381402965021124,138.28626806295233,6899.048420224,55002.510386255,8736316.369327337
KZMu9QBEdL97EFgamLbN5DE1AoKBG4HdrKKJo4Vuon3,DD4ACBWyVqdaKWh7v5btsgqQCCMwbKnuL2xd9pv7Gyuw,GcYqiJ1MAuYbNTNYXm1F1gQYTfTgkErACAhNU5dpVj9T,22.97386971000003,23.735399489999963,22.262848861348274,0.9690508887868262,0.00890513954453931,1.0,2374.57310243,822.21432399,3123.296499389083
TETFuZgEmET6d9vYmz9iMFCxK1jKdKYxf3oPz8hSzJK,Eu1Ze6Z84LWNkq7SNoAHBJbXx5t1P95EwyqYohrfCRFV,ASMbv7WNu3qe4pkhREmvyEdwFNDZQ6B6iSrjkj4u8bdC,1.3039046000000099,1.2957649019999948,1.3111915694374148,1.0055885756039245,0.0005244766277749659,0.9988812529966438,48.235317706,304.548013604,352.71218585218173
STK75uPSyBnEhGTTzb1nwmP3n427XoXmfRhXxxhyady,6TYyD5fUmDe6N65avW1Ny2RxzRNobw2RRgKwH9CTzSAU,54zDfk4cx2vGrEajPtodWpArNe5eUurytyxd4X3aZAxK,495.0901189720004,557.472627471999,68579.98897822372,138.52021349289384,6.857998897822371,156.06479498158043,1684.702381944,297.18025187,279744.7086995357
RajgMbScQbqqrdJfR2rxfHJiTiY5b6bJ2tTXiF4aPxy,725ZA3fhyBAKb5iopNRrcbSuQa3LXA1656Q3mBvYPxeg,GLA6i1dSZpUfk2f9Nj8uiG7xyDdAR2reff8oEiZH3617,1338.9606491000086,1339.5436506999904,1340.7550486193284,1.001340143581162,0.5363020194477314,1.0,64014.87015708,117414.51225068,181515.17152509993
SAMyS8Jr2HJrkFwYVKbpUwsNStnQmvz3f8Tup8bWUWF,6jPzm5TFfquvgm25sTyN3MMGBfufRaFHMxobDWv6hMFW,Cj9ECoDmxsHTDzCY5ZA6RWrPbg9uFzEC1Qc2kso2vJG6,1173.376194299999,94.40951561000435,1137.0612439677177,0.9690508887868262,0.45482449758708715,0.019265422565053446,455.72764091,110146.6630995,2563.6452842110066
MARpDPs5A7XiyCWPNH8GsMWPLxmwNn9SBmKvPa9LzgA,6YjT74rmcfCpw8LSjPNx5JTmZoYLGrTKnf9arfSgZ4SR,F8GSmi3vA8M8TsybLya1LQ4n1aFHCRbZ6k437PeTdXtg,25243.152301999995,26421.270483000204,24136.309424415165,0.9561527473136889,9.654523769766067,1.0,295601.725871,16446.922959,299087.3252612246
SoN9GaFpSXfpyR5dth3x7PHPVhvJMpQqqDJfCSmPv1t,9kZ9iS68ViMPtoeqtnhAKuF2iqVyfHPdZHoUNdwCELr,BBhm5fJLjw3HRzjtKB8uMEYjGhY6EDm9co3cqpjrSzB9,0.42640827899999856,0.41798745499999956,70.60269238735928,165.57533205718906,0.02824107695494371,162.2625895486666,1.513348837,2.468703795,651.1515068099565
parEAJhzYzHW87y9VoZAQ22dzQ2MD2ekEtTReaxbMcz,3oyc6hpjYSJEquK6dSvG72NXyz3pqLZz5D8AC71pwgQb,Di2vordgFJVZ1aj1aBpvzXtLfZgJsuLLXawGtVFwX6Rz,14.174881156000026,16.66220981500055,1915.720971380717,135.14899703902063,0.7662883885522868,158.59605695311282,1101.179634615,141.710563374,171298.05975773305
SoNcU2iwHMw6dGzsYNQkYFkUjwN1UdAjrWVRnStrZu2,8ivTTid27jZnYNc4w3CTA1Z6QS2twsFb8WMwUabeDJgc,CyXm53PMvHCbeXJBykU46Rcbo28xk5srhMZFg7gv6EYB,2.967681934000005,2.9424738429999984,487.75252222856534,164.3547162654138,0.19510100889142615,162.2625895486666,15.445868369,19.233339614,5659.452804696516
wrmcMSHFi3sWpAEy4rGDvQb3ezh3PhXoV2xNjgLBkKU,8p4mGnARWPBu6P2Gcw4adodLkNDorrXniZMhaY7eJXUn,AyY89zccbsgp9LKFgH4CFZMJmpSgqmPSdTfukhP227rc,0.0032052299999999895,0.03252802000000443,0.9547899910634462,297.88501638367586,0.00038191599642537855,2994.8189631936752,27.09409835,0.09460886,8354.262338904811
WiiQFxXqp8P9Fs1rt9SVcDyA3KUdJmUsog6wnVQAwba,3S2jpqSYxho6wiz3cafhjXruVY8cg4HYa2v3BqBHYFSj,Dfe67M6TfrG74gKRtdqys4e6E9QirPD53BkF4FujFjuv,34614.043305734005,34662.569944791,34555.64092068088,0.9983127546083747,3.4555640920680886,1.0,20078.210478861,6737.248577742,26781.58218850046
KEN5P7p3asnb23Sw6yAmJRGvijfAzso3RqfyLAQhznt,9zj4aX38Uxf3h6AUjS4EipWS8mwbEofasHAf3a1uKGds,CwQDG1MWunn9cLNwcZLd8YBacweSR7ARo32w4mLua1Yr,171898.64625299885,171938.25018300023,171864.9607206976,0.9998040384084719,17.186496072069758,1.0,1145660.216215,1091156.573027,2236592.28384268
ercAoEmXjQzEvAFbdjAo81KtMxRGn9AW1ju882upmPH,CMRhskR2Eg6V42RTSdRTXGdozyPbWB8U9dVpijPWb9T4,7TKLLgrWswt6ZJ1pXhVR3FyufHGjJFqiEXxvWJfDcgRm,0.13791298500001403,0.1386253740000143,19.146975645787094,138.83374104175286,0.007658790258314838,135.89415910596864,314.918553745,799.710038317,152397.24412556732
C2ypsDADXcCRz8HbV2zX1AXPSja7a1P3xZtRC91xGhJh,J9bYNuDpY1d1T86gLaw7DGk5D3CsUAf2tzUwxMvb6FTv,A2NGvvPrMGzsJ4jb52KEnSBVmsA7C34dV1GC7PerdgvG,1290.3159018860001,1296.9429356789997,179146.7457819188,138.83944661928726,71.65869831276753,139.15240876298378,496.55437683,297.247363209,110304.0214844401
AUSejoEUCh2DBs9mof6BNC8Pubs22w4cJa1ccV9h44R,4xkyD7AfGQDwsQMy9MosRRNGoVJ1zosNinesxg1TzHG7,Cbm5gsQe3nSiCsFrvepVzMCD9xLK3ri9g3ypS2hdmVJ7,2398.3340149999985,2398.891578999999,2399.437756367928,1.0004602116973809,0.2399437756367928,1.0,14268.019354,14608.630588,28883.216251405167
BSCrK1Nx9PXU9mF7STWWBqeHLxmtJDr9h7jheEy4tAWX,FfSySSbVJPvEo5a5AvrP3nySoXpRE2QPn1uUMpJJ1x7v,HL7Vcj6838ZmvBHDbQxXfjBNckNi83WvPiZQoMQLFeRM,0.036154957999999904,0.036111237000000074,108.60312577911654,3003.823867783689,0.04344125031164662,2999.4001199760046,0.83008691,0.974197115,5415.441816204087
BSCNHw8CmxbZ8hCWWzMf5FaG2ajPT6JxfznKUNuRVrn4,7n9kgNL633yGzCYksgnzHyjG73ZLBAwvEae5sbAekbzW,SscdxE99omdG9AiMVwmaEMQySQnCgeAh1sPj2Leutm2,894.9248426390004,894.4711404370009,896.1943584079299,1.0014185724973126,0.358477743363172,1.0,5405.145938899,6292.549455696,11705.362985967884
BSC8REUo9LpiiWUuqMuLXs2D2yJsJfGd4HdiF3wCLxk5,AZjEH1zWVx1UJ6udMyRijGTzPteuLnaY18yNNmprJEsh,Caf8ypkSVR8xYnXNhjvfvdGCC7mrM3C11rz8Xi6NA6aK,1891.4669469250002,1891.7331465789994,1895.3257296583208,1.0020401005365671,0.7581302918633284,1.0,2729.252929,3625.025823235,6359.846702599881
MATgk4zXLXtYkwBH678J1xZbRDZ45LicNzkRBHkxTuY,y8dALFo1bJrSzPYjMX14HJX448pXqYmrfXHD1K8MXih,GN7Yuet3UyiWS5YVkEHv6oQKi4HGBJc3XDPt9zQhAqZz,77.59214399999928,77.65560200000255,77.68381089685757,1.001181394044973,0.031073524358743027,1.0,3569.269725,4491.58228,8065.068718998017
ALBpShJ9NLpE739pcHDF2LNVk5J4VYPvvKuV6jMPitZi,D6d156U1bPiJpDYRLextvDRccgFk7QzkQbJg42ceKEu5,GNcM8U5g8RwTZffwwm3kSQqUNPSwv5d2fbN9sLxPJqt2,635.7756780000054,634.1495329999962,637.0395644959655,1.0019879440810568,0.2548158257983862,0.9991487252860562,42050.703304,58359.87793,100444.49539234681
Dg3mAgpwDfVNnbGWcsxL8sUcSkEbjSJQhKAWNigG44Ju,EATxwd8YA2wV93VJcKMmH2Kn2Y9XfJVUB9hHVu3udwEy,GiGvrRi7NMHfHKanG2B8xyCEqe8jaafWins8bhrLVEaa,0.025545339,0.02599435099999997,4.242447729486057,166.07521745888974,0.0016969790917944227,164.7675286699619,0.170420481,0.289641161,76.02607674059213
BUSDTd9WiT6uBHJRgNvFXBsA7JrifsAtWzKfioN7ERcy,DyBxrn7gSc1EwnpWhDyhzvMHPtxpmBqRqotapLcKcfTM,Cds99GeBgoCpqBsoRWu1C6fF9LiUMd4pXQQD24s9LPff,690.61336043,691.5763757200001,687.9771558048438,0.9961828067972581,0.06879771558048438,0.9989808197880359,156.55246836,107.42364737,263.2690406562072
KEVpg4SYCVrqFxKijQH6hm4QxsRdoE51ud64bEEFUC9,2bPenuBYfqzD8p5dFjCcggwkHDsc2RQDnx9AoyYGUBjA,AE6n6iLuX8oYu61vt5hoDYkjswpnxFxrhSehxrnQTnbx,2621.775822296001,2618.9496585939996,2626.591304476794,1.0018367253751603,1.0506365217907176,1.0,1866.707781649,5774.618682266,7644.755093465565
Sid7E679i9ABqptiAVhkmQ27YHN8vaYT4fppPwmxFsJ,GP7KB8o1bv527HG8kTzzzf4wJ5aEGHvcMQvVhLziUfmT,9gYxhAZ1M9wu5pxr8SBoa5NDm21gi3s9vMHaYTME77sa,6039.946459000008,12969.467699999968,51.232811559561625,0.008482328760252601,0.020493124623824653,0.019012193356135798,129083.398244,11309.157925,1309.9397185613968
BkMBnJpvHKtWhUvrgRrLesXfi9RUV3ELgdBaJcdH7hcY,5uerVwBnZQsuVhZ15igs7ZgmcqhHnYWbwoRtLyRqLvR,9YWiQh5d4jCtgMdzcGLv9bWgnLaFtzvDDh2nnhJdzhBX,0.056494236999924397,0.05623457199999393,0.05680594416732578,1.0055175038013489,2.2722377666930315e-05,1.0,986.482241645,1887.573886459,2879.4990476222397
HEDSDjj84KS7LKhZY7ejkCACTdPen62rKhCby1wXtgxc,EnnjMSFttpCTywBrYNt1J5QQeoSVkvzPipJDa8Y7kJow,6bjVT6JN2rSvpyn9PdfLYC8wJn4LWh49jpY47fnLDXZk,14.471777632001249,14.94171975399513,13.982806927831762,0.9662121187456452,0.005593122771132705,1.0,39107.540192276,9061.304701157,46847.48396926647
DFWzVTzNBrQZLjoQ4yQwkj9HuoXmfkuZP9V5vbymZe23,DhgiEgiNdqZdRdo195UUHnoEJUtefK8buko8nU97XJUZ,2K2kkXsouBHtWVjtcgkyiXd8eP3oVBvq1bTJzcVdLLr2,5.3980205099978775,5.490722385999106,5.311106383780961,0.9838988892213472,0.0021244425535123846,1.0,45452.130483581,22563.552477933,67283.85317347207
KysFMBBoavfov2tLpvefWW6tPFt6rAeZWDJVy1mMQae,B8ka2V21TH3x64dFV8ETcjuQcwmrciJ2qzy1mJUttRew,7fSf7EYxBANyxzk2s5pymFgshA91tFYQNKKs5UnLWcYS,39.07849400000032,51.63112399997772,0.0,0.0,0.0,0.019354368460957266,134439.107545,2659.455375,51.472079233223276
Cob4usZcpHEY7Qt4ZCwj6WVg9S44zvzYV2v9qYF65dTf,NhFM9UXE48PyNAyeyPYA3iXztqKVJwA4bTdLj4ysM8w,6TuFuynuBoeskxyR2cz4wxyidk8dpDK7kAWw3UkjQGx,41.707340000000045,4901.719496000034,0.3537753695956341,0.008482328760252601,0.00014151014783825365,1.0,71836.291141,180.290747,789.6297853751834
BSCuChvaSj9b5HUSqgDVRzcnr2sSn7cXaamt1jbKH6hn,GnKpRj5kBVPMJfiwZtEuD9GYApLzPdW5JFuZTcyX4BTc,3dmwD9okkomV9nDwyuh4UMhKdUR13QpuKxRo89ycZB5t,1305.579627708,1308.849096194,1305.1786194082586,0.9996928503698809,0.5220714477633034,0.9975221549670619,1624.442427813,1487.39868769,3107.656625161856
ALLwa5WNZbvQsRKAqe1jdRGemdYQnW8E5k4msbRFcYtu,CGoM82Hbz7QVqTgvQatYtjvDWBvoUJp5qm21P8iMs9yb,3dxNNww8TivyN5FMy5dCNdi3Zcxv6e4kUfSPxfFwpdNq,4.193537915999999,4.094722486,12573.195562618052,2998.2310436842263,5.0292782250472206,2957.1625433963604,0.857606955,7.798121054,25631.61528551985
ionytDfEj1mXodptgrsKEZro7DGsfpzANUfarJdm6Qb,3gkSjY95an9xNFSjCfsay6JZez7uv7yfW3Ad4ubc4fMK,9wXqANaSuEqkKL9yHzCPEDGHwbkStVAqV5rB3QDs3Jr6,0.00042030399999999635,0.001571102000000213,0.33759981108084436,803.2276901500992,0.00013503992443233775,3000.9302883894006,3.152466539,0.08412514,2784.6020970374466
GokA1R67GqSavkd15zR62QD68Tuc5AEfvjssntVDEbM8,3YB7hfpBdbQEuZqLGWVDpRPmeZWCUsrrWyqGXegnQ6Cg,4DPCj6Z1DsG6HUtwSogBGqXEUxdEV5a8YVrrFtcnz7UW,13684.580617000001,13683.094994000005,13684.909054817319,1.000024000576014,1.3684909054817318,1.0,17166.34096,15230.008588,32396.761550071093
moFiBS1R4Lf3E3zzmBPnw3NF4RhWPkhREFviuzUaCAU,44ALBrpqi9PfZkBRTvbtRNtFJGsatfY4QydjtMbFWq8S,2ho8qEEie1UjVwWNBo9y4oAJZMyMLx8zPj9bxyUz6uWs,138.31126373799634,138.28829600000245,138.29132185280253,0.9998558187912187,0.05531652874112101,1.0,34013.885328999,30504.437497038,64513.41866293491
BUSDgu5JdqP1rndBvXvanbEufS94FNh1w5FJcAj6vawb,Bgzr8cWubt89JQFXndVjtdKmDbGzuPxNhvjH1EhWCwbo,Dxaf8xPBBQsasRKW5Aa4Sw2YrbfGofY9xZueyyF23FBW,5734.329538069995,5722.931673410002,5744.032012303257,1.0016919980215382,2.297612804921303,1.0,6572.97533511,8477.24869313,15061.345489502626
Lid8SLUxQ9RmF7XMqUA8c24RitTwzja8VSKngJxRcUa,4PgzyzLtds9bKZ2to9PMnKqJzKEUpjvNUaeN23phegax,AtymwxoVN9peZo7EXTcDz9jKVc4vRmisJKKrNfe3ewBa,122.40880351699616,103.68487301499977,20122.78016276517,164.38997510478217,2.0122780162765173,139.3255389982633,973.813077794,7668.509969763,1228504.392466053
