0,1,2,3,4,5,6,7,8,9,10,11
Lee1XZJfJ9Hm2K1qTyeCz1LXNc1YBZaKZszvNY4KCDw,9DgFSWkPDGijNKcLGbr3p5xoJbHsPgXUTr6QvGBJ5vGN,2hNHZg7XBhuhHVZ3JDEi4buq2fPQwuWBdQ9xkH7t1GQX,540.5474158539655,456.53569393701673,90701.00370674743,167.79472262106097,9.070100370674744,141.6506034882311,6903.872691561,54988.647728083,8947608.5389763
KwnjUuZhTMTSGAaavkLEmSyfobY16JNH4poL9oeeEvE,J63v6qEZmQpDqCD8bd4PXu2Pq5ZbyXrFcSa3Xt1HdAPQ,BnKQtTdLw9qPCDgZkWX3sURkBAoKCUYL1yahh6Mw7mRK,103.70093799998381,2536.0919800000706,1.9175613263661673,0.01849126308159784,0.0001917561326366167,1.0,279421.11722,537.754821,5704.604210069008
C98Sspw7XqnMsgxea3SLQVdbMDL8pKUc3RE82UvX9eq2,CSqgQJurPCzGxb4Cgwx5R61hWQUiaoUHcShNc8r1cKEL,6S2CR5EnukPhC914XkAns8m5GixjMAoUuZMsS5ubHuWc,7.492272000000185,7.46588399999996,0.0,0.0,0.0,1.0,877.402504,1242.311292,1242.311292
MATSnbbiTCv7Dc3trJrkrqjx7ckKdr6fwPoVwv9q3sD,631WX9JizSHJm4w6VanZeJAst9T8DeUUnPLesdGkCVtK,211maUSfpnXbPuW1iBu8b4dtJv5EbN1j7JJiEX5TZKEP,939.3974400000006,938.7688780000026,939.6003936850366,1.0002160466660799,0.37584015747401467,0.9986019572598361,20716.382391,24833.217563,45519.35775981995
NorjjEePhxfwLF4vZjUHCrVVKLzQjEEGQFd3wgjEJmh,34M8pFVqgbV7aqHxvRT5tCv3vu2P1JJYT8J3VaxBK2oG,3AZWBSze3ucsY3xSeuLne3b2pauVqiaJ1SZSV5T9WGWw,439.2712850000007,715.9054409999985,260.279912519376,0.592526580742412,0.10411196500775041,1.0,38124.370231,2258.542667,24848.245402932233
ercAoEmXjQzEvAFbdjAo81KtMxRGn9AW1ju882upmPH,CMRhskR2Eg6V42RTSdRTXGdozyPbWB8U9dVpijPWb9T4,7TKLLgrWswt6ZJ1pXhVR3FyufHGjJFqiEXxvWJfDcgRm,0.09740712499996107,0.09972944200001166,13.808467458695088,141.76034308271193,0.005523386983478035,138.42332510545089,265.685651967,830.206920186,152583.69159269772
parEAJhzYzHW87y9VoZAQ22dzQ2MD2ekEtTReaxbMcz,3oyc6hpjYSJEquK6dSvG72NXyz3pqLZz5D8AC71pwgQb,Di2vordgFJVZ1aj1aBpvzXtLfZgJsuLLXawGtVFwX6Rz,4.166436563000019,4.834012483999487,574.8460644623854,137.9706748849359,0.2299384257849542,163.03003714313334,1102.092605141,140.912158335,175029.37492427506
wrmcMSHFi3sWpAEy4rGDvQb3ezh3PhXoV2xNjgLBkKU,8p4mGnARWPBu6P2Gcw4adodLkNDorrXniZMhaY7eJXUn,AyY89zccbsgp9LKFgH4CFZMJmpSgqmPSdTfukhP227rc,0.0022785700000000075,0.025240320000008865,0.6777424152290326,297.441998810232,0.00027109696609161303,3286.230693394676,27.14754332,0.08953989,8369.068282689344
SRMuKizofcAMicegrfSv7xs9q76tH1w8aAF7oX9FEWu,72Hj2KWntXPfbie4UgKeTPnm1XVkomDfCnRPKbvfTtPi,6aqJQ5wedqpUt4fFEDUqUmXhrdxCu4bEJsQdVPCADLko,20999.361648,21007.758912999998,964.4343304968916,0.04592684038034772,0.38577373219875666,0.045945192072267375,16855.345241,5011.886886,1004.3848560608087
BSC8REUo9LpiiWUuqMuLXs2D2yJsJfGd4HdiF3wCLxk5,AZjEH1zWVx1UJ6udMyRijGTzPteuLnaY18yNNmprJEsh,Caf8ypkSVR8xYnXNhjvfvdGCC7mrM3C11rz8Xi6NA6aK,270.99575102200015,271.1485526669999,270.8580126802439,0.9994917324672554,0.10834320507209758,0.999821769771677,3350.976595222,3001.758184129,6350.496582698133
BUSD5rCfUDpCxKGMvYU2yThChxgHoioK74PTPociGnv2,CcFHbafgYDZ8yA8Me1PdtDiVb2eeaS61LbqyKKK5CsNZ,26R9s4nmF3CFDTkiePDwRmtscn8i7r2eygbSijditJ58,0.13420566000000633,0.13427633000000583,0.13401550941416387,0.9985831403396663,1.3401550941416387e-05,1.0,76.34264217,71.45974767,147.69422302994604
KEVpg4SYCVrqFxKijQH6hm4QxsRdoE51ud64bEEFUC9,2bPenuBYfqzD8p5dFjCcggwkHDsc2RQDnx9AoyYGUBjA,AE6n6iLuX8oYu61vt5hoDYkjswpnxFxrhSehxrnQTnbx,2476.59928125,2476.6445755799996,2477.830101229674,1.0004969798663,0.9911320404918696,0.999818568923209,3312.905287216,4323.618429129,7637.385724824475
2jQoGQRixdcfuRPt9Zui7pk6ivnrQv79mf8h13Tyoa9K,,,0.0003072789999999997,0.00036713499999999977,0.0,0.0,0.0,0.999818568923209,3312.905287216,4323.618429129,4322.83399038177
Lid8SLUxQ9RmF7XMqUA8c24RitTwzja8VSKngJxRcUa,4PgzyzLtds9bKZ2to9PMnKqJzKEUpjvNUaeN23phegax,AtymwxoVN9peZo7EXTcDz9jKVc4vRmisJKKrNfe3ewBa,176.71986271800506,149.79204357700337,29313.830362497683,165.87739437798382,2.9313830362497684,140.6190698301645,975.73145658,7666.13618108,1239856.7306049643
KEN5P7p3asnb23Sw6yAmJRGvijfAzso3RqfyLAQhznt,9zj4aX38Uxf3h6AUjS4EipWS8mwbEofasHAf3a1uKGds,CwQDG1MWunn9cLNwcZLd8YBacweSR7ARo32w4mLua1Yr,72067.38673200086,72071.95443899906,72061.11741478577,0.9999130075683416,7.206111741478578,1.0,1130393.852513,1100743.541755,2231039.058558038
SUiuyGR7SFq3xeRVJonq84fjjeFwRSsFekcevJ53tzy,49GjCCPsv7fBqo6t3iKDrP1xxGDS8uWZbVCdfnp2gjMf,CEwj5xEbbJEjYqM8D6Ai8ByGz1mrh8mkAVsE5fzDSSSx,3.7207590000000437,0.03307599999999988,0.03191870988451141,0.008578548055520671,1.2767483953804567e-05,0.9537998431953058,641.350005,1.70047,7.123759857659245
SEQV6QiTpvTzrceiaYg9Avnwf7oc8ZALpnQMz6TyT4A,3dFMPj4r9mMmPHF32mz1gNDX7f8ftidWof7S8YiYTs1j,Fc1ED3YPeQfXQosHbd8DTaBd2AV5gHQtwiSAL5C5pUhi,42.257933288000004,42.35910100000001,42.33469756739273,1.0018165649244972,0.01693387902695709,0.9988193954745491,1316.687471046,4309.353519057,5623.345196113061
Sid7E679i9ABqptiAVhkmQ27YHN8vaYT4fppPwmxFsJ,GP7KB8o1bv527HG8kTzzzf4wJ5aEGHvcMQvVhLziUfmT,9gYxhAZ1M9wu5pxr8SBoa5NDm21gi3s9vMHaYTME77sa,308.4896410000001,665.2218399999838,2.646393209948821,0.008578548055520671,0.0010585572839795286,0.017606709423973615,127663.358638,11944.196668,1305.464257041523
Cob4usZcpHEY7Qt4ZCwj6WVg9S44zvzYV2v9qYF65dTf,NhFM9UXE48PyNAyeyPYA3iXztqKVJwA4bTdLj4ysM8w,6TuFuynuBoeskxyR2cz4wxyidk8dpDK7kAWw3UkjQGx,170.78970200000654,503.6640329999889,1.4651276659951111,0.008578548055520671,0.0005860510663980444,1.0,71553.718189,182.666458,796.4934680355201
SAMyS8Jr2HJrkFwYVKbpUwsNStnQmvz3f8Tup8bWUWF,6jPzm5TFfquvgm25sTyN3MMGBfufRaFHMxobDWv6hMFW,Cj9ECoDmxsHTDzCY5ZA6RWrPbg9uFzEC1Qc2kso2vJG6,619.9081512200064,11.638693779999983,599.8922252193277,0.9677114650593213,0.23995689008773108,0.01851644159098673,446.46476253,110619.13291577,2480.321782925721
MATgk4zXLXtYkwBH678J1xZbRDZ45LicNzkRBHkxTuY,y8dALFo1bJrSzPYjMX14HJX448pXqYmrfXHD1K8MXih,GN7Yuet3UyiWS5YVkEHv6oQKi4HGBJc3XDPt9zQhAqZz,312.1234489999997,311.95307600000024,312.3605306427575,1.0007595765185775,0.12494421225710302,1.0,3813.370749,4245.609636,8061.87693187757
FrnkTEL6yZ5Aycq2TrEgu29dCrwKG4LPUZydfiwqspkc,DjvZuMZ46fxKBoBpGMPcRcos4xdTtHFxwMh69DpA2ZFY,9rvDPJLAng4uVVqnnSoEXgNDFhBZQTny9AoQioYDZbQX,12.146730088001277,10.15394005099995,2045.8057251497846,168.42439984491483,0.818322290059914,141.6645098245046,174.466930906,1441.750136822,233629.31455292832
AUSejoEUCh2DBs9mof6BNC8Pubs22w4cJa1ccV9h44R,4xkyD7AfGQDwsQMy9MosRRNGoVJ1zosNinesxg1TzHG7,Cbm5gsQe3nSiCsFrvepVzMCD9xLK3ri9g3ypS2hdmVJ7,2540.546830999998,2542.2760529999996,2540.142948271223,0.9998410252769809,0.2540142948271223,1.0,14534.055732,14341.654823,28873.400007515665
BSCuChvaSj9b5HUSqgDVRzcnr2sSn7cXaamt1jbKH6hn,GnKpRj5kBVPMJfiwZtEuD9GYApLzPdW5JFuZTcyX4BTc,3dmwD9okkomV9nDwyuh4UMhKdUR13QpuKxRo89ycZB5t,125.87020189999998,125.91567161400008,125.69451603535254,0.9986042298971839,0.05027780641414102,0.9986248935216208,1613.888787999,1497.117377586,3106.6948520606284
KEnkcdADoLR5jS2CLLLesy8TtFsyWL37BhXNfDMzWzP,3qsjFRuw1qeLMPo4DLwaQevenGAGBj9dA3Q6rb8ax2YR,77iEv8zPQAEyCcEbvBRSB6AFcUdfkhiqnAKtPxk76rNN,1.441483999999999,1.6527740000000037,0.012365839765264152,0.008578548055520671,4.946335906105661e-06,0.9991567117352953,119.54402,0.295297,1.320562099825422
GokA1R67GqSavkd15zR62QD68Tuc5AEfvjssntVDEbM8,3YB7hfpBdbQEuZqLGWVDpRPmeZWCUsrrWyqGXegnQ6Cg,4DPCj6Z1DsG6HUtwSogBGqXEUxdEV5a8YVrrFtcnz7UW,3912.635569000009,3912.094429999999,3913.3986817429486,1.0001950380324163,0.3913398681742949,1.0,13781.207038,18808.433477,32592.328374505014
RoBgmK8CvjdHvPrqdDyVw54VwjZv2TqJ493xnqJAQHx,ExiHJxM7qPAcy27NDHAF6G7vnW7muNHi2sVJpnaNynGQ,6rkPHSqZb7StM4HwS9EuVrmfkV7tRdc7dnsFhyB6cefE,11.213954999999768,51.24247799999988,0.0,0.0,0.0,0.9553251735825841,6375.082254,17.217863,16.448657959196154
YAkoNb6HKmSxQN9L8hiBE5tPJRsniSSMzND1boHmZxe,CfWX7o2TswwbxusJ4hCaPobu2jLCb1hfXuXJQjVq3jQF,EnTrdMMpdhugeH6Ban6gYZWXughWxKtVGfCwFn78ZmY3,2543527.6893529985,2541887.752089997,2543527.6893529985,1.0,254.35276893529985,0.9962937871119436,295162.90491,1108221.491348,1399277.091483945
daob129AwBGn9Y5r91uLoWZeYiGzbPmksauMhFZKTze,6VW5GQNyj4LStgmxEHLr5zUfW92vQnmbw8jTnCH7a38F,4VPCCUifPeBA1c7HWK358CHn2nyjm8pdTRk6Ps3KmnMQ,26.350872406000178,23.57160289900004,4161.026292394114,157.9084831911157,1.6644105169576455,142.01799907716705,48.445975281,223.849848302,39440.73802291441
7oAd7xG4m3oC2qeWB1szghTebAZyyGPAFDJ4wwwbRSNi,D9yh4KAysxt9GLacVe4Wwh2XqghhcjTCSTV9HuM7TBJd,HDYfJLpZKaMFb84jM4mRytn7XLR8UFZUnQpSfhJJaNEy,10375.001918518043,271.92546965200006,10373.152893641598,0.9998217807677564,4.14926115745664,0.022745627459197504,954.719845788,300113.705117748,7780.824228357827
B2izdXFYb2sNwbWWHmh75T4aQFtfXsUxem9u2p61HGzf,4DYwgJtxwuJdAjkj5RJSNH4e7U329V5cNp7d3a1nLrZv,EXNW64GEf1ACC6xY9BtKRiunrs6GoJSXBdxWN2eTPmrF,19508.225911000034,19328.75694100002,19643.728349152487,1.006945912907234,1.9643728349152487,1.0,10746.749705,29123.985246,39945.38093848677
BSCNHw8CmxbZ8hCWWzMf5FaG2ajPT6JxfznKUNuRVrn4,7n9kgNL633yGzCYksgnzHyjG73ZLBAwvEae5sbAekbzW,SscdxE99omdG9AiMVwmaEMQySQnCgeAh1sPj2Leutm2,521.5422255530002,521.6966201550003,523.6094613633262,1.0039636978734254,0.20944378454533047,0.9998206691653165,4392.515462059,7306.210155263,11714.825992752434
JSoLLrxK5bYdHwTEWYaGgmeycBCNXKDiBCTw5hXGBg7,xG4wXczA7Dk4hccJ61CHKpDHW4NrNfQwgmWgkb9BuF2,BVR6WgfhsRr9Lob4QDnkEAiNGgAbv7ZieKcY9kSg3QYR,1.0206410809999227,0.8713444390000085,169.68216066553472,166.2505692003863,0.0678728642662139,142.01799907716705,17.186292244,163.743931718,26111.816411627813
ALLwa5WNZbvQsRKAqe1jdRGemdYQnW8E5k4msbRFcYtu,CGoM82Hbz7QVqTgvQatYtjvDWBvoUJp5qm21P8iMs9yb,3dxNNww8TivyN5FMy5dCNdi3Zcxv6e4kUfSPxfFwpdNq,4.982212999000003,4.935129758,16381.853151612806,3288.0676026699107,6.5527412606451225,3255.7064394617664,1.002594013,7.646127617,28190.14381238947
RajgMbScQbqqrdJfR2rxfHJiTiY5b6bJ2tTXiF4aPxy,725ZA3fhyBAKb5iopNRrcbSuQa3LXA1656Q3mBvYPxeg,GLA6i1dSZpUfk2f9Nj8uiG7xyDdAR2reff8oEiZH3617,146.58774951999658,146.63228250999236,146.56961885814383,0.9998763152997974,0.05862784754325753,0.9997654450289418,87504.0215334,93902.10398236,181373.27740180824
STK75uPSyBnEhGTTzb1nwmP3n427XoXmfRhXxxhyady,6TYyD5fUmDe6N65avW1Ny2RxzRNobw2RRgKwH9CTzSAU,54zDfk4cx2vGrEajPtodWpArNe5eUurytyxd4X3aZAxK,878.2939994939992,961.7661203720004,125032.7424159855,142.35864356128937,12.50327424159855,159.96258155292313,1885.619444569,335.109067597,322039.1379562438
BkwbeSfcX1h4thMDd7obGkHrPevf3QwgzJ4pCEqG18Lu,35yX27bmurdebhfAb8EPmjLETDiUaEUCn9zHaDPbakH2,2CxECn1ZJFoESyUnQysQU8rRgT3iJ5GRs2Mdd6gZjx5g,0.0020835500000018214,0.0013682899999999387,4.013155360379486,1926.1142570977308,0.0016052621441517943,1264.2225031605562,0.87747562,21.97560983,29472.178769699996
KysFMBBoavfov2tLpvefWW6tPFt6rAeZWDJVy1mMQae,B8ka2V21TH3x64dFV8ETcjuQcwmrciJ2qzy1mJUttRew,7fSf7EYxBANyxzk2s5pymFgshA91tFYQNKKs5UnLWcYS,46.912508000000344,61.592497000005096,0.0,0.0,0.0,0.01851644159098673,134404.719892,2685.456367,49.725095964698916
Dg3mAgpwDfVNnbGWcsxL8sUcSkEbjSJQhKAWNigG44Ju,EATxwd8YA2wV93VJcKMmH2Kn2Y9XfJVUB9hHVu3udwEy,GiGvrRi7NMHfHKanG2B8xyCEqe8jaafWins8bhrLVEaa,0.016060696999999985,0.016298666000000017,2.7282424884432666,169.87074025761578,0.0010912969953773065,168.83991780872802,0.181578179,0.278233277,77.82170330169292
iLiUBQ7Z7im6Ew3b4ewwPcehzWgEQRJ1iQz7g6D62NW,GpugBvKWM3TVhYcZjemSdtehBWgfvuGr6uAm9iPjXT6v,92fMXJ3xy8tEyMUWLHKRLyhPw2nECBo77GtDiBBbYrjX,11.458071822000193,11.514180377999537,11.240607091750107,0.981020826747434,0.004496242836700043,0.9998207891222953,1819.781564545,1142.951303012,2927.9900886554883
DEDaBEWzMCXohXYXoLzB4jK1xqMsd3SS9izXp2xvg9pe,GC5zHpW5GuVdw3C7covC6viyGdLS8ZAaVGDKMeru7p78,F8juxtAFueW19vxkdDArUkjVWAv9QV6yy1wCXUWQiXvh,15668.32471767068,0.13420565999999923,15664.649634219995,0.9997654450289418,6.265859853687999,0.0,33.20984789,8501042.21596668,33.202058355089314
BUSDTd9WiT6uBHJRgNvFXBsA7JrifsAtWzKfioN7ERcy,DyBxrn7gSc1EwnpWhDyhzvMHPtxpmBqRqotapLcKcfTM,Cds99GeBgoCpqBsoRWu1C6fF9LiUMd4pXQQD24s9LPff,709.1481324000001,709.1243316399999,706.3182612232267,0.9960094780660337,0.07063182612232267,0.996537033807519,157.11094259,106.36057657,262.4762414166538
DFWzVTzNBrQZLjoQ4yQwkj9HuoXmfkuZP9V5vbymZe23,DhgiEgiNdqZdRdo195UUHnoEJUtefK8buko8nU97XJUZ,2K2kkXsouBHtWVjtcgkyiXd8eP3oVBvq1bTJzcVdLLr2,2012.6734231729934,2048.056787215006,1957.9212327556593,0.9727962868754848,0.7831684931022638,0.9998207921212202,49532.028712303,18569.829349415,66751.07510242624
SoNcU2iwHMw6dGzsYNQkYFkUjwN1UdAjrWVRnStrZu2,8ivTTid27jZnYNc4w3CTA1Z6QS2twsFb8WMwUabeDJgc,CyXm53PMvHCbeXJBykU46Rcbo28xk5srhMZFg7gv6EYB,4.095541242000017,4.057500298000001,689.5523876068736,168.36660818733142,0.27582095504274945,166.44194230423224,22.576601129,29.526482119,8715.59078978555
vEnkoSUkpnbRrPgBz9DfcVxNz67zjwMYBZraAvDDNSf,DtfyjjsZ5yCjWKLKHvwsfXs5QVsmm1QkK6Sh9JZHoq1g,e5wrKCRv4GhHvEf1VD5Pq2KGaZDXP77nTL612Jyrxwy,81.70624500000008,81.71446800000001,81.63538548539874,0.999132752770595,0.008163538548539875,0.9988752664499774,1019.424581,926.25733,1943.756025161535
SoN9GaFpSXfpyR5dth3x7PHPVhvJMpQqqDJfCSmPv1t,9kZ9iS68ViMPtoeqtnhAKuF2iqVyfHPdZHoUNdwCELr,BBhm5fJLjw3HRzjtKB8uMEYjGhY6EDm9co3cqpjrSzB9,0.9128677940000021,0.8957847419999987,154.6423642532982,169.4028042940223,0.061856945701319284,165.8858144902254,2.34173925,3.814315674,1029.4380581797036
AURHmCnNwiW4uA2Qj1XvEh4iKgRUZYXtiY7FKAapUV5Y,BKWm4TRnTeKwfWXRyuzjRHU7iZDkPuXBX5b5V5jSVfGJ,A5Ww74HVrkj9nPeC7pHKLfgeDMEhBCpW1efQdz3TGLEg,0.4165275280001879,0.3715654080000945,66.08393866612998,158.6544327175902,0.02643357546645199,141.9287060885002,289.872311813,1809.518623993,302812.1641375977
WiiQFxXqp8P9Fs1rt9SVcDyA3KUdJmUsog6wnVQAwba,3S2jpqSYxho6wiz3cafhjXruVY8cg4HYa2v3BqBHYFSj,Dfe67M6TfrG74gKRtdqys4e6E9QirPD53BkF4FujFjuv,14513.761769149998,14536.174001753996,14504.709090112678,0.9993762692828153,1.450470909011268,0.9998217957624105,16645.72843106,10155.980875019,26789.517015117828
C2ypsDADXcCRz8HbV2zX1AXPSja7a1P3xZtRC91xGhJh,J9bYNuDpY1d1T86gLaw7DGk5D3CsUAf2tzUwxMvb6FTv,A2NGvvPrMGzsJ4jb52KEnSBVmsA7C34dV1GC7PerdgvG,0.1798501520000001,0.17996153599999998,25.53916954103376,142.0024907236873,0.010215667816413504,142.68852578781187,1.320498336,0.899059098,315.79946999822437
MARpDPs5A7XiyCWPNH8GsMWPLxmwNn9SBmKvPa9LzgA,6YjT74rmcfCpw8LSjPNx5JTmZoYLGrTKnf9arfSgZ4SR,F8GSmi3vA8M8TsybLya1LQ4n1aFHCRbZ6k437PeTdXtg,38051.54240800004,39744.30079300012,36299.12934081358,0.9539463328872045,14.519651736325434,1.0,295446.0289,16519.02226,298358.678095242
heyk4SZTeCUV6a65WiVA5bzic3KcxgVf1qxobfeV4tQ,9ZDpBKPqMABtGfq66FbVribaArMvtk63xxy91onZAtDt,DaTP4s6N7xxSPinbNZ3FB52EpRDRt87QShTuN3VPCW52,51.53868505799983,44.726286557999856,8438.291017133053,163.7273245841817,3.3753164068532215,142.07673564492183,624.254580443,4475.048762176,738007.8522971675
HEDSDjj84KS7LKhZY7ejkCACTdPen62rKhCby1wXtgxc,EnnjMSFttpCTywBrYNt1J5QQeoSVkvzPipJDa8Y7kJow,6bjVT6JN2rSvpyn9PdfLYC8wJn4LWh49jpY47fnLDXZk,15.683541609001622,16.194217622993165,15.167881331547902,0.9671209290408134,0.006067152532619161,0.99982079811907,39104.953246432,9117.557780859,46935.14261114207
BUSDgu5JdqP1rndBvXvanbEufS94FNh1w5FJcAj6vawb,Bgzr8cWubt89JQFXndVjtdKmDbGzuPxNhvjH1EhWCwbo,Dxaf8xPBBQsasRKW5Aa4Sw2YrbfGofY9xZueyyF23FBW,5297.773672540008,5275.6505398300005,5312.9686033565495,1.0028681728884157,2.1251874413426197,0.9997654450289418,5745.22720712,9293.94182733,15053.467399106921
BkMBnJpvHKtWhUvrgRrLesXfi9RUV3ELgdBaJcdH7hcY,5uerVwBnZQsuVhZ15igs7ZgmcqhHnYWbwoRtLyRqLvR,9YWiQh5d4jCtgMdzcGLv9bWgnLaFtzvDDh2nnhJdzhBX,131.94216504500014,131.3458180460001,132.6464989861673,1.0053382020897335,0.05305859959446693,0.9998207991187117,986.42705962,1887.62729478,2878.981836916265
ALBpShJ9NLpE739pcHDF2LNVk5J4VYPvvKuV6jMPitZi,D6d156U1bPiJpDYRLextvDRccgFk7QzkQbJg42ceKEu5,GNcM8U5g8RwTZffwwm3kSQqUNPSwv5d2fbN9sLxPJqt2,108.59887400000298,108.35012400000414,108.81105555834175,1.0019538099293623,0.0435244222233367,0.9985231842105526,40758.197655,59646.947818,100396.69168995129
KZMu9QBEdL97EFgamLbN5DE1AoKBG4HdrKKJo4Vuon3,DD4ACBWyVqdaKWh7v5btsgqQCCMwbKnuL2xd9pv7Gyuw,GcYqiJ1MAuYbNTNYXm1F1gQYTfTgkErACAhNU5dpVj9T,17.116993219999813,17.592996950000042,16.570570857795694,0.9680771993549856,0.0066282283431182785,0.9997654450289418,2383.24227853,813.72736109,3120.699007676087
