0,1,2,3,4,5,6,7,8,9,10,11
DFWzVTzNBrQZLjoQ4yQwkj9HuoXmfkuZP9V5vbymZe23,DhgiEgiNdqZdRdo195UUHnoEJUtefK8buko8nU97XJUZ,2K2kkXsouBHtWVjtcgkyiXd8eP3oVBvq1bTJzcVdLLr2,31.369603873004962,31.472612202003802,30.864518405963253,0.9838988892213472,0.012345807362385301,1.0,45452.130483581,22563.552477933,67283.85317347207
Cob4usZcpHEY7Qt4ZCwj6WVg9S44zvzYV2v9qYF65dTf,NhFM9UXE48PyNAyeyPYA3iXztqKVJwA4bTdLj4ysM8w,6TuFuynuBoeskxyR2cz4wxyidk8dpDK7kAWw3UkjQGx,173.92080999998728,2358.694895999977,1.4568054586258647,0.00837625732438787,0.000582722183450346,1.0,71979.548073,179.07325,781.9924667525951
B2izdXFYb2sNwbWWHmh75T4aQFtfXsUxem9u2p61HGzf,4DYwgJtxwuJdAjkj5RJSNH4e7U329V5cNp7d3a1nLrZv,EXNW64GEf1ACC6xY9BtKRiunrs6GoJSXBdxWN2eTPmrF,223606.45803799998,222367.94715100032,224333.7480491754,1.0032525447500797,22.433374804917545,1.0,12258.764547,27654.789911,39953.42663826981
C2ypsDADXcCRz8HbV2zX1AXPSja7a1P3xZtRC91xGhJh,J9bYNuDpY1d1T86gLaw7DGk5D3CsUAf2tzUwxMvb6FTv,A2NGvvPrMGzsJ4jb52KEnSBVmsA7C34dV1GC7PerdgvG,20.212226932000004,20.314650378999996,2654.544784170938,131.33361272370547,1.0618179136683752,131.98154317307652,32.723854783,19.823706839,6914.10549091919
HDSBGqAuMRr6X2AfmmbXQPpRgU6VEhtfNVVZ3wUTZXg,DCZ1d8kNLgDcdSd99y4udLgwq46mfDXNS9KXj96kQf5L,Fq8GGYQM5Pz3q7LmVMbrXHJgsxA5ev86kTq8yGgGuYsa,6.098562001001483,6.132053162000375,6.065091164639937,0.9945116838434946,0.002426036465855975,1.0,13572.673636604,12830.334198923,26328.51671152025
YakoMPuYrybnr9R7VC7hVGxMz94fJvPFCdZ4gmW61Ed,,,0.3644790000000002,0.36430899999999977,0.0,0.0,0.0,1.0,13572.673636604,12830.334198923,12830.334198923
SoNcU2iwHMw6dGzsYNQkYFkUjwN1UdAjrWVRnStrZu2,8ivTTid27jZnYNc4w3CTA1Z6QS2twsFb8WMwUabeDJgc,CyXm53PMvHCbeXJBykU46Rcbo28xk5srhMZFg7gv6EYB,1.761342014000011,1.7488006880000064,273.7904285534876,155.44421604507633,0.10951617142139503,154.31551040626644,15.87887271,18.795960641,5368.787179977517
BkwbeSfcX1h4thMDd7obGkHrPevf3QwgzJ4pCEqG18Lu,35yX27bmurdebhfAb8EPmjLETDiUaEUCn9zHaDPbakH2,2CxECn1ZJFoESyUnQysQU8rRgT3iJ5GRs2Mdd6gZjx5g,0.017578410000000044,0.026961000000000013,32.75642889087665,1863.4466308884912,0.013102571556350659,1201.923076923077,0.85989721,22.00257083,28047.77019109645
moFiBS1R4Lf3E3zzmBPnw3NF4RhWPkhREFviuzUaCAU,44ALBrpqi9PfZkBRTvbtRNtFJGsatfY4QydjtMbFWq8S,2ho8qEEie1UjVwWNBo9y4oAJZMyMLx8zPj9bxyUz6uWs,55.175871572995675,55.207242589996895,55.18113530149209,1.0000953991001202,0.022072454120596836,1.0,34152.196592737,32962.32448072,67117.77916227907
heyk4SZTeCUV6a65WiVA5bzic3KcxgVf1qxobfeV4tQ,9ZDpBKPqMABtGfq66FbVribaArMvtk63xxy91onZAtDt,DaTP4s6N7xxSPinbNZ3FB52EpRDRt87QShTuN3VPCW52,164.32818051700542,142.82422994699982,24845.852182553102,151.19653917169697,9.93834087302124,131.4403815346243,627.921324898,4470.998371436,682609.2629789159
FrnkTEL6yZ5Aycq2TrEgu29dCrwKG4LPUZydfiwqspkc,DjvZuMZ46fxKBoBpGMPcRcos4xdTtHFxwMh69DpA2ZFY,9rvDPJLAng4uVVqnnSoEXgNDFhBZQTny9AoQioYDZbQX,42.18363234099854,35.26064594200028,6613.671803710102,156.7828903458897,2.6454687214840407,131.30176243729684,174.151241575,1442.23773402,216672.29134185315
BUSDTd9WiT6uBHJRgNvFXBsA7JrifsAtWzKfioN7ERcy,DyBxrn7gSc1EwnpWhDyhzvMHPtxpmBqRqotapLcKcfTM,Cds99GeBgoCpqBsoRWu1C6fF9LiUMd4pXQQD24s9LPff,2074.33670704,2076.2753774299995,2071.141267446932,0.9984595366884157,0.20711412674469323,0.9989431181809645,137.2404548,126.64209426,263.53728944756745
WiiQFxXqp8P9Fs1rt9SVcDyA3KUdJmUsog6wnVQAwba,3S2jpqSYxho6wiz3cafhjXruVY8cg4HYa2v3BqBHYFSj,Dfe67M6TfrG74gKRtdqys4e6E9QirPD53BkF4FujFjuv,64818.217240011,64821.18210087702,64674.998078565906,0.997790448927116,6.467499807856591,1.0,20850.81878826,5965.98761125,26770.73545048589
SUiuyGR7SFq3xeRVJonq84fjjeFwRSsFekcevJ53tzy,49GjCCPsv7fBqo6t3iKDrP1xxGDS8uWZbVCdfnp2gjMf,CEwj5xEbbJEjYqM8D6Ai8ByGz1mrh8mkAVsE5fzDSSSx,3.0340629999999207,4.090662999999901,0.025464608885870543,0.008392907097140438,1.0185843554348216e-05,0.9527139485896499,646.415832,1.655741,7.0027555700485165
ALLwa5WNZbvQsRKAqe1jdRGemdYQnW8E5k4msbRFcYtu,CGoM82Hbz7QVqTgvQatYtjvDWBvoUJp5qm21P8iMs9yb,3dxNNww8TivyN5FMy5dCNdi3Zcxv6e4kUfSPxfFwpdNq,3.017138938000002,2.9699930410000004,8821.785731411368,2923.8911142949037,3.5287142925645476,2880.4581080575053,0.861626377,7.793108926,24967.025500424428
parEAJhzYzHW87y9VoZAQ22dzQ2MD2ekEtTReaxbMcz,3oyc6hpjYSJEquK6dSvG72NXyz3pqLZz5D8AC71pwgQb,Di2vordgFJVZ1aj1aBpvzXtLfZgJsuLLXawGtVFwX6Rz,18.352447179000023,21.480522962000663,2362.418987428461,128.72501222243991,0.9449675949713844,148.90542599459891,1101.194926861,141.692978301,162850.18371382495
GokA1R67GqSavkd15zR62QD68Tuc5AEfvjssntVDEbM8,3YB7hfpBdbQEuZqLGWVDpRPmeZWCUsrrWyqGXegnQ6Cg,4DPCj6Z1DsG6HUtwSogBGqXEUxdEV5a8YVrrFtcnz7UW,7560.453914,7560.850610999991,7560.0985893663,0.9999530022088963,0.7560098589366301,1.0,15559.495996,16835.813795,32394.5785290575
wrmcMSHFi3sWpAEy4rGDvQb3ezh3PhXoV2xNjgLBkKU,8p4mGnARWPBu6P2Gcw4adodLkNDorrXniZMhaY7eJXUn,AyY89zccbsgp9LKFgH4CFZMJmpSgqmPSdTfukhP227rc,0.012245760000002298,0.06930379000001011,3.4829758610201966,284.4230052703583,0.0013931903444080788,2918.9410082022246,27.1071521,0.09332571,7982.309906641293
JSoLLrxK5bYdHwTEWYaGgmeycBCNXKDiBCTw5hXGBg7,xG4wXczA7Dk4hccJ61CHKpDHW4NrNfQwgmWgkb9BuF2,BVR6WgfhsRr9Lob4QDnkEAiNGgAbv7ZieKcY9kSg3QYR,1.795705851999962,1.5439009890000044,277.141660026364,154.33577816639527,0.11085666401054559,131.4566580825469,16.987556595,163.980578077,24178.12655068158
BSCNHw8CmxbZ8hCWWzMf5FaG2ajPT6JxfznKUNuRVrn4,7n9kgNL633yGzCYksgnzHyjG73ZLBAwvEae5sbAekbzW,SscdxE99omdG9AiMVwmaEMQySQnCgeAh1sPj2Leutm2,81.24874710800032,81.20063882900013,81.3286294704529,1.0009831826987607,0.032531451788181155,1.0,5455.848380075,6241.462769549,11702.67524535835
NorjjEePhxfwLF4vZjUHCrVVKLzQjEEGQFd3wgjEJmh,34M8pFVqgbV7aqHxvRT5tCv3vu2P1JJYT8J3VaxBK2oG,3AZWBSze3ucsY3xSeuLne3b2pauVqiaJ1SZSV5T9WGWw,0.002903000000060274,0.0009789999999156862,0.0017201077215595764,0.592527634007531,6.880430886238306e-07,1.0,38124.370231,2258.548884,24848.291775001577
BUSD5rCfUDpCxKGMvYU2yThChxgHoioK74PTPociGnv2,CcFHbafgYDZ8yA8Me1PdtDiVb2eeaS61LbqyKKK5CsNZ,26R9s4nmF3CFDTkiePDwRmtscn8i7r2eygbSijditJ58,157.23013074000002,156.9355988,157.22705852327647,0.9999804603818041,0.015722705852327646,1.0,59.08832563,88.77460195,147.86177301667738
CZgvH45CRmoaNJ7395Ao5CQZXkGznvqU7cErD6n7FaRg,4ZjU6MKvtqVQKCiowhvZ5yUsPxXX5SCzd5eFsPeXyey5,BsyWeshjDbCvjDojry3vKDCesmFRM37WtwcR4Kfgzqr,9.56624745000002,9.875021999999944,9.893712003313698,1.0342312442810244,0.003957484801325479,1.0,203.87706905,601.63290662,812.4889414239498
SoN9GaFpSXfpyR5dth3x7PHPVhvJMpQqqDJfCSmPv1t,9kZ9iS68ViMPtoeqtnhAKuF2iqVyfHPdZHoUNdwCELr,BBhm5fJLjw3HRzjtKB8uMEYjGhY6EDm9co3cqpjrSzB9,1.0431821719999967,1.0214603680000005,163.97001774590763,157.18253450549588,0.06558800709836306,154.31643912964913,1.548389863,2.432831917,618.8058015013556
Lid8SLUxQ9RmF7XMqUA8c24RitTwzja8VSKngJxRcUa,4PgzyzLtds9bKZ2to9PMnKqJzKEUpjvNUaeN23phegax,AtymwxoVN9peZo7EXTcDz9jKVc4vRmisJKKrNfe3ewBa,275.6349125229899,233.5895726140002,42773.19430645283,155.18061161024093,4.277319430645283,131.6062210260679,974.436593689,7667.764195996,1160339.1361380783
HEDSDjj84KS7LKhZY7ejkCACTdPen62rKhCby1wXtgxc,EnnjMSFttpCTywBrYNt1J5QQeoSVkvzPipJDa8Y7kJow,6bjVT6JN2rSvpyn9PdfLYC8wJn4LWh49jpY47fnLDXZk,20.934493238995856,21.52580069400392,20.276288537409894,0.9685588423817258,0.008110515414963958,1.0,39119.791281271,9049.438318512,46939.25807611457
oKQqupM9E7SSLAFDLxr7mdsXP7znck9qRbVWc6Yyj7Q,CMR2J7CwfW98RpvnJmFBgRFTLAd3x8CJ1SWs8Bt3uunG,FmRb5jHfSNj1YWP3b45d9vvYuhwjp4om8bALmtqZpr1v,27.13479617999974,26.81356185999948,27.467480379634242,1.0122604274389102,0.010986992151853699,1.0,2176.16186239,3720.11096757,5922.9535045691555
BSC8REUo9LpiiWUuqMuLXs2D2yJsJfGd4HdiF3wCLxk5,AZjEH1zWVx1UJ6udMyRijGTzPteuLnaY18yNNmprJEsh,Caf8ypkSVR8xYnXNhjvfvdGCC7mrM3C11rz8Xi6NA6aK,503.36592584600066,502.98944119399994,503.79016855452085,1.0008428117334465,0.20151606742180833,1.0,3044.821953997,3308.443824116,6355.831989782084
STK75uPSyBnEhGTTzb1nwmP3n427XoXmfRhXxxhyady,6TYyD5fUmDe6N65avW1Ny2RxzRNobw2RRgKwH9CTzSAU,54zDfk4cx2vGrEajPtodWpArNe5eUurytyxd4X3aZAxK,602.6154105819993,678.4156990929933,79311.19352686638,131.61162514956015,7.931119352686638,148.46967848297245,1683.449056834,297.703195807,265761.3639912357
KEVpg4SYCVrqFxKijQH6hm4QxsRdoE51ud64bEEFUC9,2bPenuBYfqzD8p5dFjCcggwkHDsc2RQDnx9AoyYGUBjA,AE6n6iLuX8oYu61vt5hoDYkjswpnxFxrhSehxrnQTnbx,3412.1283562060007,3407.171982825,3414.4587550364417,1.0006829751366775,1.3657835020145765,1.0,2359.728751591,5280.642801245,7641.983188902639
BerKDkt6v49dT1bHRedgnpsJS263C1DSJtEGvY9Mg35V,78XKqNb8wbfsMMrvo8WPUpdx7GEkfQutpNVH943aCGFa,DKYQwn4nDvFHCszi5tXbqfVMAP7DaXXp1KGTXEnYnKVH,0.0010502780000933853,0.0010502780000933853,0.0010521772357693425,1.001808317108221,4.2087089430773697e-07,0.9998349172568117,1338.317413093,1686.886143538,3027.3451831133043
ALBpShJ9NLpE739pcHDF2LNVk5J4VYPvvKuV6jMPitZi,D6d156U1bPiJpDYRLextvDRccgFk7QzkQbJg42ceKEu5,GNcM8U5g8RwTZffwwm3kSQqUNPSwv5d2fbN9sLxPJqt2,1358.152307000004,1355.1701199999952,1359.9651405323334,1.0013347792607545,0.5439860562129334,0.9988752664499774,42658.867328,57750.1458,100400.99977289673
daob129AwBGn9Y5r91uLoWZeYiGzbPmksauMhFZKTze,6VW5GQNyj4LStgmxEHLr5zUfW92vQnmbw8jTnCH7a38F,4VPCCUifPeBA1c7HWK358CHn2nyjm8pdTRk6Ps3KmnMQ,30.044252518000093,26.871796028000013,4369.57988712839,145.4381294562243,1.7478319548513561,131.82923210395103,48.184902337,224.172677762,36560.43403197505
YAkoNb6HKmSxQN9L8hiBE5tPJRsniSSMzND1boHmZxe,CfWX7o2TswwbxusJ4hCaPobu2jLCb1hfXuXJQjVq3jQF,EnTrdMMpdhugeH6Ban6gYZWXughWxKtVGfCwFn78ZmY3,5464896.839373963,5458577.720681955,5464896.839373963,1.0,546.4896839373963,0.9978645698205839,237942.700284,1139020.184868,1374530.5870742688
Lee1XZJfJ9Hm2K1qTyeCz1LXNc1YBZaKZszvNY4KCDw,9DgFSWkPDGijNKcLGbr3p5xoJbHsPgXUTr6QvGBJ5vGN,2hNHZg7XBhuhHVZ3JDEi4buq2fPQwuWBdQ9xkH7t1GQX,2773.5266428631003,2343.368347333985,432203.7462071467,155.8318350102397,43.22037462071467,131.51447066872214,6909.246011722,54990.873750048,8308776.13739191
vEnkoSUkpnbRrPgBz9DfcVxNz67zjwMYBZraAvDDNSf,DtfyjjsZ5yCjWKLKHvwsfXs5QVsmm1QkK6Sh9JZHoq1g,e5wrKCRv4GhHvEf1VD5Pq2KGaZDXP77nTL612Jyrxwy,2150.404593999999,2149.9914649999996,2147.882979382204,0.9988273766598014,0.21478829793822046,0.9980966297271103,1009.318325,937.106482,1943.4575961540436
RoBgmK8CvjdHvPrqdDyVw54VwjZv2TqJ493xnqJAQHx,ExiHJxM7qPAcy27NDHAF6G7vnW7muNHi2sVJpnaNynGQ,6rkPHSqZb7StM4HwS9EuVrmfkV7tRdc7dnsFhyB6cefE,0.35095500000000257,24.698749999999563,0.0,0.0,0.0,0.9510793323803519,6384.183291,17.085536,16.24970017224047
ercAoEmXjQzEvAFbdjAo81KtMxRGn9AW1ju882upmPH,CMRhskR2Eg6V42RTSdRTXGdozyPbWB8U9dVpijPWb9T4,7TKLLgrWswt6ZJ1pXhVR3FyufHGjJFqiEXxvWJfDcgRm,30.72658956700002,30.179876929999978,4047.347707337303,131.72134507514966,1.6189390829349213,129.50266186246324,314.115592607,799.570618804,144922.2518494067
BkMBnJpvHKtWhUvrgRrLesXfi9RUV3ELgdBaJcdH7hcY,5uerVwBnZQsuVhZ15igs7ZgmcqhHnYWbwoRtLyRqLvR,9YWiQh5d4jCtgMdzcGLv9bWgnLaFtzvDDh2nnhJdzhBX,0.0010525469999720372,0.0010525469999720372,0.0010583538105566046,1.0055169133394726,4.2334152422264187e-07,0.9999994130003447,986.482241645,1887.573886459,2879.4973571368637
AURHmCnNwiW4uA2Qj1XvEh4iKgRUZYXtiY7FKAapUV5Y,BKWm4TRnTeKwfWXRyuzjRHU7iZDkPuXBX5b5V5jSVfGJ,A5Ww74HVrkj9nPeC7pHKLfgeDMEhBCpW1efQdz3TGLEg,0.022615980999887597,0.0202444110000215,3.318317698357918,146.72446436767038,0.0013273270793431673,131.6402813468749,289.908872748,1809.477703296,280736.8780221679
BUSDgu5JdqP1rndBvXvanbEufS94FNh1w5FJcAj6vawb,Bgzr8cWubt89JQFXndVjtdKmDbGzuPxNhvjH1EhWCwbo,Dxaf8xPBBQsasRKW5Aa4Sw2YrbfGofY9xZueyyF23FBW,12007.644571929997,11975.70773134,12031.062312858237,1.0019502360173937,4.812424925143295,1.0,6390.81889321,8657.56600484,15060.848503236179
KwnjUuZhTMTSGAaavkLEmSyfobY16JNH4poL9oeeEvE,J63v6qEZmQpDqCD8bd4PXu2Pq5ZbyXrFcSa3Xt1HdAPQ,BnKQtTdLw9qPCDgZkWX3sURkBAoKCUYL1yahh6Mw7mRK,202.4562259999825,8108.313855999848,3.6719572965493517,0.018137043098638363,0.00036719572965493517,1.0,279687.529025,532.924474,5605.629242078094
TETFuZgEmET6d9vYmz9iMFCxK1jKdKYxf3oPz8hSzJK,Eu1Ze6Z84LWNkq7SNoAHBJbXx5t1P95EwyqYohrfCRFV,ASMbv7WNu3qe4pkhREmvyEdwFNDZQ6B6iSrjkj4u8bdC,35.04885088499998,34.896893143999996,35.16985209289841,1.00345235877477,0.014067940837159365,0.9976495376892042,48.235317706,304.548013604,352.23402830453216
SQDY9uoDoCbNq7F3HAHYYQZbrUzpKxDtdWLvYcqBLak,GiehZ4X2uQjhEKuxSm3ACmEFrabxh3RTvjbLfLjw1xGX,rxDQYV77NKRKYxCjq4cECX3QQsiSyLv1T1FT2X3zNA2,0.027044426999992766,0.0249167469999918,0.027102795417587307,1.0021582419769721,1.0841118167034924e-05,1.0,169.881517119,236.726896899,406.9750594393579
SEQV6QiTpvTzrceiaYg9Avnwf7oc8ZALpnQMz6TyT4A,3dFMPj4r9mMmPHF32mz1gNDX7f8ftidWof7S8YiYTs1j,Fc1ED3YPeQfXQosHbd8DTaBd2AV5gHQtwiSAL5C5pUhi,385.0285751270003,384.5421040379997,384.1125615435217,0.9976209205169344,0.15364502461740867,0.9990838401186112,1673.779703091,3953.006738337,5619.182800292681
KysFMBBoavfov2tLpvefWW6tPFt6rAeZWDJVy1mMQae,B8ka2V21TH3x64dFV8ETcjuQcwmrciJ2qzy1mJUttRew,7fSf7EYxBANyxzk2s5pymFgshA91tFYQNKKs5UnLWcYS,19.23108199998569,24.257259999996222,0.0,0.0,0.0,0.01820730443552513,134395.618855,2692.383405,49.02104431199076
SRMuKizofcAMicegrfSv7xs9q76tH1w8aAF7oX9FEWu,72Hj2KWntXPfbie4UgKeTPnm1XVkomDfCnRPKbvfTtPi,6aqJQ5wedqpUt4fFEDUqUmXhrdxCu4bEJsQdVPCADLko,107.81482999999935,105.42043199999989,4.606699450062207,0.042727883075660694,0.0018426797800248829,0.04279959513294988,16960.04137,4931.112914,935.716300889789
SAMyS8Jr2HJrkFwYVKbpUwsNStnQmvz3f8Tup8bWUWF,6jPzm5TFfquvgm25sTyN3MMGBfufRaFHMxobDWv6hMFW,Cj9ECoDmxsHTDzCY5ZA6RWrPbg9uFzEC1Qc2kso2vJG6,1733.4502784100332,31.72010303999997,1677.4679395667204,0.9677046757322273,0.6709871758266882,0.01816955372644572,440.11822338,110956.0967466,2441.927223753845
MATgk4zXLXtYkwBH678J1xZbRDZ45LicNzkRBHkxTuY,y8dALFo1bJrSzPYjMX14HJX448pXqYmrfXHD1K8MXih,GN7Yuet3UyiWS5YVkEHv6oQKi4HGBJc3XDPt9zQhAqZz,850.7966699999988,851.2004060000027,850.4088835491004,0.9995442078412244,0.3401635534196402,1.0,4534.472409,3526.027365,8058.432997031794
MATSnbbiTCv7Dc3trJrkrqjx7ckKdr6fwPoVwv9q3sD,631WX9JizSHJm4w6VanZeJAst9T8DeUUnPLesdGkCVtK,211maUSfpnXbPuW1iBu8b4dtJv5EbN1j7JJiEX5TZKEP,658.2885650000026,657.9552639999965,657.4253654951075,0.998688721708397,0.262970146198043,0.9986867269540555,20173.773667,25379.299675,45493.28996034262
BSCuChvaSj9b5HUSqgDVRzcnr2sSn7cXaamt1jbKH6hn,GnKpRj5kBVPMJfiwZtEuD9GYApLzPdW5JFuZTcyX4BTc,3dmwD9okkomV9nDwyuh4UMhKdUR13QpuKxRo89ycZB5t,151.2613078070001,151.34359946099994,151.0107200141657,0.9983433450598344,0.06040428800566629,0.9981613867256515,1624.195100193,1487.122623398,3105.892749358509
RajgMbScQbqqrdJfR2rxfHJiTiY5b6bJ2tTXiF4aPxy,725ZA3fhyBAKb5iopNRrcbSuQa3LXA1656Q3mBvYPxeg,GLA6i1dSZpUfk2f9Nj8uiG7xyDdAR2reff8oEiZH3617,3901.3216671300033,3897.4950206400026,3904.843992605093,1.0009028544107927,1.561937597042037,1.0,65353.24691728,116074.38471108,181486.6360955989
Dg3mAgpwDfVNnbGWcsxL8sUcSkEbjSJQhKAWNigG44Ju,EATxwd8YA2wV93VJcKMmH2Kn2Y9XfJVUB9hHVu3udwEy,GiGvrRi7NMHfHKanG2B8xyCEqe8jaafWins8bhrLVEaa,0.009290833000000054,0.009218586999999945,1.4570870657713186,156.83061634745886,0.0005828348263085275,156.3977959171417,0.19596582,0.26364681,71.96722031822063
MARpDPs5A7XiyCWPNH8GsMWPLxmwNn9SBmKvPa9LzgA,6YjT74rmcfCpw8LSjPNx5JTmZoYLGrTKnf9arfSgZ4SR,F8GSmi3vA8M8TsybLya1LQ4n1aFHCRbZ6k437PeTdXtg,46339.03258799996,48579.25733799964,44253.4557265205,0.9549930858500584,17.701382290608198,1.0,295950.680009,16105.854197,298736.7073582181
C98Sspw7XqnMsgxea3SLQVdbMDL8pKUc3RE82UvX9eq2,CSqgQJurPCzGxb4Cgwx5R61hWQUiaoUHcShNc8r1cKEL,6S2CR5EnukPhC914XkAns8m5GixjMAoUuZMsS5ubHuWc,33.5254309999998,33.44815899999992,0.0,0.0,0.0,1.0,893.428392,870.141159,870.141159
KEN5P7p3asnb23Sw6yAmJRGvijfAzso3RqfyLAQhznt,9zj4aX38Uxf3h6AUjS4EipWS8mwbEofasHAf3a1uKGds,CwQDG1MWunn9cLNwcZLd8YBacweSR7ARo32w4mLua1Yr,231307.02894099778,231333.16888100072,231197.90353053136,0.9995282226788955,23.119790353053137,1.0,1174211.242278,1071081.926622,2244739.2026657076
Sid7E679i9ABqptiAVhkmQ27YHN8vaYT4fppPwmxFsJ,GP7KB8o1bv527HG8kTzzzf4wJ5aEGHvcMQvVhLziUfmT,9gYxhAZ1M9wu5pxr8SBoa5NDm21gi3s9vMHaYTME77sa,1133.432264000001,2446.4056379999674,9.512791692653563,0.008392907097140438,0.003805116677061425,0.018197816378500604,127745.427987,11907.372572,1288.8436887949856
ACUSESXyNnwRLAg1dpSGMLSzUDdLjUMybY8rkXiAKhCP,AhFPQdu8GKBsxuhiH46UmCu1YpaLgNpoP325HnYtsgas,A8wxWpT3aFEr2XqZp1kDmbxbFfcBE95UUmdsNTDBJYbT,0.0,0.0021133279997229693,0.0,0.9993742987471745,0.0,0.9878131623197733,1044.612489208,1841.328673742,2862.8475739439446
KZMu9QBEdL97EFgamLbN5DE1AoKBG4HdrKKJo4Vuon3,DD4ACBWyVqdaKWh7v5btsgqQCCMwbKnuL2xd9pv7Gyuw,GcYqiJ1MAuYbNTNYXm1F1gQYTfTgkErACAhNU5dpVj9T,34.60313293999991,35.70548676999999,33.48561354102176,0.9677046757322273,0.013394245416408707,1.0,2390.16251996,807.11847465,3120.089920975215
4vezWG46exH6pf9nry3n1VJ7hZHvjBJNgNeF4qEFCML5,,,2.184184000000002,2.2445099999999982,0.0,0.0,0.0,1.0,2390.16251996,807.11847465,807.11847465
AUSejoEUCh2DBs9mof6BNC8Pubs22w4cJa1ccV9h44R,4xkyD7AfGQDwsQMy9MosRRNGoVJ1zosNinesxg1TzHG7,Cbm5gsQe3nSiCsFrvepVzMCD9xLK3ri9g3ypS2hdmVJ7,4049.302825000006,4047.676230000001,4049.663245028814,1.000089007921705,0.4049663245028814,1.0,14323.234949,14553.374553,28877.884383374905
