0,1,2,3,4,5,6,7,8,9,10,11
MARpDPs5A7XiyCWPNH8GsMWPLxmwNn9SBmKvPa9LzgA,6YjT74rmcfCpw8LSjPNx5JTmZoYLGrTKnf9arfSgZ4SR,F8GSmi3vA8M8TsybLya1LQ4n1aFHCRbZ6k437PeTdXtg,36559.87779700005,38240.22715599963,34825.53150263721,0.9525614854624829,13.930212601054887,1.0,295679.907219,16265.797042,297919.0886839397
BSCNHw8CmxbZ8hCWWzMf5FaG2ajPT6JxfznKUNuRVrn4,7n9kgNL633yGzCYksgnzHyjG73ZLBAwvEae5sbAekbzW,SscdxE99omdG9AiMVwmaEMQySQnCgeAh1sPj2Leutm2,54.828282489999765,54.59868052499951,55.047224734438956,1.0039932355072243,0.02201888989377558,1.0,4442.285730581,7256.022280661,11716.047104354591
SoN9GaFpSXfpyR5dth3x7PHPVhvJMpQqqDJfCSmPv1t,9kZ9iS68ViMPtoeqtnhAKuF2iqVyfHPdZHoUNdwCELr,BBhm5fJLjw3HRzjtKB8uMEYjGhY6EDm9co3cqpjrSzB9,1.9450184440000005,1.9104151639999989,334.9941267216512,172.23185093953336,0.13399765068866049,168.67408506537723,2.413947977,3.740114944,1046.6191943689967
wrmcMSHFi3sWpAEy4rGDvQb3ezh3PhXoV2xNjgLBkKU,8p4mGnARWPBu6P2Gcw4adodLkNDorrXniZMhaY7eJXUn,AyY89zccbsgp9LKFgH4CFZMJmpSgqmPSdTfukhP227rc,0.007130290000000997,0.055328450000001875,2.1114273023396497,296.12081729345573,0.0008445709209358599,3141.196795979268,27.12357993,0.09174677,8320.051316761419
ZUCKWFa4LTL833dPhhpeeRWZcaAEoMeYJPi2iKn4F8N,7eEYpq6ShaJ9opZWMxitRFrdCHh6vfyHhGfoSvFht3N2,H8VggnHmuwd1wvwpT8eg9cUJFEfZ7HAaeYjgXrSm7A2u,2.2311161590000665,2.230275537000125,2.2337294549326288,1.0011712953276863,0.0008934917819730515,0.9999997790000488,1849.447104349,1997.704621036,3849.3175326445034
SUiuyGR7SFq3xeRVJonq84fjjeFwRSsFekcevJ53tzy,49GjCCPsv7fBqo6t3iKDrP1xxGDS8uWZbVCdfnp2gjMf,CEwj5xEbbJEjYqM8D6Ai8ByGz1mrh8mkAVsE5fzDSSSx,0.036308999999999925,3.8564310000000432,0.00031768606878473357,0.008749513034915151,1.2707442751389344e-07,0.9553233482936969,638.204871,1.729192,7.235919329043517
AURHmCnNwiW4uA2Qj1XvEh4iKgRUZYXtiY7FKAapUV5Y,BKWm4TRnTeKwfWXRyuzjRHU7iZDkPuXBX5b5V5jSVfGJ,A5Ww74HVrkj9nPeC7pHKLfgeDMEhBCpW1efQdz3TGLEg,0.027849416999970344,0.024842824000018027,4.492821901290773,161.32552797408854,0.001797128760516309,144.47614251011115,289.873380224,1809.517251976,308196.0484812598
heyk4SZTeCUV6a65WiVA5bzic3KcxgVf1qxobfeV4tQ,9ZDpBKPqMABtGfq66FbVribaArMvtk63xxy91onZAtDt,DaTP4s6N7xxSPinbNZ3FB52EpRDRt87QShTuN3VPCW52,72.49649422000402,62.70769110000049,12059.716987174665,166.34896786287655,4.823886794869866,144.5820479989266,618.922424487,4481.149493905,750850.87771874
BUSD5rCfUDpCxKGMvYU2yThChxgHoioK74PTPociGnv2,CcFHbafgYDZ8yA8Me1PdtDiVb2eeaS61LbqyKKK5CsNZ,26R9s4nmF3CFDTkiePDwRmtscn8i7r2eygbSijditJ58,93.52292222999998,93.53268892,93.2847745960859,0.9974535907536293,0.00932847745960859,1.0,88.1508333,59.65925301,147.58561821300958
KysFMBBoavfov2tLpvefWW6tPFt6rAeZWDJVy1mMQae,B8ka2V21TH3x64dFV8ETcjuQcwmrciJ2qzy1mJUttRew,7fSf7EYxBANyxzk2s5pymFgshA91tFYQNKKs5UnLWcYS,11.516964999987977,8.70746999999983,0.0,0.0,0.0,0.018818862688055483,134428.604513,2667.316915,50.195870768912755
daob129AwBGn9Y5r91uLoWZeYiGzbPmksauMhFZKTze,6VW5GQNyj4LStgmxEHLr5zUfW92vQnmbw8jTnCH7a38F,4VPCCUifPeBA1c7HWK358CHn2nyjm8pdTRk6Ps3KmnMQ,37.53749749099999,33.65404632499998,6045.04965210465,161.04029453625708,2.41801986084186,144.60481600555514,48.140185528,224.170002249,40168.571585640704
SAMyS8Jr2HJrkFwYVKbpUwsNStnQmvz3f8Tup8bWUWF,6jPzm5TFfquvgm25sTyN3MMGBfufRaFHMxobDWv6hMFW,Cj9ECoDmxsHTDzCY5ZA6RWrPbg9uFzEC1Qc2kso2vJG6,999.5554664600204,19.551938230000076,968.3774411094445,0.9688081088076137,0.38735097644377786,0.018843917022469656,449.70720543,110449.81456747,2516.9871280663606
Lee1XZJfJ9Hm2K1qTyeCz1LXNc1YBZaKZszvNY4KCDw,9DgFSWkPDGijNKcLGbr3p5xoJbHsPgXUTr6QvGBJ5vGN,2hNHZg7XBhuhHVZ3JDEi4buq2fPQwuWBdQ9xkH7t1GQX,1204.7883737401935,1018.3631944259878,206224.19904459378,171.1704756947339,20.622419904459377,144.5878386301401,6914.442693331,54990.512364604,9134507.772943532
TETFuZgEmET6d9vYmz9iMFCxK1jKdKYxf3oPz8hSzJK,Eu1Ze6Z84LWNkq7SNoAHBJbXx5t1P95EwyqYohrfCRFV,ASMbv7WNu3qe4pkhREmvyEdwFNDZQ6B6iSrjkj4u8bdC,39.93545243899999,40.018354999999985,40.01587197676886,1.0020137379911171,0.016006348790707545,0.9991676933114715,72.461062917,280.170929667,352.5447220405796
YakoMPuYrybnr9R7VC7hVGxMz94fJvPFCdZ4gmW61Ed,,,0.038243999999999945,0.0381410000000002,0.0,0.0,0.0,0.9991676933114715,72.461062917,280.170929667,279.9377415283069
7oAd7xG4m3oC2qeWB1szghTebAZyyGPAFDJ4wwwbRSNi,D9yh4KAysxt9GLacVe4Wwh2XqghhcjTCSTV9HuM7TBJd,HDYfJLpZKaMFb84jM4mRytn7XLR8UFZUnQpSfhJJaNEy,190.76308794603165,190.76765459503167,190.76308794603165,1.0,0.07630523517841266,0.03079547620624712,1137.595034494,293194.468445372,10166.658311306724
WiiQFxXqp8P9Fs1rt9SVcDyA3KUdJmUsog6wnVQAwba,3S2jpqSYxho6wiz3cafhjXruVY8cg4HYa2v3BqBHYFSj,Dfe67M6TfrG74gKRtdqys4e6E9QirPD53BkF4FujFjuv,6615.692182592997,6616.610135261004,6613.317512220614,0.9996410548878573,0.6613317512220614,0.9999997790000488,16206.734686903,10592.992780615,26793.907798267457
SRMuKizofcAMicegrfSv7xs9q76tH1w8aAF7oX9FEWu,72Hj2KWntXPfbie4UgKeTPnm1XVkomDfCnRPKbvfTtPi,6aqJQ5wedqpUt4fFEDUqUmXhrdxCu4bEJsQdVPCADLko,1008.7090859999989,1003.5397739999999,43.82805886419824,0.04344965210732551,0.017531223545679295,0.04351927873584503,16855.347878,5003.436368,950.1049433831033
Sid7E679i9ABqptiAVhkmQ27YHN8vaYT4fppPwmxFsJ,GP7KB8o1bv527HG8kTzzzf4wJ5aEGHvcMQvVhLziUfmT,9gYxhAZ1M9wu5pxr8SBoa5NDm21gi3s9vMHaYTME77sa,1683.2004720000004,3644.649416,14.727184470139338,0.008749513034915151,0.005890873788055736,0.018843917022469656,127468.121387,12033.868173,1342.0492029230538
BSCrK1Nx9PXU9mF7STWWBqeHLxmtJDr9h7jheEy4tAWX,FfSySSbVJPvEo5a5AvrP3nySoXpRE2QPn1uUMpJJ1x7v,HL7Vcj6838ZmvBHDbQxXfjBNckNi83WvPiZQoMQLFeRM,0.01955516699999993,0.019536699999999962,61.585064135470006,3149.2988086202604,0.024634025654188003,3143.566690767345,0.829852709,0.974397312,5676.537081360431
NorjjEePhxfwLF4vZjUHCrVVKLzQjEEGQFd3wgjEJmh,34M8pFVqgbV7aqHxvRT5tCv3vu2P1JJYT8J3VaxBK2oG,3AZWBSze3ucsY3xSeuLne3b2pauVqiaJ1SZSV5T9WGWw,0.01050799999939045,0.0011739999999917927,0.006225815567851169,0.5924834000963378,2.4903262271404678e-06,1.0,38124.371737,2258.315687,24846.373080274483
RoBgmK8CvjdHvPrqdDyVw54VwjZv2TqJ493xnqJAQHx,ExiHJxM7qPAcy27NDHAF6G7vnW7muNHi2sVJpnaNynGQ,6rkPHSqZb7StM4HwS9EuVrmfkV7tRdc7dnsFhyB6cefE,0.17598699999999923,11.5169649999998,0.0,0.0,0.0,0.9560348264366574,6351.197633,17.573448,16.800828308573625
BUSDTd9WiT6uBHJRgNvFXBsA7JrifsAtWzKfioN7ERcy,DyBxrn7gSc1EwnpWhDyhzvMHPtxpmBqRqotapLcKcfTM,Cds99GeBgoCpqBsoRWu1C6fF9LiUMd4pXQQD24s9LPff,772.4827497800001,770.01160012,771.0535326623923,0.998149839439114,0.07710535326623923,0.9993432915493913,141.8918831,121.42102921,262.9706513280147
KwnjUuZhTMTSGAaavkLEmSyfobY16JNH4poL9oeeEvE,J63v6qEZmQpDqCD8bd4PXu2Pq5ZbyXrFcSa3Xt1HdAPQ,BnKQtTdLw9qPCDgZkWX3sURkBAoKCUYL1yahh6Mw7mRK,328.543058000011,12963.625254999793,6.173163497195741,0.018789511288945068,0.0006173163497195741,1.0,279132.990183,543.091402,5787.863872160471
C98Sspw7XqnMsgxea3SLQVdbMDL8pKUc3RE82UvX9eq2,CSqgQJurPCzGxb4Cgwx5R61hWQUiaoUHcShNc8r1cKEL,6S2CR5EnukPhC914XkAns8m5GixjMAoUuZMsS5ubHuWc,87.33862499999987,87.05495899999937,0.0,0.0,0.0,1.0,891.968787,1227.679253,1227.679253
Cob4usZcpHEY7Qt4ZCwj6WVg9S44zvzYV2v9qYF65dTf,NhFM9UXE48PyNAyeyPYA3iXztqKVJwA4bTdLj4ysM8w,6TuFuynuBoeskxyR2cz4wxyidk8dpDK7kAWw3UkjQGx,23.019545000009174,1669.8183449999908,0.20140980903539615,0.008749513034915151,8.056392361415847e-05,1.0,71412.089271,183.878003,808.699008927139
MATgk4zXLXtYkwBH678J1xZbRDZ45LicNzkRBHkxTuY,y8dALFo1bJrSzPYjMX14HJX448pXqYmrfXHD1K8MXih,GN7Yuet3UyiWS5YVkEHv6oQKi4HGBJc3XDPt9zQhAqZz,3883.686466,3872.4820630000004,3887.301656540583,1.0009308657051057,1.554920662616233,1.0,4639.094284,5432.648204,10076.060861771726
BkwbeSfcX1h4thMDd7obGkHrPevf3QwgzJ4pCEqG18Lu,35yX27bmurdebhfAb8EPmjLETDiUaEUCn9zHaDPbakH2,2CxECn1ZJFoESyUnQysQU8rRgT3iJ5GRs2Mdd6gZjx5g,0.0007544600000000123,0.0011499999999990962,1.4508567142939797,1923.0399415395857,0.0005803426857175919,1261.034047919294,0.90251744,22.63617722,30280.567274211164
parEAJhzYzHW87y9VoZAQ22dzQ2MD2ekEtTReaxbMcz,3oyc6hpjYSJEquK6dSvG72NXyz3pqLZz5D8AC71pwgQb,Di2vordgFJVZ1aj1aBpvzXtLfZgJsuLLXawGtVFwX6Rz,9.886777062999926,11.65333552300055,1392.7005551629231,140.86497007957604,0.5570802220651693,166.4475384822548,1103.507374041,139.708209049,178699.6207288473
CZgvH45CRmoaNJ7395Ao5CQZXkGznvqU7cErD6n7FaRg,4ZjU6MKvtqVQKCiowhvZ5yUsPxXX5SCzd5eFsPeXyey5,BsyWeshjDbCvjDojry3vKDCesmFRM37WtwcR4Kfgzqr,3.3480677499999985,3.817908999999986,3.4548858413449857,1.0319043995883856,0.0013819543365379944,1.0,210.12370732,595.1494414,811.9770194413303
BkMBnJpvHKtWhUvrgRrLesXfi9RUV3ELgdBaJcdH7hcY,5uerVwBnZQsuVhZ15igs7ZgmcqhHnYWbwoRtLyRqLvR,9YWiQh5d4jCtgMdzcGLv9bWgnLaFtzvDDh2nnhJdzhBX,0.0011540940001850686,0.0011540940001850686,0.0011583204450754466,1.0036621322783934,4.6332817803017863e-07,1.0,1117.771749621,1755.68396404,2877.5491416651635
ercAoEmXjQzEvAFbdjAo81KtMxRGn9AW1ju882upmPH,CMRhskR2Eg6V42RTSdRTXGdozyPbWB8U9dVpijPWb9T4,7TKLLgrWswt6ZJ1pXhVR3FyufHGjJFqiEXxvWJfDcgRm,12.760502746999919,12.766624048999972,1840.7928061593038,144.25707534070997,0.7363171224637215,141.0517410227972,295.752159082,860.75017219,164074.65186794166
KZMu9QBEdL97EFgamLbN5DE1AoKBG4HdrKKJo4Vuon3,DD4ACBWyVqdaKWh7v5btsgqQCCMwbKnuL2xd9pv7Gyuw,GcYqiJ1MAuYbNTNYXm1F1gQYTfTgkErACAhNU5dpVj9T,120.97597523000002,124.38636683999891,117.20250577373304,0.9688081088076137,0.04688100230949322,1.0,2377.34873631,819.4050123,3122.599745500661
BSC8REUo9LpiiWUuqMuLXs2D2yJsJfGd4HdiF3wCLxk5,AZjEH1zWVx1UJ6udMyRijGTzPteuLnaY18yNNmprJEsh,Caf8ypkSVR8xYnXNhjvfvdGCC7mrM3C11rz8Xi6NA6aK,236.84014477799974,237.26331600000003,236.67978168188182,0.9993229057672286,0.09467191267275274,1.0,3368.378780023,2983.75345639,6349.851526567257
Lid8SLUxQ9RmF7XMqUA8c24RitTwzja8VSKngJxRcUa,4PgzyzLtds9bKZ2to9PMnKqJzKEUpjvNUaeN23phegax,AtymwxoVN9peZo7EXTcDz9jKVc4vRmisJKKrNfe3ewBa,261.4352989919919,221.75426823100042,44497.19410939281,170.20346632975458,4.449719410939282,144.2716855131174,979.798637014,7685.629811584,1275583.8914720383
moFiBS1R4Lf3E3zzmBPnw3NF4RhWPkhREFviuzUaCAU,44ALBrpqi9PfZkBRTvbtRNtFJGsatfY4QydjtMbFWq8S,2ho8qEEie1UjVwWNBo9y4oAJZMyMLx8zPj9bxyUz6uWs,129.1160017209986,129.1225361830002,129.10706066972605,0.999930751795646,0.05164282426789042,1.0,32445.81365123,34668.141097462,67111.70793435785
YAkoNb6HKmSxQN9L8hiBE5tPJRsniSSMzND1boHmZxe,CfWX7o2TswwbxusJ4hCaPobu2jLCb1hfXuXJQjVq3jQF,EnTrdMMpdhugeH6Ban6gYZWXughWxKtVGfCwFn78ZmY3,6361254.52743402,6359097.426823017,6361254.52743402,1.0,636.1254527434021,0.9982859430358075,442081.496238,960267.686212,1400703.2289349593
JSoLLrxK5bYdHwTEWYaGgmeycBCNXKDiBCTw5hXGBg7,xG4wXczA7Dk4hccJ61CHKpDHW4NrNfQwgmWgkb9BuF2,BVR6WgfhsRr9Lob4QDnkEAiNGgAbv7ZieKcY9kSg3QYR,4.868631894999943,4.158141306999969,822.9730276354824,169.03578774987506,0.32918921105419297,144.25705453060917,17.111984631,163.829842812,26526.148370336654
KEN5P7p3asnb23Sw6yAmJRGvijfAzso3RqfyLAQhznt,9zj4aX38Uxf3h6AUjS4EipWS8mwbEofasHAf3a1uKGds,CwQDG1MWunn9cLNwcZLd8YBacweSR7ARo32w4mLua1Yr,108081.39643500047,108084.97599599906,108011.08122112553,0.9993494235252851,10.801108122112552,1.0,1124660.633886,1111595.389544,2235524.3456795556
HDSBGqAuMRr6X2AfmmbXQPpRgU6VEhtfNVVZ3wUTZXg,DCZ1d8kNLgDcdSd99y4udLgwq46mfDXNS9KXj96kQf5L,Fq8GGYQM5Pz3q7LmVMbrXHJgsxA5ev86kTq8yGgGuYsa,112.83760798800176,113.38636243200017,112.22998240572909,0.9946150437508628,0.04489199296229164,1.0,13508.108219667,12894.560673666,26329.92832156148
B2izdXFYb2sNwbWWHmh75T4aQFtfXsUxem9u2p61HGzf,4DYwgJtxwuJdAjkj5RJSNH4e7U329V5cNp7d3a1nLrZv,EXNW64GEf1ACC6xY9BtKRiunrs6GoJSXBdxWN2eTPmrF,5390.205589000003,5329.244146000001,5447.205143622873,1.010574653170779,0.5447205143622873,1.0,10063.055827,29810.006743,39979.475895208714
ALBpShJ9NLpE739pcHDF2LNVk5J4VYPvvKuV6jMPitZi,D6d156U1bPiJpDYRLextvDRccgFk7QzkQbJg42ceKEu5,GNcM8U5g8RwTZffwwm3kSQqUNPSwv5d2fbN9sLxPJqt2,3320.811157000011,3311.1782470000107,3325.5367447142503,1.0014230221144247,1.3302146978857001,0.9985760305803925,40612.759294,59792.720957,100378.13009944528
BUSDgu5JdqP1rndBvXvanbEufS94FNh1w5FJcAj6vawb,Bgzr8cWubt89JQFXndVjtdKmDbGzuPxNhvjH1EhWCwbo,Dxaf8xPBBQsasRKW5Aa4Sw2YrbfGofY9xZueyyF23FBW,7950.837804529992,7903.430928680003,7989.268984590014,1.004833601314081,3.1957075938360058,1.0,5390.86031533,9646.56058533,15063.478170164206
vEnkoSUkpnbRrPgBz9DfcVxNz67zjwMYBZraAvDDNSf,DtfyjjsZ5yCjWKLKHvwsfXs5QVsmm1QkK6Sh9JZHoq1g,e5wrKCRv4GhHvEf1VD5Pq2KGaZDXP77nTL612Jyrxwy,1524.9206499999998,1524.8685439999997,1522.325085728832,0.9982979020769587,0.1522325085728832,0.9993584118995604,970.139513,975.328073,1943.190554664201
C2ypsDADXcCRz8HbV2zX1AXPSja7a1P3xZtRC91xGhJh,J9bYNuDpY1d1T86gLaw7DGk5D3CsUAf2tzUwxMvb6FTv,A2NGvvPrMGzsJ4jb52KEnSBVmsA7C34dV1GC7PerdgvG,0.002148701000000086,0.0021413539999999287,0.3099784239998647,144.26317295884922,0.0001239913695999459,144.3165543210397,1.309430181,0.910011665,320.2323005638925
FrnkTEL6yZ5Aycq2TrEgu29dCrwKG4LPUZydfiwqspkc,DjvZuMZ46fxKBoBpGMPcRcos4xdTtHFxwMh69DpA2ZFY,9rvDPJLAng4uVVqnnSoEXgNDFhBZQTny9AoQioYDZbQX,32.638551914002505,27.32458019599966,5608.225059603353,171.82824392393852,2.2432900238413414,144.22370365605647,174.664414427,1441.485904929,237908.71558385695
AUSejoEUCh2DBs9mof6BNC8Pubs22w4cJa1ccV9h44R,4xkyD7AfGQDwsQMy9MosRRNGoVJ1zosNinesxg1TzHG7,Cbm5gsQe3nSiCsFrvepVzMCD9xLK3ri9g3ypS2hdmVJ7,615.1684010000026,614.885648999998,615.2059285616449,1.000061003721227,0.06152059285616449,1.0,14360.903835,14514.52499,28876.304893574117
HEDSDjj84KS7LKhZY7ejkCACTdPen62rKhCby1wXtgxc,EnnjMSFttpCTywBrYNt1J5QQeoSVkvzPipJDa8Y7kJow,6bjVT6JN2rSvpyn9PdfLYC8wJn4LWh49jpY47fnLDXZk,4.887904331000755,5.049294062999252,4.73321378823159,0.9683523792010281,0.0018932855152926362,0.9999997820000475,39130.279567705,9093.004546114,46984.90188202796
ALLwa5WNZbvQsRKAqe1jdRGemdYQnW8E5k4msbRFcYtu,CGoM82Hbz7QVqTgvQatYtjvDWBvoUJp5qm21P8iMs9yb,3dxNNww8TivyN5FMy5dCNdi3Zcxv6e4kUfSPxfFwpdNq,5.839782514999993,5.826946122999998,18341.60154213384,3140.802160871887,7.336640616853537,3133.6370872216544,1.725544224,6.914264223,27086.38782746182
STK75uPSyBnEhGTTzb1nwmP3n427XoXmfRhXxxhyady,6TYyD5fUmDe6N65avW1Ny2RxzRNobw2RRgKwH9CTzSAU,54zDfk4cx2vGrEajPtodWpArNe5eUurytyxd4X3aZAxK,324.427509443998,364.83510876200063,46769.118888292265,144.1589184851954,4.676911888829227,162.1155955527153,1674.065515737,297.701040946,289593.4557716308
MATSnbbiTCv7Dc3trJrkrqjx7ckKdr6fwPoVwv9q3sD,631WX9JizSHJm4w6VanZeJAst9T8DeUUnPLesdGkCVtK,211maUSfpnXbPuW1iBu8b4dtJv5EbN1j7JJiEX5TZKEP,663.5745379999971,663.6898509999992,663.6475392293123,1.000110012101331,0.2654590156917249,0.9995621917600092,22564.230181,22983.767079,45540.417115763914
ACUSESXyNnwRLAg1dpSGMLSzUDdLjUMybY8rkXiAKhCP,AhFPQdu8GKBsxuhiH46UmCu1YpaLgNpoP325HnYtsgas,A8wxWpT3aFEr2XqZp1kDmbxbFfcBE95UUmdsNTDBJYbT,100.48906649200012,100.529039495,100.48906649200012,1.0,0.04019562659680005,0.9878804709756498,1044.595767735,1841.328673742,2863.6084051722155
GokA1R67GqSavkd15zR62QD68Tuc5AEfvjssntVDEbM8,3YB7hfpBdbQEuZqLGWVDpRPmeZWCUsrrWyqGXegnQ6Cg,4DPCj6Z1DsG6HUtwSogBGqXEUxdEV5a8YVrrFtcnz7UW,6454.0702219999985,6454.575118000008,6453.5023137963835,0.9999120077433185,0.6453502313796384,1.0,18235.883698,14351.873973,32586.15305444083
SEQV6QiTpvTzrceiaYg9Avnwf7oc8ZALpnQMz6TyT4A,3dFMPj4r9mMmPHF32mz1gNDX7f8ftidWof7S8YiYTs1j,Fc1ED3YPeQfXQosHbd8DTaBd2AV5gHQtwiSAL5C5pUhi,36.122936837,36.204791000000114,36.05080940580885,0.9980032788719085,0.014420323762323538,0.9988263790046696,1358.945404334,4266.994418057,5618.218553154255
DFWzVTzNBrQZLjoQ4yQwkj9HuoXmfkuZP9V5vbymZe23,DhgiEgiNdqZdRdo195UUHnoEJUtefK8buko8nU97XJUZ,2K2kkXsouBHtWVjtcgkyiXd8eP3oVBvq1bTJzcVdLLr2,1270.2080330750014,1342.8976325249969,1207.2300547643508,0.9504191623176959,0.48289202190574043,0.9999997820000475,54144.326573303,14127.653022877,65587.4554491037
RajgMbScQbqqrdJfR2rxfHJiTiY5b6bJ2tTXiF4aPxy,725ZA3fhyBAKb5iopNRrcbSuQa3LXA1656Q3mBvYPxeg,GLA6i1dSZpUfk2f9Nj8uiG7xyDdAR2reff8oEiZH3617,730.2264973899873,729.7816798399872,730.6494484362036,1.000579205284563,0.29225977937448144,1.0,78173.465903,103230.79299488,181449.5373824436
SoNcU2iwHMw6dGzsYNQkYFkUjwN1UdAjrWVRnStrZu2,8ivTTid27jZnYNc4w3CTA1Z6QS2twsFb8WMwUabeDJgc,CyXm53PMvHCbeXJBykU46Rcbo28xk5srhMZFg7gv6EYB,11.66777593600002,11.553836569000008,1989.5656524938972,170.51798589611636,0.7958262609975588,168.98794135848053,23.757758806,28.330615179,8838.657517523372
