0,1,2,3,4,5,6,7,8,9,10,11
B2izdXFYb2sNwbWWHmh75T4aQFtfXsUxem9u2p61HGzf,4DYwgJtxwuJdAjkj5RJSNH4e7U329V5cNp7d3a1nLrZv,EXNW64GEf1ACC6xY9BtKRiunrs6GoJSXBdxWN2eTPmrF,232363.82612800045,231082.63426099974,228087.4151807761,0.9815960555544104,22.80874151807761,1.0,13692.262124,26196.94817,39637.21866253545
MARpDPs5A7XiyCWPNH8GsMWPLxmwNn9SBmKvPa9LzgA,6YjT74rmcfCpw8LSjPNx5JTmZoYLGrTKnf9arfSgZ4SR,F8GSmi3vA8M8TsybLya1LQ4n1aFHCRbZ6k437PeTdXtg,65071.680039999985,68018.11715099885,62137.367151027036,0.9549064525893721,24.854946860410816,1.0,295916.583417,16121.262156,298693.9170890945
wrmcMSHFi3sWpAEy4rGDvQb3ezh3PhXoV2xNjgLBkKU,8p4mGnARWPBu6P2Gcw4adodLkNDorrXniZMhaY7eJXUn,AyY89zccbsgp9LKFgH4CFZMJmpSgqmPSdTfukhP227rc,0.005108389999998936,0.03045919999999984,1.3227317452094605,258.9331952356292,0.0005290926980837841,2881.180131381814,27.14872157,0.0894367,7287.388465738904
heyk4SZTeCUV6a65WiVA5bzic3KcxgVf1qxobfeV4tQ,9ZDpBKPqMABtGfq66FbVribaArMvtk63xxy91onZAtDt,DaTP4s6N7xxSPinbNZ3FB52EpRDRt87QShTuN3VPCW52,176.35005229599722,152.5087354520008,24635.466077594527,139.69639224288284,9.854186431037812,121.25531750037983,619.800265767,4480.30752881,629844.9729440286
Lid8SLUxQ9RmF7XMqUA8c24RitTwzja8VSKngJxRcUa,4PgzyzLtds9bKZ2to9PMnKqJzKEUpjvNUaeN23phegax,AtymwxoVN9peZo7EXTcDz9jKVc4vRmisJKKrNfe3ewBa,539.2685048850224,460.092641733999,77198.5006160669,143.15410582438227,7.71985006160669,121.2893053155038,975.045039004,7667.019895661,1069509.2176819867
C98Sspw7XqnMsgxea3SLQVdbMDL8pKUc3RE82UvX9eq2,CSqgQJurPCzGxb4Cgwx5R61hWQUiaoUHcShNc8r1cKEL,6S2CR5EnukPhC914XkAns8m5GixjMAoUuZMsS5ubHuWc,64.00591299999996,63.80020600000012,0.0,0.0,0.0,1.0,894.988479,1224.731365,1224.731365
BSC8REUo9LpiiWUuqMuLXs2D2yJsJfGd4HdiF3wCLxk5,AZjEH1zWVx1UJ6udMyRijGTzPteuLnaY18yNNmprJEsh,Caf8ypkSVR8xYnXNhjvfvdGCC7mrM3C11rz8Xi6NA6aK,170.1344725660001,170.37331918300015,170.36129841315935,1.0013332150959073,0.06814451936526374,0.9999800763969579,2779.498440516,3573.888943744,6357.021848795315
ACUSESXyNnwRLAg1dpSGMLSzUDdLjUMybY8rkXiAKhCP,AhFPQdu8GKBsxuhiH46UmCu1YpaLgNpoP325HnYtsgas,A8wxWpT3aFEr2XqZp1kDmbxbFfcBE95UUmdsNTDBJYbT,0.0,0.003993378000359371,0.0,0.9999800763969579,0.0,0.9878810955570528,1044.611432544,1841.328673742,2863.6044076173466
ionytDfEj1mXodptgrsKEZro7DGsfpzANUfarJdm6Qb,3gkSjY95an9xNFSjCfsay6JZez7uv7yfW3Ad4ubc4fMK,9wXqANaSuEqkKL9yHzCPEDGHwbkStVAqV5rB3QDs3Jr6,0.001571102000000213,0.0004206399999999999,1.2211089685448553,777.2308663248406,0.0004884435874179421,2883.506343713956,3.150895437,0.084545444,2692.76051430461
KysFMBBoavfov2tLpvefWW6tPFt6rAeZWDJVy1mMQae,B8ka2V21TH3x64dFV8ETcjuQcwmrciJ2qzy1mJUttRew,7fSf7EYxBANyxzk2s5pymFgshA91tFYQNKKs5UnLWcYS,30.08507699999609,22.884900000000016,0.0,0.0,0.0,0.016964219356924104,134374.634815,2708.341267,45.94489534679775
SQDY9uoDoCbNq7F3HAHYYQZbrUzpKxDtdWLvYcqBLak,GiehZ4X2uQjhEKuxSm3ACmEFrabxh3RTvjbLfLjw1xGX,rxDQYV77NKRKYxCjq4cECX3QQsiSyLv1T1FT2X3zNA2,1.180918050999992,1.179312675999995,1.1834660202044434,1.0021576172896112,0.00047338640808177737,0.9999800763969579,169.881517119,236.700916312,406.94425679442503
SEQV6QiTpvTzrceiaYg9Avnwf7oc8ZALpnQMz6TyT4A,3dFMPj4r9mMmPHF32mz1gNDX7f8ftidWof7S8YiYTs1j,Fc1ED3YPeQfXQosHbd8DTaBd2AV5gHQtwiSAL5C5pUhi,2262.0079614329993,2260.57198831,2259.667955502675,0.9989655182606687,0.90386718220107,0.9983994827619754,2055.811697957,3570.488835464,5618.459204830626
KEnkcdADoLR5jS2CLLLesy8TtFsyWL37BhXNfDMzWzP,3qsjFRuw1qeLMPo4DLwaQevenGAGBj9dA3Q6rb8ax2YR,77iEv8zPQAEyCcEbvBRSB6AFcUdfkhiqnAKtPxk76rNN,0.011228999999999989,1.3396080000000126,9.072996608780659e-05,0.008079968482305341,3.629198643512264e-08,0.9977251865746098,119.934486,0.292099,1.2605013960947482
AUSejoEUCh2DBs9mof6BNC8Pubs22w4cJa1ccV9h44R,4xkyD7AfGQDwsQMy9MosRRNGoVJ1zosNinesxg1TzHG7,Cbm5gsQe3nSiCsFrvepVzMCD9xLK3ri9g3ypS2hdmVJ7,2015.514771000002,2016.3434110000035,2015.897791580402,1.0001900361068603,0.20158977915804024,1.0,14405.181035,14471.101082,28879.019621522508
MATSnbbiTCv7Dc3trJrkrqjx7ckKdr6fwPoVwv9q3sD,631WX9JizSHJm4w6VanZeJAst9T8DeUUnPLesdGkCVtK,211maUSfpnXbPuW1iBu8b4dtJv5EbN1j7JJiEX5TZKEP,4455.874960000016,4451.236345000001,4456.311678544513,1.0000980096049412,1.7825246714178051,0.9983347775909782,19629.663885,25923.63978,45512.05893471744
WiiQFxXqp8P9Fs1rt9SVcDyA3KUdJmUsog6wnVQAwba,3S2jpqSYxho6wiz3cafhjXruVY8cg4HYa2v3BqBHYFSj,Dfe67M6TfrG74gKRtdqys4e6E9QirPD53BkF4FujFjuv,21064.699640509003,21085.30196511999,21070.328094041783,1.0002671983759006,2.1070328094041786,0.9999800763969579,10973.878871906,15833.500399618,26809.996013759173
BerKDkt6v49dT1bHRedgnpsJS263C1DSJtEGvY9Mg35V,78XKqNb8wbfsMMrvo8WPUpdx7GEkfQutpNVH943aCGFa,DKYQwn4nDvFHCszi5tXbqfVMAP7DaXXp1KGTXEnYnKVH,0.0009911319998536783,0.0009911319998536783,0.0009933184288067882,1.0022059916877195,3.973273715227153e-07,0.9999800763969579,1338.317413093,1742.597375423,3083.832386786443
CZgvH45CRmoaNJ7395Ao5CQZXkGznvqU7cErD6n7FaRg,4ZjU6MKvtqVQKCiowhvZ5yUsPxXX5SCzd5eFsPeXyey5,BsyWeshjDbCvjDojry3vKDCesmFRM37WtwcR4Kfgzqr,49.527998219999944,49.54818227999996,51.05095384878363,1.0307493878920528,0.020420381539513453,1.0,213.4433165,591.75788462,811.7644524520247
RajgMbScQbqqrdJfR2rxfHJiTiY5b6bJ2tTXiF4aPxy,725ZA3fhyBAKb5iopNRrcbSuQa3LXA1656Q3mBvYPxeg,GLA6i1dSZpUfk2f9Nj8uiG7xyDdAR2reff8oEiZH3617,13945.510127269998,13932.178732350003,13958.200644131628,1.000910007360492,5.5832802576526515,1.0,65668.66312379,115757.81122034,181486.2333109263
NorjjEePhxfwLF4vZjUHCrVVKLzQjEEGQFd3wgjEJmh,34M8pFVqgbV7aqHxvRT5tCv3vu2P1JJYT8J3VaxBK2oG,3AZWBSze3ucsY3xSeuLne3b2pauVqiaJ1SZSV5T9WGWw,0.001010999999834894,0.001010999999834894,0.0005990447279826733,0.5925269318303691,2.3961789119306935e-07,1.0,38124.370231,2258.547905,24848.26402593949
BUSD5rCfUDpCxKGMvYU2yThChxgHoioK74PTPociGnv2,CcFHbafgYDZ8yA8Me1PdtDiVb2eeaS61LbqyKKK5CsNZ,26R9s4nmF3CFDTkiePDwRmtscn8i7r2eygbSijditJ58,211.15211711,211.67020028999997,210.5535365664307,0.9971651691123822,0.02105535365664307,1.0,106.21652756,41.73572995,147.6511516168974
vEnkoSUkpnbRrPgBz9DfcVxNz67zjwMYBZraAvDDNSf,DtfyjjsZ5yCjWKLKHvwsfXs5QVsmm1QkK6Sh9JZHoq1g,e5wrKCRv4GhHvEf1VD5Pq2KGaZDXP77nTL612Jyrxwy,3221.6185780000033,3221.522113999998,3216.285975852041,0.9983447444137621,0.3216285975852041,0.9978655655552774,830.010806,1116.283128,1942.5374208182648
BUSDgu5JdqP1rndBvXvanbEufS94FNh1w5FJcAj6vawb,Bgzr8cWubt89JQFXndVjtdKmDbGzuPxNhvjH1EhWCwbo,Dxaf8xPBBQsasRKW5Aa4Sw2YrbfGofY9xZueyyF23FBW,9081.541263309997,9052.92404502,9112.882928178393,1.003451139400205,3.6451531712713576,1.0,5941.58761265,9104.01010927,15066.102969029787
KZMu9QBEdL97EFgamLbN5DE1AoKBG4HdrKKJo4Vuon3,DD4ACBWyVqdaKWh7v5btsgqQCCMwbKnuL2xd9pv7Gyuw,GcYqiJ1MAuYbNTNYXm1F1gQYTfTgkErACAhNU5dpVj9T,86.94754178999972,90.06711798999959,83.9715448943111,0.9657725010457868,0.033588617957724436,1.0,2411.28975886,786.68956182,3115.4469029803145
BSCuChvaSj9b5HUSqgDVRzcnr2sSn7cXaamt1jbKH6hn,GnKpRj5kBVPMJfiwZtEuD9GYApLzPdW5JFuZTcyX4BTc,3dmwD9okkomV9nDwyuh4UMhKdUR13QpuKxRo89ycZB5t,228.00609735499984,227.83271290000016,227.62052071204226,0.9983089195971929,0.09104820828481691,0.9982638743742015,1571.713913113,1539.548639396,3105.9318080666967
daob129AwBGn9Y5r91uLoWZeYiGzbPmksauMhFZKTze,6VW5GQNyj4LStgmxEHLr5zUfW92vQnmbw8jTnCH7a38F,4VPCCUifPeBA1c7HWK358CHn2nyjm8pdTRk6Ps3KmnMQ,19.021122982999827,16.993857043000048,2589.2116537864613,136.12296477450755,1.0356846615145847,121.69632507522354,47.873379493,224.511362257,33838.87407467142
TETFuZgEmET6d9vYmz9iMFCxK1jKdKYxf3oPz8hSzJK,Eu1Ze6Z84LWNkq7SNoAHBJbXx5t1P95EwyqYohrfCRFV,ASMbv7WNu3qe4pkhREmvyEdwFNDZQ6B6iSrjkj4u8bdC,76.78842433099997,76.78307568299999,76.6765747545506,0.9985434057616908,0.030670629901820238,0.9983944967856365,76.56090738,276.094604489,352.1007229174551
HEDSDjj84KS7LKhZY7ejkCACTdPen62rKhCby1wXtgxc,EnnjMSFttpCTywBrYNt1J5QQeoSVkvzPipJDa8Y7kJow,6bjVT6JN2rSvpyn9PdfLYC8wJn4LWh49jpY47fnLDXZk,46.23368122800457,47.744357601994125,42.78664215032536,0.9254431188232688,0.017114656860130147,1.0,39130.693585235,9092.651870252,45305.88298348956
DFWzVTzNBrQZLjoQ4yQwkj9HuoXmfkuZP9V5vbymZe23,DhgiEgiNdqZdRdo195UUHnoEJUtefK8buko8nU97XJUZ,2K2kkXsouBHtWVjtcgkyiXd8eP3oVBvq1bTJzcVdLLr2,2.648313933997997,2.6927086350042373,2.605703723495606,0.9839104382772079,0.0010422814893982424,1.0,45446.639761195,22568.94019199,67284.36343765375
KEVpg4SYCVrqFxKijQH6hm4QxsRdoE51ud64bEEFUC9,2bPenuBYfqzD8p5dFjCcggwkHDsc2RQDnx9AoyYGUBjA,AE6n6iLuX8oYu61vt5hoDYkjswpnxFxrhSehxrnQTnbx,1842.519910787999,1840.7903282679995,1845.4949871193594,1.0016146779820079,0.7381979948477438,1.0,2003.30008504,5636.607516562,7643.142286140668
MATgk4zXLXtYkwBH678J1xZbRDZ45LicNzkRBHkxTuY,y8dALFo1bJrSzPYjMX14HJX448pXqYmrfXHD1K8MXih,GN7Yuet3UyiWS5YVkEHv6oQKi4HGBJc3XDPt9zQhAqZz,1737.7308930000017,1736.8593919999994,1737.7899778592491,1.0000340011560394,0.6951159911436996,1.0,4251.673775,3808.299386,8060.117722823452
ercAoEmXjQzEvAFbdjAo81KtMxRGn9AW1ju882upmPH,CMRhskR2Eg6V42RTSdRTXGdozyPbWB8U9dVpijPWb9T4,7TKLLgrWswt6ZJ1pXhVR3FyufHGjJFqiEXxvWJfDcgRm,1.7375568759999283,1.7035220779999918,211.74843963263956,121.86561634754125,0.08469937585305583,119.06588999192853,283.485635694,830.756444944,133461.90720331177
KEN5P7p3asnb23Sw6yAmJRGvijfAzso3RqfyLAQhznt,9zj4aX38Uxf3h6AUjS4EipWS8mwbEofasHAf3a1uKGds,CwQDG1MWunn9cLNwcZLd8YBacweSR7ARo32w4mLua1Yr,318574.05656800105,318622.8760490017,318388.4361097491,0.9994173396909601,31.83884361097491,1.0,1156231.017533,1082272.24913,2237829.5767410025
HDSBGqAuMRr6X2AfmmbXQPpRgU6VEhtfNVVZ3wUTZXg,DCZ1d8kNLgDcdSd99y4udLgwq46mfDXNS9KXj96kQf5L,Fq8GGYQM5Pz3q7LmVMbrXHJgsxA5ev86kTq8yGgGuYsa,17.245608465998885,17.337509979999595,17.133672351225385,0.9935092974542366,0.006853468940490154,1.0,13572.673636604,12830.334198923,26314.91164820108
SAMyS8Jr2HJrkFwYVKbpUwsNStnQmvz3f8Tup8bWUWF,6jPzm5TFfquvgm25sTyN3MMGBfufRaFHMxobDWv6hMFW,Cj9ECoDmxsHTDzCY5ZA6RWrPbg9uFzEC1Qc2kso2vJG6,2031.1811018799795,109.66618334999322,1961.6588528395648,0.9657725010457868,0.7846635411358259,0.017060866809071446,424.09820786,111837.04167401,2317.6192592148454
YakoMPuYrybnr9R7VC7hVGxMz94fJvPFCdZ4gmW61Ed,,,0.04071099999999994,0.04074,0.0,0.0,0.0,0.017060866809071446,424.09820786,111837.04167401,1908.0368723208574
BUSDTd9WiT6uBHJRgNvFXBsA7JrifsAtWzKfioN7ERcy,DyBxrn7gSc1EwnpWhDyhzvMHPtxpmBqRqotapLcKcfTM,Cds99GeBgoCpqBsoRWu1C6fF9LiUMd4pXQQD24s9LPff,1324.6333956600001,1328.0133433099995,1320.4521311685696,0.9968434553249752,0.13204521311685696,0.9967883479429278,151.7188086,112.02367076,262.90379110997543
ALLwa5WNZbvQsRKAqe1jdRGemdYQnW8E5k4msbRFcYtu,CGoM82Hbz7QVqTgvQatYtjvDWBvoUJp5qm21P8iMs9yb,3dxNNww8TivyN5FMy5dCNdi3Zcxv6e4kUfSPxfFwpdNq,0.9950219540000003,0.982109433,2864.3616615809783,2878.6919223904656,1.1457446646323914,2839.698991906858,0.869802971,7.783597917,24606.969945002147
JSoLLrxK5bYdHwTEWYaGgmeycBCNXKDiBCTw5hXGBg7,xG4wXczA7Dk4hccJ61CHKpDHW4NrNfQwgmWgkb9BuF2,BVR6WgfhsRr9Lob4QDnkEAiNGgAbv7ZieKcY9kSg3QYR,4.766288484999972,4.038921989000009,677.7550240207341,142.19765046822133,0.2711020096082937,121.6037885903543,17.11409249,163.831153559,22356.07270387634
4vezWG46exH6pf9nry3n1VJ7hZHvjBJNgNeF4qEFCML5,,,0.9165170000000007,0.9396090000000008,0.0,0.0,0.0,121.6037885903543,17.11409249,163.831153559,19922.48896190251
SRMuKizofcAMicegrfSv7xs9q76tH1w8aAF7oX9FEWu,72Hj2KWntXPfbie4UgKeTPnm1XVkomDfCnRPKbvfTtPi,6aqJQ5wedqpUt4fFEDUqUmXhrdxCu4bEJsQdVPCADLko,34.26430100000016,0.7154430000000502,1.3518260518468774,0.03945290031881494,0.0005407304207387509,0.039585472020929,16855.345241,5035.309501,864.3173590009382
RoBgmK8CvjdHvPrqdDyVw54VwjZv2TqJ493xnqJAQHx,ExiHJxM7qPAcy27NDHAF6G7vnW7muNHi2sVJpnaNynGQ,6rkPHSqZb7StM4HwS9EuVrmfkV7tRdc7dnsFhyB6cefE,0.43122600000000233,30.08507699999973,0.0,0.0,0.0,0.9520871654841744,6405.167331,16.786637,15.982341639341763
BkMBnJpvHKtWhUvrgRrLesXfi9RUV3ELgdBaJcdH7hcY,5uerVwBnZQsuVhZ15igs7ZgmcqhHnYWbwoRtLyRqLvR,9YWiQh5d4jCtgMdzcGLv9bWgnLaFtzvDDh2nnhJdzhBX,0.0009808219999740686,0.0009808219999740686,0.000986234565729061,1.0055183975840014,3.944938262916244e-07,1.0,986.42705962,1887.628275602,2879.498831924601
Lee1XZJfJ9Hm2K1qTyeCz1LXNc1YBZaKZszvNY4KCDw,9DgFSWkPDGijNKcLGbr3p5xoJbHsPgXUTr6QvGBJ5vGN,2hNHZg7XBhuhHVZ3JDEi4buq2fPQwuWBdQ9xkH7t1GQX,3203.5933695461163,2704.997686752985,460824.69458521466,143.84618814793717,46.08246945852147,121.0626638507491,6920.383851553,54977.750091089,7651223.716114438
GokA1R67GqSavkd15zR62QD68Tuc5AEfvjssntVDEbM8,3YB7hfpBdbQEuZqLGWVDpRPmeZWCUsrrWyqGXegnQ6Cg,4DPCj6Z1DsG6HUtwSogBGqXEUxdEV5a8YVrrFtcnz7UW,26658.539757999984,26655.87179800001,26661.099223525445,1.000096009216885,2.6661099223525446,1.0,15330.012902,17064.33711,32395.821834533555
parEAJhzYzHW87y9VoZAQ22dzQ2MD2ekEtTReaxbMcz,3oyc6hpjYSJEquK6dSvG72NXyz3pqLZz5D8AC71pwgQb,Di2vordgFJVZ1aj1aBpvzXtLfZgJsuLLXawGtVFwX6Rz,18.08663924299998,21.38889667999888,2128.1901860082594,117.66642533282831,0.8512760744033038,138.94313460435734,1103.029450845,140.130010865,149259.63547948955
Sid7E679i9ABqptiAVhkmQ27YHN8vaYT4fppPwmxFsJ,GP7KB8o1bv527HG8kTzzzf4wJ5aEGHvcMQvVhLziUfmT,9gYxhAZ1M9wu5pxr8SBoa5NDm21gi3s9vMHaYTME77sa,616.6916769999989,1055.317253000043,4.982849313460017,0.008079968482305341,0.001993139725384007,0.016936044044282606,127090.744517,12212.307567,1233.717388927118
YAkoNb6HKmSxQN9L8hiBE5tPJRsniSSMzND1boHmZxe,CfWX7o2TswwbxusJ4hCaPobu2jLCb1hfXuXJQjVq3jQF,EnTrdMMpdhugeH6Ban6gYZWXughWxKtVGfCwFn78ZmY3,6809068.322212004,6804372.538197995,6809068.322212004,1.0,680.9068322212005,0.9986248935216208,197563.265436,1182155.556294,1378093.231966088
KwnjUuZhTMTSGAaavkLEmSyfobY16JNH4poL9oeeEvE,J63v6qEZmQpDqCD8bd4PXu2Pq5ZbyXrFcSa3Xt1HdAPQ,BnKQtTdLw9qPCDgZkWX3sURkBAoKCUYL1yahh6Mw7mRK,139.7593820000002,7940.793950999796,2.3827970905127818,0.017049281818610065,0.00023827970905127818,1.0,280785.327911,513.590148,5300.778334085478
AURHmCnNwiW4uA2Qj1XvEh4iKgRUZYXtiY7FKAapUV5Y,BKWm4TRnTeKwfWXRyuzjRHU7iZDkPuXBX5b5V5jSVfGJ,A5Ww74HVrkj9nPeC7pHKLfgeDMEhBCpW1efQdz3TGLEg,0.04705456700037303,0.04393412999991142,6.38802212096138,135.75774952749515,0.002555208848384552,121.49025289775514,289.895981434,1809.492144443,259191.2842814257
moFiBS1R4Lf3E3zzmBPnw3NF4RhWPkhREFviuzUaCAU,44ALBrpqi9PfZkBRTvbtRNtFJGsatfY4QydjtMbFWq8S,2ho8qEEie1UjVwWNBo9y4oAJZMyMLx8zPj9bxyUz6uWs,1339.5597615959996,1340.0440904569987,1338.8246477913383,0.9994512273168122,0.5355298591165354,1.0,34150.902144102,32963.618183442,67095.7792453411
SoNcU2iwHMw6dGzsYNQkYFkUjwN1UdAjrWVRnStrZu2,8ivTTid27jZnYNc4w3CTA1Z6QS2twsFb8WMwUabeDJgc,CyXm53PMvHCbeXJBykU46Rcbo28xk5srhMZFg7gv6EYB,13.845967749999987,13.833216482999998,1990.8849508532367,143.78806789097413,0.7963539803412946,142.29995721040285,15.631734993,19.044180214,4957.6430019866
FrnkTEL6yZ5Aycq2TrEgu29dCrwKG4LPUZydfiwqspkc,DjvZuMZ46fxKBoBpGMPcRcos4xdTtHFxwMh69DpA2ZFY,9rvDPJLAng4uVVqnnSoEXgNDFhBZQTny9AoQioYDZbQX,58.79860646799611,49.12716498399993,8496.164420860847,144.49601667830822,3.398465768344339,121.49645236433918,174.16510496,1442.208651339,200389.3986179261
Cob4usZcpHEY7Qt4ZCwj6WVg9S44zvzYV2v9qYF65dTf,NhFM9UXE48PyNAyeyPYA3iXztqKVJwA4bTdLj4ysM8w,6TuFuynuBoeskxyR2cz4wxyidk8dpDK7kAWw3UkjQGx,9.406896000000017,1141.444720999978,0.07600742319632432,0.008079968482305341,3.0402969278529734e-05,1.0,72484.946171,174.920548,760.5966285032794
SoN9GaFpSXfpyR5dth3x7PHPVhvJMpQqqDJfCSmPv1t,9kZ9iS68ViMPtoeqtnhAKuF2iqVyfHPdZHoUNdwCELr,BBhm5fJLjw3HRzjtKB8uMEYjGhY6EDm9co3cqpjrSzB9,0.7953406230000009,0.7812058540000006,115.57915568892744,145.3203223204749,0.04623166227557098,142.57691810866586,1.543309486,2.437610732,571.8212576629355
STK75uPSyBnEhGTTzb1nwmP3n427XoXmfRhXxxhyady,6TYyD5fUmDe6N65avW1Ny2RxzRNobw2RRgKwH9CTzSAU,54zDfk4cx2vGrEajPtodWpArNe5eUurytyxd4X3aZAxK,708.1343085129995,796.769613231001,86067.28145858312,121.54090039686751,8.606728145858312,136.75802786718336,1624.743889006,288.133209526,236877.3646819151
C2ypsDADXcCRz8HbV2zX1AXPSja7a1P3xZtRC91xGhJh,J9bYNuDpY1d1T86gLaw7DGk5D3CsUAf2tzUwxMvb6FTv,A2NGvvPrMGzsJ4jb52KEnSBVmsA7C34dV1GC7PerdgvG,4.562336398999999,4.941088441,554.1498046043271,121.46184676907843,0.2216599218417308,120.43991884758269,1.670738516,1.092133557,334.4674625973913
ALBpShJ9NLpE739pcHDF2LNVk5J4VYPvvKuV6jMPitZi,D6d156U1bPiJpDYRLextvDRccgFk7QzkQbJg42ceKEu5,GNcM8U5g8RwTZffwwm3kSQqUNPSwv5d2fbN9sLxPJqt2,18578.99727499998,18514.971235999998,18538.250201058057,0.9978068206083031,7.415300080423222,0.99756991967567,43788.808151,56617.525745,100172.71204905107
