0,1,2,3,4,5,6,7,8,9,10,11
SoNcU2iwHMw6dGzsYNQkYFkUjwN1UdAjrWVRnStrZu2,8ivTTid27jZnYNc4w3CTA1Z6QS2twsFb8WMwUabeDJgc,CyXm53PMvHCbeXJBykU46Rcbo28xk5srhMZFg7gv6EYB,12.384159730000015,12.273680799000015,2122.520455389942,171.38994503181684,0.849008182155977,169.36998093232754,22.75141136,29.344963938,8869.519125025552
BSCNHw8CmxbZ8hCWWzMf5FaG2ajPT6JxfznKUNuRVrn4,7n9kgNL633yGzCYksgnzHyjG73ZLBAwvEae5sbAekbzW,SscdxE99omdG9AiMVwmaEMQySQnCgeAh1sPj2Leutm2,54.828282489999765,54.59868052499951,55.0768937502376,1.0045343616277453,0.02203075750009504,1.0,4278.829394215,7419.800736098,11718.031890129798
BUSDTd9WiT6uBHJRgNvFXBsA7JrifsAtWzKfioN7ERcy,DyBxrn7gSc1EwnpWhDyhzvMHPtxpmBqRqotapLcKcfTM,Cds99GeBgoCpqBsoRWu1C6fF9LiUMd4pXQQD24s9LPff,919.4688099699998,917.5681444299998,919.1866931901259,0.9996931741709834,0.09191866931901259,0.9991736833638581,129.47141734,133.83124668,263.15235185947336
ALBpShJ9NLpE739pcHDF2LNVk5J4VYPvvKuV6jMPitZi,D6d156U1bPiJpDYRLextvDRccgFk7QzkQbJg42ceKEu5,GNcM8U5g8RwTZffwwm3kSQqUNPSwv5d2fbN9sLxPJqt2,3301.8894930000097,3292.300543000005,3300.529674774002,0.9995881696740941,1.320211869909601,0.9992485650790605,40593.88159,59811.642621,100343.86186257083
ALLwa5WNZbvQsRKAqe1jdRGemdYQnW8E5k4msbRFcYtu,CGoM82Hbz7QVqTgvQatYtjvDWBvoUJp5qm21P8iMs9yb,3dxNNww8TivyN5FMy5dCNdi3Zcxv6e4kUfSPxfFwpdNq,4.745429619999995,4.735910812999999,14928.837638028108,3145.9401642180765,5.971535055211244,3143.6556313875153,1.858747655,6.780101482,27161.813108278802
ercAoEmXjQzEvAFbdjAo81KtMxRGn9AW1ju882upmPH,CMRhskR2Eg6V42RTSdRTXGdozyPbWB8U9dVpijPWb9T4,7TKLLgrWswt6ZJ1pXhVR3FyufHGjJFqiEXxvWJfDcgRm,22.9571927799999,22.888420757999995,3322.9530624698787,144.74561826064402,1.3291812249879515,139.30566434940982,295.106147373,860.597112243,162601.37421221635
wrmcMSHFi3sWpAEy4rGDvQb3ezh3PhXoV2xNjgLBkKU,8p4mGnARWPBu6P2Gcw4adodLkNDorrXniZMhaY7eJXUn,AyY89zccbsgp9LKFgH4CFZMJmpSgqmPSdTfukhP227rc,0.0017340699999999903,0.018307370000002265,0.5148663895486908,296.9121140142518,0.0002059465558194763,3149.8047121078494,27.12048655,0.0920371,8342.299885924323
BSC8REUo9LpiiWUuqMuLXs2D2yJsJfGd4HdiF3wCLxk5,AZjEH1zWVx1UJ6udMyRijGTzPteuLnaY18yNNmprJEsh,Caf8ypkSVR8xYnXNhjvfvdGCC7mrM3C11rz8Xi6NA6aK,256.6462925390001,256.20290335699974,257.164436703991,1.002018903759976,0.10286577468159641,0.9999997160000806,2732.702305876,3618.3519576,6356.570298824565
BkMBnJpvHKtWhUvrgRrLesXfi9RUV3ELgdBaJcdH7hcY,5uerVwBnZQsuVhZ15igs7ZgmcqhHnYWbwoRtLyRqLvR,9YWiQh5d4jCtgMdzcGLv9bWgnLaFtzvDDh2nnhJdzhBX,0.0011700689999543101,0.0011700689999543101,0.0011743536091332212,1.0036618431725637,4.697414436532885e-07,1.0,1117.771749621,1755.682809946,2877.547664416834
KZMu9QBEdL97EFgamLbN5DE1AoKBG4HdrKKJo4Vuon3,DD4ACBWyVqdaKWh7v5btsgqQCCMwbKnuL2xd9pv7Gyuw,GcYqiJ1MAuYbNTNYXm1F1gQYTfTgkErACAhNU5dpVj9T,117.17162760999997,120.5275080299989,113.57580952997431,0.9693115291357549,0.04543032381198973,1.0,2371.37214575,825.19179821,3123.7901589568687
7oAd7xG4m3oC2qeWB1szghTebAZyyGPAFDJ4wwwbRSNi,D9yh4KAysxt9GLacVe4Wwh2XqghhcjTCSTV9HuM7TBJd,HDYfJLpZKaMFb84jM4mRytn7XLR8UFZUnQpSfhJJaNEy,190.76308794603165,190.76765459503167,190.76303376933006,0.9999997160000806,0.07630521350773202,0.03079547620624712,1137.595034494,293194.468445372,10166.657988229827
CZgvH45CRmoaNJ7395Ao5CQZXkGznvqU7cErD6n7FaRg,4ZjU6MKvtqVQKCiowhvZ5yUsPxXX5SCzd5eFsPeXyey5,BsyWeshjDbCvjDojry3vKDCesmFRM37WtwcR4Kfgzqr,3.3480677499999985,3.817908999999986,3.8375046248559803,1.1461848777868913,0.0015350018499423923,1.0,102.60561811,710.0350156,827.6400234536587
moFiBS1R4Lf3E3zzmBPnw3NF4RhWPkhREFviuzUaCAU,44ALBrpqi9PfZkBRTvbtRNtFJGsatfY4QydjtMbFWq8S,2ho8qEEie1UjVwWNBo9y4oAJZMyMLx8zPj9bxyUz6uWs,129.1160017209986,129.1225361830002,129.10692330947225,0.9999296879441328,0.051642769323788904,0.9999997160000806,32445.81365123,34668.141097462,67111.66357108063
RajgMbScQbqqrdJfR2rxfHJiTiY5b6bJ2tTXiF4aPxy,725ZA3fhyBAKb5iopNRrcbSuQa3LXA1656Q3mBvYPxeg,GLA6i1dSZpUfk2f9Nj8uiG7xyDdAR2reff8oEiZH3617,730.2264973899873,729.7816798399872,730.3360404927009,1.000150012500375,0.29213441619708036,1.0,78173.465903,103230.79299488,181415.9858949631
B2izdXFYb2sNwbWWHmh75T4aQFtfXsUxem9u2p61HGzf,4DYwgJtxwuJdAjkj5RJSNH4e7U329V5cNp7d3a1nLrZv,EXNW64GEf1ACC6xY9BtKRiunrs6GoJSXBdxWN2eTPmrF,5265.9661520000045,5205.553626000015,5261.467597204394,0.9991457304005075,0.5261467597204394,1.0,10065.565765,29807.324671,39864.29172916526
Sid7E679i9ABqptiAVhkmQ27YHN8vaYT4fppPwmxFsJ,GP7KB8o1bv527HG8kTzzzf4wJ5aEGHvcMQvVhLziUfmT,9gYxhAZ1M9wu5pxr8SBoa5NDm21gi3s9vMHaYTME77sa,1931.340945,4182.991045999996,16.898292773142845,0.008749513034915151,0.006759317109257138,0.018735745610542677,127468.121387,12033.868173,1340.7474824118372
MARpDPs5A7XiyCWPNH8GsMWPLxmwNn9SBmKvPa9LzgA,6YjT74rmcfCpw8LSjPNx5JTmZoYLGrTKnf9arfSgZ4SR,F8GSmi3vA8M8TsybLya1LQ4n1aFHCRbZ6k437PeTdXtg,36545.766736,38288.17136100015,34830.10540400931,0.9530544441881786,13.932042161603722,1.0,296119.323938,15841.992088,298059.82977710984
NorjjEePhxfwLF4vZjUHCrVVKLzQjEEGQFd3wgjEJmh,34M8pFVqgbV7aqHxvRT5tCv3vu2P1JJYT8J3VaxBK2oG,3AZWBSze3ucsY3xSeuLne3b2pauVqiaJ1SZSV5T9WGWw,0.005901999999878171,0.0011739999999917927,0.0034968349554797403,0.5924830490599664,1.3987339821918962e-06,1.0,38124.371737,2258.313384,24846.357394233368
vEnkoSUkpnbRrPgBz9DfcVxNz67zjwMYBZraAvDDNSf,DtfyjjsZ5yCjWKLKHvwsfXs5QVsmm1QkK6Sh9JZHoq1g,e5wrKCRv4GhHvEf1VD5Pq2KGaZDXP77nTL612Jyrxwy,1319.1679710000003,1319.1757069999999,1306.8379548955606,0.9906531871789663,0.13068379548955605,0.998060767927916,910.734617,1034.70124,1934.9168651756322
SAMyS8Jr2HJrkFwYVKbpUwsNStnQmvz3f8Tup8bWUWF,6jPzm5TFfquvgm25sTyN3MMGBfufRaFHMxobDWv6hMFW,Cj9ECoDmxsHTDzCY5ZA6RWrPbg9uFzEC1Qc2kso2vJG6,924.8677189400216,93.77495340999451,896.4849428940499,0.9693115291357549,0.35859397715762004,0.018843917022469656,452.68379599,110297.21319347,2517.223155733439
ZUCKWFa4LTL833dPhhpeeRWZcaAEoMeYJPi2iKn4F8N,7eEYpq6ShaJ9opZWMxitRFrdCHh6vfyHhGfoSvFht3N2,H8VggnHmuwd1wvwpT8eg9cUJFEfZ7HAaeYjgXrSm7A2u,2.2311161590000665,2.230275537000125,2.2337288242832876,1.0011710126667686,0.000893491529713315,0.99999971700008,1849.447104349,1997.704621036,3849.3168860204632
daob129AwBGn9Y5r91uLoWZeYiGzbPmksauMhFZKTze,6VW5GQNyj4LStgmxEHLr5zUfW92vQnmbw8jTnCH7a38F,4VPCCUifPeBA1c7HWK358CHn2nyjm8pdTRk6Ps3KmnMQ,29.24207448600024,26.152847437999988,4609.18775543598,157.62177740305827,1.843675102174392,144.8792431508338,50.639459136,221.384280062,40055.868496620635
C2ypsDADXcCRz8HbV2zX1AXPSja7a1P3xZtRC91xGhJh,J9bYNuDpY1d1T86gLaw7DGk5D3CsUAf2tzUwxMvb6FTv,A2NGvvPrMGzsJ4jb52KEnSBVmsA7C34dV1GC7PerdgvG,0.002148701000000086,0.0021413539999999287,0.31121736234900077,144.83977172672618,0.0001244869449396003,143.72063697561188,1.309430181,0.910011665,320.4450246571629
KEN5P7p3asnb23Sw6yAmJRGvijfAzso3RqfyLAQhznt,9zj4aX38Uxf3h6AUjS4EipWS8mwbEofasHAf3a1uKGds,CwQDG1MWunn9cLNwcZLd8YBacweSR7ARo32w4mLua1Yr,89807.9049479994,89810.97550899955,89421.95976963366,0.9957025478036793,8.942195976963367,1.0,1119799.1002,1108131.980134,2223118.797231408
YakoMPuYrybnr9R7VC7hVGxMz94fJvPFCdZ4gmW61Ed,,,0.038243999999999945,0.0381410000000002,0.0,0.0,0.0,1.0,1119799.1002,1108131.980134,1108131.980134
Lid8SLUxQ9RmF7XMqUA8c24RitTwzja8VSKngJxRcUa,4PgzyzLtds9bKZ2to9PMnKqJzKEUpjvNUaeN23phegax,AtymwxoVN9peZo7EXTcDz9jKVc4vRmisJKKrNfe3ewBa,247.54756091700165,209.99515088900012,42266.05680644766,170.73913655169775,4.2266056806447665,144.30630803278177,979.789992514,7685.630519375,1276373.4624789122
SoN9GaFpSXfpyR5dth3x7PHPVhvJMpQqqDJfCSmPv1t,9kZ9iS68ViMPtoeqtnhAKuF2iqVyfHPdZHoUNdwCELr,BBhm5fJLjw3HRzjtKB8uMEYjGhY6EDm9co3cqpjrSzB9,1.8524406980000014,1.819841708999998,318.85340226180614,172.12610509262623,0.12754136090472246,169.09998730059095,2.341886393,3.813468734,1047.9572978871101
HDSBGqAuMRr6X2AfmmbXQPpRgU6VEhtfNVVZ3wUTZXg,DCZ1d8kNLgDcdSd99y4udLgwq46mfDXNS9KXj96kQf5L,Fq8GGYQM5Pz3q7LmVMbrXHJgsxA5ev86kTq8yGgGuYsa,112.83760798800176,113.38636243200017,112.13356907666977,0.9937606005312799,0.044853427630667915,0.9983798521386861,13508.108219667,12894.560673666,26297.49531518577
GokA1R67GqSavkd15zR62QD68Tuc5AEfvjssntVDEbM8,3YB7hfpBdbQEuZqLGWVDpRPmeZWCUsrrWyqGXegnQ6Cg,4DPCj6Z1DsG6HUtwSogBGqXEUxdEV5a8YVrrFtcnz7UW,6448.632284000003,6448.953685000008,6448.483968868719,0.9999770005289877,0.6448483968868719,1.0,17837.206683,14750.196842,32586.993278681955
Lee1XZJfJ9Hm2K1qTyeCz1LXNc1YBZaKZszvNY4KCDw,9DgFSWkPDGijNKcLGbr3p5xoJbHsPgXUTr6QvGBJ5vGN,2hNHZg7XBhuhHVZ3JDEi4buq2fPQwuWBdQ9xkH7t1GQX,1148.6121196871254,971.0304551029931,196623.96477567035,171.18395444863447,19.662396477567036,144.6853455447765,6917.039123702,54987.420230142,9139960.006885156
AURHmCnNwiW4uA2Qj1XvEh4iKgRUZYXtiY7FKAapUV5Y,BKWm4TRnTeKwfWXRyuzjRHU7iZDkPuXBX5b5V5jSVfGJ,A5Ww74HVrkj9nPeC7pHKLfgeDMEhBCpW1efQdz3TGLEg,0.02712177700010443,0.02433135400002584,4.392293034866632,161.9470964181189,0.0017569172139466527,144.67623989346043,289.875225804,1809.515182358,308738.3037561892
FrnkTEL6yZ5Aycq2TrEgu29dCrwKG4LPUZydfiwqspkc,DjvZuMZ46fxKBoBpGMPcRcos4xdTtHFxwMh69DpA2ZFY,9rvDPJLAng4uVVqnnSoEXgNDFhBZQTny9AoQioYDZbQX,43.29712684400147,36.21800669899983,7470.047408446418,172.5298640568189,2.988018963378567,144.71116158636428,174.650000704,1441.500096799,238733.49431362428
DFWzVTzNBrQZLjoQ4yQwkj9HuoXmfkuZP9V5vbymZe23,DhgiEgiNdqZdRdo195UUHnoEJUtefK8buko8nU97XJUZ,2K2kkXsouBHtWVjtcgkyiXd8eP3oVBvq1bTJzcVdLLr2,1275.0146360280014,1347.985693308001,1211.7982639998272,0.9504191008935322,0.484719305599931,1.0,54144.326573303,14127.653022877,65587.45520316141
AUSejoEUCh2DBs9mof6BNC8Pubs22w4cJa1ccV9h44R,4xkyD7AfGQDwsQMy9MosRRNGoVJ1zosNinesxg1TzHG7,Cbm5gsQe3nSiCsFrvepVzMCD9xLK3ri9g3ypS2hdmVJ7,583.6247310000017,583.348334999997,583.8442564404234,1.0003761414291774,0.05838442564404234,1.0,14322.042335,14553.392765,28880.822213472627
SRMuKizofcAMicegrfSv7xs9q76tH1w8aAF7oX9FEWu,72Hj2KWntXPfbie4UgKeTPnm1XVkomDfCnRPKbvfTtPi,6aqJQ5wedqpUt4fFEDUqUmXhrdxCu4bEJsQdVPCADLko,1008.7090859999989,1003.5397739999999,43.914440881516406,0.04353528831157614,0.01756577635260656,0.04354776689228765,16855.347878,5003.436368,951.6909100747015
YAkoNb6HKmSxQN9L8hiBE5tPJRsniSSMzND1boHmZxe,CfWX7o2TswwbxusJ4hCaPobu2jLCb1hfXuXJQjVq3jQF,EnTrdMMpdhugeH6Ban6gYZWXughWxKtVGfCwFn78ZmY3,6220345.297084011,6217950.06531903,6220345.297084011,1.0,622.0345297084011,0.9991008092716556,407005.291102,995199.429801,1401309.8468028693
TETFuZgEmET6d9vYmz9iMFCxK1jKdKYxf3oPz8hSzJK,Eu1Ze6Z84LWNkq7SNoAHBJbXx5t1P95EwyqYohrfCRFV,ASMbv7WNu3qe4pkhREmvyEdwFNDZQ6B6iSrjkj4u8bdC,39.93545243899999,40.018354999999985,39.79310664693722,0.9964356033707094,0.01591724265877489,0.9991756800639472,72.461062917,280.170929667,352.14276213275684
parEAJhzYzHW87y9VoZAQ22dzQ2MD2ekEtTReaxbMcz,3oyc6hpjYSJEquK6dSvG72NXyz3pqLZz5D8AC71pwgQb,Di2vordgFJVZ1aj1aBpvzXtLfZgJsuLLXawGtVFwX6Rz,8.607817096999952,9.945360690000086,1211.524633262512,140.74702327083133,0.48460985330500483,166.65197351766818,1102.742927894,140.354411803,178598.12425292295
Cob4usZcpHEY7Qt4ZCwj6WVg9S44zvzYV2v9qYF65dTf,NhFM9UXE48PyNAyeyPYA3iXztqKVJwA4bTdLj4ysM8w,6TuFuynuBoeskxyR2cz4wxyidk8dpDK7kAWw3UkjQGx,182.62005599999893,1849.1244239999974,1.5978365604089255,0.008749513034915151,0.0006391346241635703,1.0,71412.089271,183.878003,808.699008927139
KwnjUuZhTMTSGAaavkLEmSyfobY16JNH4poL9oeeEvE,J63v6qEZmQpDqCD8bd4PXu2Pq5ZbyXrFcSa3Xt1HdAPQ,BnKQtTdLw9qPCDgZkWX3sURkBAoKCUYL1yahh6Mw7mRK,298.12341999997784,13410.834316999884,5.617812988934453,0.018843917022469656,0.0005617812988934454,1.0,279060.468533,544.457439,5803.049752287356
ACUSESXyNnwRLAg1dpSGMLSzUDdLjUMybY8rkXiAKhCP,AhFPQdu8GKBsxuhiH46UmCu1YpaLgNpoP325HnYtsgas,A8wxWpT3aFEr2XqZp1kDmbxbFfcBE95UUmdsNTDBJYbT,100.48906649200012,100.529039495,100.48906649200012,1.0,0.04019562659680005,0.9878806846995098,1044.595767735,1841.328673742,2863.6087987080873
JSoLLrxK5bYdHwTEWYaGgmeycBCNXKDiBCTw5hXGBg7,xG4wXczA7Dk4hccJ61CHKpDHW4NrNfQwgmWgkb9BuF2,BVR6WgfhsRr9Lob4QDnkEAiNGgAbv7ZieKcY9kSg3QYR,4.593669770999952,3.9288145079999666,767.0004105767431,166.96899185458471,0.3068001642306972,144.5189246809275,17.256592313,163.660091886,26533.296313893698
MATgk4zXLXtYkwBH678J1xZbRDZ45LicNzkRBHkxTuY,y8dALFo1bJrSzPYjMX14HJX448pXqYmrfXHD1K8MXih,GN7Yuet3UyiWS5YVkEHv6oQKi4HGBJc3XDPt9zQhAqZz,3889.2844560000012,3878.0341420000004,3890.3192809287284,1.000266070774826,1.5561277123714912,1.0,5138.489311,4932.954362,10072.810874832414
C98Sspw7XqnMsgxea3SLQVdbMDL8pKUc3RE82UvX9eq2,CSqgQJurPCzGxb4Cgwx5R61hWQUiaoUHcShNc8r1cKEL,6S2CR5EnukPhC914XkAns8m5GixjMAoUuZMsS5ubHuWc,99.57913300000007,99.25840799999924,0.0,0.0,0.0,1.0,893.409543,1226.233183,1226.233183
heyk4SZTeCUV6a65WiVA5bzic3KcxgVf1qxobfeV4tQ,9ZDpBKPqMABtGfq66FbVribaArMvtk63xxy91onZAtDt,DaTP4s6N7xxSPinbNZ3FB52EpRDRt87QShTuN3VPCW52,76.79984783500277,66.42019466800014,12636.388170047087,164.53663029639299,5.054555268018835,144.48745675490417,620.871407333,4478.890591642,749299.5998797716
BUSDgu5JdqP1rndBvXvanbEufS94FNh1w5FJcAj6vawb,Bgzr8cWubt89JQFXndVjtdKmDbGzuPxNhvjH1EhWCwbo,Dxaf8xPBBQsasRKW5Aa4Sw2YrbfGofY9xZueyyF23FBW,7728.785431129991,7685.111808710005,7776.130244601642,1.006125776668732,3.110452097840657,1.0,4973.0176513,10066.1815573,15069.662804101525
HEDSDjj84KS7LKhZY7ejkCACTdPen62rKhCby1wXtgxc,EnnjMSFttpCTywBrYNt1J5QQeoSVkvzPipJDa8Y7kJow,6bjVT6JN2rSvpyn9PdfLYC8wJn4LWh49jpY47fnLDXZk,4.375464360000478,4.519876799000485,4.2282836292140935,0.9663622603964328,0.0016913134516856373,0.9981645630235376,39128.239008211,9094.979862274,46890.34009324126
MATSnbbiTCv7Dc3trJrkrqjx7ckKdr6fwPoVwv9q3sD,631WX9JizSHJm4w6VanZeJAst9T8DeUUnPLesdGkCVtK,211maUSfpnXbPuW1iBu8b4dtJv5EbN1j7JJiEX5TZKEP,654.662131999994,654.7755519999992,652.6844979711415,0.9969791531659072,0.2610737991884566,0.996512207274539,22559.512081,22988.481503,45399.665694795876
BkwbeSfcX1h4thMDd7obGkHrPevf3QwgzJ4pCEqG18Lu,35yX27bmurdebhfAb8EPmjLETDiUaEUCn9zHaDPbakH2,2CxECn1ZJFoESyUnQysQU8rRgT3iJ5GRs2Mdd6gZjx5g,0.0007544600000000123,0.0011499999999990962,1.4600661854353578,1935.246647185184,0.0005840264741741432,1256.2814070351758,0.90251744,22.63617722,30184.00241762535
SUiuyGR7SFq3xeRVJonq84fjjeFwRSsFekcevJ53tzy,49GjCCPsv7fBqo6t3iKDrP1xxGDS8uWZbVCdfnp2gjMf,CEwj5xEbbJEjYqM8D6Ai8ByGz1mrh8mkAVsE5fzDSSSx,0.036308999999999925,3.8564310000000432,0.00031768606878473357,0.008749513034915151,1.2707442751389344e-07,0.9474326470131238,638.204871,1.729192,7.22227479151476
WiiQFxXqp8P9Fs1rt9SVcDyA3KUdJmUsog6wnVQAwba,3S2jpqSYxho6wiz3cafhjXruVY8cg4HYa2v3BqBHYFSj,Dfe67M6TfrG74gKRtdqys4e6E9QirPD53BkF4FujFjuv,2925.964443952,2925.9644034240027,2926.6142488935247,1.0002220823096015,0.2926614248893525,0.9961586359795841,12587.35975674,14211.433701256,26746.997597824033
STK75uPSyBnEhGTTzb1nwmP3n427XoXmfRhXxxhyady,6TYyD5fUmDe6N65avW1Ny2RxzRNobw2RRgKwH9CTzSAU,54zDfk4cx2vGrEajPtodWpArNe5eUurytyxd4X3aZAxK,351.45825538099996,395.2584654080041,50558.97032461707,143.85483780942457,5.055897032461708,161.87487363642677,1674.096774407,297.666785797,289011.69329625054
BSCrK1Nx9PXU9mF7STWWBqeHLxmtJDr9h7jheEy4tAWX,FfSySSbVJPvEo5a5AvrP3nySoXpRE2QPn1uUMpJJ1x7v,HL7Vcj6838ZmvBHDbQxXfjBNckNi83WvPiZQoMQLFeRM,0.01955516699999993,0.019536699999999962,61.56393086513011,3148.2181085505604,0.024625572346052046,3141.7889346193724,0.829852709,0.974397312,5673.9080186679985
