0,1,2,3,4,5,6,7,8,9,10,11
KwnjUuZhTMTSGAaavkLEmSyfobY16JNH4poL9oeeEvE,J63v6qEZmQpDqCD8bd4PXu2Pq5ZbyXrFcSa3Xt1HdAPQ,BnKQtTdLw9qPCDgZkWX3sURkBAoKCUYL1yahh6Mw7mRK,81.66439500000047,4278.696513999952,1.4739403023494306,0.01804875065013856,0.00014739403023494307,1.0,279191.591186,541.99193,5581.051342931536
ercAoEmXjQzEvAFbdjAo81KtMxRGn9AW1ju882upmPH,CMRhskR2Eg6V42RTSdRTXGdozyPbWB8U9dVpijPWb9T4,7TKLLgrWswt6ZJ1pXhVR3FyufHGjJFqiEXxvWJfDcgRm,0.1463947130000065,0.1494899990000249,20.91771397136663,142.88572000114308,0.008367085588546652,139.58012066422273,295.605764369,860.899662189,162402.321206482
SRMuKizofcAMicegrfSv7xs9q76tH1w8aAF7oX9FEWu,72Hj2KWntXPfbie4UgKeTPnm1XVkomDfCnRPKbvfTtPi,6aqJQ5wedqpUt4fFEDUqUmXhrdxCu4bEJsQdVPCADLko,1008.7090859999989,1003.5397739999999,43.48498779137736,0.04310954307333106,0.01739399511655094,0.0430602729280667,16855.347878,5003.436368,942.075680946915
heyk4SZTeCUV6a65WiVA5bzic3KcxgVf1qxobfeV4tQ,9ZDpBKPqMABtGfq66FbVribaArMvtk63xxy91onZAtDt,DaTP4s6N7xxSPinbNZ3FB52EpRDRt87QShTuN3VPCW52,49.879153430004976,43.173898157999815,8216.708903486457,164.7323247981123,3.286683561394583,142.81629739608758,617.244841338,4483.093106413,741938.9360230798
KZMu9QBEdL97EFgamLbN5DE1AoKBG4HdrKKJo4Vuon3,DD4ACBWyVqdaKWh7v5btsgqQCCMwbKnuL2xd9pv7Gyuw,GcYqiJ1MAuYbNTNYXm1F1gQYTfTgkErACAhNU5dpVj9T,115.06102573999999,118.39158127999872,111.45754858020321,0.9686820351494219,0.04458301943208128,1.0,2378.82858233,817.97263046,3122.301142863038
Lee1XZJfJ9Hm2K1qTyeCz1LXNc1YBZaKZszvNY4KCDw,9DgFSWkPDGijNKcLGbr3p5xoJbHsPgXUTr6QvGBJ5vGN,2hNHZg7XBhuhHVZ3JDEi4buq2fPQwuWBdQ9xkH7t1GQX,1002.7624916510622,848.0949294029842,167641.6019585214,167.17976924176452,16.76416019585214,142.81107608431452,6916.195179517,54972.775688262,9006969.165524997
STK75uPSyBnEhGTTzb1nwmP3n427XoXmfRhXxxhyady,6TYyD5fUmDe6N65avW1Ny2RxzRNobw2RRgKwH9CTzSAU,54zDfk4cx2vGrEajPtodWpArNe5eUurytyxd4X3aZAxK,388.8910697189988,435.9769600050006,55535.96142739678,142.80595712194017,5.5535961427396785,160.7143431122654,1751.575915147,311.764184816,300240.45120293996
DFWzVTzNBrQZLjoQ4yQwkj9HuoXmfkuZP9V5vbymZe23,DhgiEgiNdqZdRdo195UUHnoEJUtefK8buko8nU97XJUZ,2K2kkXsouBHtWVjtcgkyiXd8eP3oVBvq1bTJzcVdLLr2,421.23895384200296,399.7227610000009,400.35360332539045,0.9504192327748346,0.16014144133015618,1.0,54144.326573303,14127.653022877,65587.46234378574
HEDSDjj84KS7LKhZY7ejkCACTdPen62rKhCby1wXtgxc,EnnjMSFttpCTywBrYNt1J5QQeoSVkvzPipJDa8Y7kJow,6bjVT6JN2rSvpyn9PdfLYC8wJn4LWh49jpY47fnLDXZk,3.4346911480006383,3.54811748299835,3.3253333508847707,0.9681608061966428,0.001330133340353908,1.0,39130.279567705,9093.004546114,46977.407559083294
BUSD5rCfUDpCxKGMvYU2yThChxgHoioK74PTPociGnv2,CcFHbafgYDZ8yA8Me1PdtDiVb2eeaS61LbqyKKK5CsNZ,26R9s4nmF3CFDTkiePDwRmtscn8i7r2eygbSijditJ58,93.52292222999998,93.53268892,93.48825024263249,0.9996292674935646,0.00934882502426325,1.0,88.1508333,59.65925301,147.77740593062634
BUSDTd9WiT6uBHJRgNvFXBsA7JrifsAtWzKfioN7ERcy,DyBxrn7gSc1EwnpWhDyhzvMHPtxpmBqRqotapLcKcfTM,Cds99GeBgoCpqBsoRWu1C6fF9LiUMd4pXQQD24s9LPff,328.2401849200001,327.59218443,324.77003656549994,0.9894280209617055,0.03247700365655,0.9959385625419539,158.80712453,104.54294082,261.2465651425164
BUSDgu5JdqP1rndBvXvanbEufS94FNh1w5FJcAj6vawb,Bgzr8cWubt89JQFXndVjtdKmDbGzuPxNhvjH1EhWCwbo,Dxaf8xPBBQsasRKW5Aa4Sw2YrbfGofY9xZueyyF23FBW,2331.4501709199994,2319.890975049996,2342.56310287499,1.004766532046707,0.937025241149996,1.0,5385.65002398,9651.92613236,15063.24702977165
ALLwa5WNZbvQsRKAqe1jdRGemdYQnW8E5k4msbRFcYtu,CGoM82Hbz7QVqTgvQatYtjvDWBvoUJp5qm21P8iMs9yb,3dxNNww8TivyN5FMy5dCNdi3Zcxv6e4kUfSPxfFwpdNq,4.7418465359999935,4.716106224,14775.329623282318,3115.9442869161503,5.910131849312927,3078.3059466714276,0.872690199,7.774179928,26650.558342677818
SAMyS8Jr2HJrkFwYVKbpUwsNStnQmvz3f8Tup8bWUWF,6jPzm5TFfquvgm25sTyN3MMGBfufRaFHMxobDWv6hMFW,Cj9ECoDmxsHTDzCY5ZA6RWrPbg9uFzEC1Qc2kso2vJG6,618.4702715100077,88.44603338000843,599.1010412857298,0.9686820351494219,0.2396404165142919,0.018669001038556527,448.22735941,110526.30123047,2497.6054231823864
SoN9GaFpSXfpyR5dth3x7PHPVhvJMpQqqDJfCSmPv1t,9kZ9iS68ViMPtoeqtnhAKuF2iqVyfHPdZHoUNdwCELr,BBhm5fJLjw3HRzjtKB8uMEYjGhY6EDm9co3cqpjrSzB9,1.526487229999998,1.498298520999998,258.3918346481547,169.27218883328297,0.10335673385926189,166.15319790075404,2.389037301,3.765544111,1030.0547690236308
RajgMbScQbqqrdJfR2rxfHJiTiY5b6bJ2tTXiF4aPxy,725ZA3fhyBAKb5iopNRrcbSuQa3LXA1656Q3mBvYPxeg,GLA6i1dSZpUfk2f9Nj8uiG7xyDdAR2reff8oEiZH3617,209.02337039000122,209.18768400000408,209.18840958574387,1.0007895729335659,0.08367536383429755,1.0,77964.44253261,103439.98067888,181465.98182509432
C98Sspw7XqnMsgxea3SLQVdbMDL8pKUc3RE82UvX9eq2,CSqgQJurPCzGxb4Cgwx5R61hWQUiaoUHcShNc8r1cKEL,6S2CR5EnukPhC914XkAns8m5GixjMAoUuZMsS5ubHuWc,25.166728999999805,25.08290999999997,0.0,0.0,0.0,1.0,886.676435,1232.991512,1232.991512
Cob4usZcpHEY7Qt4ZCwj6WVg9S44zvzYV2v9qYF65dTf,NhFM9UXE48PyNAyeyPYA3iXztqKVJwA4bTdLj4ysM8w,6TuFuynuBoeskxyR2cz4wxyidk8dpDK7kAWw3UkjQGx,8.69574499999996,994.852636999989,0.07581993851342299,0.008719199851585268,3.0327975405369192e-05,1.0,71412.089271,183.878003,806.5342811730972
Lid8SLUxQ9RmF7XMqUA8c24RitTwzja8VSKngJxRcUa,4PgzyzLtds9bKZ2to9PMnKqJzKEUpjvNUaeN23phegax,AtymwxoVN9peZo7EXTcDz9jKVc4vRmisJKKrNfe3ewBa,207.16638047899232,175.66694340800052,34870.201956648954,168.3197914450456,3.4870201956648956,142.40817058334233,979.671081011,7685.782809629,1259416.3014606806
RoBgmK8CvjdHvPrqdDyVw54VwjZv2TqJ493xnqJAQHx,ExiHJxM7qPAcy27NDHAF6G7vnW7muNHi2sVJpnaNynGQ,6rkPHSqZb7StM4HwS9EuVrmfkV7tRdc7dnsFhyB6cefE,0.17598699999999923,11.5169649999998,0.0,0.0,0.0,0.9451760106767083,6351.197633,17.573448,16.61000147447458
parEAJhzYzHW87y9VoZAQ22dzQ2MD2ekEtTReaxbMcz,3oyc6hpjYSJEquK6dSvG72NXyz3pqLZz5D8AC71pwgQb,Di2vordgFJVZ1aj1aBpvzXtLfZgJsuLLXawGtVFwX6Rz,6.725534289999928,7.933088689000726,936.0769771332721,139.1825447273546,0.3744307908533089,163.78414756165532,1103.463439562,139.745447434,176470.93851543844
YAkoNb6HKmSxQN9L8hiBE5tPJRsniSSMzND1boHmZxe,CfWX7o2TswwbxusJ4hCaPobu2jLCb1hfXuXJQjVq3jQF,EnTrdMMpdhugeH6Ban6gYZWXughWxKtVGfCwFn78ZmY3,6151533.876294019,6149672.443453029,6151533.876294019,1.0,615.1533876294019,0.9984882887308615,542404.174173,860137.419207,1401241.313950377
ALBpShJ9NLpE739pcHDF2LNVk5J4VYPvvKuV6jMPitZi,D6d156U1bPiJpDYRLextvDRccgFk7QzkQbJg42ceKEu5,GNcM8U5g8RwTZffwwm3kSQqUNPSwv5d2fbN9sLxPJqt2,3192.0188960000087,3182.6516430000047,3188.2280927976717,0.9988124120420818,1.2752912371190688,0.9992925009093563,40630.380626,59775.058695,100314.89637057304
Sid7E679i9ABqptiAVhkmQ27YHN8vaYT4fppPwmxFsJ,GP7KB8o1bv527HG8kTzzzf4wJ5aEGHvcMQvVhLziUfmT,9gYxhAZ1M9wu5pxr8SBoa5NDm21gi3s9vMHaYTME77sa,510.33234399999674,910.6180490000042,4.443263611717021,0.008706607887892463,0.0017773054446868085,0.01858754888873874,127468.121387,12033.868173,1333.495064109163
ZUCKWFa4LTL833dPhhpeeRWZcaAEoMeYJPi2iKn4F8N,7eEYpq6ShaJ9opZWMxitRFrdCHh6vfyHhGfoSvFht3N2,H8VggnHmuwd1wvwpT8eg9cUJFEfZ7HAaeYjgXrSm7A2u,2.2311161590000665,2.230275537000125,2.2337291373715686,1.001171152994864,0.0008934916549486275,0.9999481496885942,1849.447104349,1997.704621036,3849.2141292934034
SEQV6QiTpvTzrceiaYg9Avnwf7oc8ZALpnQMz6TyT4A,3dFMPj4r9mMmPHF32mz1gNDX7f8ftidWof7S8YiYTs1j,Fc1ED3YPeQfXQosHbd8DTaBd2AV5gHQtwiSAL5C5pUhi,36.122936837,36.204791000000114,36.06525028883675,0.9984030493305805,0.014426100115534702,0.9928159835430822,1358.945404334,4266.994418057,5593.115495496947
JSoLLrxK5bYdHwTEWYaGgmeycBCNXKDiBCTw5hXGBg7,xG4wXczA7Dk4hccJ61CHKpDHW4NrNfQwgmWgkb9BuF2,BVR6WgfhsRr9Lob4QDnkEAiNGgAbv7ZieKcY9kSg3QYR,4.084356763999949,3.4900029539999693,681.1605942657008,166.77304007072513,0.2724642377062803,142.13214707948285,17.154069497,163.780569952,26139.320376778378
HDSBGqAuMRr6X2AfmmbXQPpRgU6VEhtfNVVZ3wUTZXg,DCZ1d8kNLgDcdSd99y4udLgwq46mfDXNS9KXj96kQf5L,Fq8GGYQM5Pz3q7LmVMbrXHJgsxA5ev86kTq8yGgGuYsa,51.19040297100037,51.389902975999576,50.74503591560477,0.9912997939155137,0.020298014366241908,0.9985473223423822,13508.108219667,12894.560673666,26266.41392781492
B2izdXFYb2sNwbWWHmh75T4aQFtfXsUxem9u2p61HGzf,4DYwgJtxwuJdAjkj5RJSNH4e7U329V5cNp7d3a1nLrZv,EXNW64GEf1ACC6xY9BtKRiunrs6GoJSXBdxWN2eTPmrF,4698.868905000014,4645.898200000001,4709.97030500892,1.0023625685741293,0.4709970305008921,1.0,10319.368204,29550.913123,39894.661542023634
BkMBnJpvHKtWhUvrgRrLesXfi9RUV3ELgdBaJcdH7hcY,5uerVwBnZQsuVhZ15igs7ZgmcqhHnYWbwoRtLyRqLvR,9YWiQh5d4jCtgMdzcGLv9bWgnLaFtzvDDh2nnhJdzhBX,0.0011540940001850686,0.0011540940001850686,0.001158320282316738,1.0036619912511386,4.633281129266952e-07,0.9971513688810729,1117.771749621,1755.68396404,2872.5476880539163
KysFMBBoavfov2tLpvefWW6tPFt6rAeZWDJVy1mMQae,B8ka2V21TH3x64dFV8ETcjuQcwmrciJ2qzy1mJUttRew,7fSf7EYxBANyxzk2s5pymFgshA91tFYQNKKs5UnLWcYS,11.516964999987977,8.70746999999983,0.0,0.0,0.0,0.018258312210748393,134428.604513,2667.316915,48.70070499908023
AURHmCnNwiW4uA2Qj1XvEh4iKgRUZYXtiY7FKAapUV5Y,BKWm4TRnTeKwfWXRyuzjRHU7iZDkPuXBX5b5V5jSVfGJ,A5Ww74HVrkj9nPeC7pHKLfgeDMEhBCpW1efQdz3TGLEg,0.0024187420001453575,0.002580734999980905,0.3822505565105063,158.03692848908005,0.00015290022260420252,141.63684030871164,289.868567281,1809.522649183,302105.00853594893
KEN5P7p3asnb23Sw6yAmJRGvijfAzso3RqfyLAQhznt,9zj4aX38Uxf3h6AUjS4EipWS8mwbEofasHAf3a1uKGds,CwQDG1MWunn9cLNwcZLd8YBacweSR7ARo32w4mLua1Yr,166741.78405000106,166749.86481299996,166249.18770682573,0.9970457534325792,16.624918770682573,1.0,1135103.154106,1101189.443654,2232939.223163314
AUSejoEUCh2DBs9mof6BNC8Pubs22w4cJa1ccV9h44R,4xkyD7AfGQDwsQMy9MosRRNGoVJ1zosNinesxg1TzHG7,Cbm5gsQe3nSiCsFrvepVzMCD9xLK3ri9g3ypS2hdmVJ7,598.9281640000045,598.6479139999974,599.007832041666,1.000133017691353,0.059900783204166606,1.0,14366.657393,14508.770852,28877.339264598875
BSC8REUo9LpiiWUuqMuLXs2D2yJsJfGd4HdiF3wCLxk5,AZjEH1zWVx1UJ6udMyRijGTzPteuLnaY18yNNmprJEsh,Caf8ypkSVR8xYnXNhjvfvdGCC7mrM3C11rz8Xi6NA6aK,3807.0881119879996,3816.825387163,3805.731003535063,0.9996435311153783,1.522292401414025,0.9965926169550743,3332.437406181,3019.68292239,6340.643201934943
BSCuChvaSj9b5HUSqgDVRzcnr2sSn7cXaamt1jbKH6hn,GnKpRj5kBVPMJfiwZtEuD9GYApLzPdW5JFuZTcyX4BTc,3dmwD9okkomV9nDwyuh4UMhKdUR13QpuKxRo89ycZB5t,1196.6512935380001,1200.2473583150004,1194.931852323758,0.9985631225875682,0.4779727409295032,0.9979372636759817,1708.250175853,1402.582200099,3105.4846726079686
CZgvH45CRmoaNJ7395Ao5CQZXkGznvqU7cErD6n7FaRg,4ZjU6MKvtqVQKCiowhvZ5yUsPxXX5SCzd5eFsPeXyey5,BsyWeshjDbCvjDojry3vKDCesmFRM37WtwcR4Kfgzqr,121.65392738999999,114.65560739,125.39439711392544,1.030746806158869,0.05015775884557018,1.0,213.4433165,591.72915596,811.7351727383316
daob129AwBGn9Y5r91uLoWZeYiGzbPmksauMhFZKTze,6VW5GQNyj4LStgmxEHLr5zUfW92vQnmbw8jTnCH7a38F,4VPCCUifPeBA1c7HWK358CHn2nyjm8pdTRk6Ps3KmnMQ,39.130817077999986,35.101487529,6151.971927281529,157.2155244041728,2.460788770912612,142.0102343935723,48.777746441,223.460944841,39402.36014065513
GokA1R67GqSavkd15zR62QD68Tuc5AEfvjssntVDEbM8,3YB7hfpBdbQEuZqLGWVDpRPmeZWCUsrrWyqGXegnQ6Cg,4DPCj6Z1DsG6HUtwSogBGqXEUxdEV5a8YVrrFtcnz7UW,11363.780185,11364.456879000005,11364.552974602273,1.0000680046243144,1.1364552974602273,1.0,16816.155243,15772.474759,32589.773578319717
TETFuZgEmET6d9vYmz9iMFCxK1jKdKYxf3oPz8hSzJK,Eu1Ze6Z84LWNkq7SNoAHBJbXx5t1P95EwyqYohrfCRFV,ASMbv7WNu3qe4pkhREmvyEdwFNDZQ6B6iSrjkj4u8bdC,39.93545243899999,40.018354999999985,39.93530583649226,0.9999963290134762,0.01597412233459691,0.997116339546033,72.461062917,280.170929667,351.8238087501826
FrnkTEL6yZ5Aycq2TrEgu29dCrwKG4LPUZydfiwqspkc,DjvZuMZ46fxKBoBpGMPcRcos4xdTtHFxwMh69DpA2ZFY,9rvDPJLAng4uVVqnnSoEXgNDFhBZQTny9AoQioYDZbQX,35.34934824800271,29.563744877999568,5949.666450332028,168.31049920894066,2.3798665801328114,142.03334943044626,174.852972366,1441.266166129,234137.45206316846
NorjjEePhxfwLF4vZjUHCrVVKLzQjEEGQFd3wgjEJmh,34M8pFVqgbV7aqHxvRT5tCv3vu2P1JJYT8J3VaxBK2oG,3AZWBSze3ucsY3xSeuLne3b2pauVqiaJ1SZSV5T9WGWw,0.008158999999523076,0.0011749999998755811,0.0048340720611034504,0.5924834000963378,1.9336288244413804e-06,1.0,38124.371737,2258.315687,24846.373080274483
MATgk4zXLXtYkwBH678J1xZbRDZ45LicNzkRBHkxTuY,y8dALFo1bJrSzPYjMX14HJX448pXqYmrfXHD1K8MXih,GN7Yuet3UyiWS5YVkEHv6oQKi4HGBJc3XDPt9zQhAqZz,4485.019234999999,4473.462001000001,4489.940209469578,1.0010972025339773,1.7959760837878311,1.0,4518.989222,5552.875001,10076.822469425395
WiiQFxXqp8P9Fs1rt9SVcDyA3KUdJmUsog6wnVQAwba,3S2jpqSYxho6wiz3cafhjXruVY8cg4HYa2v3BqBHYFSj,Dfe67M6TfrG74gKRtdqys4e6E9QirPD53BkF4FujFjuv,7145.525356313001,7146.614467585001,7143.6260447383565,0.9997341956707261,0.7143626044738357,1.0,15710.422399189,11089.154151884,26795.400652784574
BkwbeSfcX1h4thMDd7obGkHrPevf3QwgzJ4pCEqG18Lu,35yX27bmurdebhfAb8EPmjLETDiUaEUCn9zHaDPbakH2,2CxECn1ZJFoESyUnQysQU8rRgT3iJ5GRs2Mdd6gZjx5g,0.0007544600000000123,0.0011499999999990962,1.4454087399659221,1915.8189167959845,0.0005781634959863689,1245.3300124533,0.87625439,21.97746938,29047.946952974944
wrmcMSHFi3sWpAEy4rGDvQb3ezh3PhXoV2xNjgLBkKU,8p4mGnARWPBu6P2Gcw4adodLkNDorrXniZMhaY7eJXUn,AyY89zccbsgp9LKFgH4CFZMJmpSgqmPSdTfukhP227rc,0.005475609999999992,0.05752300000000332,1.6101941133744415,294.0666178516081,0.0006440776453497766,3105.590062111801,27.12357993,0.09174677,8261.067271185713
SoNcU2iwHMw6dGzsYNQkYFkUjwN1UdAjrWVRnStrZu2,8ivTTid27jZnYNc4w3CTA1Z6QS2twsFb8WMwUabeDJgc,CyXm53PMvHCbeXJBykU46Rcbo28xk5srhMZFg7gv6EYB,8.939209046000013,8.84467702700001,1501.1921672482783,167.9334446172293,0.6004768668993113,152.91543990255005,22.933339186,29.162249244,8310.632817774334
MATSnbbiTCv7Dc3trJrkrqjx7ckKdr6fwPoVwv9q3sD,631WX9JizSHJm4w6VanZeJAst9T8DeUUnPLesdGkCVtK,211maUSfpnXbPuW1iBu8b4dtJv5EbN1j7JJiEX5TZKEP,62.391128000006574,62.36955599999419,62.149614597679985,0.9961290425406868,0.024859845839071994,0.996530082253593,22532.248952,23015.763212,45380.92798162774
vEnkoSUkpnbRrPgBz9DfcVxNz67zjwMYBZraAvDDNSf,DtfyjjsZ5yCjWKLKHvwsfXs5QVsmm1QkK6Sh9JZHoq1g,e5wrKCRv4GhHvEf1VD5Pq2KGaZDXP77nTL612Jyrxwy,2005.9272129999997,2005.916906999999,1979.297741190029,0.9867246071355976,0.1979297741190029,0.9933120301013276,961.625573,983.917341,1926.1965471705792
BSCNHw8CmxbZ8hCWWzMf5FaG2ajPT6JxfznKUNuRVrn4,7n9kgNL633yGzCYksgnzHyjG73ZLBAwvEae5sbAekbzW,SscdxE99omdG9AiMVwmaEMQySQnCgeAh1sPj2Leutm2,882.4094233699998,879.9238595329998,885.9126577797583,1.003970078193838,0.35436506311190336,0.9916611088441352,4380.741290524,7317.818485661,11654.929169805051
MARpDPs5A7XiyCWPNH8GsMWPLxmwNn9SBmKvPa9LzgA,6YjT74rmcfCpw8LSjPNx5JTmZoYLGrTKnf9arfSgZ4SR,F8GSmi3vA8M8TsybLya1LQ4n1aFHCRbZ6k437PeTdXtg,32500.53758399998,33984.82222599955,30435.831637383177,0.9364716370835275,12.174332654953272,1.0,296232.547873,15741.057884,293154.4369480527
BSCrK1Nx9PXU9mF7STWWBqeHLxmtJDr9h7jheEy4tAWX,FfSySSbVJPvEo5a5AvrP3nySoXpRE2QPn1uUMpJJ1x7v,HL7Vcj6838ZmvBHDbQxXfjBNckNi83WvPiZQoMQLFeRM,0.014927891999999998,0.014934757999999992,46.475958604714876,3113.3638027870834,0.01859038344188595,3100.679048711668,0.829852709,0.974397312,5604.926716284769
moFiBS1R4Lf3E3zzmBPnw3NF4RhWPkhREFviuzUaCAU,44ALBrpqi9PfZkBRTvbtRNtFJGsatfY4QydjtMbFWq8S,2ho8qEEie1UjVwWNBo9y4oAJZMyMLx8zPj9bxyUz6uWs,129.1160017209986,129.1225361830002,129.10707073938022,0.9999308297848497,0.05164282829575209,0.9962045413898724,32445.81365123,34668.141097462,66980.12897015554
