0,1,2,3,4,5,6,7,8,9,10,11
ALBpShJ9NLpE739pcHDF2LNVk5J4VYPvvKuV6jMPitZi,D6d156U1bPiJpDYRLextvDRccgFk7QzkQbJg42ceKEu5,GNcM8U5g8RwTZffwwm3kSQqUNPSwv5d2fbN9sLxPJqt2,3221.611530000009,3212.1828740000055,3225.9859669712223,1.0013578412327115,1.2903943867884888,0.9994423111903558,40630.380626,59775.058695,100427.2730457847
MATgk4zXLXtYkwBH678J1xZbRDZ45LicNzkRBHkxTuY,y8dALFo1bJrSzPYjMX14HJX448pXqYmrfXHD1K8MXih,GN7Yuet3UyiWS5YVkEHv6oQKi4HGBJc3XDPt9zQhAqZz,4379.065282,4367.646793,4383.1416036914325,1.0009308657051057,1.7532566414765731,1.0,4639.094284,5432.648204,10076.060861771726
RajgMbScQbqqrdJfR2rxfHJiTiY5b6bJ2tTXiF4aPxy,725ZA3fhyBAKb5iopNRrcbSuQa3LXA1656Q3mBvYPxeg,GLA6i1dSZpUfk2f9Nj8uiG7xyDdAR2reff8oEiZH3617,730.2264973899873,729.7816798399872,726.6098188151296,0.9950471825005192,0.29064392752605184,1.0,78173.465903,103230.79299488,181017.07998796058
ALLwa5WNZbvQsRKAqe1jdRGemdYQnW8E5k4msbRFcYtu,CGoM82Hbz7QVqTgvQatYtjvDWBvoUJp5qm21P8iMs9yb,3dxNNww8TivyN5FMy5dCNdi3Zcxv6e4kUfSPxfFwpdNq,5.764520086999995,5.749622007999998,18025.954804715577,3127.052127958973,7.210381921886231,3093.217193338447,0.860379296,7.786534732,26775.894017958017
JSoLLrxK5bYdHwTEWYaGgmeycBCNXKDiBCTw5hXGBg7,xG4wXczA7Dk4hccJ61CHKpDHW4NrNfQwgmWgkb9BuF2,BVR6WgfhsRr9Lob4QDnkEAiNGgAbv7ZieKcY9kSg3QYR,4.535350809999905,3.8766090229999897,763.4693623326965,168.3374438531498,0.3053877449330786,144.0547108267343,17.108808418,163.833581619,26481.052300292587
BSCuChvaSj9b5HUSqgDVRzcnr2sSn7cXaamt1jbKH6hn,GnKpRj5kBVPMJfiwZtEuD9GYApLzPdW5JFuZTcyX4BTc,3dmwD9okkomV9nDwyuh4UMhKdUR13QpuKxRo89ycZB5t,1196.6512935380001,1200.2473583150004,1194.783612573959,0.998439243767899,0.4779134450295836,0.9986248935216208,1708.250175853,1402.582200099,3106.2375139742344
TETFuZgEmET6d9vYmz9iMFCxK1jKdKYxf3oPz8hSzJK,Eu1Ze6Z84LWNkq7SNoAHBJbXx5t1P95EwyqYohrfCRFV,ASMbv7WNu3qe4pkhREmvyEdwFNDZQ6B6iSrjkj4u8bdC,39.93545243899999,40.018354999999985,39.989144343522554,1.0013444671649727,0.015995657737409023,0.9891666468833337,72.461062917,280.170929667,349.69422348972364
moFiBS1R4Lf3E3zzmBPnw3NF4RhWPkhREFviuzUaCAU,44ALBrpqi9PfZkBRTvbtRNtFJGsatfY4QydjtMbFWq8S,2ho8qEEie1UjVwWNBo9y4oAJZMyMLx8zPj9bxyUz6uWs,129.1160017209986,129.1225361830002,129.10430642008865,0.9999094202054425,0.05164172256803545,0.9999998060000376,32445.81365123,34668.141097462,67111.00908793915
MARpDPs5A7XiyCWPNH8GsMWPLxmwNn9SBmKvPa9LzgA,6YjT74rmcfCpw8LSjPNx5JTmZoYLGrTKnf9arfSgZ4SR,F8GSmi3vA8M8TsybLya1LQ4n1aFHCRbZ6k437PeTdXtg,36053.70365200002,37713.62163699971,33124.74725060686,0.918761289279342,13.249898900242743,1.0,295379.093393,16554.635637,287937.51230891584
MATSnbbiTCv7Dc3trJrkrqjx7ckKdr6fwPoVwv9q3sD,631WX9JizSHJm4w6VanZeJAst9T8DeUUnPLesdGkCVtK,211maUSfpnXbPuW1iBu8b4dtJv5EbN1j7JJiEX5TZKEP,621.1242619999975,621.2673019999966,620.7394035697843,0.9993803841618196,0.2482957614279137,0.9992545561011487,22562.62612,22985.37188,45516.883534274326
CZgvH45CRmoaNJ7395Ao5CQZXkGznvqU7cErD6n7FaRg,4ZjU6MKvtqVQKCiowhvZ5yUsPxXX5SCzd5eFsPeXyey5,BsyWeshjDbCvjDojry3vKDCesmFRM37WtwcR4Kfgzqr,121.65392738999999,114.65560739,125.39439711392544,1.030746806158869,0.05015775884557018,1.0,213.4433165,591.72915596,811.7351727383316
daob129AwBGn9Y5r91uLoWZeYiGzbPmksauMhFZKTze,6VW5GQNyj4LStgmxEHLr5zUfW92vQnmbw8jTnCH7a38F,4VPCCUifPeBA1c7HWK358CHn2nyjm8pdTRk6Ps3KmnMQ,37.572916168999996,33.680431778999996,6029.865202610695,160.48435462099454,2.411946081044278,143.68916470183706,48.612121352,223.643880362,39936.68728182655
BkMBnJpvHKtWhUvrgRrLesXfi9RUV3ELgdBaJcdH7hcY,5uerVwBnZQsuVhZ15igs7ZgmcqhHnYWbwoRtLyRqLvR,9YWiQh5d4jCtgMdzcGLv9bWgnLaFtzvDDh2nnhJdzhBX,0.0011540940001850686,0.0011540940001850686,0.0011583203067305411,1.0036620124052242,4.633281226922165e-07,1.0,1117.771749621,1755.68396404,2877.5490076743217
SoN9GaFpSXfpyR5dth3x7PHPVhvJMpQqqDJfCSmPv1t,9kZ9iS68ViMPtoeqtnhAKuF2iqVyfHPdZHoUNdwCELr,BBhm5fJLjw3HRzjtKB8uMEYjGhY6EDm9co3cqpjrSzB9,1.6922137259999994,1.6616551599999982,289.98135168735996,171.36213188201032,0.115992540674944,168.63241472511734,2.421050667,3.732894051,1044.3633414246383
Cob4usZcpHEY7Qt4ZCwj6WVg9S44zvzYV2v9qYF65dTf,NhFM9UXE48PyNAyeyPYA3iXztqKVJwA4bTdLj4ysM8w,6TuFuynuBoeskxyR2cz4wxyidk8dpDK7kAWw3UkjQGx,11.60660699999994,1328.3135379999876,0.10155215923763691,0.008749513034915151,4.062086369505477e-05,1.0,71412.089271,183.878003,808.699008927139
BUSD5rCfUDpCxKGMvYU2yThChxgHoioK74PTPociGnv2,CcFHbafgYDZ8yA8Me1PdtDiVb2eeaS61LbqyKKK5CsNZ,26R9s4nmF3CFDTkiePDwRmtscn8i7r2eygbSijditJ58,93.52292222999998,93.53268892,93.39864878987963,0.9986711980639921,0.009339864878987964,1.0,88.1508333,59.65925301,147.69295131205024
SEQV6QiTpvTzrceiaYg9Avnwf7oc8ZALpnQMz6TyT4A,3dFMPj4r9mMmPHF32mz1gNDX7f8ftidWof7S8YiYTs1j,Fc1ED3YPeQfXQosHbd8DTaBd2AV5gHQtwiSAL5C5pUhi,36.122936837,36.204791000000114,36.16311593929057,1.0011122878095953,0.014465246375716228,0.9987665233436704,1358.945404334,4266.994418057,5622.188122790784
STK75uPSyBnEhGTTzb1nwmP3n427XoXmfRhXxxhyady,6TYyD5fUmDe6N65avW1Ny2RxzRNobw2RRgKwH9CTzSAU,54zDfk4cx2vGrEajPtodWpArNe5eUurytyxd4X3aZAxK,291.9373291939986,328.31461579800157,41969.14479056115,143.76080272581981,4.196914479056115,161.47935760927874,1673.856230149,297.888545782,288737.76630587445
KEN5P7p3asnb23Sw6yAmJRGvijfAzso3RqfyLAQhznt,9zj4aX38Uxf3h6AUjS4EipWS8mwbEofasHAf3a1uKGds,CwQDG1MWunn9cLNwcZLd8YBacweSR7ARo32w4mLua1Yr,144775.58938300074,144781.21083199978,144748.9555751749,0.9998160338497717,14.474895557517492,1.0,1134542.243196,1101745.836671,2236079.362498248
7oAd7xG4m3oC2qeWB1szghTebAZyyGPAFDJ4wwwbRSNi,D9yh4KAysxt9GLacVe4Wwh2XqghhcjTCSTV9HuM7TBJd,HDYfJLpZKaMFb84jM4mRytn7XLR8UFZUnQpSfhJJaNEy,190.76308794603165,190.76765459503167,190.76308622916386,0.999999991,0.07630523449166554,0.030795468790063108,1137.595034494,293194.468445372,10166.656126684242
AURHmCnNwiW4uA2Qj1XvEh4iKgRUZYXtiY7FKAapUV5Y,BKWm4TRnTeKwfWXRyuzjRHU7iZDkPuXBX5b5V5jSVfGJ,A5Ww74HVrkj9nPeC7pHKLfgeDMEhBCpW1efQdz3TGLEg,0.027849416999970344,0.024842824000018027,4.474011792998217,160.65010599693994,0.0017896047171992867,144.01861181324185,289.873380224,1809.517251976,307172.35194037255
AUSejoEUCh2DBs9mof6BNC8Pubs22w4cJa1ccV9h44R,4xkyD7AfGQDwsQMy9MosRRNGoVJ1zosNinesxg1TzHG7,Cbm5gsQe3nSiCsFrvepVzMCD9xLK3ri9g3ypS2hdmVJ7,619.4124420000026,619.1287959999972,619.4589014176089,1.000075005625422,0.06194589014176089,1.0,14366.657393,14508.770852,28876.505825122986
KysFMBBoavfov2tLpvefWW6tPFt6rAeZWDJVy1mMQae,B8ka2V21TH3x64dFV8ETcjuQcwmrciJ2qzy1mJUttRew,7fSf7EYxBANyxzk2s5pymFgshA91tFYQNKKs5UnLWcYS,11.516964999987977,8.70746999999983,0.0,0.0,0.0,0.018777207939589365,134428.604513,2667.316915,50.08476435373901
GokA1R67GqSavkd15zR62QD68Tuc5AEfvjssntVDEbM8,3YB7hfpBdbQEuZqLGWVDpRPmeZWCUsrrWyqGXegnQ6Cg,4DPCj6Z1DsG6HUtwSogBGqXEUxdEV5a8YVrrFtcnz7UW,7247.208710999999,7248.243343000006,7246.208734194681,0.9998620190413723,0.724620873419468,1.0,19211.148831,13376.964274,32585.462332267954
ACUSESXyNnwRLAg1dpSGMLSzUDdLjUMybY8rkXiAKhCP,AhFPQdu8GKBsxuhiH46UmCu1YpaLgNpoP325HnYtsgas,A8wxWpT3aFEr2XqZp1kDmbxbFfcBE95UUmdsNTDBJYbT,100.48906649200012,100.529039495,100.48906649200012,1.0,0.04019562659680005,0.9878806846995098,1044.595767735,1841.328673742,2863.6087987080873
NorjjEePhxfwLF4vZjUHCrVVKLzQjEEGQFd3wgjEJmh,34M8pFVqgbV7aqHxvRT5tCv3vu2P1JJYT8J3VaxBK2oG,3AZWBSze3ucsY3xSeuLne3b2pauVqiaJ1SZSV5T9WGWw,0.008158999999523076,0.0011749999998755811,0.0048340720611034504,0.5924834000963378,1.9336288244413804e-06,1.0,38124.371737,2258.315687,24846.373080274483
C98Sspw7XqnMsgxea3SLQVdbMDL8pKUc3RE82UvX9eq2,CSqgQJurPCzGxb4Cgwx5R61hWQUiaoUHcShNc8r1cKEL,6S2CR5EnukPhC914XkAns8m5GixjMAoUuZMsS5ubHuWc,39.19168699999966,39.07566899999972,0.0,0.0,0.0,1.0,891.960561,1227.68751,1227.68751
B2izdXFYb2sNwbWWHmh75T4aQFtfXsUxem9u2p61HGzf,4DYwgJtxwuJdAjkj5RJSNH4e7U329V5cNp7d3a1nLrZv,EXNW64GEf1ACC6xY9BtKRiunrs6GoJSXBdxWN2eTPmrF,5336.476395000009,5276.1721290000005,5357.93492437212,1.0040211045236171,0.535793492437212,1.0,10107.89718,29764.68709,39913.229181074756
SRMuKizofcAMicegrfSv7xs9q76tH1w8aAF7oX9FEWu,72Hj2KWntXPfbie4UgKeTPnm1XVkomDfCnRPKbvfTtPi,6aqJQ5wedqpUt4fFEDUqUmXhrdxCu4bEJsQdVPCADLko,1008.7090859999989,1003.5397739999999,43.9571179886533,0.043577596949149866,0.017582847195461323,0.0437126041403617,16855.347878,5003.436368,953.2287895610655
SAMyS8Jr2HJrkFwYVKbpUwsNStnQmvz3f8Tup8bWUWF,6jPzm5TFfquvgm25sTyN3MMGBfufRaFHMxobDWv6hMFW,Cj9ECoDmxsHTDzCY5ZA6RWrPbg9uFzEC1Qc2kso2vJG6,771.2965405400225,92.07206902000269,747.2383427704342,0.9688081088076137,0.2988953371081737,0.018777207939589365,449.70720543,110449.81456747,2509.6191222322664
ercAoEmXjQzEvAFbdjAo81KtMxRGn9AW1ju882upmPH,CMRhskR2Eg6V42RTSdRTXGdozyPbWB8U9dVpijPWb9T4,7TKLLgrWswt6ZJ1pXhVR3FyufHGjJFqiEXxvWJfDcgRm,0.1463947130000065,0.1494899990000249,21.015189908670557,143.5515632908794,0.008406075963468223,139.6482456200375,295.605764369,860.899662189,162657.79707254207
BSCrK1Nx9PXU9mF7STWWBqeHLxmtJDr9h7jheEy4tAWX,FfSySSbVJPvEo5a5AvrP3nySoXpRE2QPn1uUMpJJ1x7v,HL7Vcj6838ZmvBHDbQxXfjBNckNi83WvPiZQoMQLFeRM,0.01955516699999993,0.019536699999999962,61.560054775545964,3148.0198954857397,0.024624021910218386,3143.369062961682,0.829852709,0.974397312,5675.28320382856
heyk4SZTeCUV6a65WiVA5bzic3KcxgVf1qxobfeV4tQ,9ZDpBKPqMABtGfq66FbVribaArMvtk63xxy91onZAtDt,DaTP4s6N7xxSPinbNZ3FB52EpRDRt87QShTuN3VPCW52,71.72812059900548,62.300683728000195,11704.818160812958,163.18311511671263,4.681927264325183,144.18664673045964,618.68598684,4481.423843824,747120.5832305183
BUSDTd9WiT6uBHJRgNvFXBsA7JrifsAtWzKfioN7ERcy,DyBxrn7gSc1EwnpWhDyhzvMHPtxpmBqRqotapLcKcfTM,Cds99GeBgoCpqBsoRWu1C6fF9LiUMd4pXQQD24s9LPff,794.3075309500001,791.9302282599999,789.2246401465857,0.9936008528115864,0.07892246401465856,0.9989191694586457,151.03898302,112.28958566,262.24068198280935
Lee1XZJfJ9Hm2K1qTyeCz1LXNc1YBZaKZszvNY4KCDw,9DgFSWkPDGijNKcLGbr3p5xoJbHsPgXUTr6QvGBJ5vGN,2hNHZg7XBhuhHVZ3JDEi4buq2fPQwuWBdQ9xkH7t1GQX,1136.6783233781325,960.760613887981,193982.34096935554,170.65720088059118,19.398234096935557,144.20159613862734,6913.415246023,54976.054576751,9107458.91378327
KZMu9QBEdL97EFgamLbN5DE1AoKBG4HdrKKJo4Vuon3,DD4ACBWyVqdaKWh7v5btsgqQCCMwbKnuL2xd9pv7Gyuw,GcYqiJ1MAuYbNTNYXm1F1gQYTfTgkErACAhNU5dpVj9T,117.99820131000013,121.40708994999886,114.31761425384131,0.9688081088076137,0.045727045701536524,1.0,2377.34873631,819.4050123,3122.599745500661
DFWzVTzNBrQZLjoQ4yQwkj9HuoXmfkuZP9V5vbymZe23,DhgiEgiNdqZdRdo195UUHnoEJUtefK8buko8nU97XJUZ,2K2kkXsouBHtWVjtcgkyiXd8eP3oVBvq1bTJzcVdLLr2,960.4670405330016,1014.5588375009975,912.8464787745058,0.9504193691726587,0.3651385915098023,1.0,54144.326573303,14127.653022877,65587.46972895406
HEDSDjj84KS7LKhZY7ejkCACTdPen62rKhCby1wXtgxc,EnnjMSFttpCTywBrYNt1J5QQeoSVkvzPipJDa8Y7kJow,6bjVT6JN2rSvpyn9PdfLYC8wJn4LWh49jpY47fnLDXZk,4.887904331000755,5.049294062999252,4.733215511597699,0.9683527317787367,0.0018932862046390797,0.9999998140000346,39130.279567705,9093.004546114,46984.91596946829
HDSBGqAuMRr6X2AfmmbXQPpRgU6VEhtfNVVZ3wUTZXg,DCZ1d8kNLgDcdSd99y4udLgwq46mfDXNS9KXj96kQf5L,Fq8GGYQM5Pz3q7LmVMbrXHJgsxA5ev86kTq8yGgGuYsa,112.83760798800176,113.38636243200017,112.24204161341724,0.9947219159887911,0.0448968166453669,1.0,13508.108219667,12894.560673666,26331.371963317095
KwnjUuZhTMTSGAaavkLEmSyfobY16JNH4poL9oeeEvE,J63v6qEZmQpDqCD8bd4PXu2Pq5ZbyXrFcSa3Xt1HdAPQ,BnKQtTdLw9qPCDgZkWX3sURkBAoKCUYL1yahh6Mw7mRK,179.31534200000317,5382.213268999955,3.367041463492642,0.018777207939589365,0.0003367041463492642,1.0,279191.741197,541.988256,5784.429635472088
Sid7E679i9ABqptiAVhkmQ27YHN8vaYT4fppPwmxFsJ,GP7KB8o1bv527HG8kTzzzf4wJ5aEGHvcMQvVhLziUfmT,9gYxhAZ1M9wu5pxr8SBoa5NDm21gi3s9vMHaYTME77sa,1523.933882000003,3298.699198999995,13.333679364907875,0.008749513034915151,0.00533347174596315,0.018777207939589365,127468.121387,12033.868173,1341.2464346137306
BSC8REUo9LpiiWUuqMuLXs2D2yJsJfGd4HdiF3wCLxk5,AZjEH1zWVx1UJ6udMyRijGTzPteuLnaY18yNNmprJEsh,Caf8ypkSVR8xYnXNhjvfvdGCC7mrM3C11rz8Xi6NA6aK,3771.1586459879995,3780.8840133209997,3769.3844608018358,0.9995295384382592,1.5077537843207345,1.0,3368.378780023,2983.75345639,6350.547543671616
FrnkTEL6yZ5Aycq2TrEgu29dCrwKG4LPUZydfiwqspkc,DjvZuMZ46fxKBoBpGMPcRcos4xdTtHFxwMh69DpA2ZFY,9rvDPJLAng4uVVqnnSoEXgNDFhBZQTny9AoQioYDZbQX,34.93507714400218,29.260881121999574,6016.422143002673,172.21722792261247,2.4065688572010693,144.18820598150356,174.644013064,1441.512776296,237925.84891669932
vEnkoSUkpnbRrPgBz9DfcVxNz67zjwMYBZraAvDDNSf,DtfyjjsZ5yCjWKLKHvwsfXs5QVsmm1QkK6Sh9JZHoq1g,e5wrKCRv4GhHvEf1VD5Pq2KGaZDXP77nTL612Jyrxwy,1748.1504989999996,1748.1191789999998,1746.3378003632224,0.9989630763267727,0.17463378003632224,1.0000310009610298,1000.437565,945.059106,1944.4885913457815
SoNcU2iwHMw6dGzsYNQkYFkUjwN1UdAjrWVRnStrZu2,8ivTTid27jZnYNc4w3CTA1Z6QS2twsFb8WMwUabeDJgc,CyXm53PMvHCbeXJBykU46Rcbo28xk5srhMZFg7gv6EYB,11.054894439000016,10.94449919700001,1887.0169500291659,170.69515773683483,0.7548067800116665,166.06448915158816,23.751894653,28.336522064,8760.023465233386
BSCNHw8CmxbZ8hCWWzMf5FaG2ajPT6JxfznKUNuRVrn4,7n9kgNL633yGzCYksgnzHyjG73ZLBAwvEae5sbAekbzW,SscdxE99omdG9AiMVwmaEMQySQnCgeAh1sPj2Leutm2,885.5489963239997,882.6168161709993,889.0717475277941,1.0039780421167182,0.35562869901111765,1.0,4380.741290524,7317.818485661,11715.98654954115
Lid8SLUxQ9RmF7XMqUA8c24RitTwzja8VSKngJxRcUa,4PgzyzLtds9bKZ2to9PMnKqJzKEUpjvNUaeN23phegax,AtymwxoVN9peZo7EXTcDz9jKVc4vRmisJKKrNfe3ewBa,246.3818305779971,208.95125701400127,41904.70782032799,170.080349358644,4.190470782032799,143.52234843896483,979.711642231,7685.733338129,1269704.1965452977
BUSDgu5JdqP1rndBvXvanbEufS94FNh1w5FJcAj6vawb,Bgzr8cWubt89JQFXndVjtdKmDbGzuPxNhvjH1EhWCwbo,Dxaf8xPBBQsasRKW5Aa4Sw2YrbfGofY9xZueyyF23FBW,8174.371254709989,8126.137371610001,8208.946846289751,1.0042297554762807,3.2835787385159003,1.0,5320.36089382,9717.47547572,15060.340195166425
WiiQFxXqp8P9Fs1rt9SVcDyA3KUdJmUsog6wnVQAwba,3S2jpqSYxho6wiz3cafhjXruVY8cg4HYa2v3BqBHYFSj,Dfe67M6TfrG74gKRtdqys4e6E9QirPD53BkF4FujFjuv,6650.849246323998,6651.783232605003,6648.471101507931,0.9996424299021089,0.6648471101507932,0.9999998150000342,16206.704270593,10593.026698884,26793.933976934895
wrmcMSHFi3sWpAEy4rGDvQb3ezh3PhXoV2xNjgLBkKU,8p4mGnARWPBu6P2Gcw4adodLkNDorrXniZMhaY7eJXUn,AyY89zccbsgp9LKFgH4CFZMJmpSgqmPSdTfukhP227rc,0.005713159999999981,0.060031000000002166,1.6942941874258544,296.55990510083035,0.0006777176749703418,3143.764343424817,27.12357993,0.09174677,8332.196514185984
BkwbeSfcX1h4thMDd7obGkHrPevf3QwgzJ4pCEqG18Lu,35yX27bmurdebhfAb8EPmjLETDiUaEUCn9zHaDPbakH2,2CxECn1ZJFoESyUnQysQU8rRgT3iJ5GRs2Mdd6gZjx5g,0.0007544600000000123,0.0011499999999990962,1.4508846153846393,1923.0769230769233,0.0005803538461538558,1261.034047919294,0.87625439,21.97746938,29399.44177143758
ZUCKWFa4LTL833dPhhpeeRWZcaAEoMeYJPi2iKn4F8N,7eEYpq6ShaJ9opZWMxitRFrdCHh6vfyHhGfoSvFht3N2,H8VggnHmuwd1wvwpT8eg9cUJFEfZ7HAaeYjgXrSm7A2u,2.2311161590000665,2.230275537000125,2.2337294549326288,1.0011712953276863,0.0008934917819730515,0.9999998150000342,1849.447104349,1997.704621036,3849.31760456184
RoBgmK8CvjdHvPrqdDyVw54VwjZv2TqJ493xnqJAQHx,ExiHJxM7qPAcy27NDHAF6G7vnW7muNHi2sVJpnaNynGQ,6rkPHSqZb7StM4HwS9EuVrmfkV7tRdc7dnsFhyB6cefE,0.17598699999999923,11.5169649999998,0.0,0.0,0.0,0.9546156621882464,6351.197633,17.573448,16.775888699450714
YAkoNb6HKmSxQN9L8hiBE5tPJRsniSSMzND1boHmZxe,CfWX7o2TswwbxusJ4hCaPobu2jLCb1hfXuXJQjVq3jQF,EnTrdMMpdhugeH6Ban6gYZWXughWxKtVGfCwFn78ZmY3,6359968.388702034,6357890.308878029,6359968.388702034,1.0,635.9968388702034,0.9981334903730025,626115.008383,776312.912273,1400978.92513168
parEAJhzYzHW87y9VoZAQ22dzQ2MD2ekEtTReaxbMcz,3oyc6hpjYSJEquK6dSvG72NXyz3pqLZz5D8AC71pwgQb,Di2vordgFJVZ1aj1aBpvzXtLfZgJsuLLXawGtVFwX6Rz,9.472546858999976,11.189639762000752,1332.496471873453,140.66929324371011,0.5329985887493812,166.31684689868976,1103.399083246,139.799893213,178465.44664193218
C2ypsDADXcCRz8HbV2zX1AXPSja7a1P3xZtRC91xGhJh,J9bYNuDpY1d1T86gLaw7DGk5D3CsUAf2tzUwxMvb6FTv,A2NGvvPrMGzsJ4jb52KEnSBVmsA7C34dV1GC7PerdgvG,0.002148701000000086,0.0021413539999999287,0.3085788233483043,143.61180236258647,0.00012343152933932172,144.38596331643583,1.309430181,0.910011665,319.44253924159653
