0,1,2,3,4,5,6,7,8,9,10,11
SoNcU2iwHMw6dGzsYNQkYFkUjwN1UdAjrWVRnStrZu2,8ivTTid27jZnYNc4w3CTA1Z6QS2twsFb8WMwUabeDJgc,CyXm53PMvHCbeXJBykU46Rcbo28xk5srhMZFg7gv6EYB,13.845967749999987,13.833216482999998,1977.4422740039267,142.81719484749837,0.7909769096015707,141.90991445102716,15.631734993,19.044180214,4935.038527258424
DFWzVTzNBrQZLjoQ4yQwkj9HuoXmfkuZP9V5vbymZe23,DhgiEgiNdqZdRdo195UUHnoEJUtefK8buko8nU97XJUZ,2K2kkXsouBHtWVjtcgkyiXd8eP3oVBvq1bTJzcVdLLr2,2.648313933997997,2.6927086350042373,2.6056976806822982,0.9839081565185274,0.0010422790722729193,0.999974132669136,45446.639761195,22568.94019199,67283.67594114579
Lee1XZJfJ9Hm2K1qTyeCz1LXNc1YBZaKZszvNY4KCDw,9DgFSWkPDGijNKcLGbr3p5xoJbHsPgXUTr6QvGBJ5vGN,2hNHZg7XBhuhHVZ3JDEi4buq2fPQwuWBdQ9xkH7t1GQX,3203.5933695461163,2704.997686752985,458425.63032525824,143.09732149002662,45.84256303252583,120.94116901492087,6919.5235891,54978.755993055,7639360.312373424
KEN5P7p3asnb23Sw6yAmJRGvijfAzso3RqfyLAQhznt,9zj4aX38Uxf3h6AUjS4EipWS8mwbEofasHAf3a1uKGds,CwQDG1MWunn9cLNwcZLd8YBacweSR7ARo32w4mLua1Yr,318574.05656800105,318622.8760490017,318327.6709506852,0.9992265986126737,31.832767095068522,1.0,1156492.020067,1082011.2106,2237608.7981342487
Sid7E679i9ABqptiAVhkmQ27YHN8vaYT4fppPwmxFsJ,GP7KB8o1bv527HG8kTzzzf4wJ5aEGHvcMQvVhLziUfmT,9gYxhAZ1M9wu5pxr8SBoa5NDm21gi3s9vMHaYTME77sa,616.6916769999989,1055.317253000043,4.978302333047035,0.008072595299590923,0.0019913209332188143,0.016781189333902907,127090.744517,12212.307567,1230.8891922951273
GokA1R67GqSavkd15zR62QD68Tuc5AEfvjssntVDEbM8,3YB7hfpBdbQEuZqLGWVDpRPmeZWCUsrrWyqGXegnQ6Cg,4DPCj6Z1DsG6HUtwSogBGqXEUxdEV5a8YVrrFtcnz7UW,26658.539757999984,26655.87179800001,26661.099223525445,1.000096009216885,2.6661099223525446,1.0,15689.261672,16705.037109,32395.80509472663
BerKDkt6v49dT1bHRedgnpsJS263C1DSJtEGvY9Mg35V,78XKqNb8wbfsMMrvo8WPUpdx7GEkfQutpNVH943aCGFa,DKYQwn4nDvFHCszi5tXbqfVMAP7DaXXp1KGTXEnYnKVH,0.0009911319998536783,0.0009911319998536783,0.0009933161252027288,1.0022036674725192,3.973264500810915e-07,0.999974132669136,1338.317413093,1742.597375423,3083.818918724266
SEQV6QiTpvTzrceiaYg9Avnwf7oc8ZALpnQMz6TyT4A,3dFMPj4r9mMmPHF32mz1gNDX7f8ftidWof7S8YiYTs1j,Fc1ED3YPeQfXQosHbd8DTaBd2AV5gHQtwiSAL5C5pUhi,2262.0079614329993,2260.57198831,2256.3681624418714,0.9975067289384981,0.9025472649767486,0.9979402513212728,2055.811697957,3570.488835464,5613.8205279453305
KZMu9QBEdL97EFgamLbN5DE1AoKBG4HdrKKJo4Vuon3,DD4ACBWyVqdaKWh7v5btsgqQCCMwbKnuL2xd9pv7Gyuw,GcYqiJ1MAuYbNTNYXm1F1gQYTfTgkErACAhNU5dpVj9T,86.94754178999972,90.06711798999959,83.9715448943111,0.9657725010457868,0.033588617957724436,0.9994893608855235,2411.28975886,786.68956182,3115.0451885190987
RoBgmK8CvjdHvPrqdDyVw54VwjZv2TqJ493xnqJAQHx,ExiHJxM7qPAcy27NDHAF6G7vnW7muNHi2sVJpnaNynGQ,6rkPHSqZb7StM4HwS9EuVrmfkV7tRdc7dnsFhyB6cefE,0.43122600000000233,30.08507699999973,0.0,0.0,0.0,0.9537216124762047,6405.167331,16.786637,16.00977850769272
HEDSDjj84KS7LKhZY7ejkCACTdPen62rKhCby1wXtgxc,EnnjMSFttpCTywBrYNt1J5QQeoSVkvzPipJDa8Y7kJow,6bjVT6JN2rSvpyn9PdfLYC8wJn4LWh49jpY47fnLDXZk,46.23368122800457,47.744357601994125,44.662200696594645,0.9660100496073402,0.01786488027863786,0.9996674226444952,39130.693585235,9092.651870252,46890.27111158095
BSC8REUo9LpiiWUuqMuLXs2D2yJsJfGd4HdiF3wCLxk5,AZjEH1zWVx1UJ6udMyRijGTzPteuLnaY18yNNmprJEsh,Caf8ypkSVR8xYnXNhjvfvdGCC7mrM3C11rz8Xi6NA6aK,170.1344725660001,170.37331918300015,170.3564369523192,1.0013046408700799,0.06814257478092768,0.9998848002725063,2779.498440516,3573.888943744,6356.601920491408
C2ypsDADXcCRz8HbV2zX1AXPSja7a1P3xZtRC91xGhJh,J9bYNuDpY1d1T86gLaw7DGk5D3CsUAf2tzUwxMvb6FTv,A2NGvvPrMGzsJ4jb52KEnSBVmsA7C34dV1GC7PerdgvG,4.562336398999999,4.941088441,551.010604662375,120.7737782735944,0.22040424186495003,121.36663196794659,1.674327513,1.088304069,334.29865922398255
YakoMPuYrybnr9R7VC7hVGxMz94fJvPFCdZ4gmW61Ed,,,0.04071099999999994,0.04074,0.0,0.0,0.0,121.36663196794659,1.674327513,1.088304069,132.08379941154178
KEVpg4SYCVrqFxKijQH6hm4QxsRdoE51ud64bEEFUC9,2bPenuBYfqzD8p5dFjCcggwkHDsc2RQDnx9AoyYGUBjA,AE6n6iLuX8oYu61vt5hoDYkjswpnxFxrhSehxrnQTnbx,1842.519910787999,1840.7903282679995,1844.9017749143056,1.0012927209699938,0.7379607099657224,0.9997084300378373,2003.30008504,5636.607516562,7640.853844190791
ionytDfEj1mXodptgrsKEZro7DGsfpzANUfarJdm6Qb,3gkSjY95an9xNFSjCfsay6JZez7uv7yfW3Ad4ubc4fMK,9wXqANaSuEqkKL9yHzCPEDGHwbkStVAqV5rB3QDs3Jr6,0.001571102000000213,0.0004206399999999999,1.2154446606299734,773.6255574939174,0.0004861778642519894,2867.712425797941,3.150895437,0.084545444,2680.0652593575696
KysFMBBoavfov2tLpvefWW6tPFt6rAeZWDJVy1mMQae,B8ka2V21TH3x64dFV8ETcjuQcwmrciJ2qzy1mJUttRew,7fSf7EYxBANyxzk2s5pymFgshA91tFYQNKKs5UnLWcYS,30.08507699999609,22.884900000000016,0.0,0.0,0.0,0.016705987270472056,134374.634815,2708.341267,45.245514730596156
SRMuKizofcAMicegrfSv7xs9q76tH1w8aAF7oX9FEWu,72Hj2KWntXPfbie4UgKeTPnm1XVkomDfCnRPKbvfTtPi,6aqJQ5wedqpUt4fFEDUqUmXhrdxCu4bEJsQdVPCADLko,34.26430100000016,0.7154430000000502,1.3392944258378738,0.03908716613941337,0.0005357177703351495,0.039236144461833905,16855.345241,5035.309501,856.3938107634183
moFiBS1R4Lf3E3zzmBPnw3NF4RhWPkhREFviuzUaCAU,44ALBrpqi9PfZkBRTvbtRNtFJGsatfY4QydjtMbFWq8S,2ho8qEEie1UjVwWNBo9y4oAJZMyMLx8zPj9bxyUz6uWs,1339.5597615959996,1340.0440904569987,1338.8259805302425,0.9994522222249473,0.5355303922120971,0.998301274578357,34096.989350147,33017.500352293,67039.72446227024
ercAoEmXjQzEvAFbdjAo81KtMxRGn9AW1ju882upmPH,CMRhskR2Eg6V42RTSdRTXGdozyPbWB8U9dVpijPWb9T4,7TKLLgrWswt6ZJ1pXhVR3FyufHGjJFqiEXxvWJfDcgRm,1.7375568759999283,1.7035220779999918,209.65795632233832,120.66249986877953,0.08386318252893533,118.28813878700008,283.485635694,830.756444944,132474.71913745883
AURHmCnNwiW4uA2Qj1XvEh4iKgRUZYXtiY7FKAapUV5Y,BKWm4TRnTeKwfWXRyuzjRHU7iZDkPuXBX5b5V5jSVfGJ,A5Ww74HVrkj9nPeC7pHKLfgeDMEhBCpW1efQdz3TGLEg,0.04705456700037303,0.04393412999991142,6.369032775255335,135.3541894287295,0.0025476131101021342,120.63325704486157,289.895789515,1809.492359483,257523.56653083017
4vezWG46exH6pf9nry3n1VJ7hZHvjBJNgNeF4qEFCML5,,,0.9165170000000007,0.9396090000000008,0.0,0.0,0.0,120.63325704486157,289.895789515,1809.492359483,218284.95692222577
SAMyS8Jr2HJrkFwYVKbpUwsNStnQmvz3f8Tup8bWUWF,6jPzm5TFfquvgm25sTyN3MMGBfufRaFHMxobDWv6hMFW,Cj9ECoDmxsHTDzCY5ZA6RWrPbg9uFzEC1Qc2kso2vJG6,2031.1811018799795,109.66618334999322,1961.6588528395648,0.9657725010457868,0.7846635411358259,0.017022108433588302,424.09820786,111837.04167401,2313.28463716072
RajgMbScQbqqrdJfR2rxfHJiTiY5b6bJ2tTXiF4aPxy,725ZA3fhyBAKb5iopNRrcbSuQa3LXA1656Q3mBvYPxeg,GLA6i1dSZpUfk2f9Nj8uiG7xyDdAR2reff8oEiZH3617,13945.510127269998,13932.178732350003,13945.742044960203,1.0000166302765614,5.578296817984081,1.0,65668.66312379,115757.81122034,181427.56643215916
KwnjUuZhTMTSGAaavkLEmSyfobY16JNH4poL9oeeEvE,J63v6qEZmQpDqCD8bd4PXu2Pq5ZbyXrFcSa3Xt1HdAPQ,BnKQtTdLw9qPCDgZkWX3sURkBAoKCUYL1yahh6Mw7mRK,139.7593820000002,7940.793950999796,2.3696901521474665,0.016955499646867808,0.00023696901521474663,1.0,280781.625141,513.652968,5274.445713925195
BUSDgu5JdqP1rndBvXvanbEufS94FNh1w5FJcAj6vawb,Bgzr8cWubt89JQFXndVjtdKmDbGzuPxNhvjH1EhWCwbo,Dxaf8xPBBQsasRKW5Aa4Sw2YrbfGofY9xZueyyF23FBW,9081.541263309997,9052.92404502,9112.546063412532,1.003414046052711,3.645018425365013,1.0,5957.83034672,9087.68266262,15065.853316517941
Lid8SLUxQ9RmF7XMqUA8c24RitTwzja8VSKngJxRcUa,4PgzyzLtds9bKZ2to9PMnKqJzKEUpjvNUaeN23phegax,AtymwxoVN9peZo7EXTcDz9jKVc4vRmisJKKrNfe3ewBa,539.2685048850224,460.092641733999,76943.53043542228,142.6812983484497,7.694353043542228,120.82311471840603,975.20408326,7666.83192507,1065473.8979637166
BSCuChvaSj9b5HUSqgDVRzcnr2sSn7cXaamt1jbKH6hn,GnKpRj5kBVPMJfiwZtEuD9GYApLzPdW5JFuZTcyX4BTc,3dmwD9okkomV9nDwyuh4UMhKdUR13QpuKxRo89ycZB5t,228.00609735499984,227.83271290000016,227.60839515766529,0.9982557387633572,0.09104335806306611,0.9979621612666933,1510.971939068,1600.273705205,3105.3490147496695
TETFuZgEmET6d9vYmz9iMFCxK1jKdKYxf3oPz8hSzJK,Eu1Ze6Z84LWNkq7SNoAHBJbXx5t1P95EwyqYohrfCRFV,ASMbv7WNu3qe4pkhREmvyEdwFNDZQ6B6iSrjkj4u8bdC,76.78842433099997,76.78307568299999,76.7562313092205,0.9995807568385475,0.0307024925236882,0.9979776890291522,76.56090738,276.094604489,352.0650650844963
ACUSESXyNnwRLAg1dpSGMLSzUDdLjUMybY8rkXiAKhCP,AhFPQdu8GKBsxuhiH46UmCu1YpaLgNpoP325HnYtsgas,A8wxWpT3aFEr2XqZp1kDmbxbFfcBE95UUmdsNTDBJYbT,0.0,0.003993378000359371,0.0,0.999974132669136,0.0,0.9878788031519928,1044.611432544,1841.328673742,2863.5939776601435
C98Sspw7XqnMsgxea3SLQVdbMDL8pKUc3RE82UvX9eq2,CSqgQJurPCzGxb4Cgwx5R61hWQUiaoUHcShNc8r1cKEL,6S2CR5EnukPhC914XkAns8m5GixjMAoUuZMsS5ubHuWc,64.00591299999996,63.80020600000012,0.0,0.0,0.0,1.0,891.310855,1228.419567,1228.419567
SoN9GaFpSXfpyR5dth3x7PHPVhvJMpQqqDJfCSmPv1t,9kZ9iS68ViMPtoeqtnhAKuF2iqVyfHPdZHoUNdwCELr,BBhm5fJLjw3HRzjtKB8uMEYjGhY6EDm9co3cqpjrSzB9,0.7953406230000009,0.7812058540000006,114.92355192594418,144.49601667830822,0.045969420770377675,141.08188928965552,1.543309486,2.437610732,566.9048006521475
Cob4usZcpHEY7Qt4ZCwj6WVg9S44zvzYV2v9qYF65dTf,NhFM9UXE48PyNAyeyPYA3iXztqKVJwA4bTdLj4ysM8w,6TuFuynuBoeskxyR2cz4wxyidk8dpDK7kAWw3UkjQGx,9.406896000000017,1141.444720999978,0.07572393733698046,0.008049832520416971,3.028957493479219e-05,1.0,72484.946171,174.920548,758.4122249279894
NorjjEePhxfwLF4vZjUHCrVVKLzQjEEGQFd3wgjEJmh,34M8pFVqgbV7aqHxvRT5tCv3vu2P1JJYT8J3VaxBK2oG,3AZWBSze3ucsY3xSeuLne3b2pauVqiaJ1SZSV5T9WGWw,0.001010999999834894,0.001010999999834894,0.0005990447279826733,0.5925269318303691,2.3961789119306935e-07,1.0,38124.370231,2258.547905,24848.26402593949
AUSejoEUCh2DBs9mof6BNC8Pubs22w4cJa1ccV9h44R,4xkyD7AfGQDwsQMy9MosRRNGoVJ1zosNinesxg1TzHG7,Cbm5gsQe3nSiCsFrvepVzMCD9xLK3ri9g3ypS2hdmVJ7,2015.514771000002,2016.3434110000035,2015.4119849887675,0.9999490026008674,0.20154119849887678,1.0,14494.626264,14381.649766,28875.536841759138
KEnkcdADoLR5jS2CLLLesy8TtFsyWL37BhXNfDMzWzP,3qsjFRuw1qeLMPo4DLwaQevenGAGBj9dA3Q6rb8ax2YR,77iEv8zPQAEyCcEbvBRSB6AFcUdfkhiqnAKtPxk76rNN,0.011228999999999989,1.3396080000000126,9.041897029775064e-05,0.008052272713309353,3.616758811910026e-08,0.9962918019132788,119.934486,0.292099,1.2567610280496497
CZgvH45CRmoaNJ7395Ao5CQZXkGznvqU7cErD6n7FaRg,4ZjU6MKvtqVQKCiowhvZ5yUsPxXX5SCzd5eFsPeXyey5,BsyWeshjDbCvjDojry3vKDCesmFRM37WtwcR4Kfgzqr,49.527998219999944,49.54818227999996,51.05095384878363,1.0307493878920528,0.020420381539513453,1.0,213.4433165,591.75788462,811.7644524520247
B2izdXFYb2sNwbWWHmh75T4aQFtfXsUxem9u2p61HGzf,4DYwgJtxwuJdAjkj5RJSNH4e7U329V5cNp7d3a1nLrZv,EXNW64GEf1ACC6xY9BtKRiunrs6GoJSXBdxWN2eTPmrF,232363.82612800045,231082.63426099974,233137.60985510956,1.0033300524440618,23.313760985510957,1.0,14124.278836,25761.886285,39933.19971025843
BkMBnJpvHKtWhUvrgRrLesXfi9RUV3ELgdBaJcdH7hcY,5uerVwBnZQsuVhZ15igs7ZgmcqhHnYWbwoRtLyRqLvR,9YWiQh5d4jCtgMdzcGLv9bWgnLaFtzvDDh2nnhJdzhBX,0.0009808219999740686,0.0009808219999740686,0.0009860469493633457,1.005327112757886,3.944187797453383e-07,0.999594503494118,986.42705962,1887.628275602,2878.5447167258653
WiiQFxXqp8P9Fs1rt9SVcDyA3KUdJmUsog6wnVQAwba,3S2jpqSYxho6wiz3cafhjXruVY8cg4HYa2v3BqBHYFSj,Dfe67M6TfrG74gKRtdqys4e6E9QirPD53BkF4FujFjuv,21064.699640509003,21085.30196511999,21063.12062260841,0.99992503961948,2.1063120622608413,0.9995764684549744,10737.928627524,16069.523517006,26799.841275191102
BUSD5rCfUDpCxKGMvYU2yThChxgHoioK74PTPociGnv2,CcFHbafgYDZ8yA8Me1PdtDiVb2eeaS61LbqyKKK5CsNZ,26R9s4nmF3CFDTkiePDwRmtscn8i7r2eygbSijditJ58,211.15211711,211.67020028999997,210.5588675008165,0.9971904160029119,0.02105588675008165,1.0,106.21652756,41.73572995,147.65383325394117
YAkoNb6HKmSxQN9L8hiBE5tPJRsniSSMzND1boHmZxe,CfWX7o2TswwbxusJ4hCaPobu2jLCb1hfXuXJQjVq3jQF,EnTrdMMpdhugeH6Ban6gYZWXughWxKtVGfCwFn78ZmY3,6809068.322212004,6804372.538197995,6809068.322212004,1.0,680.9068322212005,0.9984892857107196,182466.70631,1197248.904719,1377906.9100008158
parEAJhzYzHW87y9VoZAQ22dzQ2MD2ekEtTReaxbMcz,3oyc6hpjYSJEquK6dSvG72NXyz3pqLZz5D8AC71pwgQb,Di2vordgFJVZ1aj1aBpvzXtLfZgJsuLLXawGtVFwX6Rz,18.08663924299998,21.38889667999888,2130.1454801667664,117.77453243510624,0.8520581920667065,139.09589062055545,1103.336229014,139.870138933,149400.2700369436
daob129AwBGn9Y5r91uLoWZeYiGzbPmksauMhFZKTze,6VW5GQNyj4LStgmxEHLr5zUfW92vQnmbw8jTnCH7a38F,4VPCCUifPeBA1c7HWK358CHn2nyjm8pdTRk6Ps3KmnMQ,19.021122982999827,16.993857043000048,2561.0982427486724,134.64495471890172,1.0244392970994691,120.34109962642513,47.935190197,224.441874841,33463.81353409943
wrmcMSHFi3sWpAEy4rGDvQb3ezh3PhXoV2xNjgLBkKU,8p4mGnARWPBu6P2Gcw4adodLkNDorrXniZMhaY7eJXUn,AyY89zccbsgp9LKFgH4CFZMJmpSgqmPSdTfukhP227rc,0.005108389999998936,0.03045919999999984,1.3095850306475225,256.3596418143085,0.000523834012259009,2859.7574925646304,27.15343851,0.08901349,7215.602765417278
FrnkTEL6yZ5Aycq2TrEgu29dCrwKG4LPUZydfiwqspkc,DjvZuMZ46fxKBoBpGMPcRcos4xdTtHFxwMh69DpA2ZFY,9rvDPJLAng4uVVqnnSoEXgNDFhBZQTny9AoQioYDZbQX,58.79860646799611,49.12716498399993,8451.750210363889,143.74065506066287,3.380700084145556,120.47188354898603,174.395740326,1441.93241608,198780.0720697463
MATSnbbiTCv7Dc3trJrkrqjx7ckKdr6fwPoVwv9q3sD,631WX9JizSHJm4w6VanZeJAst9T8DeUUnPLesdGkCVtK,211maUSfpnXbPuW1iBu8b4dtJv5EbN1j7JJiEX5TZKEP,4455.874960000016,4451.236345000001,4440.395740448811,0.9965261099806075,1.7761582961795244,0.9971948907722576,19631.272847,25922.028639,45412.390481451774
ALBpShJ9NLpE739pcHDF2LNVk5J4VYPvvKuV6jMPitZi,D6d156U1bPiJpDYRLextvDRccgFk7QzkQbJg42ceKEu5,GNcM8U5g8RwTZffwwm3kSQqUNPSwv5d2fbN9sLxPJqt2,18578.99727499998,18514.971235999998,18558.823833492974,0.9989141802860291,7.423529533397189,0.9920093645684016,43788.808151,56617.525745,99906.37713759091
HDSBGqAuMRr6X2AfmmbXQPpRgU6VEhtfNVVZ3wUTZXg,DCZ1d8kNLgDcdSd99y4udLgwq46mfDXNS9KXj96kQf5L,Fq8GGYQM5Pz3q7LmVMbrXHJgsxA5ev86kTq8yGgGuYsa,17.245608465998885,17.337509979999595,17.132058058919327,0.9934156914611953,0.00685282322356773,0.999594503494118,13572.673636604,12830.334198923,26308.43850892014
MATgk4zXLXtYkwBH678J1xZbRDZ45LicNzkRBHkxTuY,y8dALFo1bJrSzPYjMX14HJX448pXqYmrfXHD1K8MXih,GN7Yuet3UyiWS5YVkEHv6oQKi4HGBJc3XDPt9zQhAqZz,1737.7308930000017,1736.8593919999994,1737.7899778592491,1.0000340011560394,0.6951159911436996,1.0,4251.673775,3808.299386,8060.117722823452
vEnkoSUkpnbRrPgBz9DfcVxNz67zjwMYBZraAvDDNSf,DtfyjjsZ5yCjWKLKHvwsfXs5QVsmm1QkK6Sh9JZHoq1g,e5wrKCRv4GhHvEf1VD5Pq2KGaZDXP77nTL612Jyrxwy,3221.6185780000033,3221.522113999998,3214.963603341087,0.9979342760485794,0.3214963603341087,0.9982381097363154,819.499768,1126.79567,1942.6172873809237
BUSDTd9WiT6uBHJRgNvFXBsA7JrifsAtWzKfioN7ERcy,DyBxrn7gSc1EwnpWhDyhzvMHPtxpmBqRqotapLcKcfTM,Cds99GeBgoCpqBsoRWu1C6fF9LiUMd4pXQQD24s9LPff,1324.6333956600001,1328.0133433099995,1319.3949622594923,0.9960453711814372,0.13193949622594925,0.9983965751003888,156.15857056,107.58944444,262.9579542224474
JSoLLrxK5bYdHwTEWYaGgmeycBCNXKDiBCTw5hXGBg7,xG4wXczA7Dk4hccJ61CHKpDHW4NrNfQwgmWgkb9BuF2,BVR6WgfhsRr9Lob4QDnkEAiNGgAbv7ZieKcY9kSg3QYR,4.766288484999972,4.038921989000009,674.0438109029777,141.41901251346133,0.2696175243611911,120.60930857819234,17.08068913,163.870365476,22179.825666330053
MARpDPs5A7XiyCWPNH8GsMWPLxmwNn9SBmKvPa9LzgA,6YjT74rmcfCpw8LSjPNx5JTmZoYLGrTKnf9arfSgZ4SR,F8GSmi3vA8M8TsybLya1LQ4n1aFHCRbZ6k437PeTdXtg,65071.680039999985,68018.11715099885,59866.30483462899,0.9200055200331201,23.946521933851596,1.0,296077.015384,15967.301725,288359.79023321107
ALLwa5WNZbvQsRKAqe1jdRGemdYQnW8E5k4msbRFcYtu,CGoM82Hbz7QVqTgvQatYtjvDWBvoUJp5qm21P8iMs9yb,3dxNNww8TivyN5FMy5dCNdi3Zcxv6e4kUfSPxfFwpdNq,0.9950219540000003,0.982109433,2843.7323635324387,2857.959416976279,1.1374929454129756,2816.5761137446098,0.869802971,7.783597917,24408.957563897897
STK75uPSyBnEhGTTzb1nwmP3n427XoXmfRhXxxhyady,6TYyD5fUmDe6N65avW1Ny2RxzRNobw2RRgKwH9CTzSAU,54zDfk4cx2vGrEajPtodWpArNe5eUurytyxd4X3aZAxK,708.1343085129995,796.769613231001,85465.2620652432,120.69075179355511,8.546526206524321,135.53988654227177,1624.417249885,288.423010404,235144.96122137856
SQDY9uoDoCbNq7F3HAHYYQZbrUzpKxDtdWLvYcqBLak,GiehZ4X2uQjhEKuxSm3ACmEFrabxh3RTvjbLfLjw1xGX,rxDQYV77NKRKYxCjq4cECX3QQsiSyLv1T1FT2X3zNA2,1.180918050999992,1.179312675999995,1.1832408877521106,1.0019669753969394,0.0004732963551008442,0.999594503494118,169.881517119,236.700916312,406.82060480106423
heyk4SZTeCUV6a65WiVA5bzic3KcxgVf1qxobfeV4tQ,9ZDpBKPqMABtGfq66FbVribaArMvtk63xxy91onZAtDt,DaTP4s6N7xxSPinbNZ3FB52EpRDRt87QShTuN3VPCW52,176.35005229599722,152.5087354520008,24464.765240427074,138.72842634241948,9.78590609617083,120.4577635932069,619.020447878,4481.208642954,625672.1039326832
