0,1,2,3,4,5,6,7,8,9,10,11
BSCrK1Nx9PXU9mF7STWWBqeHLxmtJDr9h7jheEy4tAWX,FfSySSbVJPvEo5a5AvrP3nySoXpRE2QPn1uUMpJJ1x7v,HL7Vcj6838ZmvBHDbQxXfjBNckNi83WvPiZQoMQLFeRM,0.04947061899999994,0.04941025199999971,154.85167354783357,3130.17456983576,0.06194066941913343,3120.806416377992,0.830286575,0.973982773,5638.553610161061
parEAJhzYzHW87y9VoZAQ22dzQ2MD2ekEtTReaxbMcz,3oyc6hpjYSJEquK6dSvG72NXyz3pqLZz5D8AC71pwgQb,Di2vordgFJVZ1aj1aBpvzXtLfZgJsuLLXawGtVFwX6Rz,8.549029603999998,10.07747069500013,1138.9885811094553,133.2301598975087,0.45559543244378214,157.34351282923933,1102.619918105,140.46324416,169003.20825483263
ALLwa5WNZbvQsRKAqe1jdRGemdYQnW8E5k4msbRFcYtu,CGoM82Hbz7QVqTgvQatYtjvDWBvoUJp5qm21P8iMs9yb,3dxNNww8TivyN5FMy5dCNdi3Zcxv6e4kUfSPxfFwpdNq,4.134478831999996,4.086767510999999,12902.908067284572,3120.806416377992,5.161163226913828,3091.6775133019423,1.002247628,7.64403639,26760.716246086777
moFiBS1R4Lf3E3zzmBPnw3NF4RhWPkhREFviuzUaCAU,44ALBrpqi9PfZkBRTvbtRNtFJGsatfY4QydjtMbFWq8S,2ho8qEEie1UjVwWNBo9y4oAJZMyMLx8zPj9bxyUz6uWs,311.0986894950038,311.13263974299844,311.0666723356203,0.9998970835928771,0.12442666893424813,1.0,32756.946290973,34357.045740808,67110.62080456041
RajgMbScQbqqrdJfR2rxfHJiTiY5b6bJ2tTXiF4aPxy,725ZA3fhyBAKb5iopNRrcbSuQa3LXA1656Q3mBvYPxeg,GLA6i1dSZpUfk2f9Nj8uiG7xyDdAR2reff8oEiZH3617,9789.173768589986,9790.601587700017,9788.033560560518,0.9998835235683396,3.9152134242242074,1.0,87133.02863029,94272.98544444,181395.86513047537
BSCNHw8CmxbZ8hCWWzMf5FaG2ajPT6JxfznKUNuRVrn4,7n9kgNL633yGzCYksgnzHyjG73ZLBAwvEae5sbAekbzW,SscdxE99omdG9AiMVwmaEMQySQnCgeAh1sPj2Leutm2,35.76825711899983,35.916064999999435,35.90433054638995,1.0038043069008762,0.014361732218555983,1.0,4380.741290524,7317.818485661,11715.225460507492
ercAoEmXjQzEvAFbdjAo81KtMxRGn9AW1ju882upmPH,CMRhskR2Eg6V42RTSdRTXGdozyPbWB8U9dVpijPWb9T4,7TKLLgrWswt6ZJ1pXhVR3FyufHGjJFqiEXxvWJfDcgRm,30.93886615799994,30.149489998999996,4221.149135771941,136.4351593951502,1.6884596543087762,132.72870981721266,265.76148376,830.107190744,146438.26683532918
BUSDTd9WiT6uBHJRgNvFXBsA7JrifsAtWzKfioN7ERcy,DyBxrn7gSc1EwnpWhDyhzvMHPtxpmBqRqotapLcKcfTM,Cds99GeBgoCpqBsoRWu1C6fF9LiUMd4pXQQD24s9LPff,384.68042750999996,385.09336382000004,384.4628522926305,0.9994344000843042,0.03844628522926305,0.9989790434176271,131.74051747,131.60677576,263.13841600042815
SUiuyGR7SFq3xeRVJonq84fjjeFwRSsFekcevJ53tzy,49GjCCPsv7fBqo6t3iKDrP1xxGDS8uWZbVCdfnp2gjMf,CEwj5xEbbJEjYqM8D6Ai8ByGz1mrh8mkAVsE5fzDSSSx,0.0362880000000001,3.983848999999964,0.00030437235058685747,0.008387686028076958,1.2174894023474299e-07,0.9578589935775554,642.18872,1.692904,7.008040675796043
MARpDPs5A7XiyCWPNH8GsMWPLxmwNn9SBmKvPa9LzgA,6YjT74rmcfCpw8LSjPNx5JTmZoYLGrTKnf9arfSgZ4SR,F8GSmi3vA8M8TsybLya1LQ4n1aFHCRbZ6k437PeTdXtg,29567.824886999948,30921.813143999723,28321.48145271052,0.9578479837778866,11.328592581084207,1.0,295413.073322,16533.461029,299494.27769210667
KZMu9QBEdL97EFgamLbN5DE1AoKBG4HdrKKJo4Vuon3,DD4ACBWyVqdaKWh7v5btsgqQCCMwbKnuL2xd9pv7Gyuw,GcYqiJ1MAuYbNTNYXm1F1gQYTfTgkErACAhNU5dpVj9T,52.96708681999996,54.73935556000015,51.26215273086577,0.9678114430773183,0.020504861092346307,1.0,2388.88097231,808.26438348,3120.250724631288
JSoLLrxK5bYdHwTEWYaGgmeycBCNXKDiBCTw5hXGBg7,xG4wXczA7Dk4hccJ61CHKpDHW4NrNfQwgmWgkb9BuF2,BVR6WgfhsRr9Lob4QDnkEAiNGgAbv7ZieKcY9kSg3QYR,2.1116687180000504,1.8013468299999893,336.2085453674197,159.21462609241135,0.13448341814696788,136.483555778782,17.223587642,163.699795451,25084.57722980267
YAkoNb6HKmSxQN9L8hiBE5tPJRsniSSMzND1boHmZxe,CfWX7o2TswwbxusJ4hCaPobu2jLCb1hfXuXJQjVq3jQF,EnTrdMMpdhugeH6Ban6gYZWXughWxKtVGfCwFn78ZmY3,5915953.057093981,5914474.859144028,5915953.057093981,1.0,591.5953057093981,0.9981992485556058,322716.603913,1080309.917972,1401081.1522398188
KwnjUuZhTMTSGAaavkLEmSyfobY16JNH4poL9oeeEvE,J63v6qEZmQpDqCD8bd4PXu2Pq5ZbyXrFcSa3Xt1HdAPQ,BnKQtTdLw9qPCDgZkWX3sURkBAoKCUYL1yahh6Mw7mRK,292.9547979999997,16383.783436000056,5.225758208172419,0.017838104184838863,0.0005225758208172419,1.0,279986.496607,527.477298,5521.905594823699
HEDSDjj84KS7LKhZY7ejkCACTdPen62rKhCby1wXtgxc,EnnjMSFttpCTywBrYNt1J5QQeoSVkvzPipJDa8Y7kJow,6bjVT6JN2rSvpyn9PdfLYC8wJn4LWh49jpY47fnLDXZk,20.260124502006875,20.82389089201024,19.614733472947755,0.9681447649053099,0.007845893389179102,1.0,39127.505642047,9095.698948558,46976.78869970878
Lid8SLUxQ9RmF7XMqUA8c24RitTwzja8VSKngJxRcUa,4PgzyzLtds9bKZ2to9PMnKqJzKEUpjvNUaeN23phegax,AtymwxoVN9peZo7EXTcDz9jKVc4vRmisJKKrNfe3ewBa,159.2454358749992,134.9932224850004,25626.73210695902,160.92600686574715,2.562673210695902,136.3764185534117,979.280089024,7683.389313273,1205424.7512254948
GokA1R67GqSavkd15zR62QD68Tuc5AEfvjssntVDEbM8,3YB7hfpBdbQEuZqLGWVDpRPmeZWCUsrrWyqGXegnQ6Cg,4DPCj6Z1DsG6HUtwSogBGqXEUxdEV5a8YVrrFtcnz7UW,10657.068524,10657.028757000007,10657.676011532656,1.0000570032491851,1.0657676011532657,1.0,16999.057967,15589.870389,32589.897357537204
KEN5P7p3asnb23Sw6yAmJRGvijfAzso3RqfyLAQhznt,9zj4aX38Uxf3h6AUjS4EipWS8mwbEofasHAf3a1uKGds,CwQDG1MWunn9cLNwcZLd8YBacweSR7ARo32w4mLua1Yr,774705.7466550006,774284.8600629995,774335.614231398,0.9995222283748368,77.4335614231398,1.0,1124982.227852,1105054.282944,2229499.0262087192
Lee1XZJfJ9Hm2K1qTyeCz1LXNc1YBZaKZszvNY4KCDw,9DgFSWkPDGijNKcLGbr3p5xoJbHsPgXUTr6QvGBJ5vGN,2hNHZg7XBhuhHVZ3JDEi4buq2fPQwuWBdQ9xkH7t1GQX,873.522033884874,737.9884441949935,140922.9037879595,161.32724570349245,14.092290378795953,136.35626072953326,6924.104094258,54963.333859352,8611641.324781103
BkMBnJpvHKtWhUvrgRrLesXfi9RUV3ELgdBaJcdH7hcY,5uerVwBnZQsuVhZ15igs7ZgmcqhHnYWbwoRtLyRqLvR,9YWiQh5d4jCtgMdzcGLv9bWgnLaFtzvDDh2nnhJdzhBX,0.0011656949998268828,0.0011656949998268828,0.0011699639361580018,1.0036621383224196,4.6798557446320074e-07,1.0,1117.771749621,1755.685129735,2877.550314116005
HDSBGqAuMRr6X2AfmmbXQPpRgU6VEhtfNVVZ3wUTZXg,DCZ1d8kNLgDcdSd99y4udLgwq46mfDXNS9KXj96kQf5L,Fq8GGYQM5Pz3q7LmVMbrXHJgsxA5ev86kTq8yGgGuYsa,4.795351347998803,4.817760711999654,4.772716472854169,0.9952798296721095,0.001909086589141668,1.0,13512.925980379,12889.765322318,26338.907990441432
KEnkcdADoLR5jS2CLLLesy8TtFsyWL37BhXNfDMzWzP,3qsjFRuw1qeLMPo4DLwaQevenGAGBj9dA3Q6rb8ax2YR,77iEv8zPQAEyCcEbvBRSB6AFcUdfkhiqnAKtPxk76rNN,0.016898999999999997,1.9360910000000047,0.0001417725319918162,0.008389403632866811,5.6709012796726495e-08,0.999324456667293,119.330968,0.297059,1.2979739802258425
BUSDgu5JdqP1rndBvXvanbEufS94FNh1w5FJcAj6vawb,Bgzr8cWubt89JQFXndVjtdKmDbGzuPxNhvjH1EhWCwbo,Dxaf8xPBBQsasRKW5Aa4Sw2YrbfGofY9xZueyyF23FBW,1412.3439002799987,1405.8031064299967,1419.1946936730853,1.0048506552771803,0.5676778774692341,1.0,5330.53402352,9707.72436505,15064.114971561377
wrmcMSHFi3sWpAEy4rGDvQb3ezh3PhXoV2xNjgLBkKU,8p4mGnARWPBu6P2Gcw4adodLkNDorrXniZMhaY7eJXUn,AyY89zccbsgp9LKFgH4CFZMJmpSgqmPSdTfukhP227rc,0.008359649999998373,0.03780394999999795,2.3829701717173988,285.0562130852204,0.0009531880686869595,3127.541127165822,27.14272764,0.0899754,8018.604917795138
7oAd7xG4m3oC2qeWB1szghTebAZyyGPAFDJ4wwwbRSNi,D9yh4KAysxt9GLacVe4Wwh2XqghhcjTCSTV9HuM7TBJd,HDYfJLpZKaMFb84jM4mRytn7XLR8UFZUnQpSfhJJaNEy,1126.7200274759573,215.95924032598464,1126.7200274759573,1.0,0.4506880109903829,0.0320821723236032,1164.81733344,292327.938512298,10543.332631795223
vEnkoSUkpnbRrPgBz9DfcVxNz67zjwMYBZraAvDDNSf,DtfyjjsZ5yCjWKLKHvwsfXs5QVsmm1QkK6Sh9JZHoq1g,e5wrKCRv4GhHvEf1VD5Pq2KGaZDXP77nTL612Jyrxwy,2002.3627490000001,2002.2977799999999,1997.6482990143265,0.9976455564866915,0.19976482990143266,0.9991856636840974,942.472193,1003.199586,1942.6358396037392
AUSejoEUCh2DBs9mof6BNC8Pubs22w4cJa1ccV9h44R,4xkyD7AfGQDwsQMy9MosRRNGoVJ1zosNinesxg1TzHG7,Cbm5gsQe3nSiCsFrvepVzMCD9xLK3ri9g3ypS2hdmVJ7,103.53913000000102,103.54325299999982,103.52639625326185,0.9998770151271392,0.010352639625326187,1.0,14467.325035,14408.107612,28873.653384869933
ALBpShJ9NLpE739pcHDF2LNVk5J4VYPvvKuV6jMPitZi,D6d156U1bPiJpDYRLextvDRccgFk7QzkQbJg42ceKEu5,GNcM8U5g8RwTZffwwm3kSQqUNPSwv5d2fbN9sLxPJqt2,19.512002999996184,19.466905000001134,19.542332700347124,1.0015544124481195,0.00781693308013885,0.9996071543883253,40649.847531,59755.546692,100445.10614772516
RoBgmK8CvjdHvPrqdDyVw54VwjZv2TqJ493xnqJAQHx,ExiHJxM7qPAcy27NDHAF6G7vnW7muNHi2sVJpnaNynGQ,6rkPHSqZb7StM4HwS9EuVrmfkV7tRdc7dnsFhyB6cefE,1.2195210000000003,85.47711799999979,0.0,0.0,0.0,0.9562158332130094,6436.674751,16.353927,15.63788393260973
SoN9GaFpSXfpyR5dth3x7PHPVhvJMpQqqDJfCSmPv1t,9kZ9iS68ViMPtoeqtnhAKuF2iqVyfHPdZHoUNdwCELr,BBhm5fJLjw3HRzjtKB8uMEYjGhY6EDm9co3cqpjrSzB9,0.4891471729999992,0.4814757479999998,79.68615593488931,162.90834401876313,0.03187446237395573,159.69453629098263,2.363945549,3.791288859,990.5545710212895
MATgk4zXLXtYkwBH678J1xZbRDZ45LicNzkRBHkxTuY,y8dALFo1bJrSzPYjMX14HJX448pXqYmrfXHD1K8MXih,GN7Yuet3UyiWS5YVkEHv6oQKi4HGBJc3XDPt9zQhAqZz,618.0843530000002,618.2274210000005,618.347769149658,1.0004261815533417,0.2473391076598632,1.0,5016.989846,5054.89571,10074.023704525669
BUSD5rCfUDpCxKGMvYU2yThChxgHoioK74PTPociGnv2,CcFHbafgYDZ8yA8Me1PdtDiVb2eeaS61LbqyKKK5CsNZ,26R9s4nmF3CFDTkiePDwRmtscn8i7r2eygbSijditJ58,0.014302810000003774,0.014264969999999266,0.014287957525276673,0.9989615694589318,1.4287957525276675e-06,1.0,88.13653049,59.67351798,147.7185248049554
SBFjafzbDXgDRsA5SUypY8FXjJ9sBdb4JbuQq2PHQDG,46xwHtnXoQR3wCHUbm2eCAbPYWbioDQ59Te1Db8M5DDL,FC38fiikZwFvDt5zTjNtGfKd7LjaPz2uUAzLwKP5pRJY,0.004492453000011665,0.012115999999878113,0.013998262047376735,3.1159506949411355,5.599304818950695e-06,1.1542159468783653,201.202784103,9539.492126813,11637.57189283801
daob129AwBGn9Y5r91uLoWZeYiGzbPmksauMhFZKTze,6VW5GQNyj4LStgmxEHLr5zUfW92vQnmbw8jTnCH7a38F,4VPCCUifPeBA1c7HWK358CHn2nyjm8pdTRk6Ps3KmnMQ,23.74031863900001,21.24583828600001,3612.655849083709,152.1738568053138,1.4450623396334838,136.67068569596404,48.75980985,223.487254633,37964.12465696885
Cob4usZcpHEY7Qt4ZCwj6WVg9S44zvzYV2v9qYF65dTf,NhFM9UXE48PyNAyeyPYA3iXztqKVJwA4bTdLj4ysM8w,6TuFuynuBoeskxyR2cz4wxyidk8dpDK7kAWw3UkjQGx,194.48472200000325,3305.741611000023,1.6327187037112818,0.008395100072237318,0.0006530874814845129,1.0,71883.043183,179.859156,783.3244970182416
Sid7E679i9ABqptiAVhkmQ27YHN8vaYT4fppPwmxFsJ,GP7KB8o1bv527HG8kTzzzf4wJ5aEGHvcMQvVhLziUfmT,9gYxhAZ1M9wu5pxr8SBoa5NDm21gi3s9vMHaYTME77sa,1751.9705499999982,3722.9405969999934,14.707968090862638,0.008395100072237318,0.005883187236345055,0.017853880698083878,127330.816028,12098.653559,1284.9628600845335
BSC8REUo9LpiiWUuqMuLXs2D2yJsJfGd4HdiF3wCLxk5,AZjEH1zWVx1UJ6udMyRijGTzPteuLnaY18yNNmprJEsh,Caf8ypkSVR8xYnXNhjvfvdGCC7mrM3C11rz8Xi6NA6aK,878.6649689270002,878.3686347309995,878.0149332052465,0.9992602007081862,0.3512059732820986,1.0,3289.473882558,3062.959327305,6349.999659414243
STK75uPSyBnEhGTTzb1nwmP3n427XoXmfRhXxxhyady,6TYyD5fUmDe6N65avW1Ny2RxzRNobw2RRgKwH9CTzSAU,54zDfk4cx2vGrEajPtodWpArNe5eUurytyxd4X3aZAxK,411.2650583210002,461.14288237099913,56098.86711323143,136.40562449495818,5.609886711323143,152.95585663386376,1751.057193833,312.266498446,286617.0398190444
ionytDfEj1mXodptgrsKEZro7DGsfpzANUfarJdm6Qb,3gkSjY95an9xNFSjCfsay6JZez7uv7yfW3Ad4ubc4fMK,9wXqANaSuEqkKL9yHzCPEDGHwbkStVAqV5rB3QDs3Jr6,0.0013536130000000035,0.005022058000000218,1.1319481262324147,836.2420619722267,0.0004527792504929659,3118.1789834736514,3.152466539,0.084123933,2898.5385987595546
BSCuChvaSj9b5HUSqgDVRzcnr2sSn7cXaamt1jbKH6hn,GnKpRj5kBVPMJfiwZtEuD9GYApLzPdW5JFuZTcyX4BTc,3dmwD9okkomV9nDwyuh4UMhKdUR13QpuKxRo89ycZB5t,372.870004076,372.94792501300003,372.3399104476141,0.9985783419889206,0.14893596417904567,0.9972824054451619,1638.004342403,1472.905954486,3104.57885369174
SAMyS8Jr2HJrkFwYVKbpUwsNStnQmvz3f8Tup8bWUWF,6jPzm5TFfquvgm25sTyN3MMGBfufRaFHMxobDWv6hMFW,Cj9ECoDmxsHTDzCY5ZA6RWrPbg9uFzEC1Qc2kso2vJG6,2432.195043500007,121.33657657998873,2353.9061948952426,0.9678114430773183,0.9415624779580971,0.01781527166867814,434.82606875,111239.04106699,2402.583381856246
WiiQFxXqp8P9Fs1rt9SVcDyA3KUdJmUsog6wnVQAwba,3S2jpqSYxho6wiz3cafhjXruVY8cg4HYa2v3BqBHYFSj,Dfe67M6TfrG74gKRtdqys4e6E9QirPD53BkF4FujFjuv,2892.8320917620003,2894.391932863,2890.481347106358,0.9991873898722513,0.28904813471063584,1.0,18108.686879052,8692.603931526,26786.575508219852
FrnkTEL6yZ5Aycq2TrEgu29dCrwKG4LPUZydfiwqspkc,DjvZuMZ46fxKBoBpGMPcRcos4xdTtHFxwMh69DpA2ZFY,9rvDPJLAng4uVVqnnSoEXgNDFhBZQTny9AoQioYDZbQX,44.315467579000824,37.0332752459999,7181.064225082112,162.04419398893822,2.872425690032845,136.43612735875894,174.733531195,1441.422129042,224976.60740104257
DEDaBEWzMCXohXYXoLzB4jK1xqMsd3SS9izXp2xvg9pe,GC5zHpW5GuVdw3C7covC6viyGdLS8ZAaVGDKMeru7p78,F8juxtAFueW19vxkdDArUkjVWAv9QV6yy1wCXUWQiXvh,0.014264970000006372,1209.6575513705611,0.014264970000006372,1.0,5.705988000002549e-06,0.0,47.63056105,8516710.54068435,47.63056105
B2izdXFYb2sNwbWWHmh75T4aQFtfXsUxem9u2p61HGzf,4DYwgJtxwuJdAjkj5RJSNH4e7U329V5cNp7d3a1nLrZv,EXNW64GEf1ACC6xY9BtKRiunrs6GoJSXBdxWN2eTPmrF,21514.687630999997,21330.519761999953,21677.354499161705,1.0075607357611516,2.1677354499161705,1.0,11610.54058,28249.826807,39948.151616369505
KysFMBBoavfov2tLpvefWW6tPFt6rAeZWDJVy1mMQae,B8ka2V21TH3x64dFV8ETcjuQcwmrciJ2qzy1mJUttRew,7fSf7EYxBANyxzk2s5pymFgshA91tFYQNKKs5UnLWcYS,73.9793930000128,76.54968499999723,0.0,0.0,0.0,0.017841731106092946,134343.127395,2732.368875,48.75019075040769
MAR3XM1n9xWPQ3HJjAcC85o8DopWFP5p2WxGTaZ3fPB,6qG7GUhER8Cg9gDEgnebph9LdS6eu2eoWcA4R7z9uizK,4QV4CwRXVMY227KkFF9voNAfwWHVvVajXSXDKbUHkWZR,0.007272000000000001,0.36814700000000045,0.006969435880135671,0.9583932728459393,2.787774352054269e-06,0.017784419823851726,0.098486,24.925819,0.5376795494188452
MATSnbbiTCv7Dc3trJrkrqjx7ckKdr6fwPoVwv9q3sD,631WX9JizSHJm4w6VanZeJAst9T8DeUUnPLesdGkCVtK,211maUSfpnXbPuW1iBu8b4dtJv5EbN1j7JJiEX5TZKEP,1508.973165000003,1507.970513999997,1509.0123993223854,1.0000260006760175,0.6036049597289542,0.9987974478727613,21090.571481,24458.438834,45520.14613646734
SoNcU2iwHMw6dGzsYNQkYFkUjwN1UdAjrWVRnStrZu2,8ivTTid27jZnYNc4w3CTA1Z6QS2twsFb8WMwUabeDJgc,CyXm53PMvHCbeXJBykU46Rcbo28xk5srhMZFg7gv6EYB,6.545467836999993,6.4899657799999915,1057.8051775256454,161.60879617284513,0.42312207101025817,159.73736621196892,23.055285882,29.041315312,8364.920216081016
C98Sspw7XqnMsgxea3SLQVdbMDL8pKUc3RE82UvX9eq2,CSqgQJurPCzGxb4Cgwx5R61hWQUiaoUHcShNc8r1cKEL,6S2CR5EnukPhC914XkAns8m5GixjMAoUuZMsS5ubHuWc,22.56498100000033,22.479280000000017,0.0,0.0,0.0,1.0,875.489038,1244.225429,1244.225429
heyk4SZTeCUV6a65WiVA5bzic3KcxgVf1qxobfeV4tQ,9ZDpBKPqMABtGfq66FbVribaArMvtk63xxy91onZAtDt,DaTP4s6N7xxSPinbNZ3FB52EpRDRt87QShTuN3VPCW52,81.97049658700303,71.09061335099943,12921.355746871437,157.6342255430499,5.168542298748575,136.45483781523797,620.408264144,4479.466371575,709042.4334709265
DFWzVTzNBrQZLjoQ4yQwkj9HuoXmfkuZP9V5vbymZe23,DhgiEgiNdqZdRdo195UUHnoEJUtefK8buko8nU97XJUZ,2K2kkXsouBHtWVjtcgkyiXd8eP3oVBvq1bTJzcVdLLr2,3555.4130554620006,3723.319996869999,3430.3084143638775,0.9648129094576139,1.372123365745551,1.0,51594.266014691,16571.336441415,66350.15034637912
NorjjEePhxfwLF4vZjUHCrVVKLzQjEEGQFd3wgjEJmh,34M8pFVqgbV7aqHxvRT5tCv3vu2P1JJYT8J3VaxBK2oG,3AZWBSze3ucsY3xSeuLne3b2pauVqiaJ1SZSV5T9WGWw,0.7586770000002616,1.2811369999990347,0.4493847796871339,0.5923268791422159,0.00017975391187485357,1.0,38125.651737,2257.559284,24840.407592640215
AURHmCnNwiW4uA2Qj1XvEh4iKgRUZYXtiY7FKAapUV5Y,BKWm4TRnTeKwfWXRyuzjRHU7iZDkPuXBX5b5V5jSVfGJ,A5Ww74HVrkj9nPeC7pHKLfgeDMEhBCpW1efQdz3TGLEg,0.01928169200022012,0.0173122080000212,2.9399406666249073,152.47316815305135,0.001175976266649963,136.43612735875894,289.857418945,1809.535151521,291081.44737228076
C2ypsDADXcCRz8HbV2zX1AXPSja7a1P3xZtRC91xGhJh,J9bYNuDpY1d1T86gLaw7DGk5D3CsUAf2tzUwxMvb6FTv,A2NGvvPrMGzsJ4jb52KEnSBVmsA7C34dV1GC7PerdgvG,0.0009957959999999932,0.001000000000000112,0.13596537579598958,136.53938738053827,5.438615031839583e-05,136.92324165226918,1.310430181,0.909015869,303.39073361554233
CZgvH45CRmoaNJ7395Ao5CQZXkGznvqU7cErD6n7FaRg,4ZjU6MKvtqVQKCiowhvZ5yUsPxXX5SCzd5eFsPeXyey5,BsyWeshjDbCvjDojry3vKDCesmFRM37WtwcR4Kfgzqr,3.4202854400000433,3.3196091800000147,3.5254482934317264,1.030746806158869,0.0014101793173726907,1.0,213.4433165,591.72915596,811.7351727383316
