0,1,2,3,4,5,6,7,8,9,10,11
7oAd7xG4m3oC2qeWB1szghTebAZyyGPAFDJ4wwwbRSNi,D9yh4KAysxt9GLacVe4Wwh2XqghhcjTCSTV9HuM7TBJd,HDYfJLpZKaMFb84jM4mRytn7XLR8UFZUnQpSfhJJaNEy,9201.653948489053,246.44847391400003,9196.815715268012,0.999474199611491,3.678726286107205,0.03077906664614924,1137.590467845,293194.468445372,10161.24440689745
Cob4usZcpHEY7Qt4ZCwj6WVg9S44zvzYV2v9qYF65dTf,NhFM9UXE48PyNAyeyPYA3iXztqKVJwA4bTdLj4ysM8w,6TuFuynuBoeskxyR2cz4wxyidk8dpDK7kAWw3UkjQGx,14.09955199999996,1572.9417210000101,0.1252169330182061,0.008880915721166635,5.008677320728244e-05,1.0,71211.636833,185.630942,818.0554870801986
ZUCKWFa4LTL833dPhhpeeRWZcaAEoMeYJPi2iKn4F8N,7eEYpq6ShaJ9opZWMxitRFrdCHh6vfyHhGfoSvFht3N2,H8VggnHmuwd1wvwpT8eg9cUJFEfZ7HAaeYjgXrSm7A2u,30.221393586999966,30.204903682999884,30.241736961520083,1.0006731448191346,0.012096694784608035,0.9994779916350508,1847.216828812,1999.935737195,3847.3520272609567
BSCrK1Nx9PXU9mF7STWWBqeHLxmtJDr9h7jheEy4tAWX,FfSySSbVJPvEo5a5AvrP3nySoXpRE2QPn1uUMpJJ1x7v,HL7Vcj6838ZmvBHDbQxXfjBNckNi83WvPiZQoMQLFeRM,0.011452259999999881,0.011442457999999212,36.275193614291446,3167.513976655422,0.014510077445716578,3149.606299212598,0.844793556,0.959434272,5697.735622790088
DFWzVTzNBrQZLjoQ4yQwkj9HuoXmfkuZP9V5vbymZe23,DhgiEgiNdqZdRdo195UUHnoEJUtefK8buko8nU97XJUZ,2K2kkXsouBHtWVjtcgkyiXd8eP3oVBvq1bTJzcVdLLr2,3856.499522373,4052.871076451005,3644.130286573251,0.9449321244388297,1.4576521146293004,0.9994751446178316,54823.85645125,13483.229387952,65280.97578884782
BSC8REUo9LpiiWUuqMuLXs2D2yJsJfGd4HdiF3wCLxk5,AZjEH1zWVx1UJ6udMyRijGTzPteuLnaY18yNNmprJEsh,Caf8ypkSVR8xYnXNhjvfvdGCC7mrM3C11rz8Xi6NA6aK,979.2445237920001,978.3186366140003,979.9835744847636,1.0007547151654232,0.39199342979390545,0.9994738589701087,2969.542450654,3381.0886416,6351.093321515831
HDSBGqAuMRr6X2AfmmbXQPpRgU6VEhtfNVVZ3wUTZXg,DCZ1d8kNLgDcdSd99y4udLgwq46mfDXNS9KXj96kQf5L,Fq8GGYQM5Pz3q7LmVMbrXHJgsxA5ev86kTq8yGgGuYsa,49.90339886400034,50.12995326999953,49.667280859132426,0.9952684985343104,0.01986691234365297,0.999483895501396,13657.936475477,13002.936049336,26589.539104570864
SERgf3DMJpQxUifu7VoFKmfne73d2fDJxSrxUMrcNJB,AJfM2GZ2tTB8UtN2krcyR9xufRJEx2mhSCbJyMgPo3GU,F4yRYkufQvERZcEKnKjJwRLU1btiMBUuEwq46hfm11QD,3.152699999731112e-05,3.150999999945725e-05,0.0046280087667951745,146.7950888822244,1.8512035067180698e-06,148.1136102485139,29.284858487,27.959836984,8440.105802162689
KZMu9QBEdL97EFgamLbN5DE1AoKBG4HdrKKJo4Vuon3,DD4ACBWyVqdaKWh7v5btsgqQCCMwbKnuL2xd9pv7Gyuw,GcYqiJ1MAuYbNTNYXm1F1gQYTfTgkErACAhNU5dpVj9T,25.508678560000362,26.13650632000099,24.813536998273168,0.9727488211475904,0.009925414799309269,0.9997575787822969,2469.9535228,925.61746986,3328.0374581388674
B2izdXFYb2sNwbWWHmh75T4aQFtfXsUxem9u2p61HGzf,4DYwgJtxwuJdAjkj5RJSNH4e7U329V5cNp7d3a1nLrZv,EXNW64GEf1ACC6xY9BtKRiunrs6GoJSXBdxWN2eTPmrF,6370.6087760000355,6290.848864000012,6442.767775080942,1.0113268608414239,0.6442767775080942,1.0,9906.059215,29968.297939,39986.56170821521
Lid8SLUxQ9RmF7XMqUA8c24RitTwzja8VSKngJxRcUa,4PgzyzLtds9bKZ2to9PMnKqJzKEUpjvNUaeN23phegax,AtymwxoVN9peZo7EXTcDz9jKVc4vRmisJKKrNfe3ewBa,244.40821604299458,207.361680163002,42643.76450877301,174.47762272145312,4.264376450877301,147.91166478720245,981.611886676,7683.465657052,1307743.5050922066
NorjjEePhxfwLF4vZjUHCrVVKLzQjEEGQFd3wgjEJmh,34M8pFVqgbV7aqHxvRT5tCv3vu2P1JJYT8J3VaxBK2oG,3AZWBSze3ucsY3xSeuLne3b2pauVqiaJ1SZSV5T9WGWw,0.001213000000007014,0.001213000000007014,0.0007186810869011716,0.5924823469884715,2.874724347604686e-07,1.0,38124.371737,2258.309846,24846.32709019871
GokA1R67GqSavkd15zR62QD68Tuc5AEfvjssntVDEbM8,3YB7hfpBdbQEuZqLGWVDpRPmeZWCUsrrWyqGXegnQ6Cg,4DPCj6Z1DsG6HUtwSogBGqXEUxdEV5a8YVrrFtcnz7UW,15713.650716000013,15713.574058000015,15713.509294416364,0.9999910000809994,1.5713509294416366,1.0,16618.474372,15968.473956,32586.79876307674
BUSDgu5JdqP1rndBvXvanbEufS94FNh1w5FJcAj6vawb,Bgzr8cWubt89JQFXndVjtdKmDbGzuPxNhvjH1EhWCwbo,Dxaf8xPBBQsasRKW5Aa4Sw2YrbfGofY9xZueyyF23FBW,4844.237828300003,4816.422940109997,4869.674867149047,1.0052509888553451,1.947869946859619,0.9997575787822969,4920.80728189,10115.84790812,15060.04199803852
KysFMBBoavfov2tLpvefWW6tPFt6rAeZWDJVy1mMQae,B8ka2V21TH3x64dFV8ETcjuQcwmrciJ2qzy1mJUttRew,7fSf7EYxBANyxzk2s5pymFgshA91tFYQNKKs5UnLWcYS,30.911368000000948,23.302001999999902,0.0,0.0,0.0,0.01917176590905727,134440.121478,2658.609445,50.97023792314867
SRMuKizofcAMicegrfSv7xs9q76tH1w8aAF7oX9FEWu,72Hj2KWntXPfbie4UgKeTPnm1XVkomDfCnRPKbvfTtPi,6aqJQ5wedqpUt4fFEDUqUmXhrdxCu4bEJsQdVPCADLko,215.7878470000005,215.87389500000018,9.700006014522263,0.04495158624258501,0.0038800024058089047,0.044263313065604916,17864.056964,3999.896594,980.0663724299661
RajgMbScQbqqrdJfR2rxfHJiTiY5b6bJ2tTXiF4aPxy,725ZA3fhyBAKb5iopNRrcbSuQa3LXA1656Q3mBvYPxeg,GLA6i1dSZpUfk2f9Nj8uiG7xyDdAR2reff8oEiZH3617,28228.233549630022,28210.68169739,28239.520321111966,1.0003998398079745,11.295808128444786,0.9997575787822969,78607.57462478,102796.22927123,181410.3143464781
JSoLLrxK5bYdHwTEWYaGgmeycBCNXKDiBCTw5hXGBg7,xG4wXczA7Dk4hccJ61CHKpDHW4NrNfQwgmWgkb9BuF2,BVR6WgfhsRr9Lob4QDnkEAiNGgAbv7ZieKcY9kSg3QYR,2.627185623999935,2.2442018400000094,451.19854115336113,171.74216280401367,0.18047941646134447,147.77297991750424,17.058875926,163.890255895,27148.279739583028
parEAJhzYzHW87y9VoZAQ22dzQ2MD2ekEtTReaxbMcz,3oyc6hpjYSJEquK6dSvG72NXyz3pqLZz5D8AC71pwgQb,Di2vordgFJVZ1aj1aBpvzXtLfZgJsuLLXawGtVFwX6Rz,5.653438438000052,6.6469045400001505,780.5995580765701,138.07518497587344,0.31223982323062804,170.53354318054267,1103.622401991,139.607026133,176190.5481177842
MATSnbbiTCv7Dc3trJrkrqjx7ckKdr6fwPoVwv9q3sD,631WX9JizSHJm4w6VanZeJAst9T8DeUUnPLesdGkCVtK,211maUSfpnXbPuW1iBu8b4dtJv5EbN1j7JJiEX5TZKEP,442.05836400000044,441.95634000000064,441.6705772331897,0.9991227702077576,0.1766682308932759,0.998721636305529,22041.162484,23506.641241,45498.41852387194
WiiQFxXqp8P9Fs1rt9SVcDyA3KUdJmUsog6wnVQAwba,3S2jpqSYxho6wiz3cafhjXruVY8cg4HYa2v3BqBHYFSj,Dfe67M6TfrG74gKRtdqys4e6E9QirPD53BkF4FujFjuv,1198.2750550809978,1198.6672451649993,1197.4058557754788,0.999274624551489,0.1197405855775479,0.99950536978013,15510.421555198,11288.370611208,26781.957718176407
BSCuChvaSj9b5HUSqgDVRzcnr2sSn7cXaamt1jbKH6hn,GnKpRj5kBVPMJfiwZtEuD9GYApLzPdW5JFuZTcyX4BTc,3dmwD9okkomV9nDwyuh4UMhKdUR13QpuKxRo89ycZB5t,741.610018158,740.5008041299998,741.2572441991415,0.9995243133854438,0.2965028976796566,0.9985082287063126,1562.561017345,1547.690517056,3107.1994447557654
BSCNHw8CmxbZ8hCWWzMf5FaG2ajPT6JxfznKUNuRVrn4,7n9kgNL633yGzCYksgnzHyjG73ZLBAwvEae5sbAekbzW,SscdxE99omdG9AiMVwmaEMQySQnCgeAh1sPj2Leutm2,300.1888543650002,298.9445412819996,301.34636765029006,1.0038559502408522,0.12053854706011603,0.999505371778152,4331.95408274,7366.440062098,11711.454295077438
YakoMPuYrybnr9R7VC7hVGxMz94fJvPFCdZ4gmW61Ed,,,0.31262600000000007,0.3134079999999999,0.0,0.0,0.0,0.999505371778152,4331.95408274,7366.440062098,7362.796412948735
iLiUBQ7Z7im6Ew3b4ewwPcehzWgEQRJ1iQz7g6D62NW,GpugBvKWM3TVhYcZjemSdtehBWgfvuGr6uAm9iPjXT6v,92fMXJ3xy8tEyMUWLHKRLyhPw2nECBo77GtDiBBbYrjX,146.69688741599998,148.9615488359998,144.11956792649812,0.9824309872220183,0.057647827170599256,0.999505372777163,1793.545435234,1168.686216524,2930.1427650708356
AUSejoEUCh2DBs9mof6BNC8Pubs22w4cJa1ccV9h44R,4xkyD7AfGQDwsQMy9MosRRNGoVJ1zosNinesxg1TzHG7,Cbm5gsQe3nSiCsFrvepVzMCD9xLK3ri9g3ypS2hdmVJ7,30.32625299999927,30.325998000000254,30.329922920672676,1.000121014642772,0.0030329922920672675,1.0,14420.245392,14455.114325,28877.104777844797
YAkoNb6HKmSxQN9L8hiBE5tPJRsniSSMzND1boHmZxe,CfWX7o2TswwbxusJ4hCaPobu2jLCb1hfXuXJQjVq3jQF,EnTrdMMpdhugeH6Ban6gYZWXughWxKtVGfCwFn78ZmY3,8035689.457123976,8033447.2790359985,8035689.457123976,1.0,803.5689457123976,0.9972336737889095,382742.298652,1016248.622407,1396179.645857851
DEDaBEWzMCXohXYXoLzB4jK1xqMsd3SS9izXp2xvg9pe,GC5zHpW5GuVdw3C7covC6viyGdLS8ZAaVGDKMeru7p78,F8juxtAFueW19vxkdDArUkjVWAv9QV6yy1wCXUWQiXvh,0.022004559999999174,1909.177004730329,0.021999225627768952,0.9997575787822969,8.799690251107582e-06,0.0,46.89429215,8576762.77359505,46.88292397859367
wrmcMSHFi3sWpAEy4rGDvQb3ezh3PhXoV2xNjgLBkKU,8p4mGnARWPBu6P2Gcw4adodLkNDorrXniZMhaY7eJXUn,AyY89zccbsgp9LKFgH4CFZMJmpSgqmPSdTfukhP227rc,0.008656769999999217,0.051516839999999245,2.5896685722488617,299.1495179205519,0.0010358674288995448,3152.088258471237,27.12086392,0.09200085,8403.188166311264
4vezWG46exH6pf9nry3n1VJ7hZHvjBJNgNeF4qEFCML5,,,1.5854880000000016,1.5824199999999973,0.0,0.0,0.0,3152.088258471237,27.12086392,0.09200085,289.9947990543735
daob129AwBGn9Y5r91uLoWZeYiGzbPmksauMhFZKTze,6VW5GQNyj4LStgmxEHLr5zUfW92vQnmbw8jTnCH7a38F,4VPCCUifPeBA1c7HWK358CHn2nyjm8pdTRk6Ps3KmnMQ,38.31941271499997,34.04312739699998,6293.651414237333,164.24185467158034,2.5174605656949334,147.38756281842163,48.745205676,223.478791147,40943.99735533728
SoN9GaFpSXfpyR5dth3x7PHPVhvJMpQqqDJfCSmPv1t,9kZ9iS68ViMPtoeqtnhAKuF2iqVyfHPdZHoUNdwCELr,BBhm5fJLjw3HRzjtKB8uMEYjGhY6EDm9co3cqpjrSzB9,1.8093121680000026,1.7741323179999986,318.24526513752414,175.8929557685502,0.12729810605500966,173.20180157585926,3.808563432,5.844226806,1682.1300909036236
BkMBnJpvHKtWhUvrgRrLesXfi9RUV3ELgdBaJcdH7hcY,5uerVwBnZQsuVhZ15igs7ZgmcqhHnYWbwoRtLyRqLvR,9YWiQh5d4jCtgMdzcGLv9bWgnLaFtzvDDh2nnhJdzhBX,0.002372476999880746,3.245699986109685e-05,0.0023811653101424427,1.0036621262343675,9.524661240569771e-07,0.9995053767732069,1117.771749621,1755.682809946,2876.679579318641
moFiBS1R4Lf3E3zzmBPnw3NF4RhWPkhREFviuzUaCAU,44ALBrpqi9PfZkBRTvbtRNtFJGsatfY4QydjtMbFWq8S,2ho8qEEie1UjVwWNBo9y4oAJZMyMLx8zPj9bxyUz6uWs,155.553126171013,155.55201535599917,155.54953157688777,0.9999768915340135,0.062219812630755114,0.9995043737671714,32316.691115047,34797.257099183,67095.95499162373
MARpDPs5A7XiyCWPNH8GsMWPLxmwNn9SBmKvPa9LzgA,6YjT74rmcfCpw8LSjPNx5JTmZoYLGrTKnf9arfSgZ4SR,F8GSmi3vA8M8TsybLya1LQ4n1aFHCRbZ6k437PeTdXtg,43373.997586999874,45635.50234100102,40809.603709125826,0.9408771609596195,16.323841483650334,1.0,295723.624245,16209.172344,294448.77635232493
C2ypsDADXcCRz8HbV2zX1AXPSja7a1P3xZtRC91xGhJh,J9bYNuDpY1d1T86gLaw7DGk5D3CsUAf2tzUwxMvb6FTv,A2NGvvPrMGzsJ4jb52KEnSBVmsA7C34dV1GC7PerdgvG,0.1308034680000001,0.13015798699999992,19.278804356717416,147.38756281842163,0.007711521742686967,147.20904169710826,1.309424137,0.910011665,326.9547773858849
ALBpShJ9NLpE739pcHDF2LNVk5J4VYPvvKuV6jMPitZi,D6d156U1bPiJpDYRLextvDRccgFk7QzkQbJg42ceKEu5,GNcM8U5g8RwTZffwwm3kSQqUNPSwv5d2fbN9sLxPJqt2,6.181248000000778,6.16816000000108,6.174394422192145,0.9988912307338854,0.002469757768876858,0.999526224569554,41205.004835,59099.358601,100230.67676896858
BUSD5rCfUDpCxKGMvYU2yThChxgHoioK74PTPociGnv2,CcFHbafgYDZ8yA8Me1PdtDiVb2eeaS61LbqyKKK5CsNZ,26R9s4nmF3CFDTkiePDwRmtscn8i7r2eygbSijditJ58,93.63773461,93.64793999,93.4102162803082,0.9975702281709463,0.009341021628030821,0.9997638657725431,88.00659074,59.79372888,147.57236433907303
Lee1XZJfJ9Hm2K1qTyeCz1LXNc1YBZaKZszvNY4KCDw,9DgFSWkPDGijNKcLGbr3p5xoJbHsPgXUTr6QvGBJ5vGN,2hNHZg7XBhuhHVZ3JDEi4buq2fPQwuWBdQ9xkH7t1GQX,1894.8765686648976,1602.0914536380096,330734.45262062555,174.5414229559323,33.073445262062556,147.52125928867608,6931.477327264,54970.231487538,9319107.688319081
STK75uPSyBnEhGTTzb1nwmP3n427XoXmfRhXxxhyady,6TYyD5fUmDe6N65avW1Ny2RxzRNobw2RRgKwH9CTzSAU,54zDfk4cx2vGrEajPtodWpArNe5eUurytyxd4X3aZAxK,594.2566974120016,668.6238165010088,87667.02240739437,147.52382731096813,8.766702240739438,165.9558225600345,1694.780303106,301.656527711,300082.1339523226
SAMyS8Jr2HJrkFwYVKbpUwsNStnQmvz3f8Tup8bWUWF,6jPzm5TFfquvgm25sTyN3MMGBfufRaFHMxobDWv6hMFW,Cj9ECoDmxsHTDzCY5ZA6RWrPbg9uFzEC1Qc2kso2vJG6,995.0075661900191,20.326648639999974,967.8985098620415,0.9727549244356193,0.3871594039448166,0.019231337542681956,454.10241894,110224.75322593,2561.4997990686934
HEDSDjj84KS7LKhZY7ejkCACTdPen62rKhCby1wXtgxc,EnnjMSFttpCTywBrYNt1J5QQeoSVkvzPipJDa8Y7kJow,6bjVT6JN2rSvpyn9PdfLYC8wJn4LWh49jpY47fnLDXZk,8.503892499998983,8.784241052002471,8.228958336168226,0.9676696096721836,0.0032915833344672905,0.9995720042587884,39125.230273642,9097.892450445,46954.29489845167
MNkYtBe2HtgL15osfaMmyqNW3vo4J399FXXCS4a39Wf,2mUxDu8NrhSKhQJMgKfYLxJqZzeEbmwhQdHeHMyohyuk,AZCBmDBcFsA2jHHhfFJBTsWCHx9XnnKmGfFsue3ZVW1t,0.001442550000092524,0.0014420399998016364,0.0014416101567669213,0.9993484847488528,5.766440627067685e-07,0.9997638657725431,2195.17444406,1941.31751126,4134.603354179996
oKQqupM9E7SSLAFDLxr7mdsXP7znck9qRbVWc6Yyj7Q,CMR2J7CwfW98RpvnJmFBgRFTLAd3x8CJ1SWs8Bt3uunG,FmRb5jHfSNj1YWP3b45d9vvYuhwjp4om8bALmtqZpr1v,4.469651780000277,4.417295940000258,4.5233620452244105,1.0120166554057888,0.0018093448180897644,0.9997638657725431,2176.27630641,3719.65773069,5921.207261037271
KEN5P7p3asnb23Sw6yAmJRGvijfAzso3RqfyLAQhznt,9zj4aX38Uxf3h6AUjS4EipWS8mwbEofasHAf3a1uKGds,CwQDG1MWunn9cLNwcZLd8YBacweSR7ARo32w4mLua1Yr,179252.2999559997,179269.28420999972,179114.0239295261,0.9992285955242552,17.91140239295261,1.0,1130341.597567,1099094.875275,2228564.5222745165
DA1mL7dfBow33EH5yjUuZE6SH2KeUK5zEXzsyhE5r5j5,B4UtLRZND3D83CitRCBUyeiNr7H8m7YFRqBmiPmXjhW4,AAmpYbuixWiSqDaJBCqYEs1pb5SrbdPr9mgXrB58Q2e,56.658251654000026,69.5722639999999,74.99641423613795,1.3236626977854031,0.029998565694455182,0.9996059373465911,134.965989112,3011.768300527,3189.2309203763066
AURHmCnNwiW4uA2Qj1XvEh4iKgRUZYXtiY7FKAapUV5Y,BKWm4TRnTeKwfWXRyuzjRHU7iZDkPuXBX5b5V5jSVfGJ,A5Ww74HVrkj9nPeC7pHKLfgeDMEhBCpW1efQdz3TGLEg,0.011424465000175132,0.01018853500016803,1.8790800974922495,164.47860774779772,0.0007516320389968998,147.56309871882766,289.896562181,1809.491231333,314695.9161384483
CZgvH45CRmoaNJ7395Ao5CQZXkGznvqU7cErD6n7FaRg,4ZjU6MKvtqVQKCiowhvZ5yUsPxXX5SCzd5eFsPeXyey5,BsyWeshjDbCvjDojry3vKDCesmFRM37WtwcR4Kfgzqr,107.51808921000001,114.61406699999998,122.22067686631804,1.136745246910048,0.04888827074652722,0.9997638657725431,105.95368586,706.2171066,826.4926933630715
ALLwa5WNZbvQsRKAqe1jdRGemdYQnW8E5k4msbRFcYtu,CGoM82Hbz7QVqTgvQatYtjvDWBvoUJp5qm21P8iMs9yb,3dxNNww8TivyN5FMy5dCNdi3Zcxv6e4kUfSPxfFwpdNq,2.8060284610000075,2.799813264999999,8838.44166876656,3149.8047121078494,3.535376667506624,3152.12800161389,2.095729863,6.540589989,27217.91664918492
heyk4SZTeCUV6a65WiVA5bzic3KcxgVf1qxobfeV4tQ,9ZDpBKPqMABtGfq66FbVribaArMvtk63xxy91onZAtDt,DaTP4s6N7xxSPinbNZ3FB52EpRDRt87QShTuN3VPCW52,76.08289313099885,65.89482922899913,12955.305237725213,170.27881964765567,5.182122095090086,147.4418688315851,618.261423848,4481.883029319,766094.0352138758
Sid7E679i9ABqptiAVhkmQ27YHN8vaYT4fppPwmxFsJ,GP7KB8o1bv527HG8kTzzzf4wJ5aEGHvcMQvVhLziUfmT,9gYxhAZ1M9wu5pxr8SBoa5NDm21gi3s9vMHaYTME77sa,821.8442460000078,1496.7933719999946,7.298729484651809,0.008880915721166635,0.002919491793860724,0.019109432419664233,127677.863389,11935.947522,1361.9855267526539
C98Sspw7XqnMsgxea3SLQVdbMDL8pKUc3RE82UvX9eq2,CSqgQJurPCzGxb4Cgwx5R61hWQUiaoUHcShNc8r1cKEL,6S2CR5EnukPhC914XkAns8m5GixjMAoUuZMsS5ubHuWc,60.53307099999995,60.33839799999987,0.0,0.0,0.0,1.0,892.592738,1227.036457,1227.036457
vEnkoSUkpnbRrPgBz9DfcVxNz67zjwMYBZraAvDDNSf,DtfyjjsZ5yCjWKLKHvwsfXs5QVsmm1QkK6Sh9JZHoq1g,e5wrKCRv4GhHvEf1VD5Pq2KGaZDXP77nTL612Jyrxwy,773.8530789999999,773.8300479999997,772.4325754936671,0.9981643757130637,0.07724325754936671,0.9976067414273159,979.37789,965.931294,1941.1996908090382
FrnkTEL6yZ5Aycq2TrEgu29dCrwKG4LPUZydfiwqspkc,DjvZuMZ46fxKBoBpGMPcRcos4xdTtHFxwMh69DpA2ZFY,9rvDPJLAng4uVVqnnSoEXgNDFhBZQTny9AoQioYDZbQX,63.08028235699675,52.80225595900035,11048.873241895632,175.15573534318702,4.4195492967582535,147.4983904238145,174.891034275,1441.201496451,243208.06871628342
KwnjUuZhTMTSGAaavkLEmSyfobY16JNH4poL9oeeEvE,J63v6qEZmQpDqCD8bd4PXu2Pq5ZbyXrFcSa3Xt1HdAPQ,BnKQtTdLw9qPCDgZkWX3sURkBAoKCUYL1yahh6Mw7mRK,127.01197699999989,6426.293957000133,2.43975486886411,0.019208856727457382,0.00024397548688641102,1.0,278761.051934,550.144662,5904.825769795512
BUSDTd9WiT6uBHJRgNvFXBsA7JrifsAtWzKfioN7ERcy,DyBxrn7gSc1EwnpWhDyhzvMHPtxpmBqRqotapLcKcfTM,Cds99GeBgoCpqBsoRWu1C6fF9LiUMd4pXQQD24s9LPff,910.5636035899996,913.0847832899998,911.3837395895814,1.000900690513379,0.09113837395895814,0.9985650620058976,112.66402792,150.58355923,263.1329845007203
RoBgmK8CvjdHvPrqdDyVw54VwjZv2TqJ493xnqJAQHx,ExiHJxM7qPAcy27NDHAF6G7vnW7muNHi2sVJpnaNynGQ,6rkPHSqZb7StM4HwS9EuVrmfkV7tRdc7dnsFhyB6cefE,0.4872980000000027,30.91136800000004,0.0,0.0,0.0,0.9489862928419862,6339.680668,17.749435,16.843970520689798
ercAoEmXjQzEvAFbdjAo81KtMxRGn9AW1ju882upmPH,CMRhskR2Eg6V42RTSdRTXGdozyPbWB8U9dVpijPWb9T4,7TKLLgrWswt6ZJ1pXhVR3FyufHGjJFqiEXxvWJfDcgRm,36.46856286800005,35.804998987999966,5347.182921770733,146.624448600433,2.1388731687082934,143.10291188667165,312.133489757,860.653222668,168928.38311378783
MATgk4zXLXtYkwBH678J1xZbRDZ45LicNzkRBHkxTuY,y8dALFo1bJrSzPYjMX14HJX448pXqYmrfXHD1K8MXih,GN7Yuet3UyiWS5YVkEHv6oQKi4HGBJc3XDPt9zQhAqZz,1332.8325910000003,1328.8623810000004,1337.3152717910439,1.0033632736934204,0.5349261087164177,1.0,3295.622845,6776.511198,10083.218124618024
SoNcU2iwHMw6dGzsYNQkYFkUjwN1UdAjrWVRnStrZu2,8ivTTid27jZnYNc4w3CTA1Z6QS2twsFb8WMwUabeDJgc,CyXm53PMvHCbeXJBykU46Rcbo28xk5srhMZFg7gv6EYB,9.277105872,9.195776847000015,1618.3141939380112,174.44170803551773,0.6473256775752044,173.20180157585926,22.712542733,26.179663058,8496.379554468775
