0,1,2,3,4,5,6,7,8,9,10,11
C2ypsDADXcCRz8HbV2zX1AXPSja7a1P3xZtRC91xGhJh,J9bYNuDpY1d1T86gLaw7DGk5D3CsUAf2tzUwxMvb6FTv,A2NGvvPrMGzsJ4jb52KEnSBVmsA7C34dV1GC7PerdgvG,0.002148701000000086,0.0021413539999999287,0.309513424438122,144.0467633412511,0.0001238053697752488,144.25362094620277,1.309430181,0.910011665,319.89165717393143
DA1mL7dfBow33EH5yjUuZE6SH2KeUK5zEXzsyhE5r5j5,B4UtLRZND3D83CitRCBUyeiNr7H8m7YFRqBmiPmXjhW4,AAmpYbuixWiSqDaJBCqYEs1pb5SrbdPr9mgXrB58Q2e,56.658251654000026,69.5722639999999,74.95668105578162,1.3229614198744823,0.029982672422312645,0.9990756242610892,134.965989112,3011.768300527,3187.539091569148
SoNcU2iwHMw6dGzsYNQkYFkUjwN1UdAjrWVRnStrZu2,8ivTTid27jZnYNc4w3CTA1Z6QS2twsFb8WMwUabeDJgc,CyXm53PMvHCbeXJBykU46Rcbo28xk5srhMZFg7gv6EYB,8.982442665,8.916214968000006,1531.7375078825517,170.52572056495853,0.6126950031530206,169.2067418734232,23.759061587,28.326238179,8844.52156886956
Sid7E679i9ABqptiAVhkmQ27YHN8vaYT4fppPwmxFsJ,GP7KB8o1bv527HG8kTzzzf4wJ5aEGHvcMQvVhLziUfmT,9gYxhAZ1M9wu5pxr8SBoa5NDm21gi3s9vMHaYTME77sa,2054.4710800000066,4158.822253,17.64935145988914,0.008590703286944824,0.0070597405839556565,0.018651465821496634,127931.119737,11820.084174,1319.480186805752
daob129AwBGn9Y5r91uLoWZeYiGzbPmksauMhFZKTze,6VW5GQNyj4LStgmxEHLr5zUfW92vQnmbw8jTnCH7a38F,4VPCCUifPeBA1c7HWK358CHn2nyjm8pdTRk6Ps3KmnMQ,23.845997218999983,21.35671707999998,3830.263877841454,160.6250240937536,1.5321055511365815,143.90574288965323,48.032363111,224.278923685,39990.224609366065
GokA1R67GqSavkd15zR62QD68Tuc5AEfvjssntVDEbM8,3YB7hfpBdbQEuZqLGWVDpRPmeZWCUsrrWyqGXegnQ6Cg,4DPCj6Z1DsG6HUtwSogBGqXEUxdEV5a8YVrrFtcnz7UW,12995.684805000015,12995.301566000006,12994.567272214605,0.999914007395364,1.2994567272214606,1.0,17712.898252,14874.430827,32585.805900743657
YakoMPuYrybnr9R7VC7hVGxMz94fJvPFCdZ4gmW61Ed,,,0.3507670000000003,0.35165199999999985,0.0,0.0,0.0,1.0,17712.898252,14874.430827,14874.430827
7oAd7xG4m3oC2qeWB1szghTebAZyyGPAFDJ4wwwbRSNi,D9yh4KAysxt9GLacVe4Wwh2XqghhcjTCSTV9HuM7TBJd,HDYfJLpZKaMFb84jM4mRytn7XLR8UFZUnQpSfhJJaNEy,190.76308794603165,190.76765459503167,190.58656133649808,0.9990746291044339,0.07623462453459923,0.030767000637863022,1137.595034494,293194.468445372,10157.25673483481
oKQqupM9E7SSLAFDLxr7mdsXP7znck9qRbVWc6Yyj7Q,CMR2J7CwfW98RpvnJmFBgRFTLAd3x8CJ1SWs8Bt3uunG,FmRb5jHfSNj1YWP3b45d9vvYuhwjp4om8bALmtqZpr1v,4.469651780000277,4.417295940000258,4.524430416380521,1.0122556832336145,0.0018097721665522087,1.0,2176.27630641,3719.65773069,5922.605790140182
vEnkoSUkpnbRrPgBz9DfcVxNz67zjwMYBZraAvDDNSf,DtfyjjsZ5yCjWKLKHvwsfXs5QVsmm1QkK6Sh9JZHoq1g,e5wrKCRv4GhHvEf1VD5Pq2KGaZDXP77nTL612Jyrxwy,983.488628,983.4672209999994,982.4560666739258,0.9989501034412833,0.09824560666739258,0.9971958851708994,918.980268,1026.382107,1941.519447492536
JSoLLrxK5bYdHwTEWYaGgmeycBCNXKDiBCTw5hXGBg7,xG4wXczA7Dk4hccJ61CHKpDHW4NrNfQwgmWgkb9BuF2,BVR6WgfhsRr9Lob4QDnkEAiNGgAbv7ZieKcY9kSg3QYR,2.5226948729999776,2.1486442420000245,425.548708447679,168.6881410043928,0.1702194833790716,144.1668575676139,17.038252429,163.915000831,26505.26170620968
BSCNHw8CmxbZ8hCWWzMf5FaG2ajPT6JxfznKUNuRVrn4,7n9kgNL633yGzCYksgnzHyjG73ZLBAwvEae5sbAekbzW,SscdxE99omdG9AiMVwmaEMQySQnCgeAh1sPj2Leutm2,303.0151032819995,301.7448073639998,304.3373150072876,1.0043635175638674,0.12173492600291505,1.0,4329.044157148,7369.362666098,11717.296683460472
RajgMbScQbqqrdJfR2rxfHJiTiY5b6bJ2tTXiF4aPxy,725ZA3fhyBAKb5iopNRrcbSuQa3LXA1656Q3mBvYPxeg,GLA6i1dSZpUfk2f9Nj8uiG7xyDdAR2reff8oEiZH3617,730.2264973899873,729.7816798399872,730.5436409954162,1.0004343085420242,0.2922174563981665,1.0,78173.465903,103230.79299488,181438.2103018813
SUiuyGR7SFq3xeRVJonq84fjjeFwRSsFekcevJ53tzy,49GjCCPsv7fBqo6t3iKDrP1xxGDS8uWZbVCdfnp2gjMf,CEwj5xEbbJEjYqM8D6Ai8ByGz1mrh8mkAVsE5fzDSSSx,0.036308999999999925,3.8564310000000432,0.00031191984564567894,0.008590703286944824,1.2476793825827158e-07,0.9519919956513005,638.204871,1.729192,7.128805625988161
Lid8SLUxQ9RmF7XMqUA8c24RitTwzja8VSKngJxRcUa,4PgzyzLtds9bKZ2to9PMnKqJzKEUpjvNUaeN23phegax,AtymwxoVN9peZo7EXTcDz9jKVc4vRmisJKKrNfe3ewBa,292.39875422699276,248.07141611100099,49746.07180052502,170.13092936061733,4.974607180052502,144.29951962689915,981.314816263,7683.825740525,1275724.3649407278
SAMyS8Jr2HJrkFwYVKbpUwsNStnQmvz3f8Tup8bWUWF,6jPzm5TFfquvgm25sTyN3MMGBfufRaFHMxobDWv6hMFW,Cj9ECoDmxsHTDzCY5ZA6RWrPbg9uFzEC1Qc2kso2vJG6,1224.2918638000065,101.03918862000057,1190.7123351858402,0.9725722847573774,0.47628493407433614,0.01880912256566324,448.11740241,110531.75103136,2514.8318184476593
FrnkTEL6yZ5Aycq2TrEgu29dCrwKG4LPUZydfiwqspkc,DjvZuMZ46fxKBoBpGMPcRcos4xdTtHFxwMh69DpA2ZFY,9rvDPJLAng4uVVqnnSoEXgNDFhBZQTny9AoQioYDZbQX,56.77888036599779,47.49789308600009,9715.674931198866,171.11423945966231,3.886269972479546,144.29951962689915,175.041667587,1441.025952529,237891.47454273002
ACUSESXyNnwRLAg1dpSGMLSzUDdLjUMybY8rkXiAKhCP,AhFPQdu8GKBsxuhiH46UmCu1YpaLgNpoP325HnYtsgas,A8wxWpT3aFEr2XqZp1kDmbxbFfcBE95UUmdsNTDBJYbT,100.48906649200012,100.529039495,100.39617773963948,0.9990756332444582,0.040158471095855804,0.986967541695179,1044.595767735,1841.328673742,2860.961812710312
MATgk4zXLXtYkwBH678J1xZbRDZ45LicNzkRBHkxTuY,y8dALFo1bJrSzPYjMX14HJX448pXqYmrfXHD1K8MXih,GN7Yuet3UyiWS5YVkEHv6oQKi4HGBJc3XDPt9zQhAqZz,237.47648600000048,236.7692190000007,238.28426967419597,1.0034015311907365,0.0953137078696784,1.0,3281.366753,6790.817828,10083.346252358575
WiiQFxXqp8P9Fs1rt9SVcDyA3KUdJmUsog6wnVQAwba,3S2jpqSYxho6wiz3cafhjXruVY8cg4HYa2v3BqBHYFSj,Dfe67M6TfrG74gKRtdqys4e6E9QirPD53BkF4FujFjuv,1199.7257320329973,1200.1185476480005,1198.3397382833973,0.9988447411665904,0.11983397382833974,0.9990756352407625,15511.872857681,11286.919934256,26770.439332767877
iLiUBQ7Z7im6Ew3b4ewwPcehzWgEQRJ1iQz7g6D62NW,GpugBvKWM3TVhYcZjemSdtehBWgfvuGr6uAm9iPjXT6v,92fMXJ3xy8tEyMUWLHKRLyhPw2nECBo77GtDiBBbYrjX,146.69688741599998,148.9615488359998,144.05774987054482,0.9820095873065723,0.05762309994821794,0.9990756352407625,1793.545435234,1168.686216524,2928.8847368405654
YAkoNb6HKmSxQN9L8hiBE5tPJRsniSSMzND1boHmZxe,CfWX7o2TswwbxusJ4hCaPobu2jLCb1hfXuXJQjVq3jQF,EnTrdMMpdhugeH6Ban6gYZWXughWxKtVGfCwFn78ZmY3,8144992.27167794,8142065.563898977,8144992.27167794,1.0,814.4992271677941,0.9952021305287211,290118.308134,1112722.759757,1397502.3693319648
wrmcMSHFi3sWpAEy4rGDvQb3ezh3PhXoV2xNjgLBkKU,8p4mGnARWPBu6P2Gcw4adodLkNDorrXniZMhaY7eJXUn,AyY89zccbsgp9LKFgH4CFZMJmpSgqmPSdTfukhP227rc,0.00401754,0.04189726000000249,1.1723198132477386,291.8004085205719,0.00046892792529909543,3118.1789834736514,27.12409093,0.09169657,8200.74713155376
KEN5P7p3asnb23Sw6yAmJRGvijfAzso3RqfyLAQhznt,9zj4aX38Uxf3h6AUjS4EipWS8mwbEofasHAf3a1uKGds,CwQDG1MWunn9cLNwcZLd8YBacweSR7ARo32w4mLua1Yr,176061.73066699877,176078.29776799865,175780.30639645807,0.9984015591038747,17.578030639645807,1.0,1126182.475689,1101937.740438,2226320.080001359
BkMBnJpvHKtWhUvrgRrLesXfi9RUV3ELgdBaJcdH7hcY,5uerVwBnZQsuVhZ15igs7ZgmcqhHnYWbwoRtLyRqLvR,9YWiQh5d4jCtgMdzcGLv9bWgnLaFtzvDDh2nnhJdzhBX,0.002372476999880746,3.245699986109685e-05,0.002378964266529108,1.0027343854750492,9.515857066116433e-07,0.9990756392333711,1117.771749621,1755.682809946,2874.888094095425
MATSnbbiTCv7Dc3trJrkrqjx7ckKdr6fwPoVwv9q3sD,631WX9JizSHJm4w6VanZeJAst9T8DeUUnPLesdGkCVtK,211maUSfpnXbPuW1iBu8b4dtJv5EbN1j7JJiEX5TZKEP,719.1250489999984,719.2443999999996,717.9662514701256,0.9983886007983115,0.28718650058805023,0.99642284199723,22579.981088,22968.003082,45429.43863046823
BSC8REUo9LpiiWUuqMuLXs2D2yJsJfGd4HdiF3wCLxk5,AZjEH1zWVx1UJ6udMyRijGTzPteuLnaY18yNNmprJEsh,Caf8ypkSVR8xYnXNhjvfvdGCC7mrM3C11rz8Xi6NA6aK,938.1080875610005,937.2166561620002,938.4289129456139,1.0003419919184873,0.3753715651782456,0.9990746400840853,2969.542450654,3381.0886416,6348.517927872637
C98Sspw7XqnMsgxea3SLQVdbMDL8pKUc3RE82UvX9eq2,CSqgQJurPCzGxb4Cgwx5R61hWQUiaoUHcShNc8r1cKEL,6S2CR5EnukPhC914XkAns8m5GixjMAoUuZMsS5ubHuWc,103.03780300000005,102.71563799999956,0.0,0.0,0.0,1.0,894.056684,1225.577746,1225.577746
AURHmCnNwiW4uA2Qj1XvEh4iKgRUZYXtiY7FKAapUV5Y,BKWm4TRnTeKwfWXRyuzjRHU7iZDkPuXBX5b5V5jSVfGJ,A5Ww74HVrkj9nPeC7pHKLfgeDMEhBCpW1efQdz3TGLEg,0.03720426400019505,0.03318577900017772,5.983352425898168,160.8243728693786,0.0023933409703592676,144.2379533903708,289.877114814,1809.51306404,307619.76618941495
KysFMBBoavfov2tLpvefWW6tPFt6rAeZWDJVy1mMQae,B8ka2V21TH3x64dFV8ETcjuQcwmrciJ2qzy1mJUttRew,7fSf7EYxBANyxzk2s5pymFgshA91tFYQNKKs5UnLWcYS,30.911368000000948,23.302001999999902,0.0,0.0,0.0,0.017356754143955426,134440.121478,2658.609445,46.14483050166279
B2izdXFYb2sNwbWWHmh75T4aQFtfXsUxem9u2p61HGzf,4DYwgJtxwuJdAjkj5RJSNH4e7U329V5cNp7d3a1nLrZv,EXNW64GEf1ACC6xY9BtKRiunrs6GoJSXBdxWN2eTPmrF,7006.885001000035,6922.8289660000155,6626.923703534198,0.9457731506351812,0.6626923703534198,1.0,10102.028294,29770.245677,39324.47280442213
BUSDTd9WiT6uBHJRgNvFXBsA7JrifsAtWzKfioN7ERcy,DyBxrn7gSc1EwnpWhDyhzvMHPtxpmBqRqotapLcKcfTM,Cds99GeBgoCpqBsoRWu1C6fF9LiUMd4pXQQD24s9LPff,948.1208160999997,947.6136815099998,947.0340850171018,0.9988538052699147,0.09470340850171018,0.9956539704191206,139.79361353,123.49109005,262.58777694654
parEAJhzYzHW87y9VoZAQ22dzQ2MD2ekEtTReaxbMcz,3oyc6hpjYSJEquK6dSvG72NXyz3pqLZz5D8AC71pwgQb,Di2vordgFJVZ1aj1aBpvzXtLfZgJsuLLXawGtVFwX6Rz,9.316669879000045,11.00556302400014,1281.3071307261575,137.52844603995777,0.5125228522904631,165.48458271159396,1103.23847539,139.933690037,174883.54143494536
BUSD5rCfUDpCxKGMvYU2yThChxgHoioK74PTPociGnv2,CcFHbafgYDZ8yA8Me1PdtDiVb2eeaS61LbqyKKK5CsNZ,26R9s4nmF3CFDTkiePDwRmtscn8i7r2eygbSijditJ58,93.63773461,93.64793999,93.59470350911465,0.9995404512821185,0.009359470350911465,1.0,88.00659074,59.79372888,147.7598763040603
MNkYtBe2HtgL15osfaMmyqNW3vo4J399FXXCS4a39Wf,2mUxDu8NrhSKhQJMgKfYLxJqZzeEbmwhQdHeHMyohyuk,AZCBmDBcFsA2jHHhfFJBTsWCHx9XnnKmGfFsue3ZVW1t,0.001442550000092524,0.0014420399998016364,0.0014419506388899629,0.9995845127014504,5.767802555559851e-07,1.0,2195.17444406,1941.31751126,4135.579888220393
BSCrK1Nx9PXU9mF7STWWBqeHLxmtJDr9h7jheEy4tAWX,FfSySSbVJPvEo5a5AvrP3nySoXpRE2QPn1uUMpJJ1x7v,HL7Vcj6838ZmvBHDbQxXfjBNckNi83WvPiZQoMQLFeRM,0.016068869999999902,0.01605506499999909,50.179309181866415,3122.765271102867,0.02007172367274657,3119.1515907673115,0.844773869,0.959455822,5630.718653510661
SERgf3DMJpQxUifu7VoFKmfne73d2fDJxSrxUMrcNJB,AJfM2GZ2tTB8UtN2krcyR9xufRJEx2mhSCbJyMgPo3GU,F4yRYkufQvERZcEKnKjJwRLU1btiMBUuEwq46hfm11QD,3.152699999731112e-05,3.150999999945725e-05,0.004518976346191275,143.33670652382688,1.80759053847651e-06,144.40057875751964,29.284858487,27.959840857,8235.012368261865
KZMu9QBEdL97EFgamLbN5DE1AoKBG4HdrKKJo4Vuon3,DD4ACBWyVqdaKWh7v5btsgqQCCMwbKnuL2xd9pv7Gyuw,GcYqiJ1MAuYbNTNYXm1F1gQYTfTgkErACAhNU5dpVj9T,31.04248019000022,31.91941165000071,30.191055882924143,0.9725722847573774,0.012076422353169657,1.0,2475.93853933,919.80141039,3327.8306125050217
MARpDPs5A7XiyCWPNH8GsMWPLxmwNn9SBmKvPa9LzgA,6YjT74rmcfCpw8LSjPNx5JTmZoYLGrTKnf9arfSgZ4SR,F8GSmi3vA8M8TsybLya1LQ4n1aFHCRbZ6k437PeTdXtg,41968.011084000056,44124.469907000064,40007.63687702579,0.9532888465204957,16.003054750810318,1.0,295857.914736,16086.018647,298124.0689196406
SoN9GaFpSXfpyR5dth3x7PHPVhvJMpQqqDJfCSmPv1t,9kZ9iS68ViMPtoeqtnhAKuF2iqVyfHPdZHoUNdwCELr,BBhm5fJLjw3HRzjtKB8uMEYjGhY6EDm9co3cqpjrSzB9,1.7656691770000013,1.7336638939999989,302.90835820014723,171.55442375383723,0.1211633432800589,168.03362016672295,3.844165084,5.808434417,1635.49578838974
NorjjEePhxfwLF4vZjUHCrVVKLzQjEEGQFd3wgjEJmh,34M8pFVqgbV7aqHxvRT5tCv3vu2P1JJYT8J3VaxBK2oG,3AZWBSze3ucsY3xSeuLne3b2pauVqiaJ1SZSV5T9WGWw,0.0035609999999905995,0.001213000000007014,0.0021098308876579333,0.592482698024011,8.439323550631734e-07,1.0,38124.371737,2258.31102,24846.34164720811
AUSejoEUCh2DBs9mof6BNC8Pubs22w4cJa1ccV9h44R,4xkyD7AfGQDwsQMy9MosRRNGoVJ1zosNinesxg1TzHG7,Cbm5gsQe3nSiCsFrvepVzMCD9xLK3ri9g3ypS2hdmVJ7,49.123656999998275,49.125294999999824,49.12960168180178,1.000121014642772,0.004912960168180178,1.0,14418.659437,14456.704326,28877.108631921015
ALLwa5WNZbvQsRKAqe1jdRGemdYQnW8E5k4msbRFcYtu,CGoM82Hbz7QVqTgvQatYtjvDWBvoUJp5qm21P8iMs9yb,3dxNNww8TivyN5FMy5dCNdi3Zcxv6e4kUfSPxfFwpdNq,4.729660155,4.720153703999999,14754.367840653855,3119.5408035937107,5.901747136261543,3120.4850481958915,2.710529514,5.925813942,26947.021222669788
DFWzVTzNBrQZLjoQ4yQwkj9HuoXmfkuZP9V5vbymZe23,DhgiEgiNdqZdRdo195UUHnoEJUtefK8buko8nU97XJUZ,2K2kkXsouBHtWVjtcgkyiXd8eP3oVBvq1bTJzcVdLLr2,1289.4018626800007,1364.327783233999,1220.4425492639464,0.9465183699419174,0.48817701970557853,0.9990756532075012,54565.565527145,13727.930261877,65362.55103128396
STK75uPSyBnEhGTTzb1nwmP3n427XoXmfRhXxxhyady,6TYyD5fUmDe6N65avW1Ny2RxzRNobw2RRgKwH9CTzSAU,54zDfk4cx2vGrEajPtodWpArNe5eUurytyxd4X3aZAxK,529.2667448189986,595.50851119401,76464.58379718674,144.47267761615458,7.646458379718675,162.54342754025308,1715.598698273,305.406764958,297499.0000245434
BUSDgu5JdqP1rndBvXvanbEufS94FNh1w5FJcAj6vawb,Bgzr8cWubt89JQFXndVjtdKmDbGzuPxNhvjH1EhWCwbo,Dxaf8xPBBQsasRKW5Aa4Sw2YrbfGofY9xZueyyF23FBW,8054.669196579995,8006.380211580005,8103.628728194553,1.0060784037704922,3.2414514912778216,1.0,4985.28728763,10053.45440682,15069.044283496116
moFiBS1R4Lf3E3zzmBPnw3NF4RhWPkhREFviuzUaCAU,44ALBrpqi9PfZkBRTvbtRNtFJGsatfY4QydjtMbFWq8S,2ho8qEEie1UjVwWNBo9y4oAJZMyMLx8zPj9bxyUz6uWs,0.0011818190032499842,0.0011818190032499842,0.0011816349175278176,0.9998442352664322,4.726539670111271e-07,0.9990756562019575,32316.691115047,34797.257099183,67076.74978466015
HDSBGqAuMRr6X2AfmmbXQPpRgU6VEhtfNVVZ3wUTZXg,DCZ1d8kNLgDcdSd99y4udLgwq46mfDXNS9KXj96kQf5L,Fq8GGYQM5Pz3q7LmVMbrXHJgsxA5ev86kTq8yGgGuYsa,111.5615683770011,112.11544823000077,110.85021648799675,0.9936236833225536,0.0443400865951987,0.9990746560544878,13719.921970437,12941.277879823,26561.74214985335
BkwbeSfcX1h4thMDd7obGkHrPevf3QwgzJ4pCEqG18Lu,35yX27bmurdebhfAb8EPmjLETDiUaEUCn9zHaDPbakH2,2CxECn1ZJFoESyUnQysQU8rRgT3iJ5GRs2Mdd6gZjx5g,0.0007544600000000123,0.0011499999999990962,1.4399465597862626,1908.57906288768,0.0005759786239145051,1251.5644555694619,0.90251744,22.63617722,30053.160708398143
ZUCKWFa4LTL833dPhhpeeRWZcaAEoMeYJPi2iKn4F8N,7eEYpq6ShaJ9opZWMxitRFrdCHh6vfyHhGfoSvFht3N2,H8VggnHmuwd1wvwpT8eg9cUJFEfZ7HAaeYjgXrSm7A2u,30.221393586999966,30.204903682999884,30.229494607882966,1.0002680558346748,0.012091797843153188,0.999075658198262,1847.216828812,1999.935737195,3845.7990990531935
heyk4SZTeCUV6a65WiVA5bzic3KcxgVf1qxobfeV4tQ,9ZDpBKPqMABtGfq66FbVribaArMvtk63xxy91onZAtDt,DaTP4s6N7xxSPinbNZ3FB52EpRDRt87QShTuN3VPCW52,92.38101135399722,80.08345016500027,15398.043972118016,166.6797510271223,6.1592175888472065,144.67496310065067,619.772234305,4480.15060878,751469.1057180848
Lee1XZJfJ9Hm2K1qTyeCz1LXNc1YBZaKZszvNY4KCDw,9DgFSWkPDGijNKcLGbr3p5xoJbHsPgXUTr6QvGBJ5vGN,2hNHZg7XBhuhHVZ3JDEi4buq2fPQwuWBdQ9xkH7t1GQX,1871.4178193009866,1582.2604243249925,320583.90104802675,171.3053588256264,32.058390104802676,144.97361262789755,6932.909507675,54968.600359736,9156641.12616794
Cob4usZcpHEY7Qt4ZCwj6WVg9S44zvzYV2v9qYF65dTf,NhFM9UXE48PyNAyeyPYA3iXztqKVJwA4bTdLj4ysM8w,6TuFuynuBoeskxyR2cz4wxyidk8dpDK7kAWw3UkjQGx,20.047507999999937,2247.833426000012,0.1722221928706521,0.008590703286944824,6.888887714826084e-05,1.0,71659.090921,181.743533,797.3455209145127
ALBpShJ9NLpE739pcHDF2LNVk5J4VYPvvKuV6jMPitZi,D6d156U1bPiJpDYRLextvDRccgFk7QzkQbJg42ceKEu5,GNcM8U5g8RwTZffwwm3kSQqUNPSwv5d2fbN9sLxPJqt2,151.80362000000605,151.4857439999978,146.55278042998026,0.965410313864547,0.05862111217199211,0.9935409900238549,40526.933373,59780.528201,98519.52464056603
ercAoEmXjQzEvAFbdjAo81KtMxRGn9AW1ju882upmPH,CMRhskR2Eg6V42RTSdRTXGdozyPbWB8U9dVpijPWb9T4,7TKLLgrWswt6ZJ1pXhVR3FyufHGjJFqiEXxvWJfDcgRm,23.702800796999895,23.270522839999956,3437.7628576355505,145.03614518292176,1.37510514305422,141.33478550114276,295.106147373,860.597112243,164433.3662965304
CZgvH45CRmoaNJ7395Ao5CQZXkGznvqU7cErD6n7FaRg,4ZjU6MKvtqVQKCiowhvZ5yUsPxXX5SCzd5eFsPeXyey5,BsyWeshjDbCvjDojry3vKDCesmFRM37WtwcR4Kfgzqr,107.51808921000001,114.61406699999998,122.2495152058837,1.1370134654003277,0.04889980608235348,1.0,105.95368586,706.2171066,826.6878741316162
4vezWG46exH6pf9nry3n1VJ7hZHvjBJNgNeF4qEFCML5,,,1.5854880000000016,1.5824199999999973,0.0,0.0,0.0,1.0,105.95368586,706.2171066,706.2171066
RoBgmK8CvjdHvPrqdDyVw54VwjZv2TqJ493xnqJAQHx,ExiHJxM7qPAcy27NDHAF6G7vnW7muNHi2sVJpnaNynGQ,6rkPHSqZb7StM4HwS9EuVrmfkV7tRdc7dnsFhyB6cefE,0.4872980000000027,30.91136800000004,0.0,0.0,0.0,0.9388454829327281,6339.680668,17.749435,16.663976874358063
BSCuChvaSj9b5HUSqgDVRzcnr2sSn7cXaamt1jbKH6hn,GnKpRj5kBVPMJfiwZtEuD9GYApLzPdW5JFuZTcyX4BTc,3dmwD9okkomV9nDwyuh4UMhKdUR13QpuKxRo89ycZB5t,741.610018158,740.5008041299998,741.2886383991313,0.9995666458772132,0.2965154553596525,0.9963434196498848,1562.561017345,1547.690517056,3103.915137409301
HEDSDjj84KS7LKhZY7ejkCACTdPen62rKhCby1wXtgxc,EnnjMSFttpCTywBrYNt1J5QQeoSVkvzPipJDa8Y7kJow,6bjVT6JN2rSvpyn9PdfLYC8wJn4LWh49jpY47fnLDXZk,9.9571056829991,10.285417632003373,9.190065512822978,0.922965548966124,0.0036760262051291916,0.9990746670341397,39126.731450222,9096.439237262,45200.64717436808
KwnjUuZhTMTSGAaavkLEmSyfobY16JNH4poL9oeeEvE,J63v6qEZmQpDqCD8bd4PXu2Pq5ZbyXrFcSa3Xt1HdAPQ,BnKQtTdLw9qPCDgZkWX3sURkBAoKCUYL1yahh6Mw7mRK,290.7175860000001,14892.835108000261,5.4736359453976196,0.01882801801125859,0.000547363594539762,1.0,279070.987042,544.253555,5798.607125446489
