0,1,2,3,4,5,6,7,8,9,10,11
AURHmCnNwiW4uA2Qj1XvEh4iKgRUZYXtiY7FKAapUV5Y,BKWm4TRnTeKwfWXRyuzjRHU7iZDkPuXBX5b5V5jSVfGJ,A5Ww74HVrkj9nPeC7pHKLfgeDMEhBCpW1efQdz3TGLEg,0.02712177700010443,0.02433135400002584,4.416807424196857,162.8509601041204,0.0017667229696787428,145.14843532163948,289.875225804,1809.515182358,309854.7562425949
Sid7E679i9ABqptiAVhkmQ27YHN8vaYT4fppPwmxFsJ,GP7KB8o1bv527HG8kTzzzf4wJ5aEGHvcMQvVhLziUfmT,9gYxhAZ1M9wu5pxr8SBoa5NDm21gi3s9vMHaYTME77sa,1988.4300469999998,4308.230041999996,17.564918344151085,0.008833561115540258,0.0070259673376604345,0.018840464373736935,127468.121387,12033.868173,1352.721105146822
RajgMbScQbqqrdJfR2rxfHJiTiY5b6bJ2tTXiF4aPxy,725ZA3fhyBAKb5iopNRrcbSuQa3LXA1656Q3mBvYPxeg,GLA6i1dSZpUfk2f9Nj8uiG7xyDdAR2reff8oEiZH3617,730.2264973899873,729.7816798399872,730.6647135519402,1.000600109915922,0.29226588542077603,1.0,78173.465903,103230.79299488,181451.1715699304
BkwbeSfcX1h4thMDd7obGkHrPevf3QwgzJ4pCEqG18Lu,35yX27bmurdebhfAb8EPmjLETDiUaEUCn9zHaDPbakH2,2CxECn1ZJFoESyUnQysQU8rRgT3iJ5GRs2Mdd6gZjx5g,0.0007544600000000123,0.0011499999999990962,1.4675069537647825,1945.1090233607592,0.000587002781505913,1259.4458438287154,0.90251744,22.63617722,30264.534136183698
BUSDgu5JdqP1rndBvXvanbEufS94FNh1w5FJcAj6vawb,Bgzr8cWubt89JQFXndVjtdKmDbGzuPxNhvjH1EhWCwbo,Dxaf8xPBBQsasRKW5Aa4Sw2YrbfGofY9xZueyyF23FBW,7641.85946043999,7598.654678390005,7683.420542001579,1.005438608466531,3.0733682168006315,1.0,4986.24894255,10052.77523856,15066.142436825183
ZUCKWFa4LTL833dPhhpeeRWZcaAEoMeYJPi2iKn4F8N,7eEYpq6ShaJ9opZWMxitRFrdCHh6vfyHhGfoSvFht3N2,H8VggnHmuwd1wvwpT8eg9cUJFEfZ7HAaeYjgXrSm7A2u,2.2311161590000665,2.230275537000125,2.2335644337492675,1.0010973318172274,0.000893425773499707,0.9999271213116904,1849.447104349,1997.704621036,3849.0355924444702
MARpDPs5A7XiyCWPNH8GsMWPLxmwNn9SBmKvPa9LzgA,6YjT74rmcfCpw8LSjPNx5JTmZoYLGrTKnf9arfSgZ4SR,F8GSmi3vA8M8TsybLya1LQ4n1aFHCRbZ6k437PeTdXtg,35021.36170799998,36710.50409500027,33148.50436015555,0.9465224292687451,13.25940174406222,1.0,295963.081687,15990.655885,296126.3509372433
C98Sspw7XqnMsgxea3SLQVdbMDL8pKUc3RE82UvX9eq2,CSqgQJurPCzGxb4Cgwx5R61hWQUiaoUHcShNc8r1cKEL,6S2CR5EnukPhC914XkAns8m5GixjMAoUuZMsS5ubHuWc,100.97849499999984,100.65213599999936,0.0,0.0,0.0,1.0,893.409543,1226.233183,1226.233183
BSC8REUo9LpiiWUuqMuLXs2D2yJsJfGd4HdiF3wCLxk5,AZjEH1zWVx1UJ6udMyRijGTzPteuLnaY18yNNmprJEsh,Caf8ypkSVR8xYnXNhjvfvdGCC7mrM3C11rz8Xi6NA6aK,198.07658478699977,198.06708975500032,198.47648234878946,1.002018903759976,0.07939059293951578,0.999048511193182,2732.702305876,3618.3519576,6353.128505049444
MATSnbbiTCv7Dc3trJrkrqjx7ckKdr6fwPoVwv9q3sD,631WX9JizSHJm4w6VanZeJAst9T8DeUUnPLesdGkCVtK,211maUSfpnXbPuW1iBu8b4dtJv5EbN1j7JJiEX5TZKEP,656.7070269999931,656.8206089999985,656.0326254610192,0.9989730556987416,0.2624130501844077,0.99928950516183,22559.512081,22988.481503,45508.493024184
GokA1R67GqSavkd15zR62QD68Tuc5AEfvjssntVDEbM8,3YB7hfpBdbQEuZqLGWVDpRPmeZWCUsrrWyqGXegnQ6Cg,4DPCj6Z1DsG6HUtwSogBGqXEUxdEV5a8YVrrFtcnz7UW,6389.978323000001,6390.2514890000075,6389.831356878793,0.9999770005289877,0.6389831356878793,1.0,17837.206683,14750.196842,32586.993278681955
KwnjUuZhTMTSGAaavkLEmSyfobY16JNH4poL9oeeEvE,J63v6qEZmQpDqCD8bd4PXu2Pq5ZbyXrFcSa3Xt1HdAPQ,BnKQtTdLw9qPCDgZkWX3sURkBAoKCUYL1yahh6Mw7mRK,258.58486000000096,13337.370673999889,4.895110624524546,0.01893038372209621,0.0004895110624524546,1.0,279007.52128,545.459531,5827.178970181323
RoBgmK8CvjdHvPrqdDyVw54VwjZv2TqJ493xnqJAQHx,ExiHJxM7qPAcy27NDHAF6G7vnW7muNHi2sVJpnaNynGQ,6rkPHSqZb7StM4HwS9EuVrmfkV7tRdc7dnsFhyB6cefE,0.4872980000000027,30.91136800000004,0.0,0.0,0.0,0.9470163303496004,6339.680668,17.749435,16.809004799478757
ALBpShJ9NLpE739pcHDF2LNVk5J4VYPvvKuV6jMPitZi,D6d156U1bPiJpDYRLextvDRccgFk7QzkQbJg42ceKEu5,GNcM8U5g8RwTZffwwm3kSQqUNPSwv5d2fbN9sLxPJqt2,3301.8894930000097,3292.300543000005,3305.148369292132,1.0009869731555314,1.3220593477168527,0.9991317545053349,40593.88159,59811.642621,100393.65809317394
STK75uPSyBnEhGTTzb1nwmP3n427XoXmfRhXxxhyady,6TYyD5fUmDe6N65avW1Ny2RxzRNobw2RRgKwH9CTzSAU,54zDfk4cx2vGrEajPtodWpArNe5eUurytyxd4X3aZAxK,425.0595225139999,478.29668848401013,61863.67889678594,145.54121392433544,6.1863678896785945,163.7391739751647,1673.954298412,297.692105985,292373.2001776528
BkMBnJpvHKtWhUvrgRrLesXfi9RUV3ELgdBaJcdH7hcY,5uerVwBnZQsuVhZ15igs7ZgmcqhHnYWbwoRtLyRqLvR,9YWiQh5d4jCtgMdzcGLv9bWgnLaFtzvDDh2nnhJdzhBX,0.0011700689999543101,0.0011700689999543101,0.001174267182445899,1.0035879785651554,4.697068729783596e-07,0.9999261224582944,1117.771749621,1755.682809946,2877.3353951153626
TETFuZgEmET6d9vYmz9iMFCxK1jKdKYxf3oPz8hSzJK,Eu1Ze6Z84LWNkq7SNoAHBJbXx5t1P95EwyqYohrfCRFV,ASMbv7WNu3qe4pkhREmvyEdwFNDZQ6B6iSrjkj4u8bdC,39.93545243899999,40.018354999999985,40.01518998781529,1.0019966607098567,0.01600607599512612,0.9993723941364823,72.461062917,280.170929667,352.60083582307465
AUSejoEUCh2DBs9mof6BNC8Pubs22w4cJa1ccV9h44R,4xkyD7AfGQDwsQMy9MosRRNGoVJ1zosNinesxg1TzHG7,Cbm5gsQe3nSiCsFrvepVzMCD9xLK3ri9g3ypS2hdmVJ7,565.7597640000004,565.4903329999979,565.9725696862024,1.0003761414291774,0.056597256968620245,1.0,14322.042335,14553.392765,28880.822213472627
Lid8SLUxQ9RmF7XMqUA8c24RitTwzja8VSKngJxRcUa,4PgzyzLtds9bKZ2to9PMnKqJzKEUpjvNUaeN23phegax,AtymwxoVN9peZo7EXTcDz9jKVc4vRmisJKKrNfe3ewBa,287.1437777519973,243.59478479900088,49265.17173732289,171.56969976160389,4.9265171737322895,145.4483890209156,979.767486178,7685.656911737,1285964.829819353
BUSDTd9WiT6uBHJRgNvFXBsA7JrifsAtWzKfioN7ERcy,DyBxrn7gSc1EwnpWhDyhzvMHPtxpmBqRqotapLcKcfTM,Cds99GeBgoCpqBsoRWu1C6fF9LiUMd4pXQQD24s9LPff,871.3758587199998,869.4642807899997,869.6876037498486,0.9980625410340939,0.08696876037498485,0.9927164394835095,149.15531132,114.16081868,262.1956504733027
ALLwa5WNZbvQsRKAqe1jdRGemdYQnW8E5k4msbRFcYtu,CGoM82Hbz7QVqTgvQatYtjvDWBvoUJp5qm21P8iMs9yb,3dxNNww8TivyN5FMy5dCNdi3Zcxv6e4kUfSPxfFwpdNq,4.098258288999995,4.0907703789999985,12907.087077979324,3149.407911312673,5.16283483119173,3146.435089044113,1.858747655,6.780101482,27187.10378003567
SoNcU2iwHMw6dGzsYNQkYFkUjwN1UdAjrWVRnStrZu2,8ivTTid27jZnYNc4w3CTA1Z6QS2twsFb8WMwUabeDJgc,CyXm53PMvHCbeXJBykU46Rcbo28xk5srhMZFg7gv6EYB,7.915566404000007,7.8582151610000075,1362.4988323626703,172.1290382548181,0.5449995329450681,168.8064858152754,21.039655969,31.078267711,8867.748904676466
heyk4SZTeCUV6a65WiVA5bzic3KcxgVf1qxobfeV4tQ,9ZDpBKPqMABtGfq66FbVribaArMvtk63xxy91onZAtDt,DaTP4s6N7xxSPinbNZ3FB52EpRDRt87QShTuN3VPCW52,70.30224200500243,60.84984841799928,11788.99841566321,167.69021982007845,4.715599366265284,145.40488572048412,621.652040506,4477.988550155,755366.3807169755
BSCuChvaSj9b5HUSqgDVRzcnr2sSn7cXaamt1jbKH6hn,GnKpRj5kBVPMJfiwZtEuD9GYApLzPdW5JFuZTcyX4BTc,3dmwD9okkomV9nDwyuh4UMhKdUR13QpuKxRo89ycZB5t,1.4812686779998785,1.4819459210000332,1.4795678659122729,0.9988517869088394,0.0005918271463649091,0.9972774326089776,1562.561017345,1547.690517056,3104.2436896520157
BSCNHw8CmxbZ8hCWWzMf5FaG2ajPT6JxfznKUNuRVrn4,7n9kgNL633yGzCYksgnzHyjG73ZLBAwvEae5sbAekbzW,SscdxE99omdG9AiMVwmaEMQySQnCgeAh1sPj2Leutm2,4.390212489999612,4.383917592000216,4.4097947524614405,1.0044604361420852,0.0017639179009845765,0.9998492727221372,4278.829394215,7419.800736098,11716.597209221538
YAkoNb6HKmSxQN9L8hiBE5tPJRsniSSMzND1boHmZxe,CfWX7o2TswwbxusJ4hCaPobu2jLCb1hfXuXJQjVq3jQF,EnTrdMMpdhugeH6Ban6gYZWXughWxKtVGfCwFn78ZmY3,5763191.405268997,5760827.348995028,5763191.405268997,1.0,576.3191405268997,0.9990199614178492,388169.884253,1014030.893041,1401206.9878953272
parEAJhzYzHW87y9VoZAQ22dzQ2MD2ekEtTReaxbMcz,3oyc6hpjYSJEquK6dSvG72NXyz3pqLZz5D8AC71pwgQb,Di2vordgFJVZ1aj1aBpvzXtLfZgJsuLLXawGtVFwX6Rz,9.037125612000096,10.448694482000235,1280.26790079926,141.6676004922666,0.5121071603197039,168.11260316650174,1102.477255592,140.579512912,179818.4952645331
MATgk4zXLXtYkwBH678J1xZbRDZ45LicNzkRBHkxTuY,y8dALFo1bJrSzPYjMX14HJX448pXqYmrfXHD1K8MXih,GN7Yuet3UyiWS5YVkEHv6oQKi4HGBJc3XDPt9zQhAqZz,1200.2855610000029,1195.4262159999998,1200.6049219092308,1.000266070774826,0.4802419687636923,1.0,5138.489311,4932.954362,10072.810874832414
BSCrK1Nx9PXU9mF7STWWBqeHLxmtJDr9h7jheEy4tAWX,FfSySSbVJPvEo5a5AvrP3nySoXpRE2QPn1uUMpJJ1x7v,HL7Vcj6838ZmvBHDbQxXfjBNckNi83WvPiZQoMQLFeRM,0.01955516699999993,0.019536699999999962,61.81048003464243,3160.825987046935,0.024724192013856974,3158.3601793948583,0.829852709,0.974397312,5700.517677158686
WiiQFxXqp8P9Fs1rt9SVcDyA3KUdJmUsog6wnVQAwba,3S2jpqSYxho6wiz3cafhjXruVY8cg4HYa2v3BqBHYFSj,Dfe67M6TfrG74gKRtdqys4e6E9QirPD53BkF4FujFjuv,2925.964443952,2925.9644034240027,2926.3980424971605,1.0001481899570095,0.29263980424971603,0.9998502734214054,12587.35975674,14211.433701256,26798.530948952204
ACUSESXyNnwRLAg1dpSGMLSzUDdLjUMybY8rkXiAKhCP,AhFPQdu8GKBsxuhiH46UmCu1YpaLgNpoP325HnYtsgas,A8wxWpT3aFEr2XqZp1kDmbxbFfcBE95UUmdsNTDBJYbT,100.48906649200012,100.529039495,100.48174318159356,0.9999271233113988,0.040192697272637426,0.9878077048412245,1044.595767735,1841.328673742,2863.3982921219417
SoN9GaFpSXfpyR5dth3x7PHPVhvJMpQqqDJfCSmPv1t,9kZ9iS68ViMPtoeqtnhAKuF2iqVyfHPdZHoUNdwCELr,BBhm5fJLjw3HRzjtKB8uMEYjGhY6EDm9co3cqpjrSzB9,1.9205779460000016,1.8941117169999995,333.8129197477137,173.8085769666093,0.13352516789908547,169.21573246045088,2.221506681,3.936559225,1052.244667578745
YakoMPuYrybnr9R7VC7hVGxMz94fJvPFCdZ4gmW61Ed,,,0.038243999999999945,0.0381410000000002,0.0,0.0,0.0,169.21573246045088,2.221506681,3.936559225,666.1277526323198
NorjjEePhxfwLF4vZjUHCrVVKLzQjEEGQFd3wgjEJmh,34M8pFVqgbV7aqHxvRT5tCv3vu2P1JJYT8J3VaxBK2oG,3AZWBSze3ucsY3xSeuLne3b2pauVqiaJ1SZSV5T9WGWw,0.005901999999878171,0.0011739999999917927,0.0034968349554797403,0.5924830490599664,1.3987339821918962e-06,1.0,38124.371737,2258.313384,24846.357394233368
Lee1XZJfJ9Hm2K1qTyeCz1LXNc1YBZaKZszvNY4KCDw,9DgFSWkPDGijNKcLGbr3p5xoJbHsPgXUTr6QvGBJ5vGN,2hNHZg7XBhuhHVZ3JDEi4buq2fPQwuWBdQ9xkH7t1GQX,1106.708822597131,935.6571334929868,187361.25314799458,169.2958882430439,18.73612531479946,145.67879544613913,6920.922169659,54982.822273669,9181514.985230643
HDSBGqAuMRr6X2AfmmbXQPpRgU6VEhtfNVVZ3wUTZXg,DCZ1d8kNLgDcdSd99y4udLgwq46mfDXNS9KXj96kQf5L,Fq8GGYQM5Pz3q7LmVMbrXHJgsxA5ev86kTq8yGgGuYsa,112.83760798800176,113.38636243200017,112.33223168060792,0.9955212068351574,0.04493289267224317,0.9998512731229742,13508.108219667,12894.560673666,26340.251102829185
HEDSDjj84KS7LKhZY7ejkCACTdPen62rKhCby1wXtgxc,EnnjMSFttpCTywBrYNt1J5QQeoSVkvzPipJDa8Y7kJow,6bjVT6JN2rSvpyn9PdfLYC8wJn4LWh49jpY47fnLDXZk,5.39467257799879,5.572642958002689,5.208608156467124,0.9655095988048473,0.0020834432625868493,0.9998432795651446,39128.239008211,9094.979862274,46872.24483983296
KEN5P7p3asnb23Sw6yAmJRGvijfAzso3RqfyLAQhznt,9zj4aX38Uxf3h6AUjS4EipWS8mwbEofasHAf3a1uKGds,CwQDG1MWunn9cLNwcZLd8YBacweSR7ARo32w4mLua1Yr,99764.8677049994,99773.71607299894,99743.82175860833,0.9997890445116081,9.974382175860834,1.0,1119966.293982,1107963.54991,2227693.5808554706
KysFMBBoavfov2tLpvefWW6tPFt6rAeZWDJVy1mMQae,B8ka2V21TH3x64dFV8ETcjuQcwmrciJ2qzy1mJUttRew,7fSf7EYxBANyxzk2s5pymFgshA91tFYQNKKs5UnLWcYS,30.911368000000948,23.302001999999902,0.0,0.0,0.0,0.01896236605577192,134440.121478,2658.609445,50.413525495422626
moFiBS1R4Lf3E3zzmBPnw3NF4RhWPkhREFviuzUaCAU,44ALBrpqi9PfZkBRTvbtRNtFJGsatfY4QydjtMbFWq8S,2ho8qEEie1UjVwWNBo9y4oAJZMyMLx8zPj9bxyUz6uWs,0.0011818190032499842,0.0011818190032499842,0.0011816945117331733,0.9998946610974535,4.7267780469326936e-07,0.9998402805143893,32316.691115047,34797.257099183,67104.98620944946
B2izdXFYb2sNwbWWHmh75T4aQFtfXsUxem9u2p61HGzf,4DYwgJtxwuJdAjkj5RJSNH4e7U329V5cNp7d3a1nLrZv,EXNW64GEf1ACC6xY9BtKRiunrs6GoJSXBdxWN2eTPmrF,4833.617539000003,4778.192872000012,4874.298433727896,1.0084162419553595,0.48742984337278966,1.0,10041.43141,29831.731165,39957.67369132471
ercAoEmXjQzEvAFbdjAo81KtMxRGn9AW1ju882upmPH,CMRhskR2Eg6V42RTSdRTXGdozyPbWB8U9dVpijPWb9T4,7TKLLgrWswt6ZJ1pXhVR3FyufHGjJFqiEXxvWJfDcgRm,22.9571927799999,22.888420757999995,3339.00705916916,145.444919645318,1.3356028236676643,141.61212947540355,295.106147373,860.597112243,164792.67957661947
C2ypsDADXcCRz8HbV2zX1AXPSja7a1P3xZtRC91xGhJh,J9bYNuDpY1d1T86gLaw7DGk5D3CsUAf2tzUwxMvb6FTv,A2NGvvPrMGzsJ4jb52KEnSBVmsA7C34dV1GC7PerdgvG,0.002148701000000086,0.0021413539999999287,0.3117666424792751,145.09540530732875,0.00012470665699171004,145.30556234051807,1.309430181,0.910011665,322.22205955309994
KZMu9QBEdL97EFgamLbN5DE1AoKBG4HdrKKJo4Vuon3,DD4ACBWyVqdaKWh7v5btsgqQCCMwbKnuL2xd9pv7Gyuw,GcYqiJ1MAuYbNTNYXm1F1gQYTfTgkErACAhNU5dpVj9T,115.97626840000021,119.27233182999942,112.42619651112607,0.9693896696466383,0.04497047860445042,1.0,2370.43462861,826.09981382,3123.9746553671994
Cob4usZcpHEY7Qt4ZCwj6WVg9S44zvzYV2v9qYF65dTf,NhFM9UXE48PyNAyeyPYA3iXztqKVJwA4bTdLj4ysM8w,6TuFuynuBoeskxyR2cz4wxyidk8dpDK7kAWw3UkjQGx,90.62188600000832,2067.4802910000026,0.7997316692225129,0.008824928552275325,0.0003198926676890052,1.0,71209.654202,185.653636,814.0737465648824
daob129AwBGn9Y5r91uLoWZeYiGzbPmksauMhFZKTze,6VW5GQNyj4LStgmxEHLr5zUfW92vQnmbw8jTnCH7a38F,4VPCCUifPeBA1c7HWK358CHn2nyjm8pdTRk6Ps3KmnMQ,27.82325995800028,24.869759949000013,4481.971675067141,161.0872227709032,1.7927886700268567,145.04815743875125,48.47258391,223.79269209,40269.03155850377
JSoLLrxK5bYdHwTEWYaGgmeycBCNXKDiBCTw5hXGBg7,xG4wXczA7Dk4hccJ61CHKpDHW4NrNfQwgmWgkb9BuF2,BVR6WgfhsRr9Lob4QDnkEAiNGgAbv7ZieKcY9kSg3QYR,2.8500703429999206,2.4296800929999876,482.09987763421674,169.15367679198022,0.19283995105368673,143.9361292062815,17.520235812,163.351772914,26475.83419808698
SAMyS8Jr2HJrkFwYVKbpUwsNStnQmvz3f8Tup8bWUWF,6jPzm5TFfquvgm25sTyN3MMGBfufRaFHMxobDWv6hMFW,Cj9ECoDmxsHTDzCY5ZA6RWrPbg9uFzEC1Qc2kso2vJG6,846.0655943900163,92.3336384600031,820.1672470451246,0.9693896696466383,0.3280668988180498,0.01892463559100199,452.68379599,110297.21319347,2526.161561838609
FrnkTEL6yZ5Aycq2TrEgu29dCrwKG4LPUZydfiwqspkc,DjvZuMZ46fxKBoBpGMPcRcos4xdTtHFxwMh69DpA2ZFY,9rvDPJLAng4uVVqnnSoEXgNDFhBZQTny9AoQioYDZbQX,36.22841101900005,30.30679398800001,6254.186072354258,172.6320833964879,2.5016744289417034,145.19853140397396,174.715572336,1441.421195276,239453.75394280945
wrmcMSHFi3sWpAEy4rGDvQb3ezh3PhXoV2xNjgLBkKU,8p4mGnARWPBu6P2Gcw4adodLkNDorrXniZMhaY7eJXUn,AyY89zccbsgp9LKFgH4CFZMJmpSgqmPSdTfukhP227rc,0.0016038299999999867,0.016933370000003833,0.47633798633798236,297.000297000297,0.00019053519453519294,3149.507102138515,27.12048655,0.0920371,8344.664060252791
vEnkoSUkpnbRrPgBz9DfcVxNz67zjwMYBZraAvDDNSf,DtfyjjsZ5yCjWKLKHvwsfXs5QVsmm1QkK6Sh9JZHoq1g,e5wrKCRv4GhHvEf1VD5Pq2KGaZDXP77nTL612Jyrxwy,1119.9513960000002,1119.9856929999996,1113.9106584989604,0.9946062503045983,0.11139106584989604,0.9959772478957492,979.871909,965.542205,1936.2447932523917
7oAd7xG4m3oC2qeWB1szghTebAZyyGPAFDJ4wwwbRSNi,D9yh4KAysxt9GLacVe4Wwh2XqghhcjTCSTV9HuM7TBJd,HDYfJLpZKaMFb84jM4mRytn7XLR8UFZUnQpSfhJJaNEy,190.76308794603165,190.76765459503167,190.7491859546101,0.9999271243112532,0.07629967438184404,0.030793233671352185,1137.595034494,293194.468445372,10165.917909458582
DFWzVTzNBrQZLjoQ4yQwkj9HuoXmfkuZP9V5vbymZe23,DhgiEgiNdqZdRdo195UUHnoEJUtefK8buko8nU97XJUZ,2K2kkXsouBHtWVjtcgkyiXd8eP3oVBvq1bTJzcVdLLr2,1275.0146360280014,1347.985693308001,1211.7102953913188,0.9503501066984674,0.48468411815652757,0.9999271253111073,54144.326573303,14127.653022877,65582.69001061335
CZgvH45CRmoaNJ7395Ao5CQZXkGznvqU7cErD6n7FaRg,4ZjU6MKvtqVQKCiowhvZ5yUsPxXX5SCzd5eFsPeXyey5,BsyWeshjDbCvjDojry3vKDCesmFRM37WtwcR4Kfgzqr,111.33599821,117.96213474999998,127.61163750161039,1.1461848777868913,0.05104465500064416,1.0,102.60561811,710.0350156,827.6400234536587
iLiUBQ7Z7im6Ew3b4ewwPcehzWgEQRJ1iQz7g6D62NW,GpugBvKWM3TVhYcZjemSdtehBWgfvuGr6uAm9iPjXT6v,92fMXJ3xy8tEyMUWLHKRLyhPw2nECBo77GtDiBBbYrjX,146.69688741599998,148.9615488359998,144.1805230579952,0.9828465047736908,0.05767220922319809,0.9999271253111073,1793.545435234,1168.686216524,2931.3809110521024
SUiuyGR7SFq3xeRVJonq84fjjeFwRSsFekcevJ53tzy,49GjCCPsv7fBqo6t3iKDrP1xxGDS8uWZbVCdfnp2gjMf,CEwj5xEbbJEjYqM8D6Ai8ByGz1mrh8mkAVsE5fzDSSSx,0.036308999999999925,3.8564310000000432,0.0003209635557723298,0.008839779552516745,1.2838542230893194e-07,0.9524099782088596,638.204871,1.729192,7.288490084021321
