0,1,2,3,4,5,6,7,8,9,10,11
ercAoEmXjQzEvAFbdjAo81KtMxRGn9AW1ju882upmPH,CMRhskR2Eg6V42RTSdRTXGdozyPbWB8U9dVpijPWb9T4,7TKLLgrWswt6ZJ1pXhVR3FyufHGjJFqiEXxvWJfDcgRm,30.792471444999933,29.99999999999997,4232.763724071239,137.46099372476817,1.6931054896284956,134.6392079875518,265.761563743,830.107190744,148296.82335250487
SoNcU2iwHMw6dGzsYNQkYFkUjwN1UdAjrWVRnStrZu2,8ivTTid27jZnYNc4w3CTA1Z6QS2twsFb8WMwUabeDJgc,CyXm53PMvHCbeXJBykU46Rcbo28xk5srhMZFg7gv6EYB,1.4947299660000013,1.4832320829999972,243.11157812147027,162.64581807512252,0.09724463124858812,159.09033419629236,22.932068424,29.165728551,8369.790531233102
vEnkoSUkpnbRrPgBz9DfcVxNz67zjwMYBZraAvDDNSf,DtfyjjsZ5yCjWKLKHvwsfXs5QVsmm1QkK6Sh9JZHoq1g,e5wrKCRv4GhHvEf1VD5Pq2KGaZDXP77nTL612Jyrxwy,1211.9949800000004,1211.9174050000001,1211.3057470299402,0.9994313235768847,0.12113057470299403,0.9973928151811167,943.472193,1002.199625,1942.5223679601854
GokA1R67GqSavkd15zR62QD68Tuc5AEfvjssntVDEbM8,3YB7hfpBdbQEuZqLGWVDpRPmeZWCUsrrWyqGXegnQ6Cg,4DPCj6Z1DsG6HUtwSogBGqXEUxdEV5a8YVrrFtcnz7UW,4449.528419999995,4449.313269000004,4449.768707510201,1.0000540029161575,0.4449768707510201,1.0,15172.799582,17416.425364,32590.044321423702
SAMyS8Jr2HJrkFwYVKbpUwsNStnQmvz3f8Tup8bWUWF,6jPzm5TFfquvgm25sTyN3MMGBfufRaFHMxobDWv6hMFW,Cj9ECoDmxsHTDzCY5ZA6RWrPbg9uFzEC1Qc2kso2vJG6,2584.6797882700193,47.63594284000004,2502.4531322211806,0.9681869079403933,1.0009812528884723,0.018053176497927117,439.11538467,111007.44379603,2429.182741946158
heyk4SZTeCUV6a65WiVA5bzic3KcxgVf1qxobfeV4tQ,9ZDpBKPqMABtGfq66FbVribaArMvtk63xxy91onZAtDt,DaTP4s6N7xxSPinbNZ3FB52EpRDRt87QShTuN3VPCW52,74.53188816600016,64.45080859599977,11774.09602825082,157.97393998696398,4.709638411300328,138.11397358459763,624.368804729,4474.898248692,716679.9786016006
HEDSDjj84KS7LKhZY7ejkCACTdPen62rKhCby1wXtgxc,EnnjMSFttpCTywBrYNt1J5QQeoSVkvzPipJDa8Y7kJow,6bjVT6JN2rSvpyn9PdfLYC8wJn4LWh49jpY47fnLDXZk,54.905159515003106,56.683476985002926,53.19758687785317,0.9688995960992822,0.02127903475114127,0.9999520013039855,39110.828247253,9111.865200904,47005.89353512792
BUSDTd9WiT6uBHJRgNvFXBsA7JrifsAtWzKfioN7ERcy,DyBxrn7gSc1EwnpWhDyhzvMHPtxpmBqRqotapLcKcfTM,Cds99GeBgoCpqBsoRWu1C6fF9LiUMd4pXQQD24s9LPff,546.9124509399999,546.0001562499999,548.4504375951217,1.0028121258758662,0.054845043759512165,0.999303485470627,101.90551079,161.50836945,263.58795843784867
AURHmCnNwiW4uA2Qj1XvEh4iKgRUZYXtiY7FKAapUV5Y,BKWm4TRnTeKwfWXRyuzjRHU7iZDkPuXBX5b5V5jSVfGJ,A5Ww74HVrkj9nPeC7pHKLfgeDMEhBCpW1efQdz3TGLEg,0.013946530000112034,0.01243721999992431,2.1566667790544423,154.63823467465508,0.0008626667116217768,137.4824245905464,289.862331445,1809.52964703,293602.3224754946
BSCrK1Nx9PXU9mF7STWWBqeHLxmtJDr9h7jheEy4tAWX,FfSySSbVJPvEo5a5AvrP3nySoXpRE2QPn1uUMpJJ1x7v,HL7Vcj6838ZmvBHDbQxXfjBNckNi83WvPiZQoMQLFeRM,0.04947061899999994,0.04941025199999971,155.63552422120273,3146.0193417269134,0.062254209688481096,3140.2103940964043,0.830286575,0.973982773,5670.608451571632
daob129AwBGn9Y5r91uLoWZeYiGzbPmksauMhFZKTze,6VW5GQNyj4LStgmxEHLr5zUfW92vQnmbw8jTnCH7a38F,4VPCCUifPeBA1c7HWK358CHn2nyjm8pdTRk6Ps3KmnMQ,21.552735219000198,19.274303785,3313.964383632446,153.76073384462876,1.3255857534529785,138.07041895121435,48.656132411,223.606108497,38354.791705788266
DEDaBEWzMCXohXYXoLzB4jK1xqMsd3SS9izXp2xvg9pe,GC5zHpW5GuVdw3C7covC6viyGdLS8ZAaVGDKMeru7p78,F8juxtAFueW19vxkdDArUkjVWAv9QV6yy1wCXUWQiXvh,7008.117109590124,1209.7209332405612,7008.117109590124,1.0,2.8032468438360496,0.0,33.1390241,8509702.43783973,33.1390241
BSC8REUo9LpiiWUuqMuLXs2D2yJsJfGd4HdiF3wCLxk5,AZjEH1zWVx1UJ6udMyRijGTzPteuLnaY18yNNmprJEsh,Caf8ypkSVR8xYnXNhjvfvdGCC7mrM3C11rz8Xi6NA6aK,1285.7306768989997,1285.9171185150003,1285.3844855808827,0.9997307435185789,0.5141537942323532,0.9999520013039855,3132.934134675,3219.653591668,6351.589624347355
SUiuyGR7SFq3xeRVJonq84fjjeFwRSsFekcevJ53tzy,49GjCCPsv7fBqo6t3iKDrP1xxGDS8uWZbVCdfnp2gjMf,CEwj5xEbbJEjYqM8D6Ai8ByGz1mrh8mkAVsE5fzDSSSx,0.06179800000000002,6.865893000000028,0.0005223241995088779,0.008452121419930705,2.0892967980355115e-07,0.955343426855086,645.070764,1.667394,7.045150319653074
AUSejoEUCh2DBs9mof6BNC8Pubs22w4cJa1ccV9h44R,4xkyD7AfGQDwsQMy9MosRRNGoVJ1zosNinesxg1TzHG7,Cbm5gsQe3nSiCsFrvepVzMCD9xLK3ri9g3ypS2hdmVJ7,253.90438399999948,253.96934800000054,253.80286285485752,0.9996001599360256,0.02538028628548575,1.0,14622.068617,14253.424461,28869.646589148742
ALBpShJ9NLpE739pcHDF2LNVk5J4VYPvvKuV6jMPitZi,D6d156U1bPiJpDYRLextvDRccgFk7QzkQbJg42ceKEu5,GNcM8U5g8RwTZffwwm3kSQqUNPSwv5d2fbN9sLxPJqt2,19.512002999996184,19.466905000001134,19.537812450242953,1.0013227473492483,0.007815124980097182,0.9989710598083973,40649.847531,59755.546692,100397.67881740638
YAkoNb6HKmSxQN9L8hiBE5tPJRsniSSMzND1boHmZxe,CfWX7o2TswwbxusJ4hCaPobu2jLCb1hfXuXJQjVq3jQF,EnTrdMMpdhugeH6Ban6gYZWXughWxKtVGfCwFn78ZmY3,4663302.493107992,4661485.623892007,4663302.493107992,1.0,466.3302493107992,0.9990628790194797,257109.972667,1146063.389724,1402099.3623434834
RajgMbScQbqqrdJfR2rxfHJiTiY5b6bJ2tTXiF4aPxy,725ZA3fhyBAKb5iopNRrcbSuQa3LXA1656Q3mBvYPxeg,GLA6i1dSZpUfk2f9Nj8uiG7xyDdAR2reff8oEiZH3617,9752.252170359992,9753.630140730005,9750.30386464176,0.9998002199200556,3.9001215458567042,1.0,87357.38925089,94048.69173188,181388.6287165617
BSCNHw8CmxbZ8hCWWzMf5FaG2ajPT6JxfznKUNuRVrn4,7n9kgNL633yGzCYksgnzHyjG73ZLBAwvEae5sbAekbzW,SscdxE99omdG9AiMVwmaEMQySQnCgeAh1sPj2Leutm2,2.734249849000662,2.7342636159992253,2.7455301920036623,1.0041255714093293,0.001098212076801465,0.9999520013039855,4378.012757059,7320.558465661,11716.281649719753
B2izdXFYb2sNwbWWHmh75T4aQFtfXsUxem9u2p61HGzf,4DYwgJtxwuJdAjkj5RJSNH4e7U329V5cNp7d3a1nLrZv,EXNW64GEf1ACC6xY9BtKRiunrs6GoJSXBdxWN2eTPmrF,31383.164324999994,31115.495267999955,31309.680504855096,0.9976584955110355,3.1309680504855097,1.0,11148.891259,28716.559387,39839.345467070074
KwnjUuZhTMTSGAaavkLEmSyfobY16JNH4poL9oeeEvE,J63v6qEZmQpDqCD8bd4PXu2Pq5ZbyXrFcSa3Xt1HdAPQ,BnKQtTdLw9qPCDgZkWX3sURkBAoKCUYL1yahh6Mw7mRK,283.79839399999963,15917.478845999925,5.118327251933801,0.018035081805057033,0.0005118327251933801,1.0,279837.037696,530.15971,5577.043576932188
Cob4usZcpHEY7Qt4ZCwj6WVg9S44zvzYV2v9qYF65dTf,NhFM9UXE48PyNAyeyPYA3iXztqKVJwA4bTdLj4ysM8w,6TuFuynuBoeskxyR2cz4wxyidk8dpDK7kAWw3UkjQGx,30.207625000000093,3633.9616520000127,0.25531851430773506,0.008452121419930705,0.00010212740572309402,1.0,71881.557264,179.872756,787.42440584903
C2ypsDADXcCRz8HbV2zX1AXPSja7a1P3xZtRC91xGhJh,J9bYNuDpY1d1T86gLaw7DGk5D3CsUAf2tzUwxMvb6FTv,A2NGvvPrMGzsJ4jb52KEnSBVmsA7C34dV1GC7PerdgvG,0.0009957959999999932,0.001000000000000112,0.13730562482376443,137.88529460227332,5.4922249929505775e-05,138.0725540895779,1.310430181,0.909015869,306.19919430368253
KysFMBBoavfov2tLpvefWW6tPFt6rAeZWDJVy1mMQae,B8ka2V21TH3x64dFV8ETcjuQcwmrciJ2qzy1mJUttRew,7fSf7EYxBANyxzk2s5pymFgshA91tFYQNKKs5UnLWcYS,73.9793930000128,76.54968499999723,0.0,0.0,0.0,0.018053176497927117,134343.127395,2732.368875,49.327937557817556
STK75uPSyBnEhGTTzb1nwmP3n427XoXmfRhXxxhyady,6TYyD5fUmDe6N65avW1Ny2RxzRNobw2RRgKwH9CTzSAU,54zDfk4cx2vGrEajPtodWpArNe5eUurytyxd4X3aZAxK,215.4405184000002,242.1162489950002,29701.942933087408,137.86609479810545,2.970194293308741,155.07455907262934,1639.589567177,292.224345852,271360.37228169537
ALLwa5WNZbvQsRKAqe1jdRGemdYQnW8E5k4msbRFcYtu,CGoM82Hbz7QVqTgvQatYtjvDWBvoUJp5qm21P8iMs9yb,3dxNNww8TivyN5FMy5dCNdi3Zcxv6e4kUfSPxfFwpdNq,3.6878709979999957,3.6402549379999996,11571.96961937932,3137.845555241771,4.628787847751728,3092.356313663886,0.865079271,7.783505592,26783.857805298503
MAR3XM1n9xWPQ3HJjAcC85o8DopWFP5p2WxGTaZ3fPB,6qG7GUhER8Cg9gDEgnebph9LdS6eu2eoWcA4R7z9uizK,4QV4CwRXVMY227KkFF9voNAfwWHVvVajXSXDKbUHkWZR,0.007272000000000001,0.36814700000000045,0.006953588240862659,0.9562140045190675,2.7814352963450637e-06,0.018043845425665953,0.098486,24.925819,0.5439313175931925
KEVpg4SYCVrqFxKijQH6hm4QxsRdoE51ud64bEEFUC9,2bPenuBYfqzD8p5dFjCcggwkHDsc2RQDnx9AoyYGUBjA,AE6n6iLuX8oYu61vt5hoDYkjswpnxFxrhSehxrnQTnbx,269.4550125380001,269.4062808670001,269.5354526985035,1.0002985290930226,0.1078141810794014,0.9999520013039855,2983.54482387,4652.111172379,7636.323375909274
KEnkcdADoLR5jS2CLLLesy8TtFsyWL37BhXNfDMzWzP,3qsjFRuw1qeLMPo4DLwaQevenGAGBj9dA3Q6rb8ax2YR,77iEv8zPQAEyCcEbvBRSB6AFcUdfkhiqnAKtPxk76rNN,0.016898999999999997,1.9360910000000047,0.00014283239987540895,0.008452121419930705,5.7132959950163586e-08,0.9985201930738645,119.330968,0.297059,1.3052192407281946
Lid8SLUxQ9RmF7XMqUA8c24RitTwzja8VSKngJxRcUa,4PgzyzLtds9bKZ2to9PMnKqJzKEUpjvNUaeN23phegax,AtymwxoVN9peZo7EXTcDz9jKVc4vRmisJKKrNfe3ewBa,142.69285136999804,121.04737795700112,23238.042495014324,162.85358566953587,2.323804249501433,138.0444022580751,975.93126444,7665.884209638,1217166.3092801524
CZgvH45CRmoaNJ7395Ao5CQZXkGznvqU7cErD6n7FaRg,4ZjU6MKvtqVQKCiowhvZ5yUsPxXX5SCzd5eFsPeXyey5,BsyWeshjDbCvjDojry3vKDCesmFRM37WtwcR4Kfgzqr,21.012371840000014,21.020916440000065,21.658451460699727,1.0307475817399065,0.00866338058427989,1.0,213.4433165,591.73770056,811.7438828809205
MATSnbbiTCv7Dc3trJrkrqjx7ckKdr6fwPoVwv9q3sD,631WX9JizSHJm4w6VanZeJAst9T8DeUUnPLesdGkCVtK,211maUSfpnXbPuW1iBu8b4dtJv5EbN1j7JJiEX5TZKEP,502.15307600000233,501.9381110000031,501.7481652306612,0.9991936507238658,0.2006992660922645,0.9993024868641687,21368.7076,24180.293003,45514.903889096975
BkwbeSfcX1h4thMDd7obGkHrPevf3QwgzJ4pCEqG18Lu,35yX27bmurdebhfAb8EPmjLETDiUaEUCn9zHaDPbakH2,2CxECn1ZJFoESyUnQysQU8rRgT3iJ5GRs2Mdd6gZjx5g,0.0020835500000018214,0.0013682899999999387,3.9142400901781356,1878.6398647379299,0.0015656960360712544,1230.0123001230013,0.87747562,21.97560983,28678.731073671566
NorjjEePhxfwLF4vZjUHCrVVKLzQjEEGQFd3wgjEJmh,34M8pFVqgbV7aqHxvRT5tCv3vu2P1JJYT8J3VaxBK2oG,3AZWBSze3ucsY3xSeuLne3b2pauVqiaJ1SZSV5T9WGWw,0.7597240000000056,1.2799999999988358,0.45000521247962727,0.5923272299935555,0.00018000208499185092,1.0,38125.651737,2257.560376,24840.4220610762
wrmcMSHFi3sWpAEy4rGDvQb3ezh3PhXoV2xNjgLBkKU,8p4mGnARWPBu6P2Gcw4adodLkNDorrXniZMhaY7eJXUn,AyY89zccbsgp9LKFgH4CFZMJmpSgqmPSdTfukhP227rc,0.008359649999998373,0.03780394999999795,2.38915404401211,285.7959416976279,0.0009556616176048439,3138.337936228973,27.14272764,0.0899754,8039.654617263409
DFWzVTzNBrQZLjoQ4yQwkj9HuoXmfkuZP9V5vbymZe23,DhgiEgiNdqZdRdo195UUHnoEJUtefK8buko8nU97XJUZ,2K2kkXsouBHtWVjtcgkyiXd8eP3oVBvq1bTJzcVdLLr2,3955.1294284620035,4137.216885042995,3823.0966966329865,0.9666173423102467,1.5292386786531946,0.9999520013039855,51180.369126518,16971.052814415,66442.07060954215
Lee1XZJfJ9Hm2K1qTyeCz1LXNc1YBZaKZszvNY4KCDw,9DgFSWkPDGijNKcLGbr3p5xoJbHsPgXUTr6QvGBJ5vGN,2hNHZg7XBhuhHVZ3JDEi4buq2fPQwuWBdQ9xkH7t1GQX,699.082155956,590.6719890460026,114000.64347447477,163.07188290134235,11.400064347447477,137.7511599680803,6914.584491397,54974.612996711,8700391.021585772
MARpDPs5A7XiyCWPNH8GsMWPLxmwNn9SBmKvPa9LzgA,6YjT74rmcfCpw8LSjPNx5JTmZoYLGrTKnf9arfSgZ4SR,F8GSmi3vA8M8TsybLya1LQ4n1aFHCRbZ6k437PeTdXtg,26145.80929099996,27327.69081599993,24973.2407194974,0.9551527145917725,9.989296287798961,1.0,295562.505724,16393.046162,298700.3758358249
Sid7E679i9ABqptiAVhkmQ27YHN8vaYT4fppPwmxFsJ,GP7KB8o1bv527HG8kTzzzf4wJ5aEGHvcMQvVhLziUfmT,9gYxhAZ1M9wu5pxr8SBoa5NDm21gi3s9vMHaYTME77sa,1915.9022179999865,3794.2858760000036,16.19343817525043,0.008452121419930705,0.006477375270100174,0.018053176497927117,127332.011856,12098.155197,1294.635755921723
parEAJhzYzHW87y9VoZAQ22dzQ2MD2ekEtTReaxbMcz,3oyc6hpjYSJEquK6dSvG72NXyz3pqLZz5D8AC71pwgQb,Di2vordgFJVZ1aj1aBpvzXtLfZgJsuLLXawGtVFwX6Rz,8.304133228000012,9.790150265000392,1120.2178168163002,134.89882520660092,0.4480871267265201,158.8917996101113,1101.916014117,141.060679746,171060.5610397911
MATgk4zXLXtYkwBH678J1xZbRDZ45LicNzkRBHkxTuY,y8dALFo1bJrSzPYjMX14HJX448pXqYmrfXHD1K8MXih,GN7Yuet3UyiWS5YVkEHv6oQKi4HGBJc3XDPt9zQhAqZz,513.9193460000006,513.9337370000003,514.1481419231563,1.0004451981131603,0.20565925676926258,1.0,5001.056733,5070.835765,10074.11895902134
SoN9GaFpSXfpyR5dth3x7PHPVhvJMpQqqDJfCSmPv1t,9kZ9iS68ViMPtoeqtnhAKuF2iqVyfHPdZHoUNdwCELr,BBhm5fJLjw3HRzjtKB8uMEYjGhY6EDm9co3cqpjrSzB9,0.3636583379999987,0.3567772030000005,59.86004576353161,164.60517884105775,0.023944018305412648,161.3565568447048,2.359079029,3.79630274,1000.8749643352526
ionytDfEj1mXodptgrsKEZro7DGsfpzANUfarJdm6Qb,3gkSjY95an9xNFSjCfsay6JZez7uv7yfW3Ad4ubc4fMK,9wXqANaSuEqkKL9yHzCPEDGHwbkStVAqV5rB3QDs3Jr6,0.0013536130000000035,0.005022058000000218,1.1356299640336989,838.9620696858674,0.00045425198561347964,3136.762860727729,3.152466539,0.084123933,2908.676680907631
WiiQFxXqp8P9Fs1rt9SVcDyA3KUdJmUsog6wnVQAwba,3S2jpqSYxho6wiz3cafhjXruVY8cg4HYa2v3BqBHYFSj,Dfe67M6TfrG74gKRtdqys4e6E9QirPD53BkF4FujFjuv,2514.679172277998,2516.511580757993,2512.122703072848,0.9989833815648005,0.2512122703072848,0.9999520013039855,18199.141167337,8602.245261606,26782.471949972132
JSoLLrxK5bYdHwTEWYaGgmeycBCNXKDiBCTw5hXGBg7,xG4wXczA7Dk4hccJ61CHKpDHW4NrNfQwgmWgkb9BuF2,BVR6WgfhsRr9Lob4QDnkEAiNGgAbv7ZieKcY9kSg3QYR,1.2395016510000687,1.0563519389999918,199.98616491262635,161.3440084983116,0.07999446596505055,137.97059874134942,17.220722981,163.703168672,25364.68467252549
KEN5P7p3asnb23Sw6yAmJRGvijfAzso3RqfyLAQhznt,9zj4aX38Uxf3h6AUjS4EipWS8mwbEofasHAf3a1uKGds,CwQDG1MWunn9cLNwcZLd8YBacweSR7ARo32w4mLua1Yr,731708.9817420016,731284.1606860001,731403.986279723,0.9995831738165186,73.1403986279723,1.0,1128539.270333,1101520.760984,2229589.6266000383
SBFjafzbDXgDRsA5SUypY8FXjJ9sBdb4JbuQq2PHQDG,46xwHtnXoQR3wCHUbm2eCAbPYWbioDQ59Te1Db8M5DDL,FC38fiikZwFvDt5zTjNtGfKd7LjaPz2uUAzLwKP5pRJY,0.004492453000011665,0.012115999999878113,0.014069890973667483,3.1318949744451308,5.627956389466994e-06,1.1601277996784125,201.202784103,9539.492126813,11697.17599950566
KZMu9QBEdL97EFgamLbN5DE1AoKBG4HdrKKJo4Vuon3,DD4ACBWyVqdaKWh7v5btsgqQCCMwbKnuL2xd9pv7Gyuw,GcYqiJ1MAuYbNTNYXm1F1gQYTfTgkErACAhNU5dpVj9T,54.41249730000004,55.86337148000007,52.68146751420204,0.9681869079403933,0.021072587005680817,1.0,2384.59165639,812.41624548,3121.1466679806954
C98Sspw7XqnMsgxea3SLQVdbMDL8pKUc3RE82UvX9eq2,CSqgQJurPCzGxb4Cgwx5R61hWQUiaoUHcShNc8r1cKEL,6S2CR5EnukPhC914XkAns8m5GixjMAoUuZMsS5ubHuWc,28.023407000000248,27.930018000000132,0.0,0.0,0.0,1.0,878.142103,1241.567057,1241.567057
RoBgmK8CvjdHvPrqdDyVw54VwjZv2TqJ493xnqJAQHx,ExiHJxM7qPAcy27NDHAF6G7vnW7muNHi2sVJpnaNynGQ,6rkPHSqZb7StM4HwS9EuVrmfkV7tRdc7dnsFhyB6cefE,1.2195210000000003,85.47711799999979,0.0,0.0,0.0,0.9522376632849534,6436.674751,16.353927,15.572825232012708
7oAd7xG4m3oC2qeWB1szghTebAZyyGPAFDJ4wwwbRSNi,D9yh4KAysxt9GLacVe4Wwh2XqghhcjTCSTV9HuM7TBJd,HDYfJLpZKaMFb84jM4mRytn7XLR8UFZUnQpSfhJJaNEy,1126.7200274759573,215.95924032598464,1126.665946383865,0.9999520013039855,0.450666378553546,0.03208106942603983,1164.81733344,292327.938512298,10542.954314311035
FrnkTEL6yZ5Aycq2TrEgu29dCrwKG4LPUZydfiwqspkc,DjvZuMZ46fxKBoBpGMPcRcos4xdTtHFxwMh69DpA2ZFY,9rvDPJLAng4uVVqnnSoEXgNDFhBZQTny9AoQioYDZbQX,42.07890165200001,35.17005550400009,6945.488484102621,165.05869239513532,2.7781953936410493,138.0481183282207,174.9413584,1441.178791086,227827.61214729495
SRMuKizofcAMicegrfSv7xs9q76tH1w8aAF7oX9FEWu,72Hj2KWntXPfbie4UgKeTPnm1XVkomDfCnRPKbvfTtPi,6aqJQ5wedqpUt4fFEDUqUmXhrdxCu4bEJsQdVPCADLko,0.07594500000050175,0.025287000000389526,0.003748361618776039,0.049356265965518134,1.4993446475104158e-06,0.04912981999767419,6351.355241,15507.255897,1075.3478693937652
BSCuChvaSj9b5HUSqgDVRzcnr2sSn7cXaamt1jbKH6hn,GnKpRj5kBVPMJfiwZtEuD9GYApLzPdW5JFuZTcyX4BTc,3dmwD9okkomV9nDwyuh4UMhKdUR13QpuKxRo89ycZB5t,648.821830976,648.8948226450002,648.0825813217984,0.9988606276501371,0.25923303252871943,0.9986089377497147,1613.888787999,1497.117377586,3107.084761855994
BUSDgu5JdqP1rndBvXvanbEufS94FNh1w5FJcAj6vawb,Bgzr8cWubt89JQFXndVjtdKmDbGzuPxNhvjH1EhWCwbo,Dxaf8xPBBQsasRKW5Aa4Sw2YrbfGofY9xZueyyF23FBW,2246.9897582000003,2235.9680072599967,2258.964688139355,1.005329321104226,0.9035858752557421,1.0,5221.26908278,9817.97579318,15067.070695473702
moFiBS1R4Lf3E3zzmBPnw3NF4RhWPkhREFviuzUaCAU,44ALBrpqi9PfZkBRTvbtRNtFJGsatfY4QydjtMbFWq8S,2ho8qEEie1UjVwWNBo9y4oAJZMyMLx8zPj9bxyUz6uWs,311.0986894950038,311.13263974299844,311.06669752942963,0.9998971645762119,0.12442667901177186,0.9999520013039855,32756.946290973,34357.045740808,67108.97436393269
BUSD5rCfUDpCxKGMvYU2yThChxgHoioK74PTPociGnv2,CcFHbafgYDZ8yA8Me1PdtDiVb2eeaS61LbqyKKK5CsNZ,26R9s4nmF3CFDTkiePDwRmtscn8i7r2eygbSijditJ58,105.86282333000001,105.32972538,105.8847732434934,1.0002073429822003,0.01058847732434934,1.0,76.27178068,71.53057146,147.81816655846393
