0,1,2,3,4,5,6,7,8,9,10,11
BSC8REUo9LpiiWUuqMuLXs2D2yJsJfGd4HdiF3wCLxk5,AZjEH1zWVx1UJ6udMyRijGTzPteuLnaY18yNNmprJEsh,Caf8ypkSVR8xYnXNhjvfvdGCC7mrM3C11rz8Xi6NA6aK,204.0884156940001,204.23204380800007,204.02144789796355,0.9996718687054881,0.08160857915918542,0.9998220726637709,3308.391556808,3044.332908129,6351.097208087775
KwnjUuZhTMTSGAaavkLEmSyfobY16JNH4poL9oeeEvE,J63v6qEZmQpDqCD8bd4PXu2Pq5ZbyXrFcSa3Xt1HdAPQ,BnKQtTdLw9qPCDgZkWX3sURkBAoKCUYL1yahh6Mw7mRK,44.62139000000036,2419.5072870001313,0.8273958282785546,0.018542583014077955,8.273958282785546e-05,1.0,279338.224817,539.29122,5718.943442674393
BSCNHw8CmxbZ8hCWWzMf5FaG2ajPT6JxfznKUNuRVrn4,7n9kgNL633yGzCYksgnzHyjG73ZLBAwvEae5sbAekbzW,SscdxE99omdG9AiMVwmaEMQySQnCgeAh1sPj2Leutm2,521.5422255530002,521.6966201550003,523.6155556992001,1.0039753830938645,0.20944622227968002,0.9998220746630592,4392.515462059,7306.210155263,11714.887589125772
MATgk4zXLXtYkwBH678J1xZbRDZ45LicNzkRBHkxTuY,y8dALFo1bJrSzPYjMX14HJX448pXqYmrfXHD1K8MXih,GN7Yuet3UyiWS5YVkEHv6oQKi4HGBJc3XDPt9zQhAqZz,312.1234489999997,311.95307600000024,312.3605306427575,1.0007595765185775,0.12494421225710302,1.0,3813.370749,4245.609636,8061.87693187757
KysFMBBoavfov2tLpvefWW6tPFt6rAeZWDJVy1mMQae,B8ka2V21TH3x64dFV8ETcjuQcwmrciJ2qzy1mJUttRew,7fSf7EYxBANyxzk2s5pymFgshA91tFYQNKKs5UnLWcYS,46.912508000000344,61.592497000005096,0.0,0.0,0.0,0.018440271324989,134404.719892,2685.456367,49.52054403889923
KZMu9QBEdL97EFgamLbN5DE1AoKBG4HdrKKJo4Vuon3,DD4ACBWyVqdaKWh7v5btsgqQCCMwbKnuL2xd9pv7Gyuw,GcYqiJ1MAuYbNTNYXm1F1gQYTfTgkErACAhNU5dpVj9T,12.965669599999956,13.30314265000004,12.554713768809885,0.968304311009894,0.0050218855075239545,1.0,2383.24227853,813.72736109,3121.4311335716416
NorjjEePhxfwLF4vZjUHCrVVKLzQjEEGQFd3wgjEJmh,34M8pFVqgbV7aqHxvRT5tCv3vu2P1JJYT8J3VaxBK2oG,3AZWBSze3ucsY3xSeuLne3b2pauVqiaJ1SZSV5T9WGWw,439.2712850000007,715.9054409999985,260.279912519376,0.592526580742412,0.10411196500775041,1.0,38124.370231,2258.542667,24848.245402932233
RajgMbScQbqqrdJfR2rxfHJiTiY5b6bJ2tTXiF4aPxy,725ZA3fhyBAKb5iopNRrcbSuQa3LXA1656Q3mBvYPxeg,GLA6i1dSZpUfk2f9Nj8uiG7xyDdAR2reff8oEiZH3617,493.7097364999936,493.86225964999176,493.8516151305045,1.0002873725592627,0.19754064605220184,1.0,87851.25151054,93554.98199538,181431.479544901
KEN5P7p3asnb23Sw6yAmJRGvijfAzso3RqfyLAQhznt,9zj4aX38Uxf3h6AUjS4EipWS8mwbEofasHAf3a1uKGds,CwQDG1MWunn9cLNwcZLd8YBacweSR7ARo32w4mLua1Yr,75617.55125900102,75622.38946999935,75575.38019685117,0.9994423111903558,7.5575380196851185,1.0,1131257.258402,1094859.79477,2225486.1636581603
ercAoEmXjQzEvAFbdjAo81KtMxRGn9AW1ju882upmPH,CMRhskR2Eg6V42RTSdRTXGdozyPbWB8U9dVpijPWb9T4,7TKLLgrWswt6ZJ1pXhVR3FyufHGjJFqiEXxvWJfDcgRm,0.09740712499996107,0.09972944200001166,13.80832652063153,141.75889618584932,0.005523330608252612,138.39571958646806,265.685731951,830.206920186,152560.40021851013
B2izdXFYb2sNwbWWHmh75T4aQFtfXsUxem9u2p61HGzf,4DYwgJtxwuJdAjkj5RJSNH4e7U329V5cNp7d3a1nLrZv,EXNW64GEf1ACC6xY9BtKRiunrs6GoJSXBdxWN2eTPmrF,14412.76392400002,14279.036247000005,14038.524926509139,0.9740341963925668,1.4038524926509137,1.0,10564.305773,29308.28569,39598.28077404941
WiiQFxXqp8P9Fs1rt9SVcDyA3KUdJmUsog6wnVQAwba,3S2jpqSYxho6wiz3cafhjXruVY8cg4HYa2v3BqBHYFSj,Dfe67M6TfrG74gKRtdqys4e6E9QirPD53BkF4FujFjuv,14617.267262988998,14639.746566556994,14607.965801452548,0.9993636661785612,1.460796580145255,0.9998220806609244,16706.76676906,10094.982336617,26789.321932349645
Cob4usZcpHEY7Qt4ZCwj6WVg9S44zvzYV2v9qYF65dTf,NhFM9UXE48PyNAyeyPYA3iXztqKVJwA4bTdLj4ysM8w,6TuFuynuBoeskxyR2cz4wxyidk8dpDK7kAWw3UkjQGx,170.78970200000654,503.6640329999889,1.4685505385193984,0.008598589501135977,0.0005874202154077593,1.0,71553.718189,182.666458,797.9275079871778
C98Sspw7XqnMsgxea3SLQVdbMDL8pKUc3RE82UvX9eq2,CSqgQJurPCzGxb4Cgwx5R61hWQUiaoUHcShNc8r1cKEL,6S2CR5EnukPhC914XkAns8m5GixjMAoUuZMsS5ubHuWc,5.137368000000151,5.118573999999967,0.0,0.0,0.0,1.0,877.638463,1242.074573,1242.074573
ALLwa5WNZbvQsRKAqe1jdRGemdYQnW8E5k4msbRFcYtu,CGoM82Hbz7QVqTgvQatYtjvDWBvoUJp5qm21P8iMs9yb,3dxNNww8TivyN5FMy5dCNdi3Zcxv6e4kUfSPxfFwpdNq,5.205979965000004,5.1537609380000005,17237.77346776598,3311.1486374623355,6.895109387106392,3281.8950975051034,1.070556333,7.577604404,28413.673887660305
DFWzVTzNBrQZLjoQ4yQwkj9HuoXmfkuZP9V5vbymZe23,DhgiEgiNdqZdRdo195UUHnoEJUtefK8buko8nU97XJUZ,2K2kkXsouBHtWVjtcgkyiXd8eP3oVBvq1bTJzcVdLLr2,1210.5040896870014,1223.8378756139973,1177.5754003913576,0.972797539821482,0.47103016015654303,0.9998220806609244,49532.028712303,18569.829349415,66751.16109134577
heyk4SZTeCUV6a65WiVA5bzic3KcxgVf1qxobfeV4tQ,9ZDpBKPqMABtGfq66FbVribaArMvtk63xxy91onZAtDt,DaTP4s6N7xxSPinbNZ3FB52EpRDRt87QShTuN3VPCW52,45.5127082279987,39.50273384399998,7397.946712920783,162.54683583891153,2.9591786851683133,141.94256634714924,624.254580443,4475.048762176,736670.5126408519
BkMBnJpvHKtWhUvrgRrLesXfi9RUV3ELgdBaJcdH7hcY,5uerVwBnZQsuVhZ15igs7ZgmcqhHnYWbwoRtLyRqLvR,9YWiQh5d4jCtgMdzcGLv9bWgnLaFtzvDDh2nnhJdzhBX,131.94216504500014,131.3458180460001,132.64666874678124,1.0053394887187188,0.053058667498712506,0.9998220776619917,986.42705962,1887.62729478,2878.985519495104
iLiUBQ7Z7im6Ew3b4ewwPcehzWgEQRJ1iQz7g6D62NW,GpugBvKWM3TVhYcZjemSdtehBWgfvuGr6uAm9iPjXT6v,92fMXJ3xy8tEyMUWLHKRLyhPw2nECBo77GtDiBBbYrjX,11.458071822000193,11.514180377999537,11.240610344795597,0.9810211106560655,0.004496244137918239,0.9998210780188044,1819.781564545,1142.951303012,2927.9909355018235
Lid8SLUxQ9RmF7XMqUA8c24RitTwzja8VSKngJxRcUa,4PgzyzLtds9bKZ2to9PMnKqJzKEUpjvNUaeN23phegax,AtymwxoVN9peZo7EXTcDz9jKVc4vRmisJKKrNfe3ewBa,171.05078654900626,144.98579063000193,28659.605631734263,167.55027094554313,2.8659605631734264,141.97567672706313,975.770105321,7666.091729495,1251889.1066738893
BUSD5rCfUDpCxKGMvYU2yThChxgHoioK74PTPociGnv2,CcFHbafgYDZ8yA8Me1PdtDiVb2eeaS61LbqyKKK5CsNZ,26R9s4nmF3CFDTkiePDwRmtscn8i7r2eygbSijditJ58,0.07082379000000572,0.07086148999999864,0.07080128439573485,0.9996822310092291,7.080128439573485e-06,1.0,76.34264217,71.45974767,147.77813051564488
AUSejoEUCh2DBs9mof6BNC8Pubs22w4cJa1ccV9h44R,4xkyD7AfGQDwsQMy9MosRRNGoVJ1zosNinesxg1TzHG7,Cbm5gsQe3nSiCsFrvepVzMCD9xLK3ri9g3ypS2hdmVJ7,2533.641308999997,2535.366317,2533.238524074669,0.9998410252769809,0.2533238524074669,1.0,14534.055732,14341.654823,28873.400007515665
SEQV6QiTpvTzrceiaYg9Avnwf7oc8ZALpnQMz6TyT4A,3dFMPj4r9mMmPHF32mz1gNDX7f8ftidWof7S8YiYTs1j,Fc1ED3YPeQfXQosHbd8DTaBd2AV5gHQtwiSAL5C5pUhi,42.257933288000004,42.35910100000001,42.340687950896594,1.0019583225315964,0.01693627518035864,0.9992116220302182,1316.687471046,4309.353519057,5625.222089466193
SoN9GaFpSXfpyR5dth3x7PHPVhvJMpQqqDJfCSmPv1t,9kZ9iS68ViMPtoeqtnhAKuF2iqVyfHPdZHoUNdwCELr,BBhm5fJLjw3HRzjtKB8uMEYjGhY6EDm9co3cqpjrSzB9,0.8037063730000016,0.7881283199999984,136.27891037422424,169.5630580426217,0.05451156414968969,165.7567999655226,2.334155357,3.822061023,1029.319124724919
Lee1XZJfJ9Hm2K1qTyeCz1LXNc1YBZaKZszvNY4KCDw,9DgFSWkPDGijNKcLGbr3p5xoJbHsPgXUTr6QvGBJ5vGN,2hNHZg7XBhuhHVZ3JDEi4buq2fPQwuWBdQ9xkH7t1GQX,620.994061865933,524.4292478410034,104274.37720079104,167.91525652833528,10.427437720079105,141.88865146187877,6903.871249933,54989.265726058,8961618.070720378
RoBgmK8CvjdHvPrqdDyVw54VwjZv2TqJ493xnqJAQHx,ExiHJxM7qPAcy27NDHAF6G7vnW7muNHi2sVJpnaNynGQ,6rkPHSqZb7StM4HwS9EuVrmfkV7tRdc7dnsFhyB6cefE,11.213954999999768,51.24247799999988,0.0,0.0,0.0,0.9479742264767306,6375.082254,17.217863,16.32209035900732
C2ypsDADXcCRz8HbV2zX1AXPSja7a1P3xZtRC91xGhJh,J9bYNuDpY1d1T86gLaw7DGk5D3CsUAf2tzUwxMvb6FTv,A2NGvvPrMGzsJ4jb52KEnSBVmsA7C34dV1GC7PerdgvG,0.1798501520000001,0.17996153599999998,25.512852877850225,141.85616522498248,0.010205141151140091,141.53586511745283,1.320498336,0.899059098,314.56993735807725
KEnkcdADoLR5jS2CLLLesy8TtFsyWL37BhXNfDMzWzP,3qsjFRuw1qeLMPo4DLwaQevenGAGBj9dA3Q6rb8ax2YR,77iEv8zPQAEyCcEbvBRSB6AFcUdfkhiqnAKtPxk76rNN,1.441483999999999,1.6527740000000037,0.012400605975262389,0.00860266640161278,4.960242390104956e-06,0.9991147843011092,119.54402,0.295297,1.3234329228274908
SUiuyGR7SFq3xeRVJonq84fjjeFwRSsFekcevJ53tzy,49GjCCPsv7fBqo6t3iKDrP1xxGDS8uWZbVCdfnp2gjMf,CEwj5xEbbJEjYqM8D6Ai8ByGz1mrh8mkAVsE5fzDSSSx,3.7207590000000437,0.03307599999999988,0.03202169919173875,0.008606227705620917,1.2808679676695503e-05,0.9553333874688918,641.350005,1.70047,7.14411994742034
STK75uPSyBnEhGTTzb1nwmP3n427XoXmfRhXxxhyady,6TYyD5fUmDe6N65avW1Ny2RxzRNobw2RRgKwH9CTzSAU,54zDfk4cx2vGrEajPtodWpArNe5eUurytyxd4X3aZAxK,878.9655519880005,962.5301603329988,124719.39547572956,141.89338273114964,12.471939547572957,159.7426226863278,1912.26079031,339.867440822,325628.4685638241
JSoLLrxK5bYdHwTEWYaGgmeycBCNXKDiBCTw5hXGBg7,xG4wXczA7Dk4hccJ61CHKpDHW4NrNfQwgmWgkb9BuF2,BVR6WgfhsRr9Lob4QDnkEAiNGgAbv7ZieKcY9kSg3QYR,1.2979141069999116,1.1075639899999992,215.16758436684353,165.77952516765285,0.08606703374673741,141.99851838745914,17.173502702,163.759066438,26100.559930112446
FrnkTEL6yZ5Aycq2TrEgu29dCrwKG4LPUZydfiwqspkc,DjvZuMZ46fxKBoBpGMPcRcos4xdTtHFxwMh69DpA2ZFY,9rvDPJLAng4uVVqnnSoEXgNDFhBZQTny9AoQioYDZbQX,10.463141275999789,8.75870374800013,1764.9122828679122,168.67900722283508,0.705964913147165,141.99851838745914,174.255580672,1442.00357134,234155.62899049636
Sid7E679i9ABqptiAVhkmQ27YHN8vaYT4fppPwmxFsJ,GP7KB8o1bv527HG8kTzzzf4wJ5aEGHvcMQvVhLziUfmT,9gYxhAZ1M9wu5pxr8SBoa5NDm21gi3s9vMHaYTME77sa,308.4896410000001,665.2218399999838,2.6577397699708873,0.008615329063742813,0.001063095907988355,0.018579908946183426,127663.358638,11944.196668,1321.7839305757311
SoNcU2iwHMw6dGzsYNQkYFkUjwN1UdAjrWVRnStrZu2,8ivTTid27jZnYNc4w3CTA1Z6QS2twsFb8WMwUabeDJgc,CyXm53PMvHCbeXJBykU46Rcbo28xk5srhMZFg7gv6EYB,4.553994749000022,4.511127195,766.2582725786106,168.26068425899425,0.3065033090314442,165.8934098345263,22.611727915,29.491125241,8697.048137342657
ALBpShJ9NLpE739pcHDF2LNVk5J4VYPvvKuV6jMPitZi,D6d156U1bPiJpDYRLextvDRccgFk7QzkQbJg42ceKEu5,GNcM8U5g8RwTZffwwm3kSQqUNPSwv5d2fbN9sLxPJqt2,91.69119499999942,91.48142300000472,91.74165290909943,1.0005503026664666,0.036696661163639774,0.9989051999009086,40758.197655,59646.947818,100362.27333346829
DEDaBEWzMCXohXYXoLzB4jK1xqMsd3SS9izXp2xvg9pe,GC5zHpW5GuVdw3C7covC6viyGdLS8ZAaVGDKMeru7p78,F8juxtAFueW19vxkdDArUkjVWAv9QV6yy1wCXUWQiXvh,8660.221873050556,0.07082378999999861,8660.221873050556,1.0,3.4640887492202226,0.0,33.20984789,8501042.21596668,33.20984789
wrmcMSHFi3sWpAEy4rGDvQb3ezh3PhXoV2xNjgLBkKU,8p4mGnARWPBu6P2Gcw4adodLkNDorrXniZMhaY7eJXUn,AyY89zccbsgp9LKFgH4CFZMJmpSgqmPSdTfukhP227rc,0.0022785700000000075,0.025240320000008865,0.6841997795974523,300.2759536013596,0.00027367991183898093,3315.649867374005,27.14754332,0.08953989,8448.637382750403
SAMyS8Jr2HJrkFwYVKbpUwsNStnQmvz3f8Tup8bWUWF,6jPzm5TFfquvgm25sTyN3MMGBfufRaFHMxobDWv6hMFW,Cj9ECoDmxsHTDzCY5ZA6RWrPbg9uFzEC1Qc2kso2vJG6,388.3108802600036,7.349377859999947,376.00309936780826,0.968304311009894,0.1504012397471233,0.018597829651877455,446.46476253,110619.13291577,2489.5895444776884
KEVpg4SYCVrqFxKijQH6hm4QxsRdoE51ud64bEEFUC9,2bPenuBYfqzD8p5dFjCcggwkHDsc2RQDnx9AoyYGUBjA,AE6n6iLuX8oYu61vt5hoDYkjswpnxFxrhSehxrnQTnbx,2476.59928125,2476.6445755799996,2477.8264495774174,1.0004955054040063,0.9911305798309671,0.9998210930134372,3312.905287216,4323.618429129,7637.391753273574
MATSnbbiTCv7Dc3trJrkrqjx7ckKdr6fwPoVwv9q3sD,631WX9JizSHJm4w6VanZeJAst9T8DeUUnPLesdGkCVtK,211maUSfpnXbPuW1iBu8b4dtJv5EbN1j7JJiEX5TZKEP,14.724603999995452,14.71178399999917,14.728079826834586,1.0002360557091474,0.005891231930733835,0.9959683202396697,20719.032289,24830.567512,45454.381750384186
2jQoGQRixdcfuRPt9Zui7pk6ivnrQv79mf8h13Tyoa9K,,,0.0003072789999999997,0.00036713499999999977,0.0,0.0,0.0,0.9959683202396697,20719.032289,24830.567512,24730.458615524356
BUSDgu5JdqP1rndBvXvanbEufS94FNh1w5FJcAj6vawb,Bgzr8cWubt89JQFXndVjtdKmDbGzuPxNhvjH1EhWCwbo,Dxaf8xPBBQsasRKW5Aa4Sw2YrbfGofY9xZueyyF23FBW,5401.282782900009,5378.806284020001,5422.34909715387,1.0039002427942776,2.168939638861548,1.0,5748.76534221,9290.43271697,15061.619639781948
GokA1R67GqSavkd15zR62QD68Tuc5AEfvjssntVDEbM8,3YB7hfpBdbQEuZqLGWVDpRPmeZWCUsrrWyqGXegnQ6Cg,4DPCj6Z1DsG6HUtwSogBGqXEUxdEV5a8YVrrFtcnz7UW,2599.0740130000013,2598.7676409999985,2599.601732151628,1.000203041217367,0.2599601732151628,1.0,14646.280962,17943.340293,32592.595053716424
Dg3mAgpwDfVNnbGWcsxL8sUcSkEbjSJQhKAWNigG44Ju,EATxwd8YA2wV93VJcKMmH2Kn2Y9XfJVUB9hHVu3udwEy,GiGvrRi7NMHfHKanG2B8xyCEqe8jaafWins8bhrLVEaa,0.016060696999999985,0.016298666000000017,2.725812476652967,169.7194384934209,0.001090324990661187,168.26736607558266,0.181578179,0.278233277,77.63492725790587
YAkoNb6HKmSxQN9L8hiBE5tPJRsniSSMzND1boHmZxe,CfWX7o2TswwbxusJ4hCaPobu2jLCb1hfXuXJQjVq3jQF,EnTrdMMpdhugeH6Ban6gYZWXughWxKtVGfCwFn78ZmY3,2601116.6742530046,2599501.113339001,2601116.6742530046,1.0,260.1116674253005,0.9992535575924784,294507.016703,1108924.460083,1402603.728542256
parEAJhzYzHW87y9VoZAQ22dzQ2MD2ekEtTReaxbMcz,3oyc6hpjYSJEquK6dSvG72NXyz3pqLZz5D8AC71pwgQb,Di2vordgFJVZ1aj1aBpvzXtLfZgJsuLLXawGtVFwX6Rz,3.3067300419998844,3.8260569099997213,459.64100899645024,139.00167330214322,0.18385640359858013,163.90341892697677,1102.092605141,140.912158335,176288.70076800318
HEDSDjj84KS7LKhZY7ejkCACTdPen62rKhCby1wXtgxc,EnnjMSFttpCTywBrYNt1J5QQeoSVkvzPipJDa8Y7kJow,6bjVT6JN2rSvpyn9PdfLYC8wJn4LWh49jpY47fnLDXZk,5.737930900995707,5.82964987500236,5.554421087682824,0.9680181207338976,0.0022217684350731297,0.999821097012006,39104.953246432,9117.557780859,46970.22997552683
AURHmCnNwiW4uA2Qj1XvEh4iKgRUZYXtiY7FKAapUV5Y,BKWm4TRnTeKwfWXRyuzjRHU7iZDkPuXBX5b5V5jSVfGJ,A5Ww74HVrkj9nPeC7pHKLfgeDMEhBCpW1efQdz3TGLEg,0.4110230370001773,0.3666529080001055,65.38647396717072,159.082260800731,0.026154589586868286,142.09026141766296,289.872311813,1809.518623993,303228.5170300416
BUSDTd9WiT6uBHJRgNvFXBsA7JrifsAtWzKfioN7ERcy,DyBxrn7gSc1EwnpWhDyhzvMHPtxpmBqRqotapLcKcfTM,Cds99GeBgoCpqBsoRWu1C6fF9LiUMd4pXQQD24s9LPff,710.6892439200001,710.6699905599999,708.4140941311476,0.9967986714188845,0.07084140941311476,0.9977182184344405,158.65660151,104.81946505,262.7289795239405
vEnkoSUkpnbRrPgBz9DfcVxNz67zjwMYBZraAvDDNSf,DtfyjjsZ5yCjWKLKHvwsfXs5QVsmm1QkK6Sh9JZHoq1g,e5wrKCRv4GhHvEf1VD5Pq2KGaZDXP77nTL612Jyrxwy,106.70624500000008,106.71372199999996,106.46881953244274,0.9977749618351077,0.010646881953244274,0.995066460488896,994.425327,951.25733,1938.7769570725072
7oAd7xG4m3oC2qeWB1szghTebAZyyGPAFDJ4wwwbRSNi,D9yh4KAysxt9GLacVe4Wwh2XqghhcjTCSTV9HuM7TBJd,HDYfJLpZKaMFb84jM4mRytn7XLR8UFZUnQpSfhJJaNEy,10375.001918518043,271.92546965200006,10373.14582041696,0.9998210990112907,4.149258328166784,0.022745632094776026,954.719845788,300113.705117748,7780.8249686720455
MARpDPs5A7XiyCWPNH8GsMWPLxmwNn9SBmKvPa9LzgA,6YjT74rmcfCpw8LSjPNx5JTmZoYLGrTKnf9arfSgZ4SR,F8GSmi3vA8M8TsybLya1LQ4n1aFHCRbZ6k437PeTdXtg,37398.24629100003,39077.132432999955,35793.27580395088,0.9570843382718885,14.31731032158035,1.0,295593.155688,16379.710787,299287.2905963489
daob129AwBGn9Y5r91uLoWZeYiGzbPmksauMhFZKTze,6VW5GQNyj4LStgmxEHLr5zUfW92vQnmbw8jTnCH7a38F,4VPCCUifPeBA1c7HWK358CHn2nyjm8pdTRk6Ps3KmnMQ,21.39284566700008,19.14235335300006,3405.998068599057,159.2120151576207,1.3623992274396228,142.12851089400823,47.954176065,224.40054505,39528.5963182923
