0,1,2,3,4,5,6,7,8,9,10,11
FrnkTEL6yZ5Aycq2TrEgu29dCrwKG4LPUZydfiwqspkc,DjvZuMZ46fxKBoBpGMPcRcos4xdTtHFxwMh69DpA2ZFY,9rvDPJLAng4uVVqnnSoEXgNDFhBZQTny9AoQioYDZbQX,60.55926763199864,50.65955163400025,10179.249683407159,168.08739737844172,4.0716998733628635,147.0862940578608,174.84398964,1441.250096959,241377.20673808272
ZUCKWFa4LTL833dPhhpeeRWZcaAEoMeYJPi2iKn4F8N,7eEYpq6ShaJ9opZWMxitRFrdCHh6vfyHhGfoSvFht3N2,H8VggnHmuwd1wvwpT8eg9cUJFEfZ7HAaeYjgXrSm7A2u,30.221393586999966,30.204903682999884,30.22557042835189,1.000138208098839,0.012090228171340757,0.9916346130446436,1847.216828812,1999.935737195,3830.6776300055717
SAMyS8Jr2HJrkFwYVKbpUwsNStnQmvz3f8Tup8bWUWF,6jPzm5TFfquvgm25sTyN3MMGBfufRaFHMxobDWv6hMFW,Cj9ECoDmxsHTDzCY5ZA6RWrPbg9uFzEC1Qc2kso2vJG6,924.7439730700128,95.9679824900021,898.8985017658115,0.9720512141123795,0.35955940070632464,0.019301393400401944,458.63140839,109996.87150793,2568.906107143591
Cob4usZcpHEY7Qt4ZCwj6WVg9S44zvzYV2v9qYF65dTf,NhFM9UXE48PyNAyeyPYA3iXztqKVJwA4bTdLj4ysM8w,6TuFuynuBoeskxyR2cz4wxyidk8dpDK7kAWw3UkjQGx,115.57438099999843,789.0207929999888,1.0257616435264731,0.008875337550165958,0.00041030465741058924,1.0,71042.276334,187.135047,817.6592297964165
SERgf3DMJpQxUifu7VoFKmfne73d2fDJxSrxUMrcNJB,AJfM2GZ2tTB8UtN2krcyR9xufRJEx2mhSCbJyMgPo3GU,F4yRYkufQvERZcEKnKjJwRLU1btiMBUuEwq46hfm11QD,3.152699999731112e-05,3.150999999945725e-05,0.004629623510638666,146.8463066905674,1.8518494042554665e-06,146.98191740262962,29.284858487,27.959836984,8409.963760945144
4vezWG46exH6pf9nry3n1VJ7hZHvjBJNgNeF4qEFCML5,,,1.5854880000000016,1.5824199999999973,0.0,0.0,0.0,146.98191740262962,29.284858487,27.959836984,4109.590450173277
KEN5P7p3asnb23Sw6yAmJRGvijfAzso3RqfyLAQhznt,9zj4aX38Uxf3h6AUjS4EipWS8mwbEofasHAf3a1uKGds,CwQDG1MWunn9cLNwcZLd8YBacweSR7ARo32w4mLua1Yr,128464.3968709996,128474.3252339994,128289.28200106813,0.9986368606851647,12.828928200106814,1.0,1131256.927586,1098115.073349,2227829.940141828
DA1mL7dfBow33EH5yjUuZE6SH2KeUK5zEXzsyhE5r5j5,B4UtLRZND3D83CitRCBUyeiNr7H8m7YFRqBmiPmXjhW4,AAmpYbuixWiSqDaJBCqYEs1pb5SrbdPr9mgXrB58Q2e,56.658251654000026,69.5722639999999,74.94988035607354,1.3228413897021853,0.029979952142429416,0.9908034515351614,134.965989112,3011.768300527,3162.609023985787
parEAJhzYzHW87y9VoZAQ22dzQ2MD2ekEtTReaxbMcz,3oyc6hpjYSJEquK6dSvG72NXyz3pqLZz5D8AC71pwgQb,Di2vordgFJVZ1aj1aBpvzXtLfZgJsuLLXawGtVFwX6Rz,3.2125158870001655,3.7808960470000557,456.7755131145702,142.18622698893648,0.18271020524582807,169.39614677972844,1103.375655909,139.814584402,180568.8733264517
DEDaBEWzMCXohXYXoLzB4jK1xqMsd3SS9izXp2xvg9pe,GC5zHpW5GuVdw3C7covC6viyGdLS8ZAaVGDKMeru7p78,F8juxtAFueW19vxkdDArUkjVWAv9QV6yy1wCXUWQiXvh,0.022004559999999174,1909.177004730329,0.022004559999999174,1.0,8.80182399999967e-06,0.0,46.89429215,8576762.77359505,46.89429215
SRMuKizofcAMicegrfSv7xs9q76tH1w8aAF7oX9FEWu,72Hj2KWntXPfbie4UgKeTPnm1XVkomDfCnRPKbvfTtPi,6aqJQ5wedqpUt4fFEDUqUmXhrdxCu4bEJsQdVPCADLko,215.7878470000005,215.87389500000018,9.648368996229213,0.04471229093930016,0.003859347598491685,0.04489597826316316,17864.056964,3999.896594,978.3221828697235
SoN9GaFpSXfpyR5dth3x7PHPVhvJMpQqqDJfCSmPv1t,9kZ9iS68ViMPtoeqtnhAKuF2iqVyfHPdZHoUNdwCELr,BBhm5fJLjw3HRzjtKB8uMEYjGhY6EDm9co3cqpjrSzB9,1.9887984479999998,1.9480279249999994,346.0804630743969,174.01484973121666,0.13843218522975875,171.24671720043128,3.755216746,5.898309088,1663.529546116808
YakoMPuYrybnr9R7VC7hVGxMz94fJvPFCdZ4gmW61Ed,,,0.31262600000000007,0.3134079999999999,0.0,0.0,0.0,171.24671720043128,3.755216746,5.898309088,1010.0660683534697
HDSBGqAuMRr6X2AfmmbXQPpRgU6VEhtfNVVZ3wUTZXg,DCZ1d8kNLgDcdSd99y4udLgwq46mfDXNS9KXj96kQf5L,Fq8GGYQM5Pz3q7LmVMbrXHJgsxA5ev86kTq8yGgGuYsa,49.90339886400034,50.12995326999953,49.58726940983698,0.9936651718848871,0.019834907763934793,0.9994553178403386,13657.936475477,13002.936049336,26567.269377544428
wrmcMSHFi3sWpAEy4rGDvQb3ezh3PhXoV2xNjgLBkKU,8p4mGnARWPBu6P2Gcw4adodLkNDorrXniZMhaY7eJXUn,AyY89zccbsgp9LKFgH4CFZMJmpSgqmPSdTfukhP227rc,0.009789300000000029,0.09964756999999835,2.8979573712255857,296.0331557134399,0.0011591829484902342,3108.2929255253016,27.11588592,0.09247395,8314.637403443614
WiiQFxXqp8P9Fs1rt9SVcDyA3KUdJmUsog6wnVQAwba,3S2jpqSYxho6wiz3cafhjXruVY8cg4HYa2v3BqBHYFSj,Dfe67M6TfrG74gKRtdqys4e6E9QirPD53BkF4FujFjuv,2535.297345264995,2535.8814943120015,2533.349341488953,0.9992316468205672,0.25333493414889535,0.9994623821883842,15510.421555198,11288.370611208,26780.805855585015
YAkoNb6HKmSxQN9L8hiBE5tPJRsniSSMzND1boHmZxe,CfWX7o2TswwbxusJ4hCaPobu2jLCb1hfXuXJQjVq3jQF,EnTrdMMpdhugeH6Ban6gYZWXughWxKtVGfCwFn78ZmY3,9111313.582583982,9110261.77519196,9111313.582583982,1.0,911.1313582583983,0.9972804163047371,247503.973333,1151390.967049,1395763.6362811406
BSCuChvaSj9b5HUSqgDVRzcnr2sSn7cXaamt1jbKH6hn,GnKpRj5kBVPMJfiwZtEuD9GYApLzPdW5JFuZTcyX4BTc,3dmwD9okkomV9nDwyuh4UMhKdUR13QpuKxRo89ycZB5t,740.1287494800001,739.0188582089997,739.8632820952047,0.9996413226955689,0.2959453128380819,0.9956222489712733,1562.561017345,1547.690517056,3102.915675474097
vEnkoSUkpnbRrPgBz9DfcVxNz67zjwMYBZraAvDDNSf,DtfyjjsZ5yCjWKLKHvwsfXs5QVsmm1QkK6Sh9JZHoq1g,e5wrKCRv4GhHvEf1VD5Pq2KGaZDXP77nTL612Jyrxwy,777.0112130000002,776.9567139999996,763.6616438046511,0.9828193352013452,0.0763661643804651,0.9954557445262378,942.70187,1002.594418,1924.543997994505
STK75uPSyBnEhGTTzb1nwmP3n427XoXmfRhXxxhyady,6TYyD5fUmDe6N65avW1Ny2RxzRNobw2RRgKwH9CTzSAU,54zDfk4cx2vGrEajPtodWpArNe5eUurytyxd4X3aZAxK,498.6803912929998,560.8373104910056,73130.3393579147,146.64771391612015,7.313033935791469,164.20919397424512,1694.871371262,301.524037026,298062.03106135194
MATSnbbiTCv7Dc3trJrkrqjx7ckKdr6fwPoVwv9q3sD,631WX9JizSHJm4w6VanZeJAst9T8DeUUnPLesdGkCVtK,211maUSfpnXbPuW1iBu8b4dtJv5EbN1j7JJiEX5TZKEP,494.39221999999427,494.2385830000021,493.69758749438967,0.9985949768675474,0.19747903499775588,0.996310661620021,22043.777038,23504.025081,45430.11580051966
NorjjEePhxfwLF4vZjUHCrVVKLzQjEEGQFd3wgjEJmh,34M8pFVqgbV7aqHxvRT5tCv3vu2P1JJYT8J3VaxBK2oG,3AZWBSze3ucsY3xSeuLne3b2pauVqiaJ1SZSV5T9WGWw,0.001213000000007014,0.001213000000007014,0.0007186810869011716,0.5924823469884715,2.874724347604686e-07,1.0,38124.371737,2258.309846,24846.32709019871
BUSDgu5JdqP1rndBvXvanbEufS94FNh1w5FJcAj6vawb,Bgzr8cWubt89JQFXndVjtdKmDbGzuPxNhvjH1EhWCwbo,Dxaf8xPBBQsasRKW5Aa4Sw2YrbfGofY9xZueyyF23FBW,5023.749012210003,4994.492375119998,5053.073208778112,1.0058371141744618,2.0212292835112446,1.0,4984.62821286,10051.31232003,15065.036376885706
BUSD5rCfUDpCxKGMvYU2yThChxgHoioK74PTPociGnv2,CcFHbafgYDZ8yA8Me1PdtDiVb2eeaS61LbqyKKK5CsNZ,26R9s4nmF3CFDTkiePDwRmtscn8i7r2eygbSijditJ58,93.63773461,93.64793999,93.54525950826051,0.9990124162857567,0.009354525950826052,1.0,88.00659074,59.79372888,147.71340574423908
ALBpShJ9NLpE739pcHDF2LNVk5J4VYPvvKuV6jMPitZi,D6d156U1bPiJpDYRLextvDRccgFk7QzkQbJg42ceKEu5,GNcM8U5g8RwTZffwwm3kSQqUNPSwv5d2fbN9sLxPJqt2,26.864741999997932,26.807765999998082,26.789036183742677,0.9971819637703849,0.010715614473497071,0.9978356943788921,41205.004835,59099.358601,100060.3371655095
daob129AwBGn9Y5r91uLoWZeYiGzbPmksauMhFZKTze,6VW5GQNyj4LStgmxEHLr5zUfW92vQnmbw8jTnCH7a38F,4VPCCUifPeBA1c7HWK358CHn2nyjm8pdTRk6Ps3KmnMQ,43.4413314979999,38.315306447000005,7074.7943581221325,162.85859834770181,2.8299177432488536,146.943429718427,48.223422927,224.05884662,40777.574446517436
BkMBnJpvHKtWhUvrgRrLesXfi9RUV3ELgdBaJcdH7hcY,5uerVwBnZQsuVhZ15igs7ZgmcqhHnYWbwoRtLyRqLvR,9YWiQh5d4jCtgMdzcGLv9bWgnLaFtzvDDh2nnhJdzhBX,0.0013059739999334852,0.001305856000044514,0.0013100519650617324,1.00312254694845,5.24020786024693e-07,0.9994801503841821,1117.771749621,1755.681639877,2876.030993837854
C2ypsDADXcCRz8HbV2zX1AXPSja7a1P3xZtRC91xGhJh,J9bYNuDpY1d1T86gLaw7DGk5D3CsUAf2tzUwxMvb6FTv,A2NGvvPrMGzsJ4jb52KEnSBVmsA7C34dV1GC7PerdgvG,0.1308034680000001,0.13015798699999992,18.63214720829321,142.44383190431307,0.007452858883317283,146.99261200432807,1.309424137,0.910011665,320.2843832550358
Lee1XZJfJ9Hm2K1qTyeCz1LXNc1YBZaKZszvNY4KCDw,9DgFSWkPDGijNKcLGbr3p5xoJbHsPgXUTr6QvGBJ5vGN,2hNHZg7XBhuhHVZ3JDEi4buq2fPQwuWBdQ9xkH7t1GQX,2040.0671716639117,1724.7276184009943,354170.1505267173,173.60710247489078,35.417015052671736,146.9489143855052,6946.63045639,54952.294095727,9281164.345857784
KwnjUuZhTMTSGAaavkLEmSyfobY16JNH4poL9oeeEvE,J63v6qEZmQpDqCD8bd4PXu2Pq5ZbyXrFcSa3Xt1HdAPQ,BnKQtTdLw9qPCDgZkWX3sURkBAoKCUYL1yahh6Mw7mRK,120.11109499999964,6010.263657000032,2.3131625955908883,0.019258525580762506,0.00023131625955908887,1.0,278707.453007,551.175646,5918.670259284473
DFWzVTzNBrQZLjoQ4yQwkj9HuoXmfkuZP9V5vbymZe23,DhgiEgiNdqZdRdo195UUHnoEJUtefK8buko8nU97XJUZ,2K2kkXsouBHtWVjtcgkyiXd8eP3oVBvq1bTJzcVdLLr2,3819.2011232640034,4089.998116607003,3608.971513172133,0.9449545590015428,1.4435886052688534,0.9994633931015607,54818.768390467,13488.035990905,65282.04332716734
HEDSDjj84KS7LKhZY7ejkCACTdPen62rKhCby1wXtgxc,EnnjMSFttpCTywBrYNt1J5QQeoSVkvzPipJDa8Y7kJow,6bjVT6JN2rSvpyn9PdfLYC8wJn4LWh49jpY47fnLDXZk,7.707843962998595,7.960483488990576,7.32967752623826,0.9509374555873578,0.0029318710104953042,0.9994633931015607,39123.719131412,9099.355326634,46298.68247373374
MNkYtBe2HtgL15osfaMmyqNW3vo4J399FXXCS4a39Wf,2mUxDu8NrhSKhQJMgKfYLxJqZzeEbmwhQdHeHMyohyuk,AZCBmDBcFsA2jHHhfFJBTsWCHx9XnnKmGfFsue3ZVW1t,0.001442550000092524,0.0014420399998016364,0.0014419506388899629,0.9995845127014504,5.767802555559851e-07,1.0,2195.17444406,1941.31751126,4135.579888220393
moFiBS1R4Lf3E3zzmBPnw3NF4RhWPkhREFviuzUaCAU,44ALBrpqi9PfZkBRTvbtRNtFJGsatfY4QydjtMbFWq8S,2ho8qEEie1UjVwWNBo9y4oAJZMyMLx8zPj9bxyUz6uWs,155.5507625330065,155.55201535599917,155.54730844947508,0.9999777944930955,0.062218923379790035,0.999463396098342,32316.691115047,34797.257099183,67094.5582617959
GokA1R67GqSavkd15zR62QD68Tuc5AEfvjssntVDEbM8,3YB7hfpBdbQEuZqLGWVDpRPmeZWCUsrrWyqGXegnQ6Cg,4DPCj6Z1DsG6HUtwSogBGqXEUxdEV5a8YVrrFtcnz7UW,18767.589804000014,18768.100839,18769.59815100217,1.000107011450225,1.8769598151002171,1.0,16173.550619,16413.120473,32588.401847107027
Sid7E679i9ABqptiAVhkmQ27YHN8vaYT4fppPwmxFsJ,GP7KB8o1bv527HG8kTzzzf4wJ5aEGHvcMQvVhLziUfmT,9gYxhAZ1M9wu5pxr8SBoa5NDm21gi3s9vMHaYTME77sa,416.25460600000224,913.39186600002,3.691802086972823,0.008869096062261479,0.0014767208347891295,0.019215165777113376,127847.223888,11857.865607,1361.7401633573586
BkwbeSfcX1h4thMDd7obGkHrPevf3QwgzJ4pCEqG18Lu,35yX27bmurdebhfAb8EPmjLETDiUaEUCn9zHaDPbakH2,2CxECn1ZJFoESyUnQysQU8rRgT3iJ5GRs2Mdd6gZjx5g,0.008675569999997634,0.005694010000000027,16.88708296024766,1946.5099077354303,0.006754833184099065,1264.2225031605562,0.9032719,22.63502722,30373.938473904735
AURHmCnNwiW4uA2Qj1XvEh4iKgRUZYXtiY7FKAapUV5Y,BKWm4TRnTeKwfWXRyuzjRHU7iZDkPuXBX5b5V5jSVfGJ,A5Ww74HVrkj9nPeC7pHKLfgeDMEhBCpW1efQdz3TGLEg,0.010009866000075363,0.008927046000167138,1.555607012676325,155.40737634895544,0.0006222428050705302,146.90666710934542,289.89782367,1809.489816734,310878.378330519
RajgMbScQbqqrdJfR2rxfHJiTiY5b6bJ2tTXiF4aPxy,725ZA3fhyBAKb5iopNRrcbSuQa3LXA1656Q3mBvYPxeg,GLA6i1dSZpUfk2f9Nj8uiG7xyDdAR2reff8oEiZH3617,28228.233549630022,28210.68169739,28243.574329462812,1.0005434551831172,11.297429731785124,1.0,78607.57462478,102796.22927123,181446.52358987211
BSC8REUo9LpiiWUuqMuLXs2D2yJsJfGd4HdiF3wCLxk5,AZjEH1zWVx1UJ6udMyRijGTzPteuLnaY18yNNmprJEsh,Caf8ypkSVR8xYnXNhjvfvdGCC7mrM3C11rz8Xi6NA6aK,784.2156216890007,783.4551481859999,784.7241833835955,1.0006484972761693,0.3138896733534382,0.9994633751208738,2988.903459772,3361.7039156,6350.741697167028
AyiATPCAx5HZstcZ1jdH9rENwFb3yd9zEhkgspvDrCs4,DvHVapj4g2Y1tJVSw2ubSPkPBsJPb8fW387ZWXwaKmZq,DKjqWWgrtDRPKrnMWtZ4UiJk4sGQVCQgFjSo7BvfngvK,0.0012121600000000177,0.0012231400000000114,2.3594814497606134,1946.5099077354303,0.0009437925799042454,0.0,0.80222744,0.31854276,1561.5436602172304
KZMu9QBEdL97EFgamLbN5DE1AoKBG4HdrKKJo4Vuon3,DD4ACBWyVqdaKWh7v5btsgqQCCMwbKnuL2xd9pv7Gyuw,GcYqiJ1MAuYbNTNYXm1F1gQYTfTgkErACAhNU5dpVj9T,25.512289960000203,26.22228425000094,24.681393083180318,0.9674315054382566,0.009872557233272126,1.0,2465.42453335,930.02112206,3315.1504899032016
C98Sspw7XqnMsgxea3SLQVdbMDL8pKUc3RE82UvX9eq2,CSqgQJurPCzGxb4Cgwx5R61hWQUiaoUHcShNc8r1cKEL,6S2CR5EnukPhC914XkAns8m5GixjMAoUuZMsS5ubHuWc,37.78762000000006,37.6680630000003,0.0,0.0,0.0,1.0,890.092042,1229.521216,1229.521216
BSCrK1Nx9PXU9mF7STWWBqeHLxmtJDr9h7jheEy4tAWX,FfSySSbVJPvEo5a5AvrP3nySoXpRE2QPn1uUMpJJ1x7v,HL7Vcj6838ZmvBHDbQxXfjBNckNi83WvPiZQoMQLFeRM,0.011452259999999881,0.011442457999999212,35.70262619712653,3117.517956903432,0.014281050478850612,3096.6463320224193,0.844793556,0.959434272,5604.687699911705
MATgk4zXLXtYkwBH678J1xZbRDZ45LicNzkRBHkxTuY,y8dALFo1bJrSzPYjMX14HJX448pXqYmrfXHD1K8MXih,GN7Yuet3UyiWS5YVkEHv6oQKi4HGBJc3XDPt9zQhAqZz,1260.216949999999,1256.5357789999998,1263.9569987593281,1.0029677816659497,0.5055827995037312,1.0,3455.098182,6616.525318,10081.877477038595
7oAd7xG4m3oC2qeWB1szghTebAZyyGPAFDJ4wwwbRSNi,D9yh4KAysxt9GLacVe4Wwh2XqghhcjTCSTV9HuM7TBJd,HDYfJLpZKaMFb84jM4mRytn7XLR8UFZUnQpSfhJJaNEy,9201.653948489053,246.44847391400003,9158.980098689954,0.9953623718042444,3.663592039475982,0.030778742685851585,1137.590467845,293194.468445372,10156.471847411236
MARpDPs5A7XiyCWPNH8GsMWPLxmwNn9SBmKvPa9LzgA,6YjT74rmcfCpw8LSjPNx5JTmZoYLGrTKnf9arfSgZ4SR,F8GSmi3vA8M8TsybLya1LQ4n1aFHCRbZ6k437PeTdXtg,40921.77323999991,43089.32058200025,37928.56469960146,0.9268553558800168,15.171425879840585,1.0,297755.604101,14272.939998,290249.3164023017
heyk4SZTeCUV6a65WiVA5bzic3KcxgVf1qxobfeV4tQ,9ZDpBKPqMABtGfq66FbVribaArMvtk63xxy91onZAtDt,DaTP4s6N7xxSPinbNZ3FB52EpRDRt87QShTuN3VPCW52,73.82660946600151,64.30908817399938,12308.149920918047,166.7169874107001,4.923259968367219,145.32199066131824,615.978726238,4484.516454381,754392.9758515633
AUSejoEUCh2DBs9mof6BNC8Pubs22w4cJa1ccV9h44R,4xkyD7AfGQDwsQMy9MosRRNGoVJ1zosNinesxg1TzHG7,Cbm5gsQe3nSiCsFrvepVzMCD9xLK3ri9g3ypS2hdmVJ7,67.14170099999865,67.1373910000002,67.14935602658568,1.0001140129974817,0.006714935602658568,1.0,14412.886146,14462.473256,28877.00265835187
ercAoEmXjQzEvAFbdjAo81KtMxRGn9AW1ju882upmPH,CMRhskR2Eg6V42RTSdRTXGdozyPbWB8U9dVpijPWb9T4,7TKLLgrWswt6ZJ1pXhVR3FyufHGjJFqiEXxvWJfDcgRm,26.431666709000012,25.954945369999905,3845.0204900630033,145.47022449983336,1.5380081960252017,142.07647323002195,326.083870213,860.653222668,169714.06835638185
ALLwa5WNZbvQsRKAqe1jdRGemdYQnW8E5k4msbRFcYtu,CGoM82Hbz7QVqTgvQatYtjvDWBvoUJp5qm21P8iMs9yb,3dxNNww8TivyN5FMy5dCNdi3Zcxv6e4kUfSPxfFwpdNq,3.030696001000007,3.025262120999999,9382.959755417978,3095.9752321981423,3.7531839021671916,3099.7467506904686,2.069670708,6.566696468,26762.74529022757
Lid8SLUxQ9RmF7XMqUA8c24RitTwzja8VSKngJxRcUa,4PgzyzLtds9bKZ2to9PMnKqJzKEUpjvNUaeN23phegax,AtymwxoVN9peZo7EXTcDz9jKVc4vRmisJKKrNfe3ewBa,133.60569272100201,113.34880628600126,22877.792880378387,171.23366837483667,2.287779288037839,145.5538820093655,981.590399547,7683.476713955,1286441.188000668
oKQqupM9E7SSLAFDLxr7mdsXP7znck9qRbVWc6Yyj7Q,CMR2J7CwfW98RpvnJmFBgRFTLAd3x8CJ1SWs8Bt3uunG,FmRb5jHfSNj1YWP3b45d9vvYuhwjp4om8bALmtqZpr1v,4.469651780000277,4.417295940000258,4.524430416380521,1.0122556832336145,0.0018097721665522087,1.0,2176.27630641,3719.65773069,5922.605790140182
BSCNHw8CmxbZ8hCWWzMf5FaG2ajPT6JxfznKUNuRVrn4,7n9kgNL633yGzCYksgnzHyjG73ZLBAwvEae5sbAekbzW,SscdxE99omdG9AiMVwmaEMQySQnCgeAh1sPj2Leutm2,300.1888543650002,298.9445412819996,301.33223179598474,1.0038088603702597,0.1205328927183939,0.9966626899327007,4333.42169123,7364.966070098,11690.313984064294
B2izdXFYb2sNwbWWHmh75T4aQFtfXsUxem9u2p61HGzf,4DYwgJtxwuJdAjkj5RJSNH4e7U329V5cNp7d3a1nLrZv,EXNW64GEf1ACC6xY9BtKRiunrs6GoJSXBdxWN2eTPmrF,5296.485290000019,5227.206677,5234.788077716056,0.988351291676303,0.5234788077716057,1.0,10045.683702,29826.873803,39755.538265643285
BUSDTd9WiT6uBHJRgNvFXBsA7JrifsAtWzKfioN7ERcy,DyBxrn7gSc1EwnpWhDyhzvMHPtxpmBqRqotapLcKcfTM,Cds99GeBgoCpqBsoRWu1C6fF9LiUMd4pXQQD24s9LPff,1046.37315397,1048.88424172,1044.948606882695,0.9986385859748981,0.1044948606882695,0.9973450674305001,133.16806817,130.04213345,262.68365164879395
JSoLLrxK5bYdHwTEWYaGgmeycBCNXKDiBCTw5hXGBg7,xG4wXczA7Dk4hccJ61CHKpDHW4NrNfQwgmWgkb9BuF2,BVR6WgfhsRr9Lob4QDnkEAiNGgAbv7ZieKcY9kSg3QYR,3.55314033599997,3.0393117639999865,604.876534815708,170.2371642029377,0.24195061392628328,145.80706983487931,17.164031368,163.766544413,26800.276004221745
SoNcU2iwHMw6dGzsYNQkYFkUjwN1UdAjrWVRnStrZu2,8ivTTid27jZnYNc4w3CTA1Z6QS2twsFb8WMwUabeDJgc,CyXm53PMvHCbeXJBykU46Rcbo28xk5srhMZFg7gv6EYB,12.95374510600001,12.814860487000018,2232.4282186271676,172.33843960640658,0.8929712874508671,170.3501188958655,21.883039023,27.014033962,8373.132696353572
