0,1,2,3,4,5,6,7,8,9,10,11
KEVpg4SYCVrqFxKijQH6hm4QxsRdoE51ud64bEEFUC9,2bPenuBYfqzD8p5dFjCcggwkHDsc2RQDnx9AoyYGUBjA,AE6n6iLuX8oYu61vt5hoDYkjswpnxFxrhSehxrnQTnbx,1536.3661391120004,1533.1762572979999,1540.4157967358394,1.0026358675323186,0.6161663186943357,0.9999397346321335,1708.465423418,5932.123822562,7644.73503289528
BUSD5rCfUDpCxKGMvYU2yThChxgHoioK74PTPociGnv2,CcFHbafgYDZ8yA8Me1PdtDiVb2eeaS61LbqyKKK5CsNZ,26R9s4nmF3CFDTkiePDwRmtscn8i7r2eygbSijditJ58,110.19125874000001,109.80739687,109.90337344745681,0.9973874035396721,0.010990337344745683,0.999956711873943,106.21652756,41.73572995,147.6729499245293
ALBpShJ9NLpE739pcHDF2LNVk5J4VYPvvKuV6jMPitZi,D6d156U1bPiJpDYRLextvDRccgFk7QzkQbJg42ceKEu5,GNcM8U5g8RwTZffwwm3kSQqUNPSwv5d2fbN9sLxPJqt2,4204.146827999997,4195.633354999998,4203.739065310662,0.9999030094080874,1.6814956261242648,0.9953358561779502,42686.187918,57722.757409,100135.57792600647
KEN5P7p3asnb23Sw6yAmJRGvijfAzso3RqfyLAQhznt,9zj4aX38Uxf3h6AUjS4EipWS8mwbEofasHAf3a1uKGds,CwQDG1MWunn9cLNwcZLd8YBacweSR7ARo32w4mLua1Yr,258396.0878889996,258424.48287900072,257729.59914560907,0.9974206701469999,25.772959914560907,1.0,1138410.95785,1106855.405992,2242330.0264734346
4vezWG46exH6pf9nry3n1VJ7hZHvjBJNgNeF4qEFCML5,,,2.049092,2.0373480000000015,0.0,0.0,0.0,1.0,1138410.95785,1106855.405992,1106855.405992
MATSnbbiTCv7Dc3trJrkrqjx7ckKdr6fwPoVwv9q3sD,631WX9JizSHJm4w6VanZeJAst9T8DeUUnPLesdGkCVtK,211maUSfpnXbPuW1iBu8b4dtJv5EbN1j7JJiEX5TZKEP,1887.095966000008,1885.8028869999944,1885.3350630511184,0.9990668715419798,0.7541340252204474,0.9976823838223805,20173.594755,25379.474007,45475.42432709545
YAkoNb6HKmSxQN9L8hiBE5tPJRsniSSMzND1boHmZxe,CfWX7o2TswwbxusJ4hCaPobu2jLCb1hfXuXJQjVq3jQF,EnTrdMMpdhugeH6Ban6gYZWXughWxKtVGfCwFn78ZmY3,6216490.786894009,6209295.555172014,6216490.786894009,1.0,621.649078689401,0.9976764116372967,224649.464466,1152694.192213,1374665.269868218
SoN9GaFpSXfpyR5dth3x7PHPVhvJMpQqqDJfCSmPv1t,9kZ9iS68ViMPtoeqtnhAKuF2iqVyfHPdZHoUNdwCELr,BBhm5fJLjw3HRzjtKB8uMEYjGhY6EDm9co3cqpjrSzB9,1.1802709639999984,1.157525963000001,180.4886915387209,152.92140283366416,0.07219547661548836,152.01426501862935,1.546267446,2.434888162,606.5951213473384
HEDSDjj84KS7LKhZY7ejkCACTdPen62rKhCby1wXtgxc,EnnjMSFttpCTywBrYNt1J5QQeoSVkvzPipJDa8Y7kJow,6bjVT6JN2rSvpyn9PdfLYC8wJn4LWh49jpY47fnLDXZk,13.871884152997154,14.325711745012086,13.439277167359855,0.9688141148768294,0.0053757108669439425,1.0,39128.019690889,9095.244379592,47003.02214330378
daob129AwBGn9Y5r91uLoWZeYiGzbPmksauMhFZKTze,6VW5GQNyj4LStgmxEHLr5zUfW92vQnmbw8jTnCH7a38F,4VPCCUifPeBA1c7HWK358CHn2nyjm8pdTRk6Ps3KmnMQ,31.123158350999944,27.83913360900003,4516.40132613742,145.11384979642705,1.806560530454968,130.06752845942557,48.344402095,223.99053725,36149.3378825183
CZgvH45CRmoaNJ7395Ao5CQZXkGznvqU7cErD6n7FaRg,4ZjU6MKvtqVQKCiowhvZ5yUsPxXX5SCzd5eFsPeXyey5,BsyWeshjDbCvjDojry3vKDCesmFRM37WtwcR4Kfgzqr,49.527998219999944,49.54818227999996,51.048744399562466,1.0307047777866465,0.02041949775982499,0.9999567218730773,213.4433165,591.75788462,811.7293205503393
Sid7E679i9ABqptiAVhkmQ27YHN8vaYT4fppPwmxFsJ,GP7KB8o1bv527HG8kTzzzf4wJ5aEGHvcMQvVhLziUfmT,9gYxhAZ1M9wu5pxr8SBoa5NDm21gi3s9vMHaYTME77sa,832.8472600000005,1778.2429360000096,6.993946070414313,0.008397633523359744,0.0027975784281657253,0.01801311715191002,127586.009655,11980.770354,1287.2315717472604
KwnjUuZhTMTSGAaavkLEmSyfobY16JNH4poL9oeeEvE,J63v6qEZmQpDqCD8bd4PXu2Pq5ZbyXrFcSa3Xt1HdAPQ,BnKQtTdLw9qPCDgZkWX3sURkBAoKCUYL1yahh6Mw7mRK,274.81643400002554,8381.659852000117,4.953463640209733,0.01802462672304842,0.0004953463640209733,1.0,279819.961023,530.518017,5574.168364097534
FrnkTEL6yZ5Aycq2TrEgu29dCrwKG4LPUZydfiwqspkc,DjvZuMZ46fxKBoBpGMPcRcos4xdTtHFxwMh69DpA2ZFY,9rvDPJLAng4uVVqnnSoEXgNDFhBZQTny9AoQioYDZbQX,41.362375978996766,34.51080507799966,6427.023518819604,155.38332522491348,2.5708094075278414,130.12415926780696,174.083005684,1442.311350698,214729.1482003198
TETFuZgEmET6d9vYmz9iMFCxK1jKdKYxf3oPz8hSzJK,Eu1Ze6Z84LWNkq7SNoAHBJbXx5t1P95EwyqYohrfCRFV,ASMbv7WNu3qe4pkhREmvyEdwFNDZQ6B6iSrjkj4u8bdC,69.55964655299994,69.259945005,69.90182865650452,1.0049192616762919,0.02796073146260181,0.9957094878169966,46.939552804,305.851918204,351.7101175699618
Cob4usZcpHEY7Qt4ZCwj6WVg9S44zvzYV2v9qYF65dTf,NhFM9UXE48PyNAyeyPYA3iXztqKVJwA4bTdLj4ysM8w,6TuFuynuBoeskxyR2cz4wxyidk8dpDK7kAWw3UkjQGx,165.93815699999723,1523.6833929999457,1.3853484640489795,0.008348582924474704,0.0005541393856195917,1.0,71887.966405,179.835449,779.9980978039941
JSoLLrxK5bYdHwTEWYaGgmeycBCNXKDiBCTw5hXGBg7,xG4wXczA7Dk4hccJ61CHKpDHW4NrNfQwgmWgkb9BuF2,BVR6WgfhsRr9Lob4QDnkEAiNGgAbv7ZieKcY9kSg3QYR,1.5717485399999305,1.3389873680000015,238.15378559183492,151.5215567445957,0.09526151423673397,129.33332936711122,17.098074588,163.850239418,23782.023860437195
BSCNHw8CmxbZ8hCWWzMf5FaG2ajPT6JxfznKUNuRVrn4,7n9kgNL633yGzCYksgnzHyjG73ZLBAwvEae5sbAekbzW,SscdxE99omdG9AiMVwmaEMQySQnCgeAh1sPj2Leutm2,23.84262433799995,23.826905914000235,23.86589403813912,1.0009759705898684,0.009546357615255649,1.0,5398.47464716,6298.868892319,11702.612291964779
RoBgmK8CvjdHvPrqdDyVw54VwjZv2TqJ493xnqJAQHx,ExiHJxM7qPAcy27NDHAF6G7vnW7muNHi2sVJpnaNynGQ,6rkPHSqZb7StM4HwS9EuVrmfkV7tRdc7dnsFhyB6cefE,0.026028000000000162,1.8573550000000978,0.0,0.0,0.0,0.9454870014447042,6407.024686,16.760609,15.846937945797121
C2ypsDADXcCRz8HbV2zX1AXPSja7a1P3xZtRC91xGhJh,J9bYNuDpY1d1T86gLaw7DGk5D3CsUAf2tzUwxMvb6FTv,A2NGvvPrMGzsJ4jb52KEnSBVmsA7C34dV1GC7PerdgvG,3.0428325249999997,3.0588916929999996,395.3723331201089,129.93562079796322,0.15814893324804358,130.3154702968039,1.71712158,1.046447101,359.4835045904215
WiiQFxXqp8P9Fs1rt9SVcDyA3KUdJmUsog6wnVQAwba,3S2jpqSYxho6wiz3cafhjXruVY8cg4HYa2v3BqBHYFSj,Dfe67M6TfrG74gKRtdqys4e6E9QirPD53BkF4FujFjuv,40340.478680855005,40295.885700169,40479.84195209051,1.0034546756952996,4.04798419520905,1.0,5032.20470253,21783.898760026,26833.4880978356
oKQqupM9E7SSLAFDLxr7mdsXP7znck9qRbVWc6Yyj7Q,CMR2J7CwfW98RpvnJmFBgRFTLAd3x8CJ1SWs8Bt3uunG,FmRb5jHfSNj1YWP3b45d9vvYuhwjp4om8bALmtqZpr1v,27.13479617999974,26.81356185999948,27.466625147735808,1.012228909535007,0.010986650059094324,0.9999688609696695,2176.16186239,3720.11096757,5922.769075860448
BUSDgu5JdqP1rndBvXvanbEufS94FNh1w5FJcAj6vawb,Bgzr8cWubt89JQFXndVjtdKmDbGzuPxNhvjH1EhWCwbo,Dxaf8xPBBQsasRKW5Aa4Sw2YrbfGofY9xZueyyF23FBW,10431.13210362,10401.226770910002,10446.993774267472,1.0015206087402504,4.178797509706989,0.9999688609696695,6458.56342562,8588.82881694,15056.945742753425
parEAJhzYzHW87y9VoZAQ22dzQ2MD2ekEtTReaxbMcz,3oyc6hpjYSJEquK6dSvG72NXyz3pqLZz5D8AC71pwgQb,Di2vordgFJVZ1aj1aBpvzXtLfZgJsuLLXawGtVFwX6Rz,18.99438286000003,22.21271875300002,2402.1340875735673,126.46549799899965,0.9608536350294269,148.57856373856947,1100.630607485,142.169901377,160315.19764198075
MARpDPs5A7XiyCWPNH8GsMWPLxmwNn9SBmKvPa9LzgA,6YjT74rmcfCpw8LSjPNx5JTmZoYLGrTKnf9arfSgZ4SR,F8GSmi3vA8M8TsybLya1LQ4n1aFHCRbZ6k437PeTdXtg,62566.276397999995,65380.956808999355,59082.589663661514,0.9443200565081121,23.633035865464606,1.0,297253.003784,14859.066615,295561.03994551295
SAMyS8Jr2HJrkFwYVKbpUwsNStnQmvz3f8Tup8bWUWF,6jPzm5TFfquvgm25sTyN3MMGBfufRaFHMxobDWv6hMFW,Cj9ECoDmxsHTDzCY5ZA6RWrPbg9uFzEC1Qc2kso2vJG6,2111.527064290014,38.17301568999983,2042.52604106553,0.9673217434001088,0.8170104164262121,0.018070360526641866,440.0674025,110958.57765964,2430.748268832942
B2izdXFYb2sNwbWWHmh75T4aQFtfXsUxem9u2p61HGzf,4DYwgJtxwuJdAjkj5RJSNH4e7U329V5cNp7d3a1nLrZv,EXNW64GEf1ACC6xY9BtKRiunrs6GoJSXBdxWN2eTPmrF,333936.3226439999,332132.72708399955,334091.34102623607,1.0004642153959438,33.40913410262361,1.0,12326.805681,27583.862912,39916.39088597993
HDSBGqAuMRr6X2AfmmbXQPpRgU6VEhtfNVVZ3wUTZXg,DCZ1d8kNLgDcdSd99y4udLgwq46mfDXNS9KXj96kQf5L,Fq8GGYQM5Pz3q7LmVMbrXHJgsxA5ev86kTq8yGgGuYsa,14.420920059999844,14.499278273000527,14.229938111109128,0.9867566044263394,0.005691975244443651,1.0,13572.673636604,12830.334198923,26223.259549565257
Lee1XZJfJ9Hm2K1qTyeCz1LXNc1YBZaKZszvNY4KCDw,9DgFSWkPDGijNKcLGbr3p5xoJbHsPgXUTr6QvGBJ5vGN,2hNHZg7XBhuhHVZ3JDEi4buq2fPQwuWBdQ9xkH7t1GQX,3414.5906382311514,2884.459051120981,525898.5878555615,154.01512028041842,52.589858785556146,130.39499512713903,6925.926674459,54969.357360472,8234426.514980871
GokA1R67GqSavkd15zR62QD68Tuc5AEfvjssntVDEbM8,3YB7hfpBdbQEuZqLGWVDpRPmeZWCUsrrWyqGXegnQ6Cg,4DPCj6Z1DsG6HUtwSogBGqXEUxdEV5a8YVrrFtcnz7UW,12078.441691999991,12077.078101,12077.837800109985,0.9999500024998749,1.2077837800109985,1.0,18526.033593,13869.053584,32394.160921633113
moFiBS1R4Lf3E3zzmBPnw3NF4RhWPkhREFviuzUaCAU,44ALBrpqi9PfZkBRTvbtRNtFJGsatfY4QydjtMbFWq8S,2ho8qEEie1UjVwWNBo9y4oAJZMyMLx8zPj9bxyUz6uWs,78.42706801699387,78.47138779399393,78.43462433026721,1.000096348282097,0.031373849732106884,1.0,34152.196592737,32962.32448072,67117.81157892855
ALLwa5WNZbvQsRKAqe1jdRGemdYQnW8E5k4msbRFcYtu,CGoM82Hbz7QVqTgvQatYtjvDWBvoUJp5qm21P8iMs9yb,3dxNNww8TivyN5FMy5dCNdi3Zcxv6e4kUfSPxfFwpdNq,1.6886492040000043,1.659830548,4951.760025804951,2932.379332590464,1.9807040103219802,2895.9401814596117,0.93849042,7.71431876,25092.21558111383
NorjjEePhxfwLF4vZjUHCrVVKLzQjEEGQFd3wgjEJmh,34M8pFVqgbV7aqHxvRT5tCv3vu2P1JJYT8J3VaxBK2oG,3AZWBSze3ucsY3xSeuLne3b2pauVqiaJ1SZSV5T9WGWw,0.004892999999810854,0.001010999999834894,0.0028992377130867748,0.592527634007531,1.15969508523471e-06,1.0,38124.370231,2258.548884,24848.291775001577
SUiuyGR7SFq3xeRVJonq84fjjeFwRSsFekcevJ53tzy,49GjCCPsv7fBqo6t3iKDrP1xxGDS8uWZbVCdfnp2gjMf,CEwj5xEbbJEjYqM8D6Ai8ByGz1mrh8mkAVsE5fzDSSSx,3.0340629999999207,4.090662999999901,0.025498073599189975,0.008403936767031746,1.019922943967599e-05,0.9430101260427334,646.415832,1.655741,6.993818306440338
SRMuKizofcAMicegrfSv7xs9q76tH1w8aAF7oX9FEWu,72Hj2KWntXPfbie4UgKeTPnm1XVkomDfCnRPKbvfTtPi,6aqJQ5wedqpUt4fFEDUqUmXhrdxCu4bEJsQdVPCADLko,15.301934999999503,0.7299170000005688,0.6626975812518022,0.043308090202436735,0.0002650790325007209,0.04308338107690013,16855.345241,5035.309501,946.9109701621595
SoNcU2iwHMw6dGzsYNQkYFkUjwN1UdAjrWVRnStrZu2,8ivTTid27jZnYNc4w3CTA1Z6QS2twsFb8WMwUabeDJgc,CyXm53PMvHCbeXJBykU46Rcbo28xk5srhMZFg7gv6EYB,1.3137901220000003,1.3035650909999994,202.06187126264248,153.80072347860326,0.080824748505057,152.265868387474,15.46235449,19.215103178,5303.92567879771
MATgk4zXLXtYkwBH678J1xZbRDZ45LicNzkRBHkxTuY,y8dALFo1bJrSzPYjMX14HJX448pXqYmrfXHD1K8MXih,GN7Yuet3UyiWS5YVkEHv6oQKi4HGBJc3XDPt9zQhAqZz,1785.081256,1785.4447820000005,1784.2658465081458,0.9995432087535997,0.7137063386032584,1.0,4534.477133,3525.991607,8058.397430538644
KysFMBBoavfov2tLpvefWW6tPFt6rAeZWDJVy1mMQae,B8ka2V21TH3x64dFV8ETcjuQcwmrciJ2qzy1mJUttRew,7fSf7EYxBANyxzk2s5pymFgshA91tFYQNKKs5UnLWcYS,1.8573549999855459,1.4158650000003945,0.0,0.0,0.0,0.018012810530721346,134372.77746,2709.757132,48.810341802986876
STK75uPSyBnEhGTTzb1nwmP3n427XoXmfRhXxxhyady,6TYyD5fUmDe6N65avW1Ny2RxzRNobw2RRgKwH9CTzSAU,54zDfk4cx2vGrEajPtodWpArNe5eUurytyxd4X3aZAxK,631.070066352002,710.3400735839898,82117.4618231334,130.12415926780696,8.211746182313343,146.6257815337438,1683.51916443,298.109500866,262777.0544298062
SEQV6QiTpvTzrceiaYg9Avnwf7oc8ZALpnQMz6TyT4A,3dFMPj4r9mMmPHF32mz1gNDX7f8ftidWof7S8YiYTs1j,Fc1ED3YPeQfXQosHbd8DTaBd2AV5gHQtwiSAL5C5pUhi,972.2077560019998,971.8607894899999,971.9847690881841,0.9997706386187118,0.38879390763527366,0.9983886007983115,1862.107649461,3764.414519337,5620.0290986641285
BUSDTd9WiT6uBHJRgNvFXBsA7JrifsAtWzKfioN7ERcy,DyBxrn7gSc1EwnpWhDyhzvMHPtxpmBqRqotapLcKcfTM,Cds99GeBgoCpqBsoRWu1C6fF9LiUMd4pXQQD24s9LPff,1700.7654079499991,1702.2417978499998,1694.718482931053,0.9964445860724349,0.1694718482931053,0.9978814975806363,151.16048161,112.68806731,263.0723808951567
YakoMPuYrybnr9R7VC7hVGxMz94fJvPFCdZ4gmW61Ed,,,0.29889199999999994,0.2988409999999999,0.0,0.0,0.0,0.9978814975806363,151.16048161,112.68806731,112.44933736677034
BSCuChvaSj9b5HUSqgDVRzcnr2sSn7cXaamt1jbKH6hn,GnKpRj5kBVPMJfiwZtEuD9GYApLzPdW5JFuZTcyX4BTc,3dmwD9okkomV9nDwyuh4UMhKdUR13QpuKxRo89ycZB5t,134.742778671,134.8199855559999,134.49549136021585,0.9981647453524174,0.053798196544086345,0.9977202093216998,1643.255319361,1468.067510398,3104.960151171657
heyk4SZTeCUV6a65WiVA5bzic3KcxgVf1qxobfeV4tQ,9ZDpBKPqMABtGfq66FbVribaArMvtk63xxy91onZAtDt,DaTP4s6N7xxSPinbNZ3FB52EpRDRt87QShTuN3VPCW52,174.99414502300624,151.83400004200018,25993.087244781116,148.53689671368056,10.397234897912448,129.45310593600743,631.450675362,4466.911631213,672049.3083482294
DFWzVTzNBrQZLjoQ4yQwkj9HuoXmfkuZP9V5vbymZe23,DhgiEgiNdqZdRdo195UUHnoEJUtefK8buko8nU97XJUZ,2K2kkXsouBHtWVjtcgkyiXd8eP3oVBvq1bTJzcVdLLr2,28.338250853004865,28.77034785601063,27.88230125572847,0.9839104537664841,0.01115292050229139,1.0,45446.639761195,22568.950498443,67284.3744480423
C98Sspw7XqnMsgxea3SLQVdbMDL8pKUc3RE82UvX9eq2,CSqgQJurPCzGxb4Cgwx5R61hWQUiaoUHcShNc8r1cKEL,6S2CR5EnukPhC914XkAns8m5GixjMAoUuZMsS5ubHuWc,54.90468099999987,54.73240600000008,0.0,0.0,0.0,1.0,901.235074,1218.471283,1218.471283
BSC8REUo9LpiiWUuqMuLXs2D2yJsJfGd4HdiF3wCLxk5,AZjEH1zWVx1UJ6udMyRijGTzPteuLnaY18yNNmprJEsh,Caf8ypkSVR8xYnXNhjvfvdGCC7mrM3C11rz8Xi6NA6aK,191.63608231200033,191.38118162299997,191.9125419242693,1.0014426281780218,0.07676501676970773,1.0,2870.964237955,3482.32230116,6357.428273022766
AUSejoEUCh2DBs9mof6BNC8Pubs22w4cJa1ccV9h44R,4xkyD7AfGQDwsQMy9MosRRNGoVJ1zosNinesxg1TzHG7,Cbm5gsQe3nSiCsFrvepVzMCD9xLK3ri9g3ypS2hdmVJ7,2434.273434000006,2432.212299000006,2437.3810948959986,1.001276627700318,0.2437381094895999,1.0,13932.660567,14944.046426,28894.49381341896
KEnkcdADoLR5jS2CLLLesy8TtFsyWL37BhXNfDMzWzP,3qsjFRuw1qeLMPo4DLwaQevenGAGBj9dA3Q6rb8ax2YR,77iEv8zPQAEyCcEbvBRSB6AFcUdfkhiqnAKtPxk76rNN,0.011228999999999989,1.3396080000000126,9.411224839692988e-05,0.008381178056543767,3.764489935877195e-08,0.9975500171578603,119.934486,0.292099,1.2965756447478496
AURHmCnNwiW4uA2Qj1XvEh4iKgRUZYXtiY7FKAapUV5Y,BKWm4TRnTeKwfWXRyuzjRHU7iZDkPuXBX5b5V5jSVfGJ,A5Ww74HVrkj9nPeC7pHKLfgeDMEhBCpW1efQdz3TGLEg,0.0337789839998095,0.030142586000067695,4.9151741723269256,145.50982860688308,0.00196606966893077,129.66853739465566,289.912162991,1809.474013745,276816.9179638224
SQDY9uoDoCbNq7F3HAHYYQZbrUzpKxDtdWLvYcqBLak,GiehZ4X2uQjhEKuxSm3ACmEFrabxh3RTvjbLfLjw1xGX,rxDQYV77NKRKYxCjq4cECX3QQsiSyLv1T1FT2X3zNA2,1.2307515449999755,1.179312675999995,1.2334077737458737,1.0021582168689442,0.0004933631094983495,1.0,169.881517119,236.725833059,406.97399133396806
Dg3mAgpwDfVNnbGWcsxL8sUcSkEbjSJQhKAWNigG44Ju,EATxwd8YA2wV93VJcKMmH2Kn2Y9XfJVUB9hHVu3udwEy,GiGvrRi7NMHfHKanG2B8xyCEqe8jaafWins8bhrLVEaa,0.009290833000000054,0.009218586999999945,1.438947850173898,154.87823860076804,0.0005755791400695591,153.27070487971008,0.19596582,0.26364681,70.76017343554216
ACUSESXyNnwRLAg1dpSGMLSzUDdLjUMybY8rkXiAKhCP,AhFPQdu8GKBsxuhiH46UmCu1YpaLgNpoP325HnYtsgas,A8wxWpT3aFEr2XqZp1kDmbxbFfcBE95UUmdsNTDBJYbT,0.0,0.004046241999731137,0.0,1.0,0.0,0.9878811238584163,1044.612489208,1841.328673742,2863.626328816974
Lid8SLUxQ9RmF7XMqUA8c24RitTwzja8VSKngJxRcUa,4PgzyzLtds9bKZ2to9PMnKqJzKEUpjvNUaeN23phegax,AtymwxoVN9peZo7EXTcDz9jKVc4vRmisJKKrNfe3ewBa,324.88087633301257,275.34974232200057,49542.74740586935,152.49511748757584,4.954274740586935,128.87370183909218,976.150885031,7665.73361194,1136769.7117814661
ercAoEmXjQzEvAFbdjAo81KtMxRGn9AW1ju882upmPH,CMRhskR2Eg6V42RTSdRTXGdozyPbWB8U9dVpijPWb9T4,7TKLLgrWswt6ZJ1pXhVR3FyufHGjJFqiEXxvWJfDcgRm,32.09674764900001,31.582533738999985,4121.302829477621,128.4025059033052,1.6485211317910486,126.37793016709439,314.025715677,799.661930375,141381.3084052213
wrmcMSHFi3sWpAEy4rGDvQb3ezh3PhXoV2xNjgLBkKU,8p4mGnARWPBu6P2Gcw4adodLkNDorrXniZMhaY7eJXUn,AyY89zccbsgp9LKFgH4CFZMJmpSgqmPSdTfukhP227rc,0.00861505000000036,0.04303522000000441,2.3831396957124094,276.62517289073304,0.0009532558782849638,2899.643343868704,27.11702465,0.0923749,7769.105896014057
RajgMbScQbqqrdJfR2rxfHJiTiY5b6bJ2tTXiF4aPxy,725ZA3fhyBAKb5iopNRrcbSuQa3LXA1656Q3mBvYPxeg,GLA6i1dSZpUfk2f9Nj8uiG7xyDdAR2reff8oEiZH3617,2639.20651660001,2636.952905900005,2641.730796044863,1.0009564539299882,1.0566923184179453,0.9997371990824772,66613.78903202,114812.26956055,181459.5988430977
vEnkoSUkpnbRrPgBz9DfcVxNz67zjwMYBZraAvDDNSf,DtfyjjsZ5yCjWKLKHvwsfXs5QVsmm1QkK6Sh9JZHoq1g,e5wrKCRv4GhHvEf1VD5Pq2KGaZDXP77nTL612Jyrxwy,2581.414664000001,2580.828984999999,2516.177724146066,0.9747282214036671,0.2516177724146066,0.9981633793819372,758.772648,1187.641062,1925.0569295734635
KZMu9QBEdL97EFgamLbN5DE1AoKBG4HdrKKJo4Vuon3,DD4ACBWyVqdaKWh7v5btsgqQCCMwbKnuL2xd9pv7Gyuw,GcYqiJ1MAuYbNTNYXm1F1gQYTfTgkErACAhNU5dpVj9T,39.07597181000017,40.352142140000296,37.7128229674309,0.9651154205659341,0.015085129186972359,0.9997262649513937,2390.20334084,807.07478157,3113.675959448335
